300094 国联水产 日线 前复权
      日期	    开盘	    最高	    最低	    收盘	    成交量	    成交额
2010/07/08;5.95;6.07;5.78;5.87;24737851;355641088.00
2010/07/09;5.75;5.85;5.46;5.80;14680873;202640752.00
2010/07/12;5.73;5.77;5.68;5.71;6755444;94274392.00
2010/07/13;5.63;5.90;5.63;5.81;10040911;141594080.00
2010/07/14;5.77;5.91;5.68;5.71;9183415;129749848.00
2010/07/15;5.64;5.64;5.41;5.42;8681650;116751144.00
2010/07/16;5.34;5.41;5.24;5.37;5723633;74181528.00
2010/07/19;5.29;5.42;5.29;5.38;3459842;45159000.00
2010/07/20;5.37;5.47;5.34;5.46;4907504;64915468.00
2010/07/21;5.44;5.52;5.42;5.45;4504499;60120720.00
2010/07/22;5.45;5.54;5.42;5.51;3578078;47841668.00
2010/07/23;5.52;5.54;5.44;5.47;3033150;40495076.00
2010/07/26;5.49;5.57;5.45;5.56;3551725;47809556.00
2010/07/27;5.54;5.55;5.47;5.48;2618598;35090724.00
2010/07/28;5.48;5.56;5.45;5.55;4639931;62418244.00
2010/07/29;5.55;5.61;5.51;5.56;4650486;62955044.00
2010/07/30;5.56;5.59;5.51;5.55;2987604;40462296.00
2010/08/02;5.56;5.78;5.55;5.72;7937170;109852544.00
2010/08/03;5.68;5.74;5.63;5.64;5328118;73769864.00
2010/08/04;5.62;5.79;5.58;5.76;7412408;102890504.00
2010/08/05;5.82;5.99;5.76;5.88;11732175;168639808.00
2010/08/06;5.88;6.35;5.83;6.24;15884716;236014864.00
2010/08/09;6.30;6.36;6.16;6.20;12710653;193441840.00
2010/08/10;6.16;6.34;6.05;6.07;9659531;145184832.00
2010/08/11;6.10;6.18;5.91;6.04;7197155;105437240.00
2010/08/12;5.95;6.14;5.92;6.04;6424545;94710824.00
2010/08/13;6.03;6.12;5.96;6.06;4285850;63049228.00
2010/08/17;6.17;6.21;5.99;6.01;7014463;104047072.00
2010/08/18;6.01;6.04;5.80;5.87;6004069;86267536.00
2010/08/19;5.90;6.19;5.86;6.14;10516545;156345648.00
2010/08/20;6.10;6.25;6.04;6.07;8020279;120014312.00
2010/08/23;6.08;6.22;6.04;6.06;4026686;60124656.00
2010/08/24;6.09;6.22;5.94;6.18;6059902;90459568.00
2010/08/25;6.18;6.55;6.14;6.29;9446523;146346144.00
2010/08/26;6.35;6.73;6.33;6.59;11587082;184823296.00
2010/08/27;6.62;7.01;6.49;6.90;10087074;167252368.00
2010/08/30;6.94;7.12;6.82;6.96;9812133;166240576.00
2010/08/31;6.92;7.16;6.87;6.97;5531315;93998008.00
2010/09/01;7.02;7.09;6.78;6.80;7713601;129680624.00
2010/09/02;6.95;7.49;6.90;7.49;10132823;178241568.00
2010/09/03;7.61;7.69;7.04;7.16;15103635;267613088.00
2010/09/06;7.07;7.09;6.49;6.64;10002712;164475424.00
2010/09/07;6.63;6.97;6.59;6.91;6335917;105570160.00
2010/09/08;6.83;7.21;6.78;7.14;6247793;107337352.00
2010/09/09;7.11;7.18;6.82;6.95;5229886;88846864.00
2010/09/10;6.91;7.14;6.82;7.10;4719645;80715232.00
2010/09/13;6.99;7.39;6.91;7.19;4791537;83684776.00
2010/09/14;7.19;7.26;7.10;7.22;4138241;72369720.00
2010/09/15;7.21;7.31;6.84;6.96;4423136;75982504.00
2010/09/16;6.92;7.12;6.84;6.92;4140477;69993480.00
2010/09/17;6.99;7.02;6.61;6.74;2800425;46051404.00
2010/09/20;6.74;6.74;6.53;6.53;1660126;26742680.00
2010/09/21;6.57;6.60;6.17;6.17;2353226;36411296.00
2010/09/27;6.25;6.44;6.23;6.35;1936401;29954642.00
2010/09/28;6.35;6.35;6.21;6.27;1479750;22539582.00
2010/09/29;6.23;6.23;6.03;6.13;2562920;38263284.00
2010/09/30;6.09;6.27;6.06;6.27;1409785;21244830.00
2010/10/08;6.16;6.39;6.10;6.39;8861306;135307712.00
2010/10/11;6.42;6.77;6.29;6.66;9274257;147937696.00
2010/10/12;6.58;6.70;6.39;6.47;6595457;104118256.00
2010/10/13;6.48;6.48;6.21;6.37;3731102;57253184.00
2010/10/14;6.38;6.39;6.16;6.20;3889367;59080344.00
2010/10/15;6.21;6.31;6.00;6.05;3228279;48356644.00
2010/10/18;6.01;6.04;5.56;5.65;5907454;81771056.00
2010/10/19;5.61;6.02;5.61;5.96;5750356;82413344.00
2010/10/20;5.85;6.04;5.79;5.93;5232447;75552248.00
2010/10/21;5.92;5.92;5.68;5.82;3193837;44907396.00
2010/10/22;5.82;6.16;5.80;6.14;7260991;106859016.00
2010/10/25;6.15;6.26;6.04;6.20;7783548;116804784.00
2010/10/26;6.17;6.18;6.04;6.16;5424562;80644832.00
2010/10/27;6.13;6.40;6.08;6.32;7222674;109290736.00
2010/10/28;6.32;6.53;6.26;6.43;6278011;97985488.00
2010/10/29;6.42;6.73;6.37;6.73;9242921;147325728.00
2010/11/01;6.73;7.06;6.66;7.00;9258356;154364096.00
2010/11/02;7.08;7.08;6.66;6.66;8426688;139738608.00
2010/11/03;6.57;7.00;6.39;6.72;6618451;108103992.00
2010/11/04;6.71;6.84;6.60;6.68;3937806;64140944.00
2010/11/05;6.72;6.80;6.60;6.68;3221766;52337388.00
2010/11/08;6.75;6.89;6.74;6.81;4702457;78041088.00
2010/11/10;6.88;6.94;6.62;6.62;6655612;109619600.00
2010/11/11;6.65;6.82;6.56;6.66;8614377;139563984.00
2010/11/12;6.59;6.64;6.03;6.08;5174838;80049664.00
2010/11/15;6.18;6.39;6.13;6.36;3810440;58168260.00
2010/11/16;6.41;6.56;6.19;6.25;3770813;58719824.00
2010/11/17;6.26;6.36;6.17;6.19;2255349;34305180.00
2010/11/18;6.22;6.32;6.09;6.22;1810766;27296236.00
2010/11/19;6.26;6.47;6.21;6.39;3378468;51966820.00
2010/11/22;6.32;6.51;6.29;6.35;6084424;95023112.00
2010/11/23;6.33;6.36;6.11;6.24;2899668;43887256.00
2010/11/24;6.20;6.34;6.16;6.34;3667084;56099584.00
2010/11/25;6.39;6.43;6.20;6.32;4503642;69093464.00
2010/11/26;6.32;6.45;6.29;6.43;3716991;57798796.00
2010/11/29;6.42;6.65;6.37;6.57;5360189;85134192.00
2010/11/30;6.56;6.61;6.16;6.29;4417370;68453816.00
2010/12/01;6.29;6.34;6.22;6.28;1966929;30044814.00
2010/12/02;6.35;6.37;6.27;6.32;2093879;32199338.00
2010/12/03;6.34;6.34;6.23;6.30;1477116;22556452.00
2010/12/06;6.29;6.30;6.05;6.09;3637559;54324872.00
2010/12/07;6.11;6.18;6.01;6.16;1127570;16748817.00
2010/12/08;6.14;6.19;6.09;6.09;1004528;15023693.00
2010/12/09;6.09;6.10;5.93;5.94;1676116;24455012.00
2010/12/10;5.96;6.08;5.90;6.06;1233501;18029904.00
2010/12/13;6.11;6.20;6.05;6.18;2016715;30259586.00
2010/12/14;6.20;6.29;6.14;6.27;1720795;26100054.00
2010/12/15;6.24;6.38;6.20;6.26;2388612;36725848.00
2010/12/16;6.28;6.32;6.24;6.31;1827471;28010986.00
2010/12/17;6.31;6.36;6.27;6.34;2152010;33143786.00
2010/12/20;6.44;6.55;6.27;6.51;5677323;89178416.00
2010/12/21;6.49;6.51;6.32;6.46;3128176;49011864.00
2010/12/22;6.38;6.43;6.32;6.33;1708036;26427462.00
2010/12/23;6.36;6.36;6.18;6.19;1578740;24062336.00
2010/12/24;6.19;6.20;6.07;6.12;1131550;16882600.00
2010/12/27;6.16;6.20;5.93;6.03;1266927;18803156.00
2010/12/28;6.04;6.10;5.96;6.04;921286;13511322.00
2010/12/29;6.06;6.14;6.04;6.11;912953;13556359.00
2010/12/30;6.19;6.20;6.10;6.13;935710;14024120.00
2010/12/31;6.18;6.22;6.16;6.19;969073;14603591.00
2011/01/04;6.20;6.27;6.16;6.24;1341082;20342686.00
2011/01/05;6.23;6.23;6.14;6.20;1028642;15473320.00
2011/01/06;6.22;6.22;6.11;6.15;1017648;15235150.00
2011/01/07;6.17;6.22;6.13;6.16;902200;13568643.00
2011/01/10;6.18;6.18;6.07;6.08;1254793;18683362.00
2011/01/11;6.06;6.07;5.97;6.05;1244384;18235056.00
2011/01/12;6.08;6.09;5.99;6.08;643421;9478451.00
2011/01/13;6.14;6.14;6.05;6.06;656717;9730414.00
2011/01/14;6.06;6.06;5.89;5.90;1441736;20881608.00
2011/01/17;5.90;5.93;5.73;5.74;1039721;14689249.00
2011/01/18;5.82;5.82;5.70;5.75;515482;7206908.00
2011/01/19;5.75;5.84;5.73;5.84;452046;6376211.00
2011/01/20;5.83;5.83;5.60;5.64;682121;9537874.00
2011/01/21;5.64;5.68;5.53;5.62;685311;9378027.00
2011/01/24;5.66;5.66;5.46;5.49;684489;9254160.00
2011/01/25;5.51;5.53;5.41;5.44;611234;8099608.00
2011/01/26;5.48;5.54;5.42;5.51;499186;6674020.00
2011/01/27;5.52;5.66;5.48;5.63;839932;11424823.00
2011/01/28;5.64;5.77;5.59;5.76;610117;8458500.00
2011/01/31;5.73;5.79;5.68;5.78;604627;8445949.00
2011/02/01;5.81;5.81;5.72;5.75;433616;6065196.00
2011/02/09;5.77;5.89;5.70;5.77;542440;7665701.00
2011/02/10;5.78;6.35;5.73;6.05;5197659;77642432.00
2011/02/11;6.05;6.13;5.99;6.06;4038177;59548116.00
2011/02/14;6.06;6.11;6.01;6.05;3005473;44170640.00
2011/02/15;6.05;6.08;5.95;5.96;2316456;34023192.00
2011/02/16;5.99;6.08;5.94;6.04;7171548;105439048.00
2011/02/17;6.05;6.06;6.00;6.01;2897350;42556172.00
2011/02/18;6.05;6.10;5.99;6.06;10083016;148697840.00
2011/02/21;6.05;6.17;6.02;6.11;9960979;147564848.00
2011/02/22;6.09;6.13;5.76;5.84;5756091;83710712.00
2011/02/23;5.87;5.92;5.76;5.81;3015033;42746796.00
2011/02/24;5.79;5.85;5.76;5.81;2408853;34011200.00
2011/02/25;5.81;5.86;5.77;5.85;2306186;32701514.00
2011/02/28;5.85;5.88;5.80;5.88;2289840;32633974.00
2011/03/01;5.88;5.91;5.81;5.84;2973474;42351908.00
2011/03/02;5.82;5.83;5.75;5.78;2551765;35919108.00
2011/03/03;5.78;5.80;5.63;5.63;3558921;49563156.00
2011/03/04;5.63;5.70;5.62;5.70;1535835;21166434.00
2011/03/07;5.64;5.75;5.64;5.73;2947574;41018296.00
2011/03/08;5.74;5.77;5.71;5.75;2470388;34550700.00
2011/03/09;5.75;5.77;5.71;5.73;2398619;33500116.00
2011/03/11;5.67;5.73;5.66;5.66;2258595;31312680.00
2011/03/14;5.69;5.76;5.61;5.75;3092664;42823116.00
2011/03/15;5.72;5.76;5.60;5.68;2435628;33625676.00
2011/03/16;5.70;5.75;5.66;5.73;2127768;29616324.00
2011/03/17;5.70;5.86;5.66;5.80;5177527;72948408.00
2011/03/18;5.82;5.83;5.74;5.77;2596029;36539560.00
2011/03/21;5.70;5.77;5.65;5.66;2130364;29544126.00
2011/03/22;5.70;5.70;5.58;5.65;1997928;27422074.00
2011/03/23;5.67;5.71;5.60;5.70;1977269;27299636.00
2011/03/24;5.71;5.75;5.66;5.70;1641149;22786372.00
2011/03/25;5.70;5.83;5.69;5.78;2387882;33597792.00
2011/03/28;5.79;5.95;5.79;5.88;7530655;108082632.00
2011/03/29;5.89;5.90;5.80;5.85;6716653;95893128.00
2011/03/30;5.83;5.93;5.83;5.85;10663509;152827168.00
2011/03/31;5.83;5.92;5.82;5.83;9360249;133685008.00
2011/04/01;5.83;5.93;5.81;5.92;10091989;144460912.00
2011/04/06;5.99;6.19;5.85;5.87;9700569;141220032.00
2011/04/07;5.75;5.75;5.45;5.54;8900106;120806840.00
2011/04/08;5.51;5.56;5.48;5.55;3759050;50605460.00
2011/04/11;5.55;5.56;5.44;5.46;3888054;51945304.00
2011/04/12;5.42;5.49;5.42;5.47;2244945;29888842.00
2011/04/13;5.45;5.51;5.43;5.50;2009189;26815356.00
2011/04/14;5.52;5.72;5.50;5.60;5519788;75637496.00
2011/04/15;5.60;5.60;5.47;5.51;3715504;50011960.00
2011/04/18;5.50;5.52;5.42;5.46;3169074;42127064.00
2011/04/19;5.45;5.53;5.42;5.48;2626920;35045356.00
2011/04/20;5.49;5.51;5.46;5.49;2425977;32417672.00
2011/04/21;5.50;5.57;5.50;5.56;2695417;36362704.00
2011/04/22;5.56;5.56;5.45;5.49;2590683;34687032.00
2011/04/25;5.49;5.50;5.30;5.31;2607351;34195040.00
2011/04/26;5.30;5.36;5.25;5.26;1366559;17621198.00
2011/04/27;5.23;5.23;4.73;4.77;5358899;63799072.00
2011/04/28;4.72;4.76;4.43;4.47;3929215;43644320.00
2011/04/29;4.45;4.53;4.42;4.51;2164648;23698964.00
2011/05/03;4.53;4.54;4.43;4.53;1584345;17358318.00
2011/05/04;4.51;4.51;4.37;4.38;1457307;15791343.00
2011/05/05;4.38;4.51;4.35;4.45;1352771;14682375.00
2011/05/06;4.43;4.51;4.38;4.47;1036763;11278684.00
2011/05/09;4.47;4.55;4.47;4.49;807150;8879212.00
2011/05/10;4.49;4.51;4.44;4.51;1047440;11428633.00
2011/05/11;4.51;4.54;4.47;4.51;1158549;12772169.00
2011/05/12;4.49;4.51;4.39;4.40;1157324;12538140.00
2011/05/13;4.39;4.42;4.35;4.40;1223885;13098762.00
2011/05/17;4.41;4.44;4.36;4.40;1075464;11551527.00
2011/05/18;4.41;4.44;4.38;4.44;1376371;14822441.00
2011/05/19;4.44;4.49;4.43;4.44;1500386;16358299.00
2011/05/20;4.42;4.44;4.37;4.38;973428;10459186.00
2011/05/23;4.38;4.38;4.10;4.10;1900748;19478340.00
2011/05/24;4.09;4.30;4.04;4.24;2340462;23869818.00
2011/05/25;4.22;4.32;4.17;4.18;1374273;14247345.00
2011/05/26;4.21;4.32;4.21;4.22;1738810;18099732.00
2011/05/27;4.22;4.25;4.11;4.14;896743;9143248.00
2011/05/30;4.16;4.36;4.14;4.33;3128903;32895364.00
2011/05/31;4.35;4.37;4.26;4.37;1934751;20382884.00
2011/06/01;4.37;4.50;4.32;4.46;2413128;26117240.00
2011/06/02;4.38;4.43;4.29;4.35;1933112;20550848.00
2011/06/03;4.35;4.49;4.35;4.42;1509689;16304447.00
2011/06/07;4.40;4.40;4.30;4.37;1519298;16157770.00
2011/06/08;4.35;4.35;4.27;4.30;1473991;15476493.00
2011/06/09;4.31;4.31;4.17;4.18;1264830;13113927.00
2011/06/10;4.19;4.22;4.08;4.16;1195387;12064653.00
2011/06/13;4.17;4.20;4.12;4.17;565944;5226757.00
2011/06/14;4.17;4.23;4.10;4.19;939002;8723980.00
2011/06/15;4.17;4.23;4.09;4.12;968311;8963826.00
2011/06/16;4.08;4.09;3.98;3.98;1431619;12806023.00
2011/06/17;3.98;4.02;3.94;3.94;721817;6373029.50
2011/06/20;3.92;3.95;3.76;3.81;1517964;12898445.00
2011/06/21;3.82;3.84;3.79;3.84;770130;6534502.00
2011/06/22;3.82;3.87;3.81;3.83;755007;6442889.00
2011/06/23;3.82;3.95;3.82;3.93;1309960;11357155.00
2011/06/24;3.92;4.05;3.89;4.02;1923504;17056332.00
2011/06/27;4.02;4.11;4.02;4.09;1754024;15868647.00
2011/06/28;4.09;4.09;3.98;4.03;1799792;16093010.00
2011/06/29;4.04;4.07;3.99;4.01;1160831;10390492.00
2011/06/30;4.00;4.06;3.97;4.02;1321801;11810497.00
2011/07/01;4.02;4.07;4.02;4.03;1321184;11869471.00
2011/07/04;4.05;4.11;4.03;4.11;2037304;18456858.00
2011/07/05;4.10;4.24;4.07;4.18;3123248;29048094.00
2011/07/06;4.16;4.21;4.11;4.17;2160232;19900066.00
2011/07/07;4.17;4.23;4.13;4.22;2607862;24265630.00
2011/07/08;4.25;4.34;4.20;4.27;3754765;35627612.00
2011/07/11;4.29;4.41;4.27;4.33;3072651;29724516.00
2011/07/12;4.28;4.36;4.20;4.20;2253329;21296578.00
2011/07/13;4.20;4.36;4.19;4.32;2283825;21811228.00
2011/07/14;4.32;4.46;4.29;4.42;3006980;29180124.00
2011/07/15;4.41;4.56;4.37;4.50;3656948;36472752.00
2011/07/18;4.59;4.68;4.52;4.57;5529722;56375976.00
2011/07/19;4.51;4.61;4.48;4.56;4151372;41851928.00
2011/07/20;4.58;4.75;4.56;4.72;5850712;60731296.00
2011/07/21;4.77;4.87;4.54;4.55;5559267;57846544.00
2011/07/22;4.51;4.63;4.51;4.62;2985287;30358356.00
2011/07/25;4.60;4.61;4.32;4.35;2942853;28998794.00
2011/07/26;4.34;4.42;4.31;4.40;1734873;16752049.00
2011/07/27;4.37;4.46;4.29;4.42;2120010;20714878.00
2011/07/28;4.37;4.42;4.32;4.38;1560853;15116296.00
2011/07/29;4.38;4.45;4.35;4.39;2012548;19689006.00
2011/08/01;4.43;4.59;4.42;4.59;4000407;40202116.00
2011/08/02;4.54;4.63;4.45;4.61;3502224;35183156.00
2011/08/03;4.57;4.70;4.53;4.66;4123946;42574052.00
2011/08/04;4.67;4.68;4.56;4.59;2473982;25230390.00
2011/08/05;4.44;4.51;4.39;4.41;2755099;27215660.00
2011/08/08;4.36;4.37;4.01;4.06;3086299;28528694.00
2011/08/09;3.97;4.05;3.84;4.01;2644588;23234058.00
2011/08/10;4.09;4.21;4.05;4.11;2593662;23794766.00
2011/08/11;4.01;4.21;3.97;4.19;2296205;21158538.00
2011/08/12;4.21;4.27;4.18;4.19;2186823;20505276.00
2011/08/15;4.19;4.28;4.19;4.27;1561013;14733905.00
2011/08/16;4.23;4.31;4.19;4.21;1769014;16636785.00
2011/08/17;4.22;4.25;4.13;4.18;1472757;13739025.00
2011/08/18;4.18;4.19;4.04;4.05;1480019;13503930.00
2011/08/19;3.96;4.14;3.92;4.13;2043505;18357952.00
2011/08/22;4.10;4.17;4.10;4.15;1172475;10757792.00
2011/08/23;4.14;4.25;4.12;4.24;1585897;14740493.00
2011/08/24;4.25;4.32;4.22;4.22;1614151;15298954.00
2011/08/25;4.26;4.34;4.20;4.30;2091373;19917518.00
2011/08/26;4.32;4.36;4.25;4.33;2612776;24992310.00
2011/08/29;4.34;4.55;4.29;4.45;5033471;49913196.00
2011/08/30;4.42;4.56;4.36;4.36;2509376;24813304.00
2011/08/31;4.36;4.41;4.27;4.32;1290735;12417082.00
2011/09/01;4.32;4.55;4.29;4.50;4470282;44377156.00
2011/09/02;4.46;4.55;4.36;4.38;2192655;21552350.00
2011/09/05;4.31;4.34;4.18;4.19;2015662;18963012.00
2011/09/06;4.12;4.24;4.12;4.18;1191213;11074181.00
2011/09/07;4.21;4.42;4.19;4.40;1711244;16370490.00
2011/09/08;4.43;4.49;4.35;4.35;1661805;16280039.00
2011/09/09;4.37;4.48;4.34;4.41;1890456;18554050.00
2011/09/13;4.34;4.38;4.22;4.37;1625711;15483242.00
2011/09/15;4.37;4.52;4.36;4.48;2906273;28748362.00
2011/09/16;4.47;4.51;4.42;4.45;1367902;13533549.00
2011/09/19;4.46;4.46;4.32;4.32;1491643;14513858.00
2011/09/20;4.28;4.37;4.22;4.37;2402321;22929532.00
2011/09/21;4.37;4.57;4.33;4.52;4030910;40072072.00
2011/09/22;4.49;4.61;4.37;4.52;4368240;43683500.00
2011/09/23;4.42;4.62;4.39;4.62;8468738;85591016.00
2011/09/26;4.58;4.62;4.28;4.37;9590247;94836696.00
2011/09/27;4.39;4.39;4.18;4.27;4400375;41724472.00
2011/09/28;4.28;4.32;4.19;4.23;2906800;27481962.00
2011/09/29;4.19;4.19;3.99;3.99;2926520;26411168.00
2011/09/30;3.99;4.05;3.87;3.96;1623127;14223519.00
2011/10/10;3.98;4.00;3.82;3.88;1183268;10228545.00
2011/10/11;3.96;3.99;3.82;3.85;1897797;16515980.00
2011/10/12;3.84;3.99;3.78;3.98;1726443;15077598.00
2011/10/13;3.98;4.07;3.95;4.02;2061110;18420460.00
2011/10/14;4.01;4.02;3.95;4.01;1318077;11676549.00
2011/10/17;3.92;3.95;3.89;3.90;3472066;30204972.00
2011/10/18;3.86;3.93;3.80;3.82;2483938;21369566.00
2011/10/19;3.85;3.85;3.69;3.72;2426663;20175662.00
2011/10/20;3.69;3.70;3.48;3.52;2097245;16674067.00
2011/10/21;3.47;3.57;3.47;3.49;863402;6770347.00
2011/10/24;3.55;3.58;3.37;3.53;1616503;12560033.00
2011/10/25;3.54;3.62;3.49;3.61;1626642;12922802.00
2011/10/26;3.59;3.69;3.54;3.63;2478201;19976802.00
2011/10/27;3.64;3.65;3.60;3.62;1918515;15471822.00
2011/10/28;3.65;3.69;3.62;3.67;4464958;36243152.00
2011/10/31;3.69;3.75;3.65;3.73;3758885;30995212.00
2011/11/01;3.69;3.75;3.66;3.72;3083845;25378986.00
2011/11/02;3.67;3.81;3.58;3.78;5325147;43514536.00
2011/11/03;3.80;3.87;3.77;3.77;5349437;45461244.00
2011/11/04;3.82;3.90;3.77;3.83;4814727;40975332.00
2011/11/07;3.82;3.87;3.77;3.79;3612145;30587910.00
2011/11/08;3.78;3.82;3.69;3.70;3310733;27661530.00
2011/11/09;3.72;3.78;3.63;3.78;4422107;36520428.00
2011/11/10;3.72;3.94;3.71;3.82;10572647;90179072.00
2011/11/11;3.79;4.20;3.79;4.02;15805613;142895888.00
2011/11/14;4.01;4.10;3.96;4.07;10057791;90125200.00
2011/11/15;4.05;4.10;3.99;4.04;4612154;41427436.00
2011/11/16;4.04;4.08;3.92;3.93;5471850;48783992.00
2011/11/17;3.93;3.96;3.86;3.92;4648172;40373044.00
2011/11/18;3.87;3.89;3.69;3.71;4056640;34074892.00
2011/11/21;3.73;3.76;3.60;3.75;2971658;24267056.00
2011/11/22;3.67;3.77;3.66;3.75;2088395;17274430.00
2011/11/23;3.77;3.77;3.68;3.72;1731917;14378157.00
2011/11/24;3.65;3.75;3.62;3.70;2287923;18724478.00
2011/11/25;3.65;3.69;3.61;3.62;3183661;25816016.00
2011/11/28;3.63;3.68;3.62;3.66;1866541;15159921.00
2011/11/29;3.67;3.70;3.65;3.69;3763469;30749268.00
2011/11/30;3.69;3.69;3.40;3.43;4069890;31988722.00
2011/12/01;3.55;3.60;3.48;3.49;3766936;29563822.00
2011/12/02;3.48;3.50;3.23;3.37;2795412;21196906.00
2011/12/05;3.37;3.40;3.23;3.23;1628855;11896683.00
2011/12/06;3.21;3.31;3.21;3.27;1356366;9831164.00
2011/12/07;3.27;3.32;3.25;3.29;967877;7074290.50
2011/12/08;3.28;3.35;3.20;3.31;1607572;11754284.00
2011/12/09;3.27;3.32;3.26;3.26;737842;5391046.00
2011/12/12;3.29;3.29;3.21;3.23;692293;5016844.50
2011/12/13;3.21;3.23;3.08;3.11;1677783;11736582.00
2011/12/14;3.11;3.17;3.07;3.08;1108925;7715425.50
2011/12/15;3.08;3.11;2.94;2.95;2863598;19208184.00
2011/12/16;2.95;3.05;2.92;3.05;1609703;10751878.00
2011/12/19;3.03;3.12;2.99;3.09;1960288;13296074.00
2011/12/20;3.08;3.16;3.06;3.07;2339285;16197998.00
2011/12/21;3.08;3.11;2.92;2.92;2204492;14986371.00
2011/12/22;2.92;2.92;2.80;2.86;1979168;12596937.00
2011/12/23;2.86;2.95;2.82;2.91;1708022;11082206.00
2011/12/26;2.91;3.04;2.91;2.98;2108565;14023642.00
2011/12/27;2.97;2.98;2.87;2.88;1683876;11015903.00
2011/12/28;2.88;2.96;2.82;2.95;1683126;10804407.00
2011/12/29;2.94;3.02;2.92;2.94;1420246;9387347.00
2011/12/30;2.95;3.00;2.94;2.99;1528280;10150011.00
2012/01/04;3.01;3.02;2.89;2.90;1395279;9249204.00
2012/01/05;2.87;2.89;2.69;2.72;2035442;12548880.00
2012/01/06;2.72;2.77;2.67;2.74;1171322;7078602.50
2012/01/09;2.76;2.87;2.73;2.85;1982616;12434728.00
2012/01/10;2.85;2.99;2.83;2.98;3787911;24793400.00
2012/01/11;2.97;3.05;2.95;2.99;3435167;22928972.00
2012/01/12;2.98;3.02;2.94;2.95;2487682;16502858.00
2012/01/13;2.96;2.97;2.77;2.80;2582575;16466131.00
2012/01/16;2.78;2.80;2.70;2.71;1412703;8680118.00
2012/01/17;2.72;2.86;2.71;2.86;2050738;12814036.00
2012/01/18;2.86;2.89;2.75;2.77;2164807;13639773.00
2012/01/19;2.74;2.85;2.73;2.82;2265336;14178696.00
2012/01/20;2.84;2.88;2.82;2.87;1924879;12289668.00
2012/01/30;2.89;2.95;2.84;2.90;2123155;13691157.00
2012/01/31;2.86;2.87;2.75;2.79;2758052;17160084.00
2012/02/01;2.79;2.84;2.77;2.79;1672672;10488856.00
2012/02/02;2.82;2.92;2.82;2.88;4174747;26809628.00
2012/02/03;2.86;2.95;2.86;2.93;4345899;28123764.00
2012/02/06;2.95;2.97;2.90;2.95;3366139;22026008.00
2012/02/07;2.94;2.94;2.86;2.87;2334424;15045924.00
2012/02/08;2.87;3.17;2.87;3.09;10579113;72401000.00
2012/02/09;3.06;3.17;3.05;3.07;7539717;52296156.00
2012/02/10;3.06;3.17;3.04;3.07;3304673;22784590.00
2012/02/13;3.05;3.18;3.04;3.12;4125748;28729160.00
2012/02/14;3.14;3.22;3.11;3.16;7459799;52764648.00
2012/02/15;3.13;3.20;3.11;3.19;4224068;29767552.00
2012/02/16;3.17;3.20;3.11;3.17;3482117;24518754.00
2012/02/17;3.17;3.18;3.10;3.12;2361172;16475455.00
2012/02/20;3.16;3.22;3.13;3.16;8136726;57827320.00
2012/02/21;3.15;3.17;3.06;3.17;4324494;30220472.00
2012/02/22;3.16;3.27;3.14;3.24;8626250;61696408.00
2012/02/23;3.22;3.34;3.21;3.24;6936463;50315516.00
2012/02/24;3.23;3.25;3.20;3.25;5030650;36196628.00
2012/02/27;3.25;3.29;3.23;3.23;6779719;49212248.00
2012/02/28;3.20;3.22;3.12;3.18;5362749;37814796.00
2012/02/29;3.18;3.21;3.12;3.13;2860908;20163958.00
2012/03/01;3.12;3.16;3.11;3.12;4841410;33784864.00
2012/03/02;3.12;3.17;3.12;3.17;3712072;26059440.00
2012/03/05;3.17;3.22;3.16;3.20;6546160;46542044.00
2012/03/06;3.20;3.20;3.11;3.13;3700707;25923408.00
2012/03/07;3.11;3.17;3.10;3.12;3452504;24134936.00
2012/03/08;3.14;3.22;3.13;3.19;4241893;30061216.00
2012/03/09;3.21;3.24;3.18;3.22;4702928;33618040.00
2012/03/12;3.24;3.27;3.20;3.24;4778373;34390264.00
2012/03/13;3.24;3.36;3.21;3.31;12384510;90763248.00
2012/03/14;3.31;3.32;3.07;3.11;10259874;73770624.00
2012/03/15;3.12;3.14;3.01;3.04;4900161;33419890.00
2012/03/16;3.06;3.14;3.02;3.12;4090719;28221960.00
2012/03/19;3.12;3.17;3.10;3.16;4273144;29911968.00
2012/03/20;3.14;3.14;3.01;3.01;4500012;30777716.00
2012/03/21;3.03;3.04;2.95;3.01;3671687;24566564.00
2012/03/22;3.01;3.06;3.00;3.02;2753472;18589116.00
2012/03/23;3.01;3.02;2.95;2.97;2782072;18464562.00
2012/03/26;2.96;2.98;2.93;2.97;1469655;9700304.00
2012/03/27;2.99;3.04;2.98;2.99;2533829;16990098.00
2012/03/28;2.97;2.99;2.82;2.84;3281933;21140972.00
2012/03/29;2.83;2.86;2.76;2.78;1890011;11881263.00
2012/03/30;2.84;2.84;2.76;2.80;1666423;10353077.00
2012/04/05;2.73;2.83;2.70;2.81;4968961;30637144.00
2012/04/09;2.79;2.81;2.72;2.73;2717255;16707292.00
2012/04/10;2.72;2.76;2.67;2.75;2340060;14163123.00
2012/04/11;2.72;2.76;2.69;2.74;2027621;12365603.00
2012/04/12;2.78;2.80;2.73;2.79;3091935;19142492.00
2012/04/13;2.80;2.85;2.79;2.85;3819997;24085910.00
2012/04/16;2.81;2.89;2.80;2.87;3092718;19680918.00
2012/04/17;2.87;2.93;2.82;2.82;4103594;26375024.00
2012/04/18;2.83;2.91;2.80;2.90;4066827;26147374.00
2012/04/19;2.89;2.92;2.87;2.88;2523533;16239932.00
2012/04/20;2.88;2.91;2.87;2.89;3113881;20031642.00
2012/04/23;2.83;2.85;2.69;2.71;7423820;45509388.00
2012/04/24;2.67;2.73;2.55;2.64;5370380;31545398.00
2012/04/25;2.61;2.69;2.58;2.68;3922221;23324664.00
2012/04/26;2.65;2.71;2.62;2.68;3545656;21095076.00
2012/04/27;2.66;2.72;2.64;2.68;3201599;19203746.00
2012/05/02;2.70;2.72;2.67;2.69;2895241;17401838.00
2012/05/03;2.69;2.70;2.67;2.68;2032221;12155072.00
2012/05/04;2.69;2.72;2.68;2.72;2373433;14352819.00
2012/05/07;2.71;2.73;2.69;2.73;2497534;15092872.00
2012/05/08;2.73;2.75;2.71;2.73;2413723;14719351.00
2012/05/09;2.72;2.72;2.65;2.66;2324631;13879779.00
2012/05/10;2.66;2.71;2.65;2.68;1457592;8749803.00
2012/05/11;2.68;2.71;2.66;2.67;1262746;7560095.50
2012/05/14;2.70;2.71;2.64;2.67;1892659;11324514.00
2012/05/15;2.68;2.70;2.64;2.70;1873049;11154108.00
2012/05/16;2.69;2.71;2.65;2.66;1565472;9347736.00
2012/05/17;2.66;2.70;2.65;2.69;1876791;11214331.00
2012/05/18;2.69;2.85;2.66;2.75;5931322;36776716.00
2012/05/21;2.74;2.76;2.69;2.72;2581892;15677921.00
2012/05/22;2.72;2.76;2.71;2.75;2592614;15835747.00
2012/05/23;2.74;2.76;2.71;2.72;1771935;10805342.00
2012/05/24;2.72;2.74;2.67;2.68;1836750;11105390.00
2012/05/25;2.68;2.70;2.60;2.61;2434898;14351732.00
2012/05/28;2.59;2.63;2.57;2.62;1608351;9353589.00
2012/05/29;2.64;2.68;2.62;2.66;1896479;11236763.00
2012/05/30;2.65;2.68;2.65;2.67;1604983;9556390.00
2012/05/31;2.66;2.71;2.66;2.69;2129063;12762583.00
2012/06/01;2.69;2.80;2.67;2.76;5175689;31916378.00
2012/06/04;2.72;2.72;2.63;2.64;3414030;20359856.00
2012/06/05;2.66;2.67;2.63;2.66;1900804;11259648.00
2012/06/06;2.67;2.69;2.65;2.66;1636122;9740093.00
2012/06/07;2.68;2.71;2.66;2.67;2359952;14150814.00
2012/06/08;2.68;2.70;2.65;2.67;1949464;11635122.00
2012/06/11;2.68;2.77;2.67;2.77;3522939;21435392.00
2012/06/12;2.72;2.77;2.71;2.71;2080123;12690030.00
2012/06/13;2.72;2.80;2.72;2.77;3529825;21814274.00
2012/06/14;2.78;2.80;2.76;2.77;2480502;15341176.00
2012/06/15;2.78;2.81;2.74;2.78;2143943;13304279.00
2012/06/18;2.80;2.82;2.77;2.78;2677879;16693258.00
2012/06/19;2.78;2.78;2.69;2.73;3107800;18930362.00
2012/06/20;2.74;2.77;2.73;2.73;1659005;10159885.00
2012/06/21;2.72;2.75;2.67;2.68;1952361;11723062.00
2012/06/25;2.68;2.68;2.62;2.63;1374214;8131006.00
2012/06/26;2.62;2.66;2.59;2.64;1492639;8735379.00
2012/06/27;2.64;2.73;2.62;2.65;1989501;11874884.00
2012/06/28;2.65;2.81;2.62;2.70;4991569;30398050.00
2012/06/29;2.67;2.70;2.58;2.68;3691102;21739554.00
2012/07/02;2.69;2.76;2.67;2.74;3023013;18347570.00
2012/07/03;2.73;2.76;2.69;2.71;2726235;16595717.00
2012/07/04;2.71;2.75;2.70;2.72;2281202;13857462.00
2012/07/05;2.70;2.72;2.61;2.62;2261567;13364855.00
2012/07/06;2.65;2.71;2.62;2.69;1825888;10836501.00
2012/07/09;2.68;2.71;2.65;2.68;2277003;13615669.00
2012/07/10;2.67;2.69;2.62;2.67;1357680;8073546.00
2012/07/11;2.66;2.72;2.66;2.70;1614697;9696668.00
2012/07/12;2.71;2.77;2.67;2.75;4222140;25796358.00
2012/07/13;2.73;2.74;2.70;2.71;2509495;15227056.00
2012/07/16;2.56;2.59;2.43;2.43;6203314;34020216.00
2012/07/17;2.36;2.42;2.35;2.40;2190554;11671484.00
2012/07/18;2.39;2.42;2.35;2.42;2154143;11483223.00
2012/07/19;2.41;2.49;2.39;2.44;3122202;17087032.00
2012/07/20;2.44;2.45;2.40;2.40;2281673;12339743.00
2012/07/23;2.41;2.45;2.37;2.40;1610251;8670783.00
2012/07/24;2.38;2.42;2.38;2.41;1020473;5487397.50
2012/07/25;2.41;2.44;2.39;2.42;1249363;6741105.50
2012/07/26;2.43;2.55;2.39;2.43;2951708;16193072.00
2012/07/27;2.44;2.46;2.40;2.41;917008;4955401.50
2012/07/30;2.37;2.42;2.28;2.30;2121235;11028292.00
2012/07/31;2.29;2.30;2.25;2.26;1185560;6029493.00
2012/08/01;2.30;2.34;2.29;2.30;1123996;5818380.00
2012/08/02;2.30;2.33;2.28;2.28;855010;4403409.00
2012/08/03;2.31;2.34;2.28;2.32;1408440;7278877.50
2012/08/06;2.29;2.36;2.29;2.36;1435815;7512987.50
2012/08/07;2.37;2.41;2.34;2.39;1967483;10441101.00
2012/08/08;2.38;2.40;2.36;2.37;1259520;6685051.50
2012/08/09;2.39;2.42;2.35;2.40;1714724;9139334.00
2012/08/10;2.41;2.41;2.37;2.38;1298003;6926486.00
2012/08/13;2.38;2.41;2.33;2.34;1408885;7490436.00
2012/08/14;2.36;2.36;2.30;2.35;1118339;5821579.50
2012/08/15;2.33;2.36;2.31;2.32;865957;4505741.00
2012/08/16;2.32;2.33;2.30;2.32;616126;3197792.50
2012/08/17;2.32;2.33;2.30;2.32;814321;4223867.50
2012/08/20;2.32;2.34;2.27;2.34;1047665;5410585.50
2012/08/21;2.33;2.42;2.31;2.40;2564292;13639121.00
2012/08/22;2.42;2.45;2.34;2.44;3627141;19516852.00
2012/08/23;2.43;2.43;2.39;2.42;1835875;9903414.00
2012/08/24;2.42;2.42;2.36;2.37;1485309;7927647.00
2012/08/27;2.35;2.38;2.31;2.33;1048776;5510043.50
2012/08/28;2.31;2.37;2.31;2.34;648340;3397687.50
2012/08/29;2.34;2.37;2.32;2.32;809667;4241787.50
2012/08/30;2.32;2.33;2.26;2.31;1138680;5869566.00
2012/08/31;2.30;2.36;2.29;2.34;919073;4790922.50
2012/09/03;2.33;2.39;2.33;2.36;867056;4572070.50
2012/09/04;2.36;2.39;2.34;2.36;1283020;6785122.00
2012/09/05;2.35;2.40;2.34;2.39;1363646;7262073.00
2012/09/06;2.40;2.44;2.37;2.39;1475900;7908468.50
2012/09/07;2.39;2.46;2.39;2.43;5249600;28502582.00
2012/09/10;2.42;2.45;2.41;2.44;2976199;16179379.00
2012/09/11;2.44;2.46;2.42;2.45;2434340;13270168.00
2012/09/12;2.45;2.48;2.43;2.47;2330437;12747746.00
2012/09/13;2.46;2.51;2.44;2.45;2971783;16410769.00
2012/09/14;2.46;2.48;2.39;2.42;2358589;12763670.00
2012/09/17;2.42;2.57;2.40;2.47;6592116;36672444.00
2012/09/18;2.50;2.52;2.41;2.42;4924491;27111410.00
2012/09/19;2.39;2.64;2.36;2.54;6400873;35330812.00
2012/09/20;2.49;2.50;2.41;2.41;3271593;18021740.00
2012/09/21;2.41;2.50;2.39;2.46;3191495;17563900.00
2012/09/24;2.42;2.44;2.33;2.40;2325907;12348888.00
2012/09/25;2.37;2.42;2.32;2.33;1612806;8542326.00
2012/09/26;2.34;2.35;2.27;2.28;1919665;9849043.00
2012/09/27;2.29;2.36;2.28;2.33;1822951;9447022.00
2012/09/28;2.32;2.37;2.31;2.37;2146964;11245691.00
2012/10/08;2.37;2.41;2.36;2.37;1963849;10453876.00
2012/10/09;2.38;2.43;2.37;2.42;2144924;11549320.00
2012/10/10;2.42;2.44;2.40;2.44;1935412;10473584.00
2012/10/11;2.44;2.46;2.39;2.39;1978193;10711740.00
2012/10/12;2.41;2.42;2.37;2.40;1543271;8267537.50
2012/10/15;2.37;2.37;2.31;2.33;2325540;12163542.00
2012/10/16;2.33;2.38;2.32;2.37;1930887;10161124.00
2012/10/17;2.62;2.62;2.58;2.62;15249333;89025152.00
2012/10/18;2.60;2.60;2.50;2.54;12763333;72588976.00
2012/10/19;2.53;2.57;2.50;2.50;5898537;33410332.00
2012/10/22;2.50;2.56;2.47;2.53;3695792;20822942.00
2012/10/23;2.52;2.53;2.47;2.47;2973497;16576788.00
2012/10/24;2.46;2.49;2.42;2.47;2107405;11590524.00
2012/10/25;2.48;2.51;2.44;2.45;3164289;17527090.00
2012/10/26;2.42;2.45;2.37;2.40;3329224;17854118.00
2012/10/29;2.40;2.43;2.37;2.42;1722879;9255421.00
2012/10/30;2.41;2.43;2.39;2.42;1241488;6683265.00
2012/10/31;2.42;2.42;2.38;2.40;1021775;5481266.00
2012/11/01;2.42;2.45;2.40;2.45;2058046;11210285.00
2012/11/02;2.46;2.46;2.42;2.45;1223464;6671932.50
2012/11/05;2.44;2.50;2.42;2.49;2159349;11888477.00
2012/11/06;2.45;2.55;2.41;2.53;5501151;30695880.00
2012/11/07;2.57;2.61;2.47;2.49;5665789;32067876.00
2012/11/08;2.42;2.45;2.39;2.40;3001170;16208343.00
2012/11/09;2.38;2.44;2.37;2.40;1939250;10407123.00
2012/11/12;2.38;2.45;2.38;2.42;1858960;10065684.00
2012/11/13;2.41;2.42;2.32;2.33;1813726;9596814.00
2012/11/14;2.33;2.35;2.32;2.34;1139069;5949211.00
2012/11/15;2.32;2.33;2.31;2.32;1372027;7106717.50
2012/11/16;2.31;2.31;2.28;2.30;918770;4714311.50
2012/11/19;2.31;2.32;2.28;2.32;768120;3958004.50
2012/11/20;2.32;2.35;2.31;2.33;1651228;8604945.00
2012/11/21;2.34;2.35;2.26;2.32;2626895;13483329.00
2012/11/22;2.31;2.32;2.27;2.29;2576156;13189568.00
2012/11/23;2.29;2.30;2.28;2.29;1646667;8437746.00
2012/11/26;2.29;2.29;2.26;2.26;1384572;7046654.00
2012/11/27;2.26;2.27;2.15;2.15;2710741;13320508.00
2012/11/28;2.16;2.17;2.12;2.14;1406172;6758649.50
2012/11/29;2.13;2.16;2.05;2.07;1473953;6950460.00
2012/11/30;2.07;2.10;2.06;2.09;1146252;5349854.50
2012/12/03;2.07;2.09;2.00;2.02;1514951;6943397.50
2012/12/04;2.00;2.04;1.97;2.04;1221145;5481729.50
2012/12/05;2.04;2.13;2.01;2.10;2157046;10077100.00
2012/12/06;2.10;2.12;2.08;2.09;1184092;5567708.50
2012/12/07;2.10;2.17;2.09;2.16;2555364;12264227.00
2012/12/10;2.15;2.20;2.15;2.18;2685292;13051428.00
2012/12/11;2.17;2.20;2.17;2.18;2573339;12607891.00
2012/12/12;2.18;2.19;2.12;2.15;1646666;7941453.50
2012/12/13;2.15;2.16;2.12;2.13;1066590;5111024.50
2012/12/14;2.13;2.23;2.12;2.22;3169056;15571756.00
2012/12/17;2.21;2.24;2.20;2.23;2972218;14781753.00
2012/12/18;2.23;2.32;2.23;2.25;4032409;20554258.00
2012/12/19;2.25;2.48;2.23;2.37;19783689;108063952.00
2012/12/20;2.33;2.42;2.30;2.37;11711194;61819524.00
2012/12/21;2.35;2.39;2.26;2.27;9780728;50392276.00
2012/12/24;2.27;2.30;2.25;2.28;4037680;20562422.00
2012/12/25;2.28;2.32;2.26;2.31;6596677;33931996.00
2012/12/26;2.30;2.33;2.29;2.33;5341157;27624242.00
2012/12/27;2.32;2.35;2.30;2.30;3281847;16996396.00
2012/12/28;2.30;2.31;2.27;2.28;2523947;12959993.00
2012/12/31;2.30;2.32;2.29;2.30;2204024;11357615.00
2013/01/04;2.32;2.33;2.30;2.31;3056665;15841291.00
2013/01/07;2.31;2.35;2.29;2.32;3593961;18704266.00
2013/01/08;2.33;2.37;2.31;2.35;4961546;25917336.00
2013/01/09;2.34;2.41;2.32;2.40;7360287;39043892.00
2013/01/10;2.39;2.42;2.34;2.38;4751292;25285592.00
2013/01/11;2.39;2.40;2.30;2.31;4632212;24390242.00
2013/01/14;2.31;2.38;2.31;2.37;4808632;25282134.00
2013/01/15;2.37;2.43;2.37;2.41;5864645;31543344.00
2013/01/16;2.42;2.43;2.35;2.38;5041124;26918238.00
2013/01/17;2.38;2.46;2.35;2.44;7552129;40751592.00
2013/01/18;2.49;2.54;2.42;2.45;6467795;35641108.00
2013/01/21;2.43;2.46;2.40;2.42;4759837;25769310.00
2013/01/22;2.42;2.46;2.39;2.44;5041444;27385244.00
2013/01/23;2.43;2.50;2.41;2.50;7244465;39864636.00
2013/01/24;2.49;2.49;2.36;2.37;5560831;30177608.00
2013/01/25;2.37;2.39;2.35;2.37;1905433;10079178.00
2013/01/28;2.37;2.40;2.37;2.39;2591752;13836200.00
2013/01/29;2.40;2.42;2.38;2.41;2267194;12180308.00
2013/01/30;2.41;2.42;2.38;2.40;2580498;13813485.00
2013/01/31;2.36;2.36;2.27;2.29;7143869;36825524.00
2013/02/01;2.29;2.32;2.28;2.30;3164498;16290632.00
2013/02/04;2.30;2.31;2.25;2.27;4031942;20493922.00
2013/02/05;2.27;2.35;2.26;2.34;4510769;23380306.00
2013/02/06;2.33;2.38;2.32;2.35;3458596;18203162.00
2013/02/07;2.37;2.37;2.28;2.30;5191119;26765154.00
2013/02/08;2.30;2.33;2.30;2.32;2591940;13446425.00
2013/02/18;2.33;2.36;2.32;2.35;2984870;15659388.00
2013/02/19;2.36;2.50;2.35;2.40;8134715;44141592.00
2013/02/20;2.38;2.48;2.37;2.47;7156171;38971176.00
2013/02/21;2.44;2.44;2.37;2.37;5187769;27884632.00
2013/02/22;2.36;2.40;2.36;2.37;2277936;12130519.00
2013/02/25;2.37;2.40;2.37;2.39;1902536;10149406.00
2013/02/26;2.39;2.40;2.31;2.32;3330825;17608682.00
2013/02/27;2.34;2.34;2.31;2.32;2394049;12456339.00
2013/02/28;2.32;2.39;2.32;2.37;2625871;13778556.00
2013/03/01;2.36;2.39;2.35;2.38;2194553;11629171.00
2013/03/04;2.37;2.38;2.27;2.29;2849640;14853233.00
2013/03/05;2.29;2.32;2.27;2.32;2631317;13502743.00
2013/03/06;2.31;2.34;2.31;2.34;2432936;12681525.00
2013/03/07;2.35;2.37;2.31;2.32;2499820;13075016.00
2013/03/08;2.32;2.36;2.31;2.34;2125520;11143061.00
2013/03/11;2.33;2.35;2.32;2.32;1669274;8699749.00
2013/03/12;2.32;2.33;2.22;2.26;3726591;18887992.00
2013/03/13;2.26;2.26;2.22;2.23;1402889;7018215.50
2013/03/14;2.24;2.25;2.22;2.23;879949;4406742.00
2013/03/15;2.24;2.25;2.19;2.22;1780005;8867100.00
2013/03/18;2.22;2.23;2.16;2.17;1239646;6088796.00
2013/03/19;2.19;2.19;2.14;2.16;1116068;5399977.50
2013/03/20;2.16;2.21;2.15;2.20;1200090;5881119.00
2013/03/21;2.20;2.23;2.19;2.22;1528275;7571533.00
2013/03/22;2.22;2.23;2.20;2.22;985992;4890916.50
2013/03/25;2.22;2.28;2.20;2.24;2486228;12492813.00
2013/03/26;2.23;2.24;2.20;2.21;1393650;6928357.50
2013/03/27;2.22;2.26;2.21;2.22;1615787;8052984.00
2013/03/28;2.21;2.21;2.12;2.13;1982250;9562049.00
2013/03/29;2.14;2.17;2.13;2.15;1117566;5393897.00
2013/04/01;2.16;2.20;2.14;2.19;1567024;7612455.50
2013/04/02;2.19;2.21;2.16;2.17;851444;4162274.25
2013/04/03;2.17;2.19;2.15;2.17;747769;3631854.00
2013/04/08;2.26;2.39;2.23;2.37;11588718;59923976.00
2013/04/09;2.33;2.34;2.30;2.31;6964171;36052828.00
2013/04/10;2.30;2.32;2.27;2.29;3330057;17059734.00
2013/04/11;2.30;2.34;2.29;2.31;5034817;26066724.00
2013/04/12;2.29;2.29;2.24;2.25;2981475;15106547.00
2013/04/15;2.27;2.46;2.27;2.34;8498108;45006776.00
2013/04/16;2.30;2.33;2.26;2.33;4230549;21738974.00
2013/04/17;2.32;2.37;2.31;2.35;3277982;17183006.00
2013/04/18;2.35;2.36;2.31;2.31;2787957;14514363.00
2013/04/19;2.29;2.34;2.29;2.34;3156644;16399277.00
2013/04/22;2.32;2.33;2.30;2.32;2040534;10580660.00
2013/04/23;2.33;2.40;2.29;2.31;3442807;18079566.00
2013/04/24;2.30;2.41;2.29;2.40;5901721;31357664.00
2013/04/25;2.39;2.50;2.37;2.41;8452785;46199900.00
2013/04/26;2.41;2.47;2.38;2.40;3856109;20942736.00
2013/05/02;2.40;2.46;2.38;2.43;2758429;15000770.00
2013/05/03;2.44;2.53;2.44;2.51;5273387;29249248.00
2013/05/06;2.50;2.55;2.49;2.54;6582696;37001380.00
2013/05/07;2.52;2.54;2.48;2.51;3756400;21118844.00
2013/05/08;2.52;2.63;2.51;2.63;8403738;48765852.00
2013/05/09;2.62;2.75;2.56;2.68;7770292;46479976.00
2013/05/10;2.65;2.71;2.64;2.69;3492125;20892054.00
2013/05/14;2.77;2.96;2.69;2.87;8412725;52844496.00
2013/05/15;2.83;3.09;2.81;2.98;10063403;66949012.00
2013/05/16;2.87;3.02;2.86;2.96;6797571;44595876.00
2013/05/17;2.93;2.98;2.88;2.96;4753891;31195934.00
2013/05/20;2.95;3.02;2.87;2.92;5220295;34120168.00
2013/05/21;2.91;2.95;2.88;2.93;3753255;24455790.00
2013/05/22;2.94;2.97;2.83;2.85;3682706;23726058.00
2013/05/23;2.86;2.87;2.81;2.82;2763395;17477286.00
2013/05/24;2.83;2.95;2.82;2.91;3981115;25665522.00
2013/05/27;2.93;2.94;2.85;2.91;3492734;22545058.00
2013/05/28;2.88;2.91;2.80;2.85;2846473;18111784.00
2013/05/29;2.84;2.91;2.84;2.89;2231227;14324708.00
2013/05/30;2.87;2.87;2.77;2.82;4648324;29164224.00
2013/05/31;2.80;2.86;2.79;2.81;2450601;15417159.00
2013/06/03;2.78;2.81;2.67;2.70;6404313;38813884.00
2013/06/04;2.69;2.75;2.66;2.74;3311326;19998286.00
2013/06/05;2.71;2.73;2.66;2.69;2062730;12393605.00
2013/06/06;2.69;2.70;2.62;2.66;1747811;10373570.00
2013/06/07;2.66;2.67;2.61;2.62;1226031;7201298.00
2013/06/13;2.61;2.61;2.50;2.52;1671244;9445367.00
2013/06/14;2.52;2.68;2.52;2.60;1514933;8758569.00
2013/06/17;2.60;2.62;2.57;2.57;1035842;6009256.00
2013/06/18;2.57;2.61;2.56;2.59;905420;5215390.50
2013/06/19;2.58;2.71;2.56;2.69;2373293;14025545.00
2013/06/20;2.67;2.70;2.56;2.57;2723847;16053373.00
2013/06/21;2.53;2.59;2.51;2.57;971549;5544172.50
2013/06/24;2.57;2.57;2.31;2.33;2721135;14832819.00
2013/06/25;2.34;2.39;2.14;2.32;2991955;15303299.00
2013/06/26;2.29;2.36;2.23;2.35;4659963;23891098.00
2013/06/27;2.32;2.36;2.27;2.28;2833315;14679775.00
2013/06/28;2.24;2.32;2.22;2.28;2716630;13700090.00
2013/07/01;2.28;2.30;2.24;2.29;1722518;8753085.00
2013/07/02;2.29;2.32;2.26;2.31;1942942;9975511.00
2013/07/03;2.28;2.31;2.22;2.26;2832428;14233910.00
2013/07/04;2.23;2.28;2.21;2.24;2580280;12940642.00
2013/07/05;2.24;2.30;2.23;2.25;2093035;10588233.00
2013/07/08;2.24;2.25;2.15;2.20;1701553;8381407.00
2013/07/09;2.19;2.26;2.19;2.23;1131020;5628957.50
2013/07/10;2.23;2.30;2.21;2.30;1641230;8343378.00
2013/07/11;2.28;2.44;2.27;2.38;4211120;22199668.00
2013/07/12;2.39;2.44;2.37;2.40;2532337;13581015.00
2013/07/15;2.42;2.53;2.40;2.48;2882358;15980546.00
2013/07/16;2.54;2.55;2.46;2.51;2165033;12079573.00
2013/07/17;2.49;2.52;2.42;2.43;2126643;11694020.00
2013/07/18;2.43;2.47;2.41;2.44;1394700;7621765.00
2013/07/19;2.43;2.47;2.38;2.41;2231278;12128151.00
2013/07/22;2.40;2.42;2.36;2.42;1579869;8426068.00
2013/07/23;2.43;2.50;2.41;2.47;2530632;13956012.00
2013/07/24;2.46;2.50;2.42;2.47;1970096;10812785.00
2013/07/25;2.47;2.58;2.44;2.53;4434751;25033526.00
2013/07/26;2.52;2.54;2.44;2.46;2505933;13859421.00
2013/07/29;2.45;2.51;2.39;2.40;1559000;8534716.00
2013/07/30;2.43;2.56;2.38;2.50;3831944;21237726.00
2013/07/31;2.50;2.63;2.48;2.57;4384822;25200048.00
2013/08/01;2.67;2.71;2.62;2.62;5676815;33693552.00
2013/08/02;2.58;2.69;2.58;2.62;3113237;18382274.00
2013/08/05;2.65;2.73;2.63;2.73;3036803;18192752.00
2013/08/06;2.73;2.81;2.70;2.78;5844156;36172792.00
2013/08/07;2.78;2.83;2.72;2.78;5128098;31746296.00
2013/08/08;2.74;2.82;2.74;2.77;2486194;15450450.00
2013/08/09;2.77;2.80;2.69;2.72;2759713;16831530.00
2013/08/12;2.72;2.76;2.69;2.75;2289178;13953718.00
2013/08/13;2.75;2.78;2.74;2.78;2359481;14550286.00
2013/08/14;2.83;2.92;2.64;2.69;7721443;47851996.00
2013/08/15;2.64;2.72;2.63;2.69;5381604;32045982.00
2013/08/16;2.69;2.72;2.63;2.66;3208177;19206806.00
2013/08/19;2.67;2.72;2.67;2.71;2130106;12813642.00
2013/08/20;2.71;2.82;2.69;2.78;4337360;26797242.00
2013/08/21;2.78;2.82;2.78;2.81;2041162;12760071.00
2013/08/22;2.80;2.86;2.79;2.82;1809310;11395746.00
2013/08/23;2.82;2.85;2.75;2.80;1729347;10765133.00
2013/08/26;2.80;2.82;2.78;2.82;1809087;11287780.00
2013/08/27;2.82;2.88;2.78;2.88;2999786;19086008.00
2013/08/28;2.87;2.89;2.82;2.83;1938140;12336488.00
2013/08/29;2.83;2.86;2.79;2.79;1073831;6725769.00
2013/08/30;2.79;2.82;2.70;2.76;2108510;13018001.00
2013/09/02;2.72;2.78;2.71;2.76;2158813;13176823.00
2013/09/03;2.76;2.81;2.74;2.80;2204460;13692526.00
2013/09/04;2.80;2.84;2.78;2.81;2150583;13463149.00
2013/09/05;2.81;2.83;2.77;2.82;1736601;10821958.00
2013/09/06;2.80;2.82;2.77;2.79;1942903;12054442.00
2013/09/09;2.79;2.95;2.79;2.92;6139648;39702296.00
2013/09/10;2.91;2.92;2.83;2.91;2421294;15554262.00
2013/09/11;2.95;2.96;2.86;2.93;2842122;18375486.00
2013/09/12;2.92;2.95;2.90;2.92;1611076;10486327.00
2013/09/13;2.91;2.92;2.87;2.92;1200663;7758608.50
2013/09/16;2.90;2.97;2.88;2.96;2063072;13514984.00
2013/09/17;2.96;3.03;2.91;2.92;2584619;17114940.00
2013/09/18;2.90;2.97;2.88;2.96;1257671;8241489.50
2013/09/23;3.04;3.26;3.04;3.26;2814113;20341134.00
2013/09/24;3.30;3.31;3.15;3.23;7479547;53652404.00
2013/09/25;3.20;3.26;3.16;3.16;2665448;19099254.00
2013/09/26;3.15;3.21;3.11;3.14;1985470;13951414.00
2013/09/27;3.17;3.21;3.11;3.18;2254818;15932357.00
2013/09/30;3.18;3.26;3.16;3.19;2114328;15008536.00
2013/10/08;3.18;3.26;3.11;3.23;2961101;21157904.00
2013/10/09;3.22;3.34;3.19;3.34;3579054;26214568.00
2013/10/10;3.33;3.39;3.28;3.29;2703289;20009446.00
2013/10/11;3.30;3.33;3.27;3.31;2451604;17962312.00
2013/10/14;3.31;3.53;3.29;3.50;4047287;31264352.00
2013/10/15;3.49;3.81;3.47;3.65;6573853;53543064.00
2013/10/16;3.63;3.78;3.55;3.59;5699133;46261068.00
2013/10/17;3.57;3.65;3.50;3.53;3007575;24010372.00
2013/10/18;3.54;3.61;3.47;3.57;2548292;20151152.00
2013/10/21;3.55;3.62;3.51;3.61;2811518;22432394.00
2013/10/22;3.64;3.74;3.57;3.62;3124155;25356614.00
2013/10/23;3.60;3.63;3.37;3.45;3002434;23256854.00
2013/10/24;3.42;3.47;3.32;3.32;2359355;17730390.00
2013/10/25;3.32;3.36;3.14;3.19;2328439;16711249.00
2013/10/28;3.21;3.30;3.18;3.21;2031735;14607363.00
2013/10/29;3.19;3.24;2.95;3.06;3184338;21676976.00
2013/10/30;3.05;3.15;3.05;3.14;1709381;11815309.00
2013/10/31;3.11;3.16;3.08;3.11;941341;6512303.50
2013/11/01;3.06;3.16;3.06;3.13;1041574;7235927.00
2013/11/04;3.15;3.25;3.10;3.23;1482127;10612827.00
2013/11/05;3.21;3.30;3.21;3.28;1387412;10099466.00
2013/11/06;3.26;3.29;3.19;3.23;1243864;8991980.00
2013/11/07;3.21;3.27;3.20;3.22;697199;5022000.50
2013/11/08;3.22;3.24;3.14;3.21;1590345;11377690.00
2013/11/11;3.19;3.26;3.19;3.25;977848;7046753.50
2013/11/12;3.22;3.26;3.18;3.21;942691;6744695.50
2013/11/13;3.22;3.22;3.01;3.05;1933179;13452079.00
2013/11/14;3.08;3.21;3.06;3.19;2031073;14160101.00
2013/11/15;3.18;3.28;3.17;3.24;1985962;14264281.00
2013/11/18;3.27;3.32;3.22;3.27;2886923;21014450.00
2013/11/19;3.28;3.41;3.25;3.38;2881794;21454840.00
2013/11/20;3.36;3.39;3.33;3.39;1637348;12235672.00
2013/11/21;3.39;3.39;3.32;3.34;1560704;11614806.00
2013/11/22;3.36;3.36;3.24;3.29;1483312;10842502.00
2013/11/25;3.29;3.37;3.26;3.30;1565409;11551609.00
2013/11/26;3.30;3.34;3.30;3.32;1053228;7781122.00
2013/11/27;3.33;3.46;3.33;3.38;2529544;19229248.00
2013/11/28;3.38;3.59;3.38;3.51;3320769;25816134.00
2013/11/29;3.48;3.54;3.47;3.51;1605648;12503040.00
2013/12/02;3.32;3.41;3.15;3.15;4061448;29190918.00
2013/12/03;3.03;3.16;2.86;3.13;3741217;25157884.00
2013/12/04;3.10;3.19;3.08;3.10;3114797;21759912.00
2013/12/05;3.10;3.12;3.07;3.11;1511294;10430773.00
2013/12/06;3.09;3.12;3.08;3.12;773078;5345574.00
2013/12/09;3.12;3.14;3.10;3.12;1551910;10783667.00
2013/12/10;3.12;3.12;3.09;3.12;914979;6329396.50
2013/12/11;3.12;3.30;3.10;3.20;3533829;25413714.00
2013/12/12;3.19;3.22;3.17;3.21;997085;7098485.50
2013/12/13;3.19;3.21;3.17;3.19;771120;5475582.50
2013/12/16;3.21;3.27;3.18;3.22;1738391;12460437.00
2013/12/17;3.21;3.24;3.12;3.12;1950421;13709952.00
2013/12/18;2.97;3.17;2.97;3.10;1557394;10585923.00
2013/12/19;3.08;3.14;3.02;3.05;1209870;8306710.00
2013/12/20;3.05;3.08;3.00;3.06;1320846;8968871.00
2013/12/23;3.07;3.17;3.07;3.14;1522938;10661917.00
2013/12/24;3.11;3.18;3.11;3.16;1056250;7418877.00
2013/12/25;3.16;3.21;3.13;3.20;1058006;7495078.00
2013/12/26;3.19;3.22;3.17;3.18;1741169;12424636.00
2013/12/27;3.19;3.26;3.18;3.25;2902252;20814576.00
2013/12/30;3.32;3.52;3.31;3.43;7732100;58877440.00
2013/12/31;3.43;3.47;3.25;3.46;4951295;37678748.00
2014/01/02;3.42;3.81;3.42;3.81;14113105;118418560.00
2014/01/03;3.82;4.12;3.78;4.07;14896242;130507616.00
2014/01/06;4.01;4.01;3.82;3.94;7432523;64528172.00
2014/01/07;3.97;3.97;3.82;3.90;4129312;35670576.00
2014/01/08;3.91;3.99;3.78;3.89;6911815;59374752.00
2014/01/09;3.96;4.06;3.82;4.06;10333360;90766888.00
2014/01/10;3.96;4.03;3.82;3.85;5531788;47720452.00
2014/01/13;3.82;3.93;3.62;3.69;4971733;41485468.00
2014/01/14;3.72;3.83;3.65;3.82;4074062;34006068.00
2014/01/15;3.83;3.94;3.77;3.85;4184984;35757708.00
2014/01/16;3.87;3.88;3.73;3.81;3210613;26999142.00
2014/01/17;3.83;3.96;3.78;3.84;5115044;44067348.00
2014/01/20;4.01;4.07;3.86;3.93;8111196;71719208.00
2014/01/21;3.96;4.01;3.77;3.79;8190383;70662968.00
2014/01/22;3.91;3.98;3.80;3.87;6402103;55290588.00
2014/01/23;3.86;4.26;3.85;4.26;16669938;153755600.00
2014/01/24;4.31;4.55;4.31;4.38;19151344;188195536.00
2014/01/27;4.38;4.45;4.24;4.28;9446828;90529848.00
2014/01/28;4.28;4.45;4.19;4.45;9517006;91203752.00
2014/01/29;4.48;4.67;4.42;4.43;8407051;83730144.00
2014/01/30;4.39;4.47;4.36;4.38;5726127;55951764.00
2014/02/07;4.32;4.48;4.32;4.46;4125175;40304112.00
2014/02/10;4.45;4.91;4.43;4.77;11389212;117353728.00
2014/02/11;4.64;5.14;4.60;4.96;21553634;233603552.00
2014/02/12;4.98;5.38;4.98;5.23;24964025;285156960.00
2014/02/13;5.14;5.42;4.81;4.82;16003463;183041920.00
2014/02/14;4.96;5.31;4.96;5.31;20062153;228188640.00
2014/02/17;5.35;5.40;4.92;5.29;18071968;208033216.00
2014/02/18;5.26;5.29;4.94;4.96;16169213;181481440.00
2014/02/19;4.91;5.00;4.69;4.82;11348030;121018856.00
2014/02/20;4.83;4.83;4.57;4.70;5418710;56292716.00
2014/02/21;4.62;4.71;4.53;4.57;6976623;71493912.00
2014/02/24;4.58;4.80;4.46;4.73;8928227;92460200.00
2014/02/25;4.64;4.88;4.25;4.32;11859692;122174208.00
2014/02/26;4.27;4.28;4.03;4.17;8649525;79205968.00
2014/02/27;4.18;4.27;4.03;4.06;5842237;53679924.00
2014/02/28;4.05;4.23;4.04;4.21;3925211;36032588.00
2014/03/03;4.20;4.29;4.13;4.28;3820097;35929636.00
2014/03/04;4.25;4.30;4.18;4.26;4325300;40601208.00
2014/03/05;4.24;4.34;4.24;4.24;3398057;32280146.00
2014/03/06;4.21;4.27;4.11;4.22;2239450;20845624.00
2014/03/07;4.19;4.29;4.15;4.16;3635816;33995148.00
2014/03/10;4.17;4.18;3.92;3.96;3197296;28682990.00
2014/03/11;3.96;4.03;3.77;3.81;5160127;44073596.00
2014/03/12;3.82;3.95;3.78;3.95;3806438;32591206.00
2014/03/13;3.91;4.07;3.91;4.06;2407026;21406422.00
2014/03/14;4.13;4.37;4.11;4.12;5554475;52024380.00
2014/03/17;4.22;4.23;4.11;4.20;2271144;21059906.00
2014/03/18;4.21;4.23;4.12;4.15;3172501;29449692.00
2014/03/19;4.17;4.28;4.15;4.28;2653777;24835400.00
2014/03/20;4.27;4.33;4.11;4.12;2939722;27727914.00
2014/03/21;4.12;4.21;4.06;4.20;2462777;22570076.00
2014/03/24;4.15;4.22;4.15;4.22;1601604;14925558.00
2014/03/25;4.19;4.27;4.19;4.23;1667503;15620817.00
2014/03/26;4.23;4.26;4.10;4.13;2636629;24388786.00
2014/03/27;4.13;4.17;3.97;3.98;2801367;25385254.00
2014/03/28;3.98;4.12;3.85;4.02;3200292;28356036.00
2014/03/31;4.02;4.10;3.90;4.02;2026049;17879832.00
2014/04/01;4.10;4.18;4.02;4.12;2742640;24939076.00
2014/04/02;4.06;4.12;4.03;4.07;1441810;13031238.00
2014/04/03;4.10;4.10;3.98;4.07;1600427;14381710.00
2014/04/04;4.07;4.08;3.97;4.07;1218111;10887757.00
2014/04/08;4.04;4.11;4.02;4.11;1944170;17578440.00
2014/04/09;4.11;4.34;4.11;4.29;4780159;45089236.00
2014/04/10;4.29;4.32;4.18;4.23;4306745;40500256.00
2014/04/11;4.23;4.23;4.12;4.14;1992602;18360754.00
2014/04/14;4.12;4.17;4.07;4.13;1859582;16990550.00
2014/04/15;4.10;4.14;4.06;4.07;2001749;18192522.00
2014/04/16;4.04;4.09;4.02;4.07;1254497;11289882.00
2014/04/17;4.09;4.13;4.06;4.12;1396535;12716450.00
2014/04/18;4.12;4.12;4.06;4.07;1119246;10140587.00
2014/04/21;4.07;4.09;3.97;3.98;1782118;15977322.00
2014/04/22;3.93;4.08;3.91;4.00;2159340;19123826.00
2014/04/23;4.00;4.05;3.98;4.00;1062672;9450547.00
2014/04/24;4.02;4.10;3.98;4.08;1799851;16204808.00
2014/04/25;4.06;4.07;3.96;4.02;1885794;16772326.00
2014/04/28;4.02;4.02;3.66;3.80;2742099;23044220.00
2014/04/29;3.82;3.82;3.62;3.72;2113809;17409680.00
2014/04/30;3.71;3.77;3.65;3.75;1276647;10563345.00
2014/05/05;3.73;3.90;3.69;3.86;1249938;10604055.00
2014/05/06;3.83;4.03;3.83;3.93;2243168;19761726.00
2014/05/07;3.91;3.95;3.70;3.71;1707743;14469577.00
2014/05/08;3.74;3.79;3.69;3.73;834530;6966590.50
2014/05/09;3.73;3.78;3.65;3.70;1173511;9638499.00
2014/05/12;3.71;3.81;3.71;3.81;1429224;11952508.00
2014/05/13;3.81;3.89;3.79;3.80;1328027;11315202.00
2014/05/14;3.86;3.86;3.73;3.80;767924;6462998.00
2014/05/15;3.79;3.83;3.69;3.70;1308859;10893751.00
2014/05/16;3.73;3.73;3.62;3.65;1424523;11567621.00
2014/05/19;3.65;3.71;3.63;3.68;987669;8055795.50
2014/05/20;3.70;3.76;3.67;3.67;1343399;11112292.00
2014/05/21;3.68;3.75;3.62;3.74;926910;7628909.50
2014/05/22;3.75;3.78;3.72;3.72;1870872;15611867.00
2014/05/23;3.73;3.76;3.67;3.76;1525697;12526899.00
2014/05/26;3.76;3.82;3.75;3.81;1507858;12655986.00
2014/05/27;3.80;3.81;3.69;3.76;1991008;16562722.00
2014/05/28;3.74;3.78;3.69;3.77;3038678;25118802.00
2014/05/29;3.76;3.77;3.68;3.70;2442301;20157908.00
2014/05/30;3.70;3.72;3.67;3.72;1447004;11903312.00
2014/06/03;3.71;3.74;3.70;3.72;1547809;12796887.00
2014/06/04;3.69;3.73;3.66;3.70;1112348;9114978.00
2014/06/05;3.68;3.76;3.68;3.74;1755650;14534827.00
2014/06/06;3.75;3.94;3.73;3.88;6098884;52268536.00
2014/06/09;3.88;3.91;3.77;3.80;2963117;25189990.00
2014/06/10;3.80;3.89;3.80;3.88;2449257;20976934.00
2014/06/11;3.87;4.06;3.85;4.04;4604174;40776608.00
2014/06/12;4.03;4.09;4.00;4.07;2615614;23501730.00
2014/06/13;4.05;4.26;4.05;4.19;5486628;50783884.00
2014/06/16;4.23;4.29;4.12;4.25;4135800;38768360.00
2014/06/17;4.26;4.31;4.19;4.20;2923100;27491752.00
2014/06/18;4.18;4.34;4.17;4.29;3481596;33079246.00
2014/06/19;4.29;4.32;3.96;4.11;2914170;26873222.00
2014/06/20;4.10;4.27;4.09;4.26;2627508;24321474.00
2014/06/23;4.26;4.36;4.17;4.20;2964541;27839216.00
2014/06/24;4.20;4.31;4.12;4.31;4889829;45703164.00
2014/06/25;4.26;4.69;4.26;4.51;11060729;110213880.00
2014/06/26;4.48;4.50;4.38;4.46;8506946;83476568.00
2014/06/27;4.45;4.48;4.39;4.44;4396777;43329256.00
2014/06/30;4.44;4.49;4.33;4.38;4192290;41144688.00
2014/07/01;4.40;4.40;4.23;4.32;4834774;46142688.00
2014/07/02;4.31;4.40;4.18;4.32;5653738;53841392.00
2014/07/03;4.32;4.58;4.26;4.56;10482249;102846232.00
2014/07/04;4.51;4.51;4.41;4.44;8307604;82012376.00
2014/07/07;4.48;4.48;4.32;4.37;4034352;39235492.00
2014/07/08;4.36;4.52;4.32;4.46;5438511;53900196.00
2014/07/09;4.45;4.51;4.34;4.37;4876672;47957536.00
2014/07/10;4.36;4.55;4.32;4.47;6749691;67027468.00
2014/07/11;4.47;4.54;4.42;4.51;4901742;48633820.00
2014/07/14;4.52;4.55;4.43;4.55;5342505;53241444.00
2014/07/15;4.47;4.47;4.09;4.10;14575754;137594720.00
2014/07/16;4.05;4.05;3.86;3.94;8054927;70744104.00
2014/07/17;3.94;3.97;3.87;3.91;2641594;23056080.00
2014/07/18;3.94;4.02;3.92;3.96;2991176;26348654.00
2014/07/21;3.95;3.96;3.89;3.92;2132921;18603736.00
2014/07/22;3.93;3.95;3.89;3.93;2513613;21913786.00
2014/07/23;3.92;3.93;3.81;3.82;3213389;27694894.00
2014/07/24;3.82;3.82;3.70;3.74;3497224;29144878.00
2014/07/25;3.75;3.78;3.72;3.76;2424943;20214462.00
2014/07/28;3.77;3.85;3.76;3.84;3060216;25897970.00
2014/07/29;3.84;3.91;3.82;3.89;3212491;27719136.00
2014/07/30;3.89;3.90;3.85;3.89;1881737;16207843.00
2014/07/31;3.90;3.92;3.87;3.92;2469148;21402794.00
2014/08/01;3.91;3.98;3.88;3.92;3091423;27074164.00
2014/08/04;3.92;3.97;3.92;3.95;2199809;19295268.00
2014/08/05;3.96;3.99;3.93;3.97;3529722;31069660.00
2014/08/06;3.97;3.98;3.94;3.97;1925173;16960372.00
2014/08/07;3.97;3.98;3.91;3.91;2685231;23496926.00
2014/08/08;3.91;3.93;3.90;3.92;1809839;15729392.00
2014/08/11;3.91;3.97;3.91;3.97;2653067;23268002.00
2014/08/12;3.96;4.05;3.95;4.04;4798716;42810924.00
2014/08/13;4.04;4.12;4.00;4.12;5271279;47641380.00
2014/08/14;4.14;4.14;4.07;4.07;3379337;30756676.00
2014/08/15;4.08;4.19;4.08;4.15;3775837;34671048.00
2014/08/18;4.18;4.21;4.13;4.18;3679336;34088372.00
2014/08/19;4.21;4.22;4.14;4.17;4771005;44229924.00
2014/08/20;4.17;4.19;4.13;4.14;3962273;36627108.00
2014/08/21;4.14;4.15;4.08;4.12;3488700;31876618.00
2014/08/22;4.12;4.17;4.09;4.17;3446113;31632544.00
2014/08/25;4.17;4.17;4.09;4.11;4618297;42194996.00
2014/08/26;4.10;4.12;3.96;3.96;4124320;37011624.00
2014/08/27;3.96;4.00;3.95;3.98;1915067;16918636.00
2014/08/28;3.97;3.98;3.82;3.85;3736725;32333740.00
2014/08/29;3.85;3.89;3.82;3.89;2630864;22540530.00
2014/09/01;3.89;3.95;3.89;3.95;3997844;34837756.00
2014/09/02;3.97;4.05;3.97;3.99;6130770;54549004.00
2014/09/03;4.01;4.02;3.95;4.01;4738955;42094996.00
2014/09/04;4.01;4.05;3.99;4.04;5097010;45532300.00
2014/09/05;4.04;4.06;4.01;4.05;4227525;37862132.00
2014/09/09;4.05;4.11;4.02;4.11;4690693;42445968.00
2014/09/10;4.09;4.12;4.06;4.10;3553722;32301202.00
2014/09/11;4.10;4.22;4.06;4.15;8903456;81776976.00
2014/09/12;4.16;4.18;4.12;4.16;5663202;52157972.00
2014/09/15;4.16;4.18;4.12;4.17;7277156;67020176.00
2014/09/16;4.17;4.19;3.99;4.00;7059537;64461448.00
2014/09/17;3.99;4.05;3.94;4.00;3906357;34680516.00
2014/09/18;4.00;4.25;3.99;4.25;14649647;135464160.00
2014/09/19;4.23;4.33;4.22;4.29;10299976;97714360.00
2014/09/22;4.28;4.29;4.19;4.27;5415860;51102584.00
2014/09/23;4.26;4.35;4.26;4.34;6119422;58496356.00
2014/09/24;4.36;4.39;4.31;4.36;6492745;62653864.00
2014/09/25;4.36;4.38;4.24;4.26;7178680;68493936.00
2014/09/26;4.26;4.35;4.23;4.28;4357391;41618240.00
2014/09/29;4.31;4.46;4.29;4.45;8095798;79066800.00
2014/09/30;4.44;4.45;4.37;4.41;5444703;53248232.00
2014/10/08;4.41;4.49;4.37;4.44;5607867;55067676.00
2014/10/09;4.46;4.46;4.33;4.37;6204028;60415668.00
2014/10/10;4.35;4.40;4.27;4.29;5982627;57492348.00
2014/10/13;4.29;4.43;4.27;4.43;6620287;63876324.00
2014/10/14;4.38;4.45;4.32;4.34;5891079;57190272.00
2014/10/15;4.32;4.32;4.24;4.29;5463153;51973140.00
2014/10/16;4.28;4.31;4.22;4.22;4141336;39278872.00
2014/10/17;4.19;4.23;4.04;4.07;8518448;77528616.00
2014/10/20;4.09;4.14;4.03;4.14;3883398;35409692.00
2014/10/21;4.14;4.17;4.09;4.11;2798359;25611560.00
2014/10/22;4.11;4.14;4.05;4.05;2890034;26312306.00
2014/10/23;4.03;4.04;3.93;3.97;3385268;29931902.00
2014/10/24;3.98;4.03;3.97;4.03;2413343;21450310.00
2014/10/27;4.03;4.11;3.98;4.08;2853811;25741588.00
2014/10/28;4.08;4.19;4.08;4.17;4182794;38671952.00
2014/10/29;4.18;4.21;4.15;4.20;4377580;40640528.00
2014/10/30;4.19;4.22;4.15;4.17;2626928;24370708.00
2014/10/31;4.18;4.19;4.07;4.13;3809061;34946972.00
2014/11/03;4.14;4.19;4.12;4.17;4476967;41346132.00
2014/11/04;4.17;4.30;4.16;4.26;6806047;64010760.00
2014/11/05;4.24;4.37;4.20;4.32;7285331;69369128.00
2014/11/06;4.29;4.48;4.28;4.41;10129692;99186656.00
2014/11/07;4.42;4.44;4.27;4.29;6145453;59320540.00
2014/11/10;4.29;4.36;4.28;4.31;3057068;29219442.00
2014/11/11;4.30;4.30;4.10;4.13;4701791;43713940.00
2014/11/12;4.13;4.25;4.11;4.23;3954877;36960660.00
2014/11/13;4.22;4.37;4.18;4.29;6257867;59788916.00
2014/11/14;4.28;4.39;4.24;4.36;4529927;43684720.00
2014/11/17;4.36;4.45;4.30;4.41;5088313;49842328.00
2014/11/18;4.35;4.47;4.35;4.45;5695619;56001120.00
2014/11/19;4.46;4.56;4.38;4.52;8882843;88302968.00
2014/11/20;4.48;4.58;4.47;4.51;6515443;65401540.00
2014/11/21;4.48;4.53;4.46;4.49;3004754;30005014.00
2014/11/24;4.50;4.60;4.43;4.60;8324737;83375856.00
2014/11/25;4.59;4.84;4.59;4.80;8771745;92016424.00
2014/11/26;4.75;4.83;4.72;4.81;4471375;47358668.00
2014/11/27;4.81;4.86;4.71;4.77;4385018;46332676.00
2014/11/28;4.77;4.81;4.70;4.71;4954493;52170944.00
2014/12/01;4.73;4.75;4.41;4.49;8988302;90821496.00
2014/12/02;4.46;4.82;4.28;4.64;15382733;154196080.00
2014/12/03;4.58;4.65;4.50;4.62;8261245;83602136.00
2014/12/04;4.62;4.82;4.55;4.71;12185415;127188160.00
2014/12/05;4.73;4.92;4.44;4.70;8665497;89246640.00
2014/12/08;4.68;4.95;4.65;4.89;14282558;152759440.00
2014/12/09;4.96;5.19;4.69;4.84;20117277;218185296.00
2014/12/10;4.82;5.04;4.75;4.96;8126439;88852544.00
2014/12/11;4.96;5.05;4.87;4.97;7092028;77921760.00
2014/12/12;5.00;5.05;4.90;4.99;7043674;77737200.00
2014/12/15;4.96;4.98;4.85;4.90;5715692;62260704.00
2014/12/16;4.91;5.10;4.90;5.00;8287484;91637496.00
2014/12/17;4.99;5.06;4.85;4.99;9531333;104970112.00
2014/12/18;4.89;5.02;4.87;4.94;6627245;72716744.00
2014/12/19;4.93;4.96;4.71;4.85;7607221;81246360.00
2014/12/22;4.79;4.79;4.50;4.66;5291177;54109776.00
2014/12/23;4.62;4.68;4.51;4.66;5062231;51618380.00
2014/12/24;4.64;4.78;4.58;4.66;5841380;60558820.00
2014/12/25;4.66;4.73;4.59;4.65;4016270;41319584.00
2014/12/26;4.64;4.73;4.57;4.62;5574418;57308780.00
2014/12/29;4.60;4.69;4.38;4.62;9303772;93799088.00
2014/12/30;4.59;4.68;4.41;4.46;9201050;92344712.00
2014/12/31;4.46;4.53;4.28;4.35;6326491;61422628.00
2015/01/05;4.35;4.35;4.20;4.28;3861905;36566956.00
2015/01/06;4.26;4.50;4.23;4.45;6871407;66575960.00
2015/01/07;4.37;4.42;4.33;4.36;3513681;34061532.00
2015/01/08;4.36;4.39;4.31;4.32;2595820;25054222.00
2015/01/09;4.33;4.37;4.31;4.31;1868960;17997096.00
2015/01/12;4.28;4.33;4.23;4.29;1999494;18925878.00
2015/01/13;4.30;4.35;4.23;4.29;2450103;23279034.00
2015/01/14;4.32;4.32;4.21;4.22;2172036;20479010.00
2015/01/15;4.22;4.27;4.21;4.22;2331230;21912746.00
2015/01/16;4.22;4.35;4.22;4.33;2242346;21369982.00
2015/01/19;4.27;4.43;4.23;4.29;4988219;48111380.00
2015/01/20;4.32;4.41;4.31;4.39;4109372;39797560.00
2015/01/21;4.42;4.47;4.39;4.47;4415973;43536304.00
2015/01/22;4.47;4.64;4.43;4.62;6381831;64454872.00
2015/01/23;4.64;4.66;4.50;4.52;4529617;45626776.00
2015/01/26;4.55;4.71;4.51;4.68;4716555;48201660.00
2015/01/27;4.67;4.84;4.57;4.83;5967522;62248168.00
2015/01/28;4.80;4.90;4.72;4.89;5178479;55282472.00
2015/01/29;4.89;4.92;4.77;4.79;4794516;51473528.00
2015/01/30;4.80;4.80;4.46;4.51;11855508;120448392.00
2015/02/02;4.46;4.54;4.38;4.50;5092110;50298208.00
2015/02/03;4.48;4.67;4.47;4.62;5215618;52957548.00
2015/02/04;4.61;4.73;4.51;4.55;11614098;119002000.00
2015/02/05;4.64;4.64;4.51;4.53;11368430;115055352.00
2015/02/06;4.51;4.53;4.29;4.32;6822820;66980872.00
2015/02/09;4.28;4.43;4.26;4.38;6253776;60719904.00
2015/02/10;4.38;4.43;4.36;4.41;3193867;31144260.00
2015/02/11;4.41;4.76;4.37;4.75;9500157;96570464.00
2015/02/12;4.73;4.97;4.72;4.84;12221973;131726704.00
2015/02/13;4.79;4.88;4.68;4.80;15646920;164962672.00
2015/02/16;4.78;5.17;4.78;5.13;20245105;224340512.00
2015/02/17;5.11;5.37;5.07;5.22;13251993;152736512.00
2015/02/25;5.23;5.26;4.96;4.98;9368440;105289376.00
2015/02/26;4.98;4.98;4.80;4.90;13022680;140669120.00
2015/02/27;4.88;5.06;4.86;5.05;9177623;100577560.00
2015/03/02;5.06;5.37;5.01;5.37;16135169;186454784.00
2015/03/03;5.36;5.91;5.29;5.59;19023630;238092512.00
2015/03/04;5.54;5.77;5.52;5.67;7610859;95433216.00
2015/03/05;5.67;5.71;5.50;5.66;6603030;81706328.00
2015/03/06;5.64;5.98;5.59;5.77;9638049;123907816.00
2015/03/09;5.78;6.00;5.66;5.81;6844659;88237616.00
2015/03/10;5.82;5.91;5.71;5.82;7109157;91665088.00
2015/03/11;5.78;5.87;5.50;5.69;14437518;181114368.00
2015/03/12;5.67;5.68;5.43;5.52;5456146;67134400.00
2015/03/13;5.54;5.82;5.54;5.67;7846219;98958752.00
2015/03/16;5.69;5.94;5.69;5.93;9235491;120070248.00
2015/03/17;5.96;6.14;5.80;5.88;9019393;119064456.00
2015/03/18;5.88;6.06;5.78;6.02;6299453;82848424.00
2015/03/19;6.02;6.29;5.95;6.27;8431174;113303400.00
2015/03/20;6.22;6.37;6.12;6.27;6775825;93757416.00
2015/03/23;6.28;6.39;6.18;6.25;6397873;88893440.00
2015/03/24;6.28;6.37;5.92;6.20;10956839;148365360.00
2015/03/25;6.16;6.23;6.02;6.11;6496293;87878640.00
2015/03/26;5.98;6.10;5.78;5.86;9252547;121100944.00
2015/03/27;5.81;6.08;5.81;6.07;8181438;107841696.00
2015/03/30;6.07;6.23;5.95;6.07;8360503;112009864.00
2015/03/31;6.07;6.13;5.93;6.07;6795579;90813080.00
2015/04/01;6.05;6.24;5.96;6.17;7329542;99571568.00
2015/04/02;6.23;6.47;6.14;6.46;12140363;168644032.00
2015/04/03;6.46;6.77;6.32;6.67;10775009;157200448.00
2015/04/07;6.76;7.19;6.64;7.07;11562805;176763904.00
2015/04/08;7.17;7.29;6.72;7.17;13515920;208319104.00
2015/04/09;7.21;7.44;6.77;7.36;13363850;211458256.00
2015/04/10;7.23;7.46;6.92;7.23;8864978;142409136.00
2015/04/13;7.15;7.55;7.06;7.51;10348521;168034368.00
2015/04/14;7.50;7.77;7.37;7.64;7568195;126328176.00
2015/04/15;7.67;7.67;7.11;7.35;8358292;135276112.00
2015/04/16;7.32;7.91;7.24;7.79;8864680;149774912.00
2015/04/17;7.71;8.15;7.63;7.93;7818892;136262464.00
2015/04/20;7.82;7.99;7.46;7.72;6091087;103491616.00
2015/04/21;7.67;8.00;7.60;7.93;6495451;112414016.00
2015/04/22;8.02;8.21;7.85;8.10;8937382;158119168.00
2015/04/23;8.10;8.45;7.99;8.18;7582860;136793584.00
2015/04/24;8.01;8.10;7.83;8.02;12288839;217031856.00
2015/04/27;8.07;8.22;7.94;8.10;7116714;127222712.00
2015/04/28;8.06;8.82;8.06;8.61;14030032;264985264.00
2015/04/29;8.54;9.47;8.54;9.47;10250327;208284320.00
2015/04/30;9.51;10.38;9.06;10.27;16292197;356112288.00
2015/05/04;10.23;10.24;9.54;9.95;10262404;224829232.00
2015/05/05;9.87;9.87;9.06;9.41;8830512;183941424.00
2015/05/06;9.61;9.92;9.10;9.63;10629385;226540928.00
2015/05/07;9.53;9.73;9.14;9.46;5079215;106211240.00
2015/05/08;9.55;10.05;9.23;10.04;9611547;203980960.00
2015/05/11;10.05;10.93;10.01;10.72;9190715;213773792.00
2015/05/12;11.01;11.02;10.34;10.89;8663579;206137456.00
2015/05/13;10.87;10.87;9.96;10.42;11633838;267199408.00
2015/05/14;10.39;10.73;10.32;10.52;6673721;155690192.00
2015/05/15;10.60;11.57;10.60;11.57;14083068;349073248.00
2015/05/18;12.06;12.74;11.81;12.74;10321710;287092896.00
2015/05/19;13.33;14.01;12.70;13.82;18245670;541129344.00
2015/05/20;14.01;14.86;12.69;13.82;21896920;671280704.00
2015/05/21;13.51;14.73;13.37;14.51;15981475;496792384.00
2015/05/22;14.46;14.71;13.69;13.95;12580070;394186752.00
2015/05/25;13.60;14.62;13.42;14.17;10798631;336414848.00
2015/05/26;14.18;15.59;13.95;15.59;9960579;325568096.00
2015/05/27;16.22;16.26;14.62;15.56;15864855;537342272.00
2015/05/28;15.54;15.54;14.10;14.28;6787230;220958992.00
2015/05/29;14.00;15.18;13.60;14.94;8175469;265156096.00
2015/06/01;14.96;16.09;14.96;15.48;7203782;248084752.00
2015/06/02;15.45;16.82;15.42;16.76;6054951;217454192.00
2015/06/03;16.76;17.14;15.77;16.23;5188171;185176704.00
2015/06/04;16.23;16.39;14.61;16.24;5450500;187851408.00
2015/06/05;16.33;16.76;15.61;15.98;5576235;198521344.00
2015/06/08;15.84;16.03;14.96;15.64;4844912;164697136.00
2015/06/09;15.62;16.41;15.19;15.67;4775768;165239184.00
2015/06/10;15.64;17.17;15.39;16.69;6694202;240817456.00
2015/06/11;16.72;18.36;16.69;18.07;7628725;298839968.00
2015/06/12;18.16;18.57;17.69;17.92;4108973;163696960.00
2015/06/15;17.92;18.82;17.92;18.59;5345374;217423728.00
2015/06/16;18.39;18.39;16.78;17.59;3612920;140821648.00
2015/06/17;17.59;17.94;16.07;17.60;6351855;242211312.00
2015/06/18;17.64;17.69;16.69;16.93;4278648;160953120.00
2015/06/19;16.64;17.01;15.23;15.23;4901284;170722192.00
2015/06/23;15.42;16.14;14.55;15.86;8238012;282291776.00
2015/06/24;16.32;16.71;15.75;16.60;6001400;215388080.00
2015/06/25;16.60;17.01;15.32;15.69;3115358;111994856.00
2015/06/26;15.16;15.16;14.12;14.12;4208368;133033264.00
2015/12/03;12.70;13.06;12.70;12.70;18751984;525146336.00
2015/12/04;12.25;13.97;11.79;13.97;27270989;785972032.00
2015/12/07;14.07;14.47;12.57;13.55;47900732;1397864448.00
2015/12/08;13.15;13.29;12.47;12.47;20736813;584188736.00
2015/12/09;12.25;12.25;11.65;11.69;21825934;570662720.00
2015/12/10;11.57;11.95;11.43;11.70;14142813;365221632.00
2015/12/11;11.66;11.88;11.45;11.52;9191469;236286064.00
2015/12/14;11.27;11.33;10.95;11.33;10121985;248564144.00
2015/12/15;11.36;11.88;11.34;11.71;11124055;284959008.00
2015/12/16;11.88;12.77;11.79;12.44;21890268;591476992.00
2015/12/17;12.52;13.42;12.28;12.97;26589213;751231168.00
2015/12/18;12.70;12.85;12.29;12.34;17595389;484893184.00
2015/12/21;12.34;12.57;12.17;12.52;10211814;278081984.00
2015/12/22;12.43;12.52;12.12;12.26;8572514;232195808.00
2015/12/23;12.20;12.33;11.88;11.91;10587513;281853792.00
2015/12/24;11.86;11.97;11.39;11.75;7202007;184506064.00
2015/12/25;11.73;12.04;11.73;11.97;6583243;172780576.00
2015/12/28;12.02;12.17;11.31;11.31;8729154;225537728.00
2015/12/29;11.27;11.41;11.01;11.26;6653187;163781616.00
2015/12/30;11.36;11.79;11.34;11.75;7079807;180248896.00
2015/12/31;11.81;11.82;11.34;11.43;5286082;134821904.00
2016/01/04;11.45;11.56;10.28;10.28;4458560;105098984.00
2016/01/05;9.32;9.82;9.25;9.33;12277843;255887008.00
2016/01/06;9.43;9.77;9.12;9.76;9708699;202004576.00
2016/01/07;9.47;9.47;8.78;8.78;1575900;31640836.00
2016/01/08;8.84;9.06;8.02;8.39;10365754;196113984.00
2016/01/11;8.17;8.38;7.55;7.55;8938376;156401088.00
2016/01/12;7.47;7.92;7.25;7.69;10373826;174401664.00
2016/01/13;7.74;7.95;7.57;7.62;9339642;160696448.00
2016/01/14;7.16;7.97;6.97;7.91;10510531;175190896.00
2016/01/15;7.81;7.86;7.12;7.20;10072574;167972144.00
2016/01/18;7.07;7.89;7.05;7.66;13128489;219519072.00
2016/01/19;7.59;8.06;7.59;8.00;15837883;273590016.00
2016/01/20;7.88;8.50;7.87;8.07;17682335;316849600.00
2016/01/21;7.79;8.22;7.52;7.52;12578645;218522528.00
2016/01/22;7.66;7.87;7.39;7.86;10442837;176264128.00
2016/01/25;7.96;8.01;7.61;7.74;10426323;180410672.00
2016/01/26;7.57;7.65;6.97;6.97;9391591;151292304.00
2016/01/27;6.97;7.02;6.38;6.75;9817184;144527936.00
2016/01/28;6.61;6.84;6.30;6.41;8572451;125814488.00
2016/01/29;6.47;6.89;6.36;6.78;8130470;119837232.00
2016/02/01;6.67;6.82;6.34;6.53;6992518;102354728.00
2016/02/02;6.55;6.97;6.55;6.86;9659107;145211744.00
2016/02/03;6.74;6.87;6.56;6.84;8241847;121975720.00
2016/02/04;6.84;7.07;6.79;6.92;11995525;183759024.00
2016/02/05;6.91;7.16;6.75;6.77;9021636;138262080.00
2016/02/15;6.34;6.72;6.29;6.59;7681373;109887512.00
2016/02/16;6.61;7.25;6.59;7.25;8490459;130480024.00
2016/02/17;7.37;7.57;7.12;7.53;19767605;319784160.00
2016/02/18;7.45;7.58;7.30;7.41;12452267;204481440.00
2016/02/19;7.37;7.65;7.30;7.49;13422721;222318976.00
2016/02/22;7.59;7.77;7.50;7.64;13005828;218461488.00
2016/02/23;7.58;7.65;7.32;7.51;11003782;181378960.00
2016/02/24;7.43;7.58;7.12;7.50;11494955;187050432.00
2016/02/25;7.47;7.47;6.75;6.75;11508570;179012032.00
2016/02/26;6.69;6.78;6.30;6.41;10346890;148626144.00
2016/02/29;6.34;6.34;5.77;5.77;9085190;117145696.00
2016/03/01;5.75;5.97;5.47;5.86;9699797;123432960.00
2016/03/02;5.87;6.28;5.81;6.20;12469325;166501728.00
2016/03/03;6.17;6.42;6.13;6.17;12113137;167190528.00
2016/03/04;6.15;6.17;5.58;5.66;11163727;144421248.00
2016/03/07;5.70;6.20;5.70;5.94;10186853;133503024.00
2016/03/08;5.87;6.23;5.52;6.23;13522085;176822640.00
2016/03/09;6.09;6.16;5.90;5.95;10130652;135000784.00
2016/03/10;5.96;6.05;5.80;5.81;8276380;108191632.00
2016/03/11;5.70;5.86;5.60;5.81;5989730;75811024.00
2016/03/14;5.93;6.28;5.91;6.15;12255371;165996048.00
2016/03/15;6.11;6.18;5.96;6.02;7906055;105721288.00
2016/03/16;6.12;6.15;5.84;5.92;7670562;101483448.00
2016/03/17;5.97;6.35;5.92;6.24;14592292;198713264.00
2016/03/18;6.29;6.69;6.21;6.63;21437416;305789856.00
2016/03/21;6.67;6.87;6.50;6.84;22063380;326971872.00
2016/03/22;6.74;6.96;6.70;6.82;15675254;235400160.00
2016/03/23;6.79;6.99;6.71;6.93;14746780;222372000.00
2016/03/24;6.83;7.28;6.71;6.93;25400501;391234944.00
2016/03/25;6.83;7.02;6.81;6.96;17313169;264194624.00
2016/03/28;7.02;7.21;6.80;6.83;16417072;254401312.00
2016/03/29;6.83;6.86;6.38;6.56;11693872;171027920.00
2016/03/30;6.60;7.04;6.60;7.02;17297496;260843616.00
2016/03/31;7.07;7.19;6.94;7.05;16953654;264153744.00
2016/04/01;7.00;7.03;6.74;6.97;13044301;197846800.00
2016/04/05;6.96;7.30;6.95;7.20;17580931;277064512.00
2016/04/06;7.14;7.45;7.11;7.45;19999864;320349440.00
2016/04/07;7.47;7.49;7.16;7.16;18660619;299973984.00
2016/04/08;7.10;7.13;6.87;7.05;12482978;192970240.00
2016/04/11;7.12;7.25;7.12;7.12;12117761;192171552.00
2016/04/12;7.09;7.13;6.86;7.00;10881173;167036576.00
2016/04/13;6.98;7.24;6.98;7.08;13075118;206123504.00
2016/04/14;7.11;7.25;7.09;7.22;11902871;188224640.00
2016/04/15;7.23;7.47;7.16;7.22;16594850;267554544.00
2016/04/18;7.14;7.19;6.99;7.07;9060729;141169040.00
2016/04/19;7.12;7.18;7.02;7.10;7998809;125323480.00
2016/04/20;7.13;7.16;6.39;6.46;17149504;253076128.00
2016/04/21;6.45;6.52;6.29;6.32;7747224;110395512.00
2016/04/22;6.25;6.47;6.20;6.44;6264060;87913712.00
2016/04/25;6.50;6.50;6.31;6.47;5339446;75718848.00
2016/04/26;6.43;6.51;6.34;6.51;5528538;78628656.00
2016/04/27;6.49;6.57;6.39;6.40;6197976;88860600.00
2016/04/28;6.42;6.44;6.20;6.37;6399598;89447064.00
2016/04/29;6.34;6.41;6.30;6.31;4274391;59904260.00
2016/05/03;6.28;6.68;6.27;6.62;9369085;135089360.00
2016/05/04;6.56;6.70;6.55;6.61;6311699;92420328.00
2016/05/05;6.60;6.73;6.57;6.72;6170656;90688096.00
2016/05/06;6.73;6.97;6.41;6.42;13051007;193469856.00
2016/05/09;6.33;6.33;5.97;5.98;7940844;107386048.00
2016/05/10;5.98;6.05;5.89;5.97;3997238;52866928.00
2016/05/11;6.03;6.23;5.94;6.03;8168329;109833680.00
2016/05/12;5.91;5.98;5.70;5.97;6331800;81682000.00
2016/05/13;5.97;6.05;5.83;5.86;6294363;82605040.00
2016/05/16;5.93;6.08;5.87;6.07;5407571;71562288.00
2016/05/17;6.11;6.18;6.02;6.08;5489433;74037424.00
2016/05/18;6.08;6.08;5.76;5.88;4496396;58712648.00
2016/05/19;6.02;6.06;5.91;5.92;5051128;66857584.00
2016/05/20;5.88;6.04;5.80;6.02;3744361;49252656.00
2016/05/23;6.07;6.11;6.02;6.07;4828239;64700872.00
2016/05/24;6.05;6.07;5.92;6.02;4484823;59266836.00
2016/05/25;6.06;6.09;5.94;5.97;4116482;54797264.00
2016/05/26;5.97;6.04;5.77;6.04;5541188;72189768.00
2016/05/27;6.00;6.04;5.95;5.97;3780161;50070276.00
2016/05/30;5.94;5.94;5.77;5.85;4041740;52456696.00
2016/05/31;5.92;6.20;5.88;6.20;10690866;143434000.00
2016/06/01;6.16;6.32;6.16;6.18;11535890;158598640.00
2016/06/02;6.18;6.36;6.16;6.33;9983052;138036576.00
2016/06/03;6.29;6.40;6.27;6.35;8562465;119660328.00
2016/06/06;6.36;6.39;6.26;6.32;6367420;88868592.00
2016/06/07;6.32;6.37;6.23;6.36;6872780;95652592.00
2016/06/08;6.34;6.42;6.25;6.34;7948257;111245448.00
2016/06/13;6.20;6.33;5.96;5.96;7579734;103494464.00
2016/06/14;5.93;6.00;5.87;5.96;4249436;55800852.00
2016/06/15;5.88;6.47;5.87;6.36;12174410;167416624.00
2016/06/16;6.31;6.43;6.30;6.37;8063771;113352752.00
2016/06/17;6.39;6.47;6.34;6.37;6173697;87380160.00
2016/06/20;6.32;6.47;6.28;6.42;9874303;139349008.00
2016/06/21;6.45;6.52;6.22;6.24;11398455;160457824.00
2016/06/22;6.21;6.42;6.19;6.39;6214093;86374472.00
2016/06/23;6.38;6.40;6.25;6.34;5598598;78231448.00
2016/06/24;6.34;6.38;5.98;6.20;9006001;123588032.00
2016/06/27;6.15;6.51;6.14;6.51;10017024;141160800.00
2016/06/28;6.50;6.62;6.44;6.60;10227301;147631792.00
2016/06/29;6.60;6.67;6.52;6.56;10155556;147677184.00
2016/06/30;6.63;6.75;6.56;6.62;8508646;124517368.00
2016/07/01;6.62;6.68;6.51;6.55;7167493;104176096.00
2016/07/04;6.52;6.77;6.52;6.76;11273783;165954896.00
2016/07/05;6.73;6.82;6.64;6.81;9689957;143889664.00
2016/07/06;6.78;6.83;6.71;6.80;8001433;119686616.00
2016/07/07;6.79;6.95;6.71;6.89;13008131;196336224.00
2016/07/08;6.93;6.97;6.82;6.82;11500659;174512704.00
2016/07/11;6.85;6.92;6.71;6.71;11769077;177284688.00
2016/07/12;6.72;6.79;6.56;6.79;9031848;133286248.00
2016/07/13;6.79;7.00;6.76;6.92;18243919;277343040.00
2016/07/14;6.95;6.99;6.65;6.75;28271607;191276336.00
2016/07/15;6.85;7.20;6.71;7.01;54701994;382377568.00
2016/07/18;6.95;6.99;6.75;6.80;29136112;199098768.00
2016/07/19;6.77;6.83;6.70;6.80;15638443;105561904.00
2016/07/20;6.78;6.83;6.68;6.68;19542966;131434264.00
2016/07/21;6.68;6.72;6.61;6.61;20788895;138405712.00
2016/07/22;6.61;6.69;6.56;6.57;15788046;104665880.00
2016/07/25;6.60;6.63;6.54;6.62;10838790;71421904.00
2016/07/26;6.60;6.75;6.58;6.75;16238562;108067456.00
2016/07/27;6.75;6.76;6.15;6.29;24800380;160914032.00
2016/07/28;6.28;6.45;6.21;6.39;13541886;85795600.00
2016/07/29;6.40;6.46;6.32;6.35;8339206;53227416.00
2016/08/01;6.21;6.32;5.92;6.30;17000546;104310808.00
2016/08/02;6.20;6.33;6.20;6.28;7753680;48736768.00
2016/08/03;6.35;6.35;6.21;6.25;6642143;41711564.00
2016/08/04;6.26;6.26;6.11;6.18;13438445;82980192.00
2016/08/05;6.18;6.24;6.14;6.17;8448091;52299632.00
2016/08/08;6.23;6.68;6.21;6.50;23801179;154323600.00
2016/08/09;6.48;6.72;6.48;6.64;21063147;139619856.00
2016/08/10;6.70;6.78;6.49;6.62;20702612;136712000.00
2016/08/11;6.66;6.75;6.55;6.58;19300885;128091440.00
2016/08/12;6.56;6.63;6.48;6.61;12975810;84990936.00
2016/08/15;6.60;6.77;6.51;6.70;22787130;151885600.00
2016/08/16;6.80;6.89;6.73;6.73;22283259;151138736.00
2016/08/17;6.73;6.75;6.60;6.66;14010621;93231688.00
2016/08/18;6.64;6.69;6.58;6.66;17037055;112961128.00
2016/08/19;6.65;6.67;6.55;6.59;12051749;79534480.00
2016/08/22;6.57;6.65;6.44;6.45;12704332;82752448.00
2016/08/23;6.42;6.52;6.39;6.48;12119702;78248672.00
2016/08/24;6.49;6.52;6.42;6.47;7719606;49916988.00
2016/08/25;6.41;6.43;6.30;6.35;9425426;59840636.00
2016/08/26;6.35;6.44;6.35;6.36;7754298;49541116.00
2016/08/29;6.38;6.55;6.32;6.49;15000498;97141800.00
2016/08/30;6.52;6.57;6.45;6.52;10556223;68867304.00
2016/08/31;6.53;6.53;6.42;6.49;6623130;42887640.00
2016/09/01;6.52;6.53;6.38;6.39;9819941;63343916.00
2016/09/02;6.38;6.42;6.35;6.38;7310412;46648240.00
2016/09/05;6.41;6.46;6.33;6.37;6097392;38984224.00
2016/09/06;6.36;6.48;6.31;6.48;10662285;68233824.00
2016/09/07;6.48;6.63;6.44;6.50;17575399;114884176.00
2016/09/08;6.51;6.69;6.47;6.64;20426769;134953744.00
2016/09/09;6.63;6.67;6.51;6.54;11990296;78832432.00
2016/09/12;6.44;6.83;6.36;6.69;33714317;223435408.00
2016/09/13;6.73;6.88;6.62;6.85;38888360;263623712.00
2016/09/14;6.78;6.93;6.70;6.73;25024619;170633888.00
2016/09/19;6.70;6.77;6.66;6.76;14972467;100656848.00
2016/09/20;6.77;6.77;6.63;6.67;13812161;92088856.00
2016/09/21;6.68;6.87;6.63;6.82;17553308;118470816.00
2016/09/22;6.83;6.95;6.72;6.76;21410672;146346256.00
2016/09/23;6.74;6.82;6.66;6.67;8965015;60233024.00
2016/09/26;6.64;6.70;6.40;6.48;10440480;68906472.00
2016/09/27;6.50;6.55;6.43;6.54;8289010;53872816.00
2016/09/28;6.56;6.56;6.45;6.47;10624724;68804504.00
2016/09/29;6.51;6.55;6.45;6.50;9267891;60366004.00
2016/09/30;6.54;6.59;6.48;6.59;8882472;58016140.00
2016/10/10;6.62;7.15;6.60;7.01;47921655;331230048.00
2016/10/11;7.00;7.09;6.95;7.04;24415741;171580832.00
2016/10/12;7.03;7.34;7.00;7.25;38404814;276496640.00
2016/10/13;7.23;7.45;7.13;7.18;34321328;249764240.00
2016/10/14;7.16;7.44;7.09;7.29;28561375;207401392.00
2016/10/17;7.40;7.48;7.21;7.28;31077765;228132224.00
2016/10/18;7.28;7.35;7.20;7.32;18578462;135217984.00
2016/10/19;7.31;7.45;7.28;7.30;17101316;125610192.00
2016/10/20;7.28;7.89;7.23;7.66;32001380;241677872.00
2016/10/21;7.64;7.70;7.45;7.59;23817561;179563392.00
2016/10/24;7.54;7.62;7.48;7.55;15262457;115420184.00
2016/10/25;7.52;7.84;7.49;7.71;21302239;163971488.00
2016/10/26;7.66;7.78;7.60;7.64;12449377;95446880.00
2016/10/27;7.70;7.74;7.55;7.68;11171691;85391648.00
2016/10/28;7.70;7.97;7.65;7.69;20399260;159351872.00
2016/10/31;7.65;7.83;7.40;7.78;18366728;140757456.00
2016/11/01;7.77;7.80;7.56;7.68;18570659;142322272.00
2016/11/02;7.66;7.66;7.44;7.44;17770898;134374192.00
2016/11/03;7.41;7.60;7.30;7.50;22777085;169950784.00
2016/11/04;7.49;7.65;7.37;7.48;12003312;90243848.00
2016/11/07;7.50;7.58;7.38;7.40;8894953;66243144.00
2016/11/08;7.46;7.75;7.40;7.75;20213215;154196048.00
2016/11/09;7.72;7.81;7.45;7.58;19789795;150904720.00
2016/11/10;7.66;7.94;7.66;7.86;21288552;166193584.00
2016/11/11;7.85;7.94;7.76;7.80;12924444;101187752.00
2016/11/14;7.71;7.88;7.64;7.64;14373864;110941256.00
2016/11/15;7.68;7.82;7.64;7.74;13140951;101611616.00
2016/11/16;7.79;8.18;7.78;8.03;25985393;208584240.00
2016/11/17;7.95;8.00;7.86;7.90;8839900;69843176.00
数据来源:通达信
