300375 鹏翎股份 日线 前复权
      日期	    开盘	    最高	    最低	    收盘	    成交量	    成交额
2014/01/27;11.23;13.58;11.23;13.58;4535945;127549480.00
2014/01/28;13.98;14.99;13.69;14.98;15542237;466108288.00
2014/01/29;14.29;14.37;13.43;13.43;7351185;208507168.00
2014/01/30;12.62;12.72;12.04;12.12;5594456;142493648.00
2014/02/07;11.98;12.48;11.79;12.38;3180462;80946904.00
2014/02/10;12.37;13.47;12.26;13.16;5277203;141823360.00
2014/02/11;13.03;13.95;12.83;13.85;6973393;195901040.00
2014/02/12;13.81;15.28;13.65;15.17;8107498;246132816.00
2014/02/13;14.98;15.13;14.08;14.10;5537446;167002912.00
2014/02/14;14.23;15.36;14.23;15.20;6008869;184302768.00
2014/02/17;15.46;16.77;15.46;16.77;5999018;201154448.00
2014/02/18;17.42;18.15;16.65;17.01;8539973;305007072.00
2014/02/19;17.18;17.18;15.76;16.62;5560076;189351760.00
2014/02/20;16.31;17.68;15.93;16.96;5302283;184194976.00
2014/02/21;16.80;17.18;15.94;16.48;3304610;112818064.00
2014/02/24;16.53;16.57;16.05;16.37;2548245;85581432.00
2014/02/25;16.41;17.10;14.74;14.83;5173100;172533536.00
2014/02/26;14.32;14.63;13.73;14.48;2654878;78540160.00
2014/02/27;14.49;14.98;13.78;13.79;2761550;82210248.00
2014/02/28;13.87;15.22;13.49;15.22;4529417;136894016.00
2014/03/03;15.50;16.80;15.50;16.80;6353363;215502496.00
2014/03/04;16.91;17.77;15.62;16.25;7296243;251887984.00
2014/03/05;16.08;16.48;15.61;16.14;2865929;94809712.00
2014/03/06;16.14;17.48;15.65;17.04;4644609;159952240.00
2014/03/07;16.73;16.97;15.63;15.75;3894496;130748296.00
2014/03/10;15.28;15.90;14.99;15.31;1984282;63077236.00
2014/03/11;15.31;16.73;15.28;16.10;3188990;105632944.00
2014/03/12;15.70;17.08;15.28;16.63;5762515;194576096.00
2014/03/13;16.28;16.56;15.61;15.93;3304400;109242576.00
2014/03/14;15.58;16.53;15.43;16.00;2873014;95365080.00
2014/03/17;15.82;16.07;15.49;15.88;2521908;81927424.00
2014/03/18;15.83;16.38;15.63;15.86;2537080;84139512.00
2014/03/19;15.66;15.72;14.92;15.18;3283506;103181952.00
2014/03/20;15.11;15.32;14.72;14.72;1532187;47594932.00
2014/03/21;14.58;14.99;14.39;14.79;1336165;40637092.00
2014/03/24;14.81;14.97;14.26;14.29;1614693;48836628.00
2014/03/25;14.26;14.63;13.98;14.38;1126674;33531438.00
2014/03/26;14.46;14.81;14.24;14.56;1233067;37195816.00
2014/03/27;14.65;14.65;13.84;13.84;1218660;35600768.00
2014/03/28;13.48;14.22;12.66;13.39;2819242;78608848.00
2014/03/31;13.48;13.55;12.89;12.95;1197711;32713584.00
2014/04/01;12.85;13.38;12.82;13.36;1158552;31877556.00
2014/04/02;13.31;13.86;12.99;13.72;1447112;40259664.00
2014/04/03;13.55;14.02;13.40;13.53;1709599;48789172.00
2014/04/04;13.38;13.81;13.33;13.58;927295;26239352.00
2014/04/08;13.48;14.46;13.38;14.21;2022485;59151120.00
2014/04/09;14.49;14.87;14.26;14.72;2713523;81902392.00
2014/04/10;14.53;15.22;14.48;14.61;2669739;82121304.00
2014/04/11;14.46;14.46;13.90;14.03;1506720;44224528.00
2014/04/14;13.89;14.18;13.81;14.07;731774;21301404.00
2014/04/15;14.08;14.16;13.81;13.83;840974;24313270.00
2014/04/16;13.67;13.89;13.41;13.52;1054797;29759846.00
2014/04/17;13.62;13.81;13.56;13.58;909298;25771566.00
2014/04/18;13.57;13.76;13.48;13.62;667062;18870526.00
2014/04/21;13.55;14.13;13.38;13.79;2088617;60362264.00
2014/04/22;13.76;13.89;13.19;13.45;1176640;33033998.00
2014/04/23;13.34;13.69;13.33;13.52;662221;18576442.00
2014/04/24;13.51;13.53;13.05;13.22;871107;23969366.00
2014/04/25;13.14;13.33;12.86;12.88;768626;20927750.00
2014/04/28;12.76;12.91;12.28;12.33;844126;22157222.00
2014/04/29;12.35;12.88;12.29;12.88;948703;25063666.00
2014/04/30;12.89;13.12;12.81;13.05;824088;22250566.00
2014/05/05;13.01;13.41;12.86;13.34;1041379;28614604.00
2014/05/06;13.34;14.21;13.28;13.93;2328776;66990404.00
2014/05/07;13.75;14.43;13.64;14.03;2478564;72020576.00
2014/05/08;13.87;14.02;13.63;13.63;1452171;41553536.00
2014/05/09;13.64;14.33;13.64;13.98;2211187;63755148.00
2014/05/12;14.06;14.26;13.74;14.16;1608889;46437736.00
2014/05/13;14.13;14.36;13.87;13.94;1363439;39435812.00
2014/05/14;13.87;14.57;13.78;14.52;2036097;59606352.00
2014/05/15;14.43;14.71;14.13;14.13;2845411;84481256.00
2014/05/16;13.93;14.02;13.48;13.66;1782505;50191848.00
2014/05/19;13.58;14.01;13.50;14.00;1289504;36519840.00
2014/05/20;14.13;15.00;14.13;14.42;2502251;75194056.00
2014/05/21;14.35;15.03;14.16;15.00;2718650;82167168.00
2014/05/22;14.98;15.03;14.58;14.68;2037369;61842704.00
2014/05/23;14.68;14.98;14.68;14.91;1364065;41545660.00
2014/05/26;15.02;15.11;14.71;14.88;1904876;58069744.00
2014/05/27;14.93;14.93;14.56;14.61;1273218;38316412.00
2014/05/28;14.64;14.90;14.58;14.83;1430682;43384976.00
2014/05/29;14.78;14.90;14.49;14.53;1249662;37645564.00
2014/05/30;14.51;14.58;14.23;14.23;1130950;33473720.00
2014/06/03;14.24;14.57;14.24;14.35;919728;27222468.00
2014/06/04;14.35;14.63;14.20;14.46;937803;27784484.00
2014/06/05;14.39;14.73;14.39;14.69;996958;29824916.00
2014/06/06;14.71;14.78;14.23;14.46;1010206;30205228.00
2014/06/09;14.36;14.47;14.14;14.21;725380;21272142.00
2014/06/16;14.72;14.88;14.53;14.70;1843097;55504112.00
2014/06/17;14.59;14.73;14.44;14.44;1029218;30703508.00
2014/06/18;14.44;14.62;14.00;14.12;1241597;36545028.00
2014/06/19;14.12;14.18;13.06;13.28;1452224;40477428.00
2014/06/20;13.28;13.83;13.28;13.71;989319;27673980.00
2014/06/23;14.48;15.12;14.44;15.12;2714239;83080992.00
2014/06/24;15.86;15.88;15.33;15.35;4992973;159559904.00
2014/06/25;15.44;16.92;15.44;16.92;4894097;163624288.00
2014/06/26;17.64;18.65;17.37;18.65;5303644;194867760.00
2014/06/27;19.62;20.55;19.42;20.34;10670495;437788512.00
2014/06/30;19.80;20.26;19.29;19.93;5826778;234571552.00
2014/07/01;19.95;20.88;19.38;19.57;5292187;214682560.00
2014/07/02;19.43;20.12;18.83;19.78;6082920;241485872.00
2014/07/03;19.48;19.58;18.88;19.03;3819809;149555312.00
2014/07/04;19.23;19.93;19.19;19.24;4003876;159717056.00
2014/07/07;19.41;19.62;18.69;19.54;3324352;129827792.00
2014/07/08;19.64;20.68;19.39;19.53;5501415;223205248.00
2014/07/09;19.03;19.03;18.09;18.13;5303809;201815056.00
2014/07/10;18.08;18.63;17.95;18.23;2995636;111787952.00
2014/07/11;18.13;18.39;17.95;18.10;1982964;73384992.00
2014/07/14;18.13;18.41;17.91;18.41;1855751;69061808.00
2014/07/15;18.28;18.36;17.36;17.61;2605717;94528792.00
2014/07/16;17.65;17.86;16.98;17.86;2071376;73957168.00
2014/07/17;17.73;18.05;17.48;17.80;1872406;68065616.00
2014/07/18;17.66;18.00;17.41;17.53;1584066;57082516.00
2014/07/21;17.43;17.56;17.08;17.46;1318573;46625624.00
2014/07/22;17.47;17.93;17.37;17.90;1593806;57581564.00
2014/07/23;17.90;17.90;16.93;17.08;1681898;59555524.00
2014/07/24;17.08;18.58;17.02;18.03;3488707;127534208.00
2014/07/25;17.89;18.13;16.93;17.23;2582879;92268560.00
2014/07/28;17.13;17.81;17.03;17.41;2665506;94694288.00
2014/07/29;17.44;17.88;17.44;17.67;2216958;80145720.00
2014/07/30;17.81;17.93;17.41;17.90;2312414;83556192.00
2014/07/31;17.87;18.58;17.79;18.25;3103621;115793112.00
2014/08/01;18.07;18.23;17.53;17.64;2263841;82720128.00
2014/08/04;17.55;17.86;17.55;17.81;1215577;44066672.00
2014/08/05;17.82;18.22;17.53;18.22;2132951;78265664.00
2014/08/06;18.16;18.37;18.01;18.11;1769029;65603356.00
2014/08/07;18.12;18.37;17.98;17.99;1569524;58097024.00
2014/08/08;17.92;18.47;17.92;18.34;1794533;66835712.00
2014/08/11;18.42;19.88;18.41;19.28;4111597;160770160.00
2014/08/12;19.08;19.91;18.86;19.54;2893502;113800288.00
2014/08/13;19.35;19.61;18.93;19.08;1782006;69780104.00
2014/08/14;19.00;19.22;18.48;18.60;1719694;66125368.00
2014/08/15;18.60;18.87;18.46;18.72;1028383;39201716.00
2014/08/18;18.68;19.16;18.68;19.04;1065226;41293108.00
2014/08/19;19.09;19.09;18.48;18.58;1893637;72436344.00
2014/08/20;18.58;18.99;18.38;18.72;1445792;55160708.00
2014/08/21;18.66;18.68;18.31;18.48;1499090;56394748.00
2014/08/22;18.53;18.73;18.45;18.64;1002778;38051656.00
2014/08/25;18.70;18.78;18.44;18.44;960172;36293848.00
2014/08/26;18.38;18.65;17.95;18.01;1096181;40789832.00
2014/08/27;18.01;18.18;17.96;18.07;601759;22182814.00
2014/08/28;18.07;18.13;17.70;17.77;650977;23780494.00
2014/08/29;17.80;18.04;17.74;18.00;573299;20969776.00
2014/09/01;18.11;18.38;18.01;18.34;885867;32991048.00
2014/09/02;18.39;18.73;18.38;18.63;1509505;57248776.00
2014/09/03;18.63;18.81;18.43;18.64;1296595;49191760.00
2014/09/04;18.61;19.11;18.61;19.03;1951003;75212128.00
2014/09/05;19.11;19.11;18.71;18.88;1297423;49839396.00
2014/09/09;18.89;18.95;18.57;18.81;1206744;45989732.00
2014/09/10;18.76;19.12;18.62;18.89;2096453;80631656.00
2014/09/11;18.80;19.13;18.61;18.71;1715070;66058228.00
2014/09/12;18.71;19.06;18.63;19.05;1437434;55310072.00
2014/09/15;19.13;19.38;18.98;19.06;1943707;75927200.00
2014/09/16;19.07;19.13;18.30;18.30;1832052;69770896.00
2014/09/17;18.28;18.58;18.23;18.44;970915;36416260.00
2014/09/18;18.45;18.71;18.31;18.69;909456;34315808.00
2014/09/19;18.69;18.81;18.64;18.74;889036;33976532.00
2014/09/22;18.72;18.72;18.26;18.29;1104986;41534728.00
2014/09/23;18.85;19.33;18.79;18.99;2579356;100060968.00
2014/09/24;18.80;19.31;18.80;19.24;2117419;82449192.00
2014/09/25;19.28;19.37;18.90;18.98;1458022;56683740.00
2014/09/26;19.13;20.12;19.06;19.93;2830883;114309440.00
2014/09/29;20.00;20.25;19.79;19.98;1882965;76712120.00
2014/09/30;20.01;20.05;19.65;19.94;1311781;52954404.00
2014/10/08;20.08;21.23;19.97;21.01;2646926;112108856.00
2014/10/09;21.13;21.25;20.53;21.16;2002093;85123096.00
2014/10/10;21.04;22.07;20.82;21.20;2343543;102722960.00
2014/10/13;21.03;22.13;20.92;22.02;2238896;98491672.00
2014/10/14;22.18;22.24;21.73;21.86;1593599;71061168.00
2014/10/15;21.98;23.03;21.91;22.46;2084174;95471208.00
2014/10/16;22.17;23.07;21.55;21.56;3135846;141847728.00
2014/10/17;21.38;23.18;21.23;22.78;3786187;170896048.00
2014/10/20;22.79;23.13;22.50;22.74;2156444;99881336.00
2014/10/21;22.56;24.78;22.56;23.96;3663445;177269072.00
2014/10/22;24.03;24.73;23.53;23.58;2950996;143552000.00
2014/10/23;23.48;24.10;23.16;23.68;2349231;112673616.00
2014/10/24;23.64;24.68;22.73;22.83;3243089;156235152.00
2014/10/27;22.53;22.53;21.64;21.81;2403561;107810056.00
2014/10/28;22.09;22.61;22.08;22.61;1845551;83992720.00
2014/10/29;22.73;24.91;22.63;24.56;4268957;209545696.00
2014/10/30;24.43;24.61;23.74;24.23;2555182;125443296.00
2014/10/31;24.58;25.13;23.88;24.63;2561173;127126224.00
2014/11/03;24.42;25.28;24.38;24.43;1933596;96838552.00
2014/11/04;24.54;25.07;23.83;23.94;2218938;109745336.00
2014/11/05;23.73;23.86;23.44;23.61;1436833;68910304.00
2014/11/06;23.61;24.82;23.61;24.75;2220428;109721496.00
2014/11/07;24.77;24.82;23.74;23.87;2177198;107513192.00
2014/11/10;23.90;24.46;23.68;24.23;1780797;87080952.00
2014/11/11;24.33;25.26;23.91;24.64;4154569;207239200.00
2014/11/12;24.12;25.78;23.98;25.78;3963527;203734096.00
2014/11/13;25.06;25.26;24.13;24.13;3601959;180388960.00
2014/11/14;23.97;24.33;22.04;22.48;2957455;138016896.00
2014/11/17;22.43;23.37;22.33;22.92;1434737;67052896.00
2014/11/18;23.12;23.28;22.63;23.09;1205402;56135048.00
2014/11/19;23.12;23.12;22.58;22.88;1267747;58779420.00
2014/11/20;22.58;22.78;22.43;22.69;1015942;46695192.00
2014/11/21;22.63;23.22;22.63;22.88;1183499;55333112.00
2014/11/24;23.11;23.42;22.87;23.16;1421024;66882116.00
2014/11/25;23.17;23.31;22.58;22.88;1346988;62497684.00
2014/11/26;22.99;23.60;22.88;23.28;1412577;66924824.00
2014/11/27;23.42;23.88;23.33;23.65;1545700;74285272.00
2014/11/28;23.71;24.73;23.65;24.58;2423782;119356400.00
2014/12/01;24.68;25.13;23.91;24.87;2123900;105501792.00
2014/12/02;24.80;25.88;24.64;25.47;2346087;121122584.00
2014/12/03;25.25;25.71;24.53;25.28;2106402;107127024.00
2014/12/04;25.38;25.38;24.54;24.68;1652152;83671600.00
2014/12/05;24.55;24.55;22.97;23.10;2267573;108132024.00
2014/12/08;22.78;23.33;22.64;22.74;1557359;72511224.00
2014/12/09;22.68;23.12;21.19;21.31;2173273;98584344.00
2014/12/10;21.31;22.28;21.31;22.12;1170404;52400888.00
2014/12/11;22.03;22.20;21.53;22.17;1128506;50298664.00
2014/12/12;22.17;22.45;21.89;22.45;894993;40307052.00
2014/12/15;22.44;23.11;22.31;22.90;872954;40607916.00
2014/12/16;22.98;23.11;22.30;22.46;950522;43494976.00
2014/12/17;22.28;22.52;21.73;21.83;911275;40698960.00
2014/12/18;21.59;22.11;21.24;21.28;893063;39302836.00
2014/12/19;21.23;21.38;19.63;20.21;1321912;55005068.00
2014/12/22;19.88;20.06;18.46;18.72;1275995;49450096.00
2014/12/23;18.91;19.62;18.91;19.10;1020630;40097048.00
2014/12/24;19.41;20.54;19.38;20.45;1337542;54708032.00
2014/12/25;20.60;20.61;20.04;20.45;1077576;44650748.00
2014/12/26;20.38;20.61;20.22;20.58;666196;27678052.00
2014/12/29;20.43;20.44;19.48;19.60;782103;31356554.00
2014/12/30;19.43;19.63;18.65;19.11;892476;34738752.00
2014/12/31;19.33;19.64;18.97;19.64;681778;26862980.00
2015/01/05;19.65;19.65;18.73;19.34;1087249;42429756.00
2015/01/06;19.09;20.23;19.09;20.13;1301137;52419260.00
2015/01/07;20.06;20.08;19.48;19.63;826479;33201656.00
2015/01/08;19.49;19.86;19.43;19.49;837148;33544568.00
2015/01/09;19.68;20.33;19.68;19.71;1461905;59694172.00
2015/01/12;19.53;19.53;19.07;19.17;749485;29409654.00
2015/01/13;19.17;19.88;19.07;19.72;729684;29004044.00
2015/01/14;19.64;19.90;19.31;19.39;644160;25642212.00
2015/01/15;19.39;19.76;19.33;19.50;617340;24547118.00
2015/01/16;19.50;20.18;19.47;19.95;872413;35293748.00
2015/01/19;19.63;20.91;19.43;19.98;1789244;73763424.00
2015/01/20;20.31;21.18;20.01;21.18;1914612;80507080.00
2015/01/21;21.28;22.02;21.02;21.41;1877660;81931512.00
2015/01/22;21.36;21.53;21.08;21.43;1116795;48448716.00
2015/01/23;21.44;21.57;20.98;21.06;1071194;46140124.00
2015/01/26;20.85;21.13;20.68;20.83;1105849;46958060.00
2015/01/27;20.84;21.77;20.84;21.50;1712065;74535464.00
2015/01/28;21.27;21.53;21.07;21.28;701713;30430544.00
2015/01/29;21.26;21.63;21.13;21.48;1034120;45197596.00
2015/01/30;21.39;21.56;20.88;20.88;858570;36957480.00
2015/02/02;20.63;21.08;20.37;20.81;460311;19483538.00
2015/02/03;20.81;21.22;20.78;21.12;638350;27372692.00
2015/02/04;21.12;21.18;20.78;20.78;657475;28022316.00
2015/02/05;20.89;21.20;20.79;20.84;736542;31444970.00
2015/02/06;20.81;21.01;20.38;20.43;810467;34067684.00
2015/02/09;21.38;22.47;21.13;21.33;2090280;91800032.00
2015/02/10;21.07;21.41;20.69;21.28;1119233;47662792.00
2015/02/11;21.13;21.62;21.06;21.61;1077035;46885484.00
2015/02/12;21.63;21.72;21.20;21.27;1727505;75064920.00
2015/02/13;21.43;22.12;21.43;22.03;2029140;89709136.00
2015/02/16;22.14;22.38;21.67;21.86;3575302;158564928.00
2015/02/17;21.81;21.98;21.67;21.70;1220551;53945260.00
2015/02/25;21.77;21.77;21.28;21.28;1295336;56444624.00
2015/02/26;21.33;21.48;21.08;21.48;1082951;47013868.00
2015/02/27;21.44;21.61;21.39;21.53;1195808;52253704.00
2015/03/02;21.62;22.01;21.53;21.93;1606258;71089000.00
2015/03/03;21.93;21.95;21.34;21.36;1478385;64984592.00
2015/03/04;21.33;21.87;21.31;21.87;1345463;59367312.00
2015/03/05;21.88;22.13;21.70;22.01;1697599;75715656.00
2015/03/06;22.10;22.20;21.48;21.56;1367516;60320220.00
2015/03/09;21.58;21.98;21.37;21.90;1161288;51481432.00
2015/03/10;21.90;22.28;21.89;22.12;1596652;71912624.00
2015/03/11;21.82;22.23;21.64;21.67;1266900;56246928.00
2015/03/12;21.74;21.95;21.31;21.46;1201981;52725152.00
2015/03/13;21.67;21.97;21.55;21.88;856408;37923908.00
2015/03/16;21.93;22.57;21.90;22.45;2176551;98902784.00
2015/03/17;22.57;22.67;22.28;22.50;2066656;94371928.00
2015/03/18;22.54;23.92;22.54;23.70;2810590;133492656.00
2015/03/19;23.73;23.87;23.31;23.82;2060040;98485136.00
2015/03/20;23.81;24.38;23.54;23.91;2275453;110693448.00
2015/03/23;24.13;25.13;23.93;24.87;2163865;107723216.00
2015/03/24;25.08;25.11;23.64;24.29;3403039;168744384.00
2015/03/25;24.35;24.93;23.88;24.69;2483749;123705208.00
2015/03/26;24.58;24.69;23.64;23.89;2629808;128366096.00
2015/03/27;24.06;24.56;23.81;24.32;1727372;84931408.00
2015/03/30;24.39;24.86;24.18;24.58;1976828;98199240.00
2015/03/31;24.58;24.59;23.63;23.88;2281359;111225504.00
2015/04/01;24.04;24.33;23.73;24.22;2388478;116483472.00
2015/04/02;24.23;26.13;24.23;25.66;4202146;215356848.00
2015/04/03;25.53;25.81;25.11;25.75;3133204;162070128.00
2015/04/07;26.05;27.62;25.88;27.18;2987336;162806368.00
2015/04/08;27.67;27.83;26.15;26.61;2974766;161559040.00
2015/04/09;26.40;26.90;24.59;25.96;2747753;143171776.00
2015/04/10;25.58;26.88;25.51;26.54;2014532;107909840.00
2015/04/13;26.64;27.79;26.44;27.53;2900288;160428912.00
2015/04/14;27.57;29.35;27.03;28.05;3847291;220397680.00
2015/04/15;27.68;28.02;25.68;26.49;2879220;158107296.00
2015/04/16;26.08;27.35;25.78;26.40;1486362;80578488.00
2015/04/17;26.64;27.12;26.23;26.47;1745421;94430728.00
2015/04/20;26.54;26.90;25.84;25.89;1581346;84523576.00
2015/04/21;25.58;27.03;25.58;26.81;1496512;80611688.00
2015/04/22;26.88;27.73;26.88;27.07;1519858;83922496.00
2015/04/23;26.93;28.41;26.69;28.17;2794498;156432480.00
2015/04/24;27.53;28.71;27.30;28.08;1949709;110777424.00
2015/04/27;28.03;28.63;27.22;27.23;2001600;112582664.00
2015/04/28;27.18;27.53;25.63;25.81;1991960;106368560.00
2015/04/29;25.63;26.46;25.59;26.35;987055;52453448.00
2015/04/30;26.76;27.37;26.19;26.38;1323817;72041656.00
2015/05/04;26.90;27.09;26.28;26.54;981371;53076644.00
2015/05/05;26.41;26.42;24.96;25.27;1620961;84650048.00
2015/05/06;25.24;26.08;25.24;25.41;1243035;64719512.00
2015/05/07;25.42;25.60;24.34;24.38;1301801;65527308.00
2015/05/08;24.62;25.69;24.40;25.35;2674181;67335816.00
2015/05/11;25.60;26.25;24.80;26.23;4685739;121234168.00
2015/05/12;26.35;26.95;25.66;26.82;5934208;158077568.00
2015/05/13;26.40;27.57;25.80;27.47;7069446;191111648.00
2015/05/14;27.64;28.88;27.63;28.59;7265947;207991904.00
2015/05/15;28.60;28.60;27.40;27.81;4499161;126477904.00
2015/05/18;27.60;30.50;27.60;29.70;6823138;199710208.00
2015/05/19;29.89;30.46;28.51;29.60;6136179;181143088.00
2015/05/20;29.60;30.73;29.10;29.53;6012972;182123088.00
2015/05/21;29.54;30.28;28.53;30.10;6636900;197176464.00
2015/05/22;30.22;30.67;29.00;29.70;6531390;195224672.00
2015/05/25;28.89;30.09;28.89;29.80;5481130;163104032.00
2015/05/26;30.16;32.80;30.16;32.80;7075007;228522352.00
2015/05/27;33.99;36.10;32.75;36.10;8732946;304970272.00
2015/05/28;37.22;39.45;34.90;34.90;10412155;394261472.00
2015/05/29;34.90;36.15;31.39;34.73;6994025;242126464.00
2015/06/01;34.65;36.10;33.94;35.72;5511170;195160320.00
2015/06/02;36.00;37.19;35.42;37.19;5311472;194944016.00
2015/06/03;37.13;37.13;34.30;35.29;5395543;193874464.00
2015/06/04;35.30;36.10;32.50;33.95;4233098;146324064.00
2015/06/05;34.30;37.37;32.97;37.37;7092810;252500688.00
2015/06/08;38.30;38.77;36.48;36.81;6837504;257787072.00
2015/06/09;36.40;37.00;35.43;36.20;3894000;141796816.00
2015/06/10;36.19;37.29;35.60;36.85;4668688;172014592.00
2015/06/11;37.10;40.30;36.96;39.26;7426807;289376640.00
2015/06/12;39.31;40.94;37.80;39.60;6005333;238423584.00
2015/06/15;39.59;40.00;35.65;36.38;6593988;249148400.00
2015/06/16;36.06;36.30;33.86;34.09;4537687;159576928.00
2015/06/17;34.60;36.48;33.78;36.29;4761988;169084960.00
2015/06/18;36.40;37.26;34.79;34.85;4351095;157088032.00
2015/06/19;33.30;34.35;31.35;31.35;2796300;91099936.00
2015/06/23;30.98;31.81;28.40;31.29;3215471;98406024.00
2015/06/24;31.80;33.05;31.30;32.87;4040507;131405280.00
2015/06/25;32.84;32.87;29.56;30.45;2760773;87800128.00
2015/06/26;29.80;29.80;27.39;27.60;3800081;108845632.00
2015/06/29;28.70;28.98;24.82;24.82;2829888;74675384.00
2015/06/30;24.60;26.60;22.32;26.09;3490225;85059192.00
2015/07/01;25.41;27.80;23.81;24.47;2737373;73179192.00
2015/07/02;24.46;25.80;22.10;22.44;3139456;75136568.00
2015/07/03;21.92;23.80;20.18;20.18;4002737;85101592.00
2015/07/14;22.22;22.22;22.22;22.22;400260;8973829.00
2015/07/15;24.46;24.46;19.98;19.98;9172613;205615504.00
2015/07/16;19.98;21.65;17.98;20.57;5751116;117387584.00
2015/07/17;20.79;22.65;20.61;22.65;4548752;100913160.00
2015/07/20;22.95;24.80;22.75;23.98;6103918;146110304.00
2015/07/21;23.68;25.94;22.65;25.07;5591903;138668032.00
2015/08/20;25.30;25.34;22.82;22.96;5610777;133724304.00
2015/08/21;22.50;22.53;20.64;20.64;4509347;95647272.00
2015/08/24;18.88;19.20;18.56;18.56;1167900;21988954.00
2015/08/25;16.68;16.68;16.68;16.68;798300;13475304.00
2015/08/26;15.80;18.30;14.99;15.39;10778343;169774112.00
2015/08/27;15.36;16.28;14.40;15.79;6646215;103785792.00
2015/08/28;15.86;17.30;14.86;17.08;7833919;127487616.00
2015/08/31;16.68;16.68;15.56;15.56;4649628;75682072.00
2015/09/01;15.30;15.54;13.98;13.98;4491951;66075456.00
2015/09/02;12.95;14.67;12.81;13.10;3827120;52128792.00
2015/09/07;13.50;14.14;13.46;13.79;4155688;58193512.00
2015/09/08;13.72;15.13;13.57;14.97;4810364;69119416.00
2015/09/09;15.07;15.94;14.97;15.76;5936457;93399960.00
2015/09/10;15.39;15.76;15.23;15.28;3972157;62469148.00
2015/09/11;15.46;15.70;15.09;15.53;3221672;50457252.00
2015/09/14;15.65;15.77;13.96;13.96;3645879;54567624.00
2015/09/15;13.26;14.06;12.68;13.09;3398876;46283972.00
2015/09/16;13.40;14.42;13.25;14.42;3442728;48146244.00
2015/09/17;14.42;15.18;14.16;14.30;4928521;73441872.00
2015/09/18;14.34;15.07;14.34;14.96;3515796;52332760.00
2015/09/21;14.80;15.70;14.63;15.70;4504732;70058296.00
2015/09/22;15.79;16.12;15.36;15.61;5403274;86114856.00
2015/09/23;15.30;15.69;15.18;15.40;3263300;51019268.00
2015/09/24;15.65;16.20;15.50;15.68;3212060;51211792.00
2015/09/25;15.69;15.87;14.88;15.08;3329683;51616996.00
2015/09/28;15.01;15.68;14.90;15.62;2426473;37690932.00
2015/09/29;15.15;15.50;15.08;15.15;2108272;32574542.00
2015/09/30;15.35;15.50;15.15;15.35;1855237;28854046.00
2015/10/08;15.98;16.30;15.68;16.15;5391207;87245656.00
2015/10/09;16.02;16.62;15.96;16.42;4538900;74482256.00
2015/10/12;16.70;17.46;16.45;17.30;5637779;97142440.00
2015/10/13;17.10;17.62;16.94;17.45;4659140;81439280.00
2015/10/14;17.30;17.49;16.96;16.97;3630018;62971412.00
2015/10/15;16.88;17.68;16.85;17.61;4687699;82253896.00
2015/10/16;17.80;18.37;17.46;17.98;5714403;103362672.00
2015/10/19;17.98;17.98;17.31;17.54;4934723;88278136.00
2015/10/20;17.39;18.43;17.33;18.31;6524765;117792208.00
2015/10/21;18.22;19.01;16.70;16.99;7786594;142359456.00
2015/10/22;16.95;17.98;16.95;17.85;5037247;89151328.00
2015/10/23;18.00;18.76;17.90;18.62;5277583;97941624.00
2015/10/26;18.86;19.30;18.28;19.00;4956201;94222544.00
2015/10/27;18.80;20.49;17.80;20.15;6781998;131175992.00
2015/10/28;19.93;20.09;19.15;19.20;4492326;88816264.00
2015/10/29;19.48;19.68;19.01;19.37;2895029;56731528.00
2015/10/30;19.33;19.53;19.01;19.20;2916063;56916016.00
2015/11/02;18.75;19.76;18.30;18.92;3761325;73152480.00
2015/11/03;19.00;20.78;18.93;20.70;7636667;155015536.00
2015/11/04;20.33;21.68;19.80;21.50;6516946;137672688.00
2015/11/05;21.46;22.45;21.08;22.00;6523588;143336160.00
2015/11/06;21.80;22.60;21.80;22.55;5228796;116986224.00
2015/11/09;22.30;22.75;21.79;22.15;5245397;117892584.00
2015/11/10;21.80;22.44;21.61;22.05;3733094;83106640.00
2015/11/11;22.09;22.61;21.82;22.56;5105098;114981400.00
2015/11/12;22.57;23.79;22.10;23.63;6065716;139837376.00
2015/11/13;23.48;23.62;21.30;21.96;4855892;110128176.00
2015/11/16;22.18;23.29;21.91;23.18;4558541;104779016.00
2015/11/17;23.31;23.53;22.21;22.27;4773187;109879168.00
2015/11/18;22.18;22.40;21.25;21.29;3052909;67192040.00
2015/11/19;21.31;22.14;21.31;22.12;2512401;55026216.00
2015/11/20;22.30;22.39;21.83;22.27;2959079;66143428.00
2015/11/23;22.20;22.75;21.93;22.27;3487642;78582984.00
2015/11/24;22.20;22.98;21.81;22.95;3854620;87383088.00
2015/11/25;23.29;24.15;23.08;23.78;5570948;132601520.00
2015/11/26;23.76;24.00;22.73;22.91;4768730;112525776.00
2015/11/27;22.79;23.15;20.60;20.95;4610628;102166440.00
2015/11/30;20.95;21.38;19.51;21.15;3536906;73957352.00
2015/12/01;21.10;21.83;20.88;21.50;3695796;79234872.00
2015/12/02;21.50;22.08;20.31;21.90;2416214;52115912.00
2015/12/03;22.00;23.78;21.81;23.48;4471025;103291880.00
2015/12/04;23.37;23.64;22.60;23.23;3849970;90041984.00
2015/12/07;23.02;23.75;22.82;23.50;3622080;85534048.00
2015/12/08;23.30;23.54;22.58;22.78;2947768;68333968.00
2015/12/09;22.70;22.92;21.66;22.80;2957867;66626056.00
2015/12/10;22.55;23.33;22.40;22.49;2655543;61328016.00
2015/12/11;22.40;22.40;21.55;21.64;2081032;45816496.00
2015/12/14;21.38;22.40;21.16;22.36;1973580;43271484.00
2015/12/15;22.16;22.60;22.16;22.39;1722819;38986852.00
2015/12/16;22.60;23.13;22.40;23.00;2870504;66055120.00
2015/12/17;23.18;23.86;23.18;23.67;5803363;138135888.00
2015/12/18;23.89;23.89;23.12;23.35;3582131;84873496.00
2015/12/21;23.20;23.74;23.12;23.50;4458162;105431536.00
2015/12/22;23.79;25.06;23.30;24.71;7758057;189512784.00
2015/12/23;24.63;24.64;23.92;24.18;5477054;133806544.00
2015/12/24;24.05;24.06;22.90;23.88;3517630;83686296.00
2015/12/25;23.95;24.15;23.66;23.86;2566852;61975144.00
2015/12/28;24.08;24.74;23.60;23.88;4265658;104206032.00
2015/12/29;23.68;23.85;23.10;23.78;3007710;71153080.00
2015/12/30;23.77;25.15;23.77;25.02;4925514;121346920.00
2015/12/31;25.28;25.28;23.63;23.92;4953893;122455624.00
2016/01/04;23.92;23.92;21.51;21.51;3926245;87904936.00
2016/01/05;19.35;21.40;19.35;20.28;3510985;72411576.00
2016/01/06;20.55;20.96;20.13;20.82;2009577;41777072.00
2016/01/07;20.34;20.34;18.72;18.72;839000;16326385.00
2016/01/08;19.06;19.43;17.12;18.63;2957784;55641944.00
2016/01/11;18.65;18.69;16.75;16.75;2618533;46347548.00
2016/01/12;16.79;17.25;15.80;16.73;2184829;37015832.00
2016/01/13;16.70;17.07;15.80;15.80;1461600;24577650.00
2016/01/14;15.31;16.74;15.11;16.60;1912239;31188012.00
2016/01/15;16.62;16.99;15.85;16.00;2393827;40067652.00
2016/01/18;15.45;17.08;15.45;16.77;1837618;30707878.00
2016/01/19;16.70;17.60;16.58;17.42;2154488;37413084.00
2016/01/20;17.32;17.93;17.08;17.43;2232800;39496976.00
2016/01/21;17.45;18.30;17.16;17.31;2844326;50930768.00
2016/01/22;17.42;18.00;17.03;17.76;1789687;31857974.00
2016/01/25;18.00;18.19;17.50;17.93;1460652;26394698.00
2016/01/26;17.70;17.72;16.12;16.12;1878604;32394760.00
2016/01/27;16.57;16.76;15.13;16.30;1773719;28787990.00
2016/01/28;15.96;16.30;15.21;15.21;1484642;23680584.00
2016/01/29;15.30;16.16;15.30;16.00;1259558;20177920.00
2016/02/01;16.06;16.59;15.80;16.20;1383736;22654528.00
2016/02/02;16.40;17.02;16.22;16.80;1729783;29389400.00
2016/02/03;16.50;17.28;16.31;17.12;1413294;23921044.00
2016/02/04;17.11;17.70;17.11;17.48;1604898;28359858.00
2016/02/05;17.49;17.78;17.13;17.19;1240892;21841774.00
2016/02/15;16.41;17.33;16.20;17.19;1171701;19932236.00
2016/02/16;17.26;17.91;17.20;17.88;1763028;31615590.00
2016/02/17;17.87;18.25;17.61;18.11;2118320;38219780.00
2016/02/18;18.19;18.28;17.55;17.72;1907155;34583472.00
2016/02/19;17.92;18.10;17.48;17.86;1813642;32580486.00
2016/02/22;18.70;18.70;17.98;18.21;1650049;30349740.00
2016/02/23;18.29;18.33;17.70;17.94;1661769;30181464.00
2016/02/24;17.79;18.03;17.40;17.98;1481097;26570966.00
2016/02/25;17.95;17.95;16.16;16.16;2662511;45253556.00
2016/02/26;16.25;16.52;15.80;16.15;1292608;21212060.00
2016/02/29;16.15;16.15;14.60;14.77;1973524;30060926.00
2016/03/01;14.94;15.64;14.60;15.38;2194348;33283298.00
2016/03/02;15.36;16.19;15.25;16.13;2048392;32676158.00
2016/03/03;16.10;16.80;15.92;16.80;2423746;40254980.00
2016/03/04;16.75;17.78;16.00;16.38;3379146;57911488.00
2016/03/07;16.61;17.45;16.06;17.18;2648561;45488292.00
2016/03/08;17.48;18.50;16.64;18.34;5372138;95855496.00
2016/03/09;17.85;18.07;17.25;17.40;2418410;43233320.00
2016/03/10;17.46;17.68;16.56;16.63;2025466;34821132.00
2016/03/11;16.29;16.89;15.96;16.80;1351392;22612856.00
2016/03/14;17.15;17.80;16.96;17.38;2172311;38480732.00
2016/03/15;17.20;17.24;16.71;16.90;2788995;47976928.00
2016/03/16;17.31;17.35;16.85;16.91;2090079;36056432.00
2016/03/17;17.10;17.78;16.95;17.57;2806117;49517280.00
2016/03/18;17.48;18.32;17.48;18.15;4088624;74480168.00
2016/03/21;18.37;18.80;18.25;18.52;4059996;75970584.00
2016/03/22;18.46;18.78;18.18;18.35;3120194;58210648.00
2016/03/23;18.40;19.13;18.35;18.98;3995620;75969616.00
2016/03/24;18.86;19.28;18.60;18.60;4436621;84861488.00
2016/03/25;18.38;19.03;18.35;18.90;2992388;56255112.00
2016/03/28;18.98;19.29;18.53;18.59;2984322;57194932.00
2016/03/29;18.46;18.70;17.90;18.05;1603112;29484904.00
2016/03/30;18.17;18.91;18.17;18.91;2109895;39624240.00
2016/03/31;19.10;19.25;18.83;18.93;2191842;42177780.00
2016/04/01;18.90;19.24;18.46;19.19;2292825;43667288.00
2016/04/05;19.12;20.50;19.03;20.34;6910886;138172368.00
2016/04/06;20.00;20.09;19.71;19.95;4026153;80952080.00
2016/04/07;20.04;20.04;19.40;19.60;3103093;61808848.00
2016/04/08;19.40;19.74;19.25;19.70;2132625;42098372.00
2016/04/11;19.96;20.30;19.75;19.87;3275462;66267432.00
2016/04/12;20.10;20.18;19.70;19.95;2327686;46679736.00
2016/04/13;20.22;20.55;19.91;20.14;4425305;90420656.00
2016/04/14;20.38;20.93;20.28;20.40;4584263;95096288.00
2016/04/15;20.45;20.65;20.11;20.37;2976156;61221840.00
2016/04/18;20.12;20.25;19.94;20.05;2335319;47363360.00
2016/04/19;20.07;20.60;20.07;20.42;3196420;65675780.00
2016/04/20;20.55;20.81;19.00;19.60;4787942;95038656.00
2016/04/21;19.50;19.89;19.00;19.05;2696344;52541080.00
2016/04/22;19.08;19.24;18.70;19.07;2031945;38573304.00
2016/04/25;19.07;19.10;18.21;18.52;1595019;29495968.00
2016/04/26;18.60;18.98;18.40;18.90;1773720;33062602.00
2016/04/27;18.92;19.06;18.72;18.77;1934738;36622140.00
2016/04/28;18.70;18.89;18.37;18.78;1070877;19932482.00
2016/04/29;18.72;19.38;18.61;19.18;4679189;89279008.00
2016/05/03;19.28;20.00;19.12;19.95;4251279;83515336.00
2016/05/04;19.90;19.99;19.44;19.61;4634476;91387480.00
2016/05/05;19.55;19.77;19.40;19.63;1972303;38536756.00
2016/05/06;19.63;19.73;18.53;18.62;2525656;48066320.00
2016/05/09;18.49;18.49;17.30;17.60;2141975;38352468.00
2016/05/10;17.48;17.88;17.48;17.60;1004752;17818430.00
2016/05/11;17.75;17.90;17.43;17.47;1299180;22992202.00
2016/05/12;17.28;17.38;16.88;17.35;987657;16935550.00
2016/05/13;17.35;17.70;17.33;17.50;1033077;18081238.00
2016/05/16;17.35;17.85;17.35;17.79;920299;16243988.00
2016/05/17;17.81;18.29;17.56;18.25;2159946;38707188.00
2016/05/18;18.05;18.10;17.40;17.70;1635581;28924512.00
2016/05/19;17.64;18.47;17.55;17.76;2130299;38455520.00
2016/05/20;17.69;18.06;17.50;18.03;1700865;30425030.00
2016/05/23;18.00;18.46;17.93;18.36;2884307;52589976.00
2016/05/24;18.36;20.00;18.36;19.08;7244168;138690256.00
2016/05/25;19.00;20.88;18.87;20.39;9914201;199809168.00
2016/05/26;20.25;20.50;19.50;20.35;5841196;116606064.00
2016/05/27;20.10;20.59;19.89;20.38;4189327;84804048.00
2016/05/30;20.30;20.87;19.17;20.70;6182438;126294464.00
2016/05/31;20.40;22.60;20.30;22.20;8087855;174017744.00
2016/06/01;22.01;22.39;21.70;21.79;5557053;122329408.00
2016/06/02;21.55;22.30;21.55;21.83;4723988;103229744.00
2016/06/03;21.79;22.55;21.65;22.19;5465666;121114704.00
2016/06/06;22.22;22.38;21.77;21.95;3506185;77129896.00
2016/06/07;22.46;24.15;22.46;23.88;9718287;229096704.00
2016/06/08;23.52;23.64;22.80;23.10;6085139;141018592.00
2016/06/13;22.72;23.77;22.28;22.52;5605721;129560640.00
2016/06/14;22.39;23.91;22.22;23.90;5318522;122959352.00
2016/06/15;24.10;26.29;23.55;25.00;7172206;179969584.00
2016/06/16;25.49;25.88;24.35;25.30;6472831;161591440.00
2016/06/17;25.12;26.20;24.39;24.60;3606411;90594936.00
2016/06/20;24.72;25.10;24.02;24.91;3226210;79192848.00
2016/06/21;24.29;26.08;24.29;25.27;6177364;156863536.00
2016/06/22;25.00;25.53;22.74;23.88;6630295;159362800.00
2016/06/23;24.00;24.24;23.08;24.11;5000679;118279752.00
2016/06/24;23.80;24.26;23.08;23.86;3723077;88682568.00
2016/06/27;23.56;26.25;23.55;26.25;7116821;182354144.00
2016/06/28;26.47;27.47;25.94;27.31;6951310;184847488.00
2016/06/29;27.02;27.10;26.20;26.58;3718356;98724456.00
2016/06/30;26.56;27.17;26.10;27.03;3193999;85216864.00
2016/07/01;27.68;29.70;26.33;26.33;7374566;205268176.00
2016/07/04;25.92;27.06;25.70;26.30;5139996;135577680.00
2016/07/05;26.38;26.66;25.53;25.69;4974193;129106936.00
2016/07/06;25.66;26.17;25.52;25.82;3068427;79329440.00
2016/07/07;25.80;26.40;25.63;26.08;4062601;105697888.00
2016/07/08;25.98;26.18;25.68;25.74;2884207;74518112.00
2016/07/11;25.62;25.87;24.32;24.34;4935854;122138712.00
2016/07/12;24.20;24.60;23.68;24.57;3657728;88474024.00
2016/07/13;24.50;25.58;24.45;25.17;3254738;81757128.00
2016/07/14;25.20;25.46;24.54;25.40;2824895;70434872.00
2016/07/15;25.21;25.23;24.72;24.79;1506977;37631220.00
2016/07/18;24.65;25.12;24.18;25.03;2296577;56742500.00
2016/07/19;25.20;25.20;24.11;24.33;4524449;110378216.00
2016/07/20;24.28;24.84;24.19;24.34;2540334;62252384.00
2016/07/21;24.49;26.10;24.35;25.32;5925576;150275056.00
2016/07/22;25.45;25.65;24.90;25.13;3007011;76071760.00
2016/07/25;25.00;25.49;24.97;25.49;2202032;55682452.00
2016/07/26;25.49;26.09;25.32;25.89;3462193;89128896.00
2016/07/27;25.80;26.48;24.20;24.85;4765604;121721384.00
2016/07/28;24.62;24.82;23.00;23.65;4399747;104751904.00
2016/07/29;23.39;23.70;22.73;22.95;3448865;79392848.00
2016/08/01;22.75;22.75;21.20;21.60;3910608;85086280.00
2016/08/02;21.66;22.34;21.66;22.25;4010864;87968544.00
2016/08/03;22.20;22.29;21.80;22.15;2052521;45304044.00
2016/08/04;22.11;22.69;21.96;22.55;1944276;43640732.00
2016/08/05;22.65;22.77;22.30;22.38;1473619;33203722.00
2016/08/08;22.38;22.87;22.16;22.76;1498548;33872116.00
2016/08/09;22.70;23.08;22.60;23.01;1300914;29829126.00
2016/08/10;23.02;23.18;22.79;22.86;1348994;30913264.00
2016/08/11;22.75;22.90;22.16;22.16;2076684;46589120.00
2016/08/12;22.09;22.41;21.80;22.34;1614433;35807344.00
2016/08/15;22.38;23.41;22.30;23.30;3248025;74660272.00
2016/08/16;23.43;23.85;23.26;23.49;2586320;60912876.00
2016/08/17;23.60;24.09;23.60;23.76;1859231;44352792.00
2016/08/18;23.68;23.97;23.20;23.36;2263817;53400956.00
2016/08/19;23.40;23.98;23.36;23.69;1645372;38972444.00
2016/08/22;23.67;23.86;22.88;23.30;2328530;54012848.00
2016/08/23;23.21;23.56;23.02;23.35;1290364;30087668.00
2016/08/24;23.40;23.52;23.30;23.34;1149921;26920156.00
2016/08/25;23.17;23.17;22.81;23.08;1527821;35117920.00
2016/08/26;23.10;23.79;23.10;23.45;2175554;51343732.00
2016/08/29;23.32;23.97;23.32;23.64;1740624;41256580.00
2016/08/30;23.80;23.88;23.50;23.51;1285934;30458316.00
2016/08/31;23.56;23.75;23.42;23.67;1374804;32437714.00
2016/09/01;23.61;23.95;23.55;23.72;2087932;49593756.00
2016/09/02;23.60;23.72;22.97;23.09;2596393;60654424.00
2016/09/05;23.20;23.28;22.89;22.93;1896930;43776676.00
2016/09/06;22.95;23.73;22.78;23.69;2814511;65410076.00
2016/09/07;23.67;23.97;23.49;23.50;1810410;42974512.00
2016/09/08;23.66;23.89;23.52;23.71;1432697;33995316.00
2016/09/09;23.72;23.89;23.30;23.31;1562824;36887588.00
2016/09/12;22.89;23.00;22.40;22.44;1781247;40453952.00
2016/09/13;22.61;22.78;22.40;22.66;1024874;23176212.00
2016/09/14;22.51;22.78;22.51;22.64;938736;21277934.00
2016/09/19;22.64;22.96;22.64;22.91;785087;17961606.00
2016/09/20;22.80;22.93;22.40;22.50;1487865;33615520.00
2016/09/21;22.50;22.78;22.50;22.62;960328;21721580.00
2016/09/22;22.70;22.89;22.66;22.80;993403;22655412.00
2016/09/23;22.83;23.10;22.57;23.03;1521652;34721364.00
2016/09/26;23.03;23.08;22.20;22.31;1494287;34017352.00
2016/09/27;22.05;22.56;22.05;22.56;1011189;22580724.00
2016/09/28;22.59;22.59;22.21;22.44;1126229;25218290.00
2016/09/29;22.43;23.15;22.41;23.06;2157504;49514164.00
2016/09/30;22.99;23.14;22.78;23.11;1177929;27111764.00
2016/10/10;23.41;24.07;23.32;23.99;3189716;75891352.00
2016/10/11;23.81;24.54;23.81;24.05;3374225;81608616.00
2016/10/12;23.95;25.25;23.90;25.02;5579457;138226240.00
2016/10/13;25.00;25.07;24.61;24.87;2632858;65320448.00
2016/10/14;24.77;25.20;24.61;24.78;2526283;62633960.00
2016/10/17;24.78;24.93;23.85;24.03;3601745;87501208.00
2016/10/18;24.01;24.79;24.01;24.62;3067840;74722120.00
2016/10/19;24.60;24.66;24.08;24.10;3012535;73359888.00
2016/10/20;24.30;24.85;24.20;24.75;3808881;93617784.00
2016/10/21;24.68;24.70;24.17;24.34;2566150;62679868.00
2016/10/24;24.36;24.59;24.17;24.38;1856321;45310176.00
2016/10/25;24.40;24.79;24.38;24.73;2641361;64966336.00
2016/10/26;24.80;24.92;24.38;24.58;2381681;58706964.00
2016/10/27;24.64;24.64;24.39;24.48;1552742;38039064.00
2016/10/28;24.57;24.88;24.47;24.61;2942125;72645360.00
2016/10/31;24.61;24.66;23.92;24.21;3180694;76972160.00
2016/11/01;24.21;25.08;24.12;25.05;4585905;112570616.00
2016/11/02;24.99;25.80;24.82;25.55;6872584;174709936.00
2016/11/03;25.25;25.99;25.15;25.67;4979284;127434416.00
2016/11/04;26.00;26.30;25.44;25.57;3943717;101751224.00
2016/11/07;25.36;25.70;25.01;25.12;3094395;77973776.00
2016/11/08;25.44;25.90;25.05;25.84;3590982;91528200.00
2016/11/09;25.70;26.28;25.56;25.96;5514781;143259744.00
2016/11/10;26.10;26.49;26.02;26.14;3670673;96382568.00
2016/11/11;26.25;26.50;25.81;26.36;2545282;66398224.00
2016/11/14;26.35;27.13;26.26;26.73;3755990;100299512.00
2016/11/15;26.73;26.88;26.30;26.70;1986111;52693580.00
2016/11/16;26.77;27.00;26.46;26.48;2188631;58325300.00
2016/11/17;26.26;26.58;25.81;25.91;1387700;36289692.00
数据来源:通达信
