300100 双林股份 日线 前复权
      日期	    开盘	    最高	    最低	    收盘	    成交量	    成交额
2010/08/06;12.42;14.08;11.29;11.47;15361052;581908160.00
2010/08/09;11.28;11.87;11.08;11.63;8526899;318133056.00
2010/08/10;11.50;11.74;11.11;11.14;5419183;200803504.00
2010/08/11;11.13;12.34;11.13;12.34;9782660;378308864.00
2010/08/12;12.09;12.58;11.74;11.79;7869811;308836896.00
2010/08/13;11.78;11.93;10.52;11.57;4360940;161826432.00
2010/08/16;11.50;11.74;11.32;11.69;2816952;105871776.00
2010/08/17;11.68;12.03;11.60;11.80;2534214;96929440.00
2010/08/18;11.80;11.97;11.42;11.55;2494294;94059248.00
2010/08/19;11.68;11.68;11.38;11.50;2153540;80302024.00
2010/08/20;11.51;12.21;11.43;11.78;3886504;149242096.00
2010/08/23;11.85;11.91;11.49;11.55;2138898;80542472.00
2010/08/24;11.45;11.53;11.25;11.45;2124294;78450800.00
2010/08/25;11.31;11.45;11.09;11.10;1550262;56403284.00
2010/08/26;11.13;11.49;11.12;11.23;1397302;51186476.00
2010/08/27;11.20;11.42;11.20;11.42;1051754;38675608.00
2010/08/30;11.48;11.94;11.48;11.78;2640235;100582344.00
2010/08/31;11.78;12.02;11.53;11.91;2551226;96956960.00
2010/09/01;11.88;11.92;11.42;11.55;2222601;83911232.00
2010/09/02;11.60;12.79;11.48;12.15;4121378;161627648.00
2010/09/03;12.16;12.71;12.05;12.27;2957616;117727880.00
2010/09/06;12.35;12.58;11.76;11.89;2200194;85618912.00
2010/09/07;11.82;12.13;11.72;12.06;1660346;63845848.00
2010/09/08;11.98;12.09;11.83;12.02;1098147;42328596.00
2010/09/09;12.11;12.20;11.62;11.62;1815164;69423352.00
2010/09/10;11.63;11.80;11.48;11.72;1216900;45766480.00
2010/09/13;11.71;11.97;11.62;11.83;1190161;45416168.00
2010/09/14;11.95;12.04;11.75;11.81;1539704;59380364.00
2010/09/15;11.80;11.80;11.29;11.35;1457466;54216436.00
2010/09/16;11.65;11.98;11.49;11.49;2545105;96562240.00
2010/09/17;11.45;11.78;11.40;11.55;1372360;51415600.00
2010/09/20;11.64;11.64;11.12;11.16;1126231;41214276.00
2010/09/21;11.19;11.30;10.71;10.82;1234697;43776268.00
2010/09/27;11.04;11.04;10.75;11.01;744757;26422298.00
2010/09/28;10.93;11.30;10.93;11.08;790655;28555236.00
2010/09/29;11.08;11.14;10.75;10.75;836327;29556828.00
2010/09/30;10.77;11.04;10.71;11.01;677635;24148992.00
2010/10/08;11.05;11.40;11.05;11.25;1110159;40467208.00
2010/10/11;11.23;11.41;11.19;11.35;1258771;46107792.00
2010/10/12;11.35;11.69;11.25;11.38;1213798;45280900.00
2010/10/13;11.35;11.42;11.08;11.33;990766;36065640.00
2010/10/14;11.30;11.49;11.08;11.13;1059910;38722048.00
2010/10/15;11.14;11.18;10.84;10.88;1130424;40353792.00
2010/10/19;10.87;11.68;10.79;11.47;1922877;71137408.00
2010/10/20;11.25;11.68;11.22;11.42;1590744;59046716.00
2010/10/21;11.42;11.60;11.23;11.53;1084279;40260620.00
2010/10/22;11.58;11.91;11.45;11.69;1737867;66032148.00
2010/10/25;11.75;11.92;11.71;11.81;1983352;75698648.00
2010/10/26;11.81;11.87;11.49;11.78;1471480;55475072.00
2010/10/27;11.78;12.28;11.67;12.10;2144632;83427968.00
2010/10/28;12.12;12.22;11.73;11.97;1924577;73948688.00
2010/10/29;11.88;12.15;11.79;12.04;1747468;67565304.00
2010/11/01;12.07;12.44;12.04;12.37;2034858;80815552.00
2010/11/02;12.38;12.41;11.75;11.78;2253704;87581104.00
2010/11/03;11.52;11.68;11.35;11.38;1309975;48950396.00
2010/11/04;11.41;11.68;11.34;11.60;789153;29459072.00
2010/11/05;11.72;11.75;11.50;11.70;1015814;38230140.00
2010/11/08;11.74;12.42;11.51;12.25;4986232;191831664.00
2010/11/09;12.11;12.41;12.09;12.36;2447649;96809944.00
2010/11/10;12.32;13.03;12.26;12.68;3092893;126586520.00
2010/11/11;12.65;12.92;12.28;12.28;2536245;103313672.00
2010/11/12;12.38;12.49;11.65;11.78;2601772;101346480.00
2010/11/15;11.85;12.51;11.83;12.49;2097245;82523272.00
2010/11/16;12.58;12.84;11.90;12.13;2633324;105374496.00
2010/11/17;12.08;12.41;11.75;12.03;1536878;60339452.00
2010/11/18;12.08;12.48;11.92;12.42;1643396;65003376.00
2010/11/19;12.55;12.82;12.22;12.80;2425718;98180536.00
2010/11/22;12.71;13.15;12.44;12.74;2854117;118238760.00
2010/11/23;12.74;13.24;12.61;13.22;3351544;140210736.00
2010/11/24;13.07;13.50;13.04;13.27;2739381;116896448.00
2010/11/25;13.30;13.38;12.89;12.98;2161983;90877656.00
2010/11/30;13.41;13.63;12.48;13.37;3773831;159130208.00
2010/12/01;13.17;13.34;12.91;13.03;1318520;55436396.00
2010/12/02;13.20;13.25;12.89;13.05;1326982;55626200.00
2010/12/03;13.13;13.21;12.58;12.75;1364063;56442828.00
2010/12/06;12.75;12.86;12.32;12.35;1545498;62018116.00
2010/12/07;12.33;12.63;12.26;12.53;952337;38305696.00
2010/12/08;12.52;12.65;12.35;12.38;774091;31147558.00
2010/12/09;12.34;12.38;12.09;12.09;848936;33439818.00
2010/12/10;12.03;12.38;12.03;12.31;719567;28387112.00
2010/12/13;12.41;12.73;12.40;12.70;1072034;43523256.00
2010/12/14;12.81;12.82;12.63;12.70;983838;40220604.00
2010/12/15;12.64;12.75;12.52;12.57;1058182;43070624.00
2010/12/16;12.58;12.85;12.58;12.68;919147;37671788.00
2010/12/17;12.83;13.21;12.82;13.10;1678556;70327312.00
2010/12/20;13.11;13.37;12.50;12.87;1675516;69656144.00
2010/12/21;12.90;13.40;12.90;13.32;1954841;82842576.00
2010/12/22;13.27;13.37;12.98;13.00;978563;41193636.00
2010/12/23;13.02;13.06;12.50;12.58;1064075;43670572.00
2010/12/24;12.44;12.50;12.18;12.18;941260;37337576.00
2010/12/27;12.35;12.44;11.82;11.85;924720;36140640.00
2010/12/28;11.85;12.05;11.78;11.96;733073;28264134.00
2010/12/29;11.98;12.18;11.90;12.15;459327;17857234.00
2010/12/30;12.15;12.15;11.78;12.01;464848;18028662.00
2010/12/31;12.00;12.28;11.95;12.23;587991;23039512.00
2011/01/04;12.23;12.40;12.17;12.40;745003;29569556.00
2011/01/05;12.38;12.47;12.27;12.36;538663;21426828.00
2011/01/06;12.47;12.47;12.05;12.08;605165;23953428.00
2011/01/07;12.08;12.22;11.85;11.94;759078;29492876.00
2011/01/10;11.95;12.07;11.83;11.87;407965;15727038.00
2011/01/11;11.86;11.98;11.79;11.85;498617;19123332.00
2011/01/12;11.87;12.15;11.85;12.13;753422;29083146.00
2011/01/13;12.18;12.21;11.99;12.00;353600;13776214.00
2011/01/14;12.00;12.02;11.49;11.50;652324;24626124.00
2011/01/17;11.50;11.50;10.88;10.93;697386;25193054.00
2011/01/18;10.83;11.02;10.83;10.97;254354;9049410.00
2011/01/19;10.90;11.15;10.90;11.14;462421;16632440.00
2011/01/20;11.12;11.12;10.58;10.58;602823;21276652.00
2011/01/21;10.58;10.84;10.55;10.75;384746;13425103.00
2011/01/24;10.75;11.08;10.71;10.76;473554;16820028.00
2011/01/25;10.75;10.81;10.57;10.72;258200;8950847.00
2011/01/26;10.72;10.97;10.63;10.92;255396;9040714.00
2011/01/27;10.82;11.08;10.82;10.95;717638;25646662.00
2011/01/28;10.95;11.08;10.90;11.02;376880;13449553.00
2011/01/31;11.12;11.12;10.98;11.09;381782;13706973.00
2011/02/01;11.09;11.13;11.01;11.04;307812;11042872.00
2011/02/09;10.92;11.06;10.82;10.82;272951;9720773.00
2011/02/10;10.75;11.20;10.75;11.18;514130;18474164.00
2011/02/11;11.25;11.33;11.14;11.26;504937;18457108.00
2011/02/14;11.28;11.43;11.24;11.39;830969;30540290.00
2011/02/16;11.35;11.60;11.19;11.53;699248;25870352.00
2011/02/17;11.49;11.64;11.36;11.52;647201;24064224.00
2011/02/18;11.45;11.51;11.25;11.31;784592;28872836.00
2011/02/21;11.24;11.48;11.22;11.47;519023;19196070.00
2011/02/22;11.47;11.54;11.09;11.09;755230;27577942.00
2011/02/23;11.08;11.26;11.08;11.20;486350;17649360.00
2011/02/24;11.15;11.41;11.15;11.34;748564;27458460.00
2011/02/25;11.52;11.90;11.52;11.74;1675669;63526372.00
2011/02/28;11.74;11.78;11.55;11.77;684305;25801270.00
2011/03/01;11.78;11.81;11.62;11.62;696416;26298936.00
2011/03/02;11.60;11.71;11.43;11.51;513349;19192240.00
2011/03/03;11.50;11.67;11.41;11.42;525961;19611142.00
2011/03/04;11.42;11.57;11.40;11.54;297884;11077503.00
2011/03/07;11.61;11.64;11.49;11.60;476114;17832344.00
2011/03/08;11.55;11.69;11.54;11.64;421316;15847414.00
2011/03/09;11.68;11.68;11.50;11.56;398844;14917222.00
2011/03/10;11.55;11.85;11.55;11.67;706992;26773264.00
2011/03/11;11.65;11.86;11.55;11.75;1006961;38138512.00
2011/03/14;11.45;12.04;11.45;11.97;771270;29602270.00
2011/03/15;11.90;11.95;11.55;11.77;891063;33728700.00
2011/03/16;11.77;11.85;11.68;11.78;500487;19035408.00
2011/03/17;11.75;11.75;11.46;11.49;555418;20863966.00
2011/03/18;11.70;11.70;11.53;11.63;273038;10265101.00
2011/03/21;11.62;11.86;11.62;11.68;443300;16869708.00
2011/03/22;11.75;11.82;11.52;11.64;237071;8931927.00
2011/03/23;11.65;11.81;11.62;11.76;297729;11264620.00
2011/03/24;11.83;11.84;11.73;11.74;312162;11887622.00
2011/03/25;11.81;11.81;11.66;11.72;443116;16801586.00
2011/03/28;11.73;11.80;11.53;11.55;485460;18342450.00
2011/03/29;11.55;11.55;11.06;11.07;655011;23874242.00
2011/03/30;11.07;11.15;10.84;10.95;313801;11200490.00
2011/03/31;11.04;11.24;10.92;11.06;366066;13163499.00
2011/04/01;11.20;11.24;10.93;11.22;180094;6507209.00
2011/04/06;11.15;11.37;11.10;11.15;322755;11765648.00
2011/04/07;11.15;11.34;11.15;11.29;204527;7466247.00
2011/04/08;11.30;11.45;11.29;11.45;394769;14565698.00
2011/04/12;11.28;11.54;11.09;11.35;1254831;46264316.00
2011/04/13;11.34;11.46;11.22;11.41;407113;14989805.00
2011/04/14;11.38;11.48;11.14;11.14;378626;13838653.00
2011/04/15;11.09;11.20;10.98;11.03;404148;14527457.00
2011/04/18;11.08;11.08;10.92;10.99;342244;12210628.00
2011/04/19;10.94;10.94;10.76;10.83;369983;13048692.00
2011/04/20;10.82;11.08;10.80;10.94;342810;12153228.00
2011/04/21;11.01;11.14;10.99;11.03;315233;11331403.00
2011/04/22;11.03;11.08;10.83;10.86;239055;8494579.00
2011/04/25;10.84;10.84;10.08;10.22;555915;18964840.00
2011/04/26;10.22;10.22;9.75;10.03;358280;11775022.00
2011/04/27;10.11;10.35;9.98;10.13;435089;14555907.00
2011/04/28;10.29;10.34;10.08;10.13;323091;10782187.00
2011/04/29;10.25;10.31;10.17;10.26;143563;4809363.00
2011/05/03;10.22;10.39;10.22;10.35;223163;7527544.50
2011/05/04;10.35;10.35;9.86;9.94;277641;9146517.00
2011/05/05;9.87;10.00;9.84;9.95;227999;7415101.50
2011/05/06;9.89;9.93;9.76;9.85;205516;6626293.50
2011/05/10;9.85;10.01;9.84;10.00;243302;7896994.00
2011/05/11;9.92;10.07;9.92;9.98;148661;4863990.50
2011/05/12;10.06;10.06;9.82;9.82;182910;5970059.50
2011/05/13;9.94;9.99;9.76;9.93;199792;6466520.00
2011/05/16;9.95;9.95;9.79;9.86;236881;7653883.50
2011/05/17;9.85;10.03;9.77;9.97;422471;13748683.00
2011/05/18;9.97;10.01;9.88;9.91;295523;9612865.00
2011/05/19;9.91;9.91;9.43;9.45;534547;11094943.00
2011/05/20;9.40;9.40;9.01;9.05;704417;13908939.00
2011/05/23;9.00;9.07;8.49;8.56;531930;10056485.00
2011/05/24;8.41;9.10;8.41;8.91;625368;11960232.00
2011/05/25;8.96;9.00;8.44;8.52;342310;6476980.50
2011/05/26;8.68;8.68;8.27;8.31;398550;7336778.50
2011/05/27;8.31;8.48;8.26;8.32;334080;6070420.50
2011/05/30;8.32;8.52;8.32;8.37;480460;8827576.00
2011/05/31;8.39;8.53;8.31;8.50;494236;9079782.00
2011/06/01;8.51;8.62;8.45;8.55;316252;5878768.50
2011/06/02;8.48;8.48;8.26;8.31;368563;6687838.50
2011/06/03;8.27;8.45;8.27;8.44;282123;5164412.50
2011/06/07;8.43;8.47;8.36;8.43;511998;9376039.00
2011/06/08;8.45;8.45;8.28;8.40;274225;4991017.50
2011/06/09;8.40;8.40;8.16;8.19;425278;7656313.00
2011/06/10;8.16;8.19;7.71;7.87;1023625;17557376.00
2011/06/13;7.78;7.84;7.55;7.76;469298;7927225.50
2011/06/14;7.75;7.89;7.72;7.83;541665;9290991.00
2011/06/15;7.84;7.84;7.67;7.68;390442;6637493.00
2011/06/16;7.60;7.62;7.42;7.42;447133;7398885.00
2011/06/17;7.45;7.50;7.32;7.33;263774;4323694.50
2011/06/20;7.26;7.37;7.13;7.19;480793;7674651.00
2011/06/21;7.27;7.39;7.19;7.35;636012;10185608.00
2011/06/22;7.35;7.35;7.24;7.28;257787;4146563.75
2011/06/23;7.29;7.54;7.16;7.52;736417;12071940.00
2011/06/24;7.47;7.85;7.43;7.75;1197596;20265070.00
2011/06/27;7.76;8.00;7.72;7.79;912105;15677516.00
2011/06/28;7.78;7.90;7.70;7.88;883789;15166023.00
2011/06/29;8.05;8.29;7.91;7.94;1396223;24667480.00
2011/06/30;8.00;8.06;7.89;7.97;691451;12058184.00
2011/07/01;7.96;8.25;7.90;8.03;914835;16137235.00
2011/07/04;8.15;8.35;8.06;8.25;1097121;19683026.00
2011/07/05;8.24;8.30;8.12;8.29;963071;17285408.00
2011/07/06;8.27;8.48;8.11;8.47;1213368;21952124.00
2011/07/07;8.49;8.74;8.46;8.67;2081550;38987408.00
2011/07/08;8.68;8.73;8.46;8.60;1273442;23752826.00
2011/07/11;8.51;8.73;8.46;8.58;982216;18300770.00
2011/07/12;8.57;8.57;8.19;8.28;1347477;24411208.00
2011/07/13;8.27;8.48;8.18;8.45;969551;17655094.00
2011/07/14;8.54;8.84;8.46;8.79;1559463;29206590.00
2011/07/15;8.97;9.75;8.93;9.50;4064338;82791688.00
2011/07/18;9.50;9.55;9.15;9.22;2122579;42641044.00
2011/07/19;9.45;9.45;8.88;8.96;1264918;24909440.00
2011/07/20;9.15;9.34;9.02;9.25;1516975;30123828.00
2011/07/21;9.21;9.24;8.93;9.05;763482;14903347.00
2011/07/22;9.10;9.12;8.88;9.00;737943;14373888.00
2011/07/25;9.00;9.00;8.26;8.38;1421973;26355206.00
2011/07/26;8.50;8.50;8.25;8.37;734889;13375575.00
2011/07/27;8.16;8.54;8.11;8.45;1052975;19300514.00
2011/07/28;8.33;8.45;8.23;8.43;928287;16852836.00
2011/07/29;8.43;8.49;8.20;8.26;774860;14087309.00
2011/08/01;8.30;8.46;8.20;8.39;710428;12932493.00
2011/08/02;8.35;8.35;8.09;8.32;739979;13217397.00
2011/08/03;8.21;8.70;8.12;8.69;1756805;32627666.00
2011/08/04;8.69;8.77;8.48;8.51;994725;18544712.00
2011/08/05;8.18;8.30;8.10;8.13;971067;17315248.00
2011/08/08;8.05;8.05;7.35;7.42;1025817;17202358.00
2011/08/09;7.22;7.59;7.05;7.49;999132;16072443.00
2011/08/10;7.65;7.76;7.56;7.63;972521;16377766.00
2011/08/11;7.44;7.82;7.37;7.75;926286;15625095.00
2011/08/12;7.87;8.10;7.83;7.88;938590;16335280.00
2011/08/15;7.98;8.15;7.84;8.10;703004;12335089.00
2011/08/16;8.10;8.20;7.98;8.00;644411;11367760.00
2011/08/17;7.95;8.88;7.95;8.88;5920293;113498656.00
2011/08/18;8.89;8.93;8.48;8.49;3859220;72757296.00
2011/08/19;8.20;8.44;8.13;8.44;1976271;35683636.00
2011/08/22;8.50;8.73;8.30;8.65;2210784;41273444.00
2011/08/23;8.66;8.90;8.48;8.83;2753434;52253016.00
2011/08/24;8.89;9.00;8.58;8.59;2454614;46723140.00
2011/08/25;8.53;8.83;8.46;8.79;1599391;29983696.00
2011/08/26;8.72;8.90;8.68;8.82;1563155;29869856.00
2011/08/29;8.88;8.93;8.75;8.79;1301738;24979322.00
2011/08/30;8.83;8.85;8.42;8.42;1228682;23113064.00
2011/08/31;8.35;8.53;8.18;8.25;890812;16105388.00
2011/09/01;8.26;8.40;8.09;8.10;772617;13829647.00
2011/09/02;8.12;8.17;7.95;8.10;673399;11836432.00
2011/09/05;8.00;8.00;7.79;7.81;644440;11098378.00
2011/09/06;7.79;7.85;7.66;7.76;416256;7079546.50
2011/09/07;7.84;8.03;7.81;8.03;621341;10800645.00
2011/09/08;8.15;8.18;7.90;7.90;587205;10319390.00
2011/09/09;7.98;8.00;7.82;7.83;298678;5153913.00
2011/09/13;7.66;7.76;7.56;7.60;329528;5508661.00
2011/09/14;7.69;7.80;7.56;7.78;408404;6880548.50
2011/09/15;7.80;7.88;7.78;7.78;444930;7621894.00
2011/09/16;7.76;7.89;7.76;7.77;322782;5526835.00
2011/09/19;7.76;7.76;7.48;7.48;372932;6182273.00
2011/09/20;7.48;7.57;7.40;7.52;259636;4277140.50
2011/09/21;7.50;7.80;7.48;7.79;474863;8025994.00
2011/09/22;7.75;7.75;7.50;7.53;416626;6973176.50
2011/09/23;7.43;7.48;7.27;7.47;326412;5307420.50
2011/09/26;7.45;7.68;7.34;7.37;241292;3946712.25
2011/09/27;7.46;7.49;7.34;7.48;218444;3571410.75
2011/09/28;7.51;7.65;7.31;7.39;246952;4069312.00
2011/09/29;7.37;7.37;7.16;7.16;348008;5562478.50
2011/09/30;7.17;7.29;7.09;7.18;242599;3829761.00
2011/10/10;7.18;7.24;7.13;7.24;165866;2632081.00
2011/10/11;7.63;7.63;7.20;7.34;374260;6076968.00
2011/10/12;7.35;7.84;7.16;7.83;1361831;22841134.00
2011/10/13;7.95;7.95;7.69;7.80;813125;13900644.00
2011/10/14;7.82;7.85;7.66;7.80;416958;7078464.50
2011/10/17;7.75;7.93;7.66;7.80;399550;6812669.50
2011/10/18;7.78;7.90;7.65;7.66;629282;10723731.00
2011/10/19;7.80;7.80;7.56;7.74;395346;6646429.00
2011/10/20;7.69;7.75;7.20;7.55;631087;10237013.00
2011/10/21;7.45;7.50;7.28;7.31;263945;4272672.00
2011/10/24;7.37;7.37;7.08;7.27;663056;10542223.00
2011/10/25;7.30;7.48;7.23;7.43;584515;9491802.00
2011/10/26;7.43;7.73;7.36;7.59;857601;14229732.00
2011/10/27;7.59;7.67;7.41;7.45;628987;10412442.00
2011/10/28;7.55;7.73;7.48;7.71;862478;14434947.00
2011/10/31;7.71;7.81;7.65;7.78;695349;11803363.00
2011/11/01;7.73;7.83;7.65;7.74;637890;10806667.00
2011/11/02;7.56;8.40;7.53;8.20;1360172;23364836.00
2011/11/03;8.19;8.34;8.01;8.06;1521909;27093440.00
2011/11/04;8.12;8.15;7.97;8.07;736708;12981479.00
2011/11/07;8.13;8.14;7.81;8.07;547236;9645703.00
2011/11/08;8.00;8.12;7.93;7.96;429869;7533147.50
2011/11/09;7.98;8.26;7.90;8.22;1137605;20184592.00
2011/11/10;8.11;8.50;8.08;8.31;1874026;34052736.00
2011/11/11;8.31;8.65;8.20;8.60;2036991;37488676.00
2011/11/14;8.62;8.78;8.49;8.77;2389128;44826804.00
2011/11/15;8.75;9.34;8.66;9.07;3578478;69568584.00
2011/11/16;9.00;9.00;8.34;8.42;4258392;79239640.00
2011/11/17;8.46;8.55;8.20;8.34;2120313;38592372.00
2011/11/18;8.25;8.28;8.00;8.03;1187759;21072986.00
2011/11/21;7.98;8.15;7.81;8.04;1046393;18281696.00
2011/11/22;7.93;8.05;7.85;7.97;683542;11883504.00
2011/11/23;7.95;8.03;7.81;7.81;764547;13214777.00
2011/11/24;7.70;8.09;7.61;7.90;1436389;24816330.00
2011/11/25;7.87;8.02;7.83;7.93;756287;13095834.00
2011/11/28;7.89;7.98;7.81;7.89;364792;6305225.50
2011/11/29;7.99;8.10;7.89;8.04;1438699;25047458.00
2011/11/30;8.02;8.02;7.38;7.70;1825408;30813450.00
2011/12/01;7.90;7.98;7.75;7.85;1384323;23850494.00
2011/12/02;7.86;7.86;7.51;7.68;853212;14346353.00
2011/12/05;7.50;7.55;7.25;7.25;352944;5752384.00
2011/12/06;7.19;7.34;7.11;7.28;286760;4590220.50
2011/12/07;7.36;7.36;7.25;7.28;186682;3004691.25
2011/12/08;7.30;7.40;7.10;7.32;365025;5843120.50
2011/12/09;7.25;7.30;7.20;7.23;231057;3698885.00
2011/12/12;7.23;7.30;7.19;7.22;112574;1796588.50
2011/12/13;7.13;7.15;6.56;6.66;885471;13446215.00
2011/12/14;6.63;6.71;6.53;6.54;297750;4397101.00
2011/12/15;6.45;6.49;6.29;6.33;412661;5882678.00
2011/12/16;6.35;6.54;6.33;6.52;539928;7715382.00
2011/12/19;6.46;6.54;6.25;6.51;580471;8301972.00
2011/12/20;6.46;6.67;6.46;6.50;549140;8022498.00
2011/12/21;6.59;6.61;6.26;6.28;486440;6992863.00
2011/12/22;6.24;6.25;5.91;6.08;428371;5821803.50
2011/12/23;6.09;6.22;6.02;6.12;320080;4406745.00
2011/12/26;6.07;6.18;6.01;6.02;247530;3401788.50
2011/12/27;6.08;6.10;5.79;5.79;438380;5852325.50
2011/12/28;5.74;5.75;5.54;5.62;857500;10935159.00
2011/12/29;5.60;5.65;5.55;5.61;376750;4796758.50
2011/12/30;5.65;5.75;5.61;5.67;353880;4552736.00
2012/01/04;5.76;5.83;5.47;5.54;512970;6570651.50
2012/01/05;5.45;5.51;5.25;5.26;421480;5186233.00
2012/01/06;5.20;5.38;5.11;5.34;546136;6520682.00
2012/01/09;5.33;5.56;5.23;5.56;672144;8385083.50
2012/01/10;5.56;5.84;5.55;5.84;886323;11463788.00
2012/01/11;5.81;5.91;5.70;5.78;713481;9347866.00
2012/01/12;5.75;5.88;5.72;5.78;576799;7554417.00
2012/01/13;5.73;5.80;5.36;5.46;635821;8051027.00
2012/01/16;5.37;5.46;5.26;5.29;417940;5091245.00
2012/01/17;5.39;5.69;5.31;5.67;604945;7578564.50
2012/01/18;5.61;5.85;5.52;5.58;642853;8290137.50
2012/01/19;5.56;6.05;5.56;5.96;1338859;17687468.00
2012/01/20;5.96;6.09;5.92;5.96;1046392;14079109.00
2012/01/30;5.98;6.18;5.96;6.01;906229;12353173.00
2012/01/31;5.96;6.00;5.84;5.95;531124;7080830.50
2012/02/01;5.89;6.06;5.86;5.92;448439;6005359.00
2012/02/02;5.93;6.09;5.86;6.05;633559;8539667.00
2012/02/03;6.05;6.27;6.01;6.20;872450;12060984.00
2012/02/06;6.20;6.28;6.16;6.24;858398;11952217.00
2012/02/07;6.24;6.24;6.06;6.06;594959;8163940.00
2012/02/08;5.95;6.28;5.95;6.23;1094470;15156771.00
2012/02/09;6.22;6.37;6.18;6.25;1375171;19289538.00
2012/02/10;6.27;6.30;6.17;6.21;713341;9943516.00
2012/02/13;6.15;6.34;6.13;6.30;919145;12907338.00
2012/02/14;6.33;6.34;6.21;6.25;545784;7642345.50
2012/02/15;6.21;6.52;6.17;6.51;1305317;18580634.00
2012/02/16;6.51;6.60;6.37;6.60;958416;13799513.00
2012/02/17;6.54;6.57;6.43;6.48;491559;7119559.00
2012/02/20;6.55;6.59;6.44;6.48;394567;5733755.50
2012/02/21;6.45;6.52;6.39;6.52;909353;13090351.00
2012/02/22;6.52;6.68;6.48;6.68;904805;13347285.00
2012/02/23;6.69;6.73;6.61;6.70;874882;13002438.00
2012/02/24;6.70;6.97;6.67;6.78;1566625;23705948.00
2012/02/27;6.80;6.90;6.72;6.72;2090291;31507742.00
2012/02/28;6.70;6.70;6.43;6.59;1528029;22338236.00
2012/02/29;6.65;6.74;6.59;6.59;1104609;16334809.00
2012/03/01;6.55;6.65;6.48;6.58;614589;9030590.00
2012/03/02;6.63;6.75;6.60;6.75;991242;14737562.00
2012/03/05;6.76;6.88;6.70;6.87;1336356;20158692.00
2012/03/06;6.85;6.88;6.65;6.73;900357;13482046.00
2012/03/07;6.68;6.78;6.55;6.67;711389;10605190.00
2012/03/08;6.66;6.83;6.65;6.76;765391;11489247.00
2012/03/09;6.79;6.88;6.75;6.87;1182590;17905566.00
2012/03/12;6.88;6.91;6.79;6.88;1161506;17645572.00
2012/03/13;6.89;7.01;6.82;6.97;1307820;20055896.00
2012/03/14;6.96;7.07;6.40;6.47;2018630;30541764.00
2012/03/15;6.47;6.55;6.30;6.36;784529;11214625.00
2012/03/16;6.36;6.65;6.36;6.60;1017198;14770500.00
2012/03/19;6.55;6.65;6.48;6.65;687876;10078471.00
2012/03/20;6.62;6.62;6.38;6.40;613032;8840597.00
2012/03/21;6.45;6.52;6.36;6.45;675771;9682682.00
2012/03/22;6.52;6.77;6.41;6.60;1068179;15642755.00
2012/03/23;6.51;6.63;6.40;6.62;734237;10707898.00
2012/03/26;6.60;6.61;6.45;6.50;392137;5704907.00
2012/03/27;6.52;6.58;6.46;6.49;293120;4269902.50
2012/03/28;6.58;6.61;6.07;6.08;854159;11986164.00
2012/03/29;6.04;6.21;5.92;6.15;1299165;17758480.00
2012/03/30;5.99;6.60;5.90;6.39;1596271;21968126.00
2012/04/05;6.29;6.53;6.14;6.34;1394027;19625118.00
2012/04/06;6.30;6.37;6.16;6.27;677019;9482508.00
2012/04/09;6.18;6.48;6.15;6.25;647358;9158421.00
2012/04/10;6.19;6.25;5.97;6.20;516992;7113996.00
2012/04/11;6.11;6.25;6.06;6.19;304777;4221435.00
2012/04/12;6.15;6.35;6.07;6.28;1085322;15072758.00
2012/04/13;6.29;6.36;6.26;6.31;758778;10712737.00
2012/04/16;6.28;6.37;6.26;6.30;734567;10401689.00
2012/04/17;6.30;6.32;6.16;6.17;486169;6788569.50
2012/04/18;6.18;6.34;6.15;6.33;548472;7691853.00
2012/04/19;6.31;6.33;6.21;6.25;574081;8056954.00
2012/04/20;6.22;6.36;6.21;6.35;574514;8087525.50
2012/04/23;6.33;6.33;5.95;5.98;906778;12434758.00
2012/04/24;5.90;6.15;5.79;5.94;687442;9110244.00
2012/04/25;5.88;6.04;5.88;5.94;538044;7182358.50
2012/04/26;5.94;5.98;5.90;5.92;286962;3832009.00
2012/04/27;5.94;6.05;5.91;5.99;369865;4986897.00
2012/05/02;6.08;6.13;6.00;6.08;468281;6384374.50
2012/05/03;6.02;6.25;6.02;6.19;662265;9196553.00
2012/05/04;6.17;6.24;6.16;6.22;844244;11742465.00
2012/05/07;6.19;6.25;6.15;6.21;545207;7567947.00
2012/05/08;6.22;6.27;6.17;6.22;447095;6225037.50
2012/05/09;6.18;6.20;6.05;6.05;410320;5617120.00
2012/05/10;6.06;6.58;6.00;6.25;1248761;17494494.00
2012/05/11;6.13;6.25;6.08;6.10;696036;9607335.00
2012/05/14;6.13;6.17;6.01;6.01;406773;5559070.50
2012/05/15;6.00;6.03;5.91;6.03;380732;5113812.00
2012/05/16;6.02;6.06;5.99;6.02;318251;4315539.00
2012/05/17;5.96;6.13;5.96;6.12;468663;6391898.00
2012/05/18;6.14;6.14;6.04;6.07;317149;4235937.00
2012/05/21;6.04;6.07;6.00;6.02;283900;3769876.00
2012/05/22;6.03;6.08;6.03;6.06;230280;3063287.25
2012/05/23;6.06;6.11;5.90;5.98;365450;4818071.50
2012/05/24;5.98;5.99;5.79;5.82;581621;7537343.50
2012/05/25;5.78;5.85;5.68;5.70;253912;3233017.50
2012/05/28;5.68;5.84;5.50;5.84;573687;7205623.50
2012/05/29;5.85;6.28;5.84;6.18;1758200;23711774.00
2012/05/30;6.15;6.38;6.15;6.35;1665603;22892264.00
2012/05/31;6.23;6.37;6.23;6.29;768312;10628870.00
2012/06/01;6.29;6.35;6.23;6.23;346392;4759207.00
2012/06/04;6.16;6.25;6.00;6.00;539191;7269478.00
2012/06/05;6.01;6.12;5.99;6.08;459813;6135419.50
2012/06/06;6.10;6.18;6.09;6.12;426169;5746303.50
2012/06/07;6.18;6.20;6.00;6.05;213804;2861849.50
2012/06/08;6.09;6.10;6.00;6.01;175549;2330956.75
2012/06/11;6.06;6.14;6.01;6.11;267766;3574042.75
2012/06/12;6.08;6.08;5.99;6.04;259596;3443431.00
2012/06/13;6.09;6.11;6.00;6.07;413212;5494727.00
2012/06/14;6.08;6.24;6.07;6.19;691283;9364907.00
2012/06/15;6.23;6.28;6.11;6.21;422519;5724092.50
2012/06/18;6.21;6.30;6.16;6.23;688674;9401529.00
2012/06/19;6.19;6.30;6.19;6.23;321826;4397441.50
2012/06/20;6.26;6.26;6.18;6.21;348518;4749144.50
2012/06/21;6.19;6.20;6.04;6.04;249200;3342112.00
2012/06/25;6.00;6.00;5.77;5.77;405800;5263608.50
2012/06/26;5.69;5.89;5.67;5.81;243960;3112526.75
2012/06/27;5.84;5.85;5.77;5.80;117600;1506343.75
2012/06/28;5.68;5.82;5.68;5.78;154714;1967303.25
2012/06/29;5.79;5.88;5.72;5.85;201270;2579727.50
2012/07/02;5.85;5.88;5.77;5.81;368364;4717571.00
2012/07/03;5.73;5.94;5.70;5.89;703265;9073087.00
2012/07/04;5.87;5.88;5.59;5.70;686276;8640526.00
2012/07/05;5.64;5.69;5.42;5.42;417555;5106737.00
2012/07/06;5.46;5.52;5.38;5.50;345700;4174750.50
2012/07/09;5.41;5.48;5.34;5.34;209100;2511202.50
2012/07/10;5.34;5.39;5.27;5.30;176825;2090678.13
2012/07/11;5.34;5.40;5.25;5.40;179877;2140819.00
2012/07/12;5.26;5.46;5.26;5.41;215359;2566282.50
2012/07/13;5.31;5.45;5.28;5.29;249477;2960455.75
2012/07/16;5.20;5.38;4.93;4.95;323270;3662817.25
2012/07/17;4.96;5.45;4.90;5.34;404106;4586569.50
2012/07/18;5.25;5.25;5.01;5.11;789253;9026045.00
2012/07/19;5.08;5.40;5.08;5.21;1049721;12078626.00
2012/07/20;5.17;5.33;5.12;5.16;508249;5878614.50
2012/07/23;5.23;5.23;5.01;5.03;226682;2574274.50
2012/07/24;5.00;5.10;5.00;5.05;193648;2188079.00
2012/07/25;5.00;5.08;5.00;5.05;155701;1760330.00
2012/07/26;5.03;5.10;5.01;5.03;122578;1386430.75
2012/07/27;5.01;5.12;4.91;5.10;246605;2791705.25
2012/07/30;5.15;5.15;4.76;4.82;534983;5908484.50
2012/07/31;4.83;4.99;4.60;4.69;689647;7344746.00
2012/08/01;4.69;4.82;4.69;4.75;301223;3226844.25
2012/08/02;4.76;4.82;4.66;4.73;202513;2151493.25
2012/08/03;4.78;4.87;4.72;4.85;258874;2800873.50
2012/08/06;4.81;4.97;4.79;4.96;377442;4150831.50
2012/08/07;4.96;5.01;4.92;4.98;346595;3861103.50
2012/08/08;5.02;5.02;4.93;4.98;239442;2664737.50
2012/08/09;4.94;5.06;4.90;5.05;438847;4905928.50
2012/08/10;5.01;5.05;4.97;4.99;335704;3758918.75
2012/08/13;4.99;5.02;4.90;4.90;411070;4589498.50
2012/08/14;4.91;5.04;4.87;5.00;179796;1991644.50
2012/08/15;4.94;4.99;4.90;4.93;168681;1871751.00
2012/08/16;4.89;4.98;4.85;4.86;307172;3382586.75
2012/08/17;4.83;4.89;4.78;4.86;170795;1854620.25
2012/08/20;4.84;4.84;4.73;4.73;619838;6639046.50
2012/08/21;4.74;4.88;4.74;4.87;555326;6035090.50
2012/08/22;4.86;5.02;4.82;5.00;1033699;11425904.00
2012/08/23;4.98;5.14;4.90;5.13;1299093;14567060.00
2012/08/24;5.04;5.10;4.94;5.07;911830;10231353.00
2012/08/27;5.04;5.04;4.77;4.82;656070;7209780.00
2012/08/28;4.77;5.03;4.77;5.03;711219;7846051.50
2012/08/29;5.00;5.07;4.94;4.95;415263;4653057.00
2012/08/30;4.99;5.03;4.80;4.81;617906;6767883.00
2012/08/31;4.77;4.89;4.77;4.85;191399;2082389.63
2012/09/03;4.82;4.97;4.81;4.97;348445;3847618.50
2012/09/04;5.00;5.20;4.96;4.99;473879;5322136.50
2012/09/05;4.96;5.14;4.93;5.13;851972;9648588.00
2012/09/06;5.11;5.23;5.09;5.12;731300;8384422.50
2012/09/07;5.15;5.39;5.14;5.25;932600;10911990.00
2012/09/10;5.28;5.28;5.19;5.23;436548;5091975.00
2012/09/11;5.21;5.24;5.18;5.23;333129;3864215.00
2012/09/12;5.32;5.32;5.14;5.22;452493;5254038.00
2012/09/13;5.27;5.47;5.25;5.26;1098859;13089859.00
2012/09/14;5.38;5.38;5.20;5.26;492180;5756022.50
2012/09/17;5.26;5.26;5.01;5.01;465300;5314115.00
2012/09/18;5.05;5.08;4.96;4.99;197810;2222810.25
2012/09/19;5.04;5.13;5.00;5.13;275082;3110761.75
2012/09/20;5.11;5.23;4.90;5.00;333547;3765621.00
2012/09/21;5.00;5.00;4.80;4.83;370100;4077363.00
2012/09/24;4.83;4.86;4.75;4.83;159533;1722735.13
2012/09/25;4.85;4.86;4.70;4.72;284701;3055704.25
2012/09/26;4.75;4.75;4.57;4.58;220700;2301826.00
2012/09/27;4.61;4.75;4.57;4.66;258181;2717906.50
2012/09/28;4.66;4.77;4.66;4.74;231086;2458689.50
2012/10/08;4.75;4.77;4.65;4.74;282661;3003479.25
2012/10/09;4.74;4.90;4.74;4.90;346938;3782014.50
2012/10/10;4.85;4.99;4.85;4.98;324502;3608818.50
2012/10/11;4.98;5.01;4.85;4.89;389440;4288959.50
2012/10/12;4.88;4.95;4.80;4.84;360621;3931919.00
2012/10/15;4.87;4.87;4.69;4.71;295268;3155388.00
2012/10/16;4.80;4.80;4.69;4.77;252817;2707312.50
2012/10/17;4.75;4.90;4.72;4.89;346260;3755921.25
2012/10/18;4.89;5.02;4.84;5.00;549864;6114495.00
2012/10/19;4.88;5.05;4.88;4.94;198685;2206436.25
2012/10/22;4.94;5.02;4.89;5.00;225697;2512938.50
2012/10/23;5.04;5.04;4.91;4.92;178100;1976922.00
2012/10/24;5.00;5.09;4.96;5.08;710160;8019433.50
2012/10/25;5.03;5.09;4.95;4.98;415249;4670095.00
2012/10/26;4.90;5.05;4.80;4.84;419850;4600399.00
2012/10/29;4.82;4.90;4.82;4.84;151085;1648761.75
2012/10/30;4.91;4.91;4.81;4.84;117800;1283235.00
2012/10/31;4.82;4.86;4.78;4.84;114758;1243491.63
2012/11/01;4.89;4.99;4.85;4.95;422008;4678079.00
2012/11/02;4.97;5.01;4.94;4.99;322351;3585760.00
2012/11/05;4.94;4.99;4.90;4.96;244735;2707206.50
2012/11/06;4.93;4.95;4.84;4.89;157150;1721959.63
2012/11/07;4.91;4.99;4.86;4.99;268090;2977398.50
2012/11/08;4.97;4.98;4.89;4.90;221709;2446639.25
2012/11/09;4.92;4.97;4.76;4.79;335739;3645068.00
2012/11/12;4.82;4.90;4.72;4.79;341259;3670249.75
2012/11/13;4.78;4.79;4.67;4.70;174284;1850003.38
2012/11/14;4.68;4.73;4.61;4.73;188679;1984707.00
2012/11/15;4.70;4.70;4.58;4.59;196650;2060939.00
2012/11/16;4.59;4.62;4.53;4.60;135142;1399760.00
2012/11/19;4.54;4.63;4.52;4.63;123796;1284533.25
2012/11/20;4.63;4.65;4.60;4.62;83504;872036.94
2012/11/21;4.65;4.72;4.55;4.70;115518;1210412.25
2012/11/22;4.64;4.70;4.62;4.67;144746;1518778.38
2012/11/23;4.65;4.71;4.60;4.69;115382;1215453.13
2012/11/26;4.65;4.70;4.56;4.62;124811;1310200.50
2012/11/27;4.57;4.57;4.40;4.44;329165;3330519.75
2012/11/28;4.45;4.48;4.30;4.40;144884;1443604.50
2012/11/29;4.35;4.43;4.28;4.34;93122;926995.31
2012/11/30;4.30;4.42;4.30;4.41;97503;967606.31
2012/12/03;4.40;4.40;4.25;4.28;152500;1501354.00
2012/12/04;4.21;4.34;4.19;4.33;193309;1878951.25
2012/12/05;4.33;4.51;4.33;4.47;848841;8576661.00
2012/12/06;4.47;4.49;4.33;4.38;878652;8758736.00
2012/12/07;4.31;4.53;4.31;4.52;714094;7192421.00
2012/12/10;4.52;4.63;4.47;4.62;837628;8637737.00
2012/12/11;4.57;4.60;4.43;4.51;1093588;11141403.00
2012/12/12;4.47;4.52;4.45;4.52;584755;5943753.50
2012/12/13;4.50;4.55;4.42;4.46;384065;3898827.00
2012/12/14;4.48;4.68;4.44;4.66;970833;10087599.00
2012/12/17;4.66;4.83;4.66;4.75;1339238;14304961.00
2012/12/18;4.70;4.90;4.70;4.87;1776518;19262740.00
2012/12/19;4.85;4.86;4.78;4.85;1270037;13772211.00
2012/12/20;4.85;5.14;4.79;5.13;2175004;24195246.00
2012/12/21;5.09;5.29;5.07;5.29;2956799;34264768.00
2012/12/24;5.27;5.29;5.12;5.25;1536457;17873136.00
2012/12/25;5.21;5.40;5.17;5.40;2268347;26916130.00
2012/12/26;5.39;5.49;5.32;5.49;1921832;23079446.00
2012/12/27;5.50;5.59;5.34;5.49;2807718;33804916.00
2012/12/28;5.40;5.48;5.29;5.43;3118339;37429264.00
2012/12/31;5.38;5.38;5.05;5.10;6786210;77735872.00
2013/01/04;5.12;5.17;5.05;5.13;1980999;22620816.00
2013/01/07;5.12;5.18;5.05;5.18;2080907;23794058.00
2013/01/08;5.19;5.23;5.11;5.20;2991320;34575564.00
2013/01/09;5.19;5.27;5.12;5.25;2860809;33093206.00
2013/01/10;5.22;5.28;5.16;5.26;2660771;30960950.00
2013/01/11;5.23;5.26;5.06;5.09;5516118;63398196.00
2013/01/14;5.05;5.27;5.05;5.27;4076224;47191240.00
2013/01/15;5.30;5.43;5.26;5.33;3743076;44428104.00
2013/01/16;5.33;5.36;5.14;5.24;2878829;33642136.00
2013/01/17;5.26;5.29;5.12;5.16;1801320;20853130.00
2013/01/18;5.15;5.26;5.14;5.23;1500126;17412452.00
2013/01/21;5.24;5.33;5.21;5.33;2461604;28956880.00
2013/01/22;5.32;5.32;5.13;5.16;1878203;21908502.00
2013/01/23;5.10;5.19;5.04;5.13;1555135;17745204.00
2013/01/24;5.11;5.18;4.96;4.98;2287179;25985848.00
2013/01/25;5.02;5.02;4.95;4.98;736073;8204126.50
2013/01/28;4.98;5.14;4.96;5.12;1404160;15883361.00
2013/01/29;5.09;5.15;5.09;5.13;1295761;14834543.00
2013/01/30;5.13;5.15;5.06;5.10;1126013;12814240.00
2013/01/31;5.09;5.15;5.04;5.12;1158014;13195368.00
2013/02/01;5.10;5.20;5.06;5.19;1257924;14457754.00
2013/02/04;5.19;5.35;5.16;5.19;1337111;15521428.00
2013/02/05;5.12;5.24;5.12;5.23;1003763;11620758.00
2013/02/06;5.82;5.82;5.82;5.82;1763350;22623780.00
2013/02/07;6.40;6.46;6.30;6.46;10151198;142598768.00
2013/02/08;6.60;7.16;6.51;7.03;14323744;214364160.00
2013/02/18;7.10;7.60;7.00;7.15;11038732;173781024.00
2013/02/19;7.05;7.32;7.01;7.25;7083992;110260592.00
2013/02/20;7.20;7.29;7.06;7.28;5108342;79678400.00
2013/02/21;7.22;7.53;7.10;7.10;7371685;116419224.00
2013/02/22;6.95;7.05;6.85;6.89;5844815;88294552.00
2013/02/25;6.90;6.97;6.78;6.97;2966408;44380400.00
2013/02/26;6.89;7.05;6.79;6.79;3001437;45120716.00
2013/02/27;6.83;6.88;6.64;6.74;2445674;35915300.00
2013/02/28;6.79;6.95;6.71;6.94;3250587;48340296.00
2013/03/01;6.99;7.11;6.92;6.99;3462927;52662552.00
2013/03/04;6.91;6.92;6.67;6.72;2421643;35704488.00
2013/03/05;6.68;6.93;6.68;6.92;1674367;24970904.00
2013/03/06;6.92;7.11;6.86;7.05;2508311;38182264.00
2013/03/07;7.07;7.07;6.83;6.86;2253653;33986476.00
2013/03/08;6.87;6.95;6.77;6.85;1567152;23372140.00
2013/03/11;6.85;6.88;6.76;6.85;916111;13617059.00
2013/03/12;6.85;6.89;6.46;6.59;2199472;31868172.00
2013/03/13;6.57;6.60;6.44;6.52;1031481;14704531.00
2013/03/14;6.52;6.63;6.51;6.53;660740;9474605.00
2013/03/15;6.53;6.68;6.45;6.60;1061312;15261675.00
2013/03/18;6.51;6.70;6.50;6.58;682428;9847605.00
2013/03/19;6.58;6.65;6.50;6.61;624964;8971142.00
2013/03/20;6.60;6.81;6.60;6.80;1368759;20040490.00
2013/03/21;6.88;6.89;6.76;6.82;1559832;23125742.00
2013/03/22;6.81;6.89;6.77;6.83;993314;14763153.00
2013/03/25;6.84;6.86;6.74;6.76;978744;14453156.00
2013/03/26;6.70;6.75;6.57;6.66;1107720;16013930.00
2013/03/27;6.66;6.74;6.65;6.74;812898;11861154.00
2013/03/28;6.68;6.68;6.50;6.50;916977;13139549.00
2013/03/29;6.52;6.58;6.36;6.39;886358;12538997.00
2013/04/01;6.39;6.66;6.33;6.59;902641;12881143.00
2013/04/02;6.56;6.63;6.46;6.46;491058;7000975.00
2013/04/03;6.50;6.55;6.45;6.48;506662;7176073.00
2013/04/08;6.40;6.54;6.34;6.52;556082;7833404.50
2013/04/09;6.52;6.83;6.51;6.80;1895382;27818498.00
2013/04/10;6.75;6.90;6.73;6.78;978397;14474058.00
2013/04/11;6.84;6.85;6.69;6.72;794465;11667847.00
2013/04/12;6.72;6.77;6.64;6.68;647928;9466945.00
2013/04/15;6.65;6.79;6.63;6.73;734457;10744995.00
2013/04/16;6.65;6.67;6.46;6.61;1093611;15626991.00
2013/04/17;6.62;6.65;6.57;6.65;494287;7128731.00
2013/04/18;6.54;6.75;6.54;6.74;905355;13202821.00
2013/04/19;6.71;6.93;6.71;6.89;2213493;33039320.00
2013/04/22;6.85;7.03;6.81;7.03;2289282;34616012.00
2013/04/23;7.10;7.10;6.75;6.80;2067926;30987728.00
2013/04/24;6.78;7.08;6.75;7.06;2720777;41230000.00
2013/04/25;7.08;7.22;6.99;6.99;3636531;56142176.00
2013/04/26;6.99;7.07;6.76;6.78;1809911;27016018.00
2013/05/02;6.73;6.88;6.67;6.83;543705;8042779.00
2013/05/03;6.83;7.03;6.83;7.01;1359523;20622238.00
2013/05/06;7.01;7.20;7.01;7.16;2273871;35222828.00
2013/05/07;7.14;7.25;7.07;7.19;2086343;32322074.00
2013/05/08;7.20;7.24;7.13;7.21;1914066;29779450.00
2013/05/09;7.21;7.34;7.11;7.26;2362078;36953444.00
2013/05/10;7.26;7.33;7.15;7.25;2048443;32122424.00
2013/05/13;7.31;7.44;7.26;7.42;2231991;35618200.00
2013/05/14;7.48;7.48;7.12;7.14;2212902;34587164.00
2013/05/15;7.15;7.25;7.09;7.25;1444136;22419530.00
2013/05/16;7.25;7.35;7.14;7.18;2263109;35495992.00
2013/05/17;7.23;7.41;7.13;7.33;2342609;36922696.00
2013/05/20;7.40;7.58;7.33;7.56;2950401;47601060.00
2013/05/21;7.61;8.09;7.61;7.92;4428264;75013360.00
2013/05/22;7.93;7.99;7.69;7.73;2562512;42920648.00
2013/05/23;7.77;7.87;7.71;7.78;2199571;36980412.00
2013/05/24;7.72;7.85;7.72;7.82;1502100;25184090.00
2013/05/27;7.90;8.00;7.85;7.95;1967445;33556024.00
2013/05/28;7.95;7.95;7.57;7.73;2888993;47922020.00
2013/05/29;7.95;8.00;7.79;7.91;3484044;59311692.00
2013/05/30;7.84;7.89;7.76;7.82;1736089;29206864.00
2013/05/31;7.79;8.00;7.78;7.94;1800650;30625740.00
2013/06/03;8.00;8.07;7.70;7.78;2219682;37765152.00
2013/06/04;7.78;7.87;7.26;7.55;2610622;42415160.00
2013/06/05;7.57;7.59;7.27;7.36;2232560;35685620.00
2013/06/06;7.26;7.27;6.65;6.74;4748849;34391600.00
2013/06/07;6.76;6.80;6.48;6.55;3254130;22592204.00
2013/06/13;6.21;6.44;6.05;6.13;2664908;17381126.00
2013/06/14;6.16;6.31;6.15;6.23;2448642;16103816.00
2013/06/17;6.24;6.27;6.03;6.10;2690149;17435972.00
2013/06/18;6.13;6.16;5.94;6.07;1785387;11410606.00
2013/06/19;6.05;6.12;5.86;6.12;2012660;12788361.00
2013/06/20;6.07;6.07;5.84;5.85;2119182;13365175.00
2013/06/21;5.67;5.80;5.57;5.70;2153510;12993481.00
2013/06/24;5.65;5.68;5.20;5.22;3007690;17351830.00
2013/06/25;5.18;5.34;4.86;5.31;2943630;16248759.00
2013/06/26;5.30;5.42;5.20;5.39;2347819;13357841.00
2013/06/27;5.43;5.47;5.15;5.17;3059245;17395038.00
2013/06/28;5.16;5.28;4.91;5.02;3100368;16875076.00
2013/07/01;5.00;5.22;4.95;5.21;2086422;11417303.00
2013/07/02;5.24;5.40;5.21;5.40;3214067;18315138.00
2013/07/03;5.35;5.38;5.18;5.30;2409700;13578432.00
2013/07/04;5.26;5.40;5.19;5.28;2718633;15402526.00
2013/07/05;5.38;5.38;5.22;5.22;2468974;13926394.00
2013/07/08;5.21;5.21;4.90;4.98;2332533;12456754.00
2013/07/09;4.93;5.02;4.90;4.96;1346355;7129553.00
2013/07/10;4.99;5.14;4.94;5.13;2195914;11874175.00
2013/07/11;5.11;5.41;5.08;5.30;3246679;18276582.00
2013/07/12;5.31;5.55;5.27;5.34;3640346;20922346.00
2013/07/15;5.42;5.49;5.33;5.49;3475747;20063476.00
2013/07/16;5.46;5.67;5.41;5.61;4502769;26546138.00
2013/07/17;5.57;5.72;5.38;5.44;4501849;26576488.00
2013/07/18;5.40;5.49;5.31;5.44;2284164;13158694.00
2013/07/19;5.40;5.49;5.23;5.27;3742017;21394600.00
2013/07/22;5.23;5.31;5.15;5.29;2381222;13283946.00
2013/07/23;5.29;5.64;5.27;5.62;4980157;29116014.00
2013/07/24;5.60;5.90;5.56;5.87;7082101;43137332.00
2013/07/25;5.85;5.87;5.58;5.61;4612035;27889168.00
2013/07/26;5.55;5.61;5.44;5.57;2674453;15725472.00
2013/07/29;5.52;5.65;5.46;5.55;2259794;13331072.00
2013/07/30;5.52;5.58;5.37;5.55;2009878;11728651.00
2013/07/31;5.58;5.62;5.51;5.53;1776363;10498421.00
2013/08/01;5.52;5.71;5.50;5.71;4151596;24939022.00
2013/08/02;5.74;6.07;5.67;5.94;8338866;51889076.00
2013/08/05;5.87;5.98;5.82;5.93;5152514;32209676.00
2013/08/06;5.90;5.92;5.75;5.85;5810447;35970888.00
2013/08/07;5.84;5.88;5.70;5.75;4169269;25440990.00
2013/08/08;5.74;5.94;5.72;5.84;3403609;21091458.00
2013/08/09;5.84;5.95;5.71;5.91;4432746;27416410.00
2013/08/12;5.94;5.95;5.84;5.88;4417455;27500180.00
2013/08/13;5.89;5.93;5.82;5.92;3707429;23142340.00
2013/08/14;5.94;6.55;5.94;6.55;18055006;122923240.00
2013/08/15;6.65;7.17;6.58;6.86;23575527;170434304.00
2013/08/16;6.71;6.85;6.43;6.55;10082065;70175736.00
2013/08/19;6.55;6.65;6.34;6.61;6178564;42490332.00
2013/08/20;6.54;6.61;6.44;6.52;4730764;32528442.00
2013/08/21;6.50;6.61;6.37;6.55;4078316;27913542.00
2013/08/22;6.55;6.80;6.51;6.61;5482116;38379788.00
2013/08/23;6.60;6.68;6.31;6.51;4349581;29786260.00
2013/08/26;6.48;6.61;6.45;6.61;3868184;26570938.00
2013/08/27;6.62;6.65;6.47;6.50;4055469;27886810.00
2013/08/28;6.50;6.50;6.35;6.42;3720708;25130506.00
2013/08/29;6.40;6.47;6.31;6.36;2634960;17679982.00
2013/08/30;6.36;6.36;6.04;6.07;4753146;31064840.00
2013/09/02;6.01;6.18;6.01;6.18;1892132;12203786.00
2013/09/03;6.13;6.31;6.12;6.31;1647911;10852752.00
2013/09/04;6.30;6.31;6.14;6.20;2249039;14739520.00
2013/09/05;6.18;6.33;6.15;6.30;2291047;15183297.00
2013/09/06;6.32;6.33;6.21;6.25;1973439;13049014.00
2013/09/09;6.27;6.32;6.23;6.30;2279294;15084436.00
2013/09/10;6.32;6.33;6.12;6.23;4411549;28987338.00
2013/09/11;6.20;6.21;6.05;6.09;3720783;24030888.00
2013/09/12;6.05;6.16;6.05;6.12;1495977;9672275.00
2013/09/13;6.16;6.18;6.06;6.18;2232258;14435122.00
2013/09/16;6.21;6.21;6.07;6.09;2269092;14688109.00
2013/09/17;6.09;6.11;5.94;5.94;2267351;14417028.00
2013/09/18;5.95;6.06;5.93;6.05;1318477;8378244.50
2013/09/23;6.05;6.13;6.02;6.12;1711860;11035781.00
2013/09/24;6.10;6.19;6.08;6.14;2003273;12981030.00
2013/09/25;6.14;6.14;6.05;6.06;1752610;11283180.00
2013/09/26;6.06;6.07;5.96;5.96;1546508;9837369.00
2013/09/27;5.97;6.08;5.97;6.03;1053953;6716998.50
2013/09/30;6.08;6.23;6.05;6.20;2781001;18112282.00
2013/10/08;6.23;6.24;6.14;6.22;2452567;16045355.00
2013/10/09;6.20;6.44;6.17;6.40;5305372;35567264.00
2013/10/10;6.42;6.43;6.18;6.22;3383493;22450520.00
2013/10/11;6.20;6.30;6.19;6.27;2847078;18773520.00
2013/10/14;6.27;6.31;6.20;6.31;3083004;20357894.00
2013/10/15;6.31;6.33;6.21;6.28;2065135;13657057.00
2013/10/16;6.22;6.27;6.05;6.10;2538799;16421027.00
2013/10/17;6.10;6.33;6.10;6.23;3137016;20715924.00
2013/10/18;6.23;6.44;6.19;6.41;5013707;33691848.00
2013/10/21;6.40;6.60;6.36;6.53;5501503;37715604.00
2013/10/22;6.54;6.89;6.49;6.67;8373120;59154520.00
2013/10/23;6.68;6.73;6.35;6.45;4348795;29761502.00
2013/10/24;6.42;6.50;6.31;6.43;2331823;15767313.00
2013/10/25;6.35;6.51;6.35;6.45;2379266;16144422.00
2013/10/28;6.46;6.89;6.41;6.89;8028697;56651304.00
2013/10/29;6.90;7.61;6.78;7.19;20296006;153717136.00
2013/10/30;7.05;7.81;6.90;7.78;16423144;129854552.00
2013/10/31;7.65;7.67;7.15;7.18;10829910;83802632.00
2013/11/01;7.05;7.06;6.70;6.73;7455213;53389284.00
2013/11/04;6.73;6.98;6.45;6.95;6269505;44468096.00
2013/11/05;6.86;7.04;6.73;6.92;5290888;38243852.00
2013/11/06;6.93;7.29;6.76;6.97;8156557;60477680.00
2013/11/07;6.96;7.22;6.83;7.03;5615595;41492688.00
2013/11/08;7.02;7.13;6.62;6.63;5767281;41382244.00
2013/11/11;6.61;6.86;6.48;6.73;3846146;27231458.00
2013/11/12;6.74;6.77;6.63;6.73;3789902;26705950.00
2013/11/13;6.74;6.74;6.45;6.45;3257792;22645606.00
2013/11/14;6.37;6.45;6.14;6.39;5132090;34123392.00
2013/11/15;6.39;6.67;6.36;6.53;4644027;32115356.00
2013/11/18;6.54;6.93;6.54;6.90;5132044;36511920.00
2013/11/20;7.12;7.45;6.95;7.06;8424598;63154556.00
2013/11/21;6.98;7.00;6.80;6.90;5203103;37558972.00
2013/11/22;6.90;7.04;6.84;6.92;3758187;27388830.00
2013/11/25;6.90;7.04;6.90;6.98;3563091;26162300.00
2013/11/26;6.92;7.01;6.79;6.85;3120199;22472300.00
2013/11/27;6.84;6.97;6.81;6.95;3226062;23417220.00
2013/11/28;6.95;7.05;6.91;6.93;4783181;35049716.00
2013/11/29;6.93;7.02;6.86;7.02;5355934;39144244.00
2013/12/02;6.82;6.83;6.28;6.30;6607140;45469592.00
2013/12/03;6.19;6.42;6.04;6.42;3344157;21972884.00
2013/12/04;6.41;6.57;6.36;6.45;2990093;20463282.00
2013/12/05;6.44;6.49;6.35;6.42;2614165;17638172.00
2013/12/06;6.42;6.47;6.39;6.46;1754876;11891801.00
2013/12/09;6.45;6.57;6.44;6.57;2252462;15506331.00
2013/12/10;6.57;6.57;6.44;6.52;1477804;10130582.00
2013/12/11;6.48;6.54;6.44;6.45;1497400;10224658.00
2013/12/12;6.45;6.58;6.45;6.53;2071927;14253510.00
2013/12/13;6.54;6.72;6.49;6.65;3436076;24040128.00
2013/12/16;6.61;6.85;6.57;6.80;4969912;35333252.00
2013/12/17;6.80;6.90;6.68;6.87;4593549;32900960.00
2013/12/18;6.83;7.02;6.79;7.01;5288541;38552256.00
2013/12/19;7.07;7.08;6.68;6.70;5316319;38424156.00
2013/12/20;6.71;6.78;6.42;6.46;3722473;25664504.00
2013/12/23;6.43;6.48;6.24;6.38;1768237;11896308.00
2013/12/24;6.44;6.59;6.38;6.50;1964638;13436175.00
2013/12/25;6.47;6.74;6.45;6.74;2630334;18352366.00
2013/12/26;6.80;6.80;6.53;6.56;2597747;18270308.00
2013/12/27;6.51;6.90;6.51;6.85;3985704;28399280.00
2013/12/30;6.92;7.08;6.80;7.03;6074661;44401492.00
2013/12/31;6.95;7.00;6.81;6.96;3609361;26193968.00
2014/01/02;6.98;7.07;6.91;6.98;4154270;30582990.00
2014/01/03;6.90;6.98;6.80;6.88;4575216;33047378.00
2014/01/06;6.93;6.93;6.67;6.67;3063228;21803708.00
2014/01/07;6.65;7.02;6.51;7.01;3741926;26711626.00
2014/01/08;6.99;7.33;6.97;7.21;9288112;70160424.00
2014/01/09;7.09;7.25;6.82;6.85;4843040;35862008.00
2014/01/10;6.79;7.21;6.78;7.13;5672470;41943188.00
2014/01/13;7.13;7.30;7.06;7.25;5806756;43787504.00
2014/01/14;7.29;7.37;7.13;7.35;6470947;49294484.00
2014/01/15;7.31;7.40;7.17;7.28;5580979;42331864.00
2014/01/16;7.24;7.26;7.11;7.15;4520729;34013456.00
2014/01/17;7.15;7.22;6.94;7.22;4581578;34064784.00
2014/01/20;7.18;7.24;6.99;6.99;3512370;26176868.00
2014/01/21;6.96;7.21;6.96;7.21;3296556;24565624.00
2014/01/22;7.22;7.35;7.17;7.30;5824843;44295472.00
2014/01/23;7.30;7.61;7.23;7.49;8000737;62326884.00
2014/01/24;7.43;7.59;7.39;7.46;5104810;39956208.00
2014/01/27;7.43;7.46;7.23;7.26;4903966;37689420.00
2014/01/28;7.29;7.42;7.20;7.39;3532902;27128926.00
2014/01/29;7.39;7.60;7.31;7.54;4613036;36080516.00
2014/01/30;7.54;7.60;7.42;7.45;2809678;22082338.00
2014/02/07;7.43;7.83;7.33;7.68;5174372;41180624.00
2014/02/10;7.68;8.18;7.67;8.02;7893617;65645112.00
2014/02/11;8.02;8.28;7.78;7.98;7466378;62662956.00
2014/02/12;7.93;8.50;7.87;8.42;9772416;84750696.00
2014/02/13;8.45;8.45;8.06;8.07;6910975;59718392.00
2014/02/14;8.03;8.26;7.96;8.13;6942104;58843368.00
2014/02/17;8.13;8.35;7.98;8.32;7829290;66471316.00
2014/02/18;8.35;8.95;8.15;8.68;11137843;99433384.00
2014/02/19;8.68;8.85;8.45;8.61;7349521;66284100.00
2014/02/20;8.51;8.65;8.25;8.37;5728911;50009344.00
2014/02/21;8.33;8.51;7.85;8.12;4585441;39204836.00
2014/02/24;8.08;8.32;8.00;8.31;3299534;28070924.00
2014/02/25;8.31;8.33;7.44;7.46;7807666;64504080.00
2014/02/26;7.44;7.44;7.05;7.37;4679024;35613600.00
2014/02/27;7.34;7.60;7.25;7.28;3246970;25317634.00
2014/02/28;7.28;7.57;7.15;7.54;2686592;20719084.00
2014/03/03;7.56;7.73;7.48;7.63;2915462;23214464.00
2014/03/04;7.58;7.67;7.38;7.50;2467085;19425790.00
2014/03/05;7.53;7.71;7.50;7.56;2620191;20877924.00
2014/03/06;7.51;7.70;7.51;7.69;3264940;26028362.00
2014/03/07;7.67;7.80;7.58;7.62;2742418;22107768.00
2014/03/10;7.37;7.60;7.17;7.29;2697052;20836070.00
2014/03/11;7.25;7.35;7.01;7.10;2301468;17364688.00
2014/03/12;7.03;7.16;6.89;7.04;2573998;18983952.00
2014/03/13;7.02;7.17;6.99;7.17;1980543;14761306.00
2014/03/14;7.15;7.25;7.05;7.11;1768417;13228618.00
2014/03/17;7.15;7.31;7.11;7.31;2521686;19131790.00
2014/03/18;7.28;7.40;7.25;7.32;1783496;13691412.00
2014/03/19;7.30;7.31;7.17;7.30;2076276;15741186.00
2014/03/20;7.27;7.38;7.07;7.07;2121005;16143618.00
2014/03/21;7.00;7.20;6.86;7.20;2105292;15469592.00
2014/03/24;7.17;7.23;7.12;7.18;1959728;14739131.00
2014/03/25;7.19;7.30;7.11;7.17;1574863;11890913.00
2014/03/26;7.16;7.26;7.14;7.23;1931407;14602789.00
2014/03/27;7.21;7.23;7.00;7.00;2412668;17936036.00
2014/03/28;6.99;7.01;6.71;6.76;2702755;19464748.00
2014/03/31;6.75;6.80;6.65;6.73;1396466;9883069.00
2014/04/01;6.72;6.93;6.69;6.89;1220959;8808217.00
2014/04/02;6.94;6.95;6.80;6.87;1078610;7761819.50
2014/04/03;6.87;6.94;6.81;6.87;930865;6733716.00
2014/04/04;6.85;6.94;6.80;6.93;831013;6030121.50
2014/04/08;6.95;7.10;6.88;7.07;1329405;9819082.00
2014/04/09;7.07;7.18;7.06;7.13;1346080;10054931.00
2014/04/10;7.15;7.19;7.09;7.09;1615378;12091012.00
2014/04/11;7.07;7.07;6.97;7.02;1311032;9652722.00
2014/04/14;7.01;7.09;6.97;7.09;1525808;11241391.00
2014/04/15;7.06;7.09;7.00;7.03;1023061;7548075.50
2014/04/16;7.03;7.05;6.96;7.03;762468;5608336.00
2014/04/17;7.03;7.07;6.99;7.05;1176692;8687546.00
2014/04/18;7.05;7.14;7.01;7.12;1384752;10300983.00
2014/04/21;7.11;7.19;7.02;7.02;1536405;11465465.00
2014/04/22;6.97;7.02;6.75;6.85;2120201;15256090.00
2014/04/23;6.83;6.88;6.80;6.86;633796;4557170.00
2014/04/24;6.87;6.87;6.77;6.81;1095283;7841636.00
2014/04/25;6.84;6.84;6.66;6.67;1205712;8556156.00
2014/04/28;6.66;6.66;6.35;6.36;1349348;9175706.00
2014/04/29;6.36;6.45;6.25;6.42;1319330;8855041.00
2014/04/30;6.40;6.48;6.35;6.46;1392997;9435515.00
2014/08/05;7.13;7.13;7.13;7.13;73949;544264.63
2014/08/06;7.87;7.87;7.87;7.87;302373;2449221.25
2014/08/07;8.68;8.68;8.68;8.68;538524;4798249.00
2014/08/08;9.57;9.57;8.58;8.59;27934333;258580800.00
2014/08/11;8.46;8.95;8.29;8.68;14582434;128580792.00
2014/08/12;8.62;8.77;8.50;8.62;7928861;70138160.00
2014/08/13;8.59;8.74;8.53;8.68;5086278;45163880.00
2014/08/14;8.67;8.74;8.52;8.52;4519908;40118052.00
2014/08/15;8.51;8.59;8.43;8.57;3782977;33124746.00
2014/08/18;8.52;9.02;8.50;8.97;8680046;77970680.00
2014/08/19;8.89;9.07;8.73;8.86;5546834;50506684.00
2014/08/20;8.81;9.36;8.71;9.13;9813569;90937880.00
2014/08/21;8.98;9.27;8.76;8.91;6656958;61135716.00
2014/08/22;8.92;8.94;8.78;8.89;3401665;30905896.00
2014/08/25;8.84;8.86;8.53;8.54;6023124;53433320.00
2014/08/26;8.54;8.67;8.29;8.39;3268622;28356754.00
2014/08/27;8.39;8.49;8.34;8.44;1841061;15950046.00
2014/08/28;8.44;8.51;8.36;8.44;1794001;15565242.00
2014/08/29;8.38;8.56;8.34;8.56;1844413;16017777.00
2014/09/01;8.56;8.76;8.53;8.70;2277092;20311100.00
2014/09/02;8.73;8.82;8.67;8.81;3412382;30703504.00
2014/09/03;8.82;8.84;8.71;8.81;3670128;33064736.00
2014/09/04;8.81;8.92;8.74;8.85;4299601;38919196.00
2014/09/05;8.84;8.86;8.65;8.77;3318594;29764806.00
2014/09/09;8.79;8.91;8.67;8.87;2776818;25093232.00
2014/09/10;8.84;8.86;8.75;8.83;3420453;30891716.00
2014/09/11;8.82;8.99;8.78;8.87;4708918;42993644.00
2014/09/12;8.81;8.92;8.78;8.90;3122627;28390208.00
2014/09/15;9.27;9.71;9.23;9.49;11067274;107638696.00
2014/09/16;9.37;9.57;8.90;8.98;7632163;72455032.00
2014/09/17;8.89;9.02;8.69;8.91;4141366;37704240.00
2014/09/18;8.88;9.10;8.84;9.07;3442578;31652324.00
2014/09/19;9.04;9.36;8.99;9.27;4789370;45096764.00
2014/09/22;9.27;9.28;8.94;8.97;3287327;30639644.00
2014/09/23;9.01;9.23;9.00;9.15;2428199;22735802.00
2014/09/24;9.15;9.44;9.11;9.33;4318213;41150268.00
2014/09/25;9.40;9.52;9.27;9.40;4641125;44662624.00
2014/09/26;9.45;9.49;9.29;9.44;3514570;33842284.00
2014/09/29;9.49;9.63;9.45;9.60;4502990;44037032.00
2014/09/30;9.67;10.41;9.67;10.12;8294852;85479312.00
2014/10/08;10.07;10.85;9.95;10.71;7926464;84839080.00
2014/10/09;10.77;11.20;10.47;10.72;9288257;103053880.00
2014/10/10;10.77;10.77;10.43;10.66;4560981;49466220.00
2014/10/13;10.55;11.75;10.20;11.54;15661403;182023744.00
2014/10/14;11.27;11.59;11.00;11.10;8629416;99691112.00
2014/10/15;11.12;11.41;10.68;11.27;7036020;79768072.00
2014/10/16;11.15;11.23;10.57;10.57;6294078;70196280.00
2014/10/17;10.63;10.70;10.13;10.39;4412751;47157332.00
2014/10/20;10.46;11.32;10.42;11.31;8568952;97302240.00
2014/10/21;11.17;12.46;11.10;12.22;12192781;150696864.00
2014/10/22;12.17;12.56;11.88;12.12;5530886;68536952.00
2014/10/23;11.87;12.21;11.48;11.68;3680787;44328188.00
2014/10/24;11.68;12.09;11.48;11.49;3056975;36625380.00
2014/10/27;11.30;11.93;11.30;11.77;3218593;38566016.00
2014/10/28;11.86;12.26;11.86;12.22;3183174;39173840.00
2014/11/04;13.21;13.21;11.67;11.82;6647625;83757416.00
2014/11/05;11.68;12.13;11.68;11.80;2792596;33892112.00
2014/11/06;11.92;11.92;11.30;11.71;3832969;45189480.00
2014/11/07;11.82;11.85;11.42;11.43;3022289;35683168.00
2014/11/10;11.33;11.52;11.05;11.21;3094248;35517972.00
2014/11/11;11.29;11.32;10.12;10.73;4454951;49259056.00
2014/11/12;10.65;11.15;10.48;11.05;2362714;26394922.00
2014/11/13;11.10;11.15;10.50;10.61;2399254;26308078.00
2014/11/14;10.67;10.97;10.34;10.83;1890666;20714680.00
2014/11/17;10.95;11.94;10.83;11.81;4603744;54102844.00
2014/11/18;11.77;11.93;11.48;11.52;2578588;30636486.00
2014/11/19;11.52;11.92;11.52;11.77;3282228;39458256.00
2014/11/20;11.77;12.02;11.59;11.66;2563217;30899510.00
2014/11/21;11.56;12.32;11.56;12.17;3936771;48466340.00
2014/11/24;12.25;12.46;12.06;12.42;2827698;35429900.00
2014/11/25;12.44;12.95;12.32;12.70;3494786;44860320.00
2014/11/26;12.72;13.99;12.72;13.99;4165047;57568588.00
2014/11/27;14.87;14.87;13.34;14.17;11151538;161329152.00
2014/11/28;13.93;14.05;13.52;13.62;4711971;65431504.00
2014/12/01;14.37;14.67;13.78;13.96;6631654;95756184.00
2014/12/02;14.01;14.02;13.45;13.72;3412566;47268584.00
2014/12/03;13.77;13.82;12.77;13.23;5409339;72184136.00
2014/12/04;13.32;13.37;12.98;13.28;4747960;63778748.00
2014/12/05;13.24;13.24;11.94;12.45;6572209;83859592.00
2014/12/08;12.54;12.95;12.20;12.38;4262569;54544372.00
2014/12/09;12.57;12.77;11.93;12.04;4940564;62391280.00
2014/12/10;11.97;12.45;11.47;12.32;4979309;60504932.00
2014/12/11;12.23;12.67;12.10;12.51;2751478;34930000.00
2014/12/12;12.47;12.64;12.34;12.57;2540423;32270236.00
2014/12/15;12.62;12.93;12.47;12.82;2928908;38144692.00
2014/12/16;12.99;13.05;12.52;12.57;2294063;29556332.00
2014/12/17;12.45;12.45;11.87;11.90;4239002;52006004.00
2014/12/18;11.82;12.31;11.55;11.74;2885497;34671216.00
2014/12/19;11.67;11.67;10.87;10.92;3670266;42055816.00
2014/12/22;10.93;10.95;10.16;10.21;3910211;41827424.00
2014/12/23;10.27;10.69;10.21;10.33;2495252;26491956.00
2014/12/24;10.44;10.61;10.29;10.59;2861368;30587432.00
2014/12/25;10.68;10.74;10.52;10.67;2433340;26476920.00
2014/12/26;10.67;11.08;10.47;11.05;2429824;26592948.00
2014/12/29;11.10;11.14;10.40;10.42;2657987;28781602.00
2014/12/30;10.45;10.53;9.72;9.91;2893321;29478718.00
2014/12/31;9.82;10.16;9.82;10.15;1499776;15448917.00
2015/01/05;10.15;10.15;9.65;9.93;2761268;27768370.00
2015/01/06;9.88;10.33;9.82;10.29;2826127;29334076.00
2015/01/07;10.23;10.57;10.23;10.49;2823312;29960076.00
2015/01/08;10.43;10.69;10.41;10.55;1957925;21144492.00
2015/01/09;10.67;11.56;10.67;11.12;5186372;59397620.00
2015/01/12;11.07;11.54;10.85;11.51;4816559;55819288.00
2015/01/13;11.57;11.60;11.14;11.28;3638745;41803640.00
2015/01/14;11.29;12.23;11.17;12.23;7805833;93684784.00
2015/01/15;12.17;12.17;11.80;11.89;3210782;39059404.00
2015/01/16;11.88;11.98;11.53;11.55;4444355;52905748.00
2015/01/19;11.37;11.85;10.62;10.98;3545021;41012648.00
2015/01/20;10.92;11.54;10.92;11.46;2794024;32271770.00
2015/01/21;11.48;11.80;11.48;11.73;3604109;42941236.00
2015/01/22;11.80;11.86;11.64;11.75;2184957;26099774.00
2015/01/23;11.77;12.05;11.73;11.87;4176694;50831664.00
2015/01/26;11.84;12.22;11.78;12.22;4560769;56279952.00
2015/01/27;12.22;13.05;12.22;12.85;9262119;120464792.00
2015/01/28;12.83;13.62;12.78;13.29;6083514;82003504.00
2015/01/29;13.22;13.87;12.81;13.60;6120174;84558480.00
2015/01/30;13.82;14.26;13.77;14.13;6797484;96899992.00
2015/02/02;14.20;14.20;13.59;13.63;3597066;50199476.00
2015/02/03;13.57;14.13;13.21;13.72;5016295;69278008.00
2015/02/04;13.82;14.22;13.38;13.56;4562112;64274392.00
2015/02/05;13.57;14.08;13.56;13.70;2718312;38284456.00
2015/02/06;14.02;14.65;14.01;14.13;7750019;112342816.00
2015/02/09;13.98;14.12;12.93;13.13;3528794;48035992.00
2015/02/10;13.14;13.41;12.86;13.29;1698476;22582828.00
2015/02/11;13.29;13.65;13.29;13.55;1505627;20671184.00
2015/02/12;13.55;14.93;13.29;14.72;4661774;68536384.00
2015/02/13;14.61;14.90;14.45;14.62;2718118;40376264.00
2015/02/16;14.57;15.35;14.47;14.95;3583241;54122948.00
2015/02/17;14.94;16.08;14.77;15.25;4014897;62780284.00
2015/02/25;15.25;15.87;14.64;15.59;3635027;56687724.00
2015/02/26;15.58;15.58;15.04;15.38;3397872;52538376.00
2015/02/27;15.21;15.43;14.84;15.37;3056949;46973224.00
2015/03/02;15.27;15.97;15.27;15.35;3671438;57725420.00
2015/03/03;15.10;15.77;15.00;15.02;2393322;36893916.00
2015/03/04;15.05;15.05;14.40;14.67;4542307;67650848.00
2015/03/05;14.52;14.66;14.16;14.26;4926239;71774720.00
2015/03/06;14.27;14.67;14.10;14.21;4100355;59993956.00
2015/03/09;14.23;14.52;14.22;14.47;3329498;48519980.00
2015/03/10;14.48;14.84;14.42;14.72;3805104;56677448.00
2015/03/11;14.72;14.82;14.42;14.46;2736670;40583260.00
2015/03/12;14.57;14.65;13.77;13.98;3624637;52259260.00
2015/03/13;14.08;15.36;14.07;15.18;6515172;98642600.00
2015/03/16;15.36;16.32;15.32;16.23;8335271;135240112.00
2015/03/17;16.23;16.60;15.47;16.36;5226733;85290384.00
2015/03/18;16.22;16.35;15.89;16.13;4788752;78106648.00
2015/03/19;16.10;16.56;15.72;16.27;4796885;78412440.00
2015/03/20;16.24;16.77;15.99;16.57;3438722;57389416.00
2015/03/23;16.58;16.66;16.02;16.47;3968815;65549224.00
2015/03/24;16.28;16.48;15.72;16.09;4627510;75144368.00
2015/03/25;16.09;17.72;16.09;17.72;8048478;140565824.00
2015/03/26;17.63;17.77;15.93;16.71;5975045;103368400.00
2015/03/27;16.57;17.16;16.32;16.64;3149574;53214964.00
2015/03/30;16.33;16.85;15.67;15.95;7047971;113591920.00
2015/03/31;15.98;16.67;15.87;16.60;6600590;109151536.00
2015/04/01;16.47;17.65;16.42;17.22;4459034;77433888.00
2015/04/02;17.32;18.89;17.07;18.43;5788871;105808600.00
2015/04/03;18.42;20.30;17.97;19.67;9890406;197387488.00
2015/04/07;20.23;20.32;19.47;20.00;6225994;125458016.00
2015/04/08;20.22;20.22;19.56;19.87;5650023;113201736.00
2015/04/09;19.86;20.05;18.67;19.87;7059799;137626384.00
2015/04/10;19.77;21.37;19.67;20.72;5875769;120912360.00
2015/04/13;20.78;22.71;20.72;21.78;3977226;86865792.00
2015/04/14;21.58;22.24;20.89;21.07;4746114;103433296.00
2015/04/15;20.98;22.07;20.22;20.33;4111430;87314512.00
2015/04/16;19.98;21.17;19.83;20.66;3394436;70734192.00
2015/04/17;21.05;21.15;20.05;20.20;3056449;62905248.00
2015/04/20;19.97;20.57;19.01;19.42;4015560;80315880.00
2015/04/21;19.08;20.14;19.08;20.13;4550580;91360168.00
2015/04/22;20.28;20.75;20.27;20.69;4512770;93925600.00
2015/04/23;20.97;21.75;20.97;21.33;4790681;103322368.00
2015/04/24;20.77;21.61;20.77;21.07;3514301;75079536.00
2015/04/27;21.37;21.48;20.77;20.88;2943481;62540264.00
2015/04/28;20.88;21.12;18.95;19.54;5572373;111794240.00
2015/04/29;19.52;20.16;19.17;19.98;2762668;55433408.00
2015/04/30;19.88;20.14;19.73;19.77;3205047;64589040.00
2015/05/04;19.87;20.04;19.46;19.89;2176513;43654448.00
2015/05/05;20.24;20.24;19.16;19.39;2877557;56828164.00
2015/05/06;19.36;19.96;19.36;19.47;2429609;48329124.00
2015/05/07;19.49;19.85;19.18;19.41;2717568;53602368.00
2015/05/08;19.82;20.77;19.57;20.75;5032061;102884456.00
2015/05/11;20.87;21.72;20.87;21.46;5324657;114771424.00
2015/05/12;21.46;22.70;20.98;22.37;6216997;136372512.00
2015/05/13;21.92;22.27;21.27;21.67;5274505;115592984.00
2015/05/14;21.59;22.06;21.37;21.64;4074629;89056816.00
2015/05/15;21.45;21.45;20.78;20.98;3157303;67111512.00
2015/05/18;21.00;22.13;21.00;22.07;4812452;105767552.00
2015/05/19;22.17;24.30;21.83;24.30;6495092;151127984.00
2015/05/20;25.36;26.67;24.80;25.89;7666082;199546656.00
2015/05/21;25.84;27.66;25.17;27.24;6501577;172169280.00
2015/05/22;27.24;27.44;25.57;26.27;5947385;158850880.00
2015/05/25;25.67;26.73;25.06;26.38;5450741;144297616.00
2015/05/26;26.04;28.77;25.98;28.17;4816472;135390912.00
2015/05/27;28.27;29.17;27.19;28.53;4800410;137427808.00
2015/05/28;28.43;28.76;26.05;26.07;4919832;138207472.00
2015/05/29;25.70;27.40;24.40;27.27;4878406;128638112.00
2015/06/01;26.96;29.90;26.96;29.90;5039379;145225136.00
2015/06/02;30.82;30.90;28.40;30.09;6223790;188242640.00
2015/06/03;29.90;32.58;29.40;32.29;6621493;207373040.00
2015/06/04;32.28;32.28;29.05;30.48;5010763;152537248.00
2015/06/05;30.64;31.21;28.90;29.55;4697206;141011312.00
2015/06/08;28.90;29.70;27.11;29.53;6517036;184408448.00
2015/06/09;29.10;29.10;27.43;27.97;3490737;98505624.00
2015/06/10;27.90;29.10;27.17;28.35;4198795;119108712.00
2015/06/11;28.34;28.70;28.01;28.34;3452056;98024144.00
2015/06/12;28.60;29.37;28.05;28.70;5176600;149599040.00
2015/06/15;28.40;29.25;27.51;27.60;4059131;114719776.00
2015/06/16;27.10;28.10;26.50;26.78;3511197;95867200.00
2015/06/17;26.91;28.20;26.13;28.04;3201434;87478840.00
2015/06/18;27.90;28.65;27.31;27.46;3863808;109449848.00
2015/06/19;26.92;28.40;24.70;24.70;2320258;60544832.00
2015/06/23;23.60;25.49;23.60;25.42;2862410;70675600.00
2015/06/24;25.90;26.06;24.15;25.08;2343588;59298928.00
2015/06/25;25.42;25.46;23.49;23.60;3015109;73702296.00
2015/06/26;22.32;23.10;21.23;21.23;3395959;74271192.00
2015/06/29;21.90;22.00;19.10;19.10;2630380;51443272.00
2015/06/30;18.42;19.90;17.18;18.93;6948681;128712632.00
2015/07/01;19.12;19.52;17.03;17.03;7105566;132781832.00
2015/07/02;16.41;16.70;15.32;15.32;5152396;81267824.00
2015/07/03;14.43;16.10;13.78;13.90;6698921;97711616.00
2015/07/06;15.30;15.30;12.50;12.83;7460961;103729584.00
2015/07/07;12.49;12.50;11.54;11.54;7113998;83869448.00
2015/07/15;12.70;12.70;12.70;12.70;190966;2444364.75
2015/07/16;13.98;13.98;12.89;13.98;15995585;222803808.00
2015/07/17;14.30;15.39;14.25;15.39;13082942;197002272.00
2015/07/20;16.35;16.94;15.90;16.94;15331244;257819696.00
2015/07/21;16.94;18.09;16.51;17.63;12487534;221149744.00
2015/07/22;17.28;18.10;16.90;17.49;9716603;169527536.00
2015/07/23;17.36;19.25;17.23;19.25;11338430;208938128.00
2015/07/24;19.83;19.89;18.35;18.44;10260404;197140416.00
2015/07/27;17.90;19.19;16.59;16.59;8353135;151277008.00
2015/07/28;15.80;17.39;15.00;16.98;9885426;161082096.00
2015/07/29;17.04;18.69;16.19;18.69;8689348;152471968.00
2015/07/30;18.68;19.40;17.70;17.77;9722911;184386256.00
2015/07/31;17.30;18.10;16.48;17.07;6058324;105860928.00
2015/08/03;16.55;17.01;15.35;15.44;6614194;106464928.00
2015/08/04;15.58;16.99;15.52;16.99;6271749;102650048.00
2015/08/05;17.00;17.39;16.48;16.81;6806719;116293864.00
2015/08/06;16.39;17.28;16.20;16.84;4379570;74299096.00
2015/08/07;17.10;17.90;17.10;17.68;6091852;107198904.00
2015/08/10;17.78;19.08;17.47;18.63;9702767;176106048.00
2015/08/11;18.63;18.75;18.18;18.27;7859031;146159216.00
2015/08/12;18.00;18.40;17.50;17.55;5673361;102817032.00
2015/08/13;17.65;18.47;17.60;18.34;5169977;93472384.00
2015/08/14;18.59;18.65;18.11;18.21;5512160;101893480.00
2015/08/17;17.81;18.46;17.70;18.44;4874691;88530416.00
2015/08/18;18.39;18.48;16.59;16.59;8276653;145252464.00
2015/08/19;15.87;17.27;15.10;16.98;5584514;91018360.00
2015/08/20;16.70;16.87;16.20;16.20;3572410;59385544.00
2015/08/21;15.88;16.15;14.79;14.85;3473457;54001816.00
2015/08/24;14.11;14.45;13.36;13.36;2740001;37438796.00
2015/08/25;12.02;12.60;12.01;12.01;4949029;60408100.00
2015/08/26;12.05;13.08;11.20;11.78;6526601;80026480.00
2015/08/27;12.20;12.50;11.38;12.50;5512349;67158320.00
2015/08/28;12.76;13.76;12.60;13.64;6058713;79213704.00
2015/08/31;13.31;13.64;12.93;12.95;3745715;50232320.00
2015/09/01;12.70;12.70;11.75;12.30;4301501;52901660.00
2015/09/02;11.42;12.80;11.41;11.80;3967151;48121956.00
2015/09/07;12.00;12.58;11.83;12.00;5256970;65145480.00
2015/09/08;11.85;13.18;11.85;13.03;4541944;56870132.00
2015/09/09;13.29;13.93;13.16;13.76;7668911;105254520.00
2015/09/10;13.41;14.14;13.30;13.51;5272592;73464928.00
2015/09/11;13.43;13.89;13.42;13.85;4355644;60092000.00
2015/09/14;13.86;13.97;12.46;12.46;5313661;69473768.00
2015/09/15;11.99;12.44;11.33;11.37;3240313;38551076.00
2015/09/16;11.60;12.52;11.41;12.52;3789161;45478912.00
2015/09/17;12.50;13.42;12.41;12.58;5510498;72182704.00
2015/09/18;12.80;13.10;12.36;12.95;3187451;40998128.00
2015/09/21;12.80;13.88;12.68;13.76;5331605;71886128.00
2015/09/22;13.91;14.15;13.34;13.68;5708324;79149968.00
2015/09/23;13.40;14.01;13.33;13.70;4599928;63316696.00
2015/09/24;13.80;14.11;13.60;13.77;4448268;62068064.00
2015/09/25;13.60;13.68;12.65;12.86;3840152;50832944.00
2015/09/28;12.78;13.34;12.64;13.26;2724099;35769672.00
2015/09/29;13.07;13.19;12.87;13.07;2446299;32073484.00
2015/09/30;13.39;13.49;13.10;13.35;3441470;46238004.00
2015/10/08;13.80;14.18;13.66;14.06;3978229;55924516.00
2015/10/09;13.91;14.45;13.91;14.34;4732803;67310448.00
2015/10/12;14.34;15.16;14.32;14.93;5582737;83562168.00
2015/10/13;14.80;15.18;14.78;15.14;5431772;81939432.00
2015/10/14;15.65;16.57;15.46;15.60;9670655;155594080.00
2015/10/15;15.12;16.15;15.12;16.15;6243157;99344736.00
2015/10/16;16.21;17.10;16.17;16.44;6690929;111780120.00
2015/10/19;16.59;16.59;15.80;16.16;6246265;101246808.00
2015/10/20;16.27;16.65;16.03;16.49;5044899;83139184.00
2015/10/21;16.40;16.52;14.85;14.88;5722471;90497432.00
2015/10/22;15.08;15.57;14.85;15.53;6900843;105153456.00
2015/10/23;15.73;16.15;15.59;16.05;6285941;100601472.00
2015/10/26;16.38;16.77;15.90;16.37;7804427;127865352.00
2015/10/27;16.13;16.48;15.45;16.30;5252636;84292072.00
2015/10/28;16.35;16.44;15.57;15.67;4746397;76719240.00
2015/10/29;15.89;16.36;15.65;16.30;5749960;92706112.00
2015/10/30;16.20;17.88;16.11;17.32;12621289;216956208.00
2015/11/02;16.90;17.75;16.51;17.57;11794335;205646048.00
2015/11/03;17.98;17.98;16.97;17.22;7399570;128574888.00
2015/11/04;17.26;18.95;17.07;18.95;19677334;363692416.00
2015/11/05;18.70;20.39;18.63;19.50;14203022;278591584.00
2015/11/06;20.08;21.00;19.41;20.59;10504689;212871120.00
2015/11/09;20.24;21.22;19.90;20.10;8737149;178229264.00
2015/11/10;20.10;20.47;19.60;20.13;8263845;165893104.00
2015/11/11;20.20;20.59;19.90;20.38;7357684;149784688.00
2015/11/12;20.39;20.39;19.21;19.67;10700224;212132496.00
2015/11/13;19.22;19.46;18.40;18.68;7049533;134115880.00
2015/11/16;18.20;19.50;18.20;19.50;5679627;109262584.00
2015/11/17;19.87;20.87;19.72;20.47;12708637;260523520.00
2015/11/18;20.47;21.88;20.45;20.58;7773960;164649760.00
2015/11/19;20.80;22.65;20.80;22.65;12653542;281078400.00
2015/11/20;22.85;24.90;22.61;23.45;16800064;395601024.00
2015/11/23;23.21;23.65;21.90;22.83;10188814;231994960.00
2015/11/24;22.00;22.85;21.60;22.83;8167865;181886496.00
2015/11/25;22.75;23.50;22.61;23.20;7188867;166935120.00
2015/11/26;23.12;23.68;22.63;22.89;9134985;213521712.00
2015/11/27;22.70;22.70;20.59;20.92;6487569;142362496.00
2015/11/30;21.21;23.02;21.21;23.02;16275685;370150048.00
2015/12/01;23.75;25.33;22.90;24.71;16470444;401689408.00
2015/12/02;24.23;25.49;23.40;24.98;8013382;197810880.00
2015/12/03;24.89;26.56;24.47;25.30;9940992;254622144.00
2015/12/04;24.90;25.30;24.31;25.28;7331253;182789024.00
2015/12/07;25.02;25.52;24.10;24.48;6434341;159889680.00
2015/12/08;24.50;26.53;23.78;25.89;9601015;244345136.00
2015/12/09;25.30;26.70;24.75;26.19;7105656;185240640.00
2015/12/10;26.10;26.45;25.06;25.12;4378000;112525184.00
2015/12/11;25.20;25.75;23.71;24.18;3686592;91895848.00
2015/12/14;24.25;26.20;24.23;26.04;4837431;121244208.00
2015/12/15;26.31;28.08;26.10;27.10;7310507;199045888.00
2015/12/16;27.08;27.87;26.66;27.58;4959412;135975536.00
2015/12/17;27.57;28.30;27.25;27.51;5434173;150760512.00
2015/12/18;27.52;28.10;27.08;27.59;3271609;90201040.00
2015/12/21;27.56;27.56;26.62;26.96;3598952;97431704.00
2015/12/22;27.20;28.18;26.58;27.80;4270633;117077720.00
2015/12/23;27.79;27.79;26.80;26.92;2892758;78652520.00
2015/12/24;26.65;27.40;25.80;26.96;3442893;91793944.00
2015/12/25;26.89;27.79;26.89;27.16;3233361;88695912.00
2015/12/28;27.58;29.09;27.40;28.50;9250251;260500816.00
2015/12/29;28.80;30.92;28.40;30.12;10181888;303568096.00
2015/12/30;30.00;32.50;30.00;31.79;9136205;288184928.00
2015/12/31;31.50;31.95;30.35;31.22;8732057;272703648.00
2016/01/04;31.35;32.78;28.09;28.45;7655139;240807424.00
2016/01/05;27.05;29.88;26.58;27.78;10405447;297494560.00
2016/01/06;27.78;28.62;25.13;28.20;12380182;334534400.00
2016/01/07;26.90;27.38;25.37;25.37;3050060;79662200.00
2016/01/08;25.90;26.30;22.82;24.28;11272828;281198208.00
2016/01/11;23.10;24.70;22.40;22.40;6682090;159879648.00
2016/01/12;22.27;24.60;22.25;24.36;8776740;209134112.00
2016/01/13;24.53;26.30;23.62;24.70;9213533;234947360.00
2016/01/14;23.40;27.18;23.05;27.18;6850432;180202432.00
2016/01/15;27.20;29.48;26.58;28.58;10405242;297121312.00
2016/01/18;28.58;30.45;27.48;30.43;10834171;311866272.00
2016/01/19;29.89;30.49;28.81;30.06;9516117;285598240.00
2016/01/20;30.30;32.58;29.48;30.66;10455493;325336256.00
2016/01/21;30.08;31.71;28.52;28.58;9927198;298982144.00
2016/01/22;29.40;31.23;27.55;31.12;9001210;263930512.00
2016/01/25;31.21;32.29;29.96;31.53;9459933;295272288.00
2016/01/26;30.90;31.08;28.37;28.37;6540877;194240432.00
2016/01/27;28.05;28.53;25.52;26.20;8179241;215769072.00
2016/01/28;25.28;26.90;23.57;24.09;6242852;159277200.00
2016/01/29;23.66;26.51;23.50;26.51;6392839;162662304.00
2016/02/01;26.91;28.50;26.50;27.55;8030743;222837840.00
2016/02/02;27.79;30.32;27.40;30.32;6582575;192965040.00
2016/02/03;29.80;31.08;28.62;30.43;7635774;229389040.00
2016/02/04;30.18;32.15;30.18;31.85;8095133;253241936.00
2016/02/05;31.90;32.74;30.40;31.00;7078678;223653696.00
2016/02/15;29.90;32.29;29.21;32.15;6605943;203916352.00
2016/02/16;32.15;35.38;32.15;35.38;7493920;258315920.00
2016/02/17;36.40;38.38;35.48;36.70;13480829;494437280.00
2016/02/18;36.76;37.85;35.71;36.96;8011366;294081440.00
2016/02/19;36.28;36.60;35.61;35.70;6568469;236971136.00
2016/02/22;36.10;36.18;34.56;34.86;9888007;346067712.00
2016/02/23;34.85;35.65;34.00;34.85;8461028;294886144.00
2016/02/24;34.67;35.40;31.90;32.71;11811246;393492192.00
2016/02/25;32.95;33.02;29.43;29.43;10556573;325838112.00
2016/02/26;28.90;29.49;26.91;27.40;12202179;345888960.00
2016/02/29;27.20;28.82;25.80;28.23;15730720;433750112.00
2016/03/01;27.90;31.06;27.67;31.05;18685853;555663872.00
2016/03/02;30.50;32.08;29.70;31.75;16248498;503716128.00
2016/03/03;31.12;31.75;28.57;28.57;18600736;564038336.00
2016/03/04;26.16;27.40;25.70;25.70;15653800;409987488.00
2016/03/07;24.70;26.92;24.65;26.17;10647703;279777728.00
2016/03/08;25.90;27.43;23.54;26.31;13205285;329167968.00
2016/03/09;24.80;26.97;24.60;25.94;10793887;284022816.00
2016/03/10;26.01;26.68;24.28;24.40;7190437;183541344.00
2016/03/11;24.20;25.17;23.61;24.67;6629062;162422336.00
2016/03/14;25.30;26.87;25.18;25.95;9268213;244329264.00
2016/03/15;26.18;27.18;26.18;26.64;9145179;245868720.00
2016/03/16;27.05;28.06;26.48;26.55;8916600;244970560.00
2016/03/17;26.20;29.20;26.20;28.90;10700817;298642784.00
2016/03/18;29.30;31.57;29.00;31.57;9688500;294646752.00
2016/03/21;32.50;32.51;30.31;31.10;10540982;330178944.00
2016/03/22;31.06;31.56;30.35;30.46;7349293;227288736.00
2016/03/23;30.01;30.88;29.70;30.30;9252707;279697664.00
2016/03/24;29.84;31.90;29.11;30.15;9198694;283046784.00
2016/03/25;29.88;30.75;29.10;30.08;5548084;166084800.00
2016/03/28;29.55;32.50;29.55;32.12;14739072;460742400.00
2016/03/29;32.08;33.88;31.59;33.08;13797004;457279648.00
2016/03/30;33.30;36.40;33.24;36.40;11228404;393741504.00
2016/03/31;37.70;40.05;36.53;38.69;15876520;612009856.00
2016/04/01;38.01;39.09;36.70;38.40;10119909;385741568.00
2016/04/05;38.64;42.25;38.60;42.25;7640093;317701504.00
2016/04/06;44.65;44.70;39.78;40.20;12591392;520939680.00
2016/04/07;40.18;44.23;39.70;43.70;14624116;619678528.00
2016/04/08;42.10;42.30;39.78;40.35;8788554;361010656.00
2016/04/11;41.20;42.90;40.12;41.10;7523174;312276288.00
2016/04/12;41.00;41.40;37.90;39.23;6571528;257860720.00
2016/04/13;38.50;40.63;38.50;39.46;6779274;268795200.00
2016/04/14;39.87;39.88;37.70;39.04;6613633;256366416.00
2016/04/15;39.42;40.50;38.10;39.44;7278272;289725888.00
2016/04/18;39.65;42.19;37.57;40.41;9157818;363597920.00
2016/04/19;39.97;41.70;39.80;41.51;8733568;358393568.00
2016/04/20;41.90;44.30;38.50;43.87;11243854;476275872.00
2016/04/21;42.92;45.35;41.90;42.90;8912926;386811360.00
2016/04/22;41.90;43.00;39.91;40.05;6933490;285597600.00
2016/04/25;38.50;39.50;36.78;37.72;6383286;242582752.00
2016/04/26;37.72;39.86;37.50;39.14;5350379;208587824.00
2016/04/27;39.90;40.17;38.50;39.40;5537548;218197968.00
2016/04/28;39.50;40.00;36.85;37.90;5706844;216783520.00
2016/04/29;37.72;39.15;37.42;38.23;4583065;177254048.00
2016/05/03;37.90;40.00;37.89;39.56;5018664;198869440.00
2016/05/04;39.78;43.34;39.43;42.19;7823111;326575104.00
2016/05/05;42.04;42.04;39.96;40.65;10351815;420568992.00
2016/05/06;40.08;41.05;38.65;38.67;7434408;294939520.00
2016/05/09;37.30;37.50;34.79;35.30;7224081;258857456.00
2016/05/10;34.90;36.00;34.70;34.92;3576989;126449816.00
2016/05/11;35.09;35.49;31.90;32.55;6965283;234445520.00
2016/05/12;32.08;35.82;30.90;35.82;11276551;386234560.00
2016/05/13;36.25;38.78;36.20;37.72;9391132;356287072.00
2016/05/16;38.35;39.10;36.91;39.09;6396686;243455056.00
2016/05/17;38.90;38.90;37.29;37.30;6645552;252464208.00
2016/05/18;36.20;39.10;35.90;37.41;7730319;293112512.00
2016/05/19;37.75;40.58;37.75;40.02;11269061;446006368.00
2016/05/20;39.17;40.76;37.25;38.50;8253441;321416736.00
2016/05/23;38.30;41.70;38.00;41.40;9391328;380756992.00
2016/05/24;41.97;41.97;40.02;41.01;6062059;246339600.00
2016/05/25;41.75;41.97;39.16;39.85;5022502;204491952.00
2016/05/26;39.20;41.60;39.20;41.59;6212754;251358608.00
2016/05/27;41.19;41.95;40.00;40.06;4445951;181913888.00
2016/05/30;39.80;39.85;38.73;39.28;3384684;132677360.00
2016/05/31;39.28;42.08;39.25;41.48;5411560;221796496.00
2016/06/01;41.70;43.55;41.01;42.83;6105442;260563984.00
2016/06/02;42.49;42.88;41.60;42.20;4088989;172148048.00
2016/06/03;42.10;42.10;40.30;41.20;6213824;255583328.00
2016/06/06;40.95;42.88;40.81;41.40;6417403;269949952.00
2016/06/07;41.40;42.28;40.36;42.21;5505377;227913936.00
2016/06/08;42.10;46.43;41.69;46.43;11140412;497841152.00
2016/06/13;45.70;47.20;41.79;41.79;9073561;408471552.00
2016/06/14;40.90;44.08;38.88;42.57;7738734;319772800.00
2016/06/15;41.98;45.69;41.50;44.97;8428444;372443392.00
2016/06/16;44.11;47.98;44.00;47.29;10021945;462879712.00
2016/06/17;46.89;48.96;45.40;46.33;9849445;466251680.00
2016/06/20;46.00;47.49;45.20;46.50;4799668;221680416.00
2016/06/21;47.00;48.18;44.50;45.19;7195366;331744992.00
2016/06/22;45.44;45.66;43.60;45.35;5985347;265931360.00
2016/06/23;45.16;45.16;42.25;43.80;8398751;366017312.00
2016/06/24;43.93;44.29;40.01;42.45;7836228;334457344.00
2016/06/27;41.60;43.36;41.60;43.00;5128315;219473696.00
2016/06/28;42.85;45.93;42.65;45.80;9040040;406932704.00
2016/06/29;45.93;45.99;44.15;45.15;6487193;290698496.00
2016/06/30;45.15;45.41;43.77;43.81;4572070;201586448.00
2016/07/01;44.00;45.45;43.52;43.56;3974712;176520256.00
2016/07/04;42.40;44.37;42.38;44.15;3159100;138065296.00
2016/07/05;44.50;44.50;42.91;43.11;3808164;165479488.00
2016/07/06;43.13;43.79;42.60;43.07;2388236;103299024.00
2016/07/07;43.10;43.49;42.03;42.54;3065429;130375528.00
2016/07/08;42.90;43.81;42.54;42.65;3613902;155952416.00
2016/07/11;42.60;43.13;41.70;42.99;3733525;158556640.00
2016/07/12;42.85;43.78;41.55;42.05;4746008;199650592.00
2016/07/13;42.38;42.50;41.80;42.07;2666877;112406912.00
2016/07/14;41.80;42.71;41.60;42.66;3139807;132140192.00
2016/07/15;42.70;42.89;41.13;41.19;3793816;158225840.00
2016/07/18;41.20;41.28;39.00;39.61;4718615;188005552.00
2016/07/19;39.61;40.08;38.60;39.30;4047702;158498576.00
2016/07/20;39.31;41.59;39.31;41.30;5601243;228125904.00
2016/07/21;40.38;40.99;39.51;39.66;4506819;181080320.00
2016/07/22;39.80;40.27;39.10;39.10;3308255;130884336.00
2016/07/25;39.00;39.00;38.06;38.36;3424184;131401432.00
2016/07/26;38.38;39.35;38.38;39.04;2308992;89894432.00
2016/07/27;39.20;39.36;35.22;35.60;7527455;277291104.00
2016/07/28;35.48;35.96;33.47;34.30;6144907;212307552.00
2016/07/29;34.33;37.63;34.33;36.60;8059583;292488064.00
2016/08/01;36.83;37.64;35.62;35.89;4623085;168273888.00
2016/08/02;35.88;36.87;35.50;36.14;4142473;149971104.00
2016/08/03;36.35;36.44;35.68;36.10;2907313;104896984.00
2016/08/04;36.48;37.76;36.20;36.40;5673399;209108352.00
2016/08/05;36.32;36.33;35.41;35.76;2646789;94555504.00
2016/08/08;35.99;36.00;34.51;35.16;3541662;123684944.00
2016/08/09;35.30;35.80;35.01;35.50;2533650;89809904.00
2016/08/10;35.69;36.44;34.80;36.43;4822242;172117808.00
2016/08/11;36.39;36.39;35.01;35.03;3299401;117660720.00
2016/08/12;35.00;35.29;34.80;35.06;2609638;91375336.00
2016/08/15;35.00;36.18;34.48;35.82;4149588;147648592.00
2016/08/16;35.68;36.85;35.68;36.30;3946482;143770656.00
2016/08/17;36.30;36.35;35.77;36.17;2659173;95813024.00
2016/08/18;36.30;36.99;36.01;36.36;3869166;141319552.00
2016/08/19;36.36;36.90;36.30;36.45;2919517;106657408.00
2016/08/22;36.63;36.82;35.05;35.07;4100149;145550416.00
2016/08/23;35.06;35.48;34.00;34.20;3901192;135020080.00
2016/08/24;34.38;35.04;33.28;35.03;7592601;257920160.00
2016/08/25;34.60;34.60;33.80;33.91;4843717;165142448.00
2016/08/26;34.18;34.97;34.15;34.35;4226154;146333520.00
2016/08/29;34.50;35.14;34.10;34.26;3042240;105291552.00
2016/08/30;34.45;34.68;33.82;34.06;3111194;106003416.00
2016/08/31;34.11;34.26;33.84;34.08;2630966;89626752.00
2016/09/01;34.20;34.22;33.60;33.62;1896349;64265296.00
2016/09/02;33.77;33.77;32.82;33.01;2205446;73435672.00
2016/09/05;33.06;33.86;32.82;33.67;3280294;109987968.00
2016/09/06;33.88;34.90;33.01;34.63;3859250;132026952.00
2016/09/07;34.50;36.59;34.45;35.58;8806727;315954624.00
2016/09/08;35.59;36.78;35.03;36.30;5646587;203783552.00
2016/09/09;36.30;36.38;35.34;35.37;3025449;108181232.00
2016/09/12;34.69;35.20;34.00;34.10;2760056;95251576.00
2016/09/13;34.60;34.99;34.20;34.64;2234922;77447696.00
2016/09/14;34.45;34.72;34.00;34.52;2005668;68746696.00
2016/09/19;34.57;35.99;34.57;35.71;3502111;124307128.00
2016/09/20;35.99;36.58;35.71;36.50;4707732;171214640.00
2016/09/21;36.43;36.49;35.81;36.09;2467301;89155672.00
2016/09/22;36.45;37.28;35.82;35.83;3438924;125739408.00
2016/09/23;35.56;36.19;35.51;35.94;1464612;52479136.00
2016/09/26;36.10;36.18;34.45;34.46;2942184;102870256.00
2016/09/27;34.46;34.80;33.68;34.21;2064038;70484120.00
2016/09/28;34.20;34.49;34.01;34.18;1078145;36850760.00
2016/09/29;34.18;34.55;34.10;34.22;1410796;48466608.00
2016/09/30;34.22;35.05;33.86;34.85;2176241;75645304.00
2016/10/10;34.90;35.78;34.60;35.72;2221010;78666008.00
2016/10/11;35.72;35.90;35.25;35.78;2090234;74346352.00
2016/10/12;35.78;36.15;35.50;35.60;1468148;52551780.00
2016/10/13;36.10;36.10;34.86;34.89;2320143;81641864.00
2016/10/14;34.61;35.24;34.61;34.85;1425873;49685020.00
2016/10/17;35.18;35.40;34.35;34.96;2080220;73022848.00
2016/10/18;34.70;35.40;34.70;35.27;1575182;55330968.00
2016/10/19;35.55;35.57;34.94;35.08;1830830;64573944.00
2016/10/20;35.35;36.18;35.03;35.89;4114341;146667952.00
2016/10/21;35.81;36.75;35.81;36.30;5632054;204908928.00
2016/10/24;36.43;36.66;35.56;35.77;3855481;138333120.00
2016/10/25;35.81;36.10;35.50;35.78;2671817;95480200.00
2016/10/26;35.75;35.79;35.26;35.28;1857414;65800080.00
2016/10/27;35.28;35.79;35.01;35.70;1677471;59516956.00
2016/10/28;35.85;35.99;35.03;35.34;2112779;74796144.00
2016/10/31;35.21;35.21;33.70;33.99;3957737;135822288.00
2016/11/01;33.80;34.47;33.78;34.27;2467334;84469320.00
2016/11/02;34.27;34.65;34.12;34.19;1864453;63997200.00
2016/11/03;34.20;34.48;34.00;34.24;2121044;72603640.00
2016/11/04;34.15;34.37;33.80;34.00;2313824;78850720.00
2016/11/17;34.00;34.00;34.00;34.00;0;0.00
数据来源:通达信
