300286 安科瑞 日线 前复权
      日期	    开盘	    最高	    最低	    收盘	    成交量	    成交额
2012/01/13;8.33;8.55;7.83;7.86;5800368;213559760.00
2012/01/16;7.21;7.50;6.98;6.98;2695021;86848192.00
2012/01/17;6.98;7.75;6.98;7.60;1974059;65524176.00
2012/01/18;7.55;7.65;6.78;6.86;1794378;58486244.00
2012/01/19;6.80;7.24;6.68;7.12;1097166;34701880.00
2012/01/20;7.12;7.82;7.05;7.55;1317703;44736912.00
2012/01/30;7.63;8.39;7.52;8.39;1560944;56435272.00
2012/01/31;8.45;8.96;8.31;8.39;2240735;85278840.00
2012/02/01;8.42;9.20;8.38;8.85;1851679;71433304.00
2012/02/02;8.71;8.89;8.59;8.84;1088045;42087876.00
2012/02/03;8.76;9.15;8.66;8.81;1345665;52834676.00
2012/02/06;8.81;9.62;8.75;9.22;1425689;57680128.00
2012/02/07;9.13;9.28;8.70;8.97;1334271;52740292.00
2012/02/08;8.83;9.25;8.77;9.23;864485;34363572.00
2012/02/09;9.13;9.42;9.00;9.13;942865;38103704.00
2012/02/10;9.11;9.55;9.11;9.15;1051858;42965280.00
2012/02/13;9.07;9.38;8.83;9.28;995057;40003992.00
2012/02/14;9.25;9.83;9.16;9.83;1343163;56178444.00
2012/02/15;9.75;9.90;9.60;9.84;806506;34431996.00
2012/02/16;9.73;9.98;9.43;9.55;1124681;47629812.00
2012/02/20;9.25;9.53;8.96;9.05;1844480;74744400.00
2012/02/21;9.05;9.12;8.73;9.07;1389016;54813808.00
2012/02/22;9.07;9.32;8.97;9.27;1080682;43663072.00
2012/02/23;9.21;9.71;9.21;9.40;1262976;52584208.00
2012/02/24;9.38;9.42;9.21;9.39;905972;37086492.00
2012/02/27;9.39;9.77;9.33;9.48;1031760;43305644.00
2012/02/28;9.35;9.43;9.04;9.18;891324;36155996.00
2012/02/29;9.11;9.19;8.86;9.00;686116;27205660.00
2012/03/01;9.00;9.15;8.92;9.03;393991;15710310.00
2012/03/02;9.12;9.32;9.02;9.32;624507;25219832.00
2012/03/05;9.33;9.68;9.21;9.55;823776;34099756.00
2012/03/06;9.52;9.52;9.23;9.37;509642;20977706.00
2012/03/07;9.26;10.40;9.20;10.15;1527360;65885828.00
2012/03/08;10.05;10.29;9.92;10.26;847892;37307704.00
2012/03/09;10.30;10.57;10.04;10.17;1160018;52174292.00
2012/03/12;10.08;10.33;10.06;10.20;631397;27977814.00
2012/03/13;10.18;10.64;10.11;10.44;759660;34411612.00
2012/03/14;10.35;10.61;9.33;9.48;1457891;63736688.00
2012/03/15;9.50;9.92;9.41;9.60;740703;31285978.00
2012/03/16;9.70;9.95;9.45;9.82;603402;25727388.00
2012/03/19;9.80;9.91;9.63;9.91;546681;23392880.00
2012/03/20;9.91;10.29;9.78;9.78;495469;21693102.00
2012/03/21;9.78;9.84;8.93;9.32;907506;37119688.00
2012/03/22;9.27;9.38;9.03;9.28;316066;12825355.00
2012/03/23;9.25;9.39;9.00;9.18;392167;15867427.00
2012/03/26;9.18;9.20;8.83;8.92;372730;14715335.00
2012/03/27;8.95;9.07;8.92;9.05;286452;11374529.00
2012/03/28;9.02;9.02;8.37;8.50;679065;25637124.00
2012/03/29;8.70;9.30;8.67;8.75;1354797;53871820.00
2012/03/30;8.60;8.73;8.35;8.44;762604;28664574.00
2012/04/05;8.46;8.79;8.33;8.69;542446;20553574.00
2012/04/06;8.62;8.78;8.58;8.62;414883;15921663.00
2012/04/09;8.64;8.90;8.53;8.63;413486;15966309.00
2012/04/10;8.60;8.61;8.08;8.55;563735;20869598.00
2012/04/11;8.33;8.49;8.28;8.43;291651;10850517.00
2012/04/12;8.48;8.67;8.40;8.62;382010;14509609.00
2012/04/13;8.62;8.78;8.58;8.75;793777;30488600.00
2012/04/16;8.65;8.69;8.49;8.54;337088;12818687.00
2012/04/17;8.54;8.57;8.38;8.49;307551;11537792.00
2012/04/18;8.53;8.61;8.28;8.58;657822;24696960.00
2012/04/19;8.48;8.67;8.37;8.63;999781;37744452.00
2012/04/20;8.61;8.73;8.51;8.66;721193;27530022.00
2012/04/23;8.58;8.58;7.83;7.83;1054316;38211464.00
2012/04/24;7.70;7.90;7.45;7.65;539928;18569856.00
2012/04/25;7.65;7.69;7.56;7.68;257391;8803672.00
2012/04/26;7.78;7.78;7.59;7.60;333722;11436690.00
2012/04/27;7.60;7.75;7.43;7.67;363569;12421546.00
2012/05/02;7.79;7.79;7.62;7.72;433936;14993943.00
2012/05/03;7.72;7.77;7.65;7.76;368548;12744057.00
2012/05/04;7.76;8.20;7.75;8.13;760170;27320466.00
2012/05/07;8.05;8.55;8.05;8.52;901845;33562200.00
2012/05/08;8.52;8.62;8.37;8.53;648309;24427842.00
2012/05/09;8.48;8.90;8.43;8.79;1050617;40540964.00
2012/05/10;8.95;9.02;8.68;8.78;1009693;39223888.00
2012/05/11;8.78;8.78;8.45;8.52;738370;27972888.00
2012/05/14;8.56;8.62;8.33;8.38;470541;17714226.00
2012/05/15;8.40;8.47;8.28;8.39;582629;21677272.00
2012/05/16;8.19;8.27;7.78;7.80;1134724;19696474.00
2012/05/17;7.70;7.85;7.60;7.79;818929;13870888.00
2012/05/18;7.77;7.77;7.60;7.65;567978;9520277.00
2012/05/21;7.71;7.71;7.28;7.34;758315;12336735.00
2012/05/22;7.40;7.46;7.30;7.44;670700;10907978.00
2012/05/23;7.41;7.45;7.12;7.21;717526;11430260.00
2012/05/24;7.18;7.24;7.10;7.19;491581;7748538.00
2012/05/25;7.18;7.23;6.93;6.96;705319;10907157.00
2012/05/28;6.97;7.03;6.70;7.00;486244;7360108.00
2012/05/29;7.01;7.16;6.94;7.13;602039;9405333.00
2012/05/30;7.13;7.28;7.09;7.24;663030;10504108.00
2012/05/31;7.17;7.36;7.14;7.23;571264;9096097.00
2012/06/01;7.38;8.03;7.38;7.61;2000314;33866264.00
2012/06/04;7.35;7.45;7.13;7.15;986617;15773217.00
2012/06/05;7.14;7.22;6.95;6.98;592613;9242834.00
2012/06/06;6.99;7.10;6.96;6.98;349738;5417385.50
2012/06/07;7.00;7.11;6.78;6.83;548283;8385054.50
2012/06/08;6.85;6.92;6.79;6.88;510284;7726527.00
2012/06/11;6.87;7.08;6.81;7.07;539816;8298286.00
2012/06/12;7.06;7.12;6.91;7.07;492771;7632545.00
2012/06/13;7.11;7.48;6.99;7.37;953698;15262254.00
2012/06/14;7.37;7.44;7.29;7.30;429509;6940338.00
2012/06/15;7.26;7.48;7.24;7.41;617567;10015547.00
2012/06/18;7.41;7.51;7.36;7.47;663245;10791686.00
2012/06/19;7.41;7.45;7.24;7.32;605250;9745415.00
2012/06/20;7.34;7.70;7.28;7.53;1380493;22873852.00
2012/06/21;7.52;7.52;7.22;7.30;648745;10440756.00
2012/06/25;7.30;7.30;7.07;7.08;390242;6135493.00
2012/06/26;7.05;7.09;6.89;7.07;401889;6182817.00
2012/06/27;7.07;7.35;7.07;7.14;623476;9895352.00
2012/06/28;7.14;7.42;7.14;7.21;589818;9473151.00
2012/06/29;7.18;7.23;6.86;7.13;853787;13195225.00
2012/07/02;7.23;7.38;7.11;7.28;582450;9301326.00
2012/07/03;7.28;7.56;7.23;7.50;1241589;20266266.00
2012/07/04;7.46;7.52;7.33;7.35;647156;10523847.00
2012/07/05;7.38;7.38;7.07;7.12;600806;9462028.00
2012/07/06;7.17;7.23;6.88;7.18;606205;9411075.00
2012/07/09;7.10;7.14;6.83;6.83;684055;10507926.00
2012/07/10;6.78;6.90;6.67;6.67;452943;6780295.50
2012/07/11;6.67;6.75;6.63;6.73;314906;4666314.00
2012/07/12;6.69;6.84;6.60;6.79;445357;6630106.50
2012/07/13;6.74;6.77;6.56;6.61;416523;6149857.00
2012/07/16;6.66;6.67;5.95;5.97;722950;10099538.00
2012/07/17;5.97;6.02;5.85;6.02;345815;4605953.00
2012/07/18;5.96;6.02;5.89;6.00;201083;2682208.50
2012/07/19;6.00;6.25;5.93;6.19;430531;5914152.50
2012/07/20;6.15;6.24;6.14;6.17;278227;3838123.25
2012/07/23;6.13;6.13;5.94;5.99;260899;3507028.75
2012/07/24;5.94;6.16;5.88;6.08;186005;2515371.50
2012/07/25;6.03;6.25;6.03;6.11;318976;4396711.50
2012/07/26;6.08;6.21;6.06;6.08;252973;3461987.00
2012/07/27;6.17;6.17;5.88;6.02;322900;4352452.50
2012/07/30;6.05;6.06;5.83;5.84;328056;4342737.50
2012/07/31;5.79;5.79;5.54;5.59;282020;3597814.00
2012/08/01;5.58;5.76;5.53;5.68;393209;5037501.00
2012/08/02;5.68;5.69;5.53;5.59;343426;4339172.00
2012/08/03;5.62;5.78;5.55;5.78;332151;4274302.50
2012/08/06;5.78;6.07;5.74;6.03;614096;8149232.00
2012/08/07;6.08;6.08;5.95;6.01;327025;4408052.50
2012/08/08;6.02;6.08;5.94;6.01;319670;4303480.00
2012/08/09;5.95;6.19;5.93;6.17;543871;7381904.00
2012/08/10;6.17;6.20;6.03;6.05;356720;4861023.50
2012/08/13;6.07;6.08;5.88;5.89;261832;3519547.25
2012/08/14;5.93;5.96;5.76;5.96;414157;5448931.00
2012/08/15;5.88;5.92;5.81;5.85;272902;3591799.50
2012/08/16;5.78;5.95;5.78;5.89;140766;1850470.88
2012/08/17;5.92;5.93;5.83;5.92;219300;2900373.00
2012/08/20;5.87;5.95;5.78;5.94;230208;3033302.00
2012/08/21;5.93;6.22;5.89;6.16;702004;9606046.00
2012/08/22;6.14;6.27;6.11;6.27;702536;9743023.00
2012/08/23;6.27;6.59;6.27;6.51;1083988;15591913.00
2012/08/24;6.35;6.46;6.13;6.14;819298;11489045.00
2012/08/27;6.13;6.16;5.97;5.97;417400;5632622.50
2012/08/28;5.93;6.18;5.93;6.10;379641;5181606.50
2012/08/29;6.13;6.23;6.03;6.13;556420;7675527.00
2012/08/30;6.10;6.21;5.81;5.95;611256;8240751.00
2012/08/31;5.96;6.15;5.96;6.14;548886;7432085.00
2012/09/03;6.12;6.34;6.11;6.34;689289;9601991.00
2012/09/04;6.40;6.48;6.18;6.23;634245;8937527.00
2012/09/05;6.23;6.57;6.19;6.52;1315684;18933392.00
2012/09/06;6.62;6.65;6.46;6.63;1208500;17580104.00
2012/09/07;6.71;7.01;6.63;6.87;1598200;24008244.00
2012/09/10;6.86;6.98;6.80;6.90;1033367;15725582.00
2012/09/11;6.84;7.07;6.80;7.02;1240848;19099668.00
2012/09/12;7.03;7.09;6.85;7.03;886012;13609771.00
2012/09/13;7.02;7.04;6.65;6.66;1188629;17886602.00
2012/09/14;6.73;6.79;6.59;6.68;501145;7434599.00
2012/09/17;6.63;6.65;6.38;6.39;485237;7020220.50
2012/09/18;6.35;6.50;6.31;6.42;339936;4867716.00
2012/09/19;6.40;6.52;6.40;6.50;278159;4000210.25
2012/09/20;6.47;6.47;5.94;5.97;700368;9617564.00
2012/09/21;5.96;6.02;5.83;5.85;440155;5843402.50
2012/09/24;5.84;6.03;5.78;5.96;431196;5727314.50
2012/09/25;5.90;6.03;5.90;5.96;382446;5118950.00
2012/09/26;5.96;6.01;5.68;5.75;431590;5644367.50
2012/09/27;5.70;6.02;5.70;5.93;460599;6115468.50
2012/09/28;5.89;6.21;5.88;6.20;574293;7855309.50
2012/10/08;6.17;6.89;6.17;6.89;2028693;30246454.00
2012/10/09;7.06;7.50;6.87;7.38;4110157;65151196.00
2012/10/10;7.22;7.35;7.15;7.28;1927065;30701940.00
2012/10/11;7.24;7.52;7.13;7.20;1869768;30102504.00
2012/10/12;7.19;7.20;6.73;6.93;1223541;18714526.00
2012/10/15;6.89;6.96;6.72;6.92;827223;12523600.00
2012/10/16;6.89;7.03;6.84;6.97;879160;13479375.00
2012/10/17;7.04;7.05;6.81;6.92;600147;9169995.00
2012/10/18;6.92;7.38;6.85;7.16;1424863;22476786.00
2012/10/19;7.13;7.30;7.08;7.13;860017;13639354.00
2012/10/22;7.08;7.21;7.03;7.18;424516;6658200.50
2012/10/23;7.30;7.31;6.92;6.94;645421;10069421.00
2012/10/24;6.89;6.99;6.78;6.86;334699;5108388.00
2012/10/25;6.85;6.99;6.68;6.71;516020;7770949.00
2012/10/26;6.70;6.83;6.65;6.82;512797;7643741.00
2012/10/29;6.82;6.88;6.61;6.73;390449;5813961.50
2012/10/30;6.74;6.75;6.59;6.72;192552;2853090.00
2012/10/31;6.79;6.87;6.68;6.86;329549;4960458.00
2012/11/01;6.85;7.15;6.82;7.11;939798;14586729.00
2012/11/02;7.03;7.18;7.03;7.10;730212;11427594.00
2012/11/05;7.05;7.20;6.98;7.18;803854;12589842.00
2012/11/06;7.18;7.18;6.90;6.95;485251;7467764.50
2012/11/07;6.93;7.07;6.91;6.96;374071;5765466.00
2012/11/08;6.91;7.48;6.74;7.05;1709883;27064338.00
2012/11/09;7.08;7.77;6.85;7.68;3648307;60071064.00
2012/11/12;7.53;7.71;7.45;7.68;2189024;36503356.00
2012/11/13;7.57;7.66;7.37;7.37;1340846;21860200.00
2012/11/14;7.36;7.38;7.07;7.23;1807647;28565786.00
2012/11/15;7.18;7.34;6.68;6.78;867364;13588860.00
2012/11/16;6.75;7.09;6.75;6.97;943152;14552400.00
2012/11/19;6.89;7.03;6.80;6.98;716538;10981343.00
2012/11/20;6.97;7.38;6.97;7.20;982658;15573292.00
2012/11/21;7.18;7.26;6.95;7.21;811940;12736372.00
2012/11/22;7.21;7.23;6.98;7.06;530530;8294212.00
2012/11/23;7.03;7.13;6.90;6.94;610459;9438552.00
2012/11/26;6.94;7.00;6.80;6.85;610149;9250243.00
2012/11/27;6.79;6.89;6.41;6.43;550149;8009881.50
2012/11/28;6.35;6.35;6.22;6.27;322308;4514009.50
2012/11/29;6.21;6.38;6.21;6.23;489193;6840517.50
2012/11/30;6.23;6.25;6.08;6.24;567415;7840895.00
2012/12/03;6.23;6.23;5.74;5.81;734284;9838076.00
2012/12/04;5.74;5.92;5.68;5.88;351601;4581660.50
2012/12/05;5.87;6.22;5.86;6.17;1136065;15405323.00
2012/12/06;6.17;6.21;5.98;6.07;650050;8830701.00
2012/12/07;6.16;6.38;6.03;6.31;960298;13272890.00
2012/12/10;6.41;6.51;6.25;6.42;840819;11961291.00
2012/12/11;6.42;6.45;6.34;6.39;672031;9552828.00
2012/12/12;6.39;6.47;6.30;6.42;819335;11652103.00
2012/12/13;6.43;6.43;6.27;6.39;877218;12390816.00
2012/12/14;6.36;6.77;6.30;6.72;1936335;28190532.00
2012/12/17;6.70;6.87;6.61;6.74;1111263;16492606.00
2012/12/18;6.76;6.76;6.63;6.70;659783;9801402.00
2012/12/19;6.68;6.87;6.63;6.78;612326;9155004.00
2012/12/20;6.74;7.12;6.73;7.00;1280232;19628312.00
2012/12/21;7.08;7.21;6.89;7.14;1750065;27310052.00
2012/12/24;7.12;7.48;7.04;7.32;1718933;27631944.00
2012/12/25;7.24;7.56;7.24;7.48;1471696;24026176.00
2012/12/26;7.46;8.25;7.43;8.04;2730442;46752992.00
2012/12/27;8.03;8.77;7.97;8.05;2699562;48478116.00
2012/12/28;8.26;8.28;7.81;8.19;1968114;34636744.00
2012/12/31;8.13;8.51;7.86;7.90;1438831;25280108.00
2013/01/04;8.00;8.22;7.78;8.07;1496010;25979916.00
2013/01/07;7.94;8.17;7.83;8.08;902518;15682320.00
2013/01/08;8.06;8.47;8.05;8.25;1885208;33845692.00
2013/01/09;8.24;8.45;8.04;8.26;1726840;31039628.00
2013/01/10;8.26;8.35;8.08;8.17;1016078;18114870.00
2013/01/11;8.17;8.47;8.03;8.08;1750149;31371016.00
2013/01/14;8.08;8.41;8.08;8.39;1781134;32118732.00
2013/01/15;8.40;8.72;8.37;8.58;1790426;33046710.00
2013/01/16;8.53;8.57;8.14;8.28;1675401;30333242.00
2013/01/17;8.23;8.35;8.07;8.08;871166;15515402.00
2013/01/18;8.11;8.37;8.11;8.23;881758;15798420.00
2013/01/21;8.28;8.37;8.18;8.25;799210;14362597.00
2013/01/22;8.27;8.27;7.78;7.87;918910;16064775.00
2013/01/23;7.88;8.02;7.58;7.72;864321;14627167.00
2013/01/24;7.78;7.92;7.28;7.47;787383;13074061.00
2013/01/25;7.48;7.56;7.43;7.52;364362;5991700.00
2013/01/28;7.52;7.82;7.52;7.79;744969;12494642.00
2013/01/29;7.81;8.01;7.68;7.87;855597;14663667.00
2013/01/30;7.97;7.97;7.61;7.74;597428;10140065.00
2013/01/31;7.74;7.74;7.44;7.60;422673;7000161.50
2013/02/01;7.59;7.77;7.53;7.73;622923;10485807.00
2013/02/04;7.71;8.17;7.63;7.86;823308;14251260.00
2013/02/05;7.83;7.86;7.53;7.79;792361;13324837.00
2013/02/06;7.78;7.92;7.73;7.81;375831;6426383.00
2013/02/07;7.87;8.12;7.78;8.03;815062;14103595.00
2013/02/08;8.02;8.22;8.02;8.13;711043;12608374.00
2013/02/18;8.20;8.28;8.10;8.18;690699;12312708.00
2013/02/19;8.17;8.18;7.87;7.98;697135;12149793.00
2013/02/20;8.03;8.27;7.98;8.20;880629;15633699.00
2013/02/21;8.13;8.20;7.96;8.00;588174;10340236.00
2013/02/22;8.04;8.17;8.00;8.07;435545;7674684.50
2013/02/25;8.10;8.35;8.05;8.23;971207;17360898.00
2013/02/26;8.23;8.35;8.08;8.10;932514;16720002.00
2013/02/27;8.16;8.38;8.10;8.19;878396;15689442.00
2013/02/28;8.22;8.22;8.03;8.19;1030620;18279082.00
2013/03/01;8.22;8.37;8.19;8.32;1344336;24260002.00
2013/03/04;8.30;8.53;8.03;8.14;777306;13890811.00
2013/03/05;8.17;8.47;8.05;8.40;1408749;25389134.00
2013/03/06;8.70;8.70;8.43;8.50;1413660;26106596.00
2013/03/07;8.50;8.57;8.22;8.22;1031188;18782938.00
2013/03/08;8.19;8.41;8.19;8.28;868961;15721630.00
2013/03/11;8.26;8.37;8.18;8.25;470151;8476966.00
2013/03/12;8.25;8.44;7.81;8.00;810249;14301762.00
2013/03/13;8.03;8.03;7.68;7.77;417466;7117864.00
2013/03/14;7.82;7.87;7.76;7.82;343730;5868691.00
2013/03/15;7.82;8.02;7.78;7.88;647000;11179216.00
2013/03/18;7.90;7.90;7.69;7.74;252497;4285419.50
2013/03/19;7.74;7.93;7.54;7.67;395800;6648830.00
2013/03/20;7.67;7.91;7.65;7.89;773311;13226203.00
2013/03/21;7.88;8.07;7.83;7.98;1012704;17534688.00
2013/03/22;7.98;8.15;7.84;8.11;1072997;18693592.00
2013/03/25;8.13;8.37;8.02;8.19;877267;15578420.00
2013/03/26;8.19;8.22;7.98;8.16;522768;9223970.00
2013/03/27;8.17;8.75;8.16;8.62;2905773;53619208.00
2013/03/28;8.58;8.58;8.19;8.21;991862;18009214.00
2013/03/29;8.01;8.02;7.31;7.31;1873932;30758042.00
2013/04/01;7.25;7.25;6.95;7.06;1232247;19166546.00
2013/04/02;7.04;7.12;6.78;6.83;1062779;16296729.00
2013/04/03;6.88;6.94;6.73;6.80;660550;9977197.00
2013/04/08;6.73;6.95;6.69;6.94;459994;6935470.00
2013/04/09;6.94;7.14;6.90;7.05;605739;9385560.00
2013/04/10;6.99;7.07;6.86;6.95;428445;6573065.00
2013/04/11;7.03;7.04;6.93;6.93;278234;4294906.00
2013/04/12;6.92;6.97;6.73;6.76;385002;5824427.00
2013/04/15;6.73;6.73;6.52;6.56;346821;5063158.50
2013/04/16;6.53;6.68;6.42;6.64;229551;3339301.75
2013/04/17;6.68;6.74;6.64;6.74;286392;4244388.00
2013/04/18;6.63;6.80;6.63;6.73;365766;5466118.50
2013/04/19;6.74;7.09;6.73;7.00;672292;10347283.00
2013/04/22;7.08;7.08;6.98;7.05;418969;6477232.00
2013/04/23;7.08;7.08;6.77;6.82;416715;6314904.50
2013/04/24;6.83;7.05;6.78;6.96;404738;6216031.00
2013/04/25;7.02;7.02;6.83;6.85;565787;8659650.00
2013/04/26;6.83;6.87;6.67;6.68;314866;4721516.50
2013/05/02;6.72;6.92;6.58;6.90;295639;4441598.00
2013/05/03;6.88;7.02;6.88;6.98;396216;6100788.50
2013/05/06;6.99;7.20;6.97;7.17;655065;10290281.00
2013/05/07;7.18;7.27;7.10;7.13;429600;6674040.50
2013/05/08;7.15;7.43;7.15;7.38;679560;10777865.00
2013/05/09;7.40;7.45;7.26;7.37;579798;9210537.00
2013/05/10;7.30;7.60;7.30;7.54;771616;12507948.00
2013/05/13;7.52;7.58;7.46;7.52;413784;6704822.00
2013/05/14;7.49;7.53;7.20;7.28;678692;10740729.00
2013/05/15;7.28;7.47;7.20;7.45;573621;9108143.00
2013/05/16;7.44;7.65;7.33;7.36;990937;16074187.00
2013/05/17;7.40;7.54;7.28;7.49;1064516;17100254.00
2013/05/20;7.52;7.85;7.47;7.80;1664582;27815190.00
2013/05/21;7.87;8.08;7.72;7.95;982276;16703907.00
2013/05/22;7.91;7.99;7.76;7.79;785404;13231192.00
2013/05/23;7.74;8.03;7.69;7.78;728957;12363702.00
2013/05/24;7.89;8.04;7.81;8.01;712746;12189537.00
2013/05/27;8.11;8.20;7.91;8.05;923385;15964230.00
2013/05/28;8.00;8.05;7.80;7.86;622315;10549408.00
2013/05/29;7.90;8.00;7.73;7.88;793074;13405813.00
2013/05/30;7.88;7.98;7.81;7.95;783620;13320112.00
2013/05/31;7.98;8.00;7.84;7.85;582196;9943829.00
2013/06/03;7.81;7.92;7.78;7.87;462127;7811861.50
2013/06/04;7.83;7.87;7.47;7.48;791791;13015832.00
2013/06/05;7.48;7.71;7.48;7.63;528150;8676944.00
2013/06/06;7.60;7.67;7.55;7.59;350601;5752094.50
2013/06/07;7.65;7.72;7.43;7.51;509466;8280939.50
2013/06/13;7.40;7.64;7.35;7.56;544285;8784976.00
2013/06/14;7.60;7.98;7.60;7.96;1431559;24278330.00
2013/06/17;7.92;8.20;7.85;7.92;1404247;24250398.00
2013/06/18;7.98;8.14;7.77;8.14;1002506;17155416.00
2013/06/19;8.08;8.08;7.85;8.04;538079;9214634.00
2013/06/20;7.90;8.28;7.90;8.08;1763877;30892628.00
2013/06/21;7.94;8.25;7.66;8.22;1227105;21301428.00
2013/06/24;8.23;8.48;7.79;7.98;1287982;22709060.00
2013/06/25;7.86;7.95;7.12;7.54;1466234;23794198.00
2013/06/26;7.48;7.83;7.41;7.83;1276611;21100796.00
2013/06/27;7.84;7.94;7.44;7.45;949486;15816930.00
2013/06/28;7.30;7.48;6.98;7.25;703922;11080724.00
2013/07/01;7.18;7.47;7.18;7.44;530045;8429397.00
2013/07/02;7.41;7.75;7.40;7.64;679243;11175874.00
2013/07/03;7.50;7.98;7.48;7.91;1189345;20020444.00
2013/07/04;7.92;8.08;7.74;8.02;1359075;23179890.00
2013/07/05;8.00;8.04;7.77;7.80;1364053;23209876.00
2013/07/08;8.40;8.64;8.18;8.64;5561268;101009848.00
2013/07/09;8.35;8.59;8.30;8.49;3014023;54320304.00
2013/07/10;8.49;8.98;8.43;8.95;3649887;68084032.00
2013/07/11;8.97;9.23;8.75;9.05;2362109;45183568.00
2013/07/12;9.11;9.45;8.94;9.07;2365836;46599392.00
2013/07/15;9.18;9.43;8.99;9.37;1688148;33449970.00
2013/07/16;9.37;9.75;9.31;9.49;1631312;33021804.00
2013/07/17;9.39;9.75;9.32;9.38;2032007;41258552.00
2013/07/18;9.35;9.60;9.30;9.43;964273;19388336.00
2013/07/19;9.41;9.55;9.02;9.07;1391958;27707758.00
2013/07/22;9.07;9.69;9.07;9.69;1367082;27347496.00
2013/07/23;9.70;10.20;9.70;9.87;1621061;34279292.00
2013/07/24;9.90;10.84;9.65;10.80;2139442;46937528.00
2013/07/25;10.61;11.05;10.29;10.38;2469854;55371796.00
2013/07/26;10.25;10.50;9.98;10.39;1712303;37096108.00
2013/07/29;10.33;10.84;10.29;10.54;1517872;34049248.00
2013/07/30;10.41;10.57;9.70;9.87;1497140;31650870.00
2013/07/31;10.07;10.36;9.71;9.85;1183385;25069666.00
2013/08/01;9.90;10.90;9.87;10.90;2618822;58744032.00
2013/08/02;11.26;11.54;11.05;11.30;3716745;88597800.00
2013/08/05;11.50;11.61;11.20;11.31;2344305;55993836.00
2013/08/06;11.50;12.30;11.32;11.74;3321184;82689664.00
2013/08/07;11.65;11.72;11.33;11.50;1994869;48243436.00
2013/08/08;11.43;12.38;11.43;12.20;2407525;60832976.00
2013/08/09;12.20;12.29;11.57;11.84;1997022;49965884.00
2013/08/12;11.87;12.15;11.45;11.99;1529878;38172972.00
2013/08/13;12.00;12.23;11.70;11.95;1282813;32333270.00
2013/08/14;11.91;12.04;11.60;11.89;1018924;25282768.00
2013/08/15;11.74;11.89;11.46;11.52;1119926;27432772.00
2013/08/16;11.45;12.04;11.30;11.30;1208068;29695246.00
2013/08/19;11.41;11.98;11.31;11.97;1088295;26866892.00
2013/08/20;12.08;12.08;11.60;11.88;1302126;32256710.00
2013/08/21;11.88;11.89;11.64;11.73;636273;15745157.00
2013/08/22;11.85;12.14;11.74;11.90;993439;24880564.00
2013/08/23;11.93;12.08;11.35;11.68;1639968;40146592.00
2013/08/26;11.58;11.85;11.41;11.75;1046355;25745790.00
2013/08/27;11.73;12.49;11.72;12.40;2171570;55309000.00
2013/08/28;12.23;12.33;11.60;11.60;1808442;45692388.00
2013/08/29;11.63;11.78;11.35;11.64;1113487;27037906.00
2013/08/30;11.71;11.71;10.92;11.20;1965419;46468004.00
2013/09/02;11.14;11.38;11.00;11.31;517377;12271153.00
2013/09/03;11.33;11.60;11.20;11.49;633491;15237972.00
2013/09/04;11.40;11.85;11.21;11.45;777309;18778164.00
2013/09/05;11.37;11.74;11.34;11.70;888603;21737846.00
2013/09/06;11.70;11.77;11.45;11.61;705830;17184990.00
2013/09/09;11.64;11.88;11.55;11.64;634792;15602418.00
2013/09/10;11.65;11.84;11.21;11.65;920660;22307102.00
2013/09/11;11.53;11.65;11.29;11.47;453822;10897343.00
2013/09/12;11.35;11.81;11.35;11.66;732039;17987626.00
2013/09/13;11.73;12.07;11.67;12.04;1197857;30036350.00
2013/09/16;12.15;13.30;12.01;13.30;1956358;53131576.00
2013/09/17;13.70;13.84;12.94;13.23;2152003;60124776.00
2013/09/18;13.15;13.58;12.90;13.52;1427681;39531024.00
2013/09/23;13.55;13.80;13.23;13.65;1063308;30091838.00
2013/09/24;13.64;13.74;13.16;13.43;886885;24896476.00
2013/09/25;13.31;13.53;12.94;12.99;1180358;32508394.00
2013/09/26;12.93;13.11;12.41;12.55;926964;24955992.00
2013/09/27;12.57;13.32;12.57;13.27;916871;25015498.00
2013/09/30;13.48;14.02;13.29;13.90;1331887;38154228.00
2013/10/08;14.00;14.15;13.61;13.92;1023941;29672046.00
2013/10/09;13.78;13.98;13.69;13.85;764894;22101182.00
2013/10/10;13.81;13.96;13.23;13.30;986546;28091818.00
2013/10/11;13.45;13.45;12.41;12.90;1999538;53964140.00
2013/10/14;12.90;13.12;12.56;13.10;834220;22616818.00
2013/10/15;13.08;13.65;12.98;13.43;994732;27909402.00
2013/10/16;13.36;13.46;12.75;12.85;796022;21592424.00
2013/10/17;12.90;13.15;12.80;12.91;373335;10119798.00
2013/10/18;12.90;13.05;12.75;12.95;373592;10064766.00
2013/10/21;12.95;13.48;12.88;13.42;686598;19127536.00
2013/10/22;13.38;13.52;12.90;12.95;706064;19372660.00
2013/10/23;12.86;12.93;12.15;12.33;1056829;27666560.00
2013/10/24;12.33;12.57;12.25;12.51;582991;15200701.00
2013/10/25;12.39;12.40;11.87;12.05;1251660;31542392.00
2013/10/28;11.99;12.18;11.76;12.14;469236;11848048.00
2013/10/29;12.01;12.32;11.46;11.86;830722;20724642.00
2013/10/30;11.86;12.82;11.76;12.73;1310409;34035752.00
2013/10/31;12.51;13.65;12.51;12.82;2176645;59635948.00
2013/11/01;12.40;12.79;11.83;12.53;1096457;28227966.00
2013/11/04;12.53;13.05;12.30;12.82;836852;22269328.00
2013/11/05;12.73;13.07;12.60;13.06;540177;14592357.00
2013/11/06;13.04;13.50;12.95;13.05;1339119;37203756.00
2013/11/07;13.00;13.11;12.68;12.74;740252;19950022.00
2013/11/08;12.74;12.80;12.10;12.35;547326;14343606.00
2013/11/11;12.33;13.34;12.29;13.21;1028069;27847768.00
2013/11/12;13.18;13.71;13.11;13.33;1366136;38343316.00
2013/11/13;13.22;14.66;13.10;14.36;3440530;101183632.00
2013/11/14;14.26;14.70;14.05;14.70;2636235;79104928.00
2013/11/15;14.51;15.05;14.43;14.64;2507721;76881664.00
2013/11/18;14.54;15.02;14.54;14.76;1789384;54943784.00
2013/11/19;14.66;15.13;14.30;14.34;1657462;50744704.00
2013/11/20;14.27;14.50;14.00;14.40;1043755;30949552.00
2013/11/21;14.33;15.00;14.18;14.56;1163839;35501948.00
2013/11/22;14.48;15.84;14.48;15.36;2484399;78200648.00
2013/11/25;15.36;16.95;15.26;16.66;3306783;111660728.00
2013/11/26;16.45;18.05;16.45;17.35;3447872;122983464.00
2013/11/27;17.41;18.40;16.93;17.90;3102383;114080128.00
2013/11/28;18.05;19.75;17.74;19.75;4985093;198263600.00
2013/11/29;20.66;21.78;20.00;21.07;7793694;338056288.00
2013/12/02;18.90;18.90;18.90;18.90;621300;24230700.00
2013/12/03;16.95;17.65;16.95;16.95;6114789;216938368.00
2013/12/04;17.00;17.73;16.12;16.20;5983760;210038480.00
2013/12/05;15.78;16.15;15.44;15.54;3207074;104873288.00
2013/12/06;15.57;16.04;15.25;15.84;2704761;88165280.00
2013/12/09;15.94;17.38;15.90;17.38;4491908;155814096.00
2013/12/10;17.55;17.55;15.90;16.13;3498674;119541424.00
2013/12/11;15.85;16.26;15.64;15.98;1955083;64620584.00
2013/12/12;15.98;16.53;15.84;16.20;2165020;73230856.00
2013/12/13;16.25;17.88;16.03;17.33;4167591;148590320.00
2013/12/16;17.05;17.80;16.90;17.27;3192968;115041112.00
2013/12/17;17.27;17.42;16.15;16.28;2486218;85422144.00
2013/12/18;16.36;16.60;14.59;15.16;2465261;78168392.00
2013/12/19;15.35;16.15;15.30;15.45;1798827;58575784.00
2013/12/20;15.55;15.55;14.96;15.30;1424546;44939756.00
2013/12/23;15.33;16.64;15.09;16.53;2846909;94280928.00
2013/12/24;17.10;18.24;16.84;18.24;4898375;182521408.00
2013/12/25;20.13;20.13;20.13;20.13;187780;7783481.00
2013/12/26;22.20;22.20;21.95;22.20;3813570;173891504.00
2013/12/27;22.00;24.40;21.81;23.53;9242720;438494976.00
2013/12/30;23.30;25.89;23.09;25.01;6518318;325061216.00
2013/12/31;24.40;24.53;23.23;23.68;4868540;238195344.00
2014/01/02;24.05;26.11;23.90;26.11;4611637;238347120.00
2014/01/03;26.84;28.00;25.23;25.52;6341716;343976416.00
2014/01/06;25.17;25.40;23.51;24.24;4294612;214804752.00
2014/01/07;24.40;25.02;23.65;24.48;3261083;162453216.00
2014/01/08;24.73;26.90;24.33;25.93;4878975;257114560.00
2014/01/09;25.55;25.77;23.28;23.30;4915363;246840960.00
2014/01/10;23.51;23.80;22.58;23.18;3079312;146095776.00
2014/01/13;23.34;23.55;22.90;23.48;2102154;100472824.00
2014/01/14;23.59;24.36;23.59;24.12;2645725;130176808.00
2014/01/15;24.11;24.64;23.56;24.53;2715379;133878040.00
2014/01/16;24.39;27.04;24.15;26.44;5976590;319220288.00
2014/01/17;26.12;26.30;24.99;25.22;3202747;168404320.00
2014/01/20;24.92;25.99;23.91;24.35;2040133;104005456.00
2014/01/21;24.58;24.90;22.69;24.05;3614912;175415648.00
2014/01/22;23.86;24.62;22.90;24.57;2838528;138654592.00
2014/01/23;24.40;25.38;23.96;24.78;2674354;135580768.00
2014/01/24;24.90;27.15;24.70;25.41;4064125;214898400.00
2014/01/27;25.41;28.01;25.16;28.01;4465489;247471168.00
2014/01/28;28.66;28.88;25.15;26.39;5116105;280667968.00
2014/01/29;26.85;28.13;25.65;27.30;3737015;205836432.00
2014/01/30;27.24;30.09;26.80;30.09;4042336;239352064.00
2014/02/07;30.27;31.63;29.29;30.91;4625306;287840064.00
2014/02/10;30.75;31.50;29.89;30.97;3198529;199373376.00
2014/02/11;31.06;33.80;30.42;32.60;3604570;235226672.00
2014/02/12;32.40;35.92;32.06;35.92;3802158;266636912.00
2014/02/13;36.30;37.12;34.01;34.52;3556093;259074400.00
2014/02/14;34.98;38.03;34.58;38.03;2810406;211140432.00
2014/02/17;38.90;41.30;37.15;37.35;5083948;400058560.00
2014/02/18;37.45;38.65;37.00;38.28;3579333;274844000.00
2014/02/19;37.82;38.25;34.40;36.09;3863616;283288544.00
2014/02/20;36.09;38.15;35.50;36.65;2832847;213206352.00
2014/02/21;38.40;40.38;34.90;35.36;6456177;501642848.00
2014/02/24;34.51;34.90;33.20;34.63;4221869;293197760.00
2014/02/25;34.25;35.29;31.11;31.20;4526534;304896416.00
2014/02/26;30.90;34.38;30.63;34.38;4937463;330794176.00
2014/02/27;35.05;35.34;30.90;30.90;8564800;280740064.00
2014/02/28;29.26;30.10;28.33;29.58;7533743;223111312.00
2014/03/03;29.54;30.90;29.28;29.79;6215919;188931728.00
2014/03/04;29.00;30.60;28.30;29.42;5837257;173212496.00
2014/03/05;29.20;32.40;28.91;32.40;9379269;297247648.00
2014/03/06;33.35;35.68;33.20;35.68;15242100;540300544.00
2014/03/07;36.40;36.78;33.80;36.20;12699327;453632736.00
2014/03/10;35.40;35.46;32.60;33.49;6808763;234885424.00
2014/03/11;34.10;36.88;33.55;35.65;11709307;423606144.00
2014/03/12;34.10;34.10;32.05;32.05;4158460;135927088.00
2014/03/13;28.91;33.09;28.90;32.01;8089145;251253552.00
2014/03/14;31.00;31.60;30.11;30.30;5835313;181563216.00
2014/03/17;30.08;31.69;28.60;31.27;4919522;152992960.00
2014/03/18;31.25;33.10;30.80;31.62;6293056;204463696.00
2014/03/19;31.10;32.82;30.75;32.30;5241708;169543744.00
2014/03/20;32.11;32.11;29.03;29.10;5544312;172636272.00
2014/03/21;27.86;29.97;27.86;29.74;3558922;106072480.00
2014/03/24;30.02;30.04;28.01;28.11;4499685;130418448.00
2014/03/25;28.00;28.00;26.60;27.19;4400395;121031840.00
2014/03/26;27.20;27.80;26.90;27.48;3297167;91567672.00
2014/03/27;27.21;27.39;24.88;24.90;5339216;139491744.00
2014/03/28;24.84;25.20;23.32;23.73;4749966;116093608.00
2014/03/31;23.81;24.09;23.00;23.42;2799230;67185952.00
2014/04/01;23.65;24.27;23.51;24.27;3270079;79757656.00
2014/04/02;24.15;24.37;23.08;23.58;3397940;81183968.00
2014/04/03;23.47;24.73;23.21;24.13;3963774;97309056.00
2014/04/04;24.09;24.88;23.87;24.62;3502711;87241168.00
2014/04/08;24.11;24.82;23.80;24.74;2844747;70353632.00
2014/04/09;24.72;26.28;24.72;25.98;5536905;143849376.00
2014/04/10;25.80;25.95;25.02;25.10;4802846;124175776.00
2014/04/11;24.61;24.90;24.15;24.20;3009444;74695344.00
2014/04/14;24.10;24.77;24.05;24.46;2139578;53116496.00
2014/04/15;24.41;24.46;23.87;24.07;1970266;48183772.00
2014/04/16;24.05;24.31;23.88;23.99;1332185;32615818.00
2014/04/17;24.00;24.48;23.91;24.37;1743343;43032120.00
2014/04/18;24.38;24.57;24.10;24.44;1539882;38213588.00
2014/04/21;24.39;24.58;23.72;23.77;2056508;50756324.00
2014/04/22;23.61;23.88;21.82;22.70;3451335;79951072.00
2014/04/23;22.60;22.78;22.21;22.35;1266125;28902674.00
2014/04/24;22.47;24.63;22.00;24.63;4336818;104246968.00
2014/04/25;25.50;26.58;25.22;25.26;10371273;271999296.00
2014/04/28;25.02;25.02;22.69;22.69;5384817;128407032.00
2014/04/29;22.69;23.80;21.18;23.40;5406605;124208088.00
2014/04/30;23.10;23.25;22.41;22.50;3838082;88763552.00
2014/05/05;22.34;23.07;21.89;22.93;3024980;69719376.00
2014/05/06;22.80;23.59;22.61;23.00;3480874;82140456.00
2014/05/07;22.63;22.97;22.05;22.05;2676338;61153168.00
2014/05/08;21.67;22.55;21.50;21.71;2168439;48557016.00
2014/05/09;21.74;22.23;21.41;21.76;1944833;43304752.00
2014/05/12;21.81;22.29;21.45;22.20;2205346;49265300.00
2014/05/13;22.22;24.46;21.97;23.37;5659086;135292144.00
2014/05/14;22.88;22.95;22.44;22.60;3138496;72386488.00
2014/05/15;22.54;22.99;21.73;21.85;2637514;60029736.00
2014/05/16;21.31;22.06;21.26;21.77;1697245;37403660.00
2014/05/19;21.66;22.08;21.56;21.96;1226952;27312076.00
2014/05/20;22.15;22.84;21.88;21.96;1768779;40131676.00
2014/05/21;21.82;22.25;21.45;22.24;1666880;37203776.00
2014/05/22;22.23;22.65;21.95;22.03;2167946;49327496.00
2014/05/23;22.01;22.69;21.83;22.62;2337969;53266020.00
2014/05/26;22.98;23.74;22.76;23.16;3248885;76792872.00
2014/05/27;23.17;23.38;22.51;22.69;2256272;52489672.00
2014/05/28;22.90;23.79;22.71;23.74;4044061;95937912.00
2014/05/29;23.80;23.84;23.01;23.06;2460675;58282272.00
2014/05/30;23.00;23.36;22.76;22.91;1517782;35565232.00
2014/06/03;22.92;23.23;22.57;22.60;1462255;34089956.00
2014/06/04;22.45;22.65;22.10;22.34;1537843;34937352.00
2014/06/05;22.30;23.33;22.30;23.26;2601779;60691580.00
2014/06/06;23.29;23.67;22.85;23.10;2782542;65630448.00
2014/06/09;22.90;23.03;22.42;22.54;1674644;38795896.00
2014/06/10;22.52;23.04;22.35;22.94;1712098;39681044.00
2014/06/11;22.88;23.35;22.74;23.30;2417956;56672348.00
2014/06/12;23.30;23.59;23.00;23.45;2601763;61724096.00
2014/06/13;23.45;24.97;23.40;24.25;5513390;136295040.00
2014/06/16;24.50;26.72;24.15;26.72;7181954;186450848.00
2014/06/17;27.60;27.60;25.38;25.89;7063790;188238512.00
2014/06/18;25.87;26.07;24.70;24.90;4080162;104695392.00
2014/06/19;24.96;25.57;24.01;24.49;4005968;101104200.00
2014/06/20;24.13;24.97;24.13;24.73;2185581;54673956.00
2014/06/23;24.74;25.88;24.74;25.53;3943278;101992264.00
2014/06/24;25.50;25.70;24.90;25.00;2684130;68532384.00
2014/06/25;25.05;25.10;24.14;24.25;2507387;62058460.00
2014/06/26;24.39;25.80;24.39;25.60;4596991;118655352.00
2014/06/27;25.39;26.56;25.39;25.64;5102255;134818080.00
2014/06/30;25.78;25.88;25.10;25.85;3035795;78728552.00
2014/07/01;26.15;26.16;25.54;25.77;2267550;59422220.00
2014/07/02;25.77;26.06;25.21;25.79;2526869;65896860.00
2014/07/03;25.81;25.87;25.41;25.44;1972604;51144228.00
2014/07/04;25.44;25.68;25.21;25.65;1797905;46557364.00
2014/07/07;25.84;26.09;25.30;25.46;1923614;50201292.00
2014/07/08;25.42;25.42;24.65;25.06;2135682;54200464.00
2014/07/09;25.15;25.39;24.28;24.32;2307447;58234632.00
2014/07/10;24.21;24.44;23.76;23.90;1796341;44088320.00
2014/07/11;23.83;24.42;23.82;24.29;1219286;29947410.00
2014/07/14;24.50;24.73;24.05;24.68;1321875;32796848.00
2014/07/15;24.74;24.78;24.22;24.35;1036727;25763646.00
2014/07/16;24.45;24.45;23.62;23.70;1495053;36388540.00
2014/07/17;23.49;23.69;23.00;23.06;1363469;32263364.00
2014/07/18;23.06;23.44;23.00;23.04;678767;16026659.00
2014/07/21;23.00;23.35;22.40;23.07;1204817;27988502.00
2014/07/22;23.10;23.52;22.93;23.46;867320;20566948.00
2014/07/23;23.44;23.45;22.44;22.47;1249459;28948370.00
2014/07/24;22.53;22.54;21.90;22.07;1063432;23919956.00
2014/07/25;22.23;22.38;21.97;22.22;590551;13335128.00
2014/07/28;22.28;22.98;22.28;22.90;968163;22401226.00
2014/07/29;22.90;24.45;22.90;24.24;2868629;70271456.00
2014/07/30;24.35;24.35;23.80;23.91;1449059;35288988.00
2014/07/31;23.55;24.08;23.50;24.00;1180973;28684310.00
2014/08/01;24.00;24.00;23.36;23.41;1509467;36334244.00
2014/08/04;23.50;23.82;23.21;23.73;899498;21598954.00
2014/08/05;23.78;24.49;23.40;24.33;2334655;57340260.00
2014/08/06;24.20;24.59;24.04;24.29;1576411;38985576.00
2014/08/07;24.29;24.55;23.90;23.95;1414649;34845108.00
2014/08/08;23.78;24.33;23.78;24.14;991970;24340908.00
2014/08/11;24.15;24.76;24.14;24.43;1624969;40515756.00
2014/08/12;24.35;24.59;24.31;24.43;1529808;37973536.00
2014/08/13;24.43;26.07;24.10;25.64;4992344;129878880.00
2014/08/14;25.65;26.09;25.48;25.50;3891316;101954680.00
2014/08/15;25.46;25.64;24.95;25.49;2024761;51938884.00
2014/08/18;25.47;26.02;25.12;25.94;2509905;65596456.00
2014/08/19;26.07;27.56;25.95;26.90;4818277;131556232.00
2014/08/20;26.91;27.00;26.13;26.23;2535516;67808616.00
2014/08/21;26.20;26.23;25.18;25.95;2451747;63911148.00
2014/08/22;25.89;26.16;25.61;26.03;1732843;45712272.00
2014/08/25;26.05;26.74;25.95;25.95;2199902;58667340.00
2014/08/26;25.91;25.91;24.65;24.70;2079302;53187508.00
2014/08/27;24.75;25.38;24.75;25.09;1267434;32384386.00
2014/08/28;25.20;25.20;24.41;24.60;1317023;33015738.00
2014/08/29;24.61;24.96;24.50;24.90;744161;18716680.00
2014/09/01;24.90;25.40;24.89;25.36;1120709;28784254.00
2014/09/02;25.49;26.06;25.47;25.70;1889564;49332764.00
2014/09/03;25.75;26.08;25.38;26.05;2720680;71242232.00
2014/09/04;26.05;26.84;25.81;26.63;3905662;104763936.00
2014/09/05;26.60;26.61;26.10;26.39;2282474;60963536.00
2014/09/09;26.39;26.50;25.86;26.27;1844298;49087976.00
2014/09/10;26.16;26.76;26.01;26.60;2188036;58877140.00
2014/09/11;26.99;29.30;26.90;29.30;4145977;121488688.00
2014/09/12;31.08;31.10;29.45;29.58;11894315;364087296.00
2014/09/15;29.01;29.62;28.71;29.10;4998573;147173728.00
2014/09/16;29.10;30.09;28.69;28.70;6030514;180263968.00
2014/09/17;28.80;28.99;26.96;27.80;3887934;109079040.00
2014/09/18;27.80;28.08;27.35;27.99;2527683;71164672.00
2014/09/19;27.95;28.23;27.61;27.96;2206756;62431560.00
2014/09/22;27.69;27.88;27.07;27.07;2293381;63703224.00
2014/09/23;27.08;27.85;27.06;27.69;1772834;49645124.00
2014/09/24;27.76;28.08;27.52;27.99;1859792;52594484.00
2014/09/25;28.02;28.33;27.51;27.57;2079832;58535524.00
2014/09/26;27.50;28.95;27.35;28.94;3832713;110543472.00
2014/09/29;29.08;29.27;28.51;28.73;2575514;75128824.00
2014/09/30;28.75;28.90;28.50;28.74;1810433;52565236.00
2014/10/08;28.80;29.11;28.60;29.09;2123649;62282072.00
2014/10/09;29.11;29.26;28.16;28.57;2439821;70993880.00
2014/10/10;28.30;28.41;27.71;27.74;2180874;61970896.00
2014/10/13;27.66;27.70;27.01;27.53;1683405;46680560.00
2014/10/14;27.54;27.95;27.34;27.73;1626147;45687568.00
2014/10/15;27.52;27.95;27.40;27.90;1324548;37183272.00
2014/10/16;27.78;28.40;27.35;27.38;1864024;53014384.00
2014/10/17;27.11;27.30;26.05;26.40;2506021;67365672.00
2014/10/20;26.40;27.30;26.40;27.06;1190181;32635548.00
2014/10/21;27.20;27.20;26.60;26.65;1174936;31898170.00
2014/10/22;26.91;26.91;26.20;26.25;1011637;27257794.00
2014/10/23;26.28;26.35;25.20;25.29;1401610;36456716.00
2014/10/24;25.20;25.54;25.08;25.30;862485;22242750.00
2014/10/27;25.30;26.10;25.13;25.86;710159;18550146.00
2014/10/28;25.83;26.42;25.83;26.38;1055140;28146234.00
2014/10/29;26.40;26.88;26.40;26.65;1241368;33580304.00
2014/10/30;26.79;26.80;26.30;26.36;1216629;32730090.00
2014/10/31;26.35;26.50;25.75;25.87;1267801;33552856.00
2014/11/03;25.92;26.88;25.90;26.88;1485221;39975260.00
2014/11/04;26.92;27.05;26.20;26.27;1054991;28437626.00
2014/11/05;26.19;26.70;26.16;26.34;711858;19159868.00
2014/11/06;26.40;27.18;26.26;27.18;1644202;44806264.00
2014/11/07;27.19;27.26;26.58;26.78;1534445;41896208.00
2014/11/10;26.68;27.17;26.67;26.80;1030764;28114086.00
2014/11/11;26.99;27.08;25.28;25.31;2130317;55851864.00
2014/11/12;25.28;25.99;25.27;25.69;956098;24828094.00
2014/11/13;25.70;25.70;23.60;24.15;2054958;51047592.00
2014/11/14;24.18;24.35;23.70;23.99;978420;23875658.00
2014/11/17;24.28;24.69;23.81;24.38;1029692;25536274.00
2014/11/18;24.35;24.87;24.20;24.75;782171;19611754.00
2014/11/19;24.61;25.09;24.48;24.95;978730;24643752.00
2014/11/20;24.95;24.95;24.46;24.53;707153;17660746.00
2014/11/21;24.69;24.98;24.62;24.80;944659;23856308.00
2014/11/24;25.08;25.15;24.60;24.69;1152620;29007070.00
2014/11/25;24.77;25.09;24.66;25.02;1372776;34697848.00
2014/11/26;25.02;25.86;24.83;25.70;1840829;47536928.00
2014/11/27;25.70;26.08;25.31;25.78;1658946;43218708.00
2014/11/28;25.77;25.90;25.36;25.50;1451525;37612476.00
2014/12/01;25.48;25.50;24.61;24.74;1236497;31285196.00
2014/12/02;24.74;25.22;24.68;24.98;1094703;27821756.00
2014/12/03;24.98;25.08;24.21;24.84;1784272;44411788.00
2014/12/04;24.68;25.30;24.68;25.12;1572367;40076320.00
2014/12/05;25.13;25.15;23.72;24.45;2090030;51631472.00
2014/12/08;24.45;24.45;23.80;23.88;1613471;39302816.00
2014/12/09;23.85;23.85;22.60;22.60;2309567;54202792.00
2014/12/10;22.61;23.47;22.59;23.39;1148987;27013254.00
2014/12/11;23.39;23.85;22.91;23.74;936415;22427542.00
2014/12/12;23.74;23.94;23.61;23.79;837513;20227174.00
2014/12/15;23.79;24.36;23.79;24.20;991818;24348620.00
2014/12/16;24.18;24.44;23.83;23.88;1063757;25891220.00
2014/12/17;23.88;23.90;23.17;23.32;1054496;25080314.00
2014/12/18;23.09;23.50;22.87;22.88;843437;19861158.00
2014/12/19;22.82;22.99;22.20;22.44;1043488;23995104.00
2014/12/22;22.44;22.81;20.60;20.81;1108101;24158386.00
2014/12/23;20.60;22.04;20.60;21.09;807262;17587016.00
2014/12/24;21.15;21.92;21.15;21.79;625603;13797764.00
2014/12/25;22.00;22.08;21.61;21.74;588311;13038295.00
2014/12/26;21.76;21.79;21.47;21.62;550481;12109258.00
2014/12/29;21.60;21.60;20.76;20.90;814433;17382354.00
2014/12/30;20.79;22.40;20.79;21.26;838508;18190262.00
2014/12/31;20.90;21.39;20.18;21.05;687222;14597283.00
2015/01/05;21.21;21.27;20.22;21.11;1063893;22491332.00
2015/01/06;20.94;21.94;20.63;21.79;1219439;26737776.00
2015/01/07;21.60;21.88;21.43;21.69;865518;19031550.00
2015/01/08;21.61;22.25;21.49;21.98;1215710;27146180.00
2015/01/09;22.00;22.29;21.55;21.55;1007552;22513574.00
2015/01/12;21.40;21.40;20.85;21.10;756734;16259432.00
2015/01/13;21.04;21.60;20.91;21.50;947170;20588324.00
2015/01/14;21.50;21.79;21.25;21.30;697498;15268975.00
2015/01/15;21.60;21.70;21.07;21.13;699401;15172771.00
2015/01/16;21.12;21.74;21.12;21.74;1037012;22729018.00
2015/01/19;21.74;22.75;21.30;22.03;2073494;46694296.00
2015/01/20;22.18;23.00;22.10;22.99;2144480;49691108.00
2015/01/21;23.10;23.33;22.70;23.01;1936633;45344888.00
2015/01/22;23.02;23.48;22.93;23.43;1696826;40015032.00
2015/01/23;23.45;23.47;22.60;22.67;2517977;58548028.00
2015/01/26;22.58;22.85;22.50;22.68;2090829;48191796.00
2015/01/27;22.74;22.79;22.52;22.65;1669857;38471784.00
2015/01/28;22.76;23.18;22.63;23.18;3092979;72126696.00
2015/01/29;23.08;23.08;22.57;22.69;1451783;33562020.00
2015/01/30;22.70;22.97;22.30;22.32;1220782;28023282.00
2015/02/02;22.28;22.97;22.10;22.66;1047090;24177994.00
2015/02/03;22.60;23.45;22.50;23.27;2244972;52791652.00
2015/02/04;23.20;23.30;22.98;23.11;1374120;32332316.00
2015/02/05;23.26;23.90;22.93;23.40;2725830;65090320.00
2015/02/06;23.10;23.19;22.21;22.29;2046936;47012060.00
2015/02/09;22.00;22.15;21.50;21.61;1216102;26937924.00
2015/02/10;21.61;21.90;21.50;21.80;667964;14798494.00
2015/02/11;21.80;21.95;21.66;21.86;782548;17402810.00
2015/02/12;21.93;22.30;21.87;22.10;1051303;23749206.00
2015/02/13;22.29;22.67;22.20;22.50;1204183;27584446.00
2015/02/16;22.56;23.26;22.54;23.17;1934124;45408988.00
2015/02/17;23.17;23.32;22.82;23.08;1390522;32579528.00
2015/02/25;23.40;23.70;23.01;23.28;2226063;52992460.00
2015/02/26;23.27;23.49;22.98;23.39;1572553;37218260.00
2015/02/27;23.41;23.99;23.27;23.80;2365195;57077484.00
2015/03/02;24.21;24.56;23.68;24.38;3090749;75958680.00
2015/03/03;24.50;24.64;23.91;23.92;2994870;74034496.00
2015/03/04;23.81;24.50;23.80;24.42;1983854;48967932.00
2015/03/05;24.43;24.93;24.31;24.51;2093878;52235920.00
2015/03/06;24.61;24.61;23.60;23.84;1907971;46534092.00
2015/03/09;23.77;24.70;23.60;24.70;2482787;61339724.00
2015/03/10;24.90;24.90;24.35;24.65;2184037;54209744.00
2015/03/11;24.66;24.77;24.08;24.17;1931461;47266276.00
2015/03/12;24.30;24.37;23.61;24.00;1617040;38978272.00
2015/03/13;23.96;25.95;23.74;25.77;5966725;150772528.00
2015/03/16;26.10;28.33;25.55;27.29;7755940;210990416.00
2015/03/17;27.79;28.69;26.90;27.29;5357121;147982528.00
2015/03/18;27.26;27.70;26.80;27.47;3011305;83163248.00
2015/03/19;27.40;28.31;27.24;27.79;4348904;122017656.00
2015/03/20;27.70;28.13;27.30;27.70;3551077;99149072.00
2015/03/23;28.30;30.45;27.82;30.45;6097201;182068432.00
2015/03/24;29.93;33.52;29.92;33.52;10531460;345959680.00
2015/03/25;34.88;36.89;33.81;36.89;7844813;281909632.00
2015/03/26;38.05;38.05;33.20;33.95;7883617;279008384.00
2015/03/27;33.90;35.58;33.89;34.46;4043678;141149232.00
2015/03/30;33.91;35.52;32.79;33.20;5457629;185872576.00
2015/03/31;33.42;34.36;32.50;34.09;5331754;179302912.00
2015/04/01;33.80;35.77;33.48;35.76;6159688;216229920.00
2015/04/02;35.88;36.65;34.63;35.40;5768367;205256864.00
2015/04/03;35.05;35.49;34.36;35.40;5079508;177285824.00
2015/04/07;35.39;35.74;34.60;35.12;4379913;153877264.00
2015/04/08;35.11;35.12;32.40;33.55;6772683;228116144.00
2015/04/09;33.75;33.75;31.30;32.57;4613175;149539008.00
2015/04/10;32.57;34.10;32.57;33.58;4067547;137759664.00
2015/04/13;33.74;34.30;32.68;34.28;4084733;138193920.00
2015/04/14;34.28;34.40;32.88;33.11;2304584;77763520.00
2015/04/15;33.00;33.10;30.43;30.71;3234346;102661696.00
2015/04/16;30.40;31.70;29.98;30.95;1970911;61589420.00
2015/04/17;31.18;31.45;30.80;31.24;1856215;58163820.00
2015/04/20;31.15;32.15;30.73;30.97;2282220;72558176.00
2015/04/21;31.25;32.50;31.02;32.41;3062609;99032160.00
2015/04/22;32.81;33.30;32.48;32.88;2514612;83329256.00
2015/04/23;33.19;33.52;32.49;33.05;2608527;86865496.00
2015/04/24;33.60;36.10;33.60;35.46;6470878;228123552.00
2015/04/27;35.21;36.60;33.70;34.10;4603999;160840608.00
2015/04/28;33.43;34.07;30.76;31.27;3942423;126919520.00
2015/04/29;31.10;32.30;30.81;31.71;1999187;63770600.00
2015/04/30;31.60;32.67;31.58;31.72;2081700;67352112.00
2015/05/04;31.70;33.30;31.30;32.95;2584907;84492072.00
2015/05/05;32.96;34.25;32.95;33.60;3423503;115077784.00
2015/05/06;33.40;34.35;31.90;32.28;2687043;90951848.00
2015/05/07;32.19;32.19;30.18;30.96;2045176;64099080.00
2015/05/08;31.17;32.32;31.16;32.30;2456084;78441344.00
2015/05/11;33.08;34.33;32.80;34.30;3864032;130814368.00
2015/05/12;34.51;35.08;33.52;34.30;4329261;149718688.00
2015/05/13;34.20;36.30;32.90;36.02;6172922;216479664.00
2015/05/14;39.62;39.64;37.90;39.64;2359799;93882032.00
2015/05/15;40.60;41.80;37.70;38.40;7386972;292747584.00
2015/05/18;38.28;40.78;38.28;39.34;4530895;179920560.00
2015/05/19;39.30;39.78;37.68;38.24;8599972;332873408.00
2015/05/20;38.15;40.16;38.12;38.79;7660465;301072992.00
2015/05/21;38.79;42.08;38.29;40.79;10548027;421371680.00
2015/05/22;40.92;42.30;38.80;40.60;9205634;373160352.00
2015/05/25;39.40;42.27;38.51;42.03;8089774;332819648.00
2015/05/26;41.85;43.31;41.85;42.40;7281124;312046592.00
2015/05/27;42.55;43.03;40.51;41.40;6297054;262135840.00
2015/05/28;41.39;44.42;39.80;39.80;8186751;351463392.00
2015/05/29;39.42;41.27;38.02;40.80;5512179;221329120.00
2015/06/01;41.24;44.15;40.80;44.00;5564639;238646784.00
2015/06/02;45.56;48.42;43.68;48.42;7631107;356946080.00
2015/06/03;49.80;52.46;46.80;51.35;7843798;397022016.00
2015/06/04;49.92;51.10;46.20;50.50;5051456;246505792.00
2015/06/05;50.50;52.26;46.88;48.30;4938851;247169024.00
2015/06/08;49.29;50.28;45.10;46.10;4454741;212113536.00
2015/06/09;46.30;47.83;44.81;46.17;3498908;162537488.00
2015/06/10;46.29;48.34;45.61;47.70;3826683;181247808.00
2015/06/11;47.49;47.98;46.32;47.55;3270302;154449424.00
2015/06/12;47.62;52.33;46.36;51.43;6083348;302775968.00
2015/06/15;51.38;54.30;50.91;52.21;5323580;282391456.00
2015/06/16;50.86;51.25;46.97;47.80;3896774;191502608.00
2015/06/17;48.10;48.79;44.98;48.08;2884908;136229312.00
2015/06/18;47.80;48.18;43.25;43.25;3460926;158118112.00
2015/06/19;41.29;43.08;38.91;38.91;3426772;138739040.00
2015/06/23;38.39;39.98;35.30;38.00;3413986;129800672.00
2015/06/24;38.61;39.80;36.35;37.60;6357076;241760048.00
2015/06/25;37.80;38.30;34.81;35.58;3533507;132407520.00
2015/06/26;33.88;34.41;32.00;32.00;3770907;123556632.00
2015/06/29;32.29;32.40;28.78;28.78;4070816;121052680.00
2015/06/30;26.78;31.05;25.88;29.69;6223632;175690352.00
2015/07/01;28.80;30.78;26.70;26.70;5119834;150983936.00
2015/07/02;25.30;27.57;24.01;24.01;4558165;115946224.00
2015/07/03;22.80;25.77;21.70;22.30;5212409;121225392.00
2015/07/06;24.55;24.55;20.05;20.08;6705344;145689088.00
2015/07/07;18.80;19.28;18.05;18.05;2077700;38507328.00
2015/07/08;16.23;17.79;16.23;16.89;13857077;229913200.00
2015/07/09;16.35;18.60;15.96;18.60;9183036;164232496.00
2015/07/17;20.48;20.48;20.48;20.48;42815;885414.19
2015/07/20;22.55;22.55;22.55;22.55;527673;12004561.00
2015/07/21;24.83;24.83;23.80;24.83;13962004;344408032.00
2015/07/22;25.80;27.33;25.08;27.33;15197326;401668864.00
2015/07/23;26.80;28.22;26.40;27.89;11834084;325611808.00
2015/07/24;27.80;29.70;27.38;27.69;8877248;254102464.00
2015/07/27;27.00;28.17;24.90;24.90;6748997;181537936.00
2015/07/28;22.85;25.39;22.39;22.46;6367069;148392784.00
2015/07/29;23.40;24.73;21.82;24.73;5527252;129532072.00
2015/07/30;24.90;26.19;23.48;23.70;6348872;162053008.00
2015/07/31;23.22;24.40;22.30;23.35;4086772;97666840.00
2015/08/03;23.29;23.34;21.00;21.00;4772630;104478120.00
2015/08/04;21.18;23.12;21.11;23.12;4060261;91208624.00
2015/08/05;23.15;24.16;22.98;23.20;5119914;121616776.00
2015/08/06;23.28;25.40;22.90;24.59;5538519;136334096.00
2015/08/07;24.60;25.87;24.59;25.84;6880369;175574992.00
2015/08/10;25.63;27.64;25.36;26.93;8282767;219238416.00
2015/08/11;26.70;27.09;25.96;26.22;6280432;167693360.00
2015/08/12;26.18;26.34;25.05;25.16;4191474;108497632.00
2015/08/13;24.99;26.25;24.99;26.08;4777180;123305704.00
2015/08/14;26.30;26.78;25.83;25.92;5192460;138306224.00
2015/08/17;25.80;25.80;24.91;25.71;4269692;109133160.00
2015/08/18;25.95;26.40;23.12;23.12;5639949;142230176.00
2015/08/19;22.02;24.13;20.82;23.82;5230562;119129680.00
2015/08/20;23.60;24.15;22.42;22.60;3444500;81332992.00
2015/08/21;22.40;23.26;21.45;22.06;3714445;84492496.00
2015/08/24;20.90;20.90;19.83;19.83;2736537;55325340.00
2015/08/25;17.86;18.73;17.83;17.83;2977500;54192868.00
2015/08/26;17.90;18.76;16.16;16.94;4966189;88649896.00
2015/08/27;17.60;18.65;16.67;18.65;3686283;65984820.00
2015/08/28;19.08;20.54;18.68;20.50;4747825;93394632.00
2015/08/31;20.08;20.08;18.53;18.53;3616745;70462216.00
2015/09/01;18.18;18.18;16.75;16.80;2657431;46527416.00
2015/09/02;15.80;17.90;15.60;16.16;2852128;48663216.00
2015/09/07;16.80;17.68;16.60;17.09;2610155;45403548.00
2015/09/08;16.88;18.79;16.88;18.76;2704790;48607192.00
2015/09/09;19.24;19.95;18.84;19.51;3923879;77077432.00
2015/09/10;19.00;19.50;18.82;18.88;2389301;46299968.00
2015/09/11;18.90;19.36;18.38;19.19;2517116;48281288.00
2015/09/14;19.24;19.76;17.25;17.25;3380130;63055852.00
2015/09/15;16.90;17.65;16.01;16.16;2783240;47102200.00
2015/09/16;16.48;17.80;16.30;17.80;2622552;45314648.00
2015/09/17;17.94;18.89;17.45;17.45;3790603;70051712.00
2015/09/18;17.70;18.30;17.30;18.01;2543692;45724544.00
2015/09/21;17.50;19.05;17.15;19.00;3391304;63094100.00
2015/09/22;19.43;20.00;18.80;19.57;4455764;87363608.00
2015/09/23;19.10;19.73;18.81;19.37;3430256;66924436.00
2015/09/24;19.57;19.97;19.41;19.74;2892124;57540412.00
2015/09/25;19.70;19.70;17.90;18.36;3012737;56935604.00
2015/09/28;18.47;19.60;18.02;19.49;2295694;44055236.00
2015/09/29;18.89;19.32;18.81;19.05;1983904;38153376.00
2015/09/30;19.17;19.35;18.91;19.15;1576702;30510424.00
2015/10/08;19.85;20.30;19.66;19.95;3015978;60893052.00
2015/10/09;19.98;20.40;19.71;20.32;2937044;59570836.00
2015/10/12;20.38;21.75;20.38;21.46;4255573;91318456.00
2015/10/13;21.16;23.63;21.11;23.63;5215534;117616008.00
2015/10/14;23.46;25.05;22.84;23.31;7083728;170418176.00
2015/10/15;23.31;24.28;22.38;24.07;7551878;177213680.00
2015/10/16;23.84;24.18;23.14;23.95;5082964;121574560.00
2015/10/19;24.78;24.80;23.80;24.08;5223415;127386880.00
2015/10/20;24.60;25.25;23.83;25.00;5397406;134400720.00
2015/10/21;24.81;24.88;22.48;22.48;7242715;172789104.00
2015/10/22;22.31;23.50;22.05;23.18;4027230;92733872.00
2015/10/23;23.17;24.85;23.17;24.58;5166490;124424176.00
2015/10/26;24.90;27.06;24.80;27.06;11149418;296794880.00
2015/10/27;27.60;27.60;24.33;26.65;11408901;299263648.00
2015/10/28;25.82;26.39;25.13;25.40;5865304;152330096.00
2015/10/29;25.20;25.66;24.58;25.30;3675566;93401928.00
2015/10/30;24.95;25.56;24.48;24.67;3278759;82849928.00
2015/11/02;23.80;25.39;23.75;24.36;4166516;102986304.00
2015/11/03;24.56;24.80;23.92;24.14;2830363;69524552.00
2015/11/04;24.45;25.93;24.15;25.92;4008834;101987584.00
2015/11/05;26.00;26.12;24.80;25.02;5071027;129893448.00
2015/11/06;25.22;26.00;25.21;25.82;4592456;119048728.00
2015/11/09;25.68;26.98;25.10;26.75;5231518;137710032.00
2015/11/10;26.50;28.30;26.35;28.10;7535171;208717920.00
2015/11/11;28.02;30.93;27.82;30.93;7222556;219520896.00
2015/11/12;32.40;34.04;31.31;33.58;12524109;415953600.00
2015/11/13;32.40;33.00;30.20;31.29;8885206;280105696.00
2015/11/16;30.20;34.44;29.46;34.44;9295097;307589632.00
2015/11/17;35.15;36.79;33.32;33.58;9561697;335562240.00
2015/11/18;33.15;34.30;31.80;32.44;5608978;185837248.00
2015/11/19;32.48;35.70;31.80;35.70;6116295;211481488.00
2015/11/20;37.14;38.80;35.18;37.80;6855600;257809376.00
2015/11/23;37.30;39.77;36.33;38.51;4539914;172380784.00
2015/11/24;37.69;40.25;37.69;38.37;3954939;154456560.00
2015/11/25;37.98;40.33;37.98;40.30;4600526;180947312.00
2015/11/26;39.90;42.70;39.80;40.10;3355526;138078960.00
2015/11/27;39.60;39.60;36.48;37.03;4463888;170405760.00
2015/11/30;36.80;38.30;33.31;35.55;5602552;197654464.00
2015/12/01;35.20;36.25;33.81;34.85;3774718;132956240.00
2015/12/02;34.80;34.99;31.35;32.74;4256472;139200112.00
2015/12/03;32.79;34.54;32.78;34.21;3747115;127302008.00
2015/12/04;34.25;34.25;32.35;32.80;3376208;113554696.00
2015/12/07;32.85;33.69;31.93;33.36;4659100;153647232.00
2015/12/08;33.30;33.30;32.00;32.69;3162052;103922648.00
2015/12/09;32.50;34.00;32.00;33.76;4335429;144197280.00
2015/12/10;33.66;34.96;33.30;33.98;4614106;157536752.00
2015/12/11;33.98;33.98;30.56;31.39;5325961;171282816.00
2015/12/14;30.10;31.48;29.53;31.31;3141098;96033184.00
2015/12/15;31.00;32.02;31.00;32.02;2092482;66750084.00
2015/12/16;32.30;33.05;31.83;32.43;2155043;70461336.00
2015/12/17;32.46;34.40;32.46;33.57;3047389;102529480.00
2015/12/18;33.56;33.60;31.81;32.17;4006835;131439552.00
2015/12/21;31.86;32.30;31.46;32.06;2450051;78455192.00
2015/12/22;31.90;33.09;31.90;32.96;3458391;113088464.00
2015/12/23;32.90;34.30;32.29;33.82;5374083;179473168.00
2015/12/24;33.20;33.81;31.83;33.39;3739740;124115664.00
2015/12/25;33.11;36.57;33.11;35.41;6400502;222810528.00
2015/12/28;35.35;35.35;33.60;33.60;5480646;189703728.00
2015/12/29;32.81;33.47;32.13;32.95;3602171;118702712.00
2015/12/30;32.95;34.10;32.95;33.83;3265725;110618256.00
2015/12/31;33.83;35.54;33.20;34.20;6866859;238514496.00
2016/01/04;33.56;34.00;30.76;30.76;4416847;140811520.00
2016/01/05;27.66;29.80;27.66;27.85;7037478;202038816.00
2016/01/06;28.86;29.64;28.33;29.25;3362479;98185200.00
2016/01/07;28.51;29.17;26.31;26.44;1042585;29033566.00
2016/01/08;27.10;27.75;23.91;26.07;3230173;86274096.00
2016/01/11;26.08;26.08;23.44;23.44;2564500;63282032.00
2016/01/12;23.30;24.45;22.61;23.82;2271041;54148604.00
2016/01/13;24.20;24.37;21.60;21.65;1881398;44442664.00
2016/01/14;20.67;23.78;20.60;23.35;2320143;52177820.00
2016/01/15;23.18;23.51;21.50;22.01;2508713;57174428.00
2016/01/18;22.10;23.66;21.53;23.11;2816188;65350804.00
2016/01/19;22.91;24.69;22.90;24.50;3192489;76281608.00
2016/01/20;24.48;25.49;23.80;24.05;3188210;78884664.00
2016/01/21;23.57;25.04;23.32;23.46;3005436;73515184.00
2016/01/22;24.06;24.28;22.80;24.02;1880093;45092024.00
2016/01/25;24.20;25.05;24.20;24.76;2515128;62645468.00
2016/01/26;24.40;24.68;22.26;22.26;2339181;55057620.00
2016/01/27;22.23;22.30;20.62;21.75;2662824;57404576.00
2016/01/28;21.38;21.70;19.90;19.90;1721847;36223348.00
2016/01/29;19.81;21.30;19.53;20.87;2647129;54652436.00
2016/02/01;20.80;20.80;19.53;19.90;1995772;40687756.00
2016/02/02;20.31;21.80;19.96;21.79;2390889;50829856.00
2016/02/03;21.30;22.00;20.82;21.68;1957351;42177940.00
2016/02/04;21.80;22.54;21.35;22.21;1977604;44492464.00
2016/02/05;21.92;22.63;21.92;22.10;1666338;37362036.00
2016/02/15;20.80;22.26;20.80;22.10;1195252;26158498.00
2016/02/16;22.18;23.79;22.17;23.43;1986319;46391524.00
2016/02/17;23.53;23.78;22.92;23.70;1609937;37998864.00
2016/02/18;23.70;24.29;23.16;23.28;2022381;48384668.00
2016/02/19;23.49;23.85;22.99;23.65;1652656;39107484.00
2016/02/22;24.09;24.09;23.63;23.95;1946241;46823112.00
2016/02/23;23.79;24.24;23.38;23.82;1922840;46325184.00
2016/02/24;23.82;24.00;22.65;23.65;1984236;46827544.00
2016/02/25;23.65;23.65;21.27;21.27;2541998;56777248.00
2016/02/26;21.35;21.61;20.30;20.51;1898690;40103924.00
2016/02/29;20.30;20.49;18.44;18.44;2950010;55978624.00
2016/03/01;18.60;19.46;18.36;19.22;2139532;40849844.00
2016/03/02;19.00;20.66;19.00;20.42;2839415;57452184.00
2016/03/03;20.42;21.00;20.32;20.36;1746813;36418944.00
2016/03/04;20.25;20.79;18.50;19.02;1837585;36428876.00
2016/03/07;19.30;20.27;19.02;19.61;1462745;29211626.00
2016/03/08;19.78;20.60;18.60;20.46;2184333;43317224.00
2016/03/09;20.10;20.39;19.60;19.84;1426413;28800896.00
2016/03/10;19.81;20.13;19.41;19.54;1067553;21266038.00
2016/03/11;19.48;19.87;19.02;19.65;755286;14878491.00
2016/03/14;20.50;21.01;20.21;20.56;1976960;41238992.00
2016/03/15;20.57;20.58;19.92;20.06;1371544;28052798.00
2016/03/16;20.73;20.77;19.67;20.07;1540406;31638160.00
2016/03/17;20.18;22.07;20.18;21.80;3187875;68451416.00
2016/03/18;21.79;23.05;21.60;22.84;2899010;65622652.00
2016/03/21;23.15;23.90;21.87;23.56;2784129;65634060.00
2016/03/22;23.03;23.78;23.00;23.41;1980895;46948208.00
2016/03/23;23.30;24.39;23.30;24.19;2203369;53061684.00
2016/03/24;23.94;24.74;23.35;23.39;3059562;73609024.00
2016/03/25;23.31;23.55;22.69;23.25;2141389;49912832.00
2016/03/28;23.26;24.31;23.26;23.94;3698201;89338208.00
2016/03/29;23.70;24.20;22.80;23.37;2224189;52411480.00
2016/03/30;23.49;25.38;23.49;24.80;5064242;125112080.00
2016/03/31;24.86;25.14;24.31;24.79;3710512;92384712.00
2016/04/01;24.32;24.59;23.46;24.30;2171294;52655808.00
2016/04/05;24.82;25.13;24.04;24.96;2659821;66333884.00
2016/04/06;24.90;25.48;24.48;25.08;2713804;68446336.00
2016/04/07;25.10;25.46;24.41;24.43;2019057;50435876.00
2016/04/08;24.35;24.35;23.20;23.63;2968632;71136640.00
2016/04/11;23.99;24.65;23.84;24.40;2416883;59416080.00
2016/04/12;24.65;24.71;23.96;24.45;1721625;42125808.00
2016/04/13;24.45;25.30;24.45;24.96;2774648;69990152.00
2016/04/14;25.03;26.06;25.03;25.98;3256739;84208664.00
2016/04/15;26.14;26.25;25.50;25.90;1823806;47363164.00
2016/04/18;25.76;25.76;25.03;25.45;1709254;43631212.00
2016/04/19;25.55;25.90;25.13;25.38;1501072;38449416.00
2016/04/20;25.60;25.68;22.82;23.43;3059546;73944984.00
2016/04/21;23.40;24.08;23.30;23.37;2048031;48794360.00
2016/04/22;23.38;23.75;23.00;23.75;1275970;30218646.00
2016/04/25;23.68;23.72;23.00;23.55;933904;21966340.00
2016/04/26;23.41;24.52;23.36;24.50;1331805;31969212.00
2016/04/27;24.20;24.46;23.80;23.86;1972191;47956104.00
2016/04/28;23.90;24.15;23.41;24.03;1046275;25152672.00
2016/04/29;23.95;24.30;23.90;23.99;923783;22246170.00
2016/05/03;23.99;25.33;23.90;25.29;2201720;54701772.00
2016/05/04;24.90;25.80;24.90;25.32;2209159;55984960.00
2016/05/05;25.28;25.65;25.01;25.42;1372537;34752344.00
2016/05/06;25.60;25.60;23.85;24.15;2253170;55635240.00
2016/05/09;23.90;23.90;22.55;22.77;1652820;38148448.00
2016/05/10;22.71;23.32;22.42;22.55;917582;20820898.00
2016/05/11;22.74;22.88;22.12;22.31;888385;20124464.00
2016/05/12;22.01;22.61;21.53;22.37;1101629;24208836.00
2016/05/13;22.39;22.99;22.15;22.31;726383;16391909.00
2016/05/16;22.58;23.26;22.02;23.26;1244593;28331134.00
2016/05/17;23.25;23.70;22.89;23.57;1495207;34828812.00
2016/05/18;23.19;23.60;22.20;22.71;1544353;35300612.00
2016/05/19;22.71;23.38;22.54;22.61;1290793;29638720.00
2016/05/20;22.59;22.99;22.16;22.90;788742;17926260.00
2016/05/23;23.15;23.44;22.98;23.32;1330844;30979522.00
2016/05/24;23.32;24.65;22.90;24.49;3206871;76653584.00
2016/05/25;24.61;24.80;24.06;24.15;1672172;40753220.00
2016/05/26;24.25;24.39;23.35;24.20;1368781;32651358.00
2016/05/27;24.20;24.44;24.01;24.26;1032126;25082344.00
2016/05/30;24.06;24.30;23.50;24.00;1120950;26842950.00
2016/05/31;24.10;25.39;23.95;25.37;2508382;62547544.00
2016/06/01;25.45;25.74;25.02;25.14;2314138;58662288.00
2016/06/02;25.11;25.35;24.90;25.30;1866740;46920748.00
2016/06/03;25.21;25.56;25.12;25.44;2501069;63394424.00
2016/06/06;25.52;25.68;25.12;25.35;1417153;35810824.00
2016/06/07;25.45;26.15;25.18;25.81;2391599;61486168.00
2016/06/08;25.84;25.84;25.11;25.42;1683417;42917356.00
2016/06/13;25.00;25.02;23.61;23.65;1805285;44348952.00
2016/06/14;23.91;24.27;23.52;24.05;1220245;29184828.00
2016/06/15;23.70;26.00;23.65;25.38;2186133;55081636.00
2016/06/16;25.50;27.92;25.10;27.92;7674499;210627136.00
2016/06/17;29.00;29.40;28.00;28.60;8898927;255475712.00
2016/06/20;28.46;28.60;27.35;28.51;4570283;127967288.00
2016/06/21;28.40;29.55;28.20;28.68;5504739;158927296.00
2016/06/22;28.64;30.33;27.80;29.81;5833071;170737216.00
2016/06/23;29.61;30.96;29.00;29.15;6392510;191190048.00
2016/06/24;29.30;29.60;27.50;29.30;5292533;151916352.00
2016/06/27;28.98;30.00;28.80;29.98;3959304;117488352.00
2016/06/28;29.98;30.41;28.99;29.71;3842435;113315024.00
2016/06/29;29.75;30.09;29.17;29.33;2287994;67463824.00
2016/06/30;29.33;30.33;29.12;29.69;3619512;107789000.00
2016/07/01;29.59;29.87;28.37;28.66;3380393;97545536.00
2016/07/04;28.40;29.22;28.21;28.85;2519477;72809464.00
2016/07/05;28.95;29.92;28.72;29.35;3139994;91940280.00
2016/07/06;29.40;30.50;29.20;30.28;5323160;159225872.00
2016/07/07;30.51;30.79;29.10;29.46;3866228;115387664.00
2016/07/08;29.28;29.58;28.51;28.91;2757941;79724248.00
2016/07/11;28.86;29.39;28.00;28.14;2400540;69379960.00
2016/07/12;28.28;28.84;27.61;28.56;2331906;65907260.00
2016/07/13;28.80;29.18;28.50;29.08;2180482;62826984.00
2016/07/14;29.19;29.19;28.70;29.06;1387006;40122964.00
2016/07/15;29.00;29.29;28.80;29.22;1734713;50438860.00
2016/07/18;29.00;29.16;28.21;28.83;2054441;59147832.00
2016/07/19;28.56;29.05;28.08;28.82;1908450;54449224.00
2016/07/20;28.95;29.32;28.64;29.06;2135245;61990844.00
2016/07/21;29.00;29.40;28.78;28.83;2047729;59609384.00
2016/07/22;28.61;29.22;28.51;28.64;1668750;47993736.00
2016/07/25;28.99;28.99;28.19;28.30;1303271;37057964.00
2016/07/26;28.50;28.90;28.19;28.80;1050237;30008900.00
2016/07/27;28.91;29.48;26.51;27.10;2947106;82941768.00
2016/07/28;26.87;27.44;26.66;27.24;1877695;50806376.00
2016/07/29;27.24;27.50;26.70;26.71;1195901;32148480.00
2016/08/01;26.83;27.26;25.60;26.64;1780917;47014276.00
2016/08/02;26.45;27.09;26.45;26.84;849545;22820322.00
2016/08/03;26.84;26.93;26.64;26.78;847227;22696006.00
2016/08/04;26.70;27.20;26.68;27.04;624664;16832190.00
2016/08/05;27.15;27.15;26.65;26.68;640864;17178344.00
2016/08/08;26.70;27.17;26.63;27.16;745850;20110334.00
2016/08/09;27.16;27.54;27.16;27.47;880400;24096234.00
2016/08/10;27.65;27.67;27.05;27.11;571344;15619276.00
2016/08/11;27.11;27.29;26.70;26.71;735000;19767808.00
2016/08/12;26.55;26.96;26.55;26.92;614822;16452001.00
2016/08/15;27.19;28.48;26.92;28.11;1605086;44840764.00
2016/08/16;28.11;28.87;28.11;28.38;1381011;39215856.00
2016/08/17;28.38;28.46;28.13;28.26;764395;21636354.00
2016/08/18;28.26;28.41;28.10;28.27;719908;20322130.00
2016/08/19;28.26;28.98;28.16;28.53;1287812;36819192.00
2016/08/22;28.56;28.80;27.94;27.97;935600;26553972.00
2016/08/23;27.92;28.80;27.92;28.38;1278947;36464336.00
2016/08/24;28.59;28.83;28.20;28.65;1242639;35572312.00
2016/08/25;28.50;29.00;28.06;29.00;1879476;53661408.00
2016/08/26;29.15;29.15;28.50;28.55;1715739;49257932.00
2016/08/29;28.48;28.76;28.12;28.45;963031;27351254.00
2016/08/30;28.29;28.81;28.25;28.27;1398676;39941560.00
2016/08/31;28.31;28.54;27.81;28.27;1138438;31949918.00
2016/09/01;28.26;28.80;28.05;28.48;1574690;45013896.00
2016/09/02;28.40;28.68;27.90;28.02;1073813;30294786.00
2016/09/05;28.08;28.44;27.77;27.79;1364870;38378624.00
2016/09/06;27.92;28.25;27.45;28.22;1561592;43582800.00
2016/09/07;28.07;28.79;28.07;28.50;1793667;51225220.00
2016/09/08;28.21;28.67;28.21;28.67;1113224;31727346.00
2016/09/09;28.78;29.15;28.63;28.63;1666909;48256548.00
2016/09/12;27.91;28.75;27.60;28.20;1606450;45553436.00
2016/09/13;28.40;28.50;28.21;28.40;1028193;29150794.00
2016/09/14;28.40;28.50;28.00;28.12;877611;24772442.00
2016/09/19;28.20;29.18;28.13;29.18;2000368;57718908.00
2016/09/20;29.18;29.55;28.78;29.46;2665627;77813136.00
2016/09/21;29.46;29.69;29.21;29.50;1876270;55382964.00
2016/09/22;29.55;29.80;29.17;29.53;1346507;39656868.00
2016/09/23;29.34;29.54;29.15;29.20;1006277;29501348.00
2016/09/26;29.15;29.15;28.02;28.03;1457241;41664380.00
2016/09/27;27.80;28.02;27.01;27.37;2171089;59532176.00
2016/09/28;27.41;27.63;27.27;27.37;904349;24826414.00
2016/09/29;27.39;27.62;27.32;27.33;644783;17706490.00
2016/09/30;27.59;27.61;27.33;27.54;692533;19020776.00
2016/10/10;27.56;28.48;27.56;28.45;1932708;54394396.00
2016/10/11;28.49;28.54;28.00;28.40;1643944;46562376.00
2016/10/12;28.29;28.50;28.06;28.30;1041580;29470954.00
2016/10/13;28.31;28.46;28.17;28.28;766809;21697552.00
2016/10/14;28.01;28.48;28.00;28.37;1299180;36816636.00
2016/10/17;28.50;28.50;27.00;27.82;1189719;33540640.00
2016/10/18;27.82;28.48;27.82;28.44;1211474;34244688.00
2016/10/19;28.48;29.14;28.22;28.43;1514918;43470820.00
2016/10/20;28.70;28.70;28.05;28.50;1201131;34188208.00
2016/10/21;28.62;28.62;28.00;28.34;1008012;28540576.00
2016/10/24;28.34;29.12;28.25;28.86;1791995;51578272.00
2016/10/25;28.72;29.16;28.68;29.10;1375792;39939476.00
2016/10/26;29.15;29.92;28.90;29.57;2385059;70224680.00
2016/10/27;29.57;29.57;29.08;29.31;856280;25120056.00
2016/10/28;29.31;29.65;28.88;28.88;1216765;35418796.00
2016/10/31;28.87;29.50;28.65;29.40;1083107;31582538.00
2016/11/01;29.42;30.15;29.33;30.10;1997178;59343352.00
2016/11/02;30.05;30.30;29.42;29.44;1522022;45462332.00
2016/11/03;29.40;29.40;28.30;29.00;4350534;125822176.00
2016/11/04;28.97;29.15;28.38;28.56;3461516;99313256.00
2016/11/07;28.46;28.85;28.46;28.61;1771710;50717416.00
2016/11/08;28.69;28.90;28.61;28.82;1273701;36650260.00
2016/11/09;28.89;28.99;27.88;28.36;2134595;60752124.00
2016/11/10;28.67;31.20;28.67;31.20;5439919;164201904.00
2016/11/11;32.00;32.18;30.68;30.77;6255424;196161104.00
2016/11/14;30.85;31.25;30.33;30.65;3958431;121540576.00
2016/11/15;30.70;31.11;30.40;30.97;3527168;108653328.00
2016/11/16;31.20;31.20;30.24;30.36;4421118;135170912.00
2016/11/17;30.20;30.33;29.92;30.19;1180000;35500224.00
数据来源:通达信
