300387 富邦股份 日线 前复权
      日期	    开盘	    最高	    最低	    收盘	    成交量	    成交额
2014/07/02;12.11;14.56;12.11;14.56;62130;1822925.75
2014/07/03;16.04;16.04;16.04;16.04;19750;640690.00
2014/07/04;17.66;17.66;17.66;17.66;27338;975419.81
2014/07/07;19.44;19.44;19.44;19.44;92299;3622735.75
2014/07/08;21.41;21.41;21.41;21.41;181234;7825684.00
2014/07/09;23.57;23.57;23.57;23.57;155470;7384825.00
2014/07/10;25.94;25.94;25.94;25.94;203567;10636376.00
2014/07/11;28.56;28.56;28.56;28.56;86673;4981964.00
2014/07/14;31.43;31.43;31.43;31.43;168535;10656468.00
2014/07/15;34.59;34.59;29.65;29.80;9295272;603844416.00
2014/07/16;28.07;28.50;26.80;26.80;5386351;297956800.00
2014/07/17;26.44;27.11;25.61;26.06;3350738;177840256.00
2014/07/18;26.06;26.26;24.70;24.78;2839789;144922576.00
2014/07/21;24.46;25.05;24.16;24.66;1818689;90043728.00
2014/07/22;24.61;25.01;24.26;24.81;1955774;97205216.00
2014/07/23;24.76;24.81;23.68;23.75;2823831;136756576.00
2014/07/24;23.68;24.92;23.27;24.20;3599663;176061520.00
2014/07/25;23.81;23.81;22.32;22.92;3218499;149575168.00
2014/07/28;22.94;23.56;22.82;23.32;2009487;93907416.00
2014/07/29;23.37;23.85;23.25;23.55;1932758;91842856.00
2014/07/30;23.57;25.28;23.44;24.95;3957888;194436688.00
2014/07/31;24.74;24.74;24.12;24.19;2263052;110891800.00
2014/08/01;24.16;24.81;23.87;23.87;1913764;93824632.00
2014/08/04;23.82;24.06;23.42;23.77;1645009;78609112.00
2014/08/05;23.72;24.06;23.43;23.89;1359269;65151520.00
2014/08/06;23.89;24.10;23.58;23.63;1241953;59373100.00
2014/08/07;23.52;23.68;23.32;23.32;1067164;50528960.00
2014/08/08;23.32;23.56;23.32;23.40;884525;41766228.00
2014/08/11;23.45;23.66;23.35;23.60;873115;41377952.00
2014/08/12;23.66;23.69;23.47;23.59;956203;45434276.00
2014/08/13;23.50;23.50;22.72;22.78;1530140;70891952.00
2014/08/14;22.79;23.17;22.74;22.92;872886;40475916.00
2014/08/15;23.07;23.08;22.89;23.01;595231;27617160.00
2014/08/18;23.16;23.49;23.07;23.45;941753;44202876.00
2014/08/19;23.59;23.59;23.17;23.30;1152477;54265836.00
2014/08/20;23.45;24.14;23.21;23.84;2056798;98487984.00
2014/08/21;23.62;23.80;23.22;23.37;1140508;53953716.00
2014/08/22;23.41;24.02;23.32;23.79;1301978;62030500.00
2014/08/25;23.82;24.66;23.62;24.38;2481769;120801808.00
2014/08/26;24.32;24.52;23.43;23.50;1684470;81372464.00
2014/08/27;23.38;23.78;23.17;23.39;1142817;54097116.00
2014/08/28;23.28;24.79;23.27;24.57;3437740;168493136.00
2014/08/29;24.22;24.91;24.15;24.61;2169953;107304208.00
2014/09/01;24.96;24.96;24.33;24.77;1628015;80762856.00
2014/09/02;24.81;26.06;24.62;25.92;2625873;134298960.00
2014/09/03;26.00;26.04;25.17;25.46;2007705;103166112.00
2014/09/04;25.44;25.70;25.14;25.50;1577521;80816736.00
2014/09/05;25.57;25.73;24.84;24.90;1698389;86217032.00
2014/09/09;24.94;24.95;24.57;24.68;1034074;51458328.00
2014/09/10;24.63;25.30;24.62;25.18;1247459;63157036.00
2014/09/11;25.27;25.55;24.72;24.88;1522906;77205296.00
2014/09/12;24.82;24.99;24.57;24.88;841531;41999040.00
2014/09/15;24.90;25.06;24.73;24.90;725820;36336680.00
2014/09/16;24.95;24.96;23.91;23.91;1193097;58801616.00
2014/09/17;23.99;24.18;23.59;23.97;712438;34235772.00
2014/09/18;23.96;24.04;23.85;23.99;432195;20857218.00
2014/09/19;23.97;24.21;23.97;24.17;519928;25223728.00
2014/09/22;24.17;24.18;23.47;23.48;574238;27401530.00
2014/09/23;23.47;23.90;23.47;23.84;412491;19755192.00
2014/09/24;23.77;24.12;23.56;23.98;556328;26822382.00
2014/09/25;24.07;24.57;23.97;24.22;715186;34895824.00
2014/09/26;24.23;24.97;24.23;24.33;665248;32818424.00
2014/09/29;24.46;24.76;24.46;24.57;568444;28171358.00
2014/09/30;24.57;24.71;24.47;24.69;539146;26722888.00
2014/10/08;24.69;25.09;24.65;25.09;850635;42673548.00
2014/10/09;25.12;25.65;24.83;25.25;1326704;67498048.00
2014/10/10;25.37;25.37;24.73;24.81;868725;43593484.00
2014/10/13;24.57;25.20;24.52;25.16;782211;39204860.00
2014/10/14;25.06;25.31;24.58;24.69;760685;38135892.00
2014/10/15;24.67;25.12;24.57;25.12;1029610;51656636.00
2014/10/16;24.82;25.55;24.78;25.13;1412315;71796320.00
2014/10/17;25.07;27.01;25.07;26.50;3656878;191859824.00
2014/10/20;26.51;27.15;26.07;26.97;2470991;132601624.00
2014/10/21;26.71;27.97;26.58;27.65;2628164;145251616.00
2014/10/22;27.72;28.82;26.97;27.03;2996320;169238560.00
2014/10/23;26.81;26.98;26.12;26.20;2007183;106916448.00
2014/10/24;26.02;26.81;25.54;25.54;1429268;75704848.00
2014/10/27;25.61;25.61;24.46;24.71;1270055;63790416.00
2014/10/28;24.88;25.75;24.88;25.71;1455212;74380256.00
2014/10/29;25.82;26.49;25.71;26.39;1491436;78554792.00
2014/10/30;26.20;26.57;25.82;25.82;1352959;71283024.00
2014/10/31;25.82;26.49;25.49;26.49;1547504;81118880.00
2014/11/03;26.51;27.33;26.51;27.07;1534685;83562984.00
2014/11/04;27.06;27.26;26.11;26.26;1496048;80212616.00
2014/11/05;26.25;27.05;26.02;26.77;1207558;64750088.00
2014/11/06;26.66;27.68;26.57;27.58;2012429;110779760.00
2014/11/07;27.71;27.98;26.88;27.04;2210260;122194680.00
2014/11/10;27.18;27.51;26.72;27.40;1264143;69253424.00
2014/11/11;27.42;27.72;26.62;27.29;1901923;103376696.00
2014/11/12;27.40;30.04;27.40;30.04;1889326;111727000.00
2014/11/13;30.21;32.76;29.44;29.65;4948709;305574080.00
2014/11/14;28.88;28.89;26.67;26.70;3482486;194047344.00
2014/11/17;26.77;27.95;26.32;27.30;1941774;106554752.00
2014/11/18;27.18;28.06;27.06;27.73;1418387;78552480.00
2014/11/19;27.62;27.74;26.94;27.51;1227472;67666816.00
2014/11/20;27.24;27.73;27.07;27.66;838705;46396852.00
2014/11/21;27.80;28.82;27.76;28.03;1679771;95655216.00
2014/11/24;28.06;28.82;28.02;28.29;1371992;78213552.00
2014/11/25;28.22;28.22;26.99;27.78;1558799;86640744.00
2014/11/26;27.82;28.26;27.32;27.80;1162851;65197824.00
2014/11/27;28.02;28.54;27.83;28.17;1284694;72905272.00
2014/11/28;28.32;28.81;28.20;28.64;1485367;85230304.00
2014/12/01;29.01;29.09;27.95;28.93;1505128;86582952.00
2014/12/02;29.02;30.97;29.00;30.26;2095183;127309464.00
2014/12/03;30.07;30.72;29.32;30.39;1740697;104791032.00
2014/12/04;30.82;30.82;29.82;29.96;1286087;77843936.00
2014/12/05;29.97;29.97;27.72;28.17;1441144;83060520.00
2014/12/08;27.97;28.12;27.07;27.21;1131315;62746792.00
2014/12/09;26.80;27.44;24.82;24.89;1697537;90046216.00
2014/12/10;24.92;25.93;24.92;25.69;1018765;52434968.00
2014/12/11;25.32;26.07;25.12;25.83;732949;37916028.00
2014/12/12;25.92;26.00;25.62;25.94;667496;34718752.00
2014/12/15;25.82;26.47;25.53;26.32;803077;42366708.00
2014/12/16;26.32;26.57;25.75;25.94;708659;37272772.00
2014/12/17;25.82;25.92;25.04;25.32;846181;43251352.00
2014/12/18;24.86;25.53;24.82;24.88;617304;31197732.00
2014/12/19;24.88;25.07;23.21;23.45;1058965;50707752.00
2014/12/22;23.17;23.17;21.08;21.10;1082407;47589476.00
2014/12/23;20.91;22.03;20.84;21.57;617733;26984450.00
2014/12/24;21.97;22.78;21.88;22.77;720736;32533436.00
2014/12/25;22.79;22.80;22.20;22.63;552790;25126088.00
2014/12/26;22.63;22.83;22.42;22.71;277418;12678482.00
2014/12/29;22.57;22.57;21.51;21.61;512701;22561744.00
2014/12/30;21.42;21.77;21.12;21.41;334238;14434574.00
2014/12/31;21.47;21.92;21.17;21.87;415742;18119790.00
2015/01/05;21.79;21.79;20.93;21.40;499702;21480186.00
2015/01/06;21.40;22.29;21.15;22.27;581122;25655946.00
2015/01/07;22.27;22.27;21.85;21.94;367714;16283112.00
2015/01/08;21.87;22.47;21.87;22.35;634866;28481366.00
2015/01/09;22.26;23.12;22.12;22.87;863298;39510000.00
2015/01/12;22.87;23.46;22.62;23.12;757275;35251316.00
2015/01/13;22.87;23.42;22.86;23.11;404530;18838818.00
2015/01/14;23.02;23.17;22.22;22.39;500292;22628366.00
2015/01/15;22.40;22.64;22.10;22.15;443066;19939158.00
2015/01/16;22.17;22.97;22.17;22.66;436591;19945988.00
2015/01/19;22.62;23.57;22.22;22.82;799146;37078372.00
2015/01/20;23.32;23.95;22.92;23.93;911623;43092508.00
2015/01/21;23.93;24.22;23.58;24.07;989600;47564804.00
2015/01/22;24.01;24.41;23.64;24.29;729915;35313752.00
2015/01/23;24.29;24.29;23.76;23.76;486752;23445150.00
2015/01/26;23.73;24.19;23.55;24.11;327135;15728920.00
2015/01/27;23.98;24.16;23.62;23.88;271260;13041532.00
2015/01/28;23.69;24.09;23.67;24.01;385548;18607050.00
2015/01/29;23.99;24.11;23.74;23.74;272659;13155345.00
2015/01/30;23.13;23.54;22.68;22.89;966133;44687224.00
2015/02/02;22.71;22.99;22.45;22.57;233651;10727353.00
2015/02/03;22.76;23.21;22.67;23.05;292426;13560852.00
2015/02/04;23.12;23.28;22.88;22.97;260960;12117158.00
2015/02/05;22.97;23.20;22.83;22.86;287780;13350630.00
2015/02/06;22.82;22.85;21.74;21.81;379027;16928044.00
2015/02/09;21.73;21.97;21.32;21.51;172820;7562975.50
2015/02/10;21.52;21.71;21.51;21.61;237209;10326493.00
2015/02/11;21.63;22.04;21.61;21.83;208876;9206342.00
2015/02/12;22.02;22.22;21.83;22.12;223406;9944338.00
2015/02/13;22.22;22.74;22.21;22.71;318551;14505764.00
2015/02/16;22.72;23.26;22.48;23.16;319066;14817813.00
2015/02/17;23.21;23.29;22.59;22.95;424331;19702446.00
2015/02/25;22.95;23.02;22.36;22.38;277306;12670849.00
2015/02/26;22.52;23.39;22.40;22.95;310042;14347674.00
2015/02/27;22.95;24.07;22.83;23.50;744583;35173384.00
2015/03/02;23.58;24.66;23.22;24.17;921792;44250112.00
2015/03/03;24.17;24.17;23.51;23.52;508800;24341622.00
2015/03/04;23.33;23.95;23.33;23.94;409246;19557200.00
2015/03/05;23.68;23.91;23.52;23.65;340447;16227968.00
2015/03/06;23.65;23.78;23.17;23.17;381701;18023494.00
2015/03/09;23.17;23.48;22.87;23.47;246658;11562777.00
2015/03/10;23.31;24.72;23.31;24.20;837595;40687644.00
2015/03/11;24.02;25.24;23.72;25.16;1467984;72730720.00
2015/03/19;26.07;27.01;25.32;25.59;1600368;83649616.00
2015/03/20;25.49;26.30;25.30;25.79;951914;49485832.00
2015/03/23;25.78;26.32;25.70;26.32;1030350;53885248.00
2015/03/24;26.31;26.31;25.08;26.09;1186002;61367588.00
2015/03/25;26.07;27.32;25.65;26.83;1453885;78127264.00
2015/03/26;26.65;27.32;25.57;26.52;1249954;66614500.00
2015/03/27;26.32;27.57;26.22;27.04;1495320;81514880.00
2015/03/30;26.87;27.17;26.07;26.40;860836;45943268.00
2015/03/31;26.40;27.81;26.24;26.79;968700;52545624.00
2015/04/01;26.78;27.66;26.57;27.32;1122486;61450064.00
2015/04/02;27.27;28.05;27.19;27.62;1197123;66496512.00
2015/04/03;27.62;29.26;27.36;29.17;1902697;109447240.00
2015/04/07;29.56;29.56;28.74;28.82;1455573;84715296.00
2015/04/08;28.76;28.80;27.10;27.72;1526676;86120728.00
2015/04/09;27.67;30.51;27.61;30.51;2433775;143601536.00
2015/04/10;31.57;32.82;29.82;30.49;3587874;223502464.00
2015/04/13;30.12;31.30;29.57;30.67;2100645;128424320.00
2015/04/14;30.57;33.70;30.39;33.05;2437542;157933232.00
2015/04/15;33.32;33.72;30.86;30.87;1671733;108279992.00
2015/04/16;30.10;31.11;29.65;30.41;1374790;84257264.00
2015/04/17;30.69;30.96;29.65;30.12;1164637;70726848.00
2015/04/20;30.02;30.02;28.25;28.25;1084988;63419236.00
2015/04/21;28.36;30.32;28.34;30.32;973933;58058340.00
2015/08/14;33.36;33.36;33.36;33.36;327965;21953978.00
2015/08/17;33.36;34.88;31.90;34.39;3339407;225348608.00
2015/08/18;33.41;36.03;30.94;30.94;2553940;172065248.00
2015/08/19;28.41;31.68;27.84;31.24;2417743;141764352.00
2015/08/20;29.81;29.81;28.11;28.11;2546184;146171008.00
2015/08/21;26.56;28.33;25.29;27.83;3349044;176932464.00
2015/08/24;25.43;26.14;25.03;25.03;870589;43967680.00
2015/08/25;22.52;24.89;22.52;22.52;983271;44800700.00
2015/08/26;22.52;23.14;20.26;20.26;2377185;99504840.00
2015/08/27;20.32;20.89;18.22;19.79;3301933;126880368.00
2015/08/28;19.88;21.72;19.08;21.72;2839928;115037608.00
2015/08/31;21.14;23.83;19.91;21.23;1902262;81309592.00
2015/09/01;20.93;20.93;19.10;19.10;1459941;56987636.00
2015/09/02;17.84;19.66;17.18;17.18;1262597;46015556.00
2015/09/07;17.64;18.45;17.51;18.09;1282448;46378056.00
2015/09/08;17.64;19.88;17.33;19.37;1469618;55623072.00
2015/09/09;19.39;21.09;19.39;20.98;1897433;77801912.00
2015/09/10;20.89;21.12;19.99;20.96;1768226;73006296.00
2015/09/11;20.44;20.86;19.67;20.21;2417186;49458144.00
2015/09/14;20.22;20.47;18.18;18.18;2305882;44311568.00
2015/09/15;16.70;17.09;16.35;16.35;3076522;50912108.00
2015/09/16;16.29;17.96;15.92;17.51;3537286;59892020.00
2015/09/17;17.07;18.12;16.64;16.87;4339692;75498064.00
2015/09/18;16.72;17.07;16.29;16.65;2465472;41244080.00
2015/09/21;16.47;17.88;16.40;17.88;3017054;52320052.00
2015/09/22;18.00;19.05;18.00;18.64;4152796;77244576.00
2015/09/23;18.19;18.72;18.00;18.19;2509150;46239216.00
2015/09/24;18.40;19.36;18.29;18.92;3498036;66346156.00
2015/09/25;18.99;18.99;17.49;17.65;2284739;41653592.00
2015/09/28;17.60;18.32;17.33;18.19;2113231;38077068.00
2015/09/29;17.70;17.99;17.39;17.55;1576638;28140708.00
2015/09/30;17.76;17.99;17.40;17.62;1506367;26885986.00
2015/10/08;18.09;18.78;17.91;18.58;3714152;68737504.00
2015/10/09;18.44;20.15;18.29;19.63;5241443;100675184.00
2015/10/12;19.79;20.67;19.59;20.48;6035690;121935752.00
2015/10/13;20.10;20.37;19.90;20.22;3568782;72393768.00
2015/10/14;20.44;21.21;20.30;20.52;4539393;94498360.00
2015/10/15;20.21;21.15;20.11;21.05;3778228;78667840.00
2015/10/16;21.17;21.87;21.02;21.52;4217260;90603016.00
2015/10/19;21.57;21.69;20.44;20.79;4297378;90970728.00
2015/10/20;20.69;21.39;20.49;21.34;3240186;68437240.00
2015/10/21;21.35;22.57;20.77;20.77;8042965;174874464.00
2015/10/22;20.38;22.44;20.32;22.44;7047018;152501408.00
2015/10/23;22.24;22.99;22.10;22.89;5675928;129359928.00
2015/10/26;23.31;23.49;22.17;22.63;4150063;95159864.00
2015/10/27;22.51;23.19;21.29;23.04;4359470;97920728.00
2015/10/28;22.79;22.83;21.90;22.09;3329070;74941888.00
2015/10/29;22.69;22.70;21.93;22.13;2157622;48325580.00
2015/10/30;21.98;22.38;21.59;21.90;2360202;52126268.00
2015/11/02;21.66;22.79;21.26;22.23;3924886;88005920.00
2015/11/03;22.28;22.62;21.94;22.58;4042925;90938232.00
2015/11/04;22.74;24.29;22.69;24.14;5604621;132859720.00
2015/11/05;24.09;24.48;23.31;23.68;4774902;114447112.00
2015/11/06;23.50;24.69;23.49;24.59;3743940;91275232.00
2015/11/09;24.39;25.65;24.39;25.35;4738259;119658544.00
2015/11/10;25.19;25.74;24.63;25.06;4035409;102071008.00
2015/11/11;25.14;27.45;25.14;26.88;6291600;165538544.00
2015/11/12;26.96;28.89;26.39;28.39;6467589;179046064.00
2015/11/13;27.86;28.34;25.89;26.41;5569303;151544528.00
2015/11/16;25.39;27.88;25.37;27.87;4032604;108944880.00
2015/11/17;28.57;28.57;26.90;26.98;4094671;113528648.00
2015/11/18;27.02;27.24;25.49;25.53;4403727;115829352.00
2015/11/19;25.65;26.54;25.54;26.44;2851678;74782408.00
2015/11/20;26.57;27.69;26.19;27.31;4203634;113536120.00
2015/11/23;27.39;30.05;27.04;28.95;6355911;184656976.00
2015/11/24;29.38;29.44;27.91;29.35;4585702;131590432.00
2015/11/25;29.41;30.35;29.09;29.79;4491049;134527888.00
2015/11/26;30.03;30.04;28.85;28.95;3868830;114851208.00
2015/11/27;28.69;29.07;26.12;26.29;4539630;126945968.00
2015/11/30;26.53;27.49;24.70;27.35;4335187;114082464.00
2015/12/01;27.09;27.74;26.57;27.27;3199123;87384136.00
2015/12/02;27.38;27.87;25.89;27.14;2792960;75851008.00
2015/12/03;27.01;28.08;27.01;27.97;3208529;88626064.00
2015/12/04;27.94;28.17;27.09;27.45;3093286;86003816.00
2015/12/07;27.59;28.07;26.93;27.77;2918579;80838784.00
2015/12/08;27.79;27.79;26.89;27.14;3411157;93866184.00
2015/12/09;27.29;27.31;26.59;26.68;1754631;47371124.00
2015/12/10;26.75;27.12;26.47;26.55;2003641;53844240.00
2015/12/11;26.49;26.96;25.90;26.59;2484615;66182444.00
2015/12/14;26.80;28.49;26.40;27.94;4644054;128857184.00
2015/12/15;27.87;28.09;27.42;27.86;2546182;71007368.00
2015/12/16;27.92;29.42;27.89;28.62;3790872;108854984.00
2015/12/17;28.81;31.49;28.81;31.49;4272543;132249112.00
2015/12/18;32.35;33.19;30.47;30.62;7219035;229273888.00
2015/12/21;30.39;31.07;29.91;30.63;2975528;91006296.00
2015/12/22;30.54;30.87;29.99;30.55;2553764;77936336.00
2015/12/23;30.43;31.29;30.42;30.59;3243905;100206848.00
2015/12/24;30.49;31.79;29.99;31.79;2688713;82944968.00
2015/12/25;31.80;33.89;31.39;31.65;4417823;144421216.00
2015/12/28;31.57;31.93;30.11;30.58;3880872;122097408.00
2015/12/29;30.39;31.23;29.96;31.13;2843174;87320384.00
2015/12/30;31.49;32.38;31.09;31.90;3356627;106507984.00
2015/12/31;32.07;32.07;30.57;30.60;2371133;74234792.00
2016/01/04;30.39;30.85;27.53;27.53;2545365;72641792.00
2016/01/05;24.80;27.04;24.80;25.99;3353371;87322312.00
2016/01/06;26.09;26.76;25.78;26.59;2281914;60511908.00
2016/01/07;26.24;26.24;23.92;23.92;620500;15431073.00
2016/01/08;23.92;24.92;21.52;23.62;3082108;73310392.00
2016/01/11;23.13;23.85;21.25;21.25;2654708;60367616.00
2016/01/12;21.39;22.18;20.90;21.77;2074218;45135256.00
2016/01/13;21.84;22.38;20.89;21.34;2739581;60171200.00
2016/01/14;20.79;22.85;20.26;22.58;2222401;48451732.00
2016/01/15;22.49;23.04;21.20;21.89;2366482;52356592.00
2016/01/18;21.22;22.81;21.12;22.46;1951356;43682296.00
2016/01/19;22.46;23.48;22.22;23.38;2152065;49393712.00
2016/01/20;23.86;25.49;23.48;24.10;3913745;96350536.00
2016/01/21;23.59;24.17;22.80;22.80;2678900;63017288.00
2016/01/22;23.13;23.38;22.16;23.19;1715605;39357144.00
2016/01/25;23.19;23.69;22.92;23.34;1634090;38429116.00
2016/01/26;23.19;23.80;21.11;21.35;2787772;64214296.00
2016/01/27;21.67;21.89;20.00;21.35;1852935;38889484.00
2016/01/28;21.57;21.74;20.39;20.58;1235098;26311270.00
2016/01/29;20.62;21.78;20.04;21.25;1874387;39499912.00
2016/02/01;21.10;21.72;20.79;21.34;1324086;28383596.00
2016/02/02;21.14;22.55;21.13;22.36;2312311;51244724.00
2016/02/03;22.22;23.09;21.72;23.04;2534136;56859660.00
2016/02/04;22.94;23.72;22.94;23.43;2234205;52395944.00
2016/02/05;23.46;23.67;22.85;22.98;1536610;35714836.00
2016/02/15;21.44;22.83;21.44;22.71;1499188;33571528.00
2016/02/16;22.70;23.81;22.70;23.74;2386360;56332524.00
2016/02/17;23.89;23.94;23.21;23.82;2457183;58264064.00
2016/02/18;24.09;24.37;23.59;23.74;2002521;48058156.00
2016/02/19;23.51;23.88;23.45;23.69;2033122;48265424.00
2016/02/22;23.94;24.48;23.67;24.39;3252654;78457896.00
2016/02/23;24.37;24.63;23.64;24.09;2435464;58721088.00
2016/02/24;23.77;24.06;23.26;23.96;1775181;42303564.00
2016/02/25;23.89;23.92;21.55;21.55;2278169;51288024.00
2016/02/26;21.77;22.09;20.89;21.49;1584142;34139660.00
2016/02/29;21.47;21.69;19.33;19.33;2496611;49791924.00
2016/03/01;19.44;20.01;18.95;19.83;2739878;53780648.00
2016/03/02;19.94;21.11;19.71;21.05;2521588;51730812.00
2016/03/03;21.08;21.82;20.95;21.23;2493979;53690992.00
2016/03/04;21.27;21.39;19.51;19.99;1873239;38561176.00
2016/03/07;20.19;20.89;20.19;20.58;1313769;27258504.00
2016/03/08;20.72;21.09;19.47;21.09;2004995;40619048.00
2016/03/09;20.26;21.01;20.21;20.77;1440416;30026094.00
2016/03/10;20.57;20.97;20.09;20.10;1239685;25725128.00
2016/03/11;20.01;20.38;19.82;20.23;965060;19572628.00
2016/03/14;20.73;21.75;20.59;21.16;2583384;55514560.00
2016/03/15;21.54;21.54;21.01;21.06;1458643;31250466.00
2016/03/16;21.49;21.77;20.71;20.74;1471724;31249674.00
2016/03/17;20.87;21.89;20.84;21.77;2119418;45936272.00
2016/03/18;21.79;23.04;21.64;22.92;2529881;57240560.00
2016/03/21;23.37;23.56;22.93;23.25;2037513;47545336.00
2016/03/22;23.15;23.72;22.91;23.34;1639129;38455400.00
2016/03/23;23.25;23.78;23.16;23.74;1528541;36220476.00
2016/03/24;23.60;24.00;23.19;23.23;2231125;52819572.00
2016/03/25;22.94;24.08;22.90;23.89;2462968;58597256.00
2016/03/28;24.13;24.34;23.13;23.25;2787615;67071144.00
2016/03/29;23.05;23.34;22.07;22.38;2228456;50518236.00
2016/03/30;22.64;23.89;22.45;23.85;2909608;67604320.00
2016/03/31;23.89;25.09;23.69;24.43;3867555;94871424.00
2016/04/01;24.66;24.84;23.74;24.22;2378869;57925612.00
2016/04/05;23.92;25.74;23.92;25.74;3902615;98694360.00
2016/04/06;25.72;26.07;25.31;25.72;2483338;63915596.00
2016/04/07;25.89;25.90;24.95;24.99;2167505;55135752.00
2016/04/08;24.79;25.06;24.50;24.71;2184702;54277180.00
2016/04/11;25.06;25.89;24.89;25.70;2945464;75532784.00
2016/04/12;25.79;25.79;24.89;25.24;2460775;62456360.00
2016/04/13;25.39;26.08;25.29;25.67;2144913;55478424.00
2016/04/14;25.64;26.30;25.64;26.30;2152960;56083916.00
2016/04/15;25.92;26.16;25.45;25.67;3941251;101771248.00
2016/04/18;25.74;25.84;25.19;25.66;2359516;60386304.00
2016/04/19;25.89;26.55;25.89;26.06;2904113;76323248.00
2016/04/20;26.09;26.19;23.74;24.16;3465451;86263712.00
2016/04/21;24.27;24.55;23.79;24.26;1792775;43681920.00
2016/04/22;23.99;24.51;23.70;24.44;1205526;29282246.00
2016/04/25;24.34;24.39;23.43;24.11;1254422;30094528.00
2016/04/26;24.09;24.57;23.90;24.57;1244657;30302700.00
2016/04/27;24.59;24.99;24.42;24.72;1368733;34004836.00
2016/04/28;24.77;24.88;24.00;24.69;1171752;28761158.00
2016/04/29;24.59;24.84;24.20;24.62;1284178;31681324.00
2016/05/03;24.41;25.73;24.19;25.62;3146175;79644392.00
2016/05/04;25.31;25.71;25.31;25.59;2426612;62164212.00
2016/05/05;25.40;25.66;25.22;25.60;1991773;50933068.00
2016/05/06;25.72;25.83;24.26;24.30;2882704;72412000.00
2016/05/09;24.02;24.13;23.42;23.54;2502990;59530832.00
2016/05/10;23.19;23.77;23.19;23.57;1124479;26591676.00
2016/05/11;23.60;23.78;23.20;23.39;1103067;26116234.00
2016/05/12;23.24;23.69;22.50;23.39;1299903;29878868.00
2016/05/13;23.29;23.68;22.80;23.08;1908278;44377160.00
2016/05/16;22.93;23.38;22.74;23.38;1678985;38804080.00
2016/05/17;23.38;23.69;22.93;23.47;1674414;39260184.00
2016/05/18;23.35;23.35;21.77;22.00;1446437;32815214.00
2016/05/19;22.08;22.69;22.00;22.17;1432672;32228524.00
2016/05/20;22.07;22.36;21.85;22.34;1145539;25528738.00
2016/05/23;22.43;23.42;22.37;23.03;1393563;31972844.00
2016/05/24;23.27;24.77;22.71;23.99;4673581;111350384.00
2016/05/25;24.18;24.19;23.50;23.80;3019457;72448032.00
2016/05/26;23.54;24.14;23.00;23.97;1962507;46450628.00
2016/05/27;23.97;24.22;23.71;23.83;1958407;47150908.00
2016/05/30;23.57;24.14;23.19;23.83;1389903;33063962.00
2016/05/31;23.82;24.89;23.70;24.85;3455799;85177472.00
2016/06/01;24.94;26.25;24.89;25.40;4468830;115345840.00
2016/06/02;25.30;26.05;25.25;25.94;3368505;87039616.00
2016/06/03;26.04;26.39;25.70;25.89;2929464;76573360.00
2016/06/06;25.94;26.20;25.60;26.07;2012799;52283812.00
2016/06/07;25.98;26.08;25.57;25.97;2276852;58989080.00
2016/06/08;25.97;25.97;25.30;25.67;1845113;47493752.00
2016/06/13;25.44;25.64;23.29;23.69;3392559;84842552.00
2016/06/14;23.47;23.86;23.22;23.78;2151623;51011084.00
2016/06/15;23.72;25.14;23.30;25.04;2598866;64212316.00
2016/06/16;25.04;25.45;24.69;25.19;3209432;80789184.00
2016/06/17;25.55;26.29;25.41;26.27;4686325;122294696.00
2016/06/20;26.65;28.08;26.65;27.59;5884257;162663200.00
2016/06/21;27.15;27.76;26.41;26.45;3640112;98485544.00
2016/06/22;26.45;27.70;26.31;27.54;3357952;90282424.00
2016/06/23;27.28;27.80;26.70;27.29;2761663;75175688.00
2016/06/24;27.29;27.63;26.10;27.37;3063810;82805088.00
2016/06/27;27.00;28.38;26.93;28.17;4101798;114339184.00
2016/06/28;27.91;28.73;27.91;28.54;3074503;87330736.00
2016/06/29;28.90;28.95;28.16;28.37;2448385;69637544.00
2016/06/30;28.37;28.50;28.06;28.16;1569319;44284968.00
2016/07/01;28.26;28.97;28.16;28.19;2417344;69166128.00
2016/07/04;27.99;28.98;27.80;28.95;2983843;85669192.00
2016/07/05;29.08;29.15;28.50;28.74;2577976;73990688.00
2016/07/06;28.50;29.25;28.50;28.92;2521067;72820456.00
2016/07/07;28.69;29.77;28.55;29.51;3776481;109990592.00
2016/07/08;29.96;29.96;29.26;29.37;2933532;86765984.00
2016/07/11;29.48;29.55;28.50;28.55;2281198;66199440.00
2016/07/12;28.50;28.68;27.65;28.65;2436732;68911936.00
2016/07/13;28.55;29.30;28.47;28.90;1918377;55404328.00
2016/07/14;29.20;29.24;28.49;28.50;2188591;63002624.00
2016/07/15;29.20;29.88;28.87;29.33;3749048;109620480.00
2016/07/18;29.15;30.45;29.05;30.25;3510194;104564368.00
2016/07/19;30.08;30.20;29.46;30.07;2610225;77903992.00
2016/07/20;29.94;30.30;29.75;29.76;1737550;52083756.00
2016/07/21;29.85;29.92;29.38;29.76;1822642;54035628.00
2016/07/22;29.74;29.76;28.71;28.76;2366968;69054016.00
2016/07/25;28.88;28.94;28.21;28.61;1777982;50681948.00
2016/07/26;28.54;29.29;28.35;29.20;1721500;49902580.00
2016/07/27;29.25;29.25;27.00;27.10;3827032;106854512.00
2016/07/28;27.22;27.62;27.00;27.50;2217575;60635284.00
2016/07/29;27.55;29.00;27.55;27.83;1699391;47618804.00
2016/08/01;27.75;27.75;26.81;27.67;1616700;44113764.00
2016/08/02;27.41;27.99;27.39;27.90;924500;25649670.00
2016/08/03;27.92;28.39;27.66;28.15;1217087;34150048.00
2016/08/04;28.20;28.29;27.93;28.24;898235;25260220.00
2016/08/05;28.29;28.55;27.97;28.00;985300;27827556.00
2016/08/08;28.00;28.65;27.45;28.56;1348924;37951492.00
2016/08/09;28.68;29.28;28.50;28.95;1666421;48287340.00
2016/08/10;28.89;29.29;28.71;28.98;1128228;32602402.00
2016/08/11;29.03;30.96;29.00;29.25;2705368;79728952.00
2016/08/12;29.29;29.39;28.58;29.00;2037266;59036592.00
2016/08/15;29.07;29.88;28.60;29.73;2267027;66438248.00
2016/08/16;29.97;30.47;29.69;30.09;2397957;72134016.00
2016/08/17;29.99;30.43;29.68;30.23;2048218;61688676.00
2016/08/18;30.22;30.47;30.00;30.27;1576101;47626140.00
2016/08/19;30.40;31.58;30.06;31.24;3319689;102520328.00
2016/08/22;30.88;30.90;29.38;29.82;3516986;106169032.00
2016/08/23;29.94;30.42;29.33;30.00;1508306;45055524.00
2016/08/24;29.89;30.17;29.66;30.03;1501136;44928356.00
2016/08/25;30.00;30.30;29.20;29.78;1233497;36441776.00
2016/08/26;30.00;30.68;29.73;30.27;1897246;57404860.00
2016/08/29;30.31;30.53;30.13;30.46;1387774;42136476.00
2016/08/30;30.50;30.82;30.15;30.31;1093929;33245096.00
2016/08/31;30.18;30.27;29.68;30.15;1428933;42721388.00
2016/09/01;30.22;30.68;29.65;29.65;1586917;47607092.00
2016/09/02;29.88;29.88;29.21;29.50;1794601;52952512.00
2016/09/05;29.60;29.99;29.26;29.39;1704960;50183816.00
2016/09/06;29.49;30.27;29.14;30.16;2082406;61916096.00
2016/09/07;30.22;30.74;30.06;30.19;2338822;71042632.00
2016/09/08;30.37;30.94;30.20;30.88;1861414;56764156.00
2016/09/09;31.27;31.27;30.30;30.38;2010187;61925264.00
2016/09/12;29.75;30.06;29.23;29.23;1769518;52466760.00
2016/09/13;29.52;29.75;29.22;29.73;1033354;30522492.00
2016/09/14;29.87;29.87;29.50;29.74;766238;22737990.00
2016/09/19;29.81;30.50;29.81;30.35;1335664;40461668.00
2016/09/20;30.44;30.74;30.16;30.61;1195970;36474468.00
2016/09/21;30.66;31.15;30.42;30.98;2242094;69339592.00
2016/09/22;30.99;31.26;30.72;31.00;1397249;43262184.00
2016/09/23;31.12;32.96;31.11;31.42;3034493;96373040.00
2016/09/26;31.15;31.99;30.90;30.90;2440571;76992768.00
2016/09/27;30.80;31.27;30.61;31.23;1202243;37169308.00
2016/09/28;31.00;31.46;30.70;30.91;1638640;50885008.00
2016/09/29;30.89;31.66;30.74;31.64;1613179;50438640.00
2016/09/30;31.33;31.82;31.24;31.48;916250;28904130.00
2016/10/10;31.68;32.45;31.38;32.42;2020858;64506920.00
2016/10/11;32.45;32.63;31.91;32.40;1917888;61647632.00
2016/10/12;32.16;32.40;32.05;32.35;1050877;33852924.00
2016/10/13;32.52;32.68;31.72;32.10;2414775;77303992.00
2016/10/14;32.10;32.26;31.54;31.88;1185040;37699008.00
2016/10/17;31.88;32.23;31.31;31.45;1257153;40035952.00
2016/10/18;31.32;32.15;31.32;32.10;1326325;42114932.00
2016/10/19;32.20;32.75;31.81;32.00;1423875;45956088.00
2016/10/20;31.81;32.15;31.80;31.91;865209;27654676.00
2016/10/21;31.78;32.39;31.53;32.30;1490145;47630088.00
2016/10/24;32.38;32.56;32.13;32.39;1407535;45539204.00
2016/10/25;32.44;33.37;32.35;32.90;2283628;75350344.00
2016/10/26;32.86;33.33;31.87;32.50;1691569;54960676.00
2016/10/27;31.80;31.99;31.47;31.70;2477471;78485312.00
2016/10/28;31.65;31.82;31.33;31.50;1353203;42734924.00
2016/10/31;31.24;31.66;31.02;31.55;1020248;31963644.00
2016/11/01;31.62;32.38;31.36;32.25;1544354;49252788.00
2016/11/02;32.10;32.38;31.83;31.91;1069501;34347760.00
2016/11/03;32.00;32.44;31.80;32.05;1346108;43332564.00
2016/11/04;31.90;32.07;31.36;31.59;2548934;80611096.00
2016/11/07;31.62;31.82;31.51;31.61;1176526;37238344.00
2016/11/08;31.75;32.19;31.61;32.19;1652879;52873732.00
2016/11/09;32.19;32.25;31.13;31.60;1932133;61144160.00
2016/11/10;31.84;32.45;31.70;32.33;2953152;94811384.00
2016/11/11;32.29;33.52;32.11;33.45;3653451;120680440.00
2016/11/14;33.10;35.00;33.04;34.17;4263242;146426320.00
2016/11/15;33.71;34.40;33.53;33.91;1721816;58395892.00
2016/11/16;33.81;37.30;33.81;35.80;6031609;218451568.00
2016/11/17;35.50;36.65;35.20;35.69;2382900;85469344.00
数据来源:通达信
