300252 金信诺 日线 前复权
      日期	    开盘	    最高	    最低	    收盘	    成交量	    成交额
2011/08/18;7.35;7.53;6.47;6.57;17504208;466156608.00
2011/08/19;5.90;6.15;5.89;5.93;8853641;202254544.00
2011/08/22;6.12;6.42;5.99;6.32;8001701;189156944.00
2011/08/23;6.36;6.67;6.19;6.60;7936935;194527024.00
2011/08/24;6.52;6.92;6.48;6.52;7302011;186333120.00
2011/08/25;6.47;6.79;6.36;6.71;4890575;122268208.00
2011/08/26;6.62;6.91;6.60;6.89;6492266;168864608.00
2011/08/29;6.81;6.89;6.68;6.71;4204187;109110560.00
2011/08/30;6.75;6.81;6.36;6.44;4658865;116510272.00
2011/08/31;6.41;6.44;6.09;6.32;2976070;71004440.00
2011/09/01;6.30;6.41;6.20;6.34;2474872;59814984.00
2011/09/02;6.33;6.37;6.06;6.34;2331560;55528272.00
2011/09/05;6.22;6.53;6.12;6.39;3090180;75076232.00
2011/09/06;6.25;6.29;5.79;5.82;2861602;65822356.00
2011/09/07;5.85;6.01;5.84;5.95;1448394;32869446.00
2011/09/08;6.00;6.00;5.51;5.58;2033160;45203008.00
2011/09/09;5.58;5.65;5.31;5.37;2232555;46659896.00
2011/09/13;5.22;5.43;5.15;5.32;1564966;31846230.00
2011/09/14;5.32;5.41;5.27;5.40;1517846;31214842.00
2011/09/15;5.43;5.59;5.37;5.52;1868086;39528952.00
2011/09/16;5.54;5.57;5.29;5.30;1585727;33056046.00
2011/09/19;5.26;5.26;4.88;4.93;1573305;30446346.00
2011/09/20;4.93;5.04;4.88;4.98;944760;18049890.00
2011/09/21;5.00;5.25;4.99;5.23;1789487;35281916.00
2011/09/22;5.15;5.36;5.13;5.15;2674249;53885056.00
2011/09/23;5.07;5.14;4.98;5.07;1088911;21155930.00
2011/09/26;5.04;5.18;5.01;5.12;1048928;20613828.00
2011/09/27;5.14;5.23;4.99;5.14;1348376;26677158.00
2011/09/28;5.21;5.32;5.14;5.32;2767030;55690468.00
2011/09/29;5.26;5.32;5.14;5.23;2002783;40301460.00
2011/09/30;5.23;5.26;4.69;4.74;2034947;38081896.00
2011/10/10;4.80;4.83;4.54;4.66;1015496;18344792.00
2011/10/11;4.80;4.85;4.58;4.62;943881;17135110.00
2011/10/12;4.61;4.79;4.49;4.75;1895121;34447904.00
2011/10/13;4.72;4.92;4.72;4.82;1721484;32054208.00
2011/10/14;4.82;4.82;4.71;4.77;1291442;23681068.00
2011/10/18;4.88;5.27;4.87;5.27;4159171;82911784.00
2011/10/19;5.41;5.41;5.00;5.03;5480224;110111816.00
2011/10/20;4.94;5.01;4.61;4.71;3071320;56166252.00
2011/10/21;4.67;4.72;4.45;4.45;1909868;33458966.00
2011/10/24;4.42;4.56;4.18;4.56;2047955;34742956.00
2011/10/25;4.45;4.72;4.41;4.67;2857285;50680252.00
2011/10/26;4.59;4.79;4.53;4.66;3029015;54567824.00
2011/10/27;4.65;4.72;4.62;4.69;1991431;35877432.00
2011/10/28;4.73;4.77;4.59;4.71;2830054;51121316.00
2011/10/31;4.69;4.82;4.64;4.77;2370150;43282212.00
2011/11/01;4.72;4.94;4.54;4.94;4158593;76274280.00
2011/11/02;4.85;5.13;4.75;5.07;4264193;81390296.00
2011/11/03;5.07;5.18;4.96;4.96;3796620;74062600.00
2011/11/04;5.01;5.03;4.88;4.93;2259189;42907236.00
2011/11/07;4.92;5.05;4.89;4.97;1729396;33248580.00
2011/11/08;4.95;4.96;4.74;4.75;1742901;32585642.00
2011/11/09;4.77;4.85;4.63;4.85;1504309;27628210.00
2011/11/10;4.78;4.98;4.72;4.85;2475229;46611148.00
2011/11/11;4.84;5.03;4.75;4.96;2046455;38704540.00
2011/11/14;5.02;5.20;4.99;5.18;3854925;76062920.00
2011/11/15;5.13;5.16;5.00;5.08;2658002;51878624.00
2011/11/16;5.11;5.11;4.67;4.78;2388856;45256496.00
2011/11/17;4.77;4.98;4.75;4.88;1685991;31666298.00
2011/11/18;4.85;4.85;4.52;4.54;3611399;64760240.00
2011/11/21;4.50;4.54;4.34;4.42;1760640;30139572.00
2011/11/22;4.38;4.48;4.33;4.46;1360474;23127612.00
2011/11/23;4.47;4.50;4.38;4.46;1350742;23219108.00
2011/11/24;4.38;4.46;4.31;4.41;1227097;20844020.00
2011/11/25;4.37;4.45;4.30;4.31;1217765;20610286.00
2011/11/28;4.32;4.35;4.20;4.24;1551832;25624524.00
2011/11/29;4.30;4.34;4.24;4.33;1278445;21216908.00
2011/11/30;4.33;4.33;3.91;3.96;2232044;35484284.00
2011/12/01;4.09;4.12;4.00;4.02;1991376;31378576.00
2011/12/02;3.98;3.98;3.82;3.83;1316667;19860300.00
2011/12/05;3.84;3.84;3.65;3.70;1169273;16891820.00
2011/12/06;3.69;3.83;3.65;3.78;1212018;17648252.00
2011/12/07;3.79;3.89;3.73;3.89;1643788;24394292.00
2011/12/08;3.89;3.97;3.76;3.88;1732773;26089378.00
2011/12/12;3.84;3.85;3.71;3.71;1057480;15527783.00
2011/12/13;3.69;3.69;3.49;3.51;1077436;14978162.00
2011/12/14;3.49;3.56;3.43;3.45;674430;9213681.00
2011/12/15;3.41;3.50;3.38;3.41;984942;13220639.00
2011/12/16;3.40;3.63;3.40;3.60;1125539;15393232.00
2011/12/19;3.54;3.88;3.51;3.84;2277073;32692450.00
2011/12/20;3.80;3.85;3.69;3.69;1817212;26613960.00
2011/12/21;3.73;3.82;3.56;3.56;1451979;20970122.00
2011/12/22;3.53;3.71;3.38;3.65;1632026;22462050.00
2011/12/23;3.59;3.72;3.57;3.65;1102342;15719468.00
2011/12/27;3.59;3.59;3.35;3.40;1187341;15962096.00
2011/12/28;3.38;3.38;3.23;3.34;911559;11792597.00
2011/12/29;3.31;3.39;3.24;3.34;470607;6160849.50
2011/12/30;3.34;3.42;3.34;3.39;722524;9561423.00
2012/01/04;3.42;3.45;3.16;3.17;1129483;14745152.00
2012/01/05;3.12;3.16;2.89;2.89;1129907;13345552.00
2012/01/06;2.87;3.00;2.85;2.95;751479;8609767.00
2012/01/09;2.95;3.08;2.87;3.08;906068;10767763.00
2012/01/10;3.08;3.26;3.06;3.24;1461450;18129268.00
2012/01/11;3.22;3.30;3.19;3.22;1216169;15424389.00
2012/01/12;3.21;3.25;3.16;3.20;948258;11906418.00
2012/01/13;3.19;3.21;2.95;2.95;1194007;14233245.00
2012/01/16;2.89;2.92;2.83;2.83;759077;8617470.00
2012/01/17;2.83;3.05;2.83;3.02;834566;9712032.00
2012/01/18;3.02;3.08;2.87;2.90;866101;10147517.00
2012/01/19;2.89;3.03;2.86;3.03;782946;9217671.00
2012/01/20;3.05;3.13;3.03;3.11;665381;8111485.50
2012/01/30;3.11;3.17;3.08;3.08;664379;8142620.00
2012/01/31;3.05;3.05;2.89;2.95;1140586;13212666.00
2012/02/01;2.96;3.01;2.92;2.97;736566;8630309.00
2012/02/02;2.97;3.02;2.95;3.02;689753;8090383.50
2012/02/03;3.01;3.16;3.01;3.13;1477336;17953368.00
2012/02/06;3.15;3.19;3.09;3.18;1432096;17623906.00
2012/02/07;3.16;3.16;3.05;3.09;978440;11910352.00
2012/02/08;3.09;3.20;3.07;3.20;1182009;14582774.00
2012/02/09;3.19;3.31;3.17;3.21;1867485;23756864.00
2012/02/10;3.21;3.27;3.19;3.23;1252990;15860945.00
2012/02/13;3.21;3.35;3.17;3.33;1954302;25249306.00
2012/02/14;3.33;3.35;3.27;3.34;1377886;17844040.00
2012/02/15;3.34;3.40;3.30;3.37;2147630;28189224.00
2012/02/16;3.37;3.42;3.28;3.34;1985305;26120120.00
2012/02/17;3.34;3.37;3.27;3.30;1010396;13082398.00
2012/02/20;3.36;3.42;3.32;3.36;1688801;22213896.00
2012/02/21;3.37;3.44;3.30;3.43;1959493;25908966.00
2012/02/22;3.45;3.79;3.45;3.79;5928366;85775216.00
2012/02/23;3.92;4.10;3.85;3.96;9351023;143608448.00
2012/02/24;3.90;3.94;3.85;3.90;3749871;56526928.00
2012/02/27;3.89;3.93;3.84;3.90;3447898;52063376.00
2012/02/28;3.89;3.92;3.76;3.78;2034789;30238982.00
2012/02/29;3.77;3.81;3.71;3.74;1592808;23297638.00
2012/03/01;3.74;3.82;3.71;3.79;1548241;22640854.00
2012/03/02;3.81;3.83;3.75;3.83;1925326;28395584.00
2012/03/05;3.81;3.90;3.76;3.76;2138504;31656354.00
2012/03/06;3.74;3.76;3.59;3.65;2187595;31105778.00
2012/03/07;3.60;3.71;3.60;3.62;1564446;22267088.00
2012/03/08;3.64;3.77;3.61;3.73;1942543;27945026.00
2012/03/09;3.73;3.82;3.70;3.80;2157376;31537146.00
2012/03/12;3.80;3.83;3.71;3.77;1915035;27992668.00
2012/03/13;3.77;3.94;3.76;3.91;3161069;47416744.00
2012/03/14;3.89;3.93;3.55;3.63;3454735;50942252.00
2012/03/15;3.61;3.66;3.47;3.51;1670061;23102402.00
2012/03/16;3.56;3.60;3.51;3.59;1229947;17057594.00
2012/03/19;3.59;3.65;3.51;3.62;1197014;16699540.00
2012/03/20;3.61;3.62;3.46;3.46;1174968;16112768.00
2012/03/21;3.48;3.51;3.41;3.48;1043969;14082451.00
2012/03/22;3.49;3.52;3.44;3.48;708926;9639042.00
2012/03/23;3.46;3.48;3.41;3.43;608226;8159608.50
2012/03/26;3.43;3.52;3.41;3.51;910618;12400964.00
2012/03/27;3.51;3.56;3.46;3.48;667810;9141640.00
2012/03/28;3.45;3.46;3.13;3.14;1385184;17632244.00
2012/03/29;3.10;3.13;3.00;3.02;660811;7953972.00
2012/03/30;3.01;3.09;2.97;2.97;446381;5285744.50
2012/04/05;3.01;3.09;2.97;3.09;500947;6017132.00
2012/04/06;3.08;3.19;3.08;3.13;598674;7373453.50
2012/04/09;3.13;3.15;3.05;3.09;300282;3651766.75
2012/04/10;3.06;3.11;2.98;3.11;434309;5202961.50
2012/04/11;3.08;3.15;3.02;3.12;536730;6530833.50
2012/04/12;3.12;3.23;3.12;3.22;922890;11539067.00
2012/04/13;3.27;3.31;3.22;3.24;913220;11658796.00
2012/04/16;3.19;3.26;3.19;3.23;488654;6165024.50
2012/04/17;3.20;3.25;3.16;3.17;492820;6198325.00
2012/04/18;3.17;3.26;3.16;3.26;791952;9979340.00
2012/04/19;3.26;3.30;3.24;3.30;906633;11630349.00
2012/04/20;3.30;3.33;3.28;3.32;769524;9968345.00
2012/04/23;3.31;3.31;3.02;3.03;1999012;24593380.00
2012/04/24;2.99;3.08;2.84;2.97;1156286;13327106.00
2012/04/25;2.97;3.00;2.93;3.00;866760;10117459.00
2012/04/26;3.00;3.05;2.95;3.02;742326;8758243.00
2012/04/27;3.01;3.08;3.01;3.05;800836;9608505.00
2012/05/02;3.07;3.12;3.03;3.10;942285;11419251.00
2012/05/03;3.11;3.13;3.09;3.12;498216;6081922.50
2012/05/04;3.13;3.26;3.11;3.23;1401628;17524068.00
2012/05/07;3.19;3.27;3.19;3.26;1087437;13749856.00
2012/05/08;3.23;3.29;3.19;3.24;1176711;14905817.00
2012/05/09;3.22;3.23;3.12;3.13;1050935;13054715.00
2012/05/10;3.14;3.46;3.13;3.46;1762434;23494120.00
2012/05/11;3.54;3.62;3.36;3.36;5260135;72144640.00
2012/05/14;3.35;3.44;3.18;3.23;2166031;28113112.00
2012/05/15;3.20;3.58;3.20;3.58;2553825;34574892.00
2012/05/16;3.74;3.86;3.63;3.73;8336355;121803400.00
2012/05/17;3.68;3.94;3.65;3.77;6454184;96050424.00
2012/05/18;3.66;3.70;3.51;3.54;4710761;66073212.00
2012/05/21;3.50;3.67;3.50;3.58;2836238;39808892.00
2012/05/22;3.59;3.64;3.51;3.63;1821304;25442124.00
2012/05/23;3.63;3.63;3.41;3.48;2414760;33076508.00
2012/05/24;3.45;3.56;3.45;3.51;1678890;22997738.00
2012/05/25;3.51;3.57;3.44;3.48;1222406;16711190.00
2012/05/28;3.46;3.47;3.30;3.45;1528593;20152746.00
2012/05/29;3.45;3.61;3.44;3.60;1923119;26486670.00
2012/05/30;3.55;3.64;3.55;3.58;1524161;21348322.00
2012/05/31;3.53;3.66;3.51;3.62;1850743;25904050.00
2012/06/01;3.59;3.70;3.59;3.65;1483621;21110508.00
2012/06/04;3.52;3.55;3.37;3.39;1636944;22228252.00
2012/06/05;3.41;3.44;3.33;3.36;734905;9699197.00
2012/06/06;3.36;3.42;3.32;3.38;747639;9848688.00
2012/06/07;3.42;3.44;3.29;3.30;743423;9793958.00
2012/06/08;3.34;3.35;3.20;3.23;1037290;13273615.00
2012/06/11;3.22;3.37;3.22;3.37;833840;10801553.00
2012/06/12;3.36;3.38;3.31;3.35;525476;6874714.00
2012/06/13;3.34;3.46;3.34;3.45;785950;10489548.00
2012/06/14;3.42;3.48;3.38;3.39;807831;10827145.00
2012/06/15;3.40;3.45;3.35;3.41;590107;7828759.50
2012/06/18;3.43;3.76;3.43;3.76;1732781;24811472.00
2012/06/19;3.92;4.14;3.92;3.94;9217214;142625168.00
2012/06/20;3.87;4.30;3.78;4.09;8729528;136376464.00
2012/06/21;3.98;4.06;3.87;3.91;4032562;61603052.00
2012/06/25;3.91;3.95;3.78;3.87;3206525;47889044.00
2012/06/26;3.85;4.24;3.79;4.06;7033504;110161256.00
2012/06/27;3.99;4.14;3.88;4.07;5019679;78040632.00
2012/06/28;4.06;4.08;3.85;3.85;3784374;57991120.00
2012/06/29;3.78;3.83;3.63;3.76;3553139;51345144.00
2012/07/02;3.80;3.89;3.73;3.86;2999335;44445244.00
2012/07/03;3.86;4.06;3.79;4.06;4490356;68709992.00
2012/07/04;4.05;4.21;3.88;3.92;4393854;68796352.00
2012/07/05;3.87;4.19;3.77;4.14;4257064;65527188.00
2012/07/06;4.16;4.54;4.04;4.47;7251110;119503880.00
2012/07/09;4.35;4.40;4.17;4.17;5118318;84410304.00
2012/07/10;4.09;4.23;4.04;4.07;2569877;40943880.00
2012/07/11;4.03;4.12;3.98;4.10;2145960;33557968.00
2012/07/12;4.07;4.28;4.01;4.26;2874191;46371024.00
2012/07/13;4.12;4.20;3.82;3.82;2860084;43352484.00
2012/07/16;3.60;3.63;3.42;3.45;4556400;61434128.00
2012/07/17;3.39;3.48;3.31;3.38;2054023;27125938.00
2012/07/18;3.38;3.40;3.26;3.38;1426798;18506870.00
2012/07/19;3.38;3.47;3.37;3.37;2104841;28052234.00
2012/07/20;3.37;3.37;3.23;3.25;1626176;20862642.00
2012/07/23;3.18;3.25;3.15;3.21;1260907;15743094.00
2012/07/24;3.17;3.31;3.16;3.26;1139953;14519093.00
2012/07/25;3.26;3.32;3.23;3.24;1066712;13617692.00
2012/07/26;3.22;3.27;3.18;3.18;1127608;14180199.00
2012/07/27;3.21;3.28;3.13;3.26;1167241;14613773.00
2012/07/30;3.27;3.34;3.21;3.22;1244028;15918667.00
2012/07/31;3.22;3.25;2.88;2.88;1694893;19900746.00
2012/08/01;2.87;2.95;2.84;2.93;1238923;14175842.00
2012/08/02;2.94;2.95;2.87;2.93;587780;6702885.00
2012/08/03;2.93;3.01;2.91;3.01;796968;9280091.00
2012/08/06;3.01;3.11;2.97;3.10;1092713;13042435.00
2012/08/07;3.09;3.20;3.08;3.13;1037295;12686314.00
2012/08/08;3.13;3.15;3.05;3.09;682442;8252624.00
2012/08/09;3.09;3.19;3.07;3.15;1433662;17621432.00
2012/08/10;3.13;3.21;3.08;3.20;1276448;15743917.00
2012/08/13;3.18;3.18;3.07;3.07;1175830;14305742.00
2012/08/14;3.07;3.14;2.99;3.13;980234;11759563.00
2012/08/15;3.09;3.13;3.05;3.05;654285;7878177.50
2012/08/16;3.02;3.05;2.95;2.96;1102893;12860426.00
2012/08/17;2.96;2.98;2.89;2.94;603007;6941388.50
2012/08/20;2.94;3.03;2.89;3.02;698882;8140969.50
2012/08/21;3.04;3.15;3.02;3.10;1082159;13122989.00
2012/08/22;3.09;3.17;3.05;3.08;1313727;16009987.00
2012/08/23;3.07;3.18;3.07;3.17;1429169;17542254.00
2012/08/24;3.12;3.14;3.04;3.04;1378719;16637512.00
2012/08/27;3.01;3.01;2.91;2.91;907380;10452253.00
2012/08/28;2.90;2.99;2.90;2.96;675925;7799065.00
2012/08/29;2.96;3.05;2.92;2.98;940463;11071984.00
2012/08/30;2.97;3.04;2.82;2.91;1090966;12480310.00
2012/08/31;2.89;2.95;2.89;2.91;537615;6136584.50
2012/09/03;2.90;3.01;2.84;3.00;722650;8400570.00
2012/09/04;3.02;3.11;2.99;3.05;1301487;15543288.00
2012/09/05;3.04;3.17;2.99;3.15;1727698;21065804.00
2012/09/06;3.13;3.20;3.08;3.16;1529600;18723962.00
2012/09/07;3.18;3.30;3.13;3.22;2542200;31892094.00
2012/09/10;3.19;3.28;3.19;3.22;1760649;22307872.00
2012/09/11;3.20;3.24;3.17;3.18;1310520;16351995.00
2012/09/12;3.20;3.26;3.18;3.26;1712505;21513378.00
2012/09/13;3.27;3.33;3.20;3.20;2187141;27897992.00
2012/09/14;3.21;3.26;3.16;3.21;1354006;16926132.00
2012/09/17;3.22;3.22;3.02;3.03;1291125;15613110.00
2012/09/18;3.03;3.06;2.97;2.99;380150;4496971.50
2012/09/19;3.02;3.08;2.99;3.06;529660;6292781.50
2012/09/20;3.05;3.05;2.90;2.91;736423;8540316.00
2012/09/21;2.90;2.94;2.86;2.87;522849;5940371.50
2012/09/24;2.82;2.84;2.71;2.79;1224246;13371816.00
2012/09/25;2.77;2.80;2.73;2.75;388558;4221622.50
2012/09/26;2.74;2.77;2.69;2.69;487818;5233415.50
2012/09/27;2.69;2.79;2.66;2.77;750774;8090359.00
2012/09/28;2.75;2.81;2.73;2.80;726261;7944813.00
2012/10/08;2.80;2.83;2.75;2.77;355628;3888008.75
2012/10/09;2.77;2.99;2.77;2.90;1081950;12288920.00
2012/10/10;2.86;2.94;2.86;2.93;889088;10125428.00
2012/10/11;2.90;2.93;2.84;2.85;643653;7281230.00
2012/10/12;2.87;2.90;2.80;2.86;509092;5700073.50
2012/10/15;2.83;2.84;2.69;2.74;718989;7759589.50
2012/10/16;2.75;2.81;2.72;2.76;467128;5082070.00
2012/10/17;2.77;2.80;2.72;2.80;492090;5371764.50
2012/10/18;2.77;2.87;2.77;2.85;821444;9161688.00
2012/10/19;2.87;2.87;2.84;2.86;431121;4832240.50
2012/10/22;2.86;2.88;2.83;2.88;373270;4178282.00
2012/10/23;2.89;2.92;2.83;2.83;789120;8881813.00
2012/10/24;2.82;2.86;2.81;2.81;339102;3774197.50
2012/10/25;2.81;2.86;2.80;2.81;414352;4594382.50
2012/10/26;2.80;2.81;2.69;2.71;628411;6749674.50
2012/10/29;2.71;2.73;2.68;2.69;272459;2895604.25
2012/10/30;2.68;2.71;2.66;2.69;260812;2757984.00
2012/10/31;2.67;2.70;2.67;2.69;259475;2743677.50
2012/11/01;2.69;2.77;2.69;2.76;472290;5096172.50
2012/11/02;2.76;2.79;2.75;2.78;376454;4102622.00
2012/11/05;2.78;2.78;2.74;2.75;243700;2641460.00
2012/11/06;2.75;2.75;2.64;2.69;577511;6087118.00
2012/11/07;2.69;2.73;2.66;2.69;295673;3139204.25
2012/11/08;2.67;2.69;2.62;2.62;262601;2746791.00
2012/11/09;2.63;2.75;2.62;2.70;713754;7547592.50
2012/11/12;2.66;2.71;2.66;2.68;453424;4784035.50
2012/11/13;2.66;2.68;2.57;2.58;593532;6104944.50
2012/11/14;2.57;2.61;2.53;2.58;475359;4825073.00
2012/11/15;2.58;2.58;2.51;2.52;385045;3872682.50
2012/11/16;2.50;2.54;2.50;2.52;206565;2058408.38
2012/11/19;2.53;2.54;2.49;2.54;247557;2465889.50
2012/11/20;2.56;2.61;2.54;2.59;404022;4112763.00
2012/11/21;2.59;2.63;2.53;2.60;491720;5022130.50
2012/11/22;2.59;2.63;2.58;2.62;290573;2984446.50
2012/11/23;2.60;2.64;2.58;2.58;318750;3272717.00
2012/11/26;2.57;2.57;2.52;2.52;233079;2340743.75
2012/11/27;2.51;2.53;2.32;2.33;441527;4209959.50
2012/11/28;2.33;2.33;2.27;2.28;333752;3038018.50
2012/11/29;2.29;2.31;2.22;2.22;268804;2421058.75
2012/11/30;2.23;2.27;2.22;2.24;230358;2054637.88
2012/12/03;2.23;2.25;2.10;2.10;362496;3146944.75
2012/12/04;2.11;2.18;2.07;2.16;400768;3379650.75
2012/12/05;2.15;2.27;2.15;2.24;563599;5013218.00
2012/12/06;2.25;2.29;2.22;2.24;357373;3212733.75
2012/12/07;2.24;2.30;2.24;2.30;485100;4407307.00
2012/12/10;2.33;2.36;2.28;2.35;480277;4434179.00
2012/12/11;2.32;2.35;2.32;2.32;562430;5207801.00
2012/12/12;2.32;2.33;2.26;2.29;466990;4252283.00
2012/12/13;2.30;2.54;2.27;2.46;3401706;33615236.00
2012/12/14;2.40;2.58;2.39;2.52;3032376;29742572.00
2012/12/17;2.48;2.51;2.44;2.48;1739768;17017310.00
2012/12/18;2.45;2.49;2.43;2.45;1185672;11541135.00
2012/12/19;2.45;2.48;2.42;2.47;887787;8634610.00
2012/12/20;2.47;2.52;2.43;2.48;1010999;9866700.00
2012/12/21;2.49;2.53;2.44;2.51;1748511;17218716.00
2012/12/24;2.51;2.59;2.49;2.57;1394460;13970945.00
2012/12/25;2.56;2.62;2.53;2.61;1524239;15556266.00
2012/12/26;2.58;2.73;2.58;2.70;1781825;18718596.00
2012/12/27;2.70;2.79;2.61;2.61;1667492;17668286.00
2012/12/28;2.59;2.65;2.56;2.63;1089881;11236648.00
2012/12/31;2.65;2.66;2.57;2.63;1102341;11376485.00
2013/01/04;2.62;2.65;2.58;2.60;710315;7317754.00
2013/01/07;2.59;2.68;2.58;2.68;1015658;10514408.00
2013/01/08;2.66;2.78;2.65;2.73;1607848;17214866.00
2013/01/09;2.72;2.76;2.65;2.68;1127814;12029830.00
2013/01/10;2.67;2.96;2.67;2.96;2293448;26236176.00
2013/01/11;3.01;3.05;2.90;2.94;5522771;64353420.00
2013/01/14;2.89;3.09;2.86;3.08;4879138;57119112.00
2013/01/15;3.07;3.13;2.99;3.02;3497007;41780500.00
2013/01/16;3.00;3.02;2.91;2.96;2321914;27036246.00
2013/01/17;2.96;3.02;2.93;2.94;1568159;18239916.00
2013/01/18;2.94;3.09;2.91;3.07;3061898;36148312.00
2013/01/21;3.39;3.39;3.18;3.23;5309658;68083432.00
2013/01/22;3.24;3.57;3.16;3.33;6365889;84437832.00
2013/01/23;3.25;3.49;3.19;3.45;4400820;57750828.00
2013/01/24;3.45;3.45;3.21;3.30;3156483;41054772.00
2013/01/25;3.30;3.34;3.18;3.20;1227865;15476264.00
2013/01/28;3.20;3.38;3.20;3.37;2294917;29743006.00
2013/01/29;3.37;3.64;3.37;3.53;3079174;42142620.00
2013/01/30;3.60;3.63;3.44;3.53;3076437;42472456.00
2013/01/31;3.55;3.74;3.46;3.64;2705492;38232040.00
2013/02/01;3.60;3.77;3.58;3.73;1873219;26862064.00
2013/02/04;3.71;3.87;3.63;3.75;3454577;49784560.00
2013/02/05;3.87;3.87;3.63;3.71;1890943;27257756.00
2013/02/06;3.74;3.84;3.67;3.80;1923298;28145162.00
2013/02/07;3.79;3.84;3.67;3.79;2697260;39069304.00
2013/02/08;3.83;3.89;3.76;3.84;1944347;28918020.00
2013/02/18;3.84;3.87;3.73;3.84;1617362;23757856.00
2013/02/19;3.94;3.94;3.75;3.78;1639856;24074890.00
2013/02/20;3.74;3.81;3.64;3.76;1678456;24282516.00
2013/02/21;3.70;3.74;3.63;3.67;980409;13957105.00
2013/02/22;3.64;3.80;3.64;3.78;1559349;22641450.00
2013/02/25;3.79;3.87;3.75;3.79;802593;11801326.00
2013/02/26;3.78;3.89;3.69;3.83;2311041;34311012.00
2013/02/27;3.81;4.03;3.80;3.96;2066453;31421616.00
2013/02/28;3.95;4.14;3.90;4.05;1722029;26543206.00
2013/03/01;4.01;4.24;3.98;4.12;1579985;25085116.00
2013/03/04;4.10;4.10;3.93;4.00;910020;14119135.00
2013/03/05;4.00;4.13;3.93;4.02;784608;12175734.00
2013/03/06;3.96;4.14;3.95;4.12;1017341;16093550.00
2013/03/07;4.12;4.55;4.09;4.55;4146894;70482304.00
2013/03/08;4.65;4.73;4.44;4.52;2601285;45960788.00
2013/03/11;4.56;4.99;4.49;4.99;4156599;77321960.00
2013/03/12;4.97;5.21;4.65;4.99;2902442;54594548.00
2013/03/13;4.96;4.96;4.63;4.63;2264142;41114608.00
2013/03/14;4.63;4.75;4.46;4.60;3115730;54731892.00
2013/03/15;4.59;4.71;4.54;4.57;2778731;49365764.00
2013/03/18;4.49;4.62;4.36;4.47;1013898;17370330.00
2013/03/19;4.47;4.73;4.43;4.69;1619107;28601876.00
2013/03/20;4.67;4.99;4.54;4.67;2082908;37269312.00
2013/03/21;4.67;4.75;4.52;4.56;4650984;83186920.00
2013/03/22;4.54;4.60;4.39;4.51;1160778;20013568.00
2013/03/25;4.51;4.57;4.45;4.52;922089;16022134.00
2013/03/26;4.59;4.95;4.43;4.81;3333276;59671628.00
2013/03/27;4.81;4.92;4.68;4.85;1663174;30671856.00
2013/03/28;4.77;4.78;4.58;4.64;1080581;19468836.00
2013/03/29;4.67;4.81;4.60;4.75;1548966;28162850.00
2013/04/01;4.71;4.89;4.61;4.79;1290605;23352210.00
2013/04/02;4.73;4.81;4.34;4.41;2039577;35814848.00
2013/04/03;4.41;4.64;4.31;4.47;1545625;26841900.00
2013/04/08;4.47;4.54;4.41;4.48;463459;7976195.50
2013/04/09;4.53;4.53;4.44;4.50;371578;6427136.00
2013/04/10;4.52;4.73;4.46;4.68;2474343;44410428.00
2013/04/11;4.69;4.87;4.63;4.65;1646393;30098314.00
2013/04/12;4.52;4.75;4.52;4.64;672241;11986308.00
2013/04/15;4.57;4.68;4.56;4.61;214337;3786550.50
2013/04/16;4.53;4.72;4.53;4.68;632700;11314778.00
2013/04/17;4.71;5.06;4.65;5.02;1924594;35790184.00
2013/04/18;4.98;5.11;4.87;5.03;2098510;40187128.00
2013/04/19;4.97;5.24;4.96;5.13;1608890;31573576.00
2013/04/22;5.11;5.34;5.03;5.19;1152572;22962276.00
2013/04/23;5.20;5.27;4.82;5.17;1265101;24600132.00
2013/04/24;5.14;5.36;5.08;5.31;1184056;23766232.00
2013/04/25;5.22;5.38;5.08;5.08;847150;17037750.00
2013/04/26;5.07;5.08;4.95;4.98;750900;14418751.00
2013/05/02;4.97;5.35;4.85;5.30;1295111;25471926.00
2013/05/03;5.30;5.61;5.24;5.56;906554;19129252.00
2013/05/06;5.62;5.72;5.51;5.66;974431;20970022.00
2013/05/07;5.62;5.73;5.40;5.67;691248;14727994.00
2013/05/08;5.67;5.67;5.49;5.62;768682;16367029.00
2013/05/09;5.64;5.67;5.39;5.51;1115197;23511076.00
2013/05/10;5.50;5.54;5.30;5.45;1042066;21489454.00
2013/05/13;5.44;5.51;5.35;5.39;1029974;21452774.00
2013/05/14;5.35;5.38;5.01;5.33;579501;11683670.00
2013/05/15;5.35;5.70;5.26;5.70;1015867;21682904.00
2013/05/16;5.73;5.78;5.62;5.70;1351649;29402526.00
2013/05/17;5.63;5.85;5.59;5.80;1196271;26149966.00
2013/05/20;5.75;6.20;5.75;6.06;1207598;27825720.00
2013/05/21;6.00;6.23;5.96;6.14;918783;21492294.00
2013/05/22;6.15;6.15;5.81;5.89;878403;19921810.00
2013/05/23;5.86;6.05;5.82;5.88;649303;14741142.00
2013/05/24;5.87;6.18;5.87;6.07;732465;16968878.00
2013/05/27;6.07;6.31;5.96;6.31;1004286;23689526.00
2013/05/28;6.31;6.42;6.19;6.29;948012;22795588.00
2013/05/29;6.29;6.65;6.20;6.58;1085072;26469854.00
2013/05/30;6.61;6.69;6.51;6.60;729683;18374136.00
2013/05/31;6.53;7.05;6.52;6.94;1098017;28702484.00
2013/06/03;6.91;7.50;6.86;7.49;1954642;54375228.00
2013/06/04;7.36;7.42;6.72;6.72;1755357;47158372.00
2013/06/05;6.42;6.99;6.30;6.96;1788761;44802416.00
2013/06/06;6.83;6.96;6.25;6.25;2504829;61767824.00
2013/06/07;6.18;6.41;6.10;6.26;1115844;26612284.00
2013/06/13;6.16;6.48;5.68;6.42;1829058;42832268.00
2013/06/14;6.37;6.66;6.30;6.56;1250712;31348280.00
2013/06/17;6.60;6.87;6.56;6.67;1363028;35038196.00
2013/06/18;6.71;6.78;6.56;6.75;724742;18392362.00
2013/06/19;6.75;6.75;6.53;6.56;708454;17810056.00
2013/06/20;6.53;6.75;5.89;5.89;1613088;37849456.00
2013/06/21;5.74;5.80;5.36;5.70;2044403;43789284.00
2013/06/24;5.71;5.72;5.11;5.19;1688111;34500732.00
2013/06/25;5.04;5.43;4.82;5.35;1638673;32861436.00
2013/06/26;5.35;5.77;5.35;5.75;1079026;22888466.00
2013/06/27;5.75;5.95;5.65;5.67;1303280;29003526.00
2013/06/28;5.46;5.83;5.40;5.75;495127;10848004.00
2013/07/01;5.57;5.91;5.57;5.89;817866;18192490.00
2013/07/02;5.90;5.95;5.80;5.92;895413;20190146.00
2013/07/03;5.90;5.95;5.69;5.87;805805;18026932.00
2013/07/04;5.87;6.00;5.82;5.91;681992;15316029.00
2013/07/05;5.84;5.99;5.73;5.75;683049;15248190.00
2013/07/08;5.51;5.67;5.22;5.22;740302;15303604.00
2013/07/09;5.22;5.70;5.21;5.53;1028062;21575008.00
2013/07/10;5.44;5.60;5.44;5.59;343874;7318979.00
2013/07/11;5.65;5.72;5.44;5.65;716873;15431966.00
2013/07/12;5.57;6.16;5.53;6.16;2672027;60917200.00
2013/07/15;6.27;6.78;6.27;6.76;2468266;61767768.00
2013/07/16;6.76;7.07;6.55;7.03;2638028;45724020.00
2013/07/17;6.92;7.38;6.67;6.68;2626757;46695488.00
2013/07/18;6.61;6.70;6.40;6.70;1838547;30628324.00
2013/07/19;6.67;6.86;6.54;6.56;1441852;24556094.00
2013/07/22;6.47;6.75;6.47;6.65;1107185;18672942.00
2013/07/23;6.76;6.86;6.58;6.69;2267316;38712692.00
2013/07/24;6.66;6.83;6.41;6.76;2270466;38145924.00
2013/07/25;6.75;6.75;6.31;6.43;1728180;28633988.00
2013/07/26;6.38;6.76;6.17;6.29;1508716;24467812.00
2013/07/29;5.93;6.42;5.93;6.08;1423775;22231990.00
2013/07/30;6.07;6.27;5.74;5.96;1064585;16084545.00
2013/07/31;6.03;6.14;5.83;5.98;871934;13377600.00
2013/08/01;5.94;6.22;5.94;6.19;1000162;15624518.00
2013/08/02;6.20;6.42;6.17;6.33;1268257;20484972.00
2013/08/05;6.30;6.47;6.30;6.42;1426315;23259740.00
2013/08/06;6.46;6.55;6.39;6.46;1573877;26003664.00
2013/08/07;6.45;6.49;6.20;6.38;910274;14628580.00
2013/08/08;6.27;6.40;6.27;6.35;522878;8466649.00
2013/08/09;6.31;6.41;6.25;6.31;408213;6562566.00
2013/08/12;6.27;6.35;6.06;6.24;962887;15249146.00
2013/08/13;6.22;6.26;6.11;6.21;969794;15263523.00
2013/08/14;6.20;6.26;6.09;6.17;878324;13766289.00
2013/08/15;6.14;6.41;6.11;6.31;1481588;23842736.00
2013/08/16;6.30;6.35;5.89;6.04;1177240;18451456.00
2013/08/19;6.07;6.22;5.90;6.18;1425521;22063282.00
2013/08/20;6.15;6.37;6.14;6.36;1704252;27345802.00
2013/08/21;6.36;6.62;6.36;6.57;2127306;35265824.00
2013/08/22;6.53;6.53;6.40;6.46;1703121;28089150.00
2013/08/23;6.46;6.59;6.17;6.44;1338573;21841630.00
2013/08/26;6.44;6.66;6.36;6.66;2003755;33657076.00
2013/08/27;6.62;6.66;6.31;6.55;1102633;18353224.00
2013/08/28;6.54;6.56;6.28;6.33;1640607;26841780.00
2013/08/29;6.38;6.38;6.10;6.26;1019716;16137313.00
2013/08/30;6.18;6.30;6.07;6.17;1150459;18093050.00
2013/09/02;6.17;6.17;5.98;6.12;982161;15195690.00
2013/09/03;6.10;6.15;5.95;6.07;1716263;26416226.00
2013/09/04;6.07;6.26;6.01;6.22;1612742;25368496.00
2013/09/05;6.23;6.23;6.07;6.08;1096003;17138486.00
2013/09/06;6.08;6.20;6.08;6.15;827559;12977637.00
2013/09/09;6.19;6.28;6.15;6.22;1395635;22090506.00
2013/09/10;6.27;6.27;5.95;6.01;1509751;23581264.00
2013/09/11;6.00;6.03;5.48;5.50;1878337;27427522.00
2013/09/12;5.62;5.66;5.51;5.62;1127387;16097642.00
2013/09/13;5.67;5.68;5.52;5.63;603812;8649575.00
2013/09/16;5.62;5.76;5.48;5.73;1099749;15861982.00
2013/09/17;5.71;6.09;5.63;5.99;2049201;30921258.00
2013/09/18;5.88;6.14;5.88;5.97;1525968;23463228.00
2013/09/23;5.98;6.08;5.88;6.06;1111367;17000442.00
2013/09/24;5.97;6.03;5.91;5.92;788855;12019034.00
2013/09/25;5.92;6.10;5.92;5.97;1087527;16754307.00
2013/09/26;5.96;5.97;5.80;5.80;758330;11389731.00
2013/09/27;5.80;5.92;5.77;5.82;399741;5970824.00
2013/09/30;5.91;5.91;5.77;5.87;582833;8716401.00
2013/10/08;5.87;6.13;5.81;6.10;1394944;21515328.00
2013/10/09;6.06;6.07;5.96;6.03;805224;12365902.00
2013/10/10;6.03;6.06;6.00;6.02;499623;7684085.00
2013/10/11;6.02;6.18;5.96;6.12;1214696;18839150.00
2013/10/14;6.11;6.16;6.01;6.08;712535;11009153.00
2013/10/15;6.08;6.15;5.86;5.87;1216253;18631444.00
2013/10/16;5.85;5.90;5.56;5.87;682478;9994422.00
2013/10/17;5.87;5.94;5.78;5.86;461538;6898596.50
2013/10/18;5.87;6.46;5.76;6.46;4148989;66666548.00
2013/10/21;6.46;7.02;6.43;6.87;5093387;87809632.00
2013/10/22;6.87;6.91;6.70;6.76;2071280;35669928.00
2013/10/23;6.68;7.39;6.50;7.00;4232314;74593992.00
2013/10/24;6.87;7.39;6.84;7.22;3320151;60210216.00
2013/10/25;7.18;7.34;6.94;6.95;1841851;33050890.00
2013/10/28;6.95;6.98;6.58;6.95;1961675;33624660.00
2013/10/29;6.87;6.98;6.41;6.67;1544868;26354642.00
2013/10/30;6.67;6.90;6.58;6.83;1177735;20420724.00
2013/10/31;6.83;7.15;6.71;6.98;1544650;27498462.00
2013/11/01;6.95;6.95;6.39;6.65;1247667;21208520.00
2013/11/04;6.67;6.83;6.32;6.83;1257268;20925072.00
2013/11/05;6.76;6.94;6.63;6.85;769582;13274440.00
2013/11/06;6.74;6.93;6.63;6.83;1041419;17926416.00
2013/11/07;6.68;6.82;6.57;6.71;554575;9478543.00
2013/11/08;6.63;6.82;6.59;6.65;515018;8817794.00
2013/11/11;6.48;6.73;6.47;6.69;859976;14480361.00
2013/11/12;6.71;6.86;6.61;6.85;1104529;19027746.00
2013/11/13;6.89;7.02;6.79;6.85;925805;16237219.00
2013/11/14;6.80;7.27;6.78;7.21;2006235;35980924.00
2013/11/15;7.22;7.33;7.14;7.21;1334858;24544674.00
2013/11/18;7.24;7.67;7.22;7.47;1680322;31870820.00
2013/11/19;7.39;7.70;7.31;7.47;1429816;27392292.00
2013/11/20;7.35;7.79;7.35;7.71;1676884;32764578.00
2013/11/21;7.71;7.78;7.55;7.72;854705;16653713.00
2013/11/22;7.73;7.76;7.29;7.39;1216032;23123380.00
2013/11/25;7.51;7.67;7.40;7.43;1100361;20996454.00
2013/11/26;7.41;7.63;7.39;7.55;1008913;19219004.00
2013/11/27;7.55;7.72;7.28;7.71;1567417;29906506.00
2013/11/28;7.67;7.90;7.58;7.60;1057962;20800876.00
2013/11/29;7.62;7.98;7.50;7.96;1987305;39422052.00
2013/12/02;7.52;7.83;7.16;7.16;2699939;51121424.00
2013/12/03;6.72;7.26;6.69;7.14;1796335;31459024.00
2013/12/04;7.15;7.25;6.96;7.14;838182;15191130.00
2013/12/05;7.18;7.18;6.91;7.03;894827;15894929.00
2013/12/06;6.97;6.99;6.67;6.83;1157431;19901052.00
2013/12/09;6.72;6.87;6.67;6.81;834698;14315973.00
2013/12/10;6.81;6.81;6.65;6.74;647219;11043555.00
2013/12/11;6.74;6.79;6.67;6.74;383370;6562799.50
2013/12/12;6.74;6.98;6.67;6.82;513046;8881111.00
2013/12/13;6.69;6.77;6.68;6.76;604091;10327332.00
2013/12/16;6.79;6.81;6.65;6.70;468157;7997078.00
2013/12/17;6.74;6.82;6.51;6.68;752118;12719757.00
2013/12/18;6.86;6.86;6.47;6.66;429412;7242276.50
2013/12/19;6.56;6.68;6.55;6.60;289193;4864746.50
2013/12/20;6.60;6.61;6.45;6.57;303431;5046654.50
2013/12/23;6.56;6.56;6.36;6.52;594256;9831060.00
2013/12/24;6.51;6.81;6.27;6.75;1073072;18164404.00
2013/12/25;6.67;6.89;6.66;6.86;533579;9275734.00
2013/12/26;6.86;6.90;6.73;6.76;348701;6062846.00
2013/12/27;6.68;6.86;6.68;6.83;209401;3625698.50
2013/12/30;6.82;7.10;6.78;7.07;1049255;18405620.00
2013/12/31;6.94;7.13;6.74;7.08;1155973;20438130.00
2014/01/02;7.03;7.27;7.03;7.19;1295947;23494280.00
2014/01/03;7.19;7.34;7.03;7.21;985183;18087040.00
2014/01/06;7.20;7.22;6.96;7.09;824452;14816880.00
2014/01/07;6.98;7.11;6.97;7.06;470096;8395247.00
2014/01/08;7.07;7.57;7.07;7.48;1775106;33165820.00
2014/01/09;7.43;7.46;7.17;7.20;931803;17263204.00
2014/01/10;7.20;7.35;7.00;7.04;819934;14908838.00
2014/01/13;7.07;7.07;6.91;7.04;333065;5945761.00
2014/01/14;7.04;7.27;6.96;7.16;473488;8549353.00
2014/01/15;7.18;7.27;7.05;7.19;613457;11176034.00
2014/01/16;7.18;7.23;6.87;6.94;817675;14564064.00
2014/01/17;6.89;7.06;6.79;6.94;608732;10699326.00
2014/01/20;6.83;7.02;6.64;6.90;895564;15548901.00
2014/01/21;6.93;6.95;6.74;6.92;870249;15123080.00
2014/01/22;6.92;6.97;6.79;6.96;562974;9879819.00
2014/01/23;6.96;7.47;6.96;7.45;2495130;46107012.00
2014/01/24;7.43;7.71;7.30;7.57;2354632;44980712.00
2014/01/27;7.42;7.82;7.38;7.58;2171174;42253756.00
2014/01/28;7.58;7.74;7.55;7.66;736624;14247999.00
2014/01/29;7.63;7.86;7.27;7.36;2541673;48676564.00
2014/01/30;7.31;7.54;7.28;7.50;1040109;19638032.00
2014/02/07;7.36;7.78;7.36;7.76;1102635;21361256.00
2014/02/10;7.76;8.26;7.75;8.18;2099568;42666400.00
2014/02/11;8.19;9.02;7.95;8.67;3757543;81410552.00
2014/02/12;8.80;8.87;8.52;8.75;1941172;43152348.00
2014/02/13;8.82;9.64;8.82;9.31;6791646;163603072.00
2014/02/14;9.43;9.78;9.27;9.52;3882662;93342392.00
2014/02/17;9.43;9.85;9.18;9.78;2823920;68767288.00
2014/02/18;9.57;9.75;9.12;9.59;1670270;40096068.00
2014/02/19;9.62;10.34;9.46;10.22;3089538;78938104.00
2014/02/20;10.22;10.25;9.72;9.91;1699400;42666924.00
2014/02/21;9.87;9.87;9.42;9.71;1746693;42666152.00
2014/02/24;9.67;10.18;9.34;10.17;2947992;73881752.00
2014/02/25;10.17;11.20;9.61;9.95;6251469;164544912.00
2014/02/26;9.56;10.44;9.40;10.15;3119333;78922112.00
2014/02/27;10.06;10.87;9.27;9.47;5349862;135097616.00
2014/02/28;9.39;9.44;8.67;9.07;3046364;69924608.00
2014/03/03;9.19;9.23;8.80;9.22;2174800;49338260.00
2014/03/04;9.07;9.19;8.84;9.15;1089065;24935496.00
2014/03/05;9.15;9.26;9.04;9.07;1052639;24397708.00
2014/03/06;9.13;9.14;8.71;8.94;736687;16713199.00
2014/03/07;8.78;8.78;8.19;8.52;3345690;71781088.00
2014/03/10;8.40;8.64;8.22;8.22;1418950;30452386.00
2014/03/11;8.18;8.35;8.01;8.27;1068273;22261670.00
2014/03/12;8.27;8.39;8.11;8.31;794458;16597599.00
2014/03/13;8.31;8.67;8.31;8.66;1064997;23039190.00
2014/03/14;8.67;8.71;8.49;8.69;727991;15934179.00
2014/03/17;8.75;9.18;8.69;9.13;1463039;33412144.00
2014/03/18;9.13;9.23;8.99;9.14;576645;13302223.00
2014/03/19;8.95;9.16;8.68;8.98;1065724;23918844.00
2014/03/20;8.90;8.91;8.53;8.56;491140;10910918.00
2014/03/21;8.47;8.66;8.12;8.66;1181363;25052208.00
2014/03/24;8.56;8.56;8.30;8.39;865795;18400264.00
2014/03/25;8.36;8.36;8.14;8.27;596514;12460863.00
2014/03/26;8.22;8.51;8.21;8.41;612227;13030831.00
2014/03/27;8.41;8.51;8.21;8.38;476305;10010130.00
2014/03/28;8.28;8.31;7.53;7.53;1551242;30555780.00
2014/03/31;7.29;7.60;7.28;7.42;539114;10174256.00
2014/04/01;7.51;7.52;7.36;7.44;589885;11132420.00
2014/04/02;7.46;7.50;7.20;7.31;1026612;19103480.00
2014/04/03;7.31;7.31;7.03;7.23;603577;11036173.00
2014/04/04;7.18;7.26;7.03;7.26;1179154;21334530.00
2014/04/08;7.11;7.31;7.04;7.22;1025576;18702138.00
2014/04/09;7.46;7.86;7.43;7.79;1996977;39182744.00
2014/04/10;7.75;7.76;7.59;7.72;1826967;35624368.00
2014/04/11;7.63;8.26;7.60;8.19;1585328;32063774.00
2014/04/14;8.14;8.47;8.14;8.27;1464195;30940504.00
2014/04/15;8.28;8.39;8.11;8.16;664890;13848805.00
2014/04/16;8.06;8.39;7.98;8.13;499005;10263547.00
2014/04/17;8.22;8.26;8.02;8.02;512709;10507793.00
2014/04/18;8.02;8.31;7.89;8.24;760739;15744091.00
2014/04/21;8.11;8.47;7.99;8.36;1068096;22710308.00
2014/04/22;8.30;8.59;8.10;8.36;1000999;20980500.00
2014/04/23;8.27;8.54;8.27;8.51;764070;16382302.00
2014/04/24;8.40;9.35;8.30;8.99;1146642;25384738.00
2014/04/25;8.97;9.27;8.47;8.75;1547245;34807916.00
2014/04/28;8.55;8.75;7.96;8.07;808285;17293566.00
2014/04/29;8.07;8.39;8.00;8.20;472347;9818373.00
2014/04/30;8.22;8.45;8.12;8.44;791426;16757989.00
2014/05/05;8.39;8.75;8.29;8.75;826556;17828082.00
2014/05/06;8.74;8.95;8.54;8.87;834978;18677128.00
2014/05/07;8.86;8.99;8.52;8.58;510996;11265754.00
2014/05/08;8.52;8.89;8.52;8.79;828634;18410442.00
2014/05/09;8.79;8.88;8.52;8.60;717572;15700695.00
2014/05/12;8.68;9.07;8.53;8.78;740898;16370336.00
2014/05/13;8.79;9.07;8.78;8.98;1023264;23225644.00
2014/05/14;8.97;9.18;8.92;9.02;1094904;25106424.00
2014/05/15;8.95;9.05;8.67;8.79;533913;12005407.00
2014/05/16;8.78;8.86;8.47;8.71;676779;14799976.00
2014/05/19;8.75;8.79;8.62;8.66;419785;9265364.00
2014/05/20;8.67;8.97;8.47;8.60;779932;17116726.00
2014/05/21;8.63;8.75;8.32;8.68;707844;15292236.00
2014/05/22;8.67;8.77;8.54;8.64;434716;9498767.00
2014/05/23;8.55;8.73;8.51;8.72;423894;9260751.00
2014/05/26;8.77;9.03;8.68;9.02;1051892;23679042.00
2014/05/27;9.03;9.15;8.89;9.00;680788;15518360.00
2014/05/28;8.95;9.35;8.88;9.30;1885510;44053040.00
2014/05/29;9.29;9.39;9.15;9.21;607851;14234688.00
2014/05/30;9.17;9.74;9.17;9.71;2570420;61703152.00
2014/06/03;9.68;9.95;9.60;9.82;2019088;50032224.00
2014/06/04;9.79;9.87;9.48;9.58;1494706;36366488.00
2014/06/05;9.58;9.59;9.36;9.53;932297;22339666.00
2014/06/06;9.50;9.74;9.47;9.56;910076;22157978.00
2014/06/09;9.40;9.56;9.08;9.12;1377329;32158624.00
2014/06/10;9.12;9.60;9.03;9.58;1093403;25921266.00
2014/06/11;9.55;9.59;9.38;9.55;526522;12647791.00
2014/06/12;9.60;9.66;9.44;9.60;660184;15951642.00
2014/06/13;9.57;9.79;9.55;9.79;1531324;37591880.00
2014/06/16;9.75;10.07;9.69;9.96;1136940;28586776.00
2014/06/17;9.88;10.00;9.67;9.75;950575;23598374.00
2014/06/18;9.68;9.86;9.48;9.61;414412;10119211.00
2014/06/19;9.62;10.14;9.34;9.66;1183760;29352930.00
2014/06/20;9.48;9.99;9.48;9.99;727423;18139362.00
2014/06/23;9.99;10.43;9.99;10.12;1122258;29049188.00
2014/06/24;10.00;10.26;9.90;10.22;814458;20792710.00
2014/06/25;10.22;10.95;10.08;10.76;2683192;71790808.00
2014/06/26;10.80;10.86;10.57;10.72;1501550;40689188.00
2014/06/27;10.64;10.86;10.54;10.74;1140958;30768758.00
2014/06/30;10.74;11.23;10.66;10.80;1898054;52493700.00
2014/07/01;10.76;11.07;10.47;10.72;1299838;35263820.00
2014/07/02;10.78;10.79;10.53;10.68;1143813;30787316.00
2014/07/03;10.56;10.79;10.55;10.63;732760;19801476.00
2014/07/04;10.61;10.72;10.24;10.43;1783071;46816972.00
2014/07/07;10.45;10.66;10.32;10.66;725101;19258534.00
2014/07/08;10.66;10.87;10.52;10.86;827630;22491344.00
2014/07/09;10.86;11.40;10.73;11.19;1908694;53831876.00
2014/07/10;11.27;11.32;10.95;11.19;757731;21317212.00
2014/07/11;11.15;11.30;11.07;11.30;515378;14577474.00
2014/07/14;11.27;11.43;11.13;11.42;740310;21164442.00
2014/07/15;11.47;11.72;10.79;10.98;2495718;70515344.00
2014/07/16;10.79;10.95;10.28;10.50;1835576;48974236.00
2014/07/17;10.49;10.61;10.22;10.33;1029834;26988424.00
2014/07/18;10.27;10.43;10.13;10.23;828090;21473784.00
2014/07/21;10.09;10.22;9.75;10.13;1595303;40217456.00
2014/07/22;10.05;10.41;9.97;10.40;762505;19750004.00
2014/07/23;10.49;10.49;9.89;10.11;1127030;28865894.00
2014/07/24;9.91;10.11;9.73;10.05;591990;14780495.00
2014/07/25;9.85;10.13;9.82;9.97;532956;13395873.00
2014/07/28;9.94;10.23;9.94;10.23;735627;18888850.00
2014/07/29;10.23;10.71;10.23;10.51;894545;23763478.00
2014/07/30;10.51;10.67;10.32;10.45;574333;15147335.00
2014/07/31;10.43;10.67;10.33;10.64;717537;19171326.00
2014/08/01;10.55;11.17;10.52;10.73;1498291;41175080.00
2014/08/04;10.75;10.90;10.57;10.79;707495;19126236.00
2014/08/05;10.81;10.99;10.57;10.88;656918;17878786.00
2014/08/06;10.77;10.95;10.61;10.68;700015;19013308.00
2014/08/07;10.69;10.69;10.25;10.25;1086548;28706492.00
2014/08/08;10.22;10.47;10.21;10.40;486690;12791271.00
2014/08/11;10.45;10.68;10.40;10.51;546798;14515047.00
2014/08/12;10.46;10.64;10.41;10.45;752561;19932482.00
2014/08/13;10.44;10.53;10.29;10.49;552416;14525024.00
2014/08/14;10.45;10.52;10.37;10.46;540692;14275759.00
2014/08/15;10.51;10.53;10.33;10.53;901452;23765826.00
2014/08/18;10.53;11.21;10.42;11.11;2675846;73573520.00
2014/08/19;11.11;11.12;10.80;10.93;1412994;39036076.00
2014/08/20;10.86;11.03;10.82;10.95;903629;24984192.00
2014/08/21;10.95;11.04;10.69;10.99;1145702;31573162.00
2014/08/22;11.08;11.08;10.81;10.96;1417532;39054864.00
2014/08/25;10.92;10.92;10.69;10.79;1462598;39827820.00
2014/08/26;10.80;10.84;10.64;10.79;891897;24235072.00
2014/08/27;10.60;11.16;10.60;11.15;2524175;70157144.00
2014/08/28;11.09;11.13;10.81;10.91;1886858;52329448.00
2014/08/29;10.82;10.97;10.74;10.89;877208;24032272.00
2014/09/01;10.94;11.32;10.94;11.23;2285059;64475340.00
2014/09/02;11.23;11.57;11.22;11.57;2579585;74723056.00
2014/09/03;11.57;11.88;11.15;11.21;5464170;156477488.00
2014/09/04;11.23;11.23;10.89;11.10;3079289;85782768.00
2014/09/05;11.12;11.89;11.09;11.89;5038452;146995360.00
2014/09/09;11.77;12.29;11.59;11.75;7822914;231658416.00
2014/09/10;11.73;12.09;11.49;11.97;3126887;93060136.00
2014/09/11;11.93;12.67;11.85;12.39;4053463;126960264.00
2014/09/12;12.09;12.59;12.09;12.57;2827060;88287072.00
2014/09/15;12.65;12.67;12.29;12.51;2277041;71773424.00
2014/09/16;12.52;12.59;11.91;12.29;3267830;100775144.00
2014/09/17;12.15;12.33;11.89;12.11;1507612;46101956.00
2014/09/18;11.98;12.36;11.98;12.11;1027051;31648688.00
2014/09/19;12.19;12.31;11.79;12.17;1434101;43841484.00
2014/09/22;12.05;12.15;11.86;12.05;1410059;42626712.00
2014/09/23;12.05;12.77;11.93;12.72;2410219;75780560.00
2014/09/24;12.63;13.71;12.63;13.33;2716951;90425160.00
2014/09/25;13.41;13.57;13.17;13.35;1582301;53217104.00
2014/09/26;13.31;13.72;13.17;13.58;1182663;40411668.00
2014/09/29;13.57;14.25;13.51;14.01;1441795;50568188.00
2014/09/30;14.04;14.25;13.66;14.02;1011988;35629688.00
2014/10/08;13.89;14.25;13.74;14.09;1126070;39763856.00
2014/10/09;14.09;14.49;13.81;14.20;1299965;46561496.00
2014/10/10;14.30;14.45;14.01;14.17;1223034;43712908.00
2014/10/13;14.09;14.25;13.49;14.01;1805537;62820944.00
2014/10/14;14.12;15.09;13.95;14.05;2728025;99449720.00
2014/10/15;13.91;14.89;13.71;14.89;1537719;55485336.00
2014/10/16;14.85;15.28;14.49;14.83;1574525;59462640.00
2014/10/17;14.83;15.15;14.31;14.89;1640863;60804780.00
2014/10/20;14.89;15.70;14.89;15.70;1242218;47765504.00
2014/10/21;15.69;15.69;15.22;15.29;1088999;42219924.00
2014/10/22;15.39;16.49;15.29;15.95;2064217;83509504.00
2014/10/23;15.93;16.35;15.69;16.09;1389539;56154396.00
2014/10/24;16.11;16.48;15.55;16.04;1215641;48722548.00
2014/10/27;15.89;16.09;15.49;16.01;963925;38375708.00
2014/10/28;15.87;17.20;15.87;16.74;1835801;76742832.00
2014/10/29;16.83;18.43;16.83;18.32;2218586;98271496.00
2014/10/30;18.31;18.84;17.81;18.29;1823064;83695136.00
2014/10/31;17.95;18.57;17.45;17.92;2072745;92662896.00
2014/11/03;17.88;17.88;17.09;17.57;1706575;75104992.00
2014/11/04;17.49;17.81;17.30;17.55;1252716;55158272.00
2014/11/05;17.53;18.27;16.67;18.19;2060990;90073736.00
2014/11/06;18.01;18.45;17.78;18.21;949550;43158660.00
2014/11/07;18.21;18.25;17.49;18.09;898501;40447060.00
2014/11/10;17.91;18.23;17.12;17.25;1690863;74342176.00
2015/01/28;18.69;18.69;16.80;17.34;9857282;436907328.00
2015/01/29;17.09;17.43;16.09;16.56;3402536;143236992.00
2015/01/30;16.63;16.95;16.09;16.37;2082523;86468024.00
2015/02/02;16.37;16.79;15.92;16.37;2314903;95418456.00
2015/02/03;16.45;17.13;16.19;16.89;3225119;137384864.00
2015/02/04;17.09;18.59;17.09;18.17;3727272;170028736.00
2015/02/05;18.09;19.36;17.85;18.29;3891970;182851344.00
2015/02/06;18.09;18.69;17.81;17.89;2006085;91554024.00
2015/02/09;17.70;18.41;17.68;18.19;2483523;113442736.00
2015/02/10;18.09;18.34;17.69;18.33;1445581;65624880.00
2015/02/11;18.36;18.50;17.89;18.05;1445249;66131532.00
2015/02/12;18.06;18.59;17.89;18.36;1455280;67000916.00
2015/02/13;18.39;19.41;18.37;19.10;2141562;102334544.00
2015/02/16;19.35;20.29;19.13;20.05;1854703;92848336.00
2015/02/17;20.29;20.32;19.42;19.88;1239439;61548336.00
2015/02/25;19.69;19.92;19.13;19.21;1415950;69725280.00
2015/02/26;19.18;19.66;18.47;19.01;1231501;58597316.00
2015/02/27;19.13;19.68;18.89;19.47;1117296;54586836.00
2015/03/02;19.47;19.67;19.11;19.61;1734575;84904776.00
2015/03/03;19.53;19.53;18.98;19.08;2798197;135105408.00
2015/03/04;19.00;19.27;18.79;19.14;1166565;55846720.00
2015/03/05;19.17;19.33;18.83;18.87;1439956;68614896.00
2015/03/06;18.89;18.97;18.39;18.49;1541286;72144664.00
2015/03/09;18.21;18.88;18.09;18.51;1233966;57482816.00
2015/03/10;18.62;19.28;18.29;19.07;2356495;112175480.00
2015/03/11;19.09;19.25;18.50;19.01;1821317;85723248.00
2015/03/12;18.85;18.97;18.24;18.31;1004492;46814160.00
2015/03/13;18.64;19.16;18.29;19.06;1798964;85356720.00
2015/03/16;19.25;20.68;19.25;20.45;2406749;120386768.00
2015/03/17;20.49;20.61;19.71;19.99;2153791;108609200.00
2015/03/18;19.73;20.01;19.50;19.92;2049636;101857288.00
2015/03/19;19.81;19.81;19.23;19.59;3676257;179492368.00
2015/03/20;19.49;19.85;19.33;19.57;2923517;143550976.00
2015/03/23;19.57;20.45;19.44;20.45;4245102;213817088.00
2015/03/24;20.53;20.69;19.49;20.05;3781154;191611792.00
2015/03/25;19.89;22.07;19.78;21.49;6596514;356468064.00
2015/03/26;21.49;23.65;20.69;22.33;6900930;388085504.00
2015/03/27;22.64;24.57;22.11;24.57;5377499;319061152.00
2015/03/30;24.69;25.77;22.97;23.13;5957245;361889792.00
2015/03/31;23.53;25.33;22.55;24.95;5431661;327000960.00
2015/04/01;24.93;27.09;24.57;26.45;4319873;284537568.00
2015/04/02;26.53;27.35;26.13;26.82;3819329;255274656.00
2015/04/03;26.33;27.81;26.21;27.01;3704368;250317792.00
2015/04/07;26.89;27.20;26.29;27.16;3955170;265464272.00
2015/04/08;26.91;29.09;26.21;27.89;4320334;302218400.00
2015/04/09;27.49;28.87;25.49;27.42;4204848;286469472.00
2015/04/10;26.87;28.49;26.57;27.69;2989325;207236240.00
2015/04/13;27.65;28.68;26.89;28.22;3102953;216839776.00
2015/04/14;27.89;28.09;26.64;27.09;3483952;238222912.00
2015/04/15;26.78;26.88;24.37;25.17;3922137;249524944.00
2015/04/16;25.29;27.09;24.11;25.57;2666603;172771200.00
2015/04/17;25.55;26.17;24.69;24.91;2211042;140108512.00
2015/04/20;24.65;26.69;23.89;25.51;3706871;237602640.00
2015/04/21;25.51;28.07;25.47;28.07;3420790;234982688.00
2015/04/22;29.08;30.29;28.09;28.69;3065377;223085392.00
2015/04/23;28.65;31.57;27.83;31.57;5296971;398014784.00
2015/04/24;30.49;33.78;30.44;32.69;3531122;283172224.00
2015/04/27;33.09;34.49;31.48;32.60;2542275;208139424.00
2015/04/28;32.09;32.92;30.09;30.29;2869768;222570064.00
2015/04/29;30.13;31.49;29.89;31.10;1853291;143647360.00
2015/04/30;31.49;34.22;30.73;32.81;3617765;297314048.00
2015/05/04;33.02;33.07;31.33;32.05;1609392;128632336.00
2015/05/05;31.89;33.47;31.09;31.49;1265140;101511936.00
2015/05/06;31.40;33.57;31.40;32.05;1852304;151454048.00
2015/05/07;31.89;32.69;30.29;31.49;2609833;204870528.00
2015/05/08;31.89;33.84;31.56;33.76;2344931;193145024.00
2015/05/11;34.29;35.89;33.77;35.44;1987560;175254032.00
2015/05/12;36.09;37.09;33.83;35.37;4230814;377811424.00
2015/05/13;33.89;38.89;33.10;38.89;4756048;429095392.00
2015/05/14;39.65;42.19;38.91;41.09;3924503;399421504.00
2015/05/15;40.61;45.21;37.40;43.73;10302503;439120256.00
2015/05/18;43.63;46.73;42.80;45.23;7926069;358785024.00
2015/05/19;45.35;46.59;41.93;44.50;6464044;286122400.00
2015/05/20;44.33;47.73;43.43;46.46;7277355;332908736.00
2015/05/21;45.93;47.92;44.93;45.32;6971890;321571968.00
2015/05/22;45.91;46.83;42.23;44.05;7800740;343493376.00
2015/05/25;42.93;46.73;41.73;45.43;7268052;326928768.00
2015/05/26;45.43;49.98;45.43;49.98;8697625;417774048.00
2015/05/27;52.23;54.99;49.23;54.99;8787607;455628544.00
2015/05/28;54.99;59.51;53.53;55.01;10129908;575850880.00
2015/05/29;56.93;60.31;49.64;59.93;9067788;524625536.00
2015/06/01;63.73;65.09;59.18;61.43;8241127;518251488.00
2015/06/02;62.13;63.13;56.78;58.22;18294701;1079467392.00
2015/06/03;58.22;59.93;55.73;59.93;8886527;517084480.00
2015/06/04;60.28;60.62;55.23;58.88;5515916;321728160.00
2015/06/05;59.11;63.93;57.31;61.67;8306566;507847424.00
2015/06/08;61.51;62.22;56.99;60.52;8184143;494221408.00
2015/06/09;59.43;61.93;57.61;61.27;7544012;453690688.00
2015/06/10;60.83;63.44;59.14;62.59;5371156;333907744.00
2015/06/11;62.73;63.81;59.43;61.73;5937674;363081632.00
2015/06/12;60.92;61.83;59.79;61.21;3749965;228024304.00
2015/06/15;61.24;61.93;59.23;59.46;4682444;282706560.00
2015/06/16;57.70;58.28;53.51;53.51;4037936;222736336.00
2015/06/17;53.33;54.93;48.18;53.12;5396971;279250336.00
2015/06/18;53.73;54.95;47.80;47.80;4413762;229911920.00
2015/06/19;46.04;47.43;43.01;45.43;7110955;315054048.00
2015/06/23;44.43;47.73;42.93;47.38;5359009;240801136.00
2015/06/24;47.38;51.14;43.73;46.73;4978463;238543168.00
2015/06/25;46.93;47.93;44.00;44.45;4877978;225058368.00
2015/06/26;42.93;42.93;40.00;40.00;4010101;163185760.00
2015/06/29;41.47;41.63;35.99;35.99;5614592;207890880.00
2015/06/30;34.92;39.60;32.38;39.60;9996589;355933856.00
2015/07/01;40.68;42.43;35.63;36.62;6425816;259859056.00
2015/07/02;32.96;37.32;32.95;32.95;6493296;218812656.00
2015/07/03;31.91;35.08;29.65;29.65;7607093;240360752.00
2015/07/06;32.62;32.62;26.68;26.68;7419882;213012912.00
2015/07/07;24.01;24.01;24.01;24.01;206200;4965296.00
2015/08/05;26.42;26.42;26.42;26.42;206120;5460119.00
2015/08/06;29.07;29.07;29.07;29.07;13339223;388704960.00
2015/08/07;29.23;31.97;28.93;31.94;24845324;749108608.00
2015/08/10;32.23;33.91;30.44;33.11;18345447;592203904.00
2015/08/11;32.72;33.02;31.63;32.07;12071948;390639584.00
2015/08/12;31.73;34.93;31.34;33.33;13753485;462163872.00
2015/08/13;32.73;33.50;31.59;32.93;8371974;273787616.00
2015/08/14;33.13;34.26;32.39;33.08;8671240;289009280.00
2015/08/17;32.43;33.02;31.73;32.23;6122627;197201264.00
2015/08/18;32.43;32.58;29.00;29.00;7373852;226769088.00
2015/08/19;27.25;30.59;26.09;29.41;10576554;293098304.00
2015/08/20;28.73;29.38;26.93;27.05;5058008;143779024.00
2015/08/21;26.21;26.94;24.34;24.34;8964473;226607296.00
2015/08/24;22.63;22.63;21.90;21.90;2272300;50085936.00
2015/08/25;19.70;20.13;19.70;19.70;3905500;77320424.00
2015/08/26;18.88;20.33;17.72;17.72;13260143;244725216.00
2015/08/27;18.03;18.83;16.94;18.83;10815144;196606896.00
2015/08/28;19.38;20.72;18.93;20.72;11862605;239750400.00
2015/08/31;20.93;21.38;18.93;19.11;9767555;199792736.00
2015/09/01;18.53;18.63;17.19;17.19;5953158;104480544.00
2015/09/02;15.48;17.93;15.46;15.46;11791930;189340832.00
2015/09/07;16.03;17.01;15.93;16.93;14162030;237868304.00
2015/09/08;16.73;18.63;16.29;18.63;10548216;184735856.00
2015/09/09;19.23;20.50;19.21;20.50;12664011;253570224.00
2015/09/10;20.32;22.33;19.73;21.12;13560658;289201856.00
2015/09/11;20.93;21.58;20.28;21.12;9359747;196035152.00
2015/09/14;21.33;21.33;19.00;19.00;8730702;174245392.00
2015/09/15;17.78;18.63;17.09;17.09;9412018;165463776.00
2015/09/16;17.23;18.81;17.09;18.81;12666045;227808048.00
2015/09/17;18.84;20.70;18.66;19.70;14828752;296581984.00
2015/09/18;20.13;20.92;19.29;20.53;12479942;249787920.00
2015/09/21;20.23;22.59;20.13;22.59;13241912;291521504.00
2015/09/22;23.23;23.23;21.74;22.13;11593444;260543472.00
2015/09/23;21.53;23.11;21.48;22.41;8972827;201368704.00
2015/09/24;22.42;24.53;22.42;24.43;11563332;271208896.00
2015/09/25;23.93;24.52;22.74;22.96;8851850;208969824.00
2015/09/28;22.93;24.49;22.91;24.18;6998084;166221664.00
2015/09/29;23.41;25.92;23.25;25.15;11824892;295507168.00
2015/09/30;25.08;26.11;24.44;24.99;6863225;173369728.00
2015/10/08;26.11;26.95;25.44;26.81;6581467;172370960.00
2015/10/09;26.59;27.28;26.20;26.65;4669882;125371400.00
2015/10/12;26.72;28.71;26.43;27.43;8596672;238200912.00
2015/10/13;26.73;27.81;26.73;27.38;6376688;174636576.00
2015/10/14;27.43;27.62;25.73;25.83;6794643;179624464.00
2015/10/15;26.13;27.38;25.62;27.20;6530640;174350736.00
2015/10/16;27.23;27.58;25.93;26.75;7982532;213427472.00
2015/10/19;27.93;29.43;27.93;29.43;18378590;538716928.00
2015/10/20;30.18;32.07;29.23;31.23;16494187;500734240.00
2015/10/21;30.54;31.17;28.10;28.13;13505068;398210944.00
2015/10/22;27.95;29.82;27.63;29.79;11436926;331247648.00
2015/10/23;29.81;32.02;29.43;30.83;8654230;267287088.00
2015/10/26;31.33;31.68;29.83;30.71;6631463;204541392.00
2015/10/27;32.14;33.79;30.63;33.79;18827541;614142912.00
2015/10/28;32.93;36.18;32.93;33.98;12134498;427755872.00
2015/10/29;33.26;37.39;33.26;37.39;11948098;433405184.00
2015/10/30;38.23;38.83;36.23;37.23;11927787;449961024.00
2015/11/02;35.25;35.88;33.50;33.93;13820966;478799488.00
2015/11/03;34.05;34.81;33.11;33.88;5549435;189409952.00
2015/11/04;34.24;36.78;33.94;36.14;8235126;292074752.00
2015/11/05;36.19;37.77;33.74;34.61;12303265;437210560.00
2015/11/06;34.60;36.11;34.40;35.17;5707633;202253472.00
2015/11/09;34.88;38.43;33.48;37.55;10645399;378108736.00
2015/11/10;36.58;38.29;36.19;36.93;7759790;287343360.00
2015/11/11;36.93;38.24;36.93;38.00;7448928;281814944.00
2015/11/12;38.01;40.93;36.16;39.65;7982338;305993280.00
2015/11/13;38.81;39.63;36.93;37.73;5122297;197251632.00
2015/11/16;37.23;38.42;36.26;38.21;4146515;155677008.00
2015/11/17;38.20;40.25;37.94;38.90;6849839;270931648.00
2015/11/18;38.89;39.59;35.93;36.12;6704258;250394896.00
2015/11/19;36.18;36.93;35.45;36.81;4929473;179034304.00
2015/11/20;36.82;39.01;36.53;37.93;6445258;246075712.00
2015/11/23;37.93;38.17;36.18;36.46;3709440;137935248.00
2015/11/24;36.93;37.42;35.21;36.83;3346614;121604168.00
2015/11/25;36.73;37.76;36.73;37.53;3536008;132626456.00
2015/11/26;37.72;40.48;37.35;39.33;8795924;343848448.00
2015/11/27;39.93;41.81;37.93;38.31;13488615;542423360.00
2015/11/30;36.81;37.93;34.47;36.39;11451504;409340352.00
2015/12/01;36.01;36.01;33.43;34.13;8140543;280792928.00
2015/12/02;34.02;34.02;31.15;32.42;4801154;157546880.00
2015/12/03;32.10;34.32;32.10;34.10;4378521;147959600.00
2015/12/04;34.07;35.41;33.26;34.03;4145065;141787952.00
2015/12/07;34.42;34.42;33.34;34.13;2515770;85526304.00
2015/12/08;34.03;34.03;32.80;33.03;2954702;98532408.00
2015/12/09;32.92;33.90;32.40;33.33;3568187;118536408.00
2015/12/10;33.13;33.82;32.97;33.28;2690888;89917272.00
2015/12/11;33.23;35.53;33.11;34.68;5147304;178358016.00
2015/12/14;34.23;38.03;33.84;37.40;5674231;204140240.00
2015/12/15;37.92;39.83;37.43;38.31;6420791;250453312.00
2015/12/16;38.29;39.08;37.51;37.78;3601920;137321200.00
2015/12/17;38.53;39.51;37.93;38.82;3354885;130218736.00
2015/12/18;39.43;40.20;38.46;38.93;3782340;148987072.00
2015/12/21;38.33;39.76;38.33;38.59;2597062;101325368.00
2015/12/22;38.33;38.91;36.86;37.61;4031919;151418304.00
2015/12/23;37.61;38.18;36.53;36.74;2732364;101675864.00
2015/12/24;36.33;40.42;35.93;40.42;7608801;295777408.00
2015/12/25;40.80;40.88;39.14;40.13;4863816;194213920.00
2015/12/28;40.43;40.51;37.45;37.77;4290786;168019664.00
2015/12/29;37.51;37.65;36.64;37.65;2368431;88159584.00
2015/12/30;37.93;41.42;37.43;41.42;8984304;361717280.00
2015/12/31;41.47;42.43;39.73;40.33;8137660;334011584.00
2016/01/04;40.93;41.93;36.45;36.56;5671002;227883232.00
2016/01/05;34.73;39.13;33.95;37.72;9968579;369387808.00
2016/01/06;38.22;41.50;37.72;41.44;9036383;358014976.00
2016/01/07;39.93;40.38;37.29;37.29;2519645;98286464.00
2016/01/08;37.58;39.21;33.93;36.11;10238600;381228096.00
2016/01/11;34.08;35.06;32.49;32.49;5929812;198232624.00
2016/01/12;30.98;32.49;29.23;29.53;8882856;269310848.00
2016/01/13;30.10;30.90;26.95;27.52;4245944;124978320.00
2016/01/14;26.32;28.93;24.83;28.65;6150887;166221936.00
2016/01/15;28.23;29.63;26.73;27.25;5488166;157867008.00
2016/01/18;26.93;28.53;26.63;27.83;5646842;158307696.00
2016/01/19;27.63;30.51;26.94;29.92;6270502;181819648.00
2016/01/20;29.88;31.32;29.54;30.28;6606134;201535344.00
2016/01/21;30.08;31.23;29.13;29.13;4311385;130927408.00
2016/01/22;29.13;30.28;27.43;29.14;4494198;130409856.00
2016/01/25;29.65;30.13;29.03;29.31;2253747;66845736.00
2016/01/26;28.93;29.38;26.37;26.37;3554843;99200992.00
2016/01/27;25.93;26.91;23.73;24.62;5719721;141257360.00
2016/01/28;24.33;24.93;22.15;22.15;4033191;94644120.00
2016/01/29;21.73;23.33;20.43;22.68;7283737;161091568.00
2016/02/01;22.13;23.36;21.93;22.58;4717027;107422928.00
2016/02/02;22.76;24.84;22.58;23.86;5707300;137560464.00
2016/02/03;23.43;25.13;23.43;24.64;4303779;103908120.00
2016/02/04;24.93;26.91;24.67;25.70;4504029;117129304.00
2016/02/05;25.77;26.13;25.31;25.68;2722182;70392184.00
2016/02/15;24.43;26.12;24.43;25.94;2412226;61840388.00
2016/02/16;26.43;27.12;26.04;26.92;3457257;92918816.00
2016/02/17;26.93;28.09;26.59;27.28;5126959;140741072.00
2016/02/18;27.42;27.50;25.93;26.54;4017077;107866152.00
2016/02/19;26.24;26.93;26.01;26.33;3147758;83614784.00
2016/02/22;26.93;27.23;26.46;26.89;4071332;109046984.00
2016/02/23;26.88;27.38;25.93;26.42;3282125;87991376.00
2016/02/24;26.54;26.90;24.28;25.40;4907754;125008744.00
2016/02/25;25.48;25.52;22.85;22.85;6342004;150147728.00
2016/02/26;22.84;23.03;21.29;21.74;5714465;126761592.00
2016/02/29;21.71;21.71;19.56;19.75;4861902;98908440.00
2016/03/01;20.18;21.48;18.70;20.93;6866863;137919616.00
2016/03/02;20.56;22.12;20.28;21.93;6143747;130933872.00
2016/03/03;21.93;22.43;21.26;21.47;6436410;140553072.00
2016/03/04;21.20;21.35;19.68;19.93;5413518;110726720.00
2016/03/07;20.03;21.21;19.95;20.39;4830106;99747400.00
2016/03/08;20.26;21.13;19.43;20.94;5561819;113547168.00
2016/03/09;20.48;21.24;20.11;20.53;3762084;78309400.00
2016/03/10;20.53;20.91;20.03;20.13;3152692;64830944.00
2016/03/11;20.29;20.37;19.71;19.93;3414196;68383456.00
2016/03/14;20.23;21.93;20.21;21.93;10672840;230366144.00
2016/03/15;22.03;23.34;21.75;22.45;11418746;259950304.00
2016/03/16;22.88;23.50;21.58;22.55;7043957;160143936.00
2016/03/17;22.41;24.81;22.41;24.81;10833238;262144400.00
2016/03/18;25.53;26.73;25.31;26.03;10303593;269153344.00
2016/03/21;26.23;26.76;25.43;26.51;9078324;238739520.00
2016/03/22;26.48;28.93;26.09;27.83;11118743;304870208.00
2016/03/23;27.44;27.93;26.75;27.59;6488958;177147824.00
2016/03/24;27.08;27.39;26.16;26.16;5954458;160326464.00
2016/03/25;26.15;26.82;25.76;26.13;4003725;105186808.00
2016/03/28;26.93;28.67;26.23;26.92;9769439;270434656.00
2016/03/29;26.94;26.98;25.33;26.12;5102863;133669848.00
2016/03/30;26.92;27.53;26.48;27.49;6669062;181449872.00
2016/03/31;27.50;28.51;27.23;28.11;6363618;178906784.00
2016/04/01;27.93;28.08;26.81;27.53;4612989;126336064.00
2016/04/05;27.43;28.63;27.43;28.32;4921845;138502432.00
2016/04/06;28.08;28.82;27.85;28.54;4015073;114536624.00
2016/04/07;28.41;28.69;26.93;27.21;4454873;123142640.00
2016/04/08;26.72;27.79;26.34;26.92;4398268;119717272.00
2016/04/11;27.92;29.62;27.92;29.62;5054236;148008560.00
2016/04/12;30.61;30.63;28.76;29.73;7937749;236009472.00
2016/04/13;29.70;32.31;29.44;30.59;7722760;241078416.00
2016/04/14;30.67;31.15;29.93;30.99;5153347;157542896.00
2016/04/15;31.23;31.40;30.38;30.69;2991525;92160264.00
2016/04/18;30.53;32.21;29.52;31.44;5793842;179616480.00
2016/04/19;31.53;32.53;31.04;31.35;3738890;118349232.00
2016/04/20;31.35;31.81;28.24;30.17;6667242;202090016.00
2016/04/21;29.93;30.68;28.94;28.99;3404533;102393856.00
2016/04/22;28.96;29.75;28.56;29.62;2274897;66603104.00
2016/04/25;29.72;29.72;28.64;29.39;2147528;62905128.00
2016/04/26;29.36;30.10;29.23;30.10;2158737;63879076.00
2016/04/27;30.10;30.38;28.73;28.83;3389574;100225088.00
2016/04/28;28.92;29.11;27.24;28.24;3329186;93930896.00
2016/04/29;27.43;28.52;27.29;27.88;2339649;65758452.00
2016/05/03;28.16;29.61;27.88;29.53;3336438;97650280.00
2016/05/04;29.53;29.77;29.33;29.45;3146119;93176080.00
2016/05/05;29.38;30.38;29.38;30.19;3130637;93883664.00
2016/05/06;30.49;30.53;27.94;28.15;4128981;120889568.00
2016/05/09;27.66;28.14;26.63;26.73;3101162;84541896.00
2016/05/10;26.58;27.23;26.45;26.83;1979663;53296100.00
2016/05/11;27.13;27.39;26.64;26.66;2053884;55608148.00
2016/05/12;25.93;27.53;24.03;27.01;3434072;91834256.00
2016/05/13;27.01;27.58;26.08;26.29;3447368;92960040.00
2016/05/16;26.35;27.28;26.13;27.24;3057545;81943768.00
2016/05/17;27.22;27.52;26.83;27.19;2368985;64375788.00
2016/05/18;27.35;27.42;26.13;26.63;2845612;76206176.00
2016/05/19;26.63;27.56;25.93;27.05;3495491;95328064.00
2016/05/20;26.83;27.46;26.53;27.17;1816261;49264240.00
2016/05/23;27.42;28.43;26.93;28.31;3240158;90013744.00
2016/05/24;28.02;28.04;27.13;27.37;2929087;80826648.00
2016/05/25;27.43;27.88;26.75;26.98;1771070;48484964.00
2016/05/26;26.98;27.38;26.33;27.24;2137978;57608784.00
2016/05/27;27.24;27.57;27.03;27.25;1496312;40996664.00
2016/05/30;27.03;27.62;26.48;27.01;1205256;32797330.00
2016/05/31;27.03;29.13;26.93;28.93;5330998;151372112.00
2016/06/01;28.93;30.58;28.73;29.76;5250141;157064848.00
2016/06/02;29.93;30.13;29.52;30.08;2848386;85036600.00
2016/06/03;30.10;30.23;29.53;29.66;2525976;75393920.00
2016/06/06;29.93;30.45;29.63;29.96;2373512;71289096.00
2016/06/07;30.22;30.73;29.64;30.68;3397569;103089968.00
2016/06/08;30.68;31.62;30.59;30.95;4019261;125629600.00
2016/06/13;30.00;30.70;28.51;28.57;4477310;131854200.00
2016/06/14;28.38;28.91;27.85;28.41;2275814;64670412.00
2016/06/15;27.80;30.17;27.80;29.50;4131254;121088864.00
2016/06/16;29.57;29.58;28.72;28.85;2739555;79921144.00
2016/06/17;29.01;29.97;28.85;29.10;3354916;98468176.00
2016/06/20;29.40;29.60;28.70;29.32;2907056;84822536.00
2016/06/21;29.61;29.98;29.07;29.44;3421243;100965120.00
2016/06/22;29.43;31.21;29.28;31.14;4963734;150055088.00
2016/06/23;30.77;32.10;30.11;31.56;6958850;215770320.00
2016/06/24;31.00;33.15;30.70;32.60;9046355;293285312.00
2016/06/27;33.33;34.50;32.18;33.49;10144962;338354784.00
2016/06/28;33.10;34.66;32.88;33.47;5978661;201148784.00
2016/06/29;33.65;34.14;33.17;33.45;3824730;128733184.00
2016/06/30;33.86;33.86;32.56;33.13;3692650;121963064.00
2016/07/01;33.14;33.78;32.71;33.32;3863433;128590264.00
2016/07/04;33.71;36.10;33.21;35.30;8765720;306446208.00
2016/07/05;35.40;36.30;35.00;35.54;8988087;319623680.00
2016/07/06;35.10;36.05;34.60;34.98;4191338;147475968.00
2016/07/07;34.83;35.47;32.65;33.52;6157313;206740304.00
2016/07/08;33.53;34.18;32.90;34.00;3383750;113841448.00
2016/07/11;34.68;35.00;33.45;33.48;4582958;158036480.00
2016/07/12;33.08;34.19;33.01;33.48;4053066;135468816.00
2016/07/13;33.51;34.75;33.51;34.15;3564699;122154448.00
2016/07/14;34.15;34.50;33.83;34.49;2136423;73108616.00
2016/07/15;34.49;34.76;34.10;34.22;2448235;84211432.00
2016/07/18;33.80;34.12;32.83;32.91;3686251;122339280.00
2016/07/19;32.91;33.25;32.60;32.91;2230993;73249976.00
2016/07/20;32.87;33.10;32.68;32.69;1667130;54779160.00
2016/07/21;32.68;33.43;32.61;32.89;2016121;66589660.00
2016/07/22;32.88;33.55;32.76;32.99;2233414;74021904.00
2016/07/25;32.50;33.00;32.02;32.03;2197564;71393976.00
2016/07/26;32.03;32.43;31.75;32.36;2550046;82066400.00
2016/07/27;32.40;32.99;30.54;31.07;3737744;118949840.00
2016/07/28;31.28;31.35;30.71;31.18;2981514;92579040.00
2016/07/29;31.25;31.50;30.63;31.04;2243363;69477808.00
2016/08/01;30.70;32.00;29.80;31.46;2608463;81947336.00
2016/08/02;31.46;31.66;31.03;31.51;1853081;58129212.00
2016/08/03;31.70;31.76;31.20;31.63;2314708;72966456.00
2016/08/04;31.70;31.75;31.10;31.65;2156798;67789360.00
2016/08/05;31.65;32.25;31.31;32.09;2123623;67572880.00
2016/08/08;31.95;32.55;31.51;32.44;1304208;41846420.00
2016/08/09;32.50;32.68;31.92;32.35;1922519;61882372.00
2016/08/10;32.38;32.50;31.32;31.39;2274987;72359248.00
2016/08/11;31.39;31.70;31.21;31.23;1199290;37684016.00
2016/08/12;31.18;31.68;30.95;31.54;1310411;41194760.00
2016/08/15;31.55;32.35;31.00;32.27;2447667;78052184.00
2016/08/16;33.67;33.67;32.50;32.75;2935043;96632280.00
2016/08/17;32.75;33.10;31.90;32.83;3604228;117004232.00
2016/08/18;32.86;33.14;32.60;32.76;2146084;70480408.00
2016/08/19;32.78;32.89;32.48;32.78;1737886;56808200.00
2016/08/22;32.60;32.93;32.28;32.28;1861480;60664148.00
2016/08/23;32.28;33.14;32.28;32.85;2488321;81899824.00
2016/08/24;33.08;33.08;32.56;32.89;1613647;52882428.00
2016/08/25;32.87;33.83;32.00;33.83;3744744;123823912.00
2016/08/26;33.85;34.34;33.41;33.61;2761763;93785592.00
2016/08/29;33.05;33.99;33.01;33.45;2354250;78973568.00
2016/08/30;33.10;33.70;33.10;33.33;1415780;47209020.00
2016/08/31;33.30;33.53;33.00;33.01;1040950;34547488.00
2016/09/01;33.01;33.27;32.20;32.59;1008360;33123756.00
2016/09/02;32.40;32.92;31.90;32.09;1698077;54834636.00
2016/09/05;32.10;32.75;32.08;32.10;1845259;59747100.00
2016/09/06;32.28;32.87;32.00;32.87;2327491;75534352.00
2016/09/07;32.87;34.20;32.82;33.75;3392889;114271816.00
2016/09/08;33.56;34.06;33.35;33.65;1761298;59192200.00
2016/09/09;34.00;35.98;33.96;34.51;5351001;186338640.00
2016/09/12;34.50;34.94;33.08;34.30;4074846;139226384.00
2016/09/13;34.32;34.75;33.88;34.31;1533393;52498588.00
2016/09/14;34.26;35.47;33.85;34.93;2888030;100734264.00
2016/09/19;35.00;35.34;34.55;35.11;3154851;110360864.00
2016/09/27;35.00;36.10;34.50;35.09;5118524;181566016.00
2016/09/28;35.08;35.61;33.33;33.82;4814901;164687648.00
2016/09/29;33.82;36.36;33.41;36.14;4679435;161424480.00
2016/09/30;35.97;36.26;34.78;35.82;4438078;157678912.00
2016/10/10;35.57;37.46;35.27;37.03;4034977;146738976.00
2016/10/11;37.03;38.73;36.81;37.86;5219068;197222848.00
2016/10/12;37.45;38.30;37.25;37.89;1696493;64083592.00
2016/10/13;37.96;38.67;36.90;37.43;3322301;125368152.00
2016/10/14;37.24;37.75;37.11;37.18;1385356;51654616.00
2016/10/17;37.48;37.48;36.45;36.47;1507961;55832664.00
2016/10/18;36.50;38.30;36.42;37.88;2335406;87877296.00
2016/10/19;38.19;38.20;37.30;37.41;1095631;41203692.00
2016/10/20;37.50;37.83;37.16;37.22;981879;36727324.00
2016/10/21;37.00;37.17;36.27;36.60;1488445;54455300.00
2016/10/24;36.43;36.89;36.00;36.80;1670384;61116600.00
2016/10/25;36.66;36.93;36.20;36.29;1151126;41910936.00
2016/10/26;36.29;36.58;35.20;35.30;3031610;107929952.00
2016/10/27;35.30;36.10;35.30;35.87;1764700;63106032.00
2016/10/28;35.87;36.55;35.59;36.27;2093818;76124296.00
2016/10/31;36.27;36.27;35.30;35.35;1367375;48708180.00
2016/11/01;35.75;36.00;35.41;35.84;908382;32524792.00
2016/11/02;35.75;37.20;35.65;36.70;2646429;97266400.00
2016/11/03;36.70;36.95;35.76;36.15;2211302;80121168.00
2016/11/04;36.00;36.32;34.41;34.85;3317864;117204008.00
2016/11/07;34.85;35.08;33.80;34.08;2601046;89090640.00
2016/11/08;34.10;34.60;34.06;34.40;2446401;83757776.00
2016/11/09;34.60;35.59;33.70;34.70;3191495;111443440.00
2016/11/10;34.70;35.20;34.70;35.00;1615238;56527388.00
2016/11/11;34.82;35.20;33.99;34.34;2546622;87534992.00
2016/11/14;34.33;34.99;34.10;34.82;2249430;77978200.00
2016/11/15;34.82;34.97;34.37;34.70;1519068;52686824.00
2016/11/16;34.75;35.00;34.68;34.77;1415011;49289944.00
2016/11/17;34.52;34.94;34.01;34.10;1089900;37600144.00
数据来源:通达信
