300342 天银机电 日线 前复权
      日期	    开盘	    最高	    最低	    收盘	    成交量	    成交额
2012/07/26;4.53;4.85;4.50;4.64;8495998;136082000.00
2012/07/27;4.60;5.14;4.55;4.93;9609062;159489264.00
2012/07/30;4.76;4.76;4.37;4.37;6592136;100836792.00
2012/07/31;4.07;4.25;3.87;3.90;6288218;87889152.00
2012/08/01;3.85;4.03;3.85;3.97;3732308;51559668.00
2012/08/02;3.97;4.03;3.85;3.89;2724332;37548632.00
2012/08/03;3.89;4.12;3.84;4.05;3867631;54253020.00
2012/08/06;3.98;4.15;3.95;4.15;3642497;51625092.00
2012/08/07;4.13;4.18;4.05;4.11;3251297;46508756.00
2012/08/08;4.09;4.21;4.04;4.18;3397891;48951332.00
2012/08/09;4.13;4.26;4.05;4.23;3724779;53917772.00
2012/08/10;4.19;4.29;4.12;4.14;3330671;48649832.00
2012/08/13;4.13;4.14;4.02;4.02;1574391;22436090.00
2012/08/14;4.02;4.11;3.90;4.10;1975791;27667472.00
2012/08/15;4.06;4.08;4.00;4.02;1029598;14540102.00
2012/08/16;4.02;4.10;3.99;4.02;960674;13533971.00
2012/08/17;4.00;4.05;3.93;4.02;824689;11534196.00
2012/08/20;4.00;4.17;3.94;4.12;1300930;18429646.00
2012/08/21;4.12;4.21;4.10;4.17;3926283;56549080.00
2012/08/22;4.13;4.26;4.12;4.17;3074087;44707940.00
2012/08/23;4.19;4.22;4.12;4.22;2253001;32737392.00
2012/08/24;4.18;4.19;3.99;4.00;2298260;32737476.00
2012/08/27;3.97;3.97;3.82;3.83;1501871;20499036.00
2012/08/28;3.81;3.92;3.81;3.88;1066879;14520291.00
2012/08/29;3.88;3.97;3.80;3.90;1385545;18994432.00
2012/08/30;3.90;3.96;3.73;3.80;1973885;26724192.00
2012/08/31;3.77;3.83;3.77;3.82;752246;10103117.00
2012/09/03;3.79;3.92;3.77;3.90;1048151;14299740.00
2012/09/04;3.91;3.94;3.85;3.86;1217187;16654322.00
2012/09/05;3.84;3.96;3.82;3.93;1173415;16110982.00
2012/09/06;3.92;4.04;3.92;4.01;1691200;23603304.00
2012/09/07;4.06;4.16;4.02;4.08;2580800;36880504.00
2012/09/10;4.10;4.15;4.00;4.13;1915363;27437856.00
2012/09/11;4.13;4.14;4.05;4.08;1370678;19568518.00
2012/09/12;4.09;4.18;4.07;4.12;1458589;20920248.00
2012/09/13;4.10;4.13;3.97;3.97;1348938;19111392.00
2012/09/14;4.01;4.04;3.88;3.92;1402508;19418012.00
2012/09/17;3.93;3.93;3.79;3.79;1020029;13825127.00
2012/09/18;3.77;3.91;3.75;3.87;1070105;14523213.00
2012/09/19;3.88;3.90;3.84;3.87;457256;6219349.50
2012/09/20;3.88;3.88;3.67;3.68;946884;12551445.00
2012/09/21;3.68;3.73;3.63;3.63;597964;7787749.00
2012/09/24;3.66;3.75;3.63;3.70;478930;6264999.00
2012/09/25;3.71;3.72;3.33;3.56;653497;8381065.00
2012/09/26;3.56;3.58;3.37;3.38;708273;8758402.00
2012/09/27;3.38;3.52;3.38;3.47;709250;8767376.00
2012/09/28;3.45;3.60;3.43;3.56;619170;7795577.50
2012/10/08;3.58;3.62;3.53;3.56;399030;5073118.50
2012/10/09;3.55;3.82;3.55;3.78;1596014;21178070.00
2012/10/10;3.87;4.08;3.86;3.97;3289554;45631156.00
2012/10/11;3.89;3.93;3.81;3.82;1387542;18837928.00
2012/10/12;3.83;3.88;3.77;3.84;836676;11294625.00
2012/10/15;3.83;3.85;3.77;3.80;682960;9168156.00
2012/10/16;3.86;3.90;3.79;3.83;644370;8731017.00
2012/10/17;3.82;3.84;3.70;3.81;540450;7236052.50
2012/10/18;3.81;3.88;3.80;3.84;873997;11854564.00
2012/10/19;3.82;3.85;3.80;3.82;466586;6294412.00
2012/10/22;3.83;3.91;3.77;3.91;677561;9226087.00
2012/10/23;3.89;3.92;3.84;3.86;475037;6476170.50
2012/10/24;3.91;4.07;3.88;3.92;1859532;25791978.00
2012/10/25;3.88;3.93;3.80;3.80;807413;10972838.00
2012/10/26;3.83;3.83;3.71;3.75;645379;8598165.00
2012/10/29;3.73;3.81;3.72;3.78;426668;5702468.00
2012/10/30;3.79;3.89;3.79;3.85;577624;7827749.00
2012/10/31;3.85;3.88;3.82;3.88;396510;5378201.50
2012/11/01;3.92;4.11;3.89;4.10;2922361;41403952.00
2012/11/02;4.18;4.18;4.00;4.09;2241147;31951614.00
2012/11/05;4.09;4.29;4.03;4.25;3433840;50209356.00
2012/11/06;4.23;4.29;4.07;4.26;3194362;46505136.00
2012/11/07;4.22;4.22;4.10;4.11;1361552;19626900.00
2012/11/08;4.05;4.23;4.01;4.06;1624736;23433198.00
2012/11/09;4.01;4.33;4.01;4.33;3569765;52474832.00
2012/11/12;4.30;4.37;4.25;4.34;2399610;35827884.00
2012/11/13;4.30;4.33;4.13;4.16;1528850;22391674.00
2012/11/14;4.12;4.40;4.08;4.40;2818327;41778468.00
2012/11/15;4.33;4.36;4.20;4.20;2390798;35442180.00
2012/11/16;4.20;4.28;4.00;4.09;1927728;27920918.00
2012/11/19;4.08;4.17;4.02;4.16;1071992;15356541.00
2012/11/20;4.20;4.25;4.12;4.15;1202826;17504326.00
2012/11/21;4.15;4.25;4.01;4.24;1837085;26393306.00
2012/11/22;4.18;4.30;4.14;4.22;1914556;28107776.00
2012/11/23;4.18;4.28;4.12;4.12;1578182;23002406.00
2012/11/26;4.13;4.22;4.06;4.10;1356275;19638718.00
2012/11/27;4.07;4.08;3.72;3.72;1995941;27047968.00
2012/11/28;3.70;3.73;3.60;3.64;755983;9774059.00
2012/11/29;3.66;3.71;3.44;3.46;886810;11278376.00
2012/11/30;3.47;3.56;3.46;3.52;516868;6482110.50
2012/12/03;3.50;3.55;3.35;3.35;585255;7226009.50
2012/12/04;3.37;3.46;3.30;3.45;645913;7858143.00
2012/12/05;3.45;3.68;3.43;3.64;1155139;14827487.00
2012/12/06;3.62;3.65;3.55;3.58;643744;8233945.50
2012/12/07;3.59;3.74;3.56;3.73;1017935;13275272.00
2012/12/10;3.73;3.80;3.70;3.78;1041260;13813390.00
2012/12/11;3.77;3.77;3.70;3.70;692703;9140931.00
2012/12/12;3.70;3.83;3.68;3.83;1180170;15673077.00
2012/12/13;3.83;3.83;3.68;3.70;705082;9313050.00
2012/12/14;3.68;3.90;3.68;3.88;1505422;20361380.00
2012/12/17;3.93;3.95;3.86;3.89;1089796;14926462.00
2012/12/18;3.86;3.99;3.83;3.87;1322744;18132232.00
2012/12/19;3.87;3.94;3.85;3.91;734171;10062332.00
2012/12/20;3.89;4.22;3.89;4.10;2480570;35500004.00
2012/12/21;4.13;4.58;4.08;4.58;5924066;91047832.00
2012/12/24;4.68;5.07;4.67;4.99;8557740;141930336.00
2012/12/25;4.87;5.17;4.84;5.02;7685860;130853960.00
2012/12/26;4.94;5.50;4.93;5.34;6745663;119511952.00
2012/12/27;5.33;5.33;5.03;5.08;5471788;95692896.00
2012/12/28;5.00;5.33;4.96;5.15;5314861;93128576.00
2012/12/31;5.13;5.30;5.01;5.07;3639550;62978492.00
2013/01/04;5.10;5.48;4.96;5.33;6062276;107608120.00
2013/01/07;5.26;5.34;5.10;5.28;3924945;69537584.00
2013/01/08;5.25;5.38;5.13;5.23;4820571;85777256.00
2013/01/09;5.37;5.55;5.17;5.27;6015933;108549304.00
2013/01/10;5.17;5.32;5.04;5.10;3824113;66787452.00
2013/01/11;5.21;5.67;5.15;5.32;6980667;127112744.00
2013/01/14;5.34;5.90;5.34;5.77;6626331;125351016.00
2013/01/15;5.74;5.74;5.59;5.69;4274148;81141632.00
2013/01/16;5.65;5.71;5.39;5.58;4066095;75897344.00
2013/01/17;5.58;5.60;5.34;5.37;2550476;46779576.00
2013/01/18;5.38;5.49;5.34;5.42;2090085;38124156.00
2013/01/21;5.42;5.51;5.33;5.51;2321708;42410824.00
2013/01/22;5.48;5.55;5.03;5.06;3683524;65447160.00
2013/01/23;5.03;5.11;4.88;5.09;2179764;37079792.00
2013/01/24;5.09;5.11;4.78;4.89;2198801;37035020.00
2013/01/25;4.89;5.03;4.87;4.97;1161429;19614108.00
2013/01/28;4.97;5.12;4.97;5.11;1317303;22693632.00
2013/01/29;5.13;5.23;5.07;5.23;1832731;32111256.00
2013/01/30;5.23;5.23;5.00;5.07;1858647;32032888.00
2013/01/31;5.07;5.10;4.93;5.01;990291;16841146.00
2013/02/01;5.01;5.15;4.97;5.06;1178087;20355600.00
2013/02/04;5.07;5.07;4.90;5.02;1394605;23629552.00
2013/02/05;4.98;5.20;4.96;5.17;1668406;29041218.00
2013/02/06;5.17;5.29;5.13;5.18;1590099;28044220.00
2013/02/07;5.19;5.33;5.15;5.30;1527424;27157876.00
2013/02/08;5.29;5.42;5.27;5.40;1852216;33468366.00
2013/02/18;5.42;5.43;5.28;5.34;1331426;24052684.00
2013/02/19;5.34;5.35;5.17;5.23;1374749;24300910.00
2013/02/20;5.26;5.38;5.26;5.35;2374164;42670896.00
2013/02/21;5.31;5.38;5.20;5.32;2012513;35963268.00
2013/02/22;5.36;5.37;5.25;5.30;1184911;21315478.00
2013/02/25;5.30;5.48;5.27;5.47;1845398;33521356.00
2013/02/26;5.44;5.52;5.29;5.30;1665315;30366664.00
2013/02/27;5.30;5.36;5.20;5.24;1096450;19492336.00
2013/02/28;5.26;5.35;5.20;5.35;1298661;23156708.00
2013/03/01;5.35;5.44;5.30;5.43;1599363;28954208.00
2013/03/04;5.37;5.39;5.13;5.22;1483040;26400968.00
2013/03/05;5.20;5.33;5.14;5.33;1211289;21496584.00
2013/03/06;5.33;5.50;5.31;5.49;2183665;40027764.00
2013/03/07;5.47;5.63;5.43;5.50;2234071;41533324.00
2013/03/08;5.49;5.56;5.31;5.36;1346077;24516582.00
2013/03/11;5.34;5.39;5.29;5.33;555120;10007073.00
2013/03/12;5.37;5.43;5.10;5.21;1621591;28761652.00
2013/03/13;5.19;5.19;5.04;5.18;513612;8912584.00
2013/03/14;5.18;5.22;5.10;5.18;510016;8922050.00
2013/03/15;5.18;5.32;5.06;5.20;1001529;17645488.00
2013/03/18;5.13;5.20;5.03;5.11;741818;12876131.00
2013/03/19;5.11;5.15;4.94;5.12;521240;8916673.00
2013/03/20;5.07;5.28;5.07;5.27;789225;13893076.00
2013/03/21;5.26;5.35;5.21;5.29;807965;14446569.00
2013/03/22;5.29;5.51;5.23;5.48;2414300;44097708.00
2013/03/25;5.47;5.53;5.37;5.45;1219970;22408464.00
2013/03/26;5.43;5.71;5.40;5.71;3139404;59066608.00
2013/03/27;5.67;5.73;5.53;5.65;2000165;37751396.00
2013/03/28;5.60;5.60;5.39;5.40;1907547;35273888.00
2013/03/29;5.37;5.44;5.25;5.28;977293;17600622.00
2013/04/01;5.36;5.42;5.32;5.33;1411582;25526056.00
2013/04/02;5.34;5.42;5.06;5.16;1991595;35030144.00
2013/04/03;5.15;5.15;4.99;5.13;602831;10377249.00
2013/04/08;5.06;5.23;4.97;5.23;663579;11613371.00
2013/04/09;5.20;5.31;5.20;5.25;604456;10749142.00
2013/04/10;5.26;5.28;5.07;5.12;638220;11137245.00
2013/04/11;5.13;5.18;5.05;5.05;422351;7353301.50
2013/04/12;5.10;5.17;5.05;5.13;728335;12624203.00
2013/04/15;4.90;4.90;4.64;4.70;1612686;26246566.00
2013/04/16;4.68;4.82;4.63;4.81;632779;10223580.00
2013/04/17;4.77;4.89;4.77;4.88;456753;7546977.00
2013/04/18;4.86;4.91;4.82;4.90;414057;6894795.50
2013/04/19;4.92;5.06;4.90;5.06;1053386;17877478.00
2013/04/22;4.97;5.10;4.97;5.09;593174;10134950.00
2013/04/23;5.08;5.09;4.93;5.00;849389;14411484.00
2013/04/24;4.95;5.19;4.94;5.17;1371838;23659550.00
2013/04/25;5.18;5.29;5.11;5.14;1280487;22567488.00
2013/04/26;5.09;5.19;4.97;5.03;789740;13653853.00
2013/05/02;5.02;5.08;4.95;5.06;307133;5257985.00
2013/05/03;5.09;5.23;5.06;5.20;847114;14852242.00
2013/05/06;5.24;5.37;5.20;5.29;961092;17192724.00
2013/05/07;5.27;5.45;5.23;5.43;1402640;25348296.00
2013/05/08;5.42;5.48;5.38;5.43;992053;18139160.00
2013/05/09;5.44;5.46;5.26;5.35;1422173;25695250.00
2013/05/10;5.39;5.72;5.30;5.64;2446887;45754672.00
2013/05/13;5.62;5.87;5.60;5.74;2252198;43323996.00
2013/05/14;5.74;5.74;5.45;5.64;1751127;32981130.00
2013/05/15;5.66;6.03;5.63;5.96;2731840;53919360.00
2013/05/16;5.90;6.14;5.78;5.79;2498975;49644452.00
2013/05/17;5.79;5.99;5.71;5.79;1838614;35880092.00
2013/05/20;5.82;6.14;5.82;6.04;1732459;34747584.00
2013/05/21;6.06;6.11;5.94;6.09;1415331;28399214.00
2013/05/22;6.12;6.12;5.77;5.79;1956094;38579356.00
2013/05/23;5.77;6.08;5.77;5.93;1596866;31603254.00
2013/05/24;5.93;6.32;5.88;6.25;2363038;48389376.00
2013/05/27;6.29;6.36;6.17;6.26;1308821;27209878.00
2013/05/28;6.23;6.24;5.97;6.04;1287978;26031254.00
2013/05/29;6.04;6.11;6.00;6.06;847042;17095622.00
2013/05/30;6.03;6.10;5.88;6.07;857389;17154028.00
2013/05/31;6.00;6.13;5.89;5.93;753855;15140211.00
2013/06/03;5.93;5.99;5.70;5.74;1035082;20066130.00
2013/06/04;5.73;5.80;5.62;5.72;571141;10925859.00
2013/06/05;5.73;5.79;5.67;5.75;568205;10880164.00
2013/06/06;5.73;5.73;5.53;5.55;551121;10399814.00
2013/06/07;5.60;5.72;5.55;5.55;577877;10694552.00
2013/06/13;5.55;5.66;5.29;5.65;818914;14810785.00
2013/06/14;5.65;5.85;5.65;5.74;872894;16521206.00
2013/06/17;5.75;5.85;5.64;5.68;965365;18089986.00
2013/06/18;5.68;6.08;5.61;6.08;1906827;36691368.00
2013/06/19;6.05;6.21;5.84;6.16;1530553;30333436.00
2013/06/20;6.06;6.17;5.86;5.90;1108800;21698398.00
2013/06/21;5.77;5.96;5.64;5.84;841336;16031358.00
2013/06/24;5.77;6.09;5.55;5.56;1026464;19542724.00
2013/06/25;5.37;5.57;4.95;5.47;1586240;27468382.00
2013/06/26;5.47;5.73;5.37;5.71;1117811;20428844.00
2013/06/27;5.71;5.79;5.47;5.50;916220;16983126.00
2013/06/28;5.43;5.60;5.24;5.38;657395;11692803.00
2013/07/01;5.43;5.62;5.30;5.62;666218;11966065.00
2013/07/02;6.11;6.23;6.11;6.23;1738383;35188820.00
2013/07/03;6.50;6.80;6.43;6.64;4746964;101211872.00
2013/07/04;6.47;6.72;6.44;6.59;2483850;52944356.00
2013/07/05;6.62;6.62;6.36;6.37;2085718;43752056.00
2013/07/08;6.20;6.51;6.09;6.31;1601755;32961498.00
2013/07/09;6.25;6.45;6.23;6.28;1168471;24087250.00
2013/07/10;6.22;6.56;6.19;6.55;1709229;35768540.00
2013/07/11;6.63;6.69;6.40;6.56;1759536;37370980.00
2013/07/12;6.56;6.96;6.47;6.77;2283469;50438656.00
2013/07/15;6.79;7.02;6.78;6.98;1856840;41658560.00
2013/07/16;6.90;6.97;6.73;6.90;1774746;39199272.00
2013/07/17;6.83;6.87;6.57;6.59;1611729;34970192.00
2013/07/18;6.54;6.73;6.42;6.68;1221748;25970304.00
2013/07/19;6.68;7.11;6.67;6.77;2140799;47748060.00
2013/07/22;6.73;7.50;6.66;7.50;2862664;67142528.00
2013/07/23;7.70;8.13;7.57;8.02;5021233;125971960.00
2013/07/24;7.99;8.30;7.83;7.95;3256752;84080688.00
2013/07/25;7.93;7.99;7.40;7.54;2049848;50473312.00
2013/07/26;7.44;7.69;7.27;7.56;1455926;35100720.00
2013/07/29;7.55;8.00;7.47;7.55;1480549;36683400.00
2013/07/30;7.48;7.67;6.80;7.53;1712722;40281980.00
2013/07/31;7.50;7.66;7.19;7.23;1141839;27000204.00
2013/08/01;7.20;7.77;7.20;7.66;1211908;29133460.00
2013/08/02;7.70;7.86;7.38;7.42;1290891;31531620.00
2013/08/05;7.35;7.62;7.35;7.49;1100306;26493374.00
2013/08/06;7.53;7.77;7.44;7.58;1899211;46469832.00
2013/08/07;7.57;7.61;7.30;7.34;1141795;27146746.00
2013/08/08;7.33;7.55;7.23;7.40;1126949;26954184.00
2013/08/09;7.43;7.84;7.43;7.71;2176394;53593700.00
2013/08/12;7.83;8.13;7.77;7.83;1718161;43542492.00
2013/08/13;7.82;7.87;7.62;7.86;1052354;26158114.00
2013/08/14;7.88;7.88;7.67;7.80;877937;21813586.00
2013/08/15;7.65;7.73;7.46;7.47;1403943;34305348.00
2013/08/16;7.47;7.73;7.30;7.30;1150641;27781774.00
2013/08/19;7.29;7.56;7.29;7.51;671984;16123965.00
2013/08/20;7.47;7.56;7.40;7.44;573595;13767296.00
2013/08/21;7.46;7.52;7.39;7.43;496998;11889787.00
2013/08/22;7.46;7.53;7.29;7.53;1134018;27094026.00
2013/08/23;7.56;7.86;7.51;7.73;2098946;51899320.00
2013/08/26;7.76;7.76;7.64;7.70;1109905;27361554.00
2013/08/27;7.70;7.73;7.51;7.57;1126767;27412524.00
2013/08/28;7.50;7.62;7.20;7.20;1989977;47145316.00
2013/08/29;7.20;7.25;7.00;7.18;931894;21406586.00
2013/08/30;7.24;7.24;7.02;7.08;674661;15429426.00
2013/09/02;7.04;7.30;7.04;7.23;655491;15196890.00
2013/09/03;7.24;7.40;7.17;7.40;837981;19628296.00
2013/09/04;7.37;7.39;7.08;7.17;733197;17099660.00
2013/09/05;7.04;7.32;7.04;7.27;712095;16642143.00
2013/09/06;7.21;7.27;7.15;7.16;501290;11617417.00
2013/09/09;7.18;7.23;7.10;7.22;514980;11900913.00
2013/09/10;7.26;7.43;7.20;7.35;721041;17025788.00
2013/09/11;7.33;7.36;6.81;6.90;1105564;24876144.00
2013/09/12;6.73;6.95;6.69;6.75;837376;18427836.00
2013/09/13;6.77;6.87;6.65;6.87;479096;10494723.00
2013/09/16;6.87;6.97;6.77;6.93;690471;15328552.00
2013/09/17;6.84;6.95;6.68;6.68;570898;12588413.00
2013/09/18;6.73;6.91;6.70;6.87;529619;11720774.00
2013/09/23;6.97;7.13;6.87;7.08;597657;13575566.00
2013/09/24;7.07;7.30;7.03;7.24;951194;22084646.00
2013/09/25;7.28;7.55;7.19;7.49;1349067;32302302.00
2013/09/26;7.49;7.51;7.34;7.42;788074;18777428.00
2013/09/27;7.47;7.49;7.37;7.47;581094;13914235.00
2013/09/30;7.47;7.78;7.47;7.68;1050950;25972088.00
2013/10/08;7.66;7.76;7.57;7.58;982925;24247060.00
2013/10/09;7.70;8.05;7.70;7.83;1300274;32717000.00
2013/10/10;7.83;7.83;7.57;7.60;1024106;25294176.00
2013/10/11;7.63;7.73;7.60;7.72;722983;17778124.00
2013/10/14;7.72;7.76;7.66;7.73;809638;20039910.00
2013/10/15;7.73;7.79;7.63;7.68;692285;17073524.00
2013/10/16;7.67;7.73;7.19;7.37;877191;21022608.00
2013/10/17;7.38;7.49;7.37;7.39;389901;9296583.00
2013/10/18;7.40;7.55;7.37;7.46;450075;10820593.00
2013/10/21;7.46;7.92;7.46;7.90;1499390;37350748.00
2013/10/22;7.99;8.41;7.99;8.13;1859047;48543480.00
2013/10/23;8.07;8.29;7.74;7.80;1445662;36851688.00
2013/10/24;7.84;8.63;7.84;8.63;2554856;69031312.00
2013/10/25;8.80;8.99;8.57;8.68;2643085;73737920.00
2013/10/28;8.66;8.66;7.94;8.41;1528137;40766740.00
2013/10/29;8.36;8.49;7.80;8.25;1541072;40170780.00
2013/10/30;8.23;9.13;8.17;9.13;2275489;63989836.00
2013/10/31;9.23;9.80;9.00;9.03;4216227;125217200.00
2013/11/01;8.73;9.67;8.52;9.61;3028459;88240456.00
2013/11/04;9.40;10.42;9.40;10.00;3742837;116567264.00
2013/11/05;9.85;10.13;9.71;9.79;2376394;74174552.00
2013/11/06;9.85;10.07;9.45;9.54;2906842;89565752.00
2013/11/07;9.40;9.59;9.31;9.40;2140667;64183556.00
2013/11/08;9.29;9.45;8.92;9.16;2331021;67673680.00
2013/11/11;9.17;9.84;9.14;9.61;2873156;87075640.00
2013/11/12;9.60;10.04;9.51;9.84;2652853;81822544.00
2013/11/13;9.76;10.04;9.65;9.73;2112889;65809044.00
2013/11/14;9.66;10.18;9.40;10.06;2333173;73129368.00
2013/11/15;10.27;10.79;10.15;10.23;3014778;98987528.00
2013/11/18;10.10;10.28;9.90;10.13;3004891;95492064.00
2013/11/19;10.03;10.86;10.03;10.63;2632026;87014392.00
2013/11/20;10.63;10.80;10.42;10.78;1563817;52259256.00
2013/11/21;10.67;11.12;10.61;10.73;1934596;66044532.00
2013/11/22;10.80;11.56;10.47;11.25;2630074;91582912.00
2013/11/25;11.18;12.42;11.18;12.42;3472406;131930496.00
2013/11/26;12.87;13.72;12.81;13.72;6191261;258399696.00
2013/11/27;13.49;13.96;12.92;13.60;7025868;293665536.00
2013/11/28;13.47;14.79;13.37;14.65;8216849;360087584.00
2013/11/29;14.37;15.05;13.93;14.30;8837064;397775456.00
2013/12/02;12.82;13.09;12.82;12.82;2164514;86845688.00
2013/12/03;11.48;12.13;11.48;11.50;6840172;250404144.00
2013/12/04;11.64;11.96;10.73;10.87;7397555;266910944.00
2013/12/05;10.74;11.22;10.63;10.94;4048256;138918672.00
2013/12/06;10.92;11.30;10.83;11.05;3118057;108730488.00
2013/12/09;11.17;11.92;11.17;11.73;4535149;166419904.00
2013/12/10;11.68;11.68;10.84;10.88;4518250;158092688.00
2013/12/11;10.80;11.33;10.64;11.16;2943864;102191056.00
2013/12/12;11.06;11.36;11.01;11.13;2567317;90352064.00
2013/12/13;11.00;11.76;10.90;11.40;3586484;128583896.00
2013/12/16;11.25;11.80;11.25;11.39;2636871;95330976.00
2013/12/17;11.33;11.47;10.64;10.82;2499502;86144152.00
2013/12/18;10.72;10.81;10.07;10.16;3003230;97449848.00
2013/12/19;10.25;10.45;10.14;10.22;1581473;51466532.00
2013/12/20;10.22;10.40;9.97;10.33;1566636;50682464.00
2013/12/23;10.30;10.63;9.80;10.62;1958316;63791692.00
2013/12/24;10.56;11.33;10.56;11.01;2922867;101712008.00
2013/12/25;11.34;12.16;11.34;12.16;4505134;169610128.00
2013/12/26;12.50;12.51;11.43;11.52;5247322;198442896.00
2013/12/27;11.30;12.73;11.13;12.73;5042332;192023424.00
2013/12/30;12.81;12.95;12.37;12.79;4211572;167303088.00
2013/12/31;12.50;12.60;11.80;12.05;3138828;119018208.00
2014/01/02;11.97;12.78;11.89;12.20;2876727;111581344.00
2014/01/03;12.10;12.28;11.83;12.03;2092827;78726392.00
2014/01/06;12.03;12.03;10.80;10.83;2864511;101482592.00
2014/01/07;10.67;11.07;10.59;11.04;2406159;82226040.00
2014/01/08;11.17;12.09;11.17;11.61;3002641;110451728.00
2014/01/09;11.73;11.73;11.01;11.01;2966130;104497208.00
2014/01/10;11.01;11.38;10.91;11.13;1742175;61002956.00
2014/01/13;11.25;11.45;11.03;11.29;1571986;55708044.00
2014/01/14;11.20;11.56;10.94;11.54;2049148;72665112.00
2014/01/15;11.35;11.96;11.32;11.87;3278591;118996840.00
2014/01/16;11.72;11.98;11.47;11.50;2430231;89087504.00
2014/01/17;11.50;11.69;11.33;11.43;1451395;52549560.00
2014/01/20;11.47;11.60;10.61;10.62;2326874;80387696.00
2014/01/21;10.61;10.80;10.42;10.69;2084580;69730624.00
2014/01/22;10.70;10.85;10.61;10.83;1642173;55418712.00
2014/01/23;10.84;11.10;10.83;10.97;1962333;67957728.00
2014/01/24;10.99;11.26;10.84;11.12;2112840;73601936.00
2014/01/27;11.07;11.07;10.73;10.88;1923875;65944164.00
2014/01/28;10.90;11.05;10.86;10.92;1135327;38965916.00
2014/01/29;10.97;11.03;10.77;10.85;1325743;45357008.00
2014/01/30;10.93;10.93;10.47;10.63;1216908;40901304.00
2014/02/07;10.60;10.84;10.37;10.84;1323291;44046956.00
2014/02/10;10.82;11.63;10.81;11.58;3479775;123459600.00
2014/02/11;11.66;11.67;11.19;11.40;2372717;85149024.00
2014/02/12;11.43;12.13;11.27;11.87;2934568;107539384.00
2014/02/13;12.05;12.06;11.33;11.38;2542431;92736680.00
2014/02/14;11.38;11.65;11.24;11.61;1737945;62839136.00
2014/02/17;11.58;12.41;11.58;12.15;3058913;114912064.00
2014/02/18;12.13;12.53;11.87;12.24;3222598;123402328.00
2014/02/19;12.18;12.28;11.83;11.99;1800536;67794136.00
2014/02/20;11.99;12.06;11.43;11.43;1825045;66628740.00
2014/02/21;11.47;11.72;11.40;11.60;1247226;45097604.00
2014/02/24;11.60;11.67;11.39;11.48;1326869;47856912.00
2014/02/25;11.53;11.62;10.28;10.33;2632471;90376600.00
2014/02/26;10.36;10.36;9.52;9.92;2001467;62217680.00
2014/02/27;9.90;10.19;9.60;9.65;1460742;45689752.00
2014/02/28;9.65;9.82;9.44;9.74;1149324;35024184.00
2014/03/03;9.74;10.02;9.73;10.02;1116673;34752704.00
2014/03/04;9.93;9.93;9.63;9.78;1000494;30946366.00
2014/03/05;9.78;9.85;9.62;9.71;962767;29671034.00
2014/03/06;9.73;9.76;9.46;9.73;1020670;31026520.00
2014/03/07;9.68;10.66;9.68;10.25;2602785;84573648.00
2014/03/10;10.04;10.14;9.90;10.00;1016850;32185290.00
2014/03/11;9.99;10.59;9.93;10.34;1297137;42215892.00
2014/03/12;10.34;10.52;10.02;10.44;1149777;37399044.00
2014/03/13;10.45;10.67;10.30;10.49;1408945;46567232.00
2014/03/14;9.40;9.72;9.39;9.39;2559291;76411384.00
2014/03/17;9.04;9.05;8.61;8.99;3299241;92782792.00
2014/03/18;8.92;9.10;8.85;9.00;1934429;55264732.00
2014/03/19;9.02;9.07;8.78;8.84;1644102;46465092.00
2014/03/20;8.80;8.84;8.41;8.43;1957506;53786140.00
2014/03/21;8.30;8.59;8.24;8.47;1364213;36523936.00
2014/03/24;8.48;8.66;8.42;8.56;1352058;36927032.00
2014/03/25;8.57;8.63;8.35;8.47;1140309;30742634.00
2014/03/26;8.48;8.57;8.43;8.56;1052897;28567152.00
2014/03/27;8.56;8.59;7.80;7.99;1859739;48988532.00
2014/03/28;7.89;8.02;7.57;7.62;1334392;33008902.00
2014/03/31;7.63;7.66;7.41;7.55;1040160;25245948.00
2014/04/01;7.62;7.88;7.58;7.80;1286014;32066836.00
2014/04/02;7.83;7.84;7.66;7.73;712620;17640814.00
2014/04/03;7.74;8.00;7.69;7.83;1104650;27875990.00
2014/04/04;7.80;7.97;7.80;7.96;742416;18801430.00
2014/04/08;7.86;7.97;7.71;7.93;670692;16883634.00
2014/04/09;7.95;8.16;7.95;8.09;1054738;27268062.00
2014/04/10;8.12;8.13;7.99;8.02;1500262;38605616.00
2014/04/11;7.97;8.10;7.70;7.86;920000;23125562.00
2014/04/14;7.86;8.01;7.82;7.98;643410;16333388.00
2014/04/15;8.00;8.19;7.92;8.05;1343046;34677252.00
2014/04/16;8.03;8.06;7.85;7.93;577283;14668358.00
2014/04/17;7.93;8.10;7.87;8.02;546175;13954441.00
2014/04/18;8.01;8.13;7.97;8.05;526454;13577420.00
2014/04/21;8.05;8.34;7.98;8.09;1573918;41252856.00
2014/04/22;8.18;8.18;7.87;7.99;765948;19622598.00
2014/04/23;8.04;8.09;7.90;7.93;647245;16215820.00
2014/04/24;7.95;8.21;7.93;8.03;819161;20797472.00
2014/04/25;8.00;8.08;7.87;7.88;492661;12297697.00
2014/04/28;7.75;7.78;7.65;7.78;587720;14277682.00
2014/04/29;7.80;7.96;7.79;7.95;295425;7322328.00
2014/04/30;8.00;8.13;7.95;8.13;392881;9934746.00
2014/05/05;8.23;8.40;8.14;8.33;795681;20741750.00
2014/05/06;8.37;8.44;8.24;8.39;869122;22672710.00
2014/05/07;8.37;8.50;8.24;8.30;718579;18743868.00
2014/05/08;8.36;8.47;8.27;8.29;608635;15960508.00
2014/05/09;8.35;8.35;8.08;8.11;493499;12635159.00
2014/05/12;8.14;8.32;8.14;8.29;361829;9356705.00
2014/05/13;8.36;8.37;8.20;8.26;354373;9167573.00
2014/05/14;8.27;8.35;8.17;8.21;264760;6839056.50
2014/05/15;8.27;8.29;8.17;8.17;370850;9541342.00
2014/05/16;8.14;8.18;7.89;8.10;430565;10861605.00
2014/05/19;7.98;8.17;7.98;8.08;274537;6971099.50
2014/05/20;8.10;8.22;8.07;8.07;262136;6696753.50
2014/05/21;7.99;8.14;7.91;8.12;227894;5733087.50
2014/05/22;8.13;8.33;8.10;8.22;704040;18144094.00
2014/05/23;8.15;8.31;8.13;8.30;449917;11597159.00
2014/05/26;8.37;8.59;8.30;8.59;1335912;35564908.00
2014/05/27;8.58;8.69;8.50;8.52;834774;22419934.00
2014/05/28;8.53;8.61;8.43;8.58;685292;18303628.00
2014/05/29;8.57;8.62;8.43;8.43;577152;15427596.00
2014/05/30;8.51;8.51;8.41;8.44;390396;10340547.00
2014/06/03;8.50;9.13;8.50;8.93;1711707;47429388.00
2014/06/04;8.87;9.40;8.80;9.40;2648548;75782016.00
2014/06/05;9.43;9.58;9.14;9.50;2045328;59800384.00
2014/06/06;9.56;9.57;9.33;9.36;1143864;33469952.00
2014/06/09;9.57;9.57;9.16;9.16;864486;25016132.00
2014/06/10;9.17;9.47;9.00;9.27;930407;26782194.00
2014/06/11;9.15;9.39;9.07;9.23;865527;24863402.00
2014/06/12;9.23;9.26;9.00;9.02;718409;20390616.00
2014/06/13;8.97;9.23;8.97;9.19;576251;16461867.00
2014/06/16;9.26;9.27;9.13;9.26;640207;18417464.00
2014/06/17;9.26;10.22;9.26;9.99;2918699;90864872.00
2014/06/18;10.00;10.10;9.76;9.81;1178363;36382400.00
2014/06/19;9.76;10.40;9.66;9.86;1703807;53449648.00
2014/06/20;10.89;10.89;10.89;10.89;1838421;62065092.00
2014/06/23;11.63;12.01;11.59;12.01;3540897;130373768.00
2014/06/24;12.67;12.83;12.15;12.40;11107903;424760736.00
2014/06/25;12.24;12.39;11.78;11.97;7136533;264949696.00
2014/06/26;12.03;12.79;11.92;12.50;9058303;345064640.00
2014/06/27;12.30;12.35;12.07;12.20;5440846;204983120.00
2014/06/30;12.28;12.33;11.90;12.17;3347653;125197328.00
2014/07/01;12.07;12.49;12.04;12.38;4323527;163908656.00
2014/07/02;12.37;12.60;12.10;12.47;3953131;150530272.00
2014/07/03;12.40;12.40;11.47;11.49;5173718;190709424.00
2014/07/04;11.39;11.71;11.39;11.51;2415490;86414696.00
2014/07/07;11.56;11.69;11.39;11.48;1661813;59197368.00
2014/07/08;11.50;11.90;11.48;11.73;2589328;94062152.00
2014/07/09;11.77;11.80;11.22;11.28;2885991;101725336.00
2014/07/10;11.27;11.39;10.97;11.02;2000361;69301368.00
2014/07/11;10.95;11.09;10.86;10.93;1355088;46056104.00
2014/07/14;10.96;11.14;10.90;11.14;1134398;38791080.00
2014/07/15;11.14;11.25;10.73;10.89;1415578;48188028.00
2014/07/16;10.88;11.00;10.65;10.80;792510;26628446.00
2014/07/17;10.80;10.99;10.74;10.89;781882;26361866.00
2014/07/18;10.80;10.96;10.48;10.67;989902;32891260.00
2014/07/21;10.63;10.81;10.58;10.74;614850;20442936.00
2014/07/22;10.69;10.79;10.68;10.73;689403;22958132.00
2014/07/23;10.78;10.78;9.98;10.09;1695204;54298524.00
2014/07/24;10.08;10.23;9.84;10.09;1161626;36195728.00
2014/07/25;10.10;10.28;10.10;10.16;637319;20177952.00
2014/07/28;10.24;10.54;10.13;10.45;1282163;41264444.00
2014/07/29;10.45;10.60;10.44;10.48;1119070;36516612.00
2014/07/30;10.52;10.52;10.25;10.34;1033704;33214144.00
2014/07/31;10.30;10.37;10.17;10.27;1123903;35726980.00
2014/08/01;10.27;10.42;10.22;10.24;683837;21884686.00
2014/08/04;10.29;10.33;10.22;10.27;872057;27785350.00
2014/08/05;10.27;10.92;10.27;10.80;3012858;100222640.00
2014/08/06;10.80;10.82;10.59;10.66;1264821;41775568.00
2014/08/07;10.70;10.87;10.63;10.65;1164139;38810660.00
2014/08/08;10.65;10.80;10.65;10.73;858603;28577974.00
2014/08/11;10.73;10.89;10.73;10.81;969663;32516696.00
2014/08/12;10.79;10.90;10.77;10.88;967889;32544824.00
2014/08/13;10.89;11.29;10.89;11.05;1925696;66256204.00
2014/08/14;10.99;11.16;10.81;10.81;1204908;41060248.00
2014/08/15;10.81;10.93;10.71;10.93;1026752;34493768.00
2014/08/18;10.97;11.06;10.79;11.00;2131285;72210536.00
2014/08/19;11.00;11.00;10.80;10.87;1324415;44701100.00
2014/08/20;10.87;10.96;10.75;10.91;987787;33233562.00
2014/08/21;10.85;11.02;10.85;11.02;1149008;39003952.00
2014/08/22;11.03;11.13;10.90;11.04;1283238;43830848.00
2014/08/25;11.06;11.09;10.89;10.91;909322;30915834.00
2014/08/26;10.89;10.89;10.54;10.57;1017359;33796948.00
2014/08/27;10.57;10.78;10.55;10.60;643582;21246530.00
2014/08/28;10.54;10.63;10.17;10.28;884447;28523978.00
2014/08/29;10.27;10.40;10.18;10.39;581633;18660142.00
2014/09/01;10.39;10.56;10.39;10.55;444755;14501310.00
2014/09/02;10.61;10.77;10.60;10.75;743450;24674318.00
2014/09/03;11.07;11.29;10.76;11.15;2939005;101415896.00
2014/09/04;11.05;11.23;11.01;11.22;1924239;66373568.00
2014/09/05;11.22;11.37;11.13;11.36;2016093;70318032.00
2014/09/09;11.42;11.42;11.25;11.31;1328188;46582236.00
2014/09/10;11.31;11.33;11.15;11.30;1027033;35775544.00
2014/09/11;11.35;11.40;11.11;11.18;1492069;52065728.00
2014/09/12;11.13;11.26;11.06;11.22;1357374;46898624.00
2014/09/15;11.20;11.83;11.15;11.81;2878904;102630784.00
2014/09/16;11.73;11.79;10.97;11.01;2228916;78783600.00
2014/09/17;11.04;11.26;11.03;11.23;1034725;35732672.00
2014/09/18;11.25;11.55;11.18;11.37;1126126;39668840.00
2014/09/19;11.37;11.37;11.14;11.25;1081349;37687336.00
2014/09/22;11.14;11.23;10.87;10.90;1276911;43581440.00
2014/09/23;10.90;11.07;10.87;11.03;938982;31919000.00
2014/09/24;10.99;11.25;10.94;11.16;970542;33456864.00
2014/09/25;11.20;11.46;11.20;11.30;1539108;54079344.00
2014/09/26;11.33;11.53;11.23;11.52;1391266;49046428.00
2014/09/29;11.57;11.61;11.33;11.42;1994291;70778096.00
2014/09/30;11.42;11.52;11.32;11.49;1217360;43059516.00
2014/10/08;11.45;11.72;11.43;11.69;1408379;50397728.00
2014/10/09;11.74;11.82;11.57;11.77;2824926;102457928.00
2014/10/10;11.78;12.15;11.71;12.02;3364727;124727064.00
2014/10/13;12.02;12.02;11.70;11.84;1773261;64760528.00
2014/10/14;11.80;11.86;11.66;11.70;1541270;56048884.00
2014/10/15;11.71;11.75;11.27;11.30;2467228;86972592.00
2014/10/16;11.21;11.49;10.94;10.94;3402138;59215800.00
2014/10/17;10.78;10.79;10.23;10.44;3677993;59690512.00
2014/10/20;10.44;10.75;10.40;10.68;2001910;32811444.00
2014/10/21;10.61;10.78;10.33;10.36;2674556;43642484.00
2014/10/22;10.28;10.45;9.93;9.97;3689204;58133356.00
2014/10/23;9.96;9.96;9.65;9.82;3501428;53224008.00
2014/10/24;9.83;9.89;9.63;9.70;2538414;38631596.00
2014/10/27;9.77;9.89;9.67;9.81;1807131;27548572.00
2014/10/28;9.91;10.29;9.91;10.29;3891299;61598508.00
2014/10/29;10.31;10.73;10.30;10.45;4254508;69610376.00
2014/10/30;10.44;10.62;10.33;10.48;2705451;44000848.00
2014/10/31;10.59;10.59;10.17;10.29;2958916;47410916.00
2014/11/03;10.29;10.35;10.23;10.28;2314167;36970860.00
2014/11/04;10.30;10.46;10.23;10.33;1697564;27300558.00
2014/11/05;10.30;10.59;10.28;10.54;2773114;45074876.00
2014/11/06;10.43;10.80;10.30;10.80;3610958;59529476.00
2014/11/07;10.80;11.11;10.58;10.71;4769884;80701392.00
2014/11/10;10.65;10.77;10.51;10.71;2705478;44612872.00
2014/11/11;10.73;10.75;10.03;10.13;3940255;62810988.00
2014/11/12;10.17;10.19;10.00;10.18;1550536;24336762.00
2014/11/13;10.17;10.25;9.67;9.76;2427557;37056472.00
2014/11/14;9.70;9.97;9.67;9.83;1814630;27717342.00
2014/11/17;9.73;10.31;9.73;10.30;3040413;48231504.00
2014/11/18;10.30;10.33;10.11;10.13;1590748;25148336.00
2014/11/19;10.13;11.19;10.13;11.19;7416438;125278096.00
2014/11/20;11.37;11.61;10.95;11.42;12699183;222163488.00
2014/11/21;11.27;12.10;11.26;11.61;12084886;219475872.00
2014/11/24;11.62;11.95;11.41;11.67;8827570;160237488.00
2014/11/25;11.59;12.88;11.55;12.88;10627056;204483952.00
2014/11/26;13.57;13.95;13.02;13.30;18521043;381720928.00
2014/11/27;13.35;13.55;12.97;13.25;10809913;219429344.00
2014/11/28;13.28;13.29;12.85;12.91;8897684;178462080.00
2014/12/01;12.93;13.09;12.07;12.19;9003105;171176256.00
2014/12/02;12.23;12.48;12.11;12.36;6682701;126923168.00
2014/12/03;12.33;12.42;11.71;12.17;6844594;126719008.00
2014/12/04;12.27;12.62;12.00;12.31;7068381;134915952.00
2014/12/05;12.30;12.30;11.31;11.61;7320258;133322000.00
2014/12/08;11.47;11.86;11.37;11.53;6142888;110130752.00
2014/12/30;11.97;12.59;10.97;11.29;10429296;191350416.00
2014/12/31;10.83;10.83;10.14;10.41;5406430;87852872.00
2015/01/05;10.47;10.50;9.67;10.30;3692419;58070592.00
2015/01/06;10.23;11.37;9.99;11.37;6149109;104115864.00
2015/01/07;11.40;11.40;10.77;10.99;4510516;77031360.00
2015/01/08;11.07;11.29;10.87;10.95;3284115;56413336.00
2015/01/09;11.07;11.55;11.06;11.13;4068978;71039624.00
2015/01/12;10.90;11.03;10.43;10.50;2542302;42173724.00
2015/01/13;10.43;10.90;10.43;10.84;2030089;34018020.00
2015/01/14;10.84;10.87;10.53;10.60;1643187;27156940.00
2015/01/15;10.50;10.87;10.50;10.63;1341970;22274422.00
2015/01/16;10.65;11.12;10.65;11.05;2529346;43068948.00
2015/01/19;10.81;11.53;10.74;11.16;4452104;77478152.00
2015/01/20;11.16;11.86;11.16;11.80;5341004;95759416.00
2015/01/21;11.68;12.16;11.63;11.85;4919552;90348544.00
2015/01/22;11.96;12.55;11.65;12.37;5245917;97465848.00
2015/01/23;12.37;12.37;11.77;11.87;4069533;75820240.00
2015/01/26;11.77;12.20;11.73;12.06;2942720;54788528.00
2015/01/27;12.29;13.30;12.29;13.30;4903520;98497200.00
2015/01/28;13.59;13.77;12.97;12.98;9860288;202533328.00
2015/01/29;12.63;12.83;12.23;12.64;4839458;93364864.00
2015/01/30;12.54;12.90;12.23;12.23;3026324;58721532.00
2015/02/02;11.97;12.57;11.87;12.31;2296950;43513228.00
2015/02/03;12.30;12.83;12.23;12.55;3130156;60939824.00
2015/02/04;12.49;12.81;12.31;12.43;1983522;38262392.00
2015/02/05;12.49;12.65;12.30;12.30;2401920;46251752.00
2015/02/06;12.30;12.49;12.10;12.21;1870894;35547196.00
2015/02/09;12.27;12.49;11.83;11.92;1806043;33754364.00
2015/02/10;11.92;12.30;11.70;12.30;1876110;35117788.00
2015/02/11;12.29;12.63;12.25;12.55;2066012;39833060.00
2015/02/12;12.59;12.72;12.33;12.43;1663840;32055794.00
2015/02/13;12.55;12.67;12.45;12.49;1855308;36009584.00
2015/02/16;12.49;12.89;12.43;12.83;2818272;55383908.00
2015/02/17;12.87;13.03;12.63;12.69;1911936;37484152.00
2015/02/25;12.75;12.95;12.65;12.76;2188347;43226596.00
2015/02/26;12.77;12.90;12.61;12.71;2223483;43766876.00
2015/02/27;12.71;13.44;12.44;13.31;5387950;108907760.00
2015/03/02;13.31;13.77;13.07;13.54;5851136;121238328.00
2015/03/03;13.55;13.89;13.17;13.19;5744069;120258968.00
2015/03/04;13.17;13.50;13.04;13.42;3044335;62600852.00
2015/03/05;13.50;14.80;13.42;14.51;7746066;169337616.00
2015/03/06;14.38;14.58;13.78;14.07;4828106;105187552.00
2015/03/09;13.89;15.10;13.77;14.92;5530695;124160992.00
2015/03/10;14.93;15.29;14.63;15.10;4565084;105020680.00
2015/03/11;15.11;16.65;14.83;16.65;10782275;268275280.00
2015/03/12;16.24;16.54;15.73;15.85;7036049;173863200.00
2015/03/13;15.98;16.39;15.50;16.10;4577024;112076472.00
2015/03/16;16.03;16.77;15.97;16.39;5164804;130125968.00
2015/03/17;16.43;16.55;15.80;16.07;4966392;122862208.00
2015/03/18;16.06;16.40;15.70;16.19;3819016;93966688.00
2015/03/19;16.17;16.23;15.80;16.00;3085335;75569648.00
2015/03/20;16.10;17.30;16.10;16.53;6147097;156872656.00
2015/03/23;16.50;17.60;16.17;17.40;6747885;173896800.00
2015/03/24;17.37;17.56;16.17;16.89;7277395;188309712.00
2015/03/25;16.90;16.99;16.33;16.75;4133674;105759424.00
2015/03/26;16.63;16.63;15.51;15.66;8545836;209067920.00
2015/03/27;15.70;16.07;15.61;15.97;2998000;73128544.00
2015/03/30;15.85;16.17;15.18;15.58;4029860;96740160.00
2015/03/31;15.50;16.02;15.44;15.90;2888339;70246952.00
2015/04/01;16.07;17.43;15.78;16.79;5605398;142710656.00
2015/04/02;16.70;17.06;16.50;16.97;5793229;149693520.00
2015/04/03;17.03;18.01;16.65;17.70;7391719;196597472.00
2015/04/07;17.71;18.49;17.71;17.88;5971359;164510896.00
2015/04/08;17.43;17.89;16.38;16.84;6581269;173085552.00
2015/04/09;16.77;16.83;15.65;16.67;4050997;101149408.00
2015/04/10;16.43;17.01;16.31;16.75;3195856;82234728.00
2015/04/13;16.90;17.68;16.77;17.58;5800348;154287152.00
2015/04/14;17.57;17.57;16.75;17.07;3863526;101095728.00
2015/04/15;17.07;17.07;15.71;16.05;4306816;108450792.00
2015/04/16;16.03;16.54;15.55;15.91;3251466;79893672.00
2015/04/17;16.04;16.29;15.77;16.04;3153685;77630496.00
2015/04/20;16.04;16.20;15.56;15.87;3660053;89398016.00
2015/04/21;15.80;16.63;15.70;16.59;3587154;90025160.00
2015/04/22;16.40;17.10;16.40;17.08;4519043;116449912.00
2015/04/23;17.03;17.64;16.83;17.06;4630880;122118936.00
2015/04/24;17.45;17.79;17.00;17.53;7179391;192338496.00
2015/04/27;17.68;18.83;17.31;18.20;9075181;250144464.00
2015/04/28;17.97;18.45;17.24;17.59;5109440;138033968.00
2015/04/29;17.35;19.39;17.32;19.39;10260132;295282848.00
2015/04/30;20.17;21.17;19.63;20.63;10310971;324063936.00
2015/05/04;20.77;22.67;20.77;21.11;6910114;228726512.00
2015/05/05;21.63;22.50;20.93;21.50;6923964;228727360.00
2015/05/06;21.58;23.69;21.58;23.69;10964526;392050368.00
2015/05/07;24.29;25.19;21.58;23.27;9330627;346747520.00
2015/05/08;23.81;25.15;23.65;24.73;7135697;264069520.00
2015/05/11;24.82;26.03;23.47;25.50;8582279;318946336.00
2015/05/12;24.99;25.70;24.00;24.65;7075947;263798880.00
2015/05/13;24.01;24.33;23.15;23.92;5555028;200229744.00
2015/05/14;23.60;24.93;23.47;24.13;4221419;155023152.00
2015/05/15;24.21;25.45;23.75;24.99;4071007;150854224.00
2015/05/18;25.43;27.51;25.10;27.51;3899406;159612528.00
2015/05/19;30.13;30.13;27.13;28.53;6156523;263371872.00
2015/05/20;28.31;30.24;27.80;28.58;2914753;127258136.00
2015/05/21;28.08;31.13;27.87;30.45;3894766;173762176.00
2015/05/22;31.13;31.13;27.47;28.59;5457139;239574080.00
2015/05/25;26.50;28.79;26.50;28.33;4177834;176228720.00
2015/05/26;28.47;31.19;28.33;31.19;7627070;352303712.00
2015/05/27;31.41;32.62;29.65;31.00;4847832;228829984.00
2015/05/28;30.42;31.52;27.88;28.47;4933692;221927696.00
2015/05/29;27.99;29.04;25.80;27.25;6604742;273912544.00
2015/06/01;27.73;28.95;27.25;28.68;5324414;227004400.00
2015/06/02;28.61;31.12;28.61;30.89;4814606;218367712.00
2015/06/03;31.13;33.63;29.67;33.05;7891618;379135520.00
2015/06/04;32.85;32.93;29.89;32.47;4597822;220729216.00
2015/06/05;32.47;33.33;31.47;31.96;4383778;215332976.00
2015/06/08;31.83;31.83;28.87;30.01;5151326;233052352.00
2015/06/09;29.98;31.12;29.97;30.57;3813501;176291120.00
2015/06/10;30.07;31.46;30.07;30.85;2359624;109836136.00
2015/06/11;30.87;31.45;30.33;30.60;2270868;105720928.00
2015/06/12;30.60;31.88;30.47;31.57;3476618;165673440.00
2015/06/15;31.77;32.79;29.80;30.36;4752134;221358096.00
2015/06/16;28.60;29.79;27.33;27.93;5284471;228576576.00
2015/06/17;27.93;28.93;26.76;28.32;3980514;166446768.00
2015/06/18;28.32;28.32;26.13;27.23;5755475;235315808.00
2015/06/19;26.47;27.53;25.67;26.52;4412915;176725472.00
2015/06/23;26.50;27.67;26.27;26.86;3189509;129818592.00
2015/06/30;24.15;28.40;24.15;24.23;8074710;302539776.00
2015/07/01;24.10;25.47;21.79;21.79;7527504;270192448.00
2015/07/02;19.82;21.53;19.59;19.59;5404629;163157856.00
2015/07/03;17.80;19.92;17.61;17.61;4513163;123583880.00
2015/07/06;19.39;19.39;15.83;15.83;5576341;144199088.00
2015/07/07;14.23;14.47;14.23;14.23;655400;14189852.00
2015/07/13;15.68;15.68;15.68;15.68;218602;5207099.50
2015/07/14;17.27;17.27;17.27;17.27;166615;4365313.00
2015/07/15;19.01;19.01;15.53;16.27;10189021;271203552.00
2015/07/16;16.27;17.25;14.62;16.61;8384442;201160496.00
2015/07/17;16.63;18.29;16.63;18.29;6845338;184125072.00
2015/07/20;19.00;20.14;18.47;20.14;10179260;304175808.00
2015/07/21;20.10;22.17;19.33;22.17;10032095;324661632.00
2015/07/22;22.55;24.41;22.47;24.41;14180477;517113376.00
2015/07/23;24.49;25.80;23.13;24.97;11328690;418112160.00
2015/07/24;24.47;26.47;24.18;24.29;7694515;294071040.00
2015/07/27;22.73;25.69;21.84;21.84;7323225;263185280.00
2015/07/28;20.00;22.73;19.63;20.40;7784409;243021664.00
2015/07/29;21.20;22.46;18.47;22.45;8038091;251264416.00
2015/07/30;22.06;24.45;21.65;22.70;9513026;337938304.00
2015/07/31;22.10;23.45;21.40;22.21;4916181;168906352.00
2015/08/03;21.70;21.70;19.97;19.97;4585446;141523360.00
2015/08/04;19.87;21.99;19.87;21.99;5438657;171894064.00
2015/08/05;21.81;23.06;20.93;21.27;5804350;192355136.00
2015/08/06;20.47;21.57;20.21;21.11;4790912;151754480.00
2015/08/07;21.13;23.24;20.57;23.24;8714230;293145056.00
2015/08/10;23.94;24.79;23.14;24.20;6663696;240786560.00
2015/08/11;23.53;24.90;22.69;23.97;8980597;326242720.00
2015/08/12;23.73;24.40;23.27;23.40;4898058;176373472.00
2015/08/13;23.00;23.89;22.80;23.67;6548678;230614656.00
2015/08/14;23.75;24.11;23.01;23.25;6638068;234230848.00
2015/08/17;23.25;23.25;22.10;22.60;6082281;207900192.00
2015/08/18;22.51;23.27;20.32;20.32;7338701;241220896.00
2015/08/19;19.80;20.35;18.27;20.29;9580527;277800128.00
2015/08/20;20.17;20.17;19.00;19.03;4062407;120651328.00
2015/08/21;18.80;19.47;17.27;18.11;3746705;105283048.00
2015/08/24;17.13;17.13;16.28;16.28;2271980;56560744.00
2015/08/25;14.63;15.13;14.63;14.63;3379125;75441144.00
2015/08/26;13.80;15.12;13.15;13.15;7124568;150574208.00
2015/08/27;13.27;14.49;13.27;14.49;6873265;144753104.00
2015/08/28;14.80;15.78;14.60;15.73;5421574;124590000.00
2015/08/31;15.79;15.79;14.70;14.80;4102217;93654136.00
2015/09/01;14.80;15.08;13.53;13.78;4266452;92812984.00
2015/09/02;13.00;14.72;12.81;13.19;3592011;74699088.00
2015/09/07;13.60;14.17;13.47;13.71;2836900;59668040.00
2015/09/08;13.71;15.09;13.52;15.05;2584571;55693120.00
2015/09/09;15.13;16.12;15.07;15.79;3649599;86203888.00
2015/09/10;15.34;15.88;15.10;15.17;2884019;67832768.00
2015/09/11;15.07;15.56;15.01;15.24;2028800;47032716.00
2015/09/14;15.17;15.40;13.69;13.69;3536562;76677552.00
2015/09/15;13.00;13.59;12.49;12.53;2532027;50415356.00
2015/09/16;12.69;13.80;12.53;13.71;2791802;56327508.00
2015/09/17;13.80;14.66;13.47;14.05;3707150;78767920.00
2015/09/18;14.20;14.69;13.93;14.48;3437142;74712176.00
2015/09/21;14.01;15.20;13.80;15.11;3211010;72095040.00
2015/09/22;15.03;15.42;14.69;14.95;3052181;69992160.00
2015/09/23;14.60;15.13;14.49;14.79;3107312;70286784.00
2015/09/24;14.81;15.69;14.81;15.28;3019042;70471664.00
2015/09/25;15.42;15.67;14.53;14.80;3107504;71874536.00
2015/09/28;15.07;15.60;14.67;15.51;2531104;58465040.00
2015/09/29;15.31;15.76;15.08;15.17;2298450;53399460.00
2015/09/30;15.40;16.10;15.30;16.00;3431401;81876408.00
2015/10/08;17.60;17.60;16.40;16.81;2614292;67387880.00
2015/10/09;17.20;17.20;16.61;16.94;2085174;53467352.00
2015/10/12;16.95;18.43;16.83;17.95;3578566;96523656.00
2015/10/13;17.67;18.31;17.67;18.25;2225274;60792520.00
2015/10/14;18.25;18.31;17.47;17.53;3286443;88445360.00
2015/10/15;17.49;17.99;17.21;17.97;2973951;79531312.00
2015/10/16;18.12;18.79;17.87;18.73;4863541;136359248.00
2015/12/24;20.63;20.63;20.63;20.63;65016;2031099.88
2015/12/25;22.71;22.71;22.47;22.71;2111726;72542216.00
2015/12/28;25.00;25.00;24.77;25.00;6991551;264191120.00
2015/12/29;24.61;26.59;23.13;26.45;12374699;462725280.00
2015/12/30;25.93;29.12;25.93;29.12;5478877;234044304.00
2015/12/31;29.47;32.04;28.33;30.47;10667283;486444672.00
2016/01/04;30.77;30.87;27.41;27.77;4629220;206195520.00
2016/01/05;26.73;29.11;26.47;27.47;6473604;269194560.00
2016/01/06;27.13;28.24;25.67;27.77;6156843;249844320.00
2016/01/07;27.13;27.20;24.97;24.97;694100;27184330.00
2016/01/08;25.05;25.45;22.45;23.70;3804941;137749680.00
2016/01/11;23.59;23.59;21.31;21.31;3506720;117608200.00
2016/01/12;21.07;21.96;19.70;21.13;6379864;199953808.00
2016/01/13;21.33;21.69;19.73;19.77;4244911;133413760.00
2016/01/14;19.07;21.06;18.79;20.77;3698515;112736360.00
2016/01/15;20.46;21.47;19.67;19.91;4120799;129815920.00
2016/01/18;19.67;21.40;19.13;21.23;3071122;95520792.00
2016/01/19;20.81;23.37;20.80;23.37;4019551;134537872.00
2016/01/20;23.45;24.99;23.13;23.81;4580444;167815984.00
2016/01/21;23.15;25.20;22.87;23.77;3898134;142686144.00
2016/01/22;24.47;25.25;23.00;25.23;4845479;177448800.00
2016/01/25;25.90;26.27;24.33;25.51;4633550;176039280.00
2016/01/26;25.13;25.13;22.93;22.93;3020269;109662544.00
2016/01/27;23.07;23.53;20.62;22.15;3437444;113773144.00
2016/01/28;21.80;22.83;21.23;21.80;2497657;83465824.00
2016/01/29;21.80;24.00;21.14;24.00;2646601;92675736.00
2016/02/01;24.13;25.27;23.80;24.47;3929078;146052496.00
2016/02/02;24.85;25.23;24.21;25.08;3367349;126946632.00
2016/02/03;24.93;25.47;23.44;24.25;2485352;92486904.00
2016/02/04;23.97;26.69;23.54;26.69;4677571;179209856.00
2016/02/05;26.40;26.83;25.57;25.57;3016043;119997824.00
2016/02/15;24.47;27.05;23.75;26.27;2512309;97285840.00
2016/02/16;25.85;27.67;25.85;27.27;2360770;96468696.00
2016/02/17;27.13;28.13;26.87;27.48;2124940;88232352.00
2016/02/18;27.46;27.79;26.05;26.47;2604681;104424448.00
2016/02/19;26.19;26.46;25.00;25.45;3262855;126282880.00
2016/02/22;25.82;26.63;25.14;25.48;4003994;156126224.00
2016/02/23;25.80;26.19;24.80;25.25;2922781;112117520.00
2016/02/24;25.17;27.13;24.33;26.89;4489190;174072816.00
2016/03/04;24.19;25.06;24.18;24.18;4858334;178858240.00
2016/03/07;23.05;24.13;22.47;22.67;4330095;152202944.00
2016/03/08;22.67;22.67;20.99;22.20;4039212;132270296.00
2016/03/09;21.65;22.72;21.01;22.23;2383922;79956264.00
2016/03/10;22.23;22.57;21.47;21.51;1734480;57402688.00
2016/03/11;21.13;21.13;20.34;20.67;1695050;53174604.00
2016/03/14;21.27;22.21;21.05;21.20;1870710;61163940.00
2016/03/15;21.45;22.17;21.13;21.37;1703560;55628884.00
2016/03/16;21.66;22.20;20.34;20.47;2886448;92553104.00
2016/03/17;20.53;21.80;20.53;21.74;2832414;91336560.00
2016/03/18;22.17;23.11;21.81;22.87;3134370;106856416.00
2016/03/21;23.05;23.65;22.47;22.93;3281181;113338024.00
2016/03/22;22.94;24.73;22.62;24.14;3392291;122265784.00
2016/03/23;24.00;24.29;23.61;24.27;1884743;68333320.00
2016/03/24;23.80;24.63;23.63;23.67;2062645;75263552.00
2016/03/25;23.67;24.00;22.47;22.99;2187780;76169216.00
2016/03/28;23.40;24.30;23.13;24.17;2899735;104649232.00
2016/03/29;24.33;24.33;22.77;22.80;1979746;69646680.00
2016/03/30;22.95;24.19;22.55;24.19;2559213;90610776.00
2016/03/31;24.27;24.92;24.00;24.32;2615642;96528360.00
2016/04/01;23.93;24.60;23.93;24.21;1729283;63620328.00
2016/04/05;24.21;24.92;23.95;24.67;2243179;82965208.00
2016/04/06;24.60;25.13;24.20;24.47;2058448;76826384.00
2016/04/07;24.53;24.77;23.67;23.67;2001527;72788336.00
2016/04/08;23.67;23.78;23.27;23.75;1038460;36887208.00
2016/04/11;23.92;25.80;23.92;24.83;1794476;67439912.00
2016/04/12;24.60;25.05;23.87;24.27;1352299;49934300.00
2016/04/18;23.47;25.13;23.47;25.02;2604390;96900088.00
2016/04/19;25.03;25.13;23.92;24.25;2536258;93220832.00
2016/04/20;24.39;24.71;22.59;22.95;1706794;60547204.00
2016/04/21;22.73;22.93;22.41;22.47;1081170;37114044.00
2016/04/22;22.15;23.07;22.15;22.61;644195;22124168.00
2016/04/25;22.47;22.93;22.21;22.85;715328;24488522.00
2016/04/26;22.83;23.47;22.73;23.37;993357;34807772.00
2016/04/27;23.66;23.72;23.17;23.20;521390;18376726.00
2016/04/28;23.13;23.33;22.81;23.13;801933;28003046.00
2016/04/29;23.08;23.40;22.59;23.07;949620;33148596.00
2016/05/03;23.07;24.27;22.93;24.23;2081657;75103184.00
2016/05/04;24.39;26.67;23.94;26.67;5295048;204824480.00
2016/05/05;26.62;27.05;26.10;26.67;2809738;112702536.00
2016/05/06;26.79;27.99;26.46;26.46;5037990;206178848.00
2016/05/09;26.00;26.45;23.95;24.33;3067004;117158672.00
2016/05/10;24.62;25.02;24.27;25.02;2112671;79022368.00
2016/05/11;25.25;25.25;24.48;24.75;1604575;60411492.00
2016/05/12;23.80;24.83;23.73;24.80;1178403;43477844.00
2016/05/13;24.55;26.77;24.54;25.57;2657452;103014024.00
2016/05/16;25.80;26.29;25.44;26.13;2124208;83063912.00
2016/05/17;25.89;26.13;25.20;25.30;1740947;67202856.00
2016/05/18;25.13;25.42;24.53;24.65;1855940;69905824.00
2016/05/19;24.66;25.90;24.63;25.45;1668200;64107580.00
2016/05/20;25.20;27.29;25.20;27.17;2719309;109326144.00
2016/05/23;27.33;27.43;25.85;26.14;4313223;172551104.00
2016/05/24;25.81;26.80;25.45;26.26;2421591;95067472.00
2016/05/25;27.00;27.00;25.67;25.76;2540567;100496912.00
2016/05/26;25.47;26.33;24.71;26.00;2160849;83188376.00
2016/05/27;25.51;27.78;25.51;27.05;4894796;131773904.00
2016/05/30;27.05;27.82;26.60;27.18;3667001;100377184.00
2016/05/31;26.85;29.30;26.85;28.60;6491570;184327344.00
2016/06/01;28.59;28.99;27.90;28.50;6870579;194702224.00
2016/06/02;28.05;28.69;27.89;28.22;4852675;136761280.00
2016/06/03;28.22;29.00;28.01;28.41;4494022;128126168.00
2016/06/06;28.59;28.64;28.11;28.44;2759369;78281928.00
2016/06/07;28.43;28.45;28.02;28.28;2174211;61454688.00
2016/06/08;28.41;29.18;28.21;28.39;2180257;62233264.00
2016/06/13;28.20;28.28;25.77;25.84;3358421;91616128.00
2016/06/14;25.16;25.99;25.16;25.84;2376506;60849108.00
2016/06/15;25.40;26.79;25.40;26.60;2237543;59053772.00
2016/06/16;26.60;26.85;26.00;26.40;2441735;64444056.00
2016/06/17;26.21;26.88;26.21;26.41;2310545;61117452.00
2016/06/20;26.35;26.52;25.50;26.12;1531166;39739908.00
2016/06/21;26.12;26.62;26.01;26.23;1792905;47091780.00
2016/06/22;26.23;28.23;26.10;27.99;4195677;115634760.00
2016/06/23;28.28;28.28;27.21;27.65;3061130;85056800.00
2016/06/24;27.70;27.98;26.60;27.50;2411256;66202928.00
2016/06/27;27.38;30.25;27.09;30.25;6498596;191226416.00
2016/06/28;30.80;31.05;29.45;30.26;6382705;192261440.00
2016/06/29;31.01;33.00;30.40;30.69;5672418;179244144.00
2016/06/30;30.90;32.20;30.10;30.46;4133245;127776976.00
2016/07/01;30.40;30.78;29.60;29.60;2962614;89055896.00
2016/07/04;29.95;32.56;29.77;32.19;6662733;210010368.00
2016/07/05;31.82;32.40;30.31;30.96;8882280;278100128.00
2016/07/06;30.38;30.84;29.77;30.16;5769533;174181024.00
2016/07/07;30.35;30.85;29.86;30.28;3017101;91209472.00
2016/07/08;30.25;30.25;29.31;29.97;4640693;137960304.00
2016/07/11;30.00;30.82;29.94;29.94;6882419;209049104.00
2016/07/12;30.00;30.45;29.63;30.25;3146400;94892504.00
2016/07/13;30.05;30.94;30.05;30.70;3713827;113880176.00
2016/07/14;30.77;31.29;30.48;30.56;2811136;86837184.00
2016/07/15;30.89;31.15;29.61;29.92;4015601;121114016.00
2016/07/18;29.01;29.88;27.40;27.90;7794876;219530512.00
2016/07/19;27.94;28.36;27.46;28.30;2679564;74745488.00
2016/07/20;28.22;28.40;27.78;28.00;2325338;65280812.00
2016/07/21;28.22;29.80;28.13;29.06;3634872;105405304.00
2016/07/22;29.28;29.97;28.18;28.46;3243208;94526504.00
2016/07/25;28.02;28.88;28.02;28.31;1185458;33650364.00
2016/07/26;28.50;28.60;28.04;28.50;1454314;41348440.00
2016/07/27;28.60;28.99;26.00;26.41;3810199;104014616.00
2016/07/28;26.38;26.97;26.20;26.69;1654600;44145920.00
2016/07/29;26.58;26.88;26.32;26.58;1467827;39040016.00
2016/08/01;26.70;27.20;25.75;26.70;1583647;41785048.00
2016/08/02;26.88;27.19;26.51;26.72;1041184;27871306.00
2016/08/03;26.65;26.80;26.35;26.72;1160688;30801826.00
2016/08/04;26.59;26.98;26.51;26.90;1590065;42607324.00
2016/08/05;26.93;27.15;26.59;26.60;1617719;43371464.00
2016/08/08;26.31;26.83;26.00;26.70;1895379;49953960.00
2016/08/09;26.71;26.99;26.49;26.70;1571888;41903276.00
2016/08/10;26.79;27.32;26.58;26.86;1933081;52097352.00
2016/08/11;26.86;27.05;26.42;26.46;1249565;33373738.00
2016/08/12;26.33;26.85;26.33;26.81;1144920;30497436.00
2016/08/15;26.90;27.50;26.71;27.12;3480400;94230576.00
2016/08/16;27.19;28.00;27.02;27.45;4413034;121618008.00
2016/08/17;27.50;28.48;27.20;27.67;2820005;78282208.00
2016/08/18;27.46;28.00;27.46;27.56;2035185;56435492.00
2016/08/19;27.55;27.73;27.35;27.48;1141934;31438500.00
2016/08/22;27.50;27.66;26.60;26.64;1801573;48660004.00
2016/08/23;26.84;27.09;26.61;26.78;932282;25024696.00
2016/08/24;26.84;26.99;26.63;26.75;784515;21032766.00
2016/08/25;26.60;26.69;26.20;26.51;1455162;38315816.00
2016/08/26;26.44;26.89;26.44;26.71;1146431;30656588.00
2016/08/29;27.29;27.30;26.75;26.82;1203022;32449540.00
2016/08/30;26.85;27.01;26.76;26.94;766474;20632504.00
2016/08/31;27.08;27.08;26.83;27.05;712816;19206296.00
2016/09/01;27.10;27.11;26.66;26.72;962058;25816808.00
2016/09/02;26.60;26.90;25.40;25.70;2280591;59371812.00
2016/09/05;25.87;25.99;25.30;25.46;2897150;74101768.00
2016/09/06;25.60;25.61;24.65;25.57;5281971;132376168.00
2016/09/07;25.60;25.65;25.15;25.25;3396685;86083112.00
2016/09/08;25.30;25.45;25.13;25.20;2245118;56645192.00
2016/09/09;25.20;25.37;24.80;25.01;3102061;78083992.00
2016/09/12;24.65;24.98;24.00;24.00;2527460;61633320.00
2016/09/13;24.16;24.46;24.14;24.26;1416669;34353508.00
2016/09/14;24.10;24.88;24.00;24.56;2149135;52641892.00
2016/09/19;24.56;24.98;24.56;24.69;1519869;37635408.00
2016/09/20;24.89;24.89;24.32;24.43;988768;24245062.00
2016/09/21;24.66;24.66;24.32;24.57;1246656;30497294.00
2016/09/22;24.66;24.80;24.50;24.53;1145252;28192678.00
2016/09/23;24.79;24.79;24.24;24.29;1311761;31975888.00
2016/09/26;24.22;24.48;24.00;24.12;2104928;50870960.00
2016/09/27;24.35;24.35;24.08;24.35;1497994;36302180.00
2016/09/28;24.36;24.95;24.32;24.50;2311713;57067908.00
2016/09/29;24.61;24.78;24.42;24.65;1276602;31422630.00
2016/09/30;24.72;24.78;24.46;24.73;1184965;29160406.00
2016/10/10;24.78;25.56;24.78;25.49;4197493;106457960.00
2016/10/11;25.66;25.78;25.30;25.49;3477876;88804488.00
2016/10/12;25.42;25.63;25.25;25.34;2649909;67341264.00
2016/10/13;25.49;25.55;25.34;25.52;1657808;42159508.00
2016/10/14;25.49;25.89;25.20;25.80;2433012;62207232.00
2016/10/17;25.75;26.20;25.63;25.91;3297582;85652320.00
2016/10/18;25.76;25.95;25.40;25.92;2586865;66366440.00
2016/10/19;25.81;25.97;25.63;25.85;1926629;49711068.00
2016/10/20;26.11;26.60;25.79;25.79;2948783;77008736.00
2016/10/21;25.70;25.70;25.26;25.41;2035636;51701696.00
2016/10/24;25.57;25.60;25.20;25.40;2101724;53309420.00
2016/10/25;25.40;26.39;25.34;26.20;4173868;108723400.00
2016/10/26;26.19;26.30;25.78;25.86;1604774;41561452.00
2016/10/27;25.86;25.99;25.68;25.79;1443331;37249072.00
2016/10/28;25.94;25.94;25.32;25.45;1812478;46259192.00
2016/10/31;25.45;25.69;25.13;25.28;760120;19232812.00
2016/11/01;25.57;25.57;24.73;25.08;2908926;72684328.00
2016/11/02;25.04;25.10;24.69;25.00;2245465;55874484.00
2016/11/03;24.80;25.20;24.80;24.91;1607078;40221672.00
2016/11/04;24.93;25.15;24.55;24.69;1318035;32638048.00
2016/11/07;24.77;24.82;24.52;24.69;962241;23724494.00
2016/11/08;24.79;24.89;24.64;24.78;967542;23978214.00
2016/11/09;24.75;24.84;24.26;24.79;2172164;53251524.00
2016/11/10;24.95;24.99;24.76;24.85;1452673;36110612.00
2016/11/11;24.78;25.11;24.78;24.93;1798177;44944880.00
2016/11/14;25.12;25.23;24.61;24.70;2986858;74313456.00
2016/11/15;24.61;24.85;24.60;24.83;1535598;38016476.00
2016/11/16;24.96;25.28;24.79;25.10;2680592;66872680.00
2016/11/17;25.00;25.06;24.82;24.90;714600;17828894.00
数据来源:通达信
