300390 天华超净 日线 前复权
      日期	    开盘	    最高	    最低	    收盘	    成交量	    成交额
2014/07/31;2.58;3.12;2.58;3.12;29302;356564.38
2014/08/01;3.45;3.45;3.45;3.45;12100;162382.00
2014/08/04;3.80;3.80;3.80;3.80;10700;157932.00
2014/08/05;4.20;4.20;4.20;4.20;22350;362964.00
2014/08/06;4.63;4.63;4.63;4.63;34670;619206.19
2014/08/07;5.11;5.11;5.11;5.11;57450;1128892.50
2014/08/08;5.63;5.63;5.63;5.63;79006;1708109.75
2014/08/11;6.21;6.21;6.21;6.21;84636;2012644.13
2014/08/12;6.84;6.84;6.84;6.84;781615;20447048.00
2014/08/13;7.04;7.54;6.95;7.54;10188765;286469024.00
2014/08/14;7.54;7.78;7.21;7.35;10608409;301512768.00
2014/08/15;7.11;7.20;6.77;6.97;7287754;193765584.00
2014/08/18;7.01;7.27;6.93;7.15;5349404;145594160.00
2014/08/19;7.15;7.78;7.15;7.60;7395285;212579712.00
2014/08/20;7.49;8.37;7.34;7.92;7678128;230306528.00
2014/08/21;7.74;7.84;7.49;7.59;5002746;145675904.00
2014/08/22;7.53;7.67;7.51;7.62;2511232;72846312.00
2014/08/25;7.68;7.93;7.63;7.68;2836519;83987720.00
2014/08/26;7.60;7.60;7.30;7.45;3306470;93468536.00
2014/08/27;7.49;7.62;7.38;7.62;2263287;65115760.00
2014/08/28;7.51;8.38;7.49;7.87;4656878;141220944.00
2014/08/29;7.76;8.53;7.76;8.43;4982822;156514048.00
2014/09/01;8.35;9.29;8.27;9.29;7095788;245385840.00
2014/09/02;9.28;9.71;9.12;9.47;6313436;225456112.00
2014/09/03;9.36;9.43;9.05;9.41;5650022;198762000.00
2014/09/04;9.31;9.85;9.31;9.51;4921102;178757312.00
2014/09/05;9.47;9.73;9.33;9.67;3509825;127249360.00
2014/09/09;9.68;9.84;9.44;9.54;2021932;73492552.00
2014/09/10;9.44;10.05;9.34;9.94;3342482;123502864.00
2014/09/11;10.08;10.10;9.68;9.80;3417207;127675512.00
2014/09/12;9.73;9.76;9.54;9.61;2123245;77591464.00
2014/09/15;9.61;9.76;9.49;9.68;2259530;82625136.00
2014/09/16;9.66;9.70;9.33;9.45;1913708;68941736.00
2014/09/17;9.39;9.51;9.27;9.40;712113;25425086.00
2014/09/18;9.33;9.50;9.28;9.41;711365;25461292.00
2014/09/19;9.36;9.49;9.34;9.47;554011;19843934.00
2014/09/22;9.40;9.43;9.20;9.35;953383;33663056.00
2014/09/23;9.31;9.52;9.28;9.47;868854;31253530.00
2014/09/24;9.47;9.50;9.33;9.43;1776984;63434632.00
2014/09/25;9.45;9.45;9.15;9.19;1582546;55707740.00
2014/09/26;9.16;9.16;8.83;8.95;1852929;63175224.00
2014/09/29;8.95;9.10;8.95;9.02;721631;24807864.00
2014/09/30;9.03;9.10;8.93;9.03;1342827;45918252.00
2014/10/08;9.07;9.36;8.96;9.32;1789275;62762824.00
2014/10/09;9.31;9.39;9.17;9.29;1282349;45210388.00
2014/10/10;9.28;9.28;9.14;9.15;797262;27887510.00
2014/10/13;9.13;9.13;8.92;9.06;838702;28693722.00
2014/10/14;9.11;9.25;9.07;9.17;964639;33658896.00
2014/10/15;9.20;10.10;9.07;10.10;7020109;262960144.00
2014/10/16;9.95;10.53;9.85;9.98;5175407;198558576.00
2014/10/17;9.86;10.08;9.40;9.92;3673981;136181920.00
2014/10/20;9.82;9.99;9.68;9.83;2061396;76909608.00
2014/10/21;9.82;10.23;9.74;10.11;2958266;113277064.00
2014/10/22;9.97;10.26;9.81;9.96;2660456;101140096.00
2014/10/23;10.00;10.40;9.87;10.16;3049098;117777304.00
2014/10/24;10.03;10.71;9.95;10.23;3502828;138020208.00
2014/10/27;10.23;10.23;9.73;9.88;2473968;93455128.00
2014/10/28;9.80;10.40;9.80;10.35;2492879;95691760.00
2014/10/29;10.27;10.69;10.19;10.45;2503851;99268360.00
2014/10/30;10.32;10.49;10.09;10.40;2345035;91936720.00
2014/10/31;10.39;11.11;10.30;10.83;3689203;150900496.00
2014/11/03;10.83;11.01;10.63;10.90;2540848;104282464.00
2014/11/04;10.90;10.90;10.35;10.37;2382128;95692944.00
2014/11/05;10.37;10.53;10.27;10.41;1075394;42453680.00
2014/11/06;10.42;10.79;10.35;10.74;1636979;66119116.00
2014/11/07;10.66;11.02;10.55;10.68;2336737;95580216.00
2014/11/10;10.67;10.99;10.61;10.90;1807474;74339992.00
2014/11/11;11.04;11.69;10.76;11.68;4507471;193026768.00
2014/11/12;11.42;12.50;11.36;12.27;4710674;215544976.00
2014/11/13;11.92;12.10;11.60;11.67;2934838;131342728.00
2014/11/14;11.65;11.65;10.49;10.71;3150066;130073752.00
2014/11/17;10.53;11.14;10.51;10.77;1703697;70405824.00
2014/11/18;10.67;10.97;10.55;10.95;1118182;45925804.00
2014/11/19;10.90;11.03;10.61;10.84;1166560;47990168.00
2014/11/20;10.67;10.84;10.62;10.82;1070710;43647088.00
2014/11/21;10.81;11.07;10.67;10.83;1232194;51107144.00
2014/11/24;10.99;11.15;10.83;11.02;1420426;59299508.00
2014/11/25;11.02;11.22;10.76;10.88;1842050;76475568.00
2014/11/26;10.88;11.06;10.83;11.03;990682;41217048.00
2014/11/27;11.13;11.49;11.13;11.38;2015233;86615280.00
2014/11/28;11.41;11.45;11.11;11.29;1662237;70970760.00
2014/12/01;11.30;12.44;11.17;12.44;4729415;213554560.00
2014/12/02;12.32;13.06;12.22;12.40;4398473;209939056.00
2014/12/03;12.43;12.75;12.04;12.65;3248033;153237552.00
2014/12/04;12.73;12.79;12.41;12.53;2258000;107494408.00
2014/12/05;12.40;12.58;11.87;12.40;2379854;110425160.00
2014/12/08;12.19;12.43;11.31;11.33;3417544;151024768.00
2014/12/09;11.28;11.28;10.44;10.46;1661100;67843392.00
2014/12/10;10.49;10.95;10.24;10.75;989848;40298576.00
2014/12/11;10.67;10.93;10.58;10.80;731225;30043444.00
2014/12/12;10.80;11.03;10.73;10.98;857885;35519840.00
2014/12/15;11.05;11.34;10.90;11.24;1231190;52151788.00
2014/12/16;11.20;11.30;10.98;11.07;1102361;46541976.00
2014/12/17;11.07;11.28;10.73;11.20;1141618;48086836.00
2014/12/18;11.23;11.33;10.59;10.60;867904;36106352.00
2014/12/19;10.53;10.53;9.87;10.06;1271289;48884864.00
2014/12/22;10.00;10.00;9.20;9.33;864424;30838096.00
2014/12/23;9.23;9.74;9.23;9.47;369574;13372285.00
2014/12/24;9.53;9.97;9.53;9.83;539749;20024686.00
2014/12/25;9.88;9.88;9.60;9.83;424180;15761382.00
2014/12/26;9.73;9.85;9.67;9.79;239650;8898459.00
2014/12/29;9.77;9.77;9.30;9.47;515411;18470110.00
2014/12/30;9.49;9.52;9.16;9.51;587371;20849082.00
2014/12/31;9.41;9.73;9.20;9.70;586630;21240494.00
2015/01/05;9.68;9.68;9.20;9.53;553350;19784716.00
2015/01/06;9.38;10.37;9.37;10.05;836272;31436842.00
2015/01/07;10.05;10.14;9.80;10.07;740052;27927468.00
2015/01/08;9.95;10.21;9.90;10.07;422133;16165097.00
2015/01/09;10.04;10.13;9.95;10.07;448452;17146836.00
2015/01/12;10.07;10.07;9.52;9.60;307050;11453866.00
2015/01/13;9.47;9.81;9.47;9.71;279342;10263439.00
2015/01/14;9.70;9.73;9.41;9.61;443871;16108358.00
2015/01/15;9.55;9.91;9.53;9.63;232600;8545928.00
2015/01/16;9.63;9.83;9.60;9.80;351751;13037646.00
2015/01/19;9.52;10.23;9.52;9.88;1122232;42435024.00
2015/01/20;10.13;10.50;9.88;10.40;1641696;63584692.00
2015/01/21;10.35;10.50;10.23;10.43;1299846;50998688.00
2015/01/22;10.43;10.68;10.27;10.58;823451;32902306.00
2015/01/23;10.56;10.56;10.26;10.29;871491;34247680.00
2015/01/26;10.29;10.36;10.21;10.33;341347;13359082.00
2015/01/27;10.33;10.56;10.29;10.46;567450;22459678.00
2015/01/28;10.43;10.61;10.32;10.33;661977;26330062.00
2015/01/29;10.27;10.33;9.84;10.00;955517;36506312.00
2015/01/30;10.02;10.07;9.79;9.80;284031;10724655.00
2015/04/24;10.79;10.79;10.79;10.79;272445;7402330.50
2015/04/27;11.88;11.88;11.88;11.88;16030;479136.69
2015/04/28;13.07;13.07;13.07;13.07;114500;3764760.00
2015/04/29;13.92;14.39;13.38;14.39;3104480;110432512.00
2015/04/30;15.12;15.84;14.16;14.16;5404141;206541600.00
2015/05/04;13.68;14.06;12.96;13.74;3245949;110369656.00
2015/05/05;13.88;13.88;13.06;13.08;2065407;69159080.00
2015/05/06;13.02;13.40;12.66;12.72;1883108;62236380.00
2015/05/07;12.72;13.35;12.66;13.35;2140074;69980776.00
2015/05/08;13.48;14.50;13.42;14.24;2839241;100336200.00
2015/05/11;14.23;14.84;13.92;14.66;3045015;110207696.00
2015/05/12;14.71;14.94;14.32;14.72;2838815;104082296.00
2015/05/13;14.52;14.64;14.02;14.56;2785511;100827576.00
2015/05/14;14.56;15.30;14.56;15.09;2861735;108188712.00
2015/05/15;15.03;16.60;14.64;16.60;6040504;244625120.00
2015/05/18;17.44;18.27;16.64;18.27;4708483;207432544.00
2015/05/19;19.90;19.90;17.72;17.89;6115324;281850912.00
2015/05/20;18.20;18.99;17.60;18.04;4009961;183339696.00
2015/05/21;17.70;19.85;17.70;19.85;2657809;125647672.00
2015/05/22;21.36;21.84;18.72;19.52;3978366;201780224.00
2015/05/25;18.72;20.04;18.40;19.54;3426914;165870336.00
2015/05/26;19.55;21.12;19.55;21.11;3491633;177914416.00
2015/05/27;21.52;22.93;20.07;22.31;3300608;178582944.00
2015/05/28;21.92;24.55;20.79;20.80;5288383;308963104.00
2015/05/29;21.12;22.48;19.92;21.72;3673735;197742384.00
2015/06/01;21.60;22.92;21.60;22.60;3121738;175682480.00
2015/06/02;22.55;23.60;21.92;22.96;3390767;193621728.00
2015/06/03;23.12;24.19;22.32;22.96;2776212;160613312.00
2015/06/04;22.48;22.72;20.66;20.99;3972766;211100736.00
2015/06/05;21.52;21.52;19.96;20.36;3056379;158353424.00
2015/06/08;20.36;20.40;19.10;19.91;2732045;134449216.00
2015/06/09;19.78;20.14;19.12;19.45;1759933;86850488.00
2015/06/10;19.69;20.32;19.28;20.22;2249827;112752120.00
2015/06/11;20.59;21.18;20.57;20.92;2706295;141677152.00
2015/06/12;20.94;21.10;20.18;20.59;2181808;112767616.00
2015/06/15;20.56;20.56;18.89;18.93;2466123;120700648.00
2015/06/16;18.72;18.72;17.32;17.52;1459598;65429992.00
2015/06/17;17.36;18.12;16.94;17.92;1457878;64617732.00
2015/06/18;17.96;18.10;16.71;17.04;1106375;48827568.00
2015/06/19;16.88;17.04;15.32;15.32;1308460;53238112.00
2015/06/23;15.88;16.32;14.72;16.07;1832135;72310696.00
2015/06/24;16.28;16.71;15.67;16.12;1592337;64822260.00
2015/06/25;16.32;16.54;15.72;15.88;2689581;109357024.00
2015/06/26;15.54;15.88;14.28;14.28;2399808;91104104.00
2015/06/29;14.96;14.99;12.85;12.85;2159926;73030448.00
2015/06/30;12.56;13.52;11.56;13.32;3199447;100072560.00
2015/07/01;13.12;13.84;11.98;11.98;2776353;92308320.00
2015/07/02;12.12;12.19;10.78;11.12;2761191;80046712.00
2015/07/03;11.06;11.39;10.00;10.06;2901863;77053488.00
2015/07/06;11.08;11.08;9.05;9.32;3010105;75917760.00
2015/07/07;9.04;9.04;8.38;8.38;1925900;41576768.00
2015/07/14;9.23;9.23;9.23;9.23;140100;3260127.00
2015/07/15;10.16;10.16;9.92;10.16;6889053;176166672.00
2015/07/16;10.16;11.11;9.42;10.79;5729444;151381008.00
2015/07/17;10.84;11.88;10.84;11.88;3628525;104167960.00
2015/07/20;11.98;12.52;11.44;12.19;5322334;162056928.00
2015/07/21;11.88;12.63;11.47;12.37;3945513;120860432.00
2015/07/22;12.18;12.99;11.98;12.87;3748352;118207912.00
2015/07/23;12.79;13.79;12.52;13.61;5601407;186263904.00
2015/07/24;13.55;13.84;12.72;12.92;5020347;170026480.00
2015/07/27;12.32;13.08;11.62;11.62;3882512;121160328.00
2015/07/28;10.92;11.92;10.45;10.84;3384798;93712248.00
2015/07/29;11.12;11.93;11.00;11.93;4170992;120904008.00
2015/07/30;12.00;12.83;12.00;12.32;5177266;163287200.00
2015/07/31;11.52;12.52;11.52;11.76;3622340;109370544.00
2015/08/03;11.23;11.55;10.58;10.64;3961274;108315264.00
2015/08/04;10.61;11.48;10.52;11.38;3463204;96442800.00
2015/08/05;11.27;11.56;11.00;11.40;4089794;116333440.00
2015/08/06;11.00;11.88;10.98;11.68;3801737;110111712.00
2015/08/07;11.76;12.14;11.48;12.11;4826125;144712704.00
2015/08/10;12.20;12.84;12.17;12.72;5319881;167219584.00
2015/08/11;12.56;13.60;12.52;13.04;5677114;184431920.00
2015/08/12;12.72;13.25;12.63;12.74;4891237;159522352.00
2015/08/13;12.58;13.04;12.53;13.00;2977063;95477480.00
2015/08/14;13.14;13.55;12.99;13.03;4171920;137966688.00
2015/08/17;13.04;13.12;12.32;12.78;4637242;147223104.00
2015/08/18;12.69;12.96;11.50;11.51;4706883;142827376.00
2015/08/19;11.04;11.84;10.65;11.61;2379334;67133912.00
2015/08/20;11.46;11.59;10.74;10.74;2096555;59311548.00
2015/08/21;10.90;11.27;10.72;10.74;3469405;96215056.00
2015/08/24;10.32;10.32;9.66;9.66;1593109;39079872.00
2015/08/25;8.69;9.11;8.69;8.69;2354694;52126348.00
2015/08/26;8.68;9.16;8.05;8.35;3238195;70552776.00
2015/08/27;8.52;8.72;8.18;8.64;2768550;59738152.00
2015/08/28;8.79;9.22;8.48;9.12;5061051;113109840.00
2015/08/31;8.97;9.12;8.20;8.20;3325750;72340304.00
2015/09/01;7.96;8.04;7.38;7.38;3441503;65728596.00
2015/09/02;6.74;7.72;6.72;6.92;2319192;42078136.00
2015/09/07;7.18;7.41;7.08;7.26;3511449;64469416.00
2015/09/08;7.12;7.92;7.10;7.79;3260075;61632128.00
2015/09/09;7.88;8.36;7.72;8.24;5349445;108999976.00
2015/09/10;8.01;8.26;7.92;8.03;3064701;62474192.00
2015/09/11;8.02;8.24;8.02;8.18;2578831;52889084.00
2015/09/14;8.20;8.24;7.36;7.47;4687212;90250616.00
2015/09/15;7.30;7.67;7.13;7.20;2006287;37408368.00
2015/09/16;7.44;7.92;7.22;7.92;2725798;52604776.00
2015/09/17;7.88;8.39;7.52;7.88;3956670;81213184.00
2015/09/18;8.12;8.27;7.71;8.16;3466740;69780528.00
2015/09/21;8.02;8.62;7.92;8.56;4583367;96245432.00
2015/09/22;8.53;8.94;8.32;8.68;5198510;113059000.00
2015/09/23;8.41;8.88;8.41;8.68;3580568;78347496.00
2015/09/24;8.69;9.03;8.64;8.92;4114268;91391584.00
2015/09/25;8.90;9.06;8.18;8.22;3862980;84745368.00
2015/09/28;8.32;8.71;8.04;8.64;2645268;56672380.00
2015/09/29;8.48;8.72;8.38;8.54;2626000;56717032.00
2015/09/30;8.54;8.69;8.44;8.68;2937718;63703316.00
2015/10/08;9.08;9.22;8.90;9.18;3456519;79220584.00
2015/10/09;9.10;9.28;8.98;9.24;3581746;82577016.00
2015/10/12;9.31;9.82;9.28;9.70;3727366;90701248.00
2015/10/13;9.65;9.98;9.54;9.98;3994658;97937936.00
2015/10/14;9.92;10.03;9.73;9.92;4065632;100883728.00
2015/10/22;9.92;10.92;9.72;10.92;6557272;174873552.00
2015/10/23;11.44;11.98;11.38;11.98;6897981;203045328.00
2015/10/26;11.86;11.87;11.28;11.51;5538929;160307312.00
2015/10/27;11.40;11.49;10.54;11.26;3707905;103367080.00
2015/10/28;11.30;11.68;10.76;11.00;3363417;96369352.00
2015/10/29;11.17;11.31;10.84;11.06;2453504;68511344.00
2015/10/30;11.06;11.60;10.92;11.20;2863677;81720064.00
2015/11/02;11.00;11.58;10.74;11.04;3167208;89334472.00
2015/11/03;11.00;11.34;10.98;11.16;2318595;65117036.00
2015/11/04;11.23;11.93;11.23;11.92;4947676;143922080.00
2015/11/05;11.96;12.12;11.43;11.64;5556923;164774464.00
2015/11/06;12.81;12.81;11.68;12.81;6232166;199888640.00
2015/11/09;13.32;14.10;12.85;13.68;9724430;329105568.00
2015/11/10;13.51;13.60;13.08;13.42;4289823;144197536.00
2015/11/11;13.42;14.77;13.20;14.77;6365485;230619728.00
2015/11/12;15.07;16.12;14.44;15.36;6242198;236659424.00
2015/11/13;15.00;15.12;13.88;14.00;4884000;177430032.00
2015/11/16;13.32;14.81;13.28;14.73;4136036;148128496.00
2015/11/17;15.07;16.21;15.07;15.20;7215993;286106016.00
2015/11/18;15.52;15.92;14.96;15.56;4558334;178202064.00
2015/11/19;15.55;17.12;15.46;17.12;5369867;226913632.00
2015/11/20;17.74;18.50;16.32;16.92;7150773;311954880.00
2015/11/23;16.31;17.52;16.00;16.96;5630851;234700752.00
2015/11/24;16.56;18.66;16.54;18.66;4245304;189495376.00
2015/11/25;19.52;20.54;19.47;20.54;6606560;338921824.00
2015/11/26;20.71;21.05;18.89;19.51;7342899;370917536.00
2015/11/27;19.51;20.03;17.92;18.68;4751511;228047168.00
2015/11/30;18.52;20.55;18.52;20.55;5447925;270593376.00
2015/12/01;21.08;21.79;18.87;19.12;4217484;216254528.00
2015/12/02;19.52;19.64;17.21;18.00;4148256;192613760.00
2015/12/03;18.32;18.98;17.92;18.56;3294499;152297152.00
2015/12/04;18.32;20.32;18.00;19.11;3500320;169239040.00
2015/12/07;19.07;19.30;17.92;18.40;2853995;132912456.00
2015/12/08;18.38;20.18;18.16;19.32;3366568;162474160.00
2015/12/09;18.74;19.78;18.52;18.92;2494265;119158216.00
2015/12/10;18.72;20.00;18.22;19.97;3352866;162675280.00
2015/12/11;19.96;21.62;19.72;20.94;5074610;266128880.00
2015/12/14;20.12;20.92;19.46;20.41;3617653;182683648.00
2015/12/15;20.36;21.24;19.68;20.32;4996259;255487248.00
2015/12/16;20.00;20.71;19.64;19.79;2434826;122659624.00
2015/12/17;19.92;21.52;19.62;20.82;4568059;235966752.00
2015/12/18;20.58;21.03;19.96;20.54;1993832;101673376.00
2015/12/21;20.36;20.49;19.32;19.66;3168588;157251488.00
2015/12/22;19.52;20.24;19.27;19.72;1809527;89430072.00
2015/12/23;19.72;20.49;19.52;19.59;1990243;100526680.00
2015/12/24;19.32;19.72;18.12;18.83;2764105;129282168.00
2015/12/25;18.99;19.78;18.48;19.28;2183182;105723824.00
2015/12/28;19.50;19.70;18.07;18.08;2553014;120766440.00
2015/12/29;19.12;19.72;18.40;18.56;7158870;339779424.00
2015/12/30;18.84;19.30;18.14;18.64;5172219;241794544.00
2015/12/31;18.52;18.59;17.65;17.67;3437188;156118144.00
2016/01/04;17.67;17.85;15.90;15.90;2307150;95436584.00
2016/01/05;14.85;16.40;14.56;15.95;4785241;187674832.00
2016/01/06;15.92;17.11;15.89;16.72;3976600;163505616.00
2016/01/07;16.12;16.12;15.04;15.04;588044;23034318.00
2016/01/08;15.52;15.68;13.92;14.84;3642846;138479456.00
2016/01/11;14.38;14.99;13.35;13.35;3087335;107914888.00
2016/01/12;13.12;13.52;12.72;13.04;2842842;94109864.00
2016/01/13;13.30;13.51;12.40;12.40;2423907;80160832.00
2016/01/14;11.92;13.65;11.69;13.65;4683251;150172400.00
2016/01/15;13.52;14.23;13.25;13.62;4445842;154880528.00
2016/01/18;13.29;14.44;13.12;14.20;2744657;96904272.00
2016/01/19;14.16;14.72;13.82;14.57;2779831;99694504.00
2016/01/20;14.42;15.43;14.35;14.67;2898485;108100840.00
2016/01/21;14.34;14.83;13.20;13.20;3964235;141575168.00
2016/01/22;13.43;14.04;12.99;13.88;2222418;75668848.00
2016/01/25;14.05;14.70;14.04;14.41;2446770;88429192.00
2016/01/26;14.12;14.30;13.00;13.15;2284150;78853976.00
2016/01/27;13.37;13.49;12.20;13.18;2388544;77369704.00
2016/01/28;12.79;12.99;12.00;12.00;1569126;49704204.00
2016/01/29;11.79;13.00;11.79;12.65;1842830;57735440.00
2016/02/01;12.50;12.79;11.92;12.44;1552475;48494088.00
2016/02/02;12.11;13.16;12.11;12.93;1475720;48057316.00
2016/02/03;12.72;13.04;12.37;12.86;1394580;44383856.00
2016/02/04;12.93;13.36;12.93;13.18;1986880;65944492.00
2016/02/05;13.28;13.32;12.78;12.84;1414411;46430388.00
2016/02/15;12.13;12.88;12.13;12.79;1105942;34961612.00
2016/02/16;12.79;14.04;12.79;13.76;2033202;69363192.00
2016/02/17;13.65;14.22;13.54;14.21;2372815;82999144.00
2016/02/18;14.47;14.48;14.00;14.13;2525993;90483528.00
2016/02/19;14.00;14.46;14.00;14.20;1952228;69881432.00
2016/02/22;14.40;14.46;14.16;14.39;2267256;81718856.00
2016/02/23;14.40;14.54;13.96;14.28;1809768;64829136.00
2016/02/24;14.16;14.20;13.40;13.93;2058828;71679136.00
2016/02/25;13.93;13.93;12.53;12.53;2004783;65573224.00
2016/02/26;12.54;12.68;11.58;11.92;2104292;64483788.00
2016/02/29;11.93;12.00;10.72;10.72;2148746;59149732.00
2016/03/01;10.74;11.12;10.20;10.98;3286794;87124056.00
2016/03/02;10.80;11.70;10.73;11.62;2295944;64748608.00
2016/03/03;11.55;11.92;11.51;11.52;2069853;60906800.00
2016/03/04;11.45;11.52;10.42;10.44;1940686;53019144.00
2016/03/07;10.60;11.02;10.58;10.72;1585626;43252592.00
2016/03/08;10.72;10.99;10.12;10.93;1939480;51491104.00
2016/03/09;10.74;11.04;10.52;10.72;1208790;32907106.00
2016/03/10;10.83;10.92;10.46;10.54;1185117;31912386.00
2016/03/11;10.36;10.70;10.32;10.67;1001868;26695880.00
2016/03/14;10.86;11.52;10.86;11.12;2268790;64292904.00
2016/03/15;11.02;11.34;10.97;11.02;1999332;56125036.00
2016/03/16;11.34;11.44;10.90;11.05;1709665;47850460.00
2016/03/17;11.16;11.66;11.08;11.65;2460658;70895936.00
2016/03/18;11.98;12.47;11.68;12.30;2858529;87289872.00
2016/03/21;12.67;12.67;12.33;12.59;3064866;96619080.00
2016/03/22;12.36;13.02;12.32;12.71;3633819;115792640.00
2016/03/23;12.60;13.32;12.60;13.32;3195196;103886840.00
2016/03/24;13.37;14.52;13.16;13.72;6547580;227183680.00
2016/03/25;13.52;13.77;13.06;13.42;3562484;120053448.00
2016/03/28;13.53;13.84;13.16;13.22;3557309;121740712.00
2016/03/29;13.16;13.27;12.43;12.65;3490613;112061896.00
2016/03/30;12.72;13.92;12.45;13.92;7366712;242427088.00
2016/03/31;14.32;15.02;14.31;14.48;11144289;408583456.00
2016/04/01;14.32;14.84;13.92;14.60;8764873;316866304.00
2016/04/05;14.39;15.31;14.38;15.10;7697859;287992832.00
2016/04/06;14.92;15.86;14.90;15.70;7286786;279623904.00
2016/04/07;15.72;15.90;15.23;15.32;6526848;254315712.00
2016/04/08;15.16;15.16;14.55;14.89;4590886;171444544.00
2016/04/11;15.03;15.35;14.92;15.00;4482078;170156784.00
2016/04/12;14.86;15.07;14.11;14.40;4492705;163225024.00
2016/04/13;14.46;14.84;14.46;14.47;3553730;130814728.00
2016/04/14;14.71;14.92;14.49;14.87;2770742;102351304.00
2016/04/15;14.86;15.00;14.72;14.78;2962088;110642384.00
2016/04/18;14.72;14.72;14.24;14.38;2475578;89453752.00
2016/04/19;14.46;14.58;14.08;14.24;2732472;98247528.00
2016/04/20;14.42;14.42;12.80;13.06;4053422;137218240.00
2016/04/21;12.91;13.12;12.42;12.52;2593069;84041592.00
2016/04/22;12.35;12.99;12.34;12.99;2299570;73920616.00
2016/04/25;12.96;12.96;12.51;12.79;1896203;60533216.00
2016/04/26;13.04;13.58;12.95;13.53;3269840;109829984.00
2016/04/27;13.68;13.68;13.12;13.17;2552710;85966040.00
2016/04/28;13.24;13.60;13.12;13.60;3642369;122753048.00
2016/04/29;13.85;14.60;13.31;13.32;12524982;174637888.00
2016/05/03;13.00;13.94;12.70;13.70;11031341;147044736.00
2016/05/04;13.52;14.27;13.38;13.79;12249786;169601760.00
2016/05/05;13.79;15.17;13.79;15.17;13401363;197233248.00
2016/05/06;16.00;16.69;15.29;15.60;46661073;749608896.00
2016/05/09;15.09;15.37;14.04;14.04;24074366;347091840.00
2016/05/10;13.76;13.99;12.70;13.02;19178780;255857728.00
2016/05/11;13.21;13.25;12.42;12.48;12900550;166634176.00
2016/05/12;12.04;12.35;11.63;12.23;11215745;134762288.00
2016/05/13;12.34;12.55;11.90;11.97;9761627;119861824.00
2016/05/16;12.23;12.27;11.76;12.22;8867174;107015080.00
2016/05/17;12.21;12.80;12.07;12.50;12929152;160483872.00
2016/05/18;12.20;12.35;11.25;11.45;12960332;151642640.00
2016/05/19;11.40;11.97;11.30;11.53;7423986;86760792.00
2016/05/20;11.35;11.80;11.10;11.73;7134180;81903400.00
2016/05/23;11.78;12.15;11.74;12.01;7716853;92311208.00
2016/05/24;11.95;12.03;11.58;11.75;6171802;72808296.00
2016/05/25;11.89;12.03;11.70;11.80;6477855;76888568.00
2016/05/26;11.68;11.89;11.18;11.80;9005998;103516656.00
2016/05/27;11.78;11.89;11.57;11.68;7202598;84575472.00
2016/05/30;11.55;12.75;11.20;12.41;18388277;224197424.00
2016/05/31;12.20;13.04;12.13;12.93;16356088;207507648.00
2016/06/01;12.79;13.50;12.79;12.93;15499805;204544048.00
2016/06/02;13.04;14.22;13.04;14.22;9040786;126581712.00
2016/06/03;15.64;15.64;15.21;15.64;14239755;222638944.00
2016/06/06;16.50;16.50;14.82;14.94;35269187;544213184.00
2016/06/07;14.52;15.05;14.41;14.82;23747229;348966080.00
2016/06/08;14.70;14.77;14.14;14.16;17752471;254814576.00
2016/06/13;13.80;14.55;13.29;13.29;14354018;201845472.00
2016/06/14;13.04;13.70;13.04;13.64;11194480;149357616.00
2016/06/15;13.44;14.58;13.07;14.50;14952247;211922336.00
2016/06/16;14.23;15.61;14.23;15.15;23372320;349209024.00
2016/06/17;15.00;15.30;14.33;14.65;14321474;212098640.00
2016/06/20;14.73;15.19;14.59;14.82;11542735;172354704.00
2016/06/21;14.95;15.15;14.08;14.19;12188061;177266048.00
2016/06/22;14.28;15.61;14.03;15.61;18141323;270262976.00
2016/06/23;15.77;16.28;15.07;15.29;19002350;297695232.00
2016/06/24;15.42;16.82;14.81;16.82;22539121;361722816.00
2016/06/27;17.05;18.50;17.01;18.05;34032331;604836864.00
2016/06/28;17.67;17.93;17.17;17.82;21886680;384955040.00
2016/06/29;17.68;17.68;16.99;17.30;17381057;300694336.00
2016/06/30;17.16;17.97;17.02;17.26;16183848;283023552.00
2016/07/01;17.26;17.45;16.66;16.86;10607910;179130384.00
2016/07/04;16.73;17.18;16.63;17.09;8961285;152668832.00
2016/07/05;17.09;17.40;16.75;17.39;11360736;194302752.00
2016/07/06;17.32;17.80;17.03;17.21;9447308;164008976.00
2016/07/07;17.00;17.15;16.48;16.91;12745058;213805472.00
2016/07/08;16.82;16.97;16.61;16.78;6304033;105661632.00
2016/07/11;16.87;16.98;16.39;16.45;7572100;126300056.00
2016/07/12;16.48;16.83;16.01;16.80;7757029;128056792.00
2016/07/13;16.95;17.00;16.62;16.70;6421160;107885864.00
2016/07/14;16.60;16.65;15.03;15.38;24662526;388858432.00
2016/07/15;15.33;15.33;14.86;15.14;13889811;208883168.00
2016/07/18;15.08;15.16;14.88;15.05;6528233;98232696.00
2016/07/19;15.09;15.38;14.92;15.36;7621916;115852992.00
2016/07/20;15.38;15.76;15.35;15.52;9832685;153031120.00
2016/07/21;15.52;15.60;15.27;15.29;6373357;98367056.00
2016/07/22;15.14;15.47;14.91;14.93;7371149;111704984.00
2016/07/25;14.86;15.39;14.81;15.30;6077229;92155984.00
2016/07/26;15.22;15.55;15.22;15.50;5165642;79885384.00
2016/07/27;15.48;15.56;14.12;14.26;8483283;125364200.00
2016/07/28;14.26;14.38;13.45;13.81;7825123;108468136.00
2016/07/29;13.70;13.90;13.44;13.70;5835697;79658408.00
2016/08/01;13.60;13.72;13.03;13.56;4835582;64597740.00
2016/08/02;13.52;14.09;13.50;14.04;6751147;93370144.00
2016/08/03;13.92;13.97;13.74;13.87;3998150;55341700.00
2016/08/04;13.88;14.25;13.80;14.10;4435974;62307856.00
2016/08/05;14.12;14.15;13.68;13.74;4540717;62831496.00
2016/08/08;13.65;13.94;13.55;13.93;3933332;54268580.00
2016/08/09;13.97;14.27;13.82;14.16;5645188;79150872.00
2016/08/10;14.30;14.34;13.78;13.80;6124876;85878328.00
2016/08/11;13.65;13.84;13.51;13.51;4526769;61696920.00
2016/08/12;13.53;13.75;13.47;13.68;4386809;59737528.00
2016/08/15;13.82;14.21;13.50;14.06;7922520;110523648.00
2016/08/16;14.00;14.34;13.95;14.14;6278154;89092592.00
2016/08/17;14.19;14.50;14.03;14.39;6524156;93502632.00
2016/08/18;14.38;14.38;14.07;14.14;5622854;79643336.00
2016/08/19;14.20;14.23;14.01;14.10;4033342;56930920.00
2016/08/22;14.14;14.30;13.96;14.05;5189088;73415416.00
2016/08/23;14.08;14.13;13.87;14.06;4032710;56463260.00
2016/08/24;14.08;15.41;14.08;15.10;19457838;288278176.00
2016/08/25;14.79;14.85;14.36;14.60;11408112;166480832.00
2016/08/26;14.61;15.09;14.54;14.68;7784590;115278464.00
2016/08/29;14.55;14.68;14.38;14.59;5267252;76473080.00
2016/08/30;14.58;14.73;14.43;14.50;4868860;70996016.00
2016/08/31;14.58;14.58;14.24;14.50;4754961;68430584.00
2016/09/01;14.49;14.53;14.25;14.26;4192786;60298868.00
2016/09/02;14.30;14.37;13.81;14.01;4643171;65533544.00
2016/09/05;14.10;14.18;13.87;13.90;3636280;50953240.00
2016/09/06;13.83;14.21;13.66;14.19;6079581;84824032.00
2016/09/07;14.15;14.39;14.05;14.17;6141725;87397496.00
2016/09/08;14.17;14.28;14.10;14.18;4044751;57338620.00
2016/09/09;14.24;14.24;13.88;13.90;4913580;68832192.00
2016/09/12;13.60;13.60;13.10;13.10;5515126;73642480.00
2016/09/13;13.19;13.30;13.09;13.27;3358213;44309616.00
2016/09/14;13.14;13.31;13.12;13.18;3201330;42275976.00
2016/09/19;13.25;13.44;13.22;13.35;3500494;46690712.00
2016/09/20;13.35;13.55;13.30;13.46;4731283;63685240.00
2016/09/21;13.36;13.54;13.30;13.51;3010009;40414644.00
2016/09/22;13.61;13.63;13.50;13.59;2704818;36702960.00
2016/09/23;13.59;13.80;13.48;13.48;3411490;46442864.00
2016/09/26;13.42;13.42;12.92;12.96;3388040;44773876.00
2016/09/27;12.98;13.29;12.92;13.25;4491870;58658960.00
2016/09/28;13.18;13.36;13.16;13.31;2071223;27487534.00
2016/09/29;13.21;13.42;13.18;13.33;2009649;26821408.00
2016/09/30;13.34;13.39;13.30;13.39;1354104;18068966.00
2016/10/10;13.50;13.85;13.46;13.81;3587778;49196680.00
2016/10/11;13.83;13.84;13.68;13.78;2252550;30970930.00
2016/10/12;13.77;14.09;13.64;13.91;4105175;56847156.00
2016/10/13;13.83;13.99;13.81;13.93;3064371;42581976.00
2016/10/14;13.89;13.89;13.53;13.78;3191042;43805928.00
2016/10/17;13.78;13.86;13.50;13.53;3116900;42727232.00
2016/10/18;13.40;13.84;13.40;13.84;3537576;48412820.00
2016/10/19;13.90;14.03;13.61;13.69;3533556;48666060.00
2016/10/20;13.69;13.98;13.68;13.85;4579289;63445328.00
2016/10/21;13.83;14.01;13.61;13.69;4000851;55144856.00
2016/10/24;13.70;13.92;13.50;13.85;4295554;59141096.00
2016/10/25;13.85;14.11;13.81;13.94;5106344;71225408.00
2016/10/26;13.95;13.96;13.73;13.90;4454097;61665436.00
2016/10/27;13.90;14.04;13.83;13.94;3583172;49969556.00
2016/10/28;13.90;13.97;13.67;13.68;3471835;47938548.00
2016/10/31;13.70;13.73;13.41;13.65;3132340;42491848.00
2016/11/01;13.64;13.93;13.59;13.89;4607576;63526756.00
2016/11/02;13.91;14.04;13.59;13.84;5160179;71436272.00
2016/11/03;13.70;13.96;13.70;13.84;5160429;71504736.00
2016/11/04;13.84;14.10;13.84;14.07;7135527;99872896.00
2016/11/07;14.07;14.48;13.96;13.97;8737957;124102576.00
2016/11/08;13.96;14.28;13.92;14.14;5291505;74500432.00
2016/11/09;14.16;14.46;13.93;14.43;9484142;135044544.00
2016/11/10;14.59;14.64;14.30;14.49;9313698;134351872.00
2016/11/11;14.48;14.52;14.15;14.30;7939848;113464696.00
2016/11/14;14.31;14.42;14.18;14.34;5216732;74681552.00
2016/11/15;14.30;14.40;14.15;14.38;5195996;74131296.00
2016/11/16;14.43;15.15;14.39;14.66;14334264;211329712.00
2016/11/17;14.60;14.97;14.51;14.91;6511800;96036264.00
数据来源:通达信
