300004 南风股份 日线 前复权
      日期	    开盘	    最高	    最低	    收盘	    成交量	    成交额
2009/10/30;8.52;15.37;8.30;9.83;16849321;691750400.00
2009/11/02;8.83;10.39;8.83;9.83;9204825;359029248.00
2009/11/03;9.50;9.76;8.83;8.89;6529638;243128192.00
2009/11/04;9.02;9.31;8.90;9.09;3767384;140487904.00
2009/11/05;9.01;9.57;8.75;9.23;4641902;174680864.00
2009/11/06;9.08;9.25;8.77;8.89;3210884;117957488.00
2009/11/09;8.92;8.98;8.64;8.71;1878446;67471400.00
2009/11/10;8.74;8.91;8.65;8.73;1868064;67259960.00
2009/11/11;8.71;8.81;8.53;8.78;1782974;63363832.00
2009/11/12;8.77;8.94;8.73;8.89;1740490;63144844.00
2009/11/13;8.89;9.75;8.87;9.41;4732485;181090304.00
2009/11/16;9.52;9.52;9.23;9.49;2805376;108227384.00
2009/11/17;9.41;9.69;9.32;9.41;2292609;88924256.00
2009/11/18;9.37;9.84;9.32;9.75;3628722;142895744.00
2009/11/19;9.75;10.73;9.67;10.26;5118588;213827920.00
2009/11/20;10.07;10.42;9.98;10.13;2817571;116989208.00
2009/11/23;10.20;10.62;10.13;10.43;2125683;90252552.00
2009/11/24;10.97;11.24;9.52;9.97;4545114;196671680.00
2009/11/25;9.82;10.64;9.65;10.49;3924895;163020336.00
2009/11/26;10.37;10.64;10.02;10.35;3687280;155544912.00
2009/11/27;10.24;10.76;10.02;10.51;3576125;152694592.00
2009/11/30;10.52;10.75;10.05;10.62;2961339;126679008.00
2009/12/01;10.62;11.24;10.47;10.99;4138844;184397440.00
2009/12/02;10.91;11.59;10.77;11.32;4460278;203735424.00
2009/12/03;11.27;11.84;11.10;11.84;4662416;220738768.00
2009/12/04;11.42;11.72;10.63;10.69;4801784;215440864.00
2009/12/07;10.53;10.87;10.40;10.70;2548354;111102968.00
2009/12/08;10.72;11.15;10.66;11.02;2790586;124669720.00
2009/12/09;10.88;11.40;10.82;11.07;3351960;152797440.00
2009/12/10;11.02;11.22;10.72;10.79;2150499;95491768.00
2009/12/11;10.77;10.79;10.12;10.28;2454883;104929368.00
2009/12/14;10.29;10.39;9.82;10.12;1363297;56232628.00
2009/12/15;10.24;10.40;10.13;10.21;1059307;44374424.00
2009/12/16;10.10;10.18;9.65;9.74;1717681;69301792.00
2009/12/17;9.62;9.83;9.15;9.22;1638320;62949140.00
2009/12/18;9.22;9.67;8.84;9.45;1927588;72808280.00
2009/12/21;9.44;9.58;9.24;9.53;1059211;41166772.00
2009/12/22;9.63;9.63;8.97;9.02;956166;36148580.00
2009/12/23;9.00;9.38;8.96;9.29;1252616;47509788.00
2009/12/24;9.15;9.52;9.08;9.47;1210043;46492764.00
2009/12/25;9.32;9.46;9.11;9.12;1365303;51458356.00
2009/12/28;9.18;9.35;9.07;9.18;702694;26561756.00
2009/12/29;9.25;9.34;9.08;9.25;800296;30171270.00
2009/12/30;9.27;10.04;9.27;9.65;2264506;89875328.00
2009/12/31;9.63;9.65;9.40;9.56;1105204;43052956.00
2010/01/04;9.70;9.70;9.53;9.60;725275;28525216.00
2010/01/05;9.67;9.67;9.36;9.49;748376;28943678.00
2010/01/06;9.44;9.50;9.15;9.15;1278731;48593528.00
2010/01/07;9.17;9.42;9.16;9.23;1407266;53565612.00
2010/01/08;9.02;9.19;8.78;8.90;1072379;39365944.00
2010/01/11;8.87;9.01;8.70;8.82;991676;35975480.00
2010/01/12;8.81;9.01;8.81;9.01;786420;28894002.00
2010/01/13;8.83;9.09;8.82;9.08;768806;28394764.00
2010/01/14;9.17;9.61;9.11;9.45;1894594;73121624.00
2010/01/15;9.51;9.62;9.28;9.40;1060225;40815392.00
2010/01/18;9.48;9.48;9.32;9.36;643336;24704226.00
2010/01/19;9.36;9.40;9.12;9.15;790097;29813876.00
2010/01/20;9.07;9.27;8.77;8.92;1031626;37923280.00
2010/01/21;8.89;9.01;8.87;8.94;422413;15486884.00
2010/01/22;8.77;8.84;8.37;8.46;977407;34340448.00
2010/01/25;8.32;8.32;7.99;8.15;768660;25761482.00
2010/01/26;8.15;8.32;7.65;7.85;809539;26795820.00
2010/01/27;7.87;8.00;7.77;7.84;472487;15312731.00
2010/01/28;7.70;7.87;7.60;7.70;669797;21240060.00
2010/01/29;7.72;7.99;7.71;7.89;851094;27676028.00
2010/02/01;7.08;7.52;7.08;7.15;3904626;115389736.00
2010/02/02;7.12;7.27;6.95;6.98;1558583;45625908.00
2010/02/03;6.98;7.07;6.52;6.88;1541006;42874156.00
2010/02/04;6.77;7.00;6.72;6.88;932408;26552390.00
2010/02/05;6.77;7.04;6.62;6.87;873245;24847656.00
2010/02/08;6.88;7.15;6.88;7.03;883433;25712194.00
2010/02/09;7.03;7.04;6.92;7.02;460824;13286644.00
2010/02/10;7.12;7.33;7.02;7.28;1771624;52540076.00
2010/02/11;7.29;7.52;7.22;7.44;1545429;47063824.00
2010/02/12;7.45;7.58;7.35;7.54;970971;29830564.00
2010/02/22;7.52;7.83;7.40;7.75;1792292;56997768.00
2010/02/23;8.54;8.54;8.54;8.54;1135456;39843152.00
2010/02/24;9.02;9.37;8.80;9.03;4168920;155510464.00
2010/02/25;8.92;9.32;8.92;9.06;2552065;95524256.00
2010/02/26;9.01;9.49;9.00;9.25;2633549;99990328.00
2010/03/01;9.28;9.49;9.05;9.35;2577071;98261400.00
2010/03/02;9.36;9.77;9.35;9.61;2684139;105279256.00
2010/03/03;9.52;10.06;9.40;9.47;4259326;170505504.00
2010/03/04;9.43;9.45;9.02;9.02;2794982;105768264.00
2010/03/05;9.09;9.40;9.06;9.40;1957164;74273576.00
2010/03/08;9.47;9.76;9.40;9.60;1744242;68805656.00
2010/03/09;9.62;10.27;9.52;10.10;3459894;140867728.00
2010/03/11;9.87;10.17;9.64;10.05;2544647;103077616.00
2010/03/12;10.13;10.43;9.92;10.05;2640290;110406112.00
2010/03/15;10.06;10.52;9.97;10.40;2274500;96159928.00
2010/03/16;10.39;10.60;9.90;9.98;2165436;90597904.00
2010/03/17;10.02;10.16;9.82;10.15;1673080;68655816.00
2010/03/18;10.19;10.35;9.92;10.07;1720920;71357344.00
2010/03/19;10.12;10.47;10.03;10.37;2237773;94635752.00
2010/03/22;10.38;10.62;10.30;10.39;1698533;72779664.00
2010/03/23;10.35;10.59;10.17;10.52;1894858;80544536.00
2010/03/24;10.52;10.98;10.47;10.77;2262182;99786600.00
2010/03/25;10.79;11.39;10.67;11.17;2360785;107218528.00
2010/03/26;10.92;11.87;10.77;11.77;3307192;152206448.00
2010/03/29;11.84;11.92;11.18;11.65;2982513;140663072.00
2010/03/30;11.54;12.24;11.54;11.98;1892874;92518128.00
2010/03/31;11.95;13.19;11.82;12.97;2616726;134330192.00
2010/04/01;12.97;13.27;12.53;12.65;2385389;126131344.00
2010/04/02;12.32;12.50;11.92;12.18;2620254;130492784.00
2010/04/06;12.10;12.49;12.07;12.49;1750235;87966688.00
2010/04/07;12.49;12.72;12.15;12.50;1811046;91651024.00
2010/04/08;12.47;12.86;12.17;12.17;1870453;95554232.00
2010/04/09;12.10;12.57;12.01;12.44;1642420;82736816.00
2010/04/12;12.44;13.12;12.42;13.05;1925868;100688288.00
2010/04/13;13.15;13.24;11.72;11.72;3397947;167631472.00
2010/04/14;11.50;11.67;11.08;11.45;2051934;95129624.00
2010/04/15;10.90;11.19;10.52;10.68;4524994;200600704.00
2010/04/16;10.52;10.87;10.45;10.82;2837889;124417208.00
2010/04/19;10.72;11.34;10.59;11.27;3516270;159085328.00
2010/04/20;11.42;11.94;11.25;11.80;3195129;151988336.00
2010/04/21;11.60;12.07;11.42;12.01;2684670;129579840.00
2010/04/22;11.97;12.25;11.77;12.01;1712568;83759280.00
2010/04/23;11.98;12.22;11.82;12.05;1599131;78396504.00
2010/04/26;12.35;12.52;11.02;11.19;1857984;90305432.00
2010/04/27;11.07;11.37;10.27;10.62;1569825;68809496.00
2010/04/28;10.47;10.92;10.30;10.67;912546;39981392.00
2010/04/29;10.76;10.94;10.49;10.49;812127;35661340.00
2010/04/30;10.41;10.61;10.00;10.33;861120;36062604.00
2010/05/04;10.02;10.65;10.02;10.65;866972;37136772.00
2010/05/05;10.49;11.14;10.49;11.13;1081943;47876856.00
2010/05/06;11.03;11.40;10.90;11.02;1183622;53807112.00
2010/05/07;10.65;11.36;10.65;11.27;1423790;64704524.00
2010/05/10;11.25;11.26;10.28;10.60;1144529;50299788.00
2010/05/11;10.78;11.01;9.51;9.51;1453996;60694516.00
2010/05/12;9.52;9.62;8.92;9.52;885208;34011984.00
2010/05/13;9.52;10.02;9.52;9.94;872923;35146164.00
2010/05/14;9.87;10.26;9.77;10.17;679647;28154682.00
2010/05/17;10.61;11.10;10.27;10.31;1972011;86011704.00
2010/05/18;10.45;10.90;10.27;10.62;1548653;67276064.00
2010/05/19;10.45;11.27;10.31;11.08;1922726;85063728.00
2010/05/20;10.90;11.82;10.82;11.50;2341656;108361616.00
2010/05/24;11.97;12.65;11.77;12.25;2484333;123521352.00
2010/05/25;12.05;12.51;11.93;12.24;1813391;90105320.00
2010/05/26;12.25;12.79;12.03;12.10;1630870;82528368.00
2010/05/27;11.99;12.55;11.69;12.45;2099332;103956464.00
2010/05/28;12.57;12.71;12.08;12.27;1298317;65321532.00
2010/05/31;12.27;13.07;12.19;12.27;2204444;113761336.00
2010/06/01;12.06;12.57;11.82;12.57;2364145;117688536.00
2010/06/02;12.57;12.65;11.52;12.31;2372757;117687920.00
2010/06/03;12.25;13.23;12.18;13.12;3418196;178012464.00
2010/06/04;12.91;13.27;12.63;13.22;2083264;109541296.00
2010/06/07;13.02;13.87;12.80;13.68;2455200;135469920.00
2010/06/08;13.66;13.90;13.40;13.70;1707000;95016184.00
2010/06/09;13.77;14.12;13.21;13.35;2512398;139211200.00
2010/06/10;13.37;13.69;13.27;13.62;1872586;102582528.00
2010/06/11;13.55;13.76;13.11;13.15;2332222;126568744.00
2010/06/17;13.22;13.36;12.65;12.67;1562355;83023128.00
2010/06/18;12.64;12.77;11.92;12.02;1804972;90801280.00
2010/06/21;12.00;13.07;11.92;12.99;1826607;93399832.00
2010/06/22;12.97;13.12;12.76;12.85;1112895;58614604.00
2010/06/23;12.77;13.43;12.72;13.30;1610441;86375304.00
2010/06/24;13.30;13.60;13.03;13.27;1238858;67504520.00
2010/06/25;13.22;13.25;12.56;12.81;1865253;97440760.00
2010/06/28;12.74;12.74;12.15;12.52;917018;46513576.00
2010/06/29;12.52;12.67;11.25;11.25;1445681;68833432.00
2010/06/30;10.90;11.51;10.77;11.40;1392574;62882804.00
2010/07/01;11.40;11.42;10.85;11.05;969934;43958848.00
2010/07/02;10.92;11.09;10.30;11.02;1589530;69440904.00
2010/07/05;10.77;10.94;10.40;10.77;705301;30750924.00
2010/07/06;10.87;11.31;10.77;11.18;1150290;52278468.00
2010/07/07;11.17;11.40;11.05;11.40;1063436;48848104.00
2010/07/08;11.52;11.52;11.08;11.33;1022954;47144340.00
2010/07/09;11.32;11.68;11.18;11.48;1141125;53157044.00
2010/07/12;11.51;11.61;11.05;11.22;979641;45201664.00
2010/07/13;11.02;11.43;10.81;11.39;1187097;53699672.00
2010/07/14;11.30;11.50;10.82;11.01;1544392;70261672.00
2010/07/15;10.86;10.90;10.55;10.55;1055742;46108300.00
2010/07/16;10.47;10.85;10.43;10.77;629879;27502704.00
2010/07/19;10.58;11.13;10.58;11.02;976679;43750276.00
2010/07/20;11.07;11.34;11.00;11.33;997331;45516708.00
2010/07/21;11.33;11.98;11.33;11.86;2660414;127535544.00
2010/07/22;11.72;11.87;11.61;11.87;1101936;52748984.00
2010/07/23;11.96;12.08;11.67;11.99;1027806;49640724.00
2010/07/26;12.00;12.10;11.85;11.94;750487;36459384.00
2010/07/27;11.92;12.10;11.71;11.75;720177;34824092.00
2010/07/28;11.75;12.21;11.65;12.14;1114281;54152756.00
2010/07/29;12.16;12.22;11.93;12.14;1096421;53820880.00
2010/07/30;12.14;12.14;11.80;12.00;661842;32147016.00
2010/08/02;11.99;12.29;11.92;12.24;818373;40509140.00
2010/08/03;12.24;12.38;11.75;11.75;872383;42773476.00
2010/08/04;11.64;11.88;11.56;11.80;621176;29546866.00
2010/08/05;11.80;12.00;11.70;11.78;511796;24715926.00
2010/08/06;11.80;12.75;11.79;12.55;1849730;91890976.00
2010/08/09;12.45;12.67;12.37;12.56;1249558;63593952.00
2010/08/10;12.55;12.64;11.87;11.87;1421705;70308808.00
2010/08/11;11.95;12.16;11.80;11.94;705742;34412856.00
2010/08/12;11.77;12.42;11.76;12.02;1037287;51295940.00
2010/08/13;11.92;12.41;11.92;12.26;827759;41033432.00
2010/08/17;12.52;12.53;12.09;12.13;1634694;81611712.00
2010/08/18;12.12;12.27;11.80;11.87;1177637;57493696.00
2010/08/19;11.80;12.10;11.77;11.86;779608;37783988.00
2010/08/20;11.80;11.92;11.42;11.45;1108933;52353228.00
2010/08/23;11.42;11.53;11.20;11.22;922855;42641236.00
2010/08/24;11.27;11.51;11.17;11.42;587839;27279876.00
2010/08/25;11.40;11.41;10.92;11.04;832776;37742116.00
2010/08/26;11.05;11.17;10.85;10.94;638913;28546794.00
2010/08/27;10.87;11.32;10.87;11.28;1187595;54167504.00
2010/08/30;11.29;11.47;11.12;11.45;1745520;80483320.00
2010/08/31;11.42;11.49;11.19;11.40;1073311;49531916.00
2010/09/01;11.30;11.47;10.64;10.79;1392578;62188188.00
2010/09/02;10.92;11.03;10.64;10.89;1360553;59808520.00
2010/09/03;10.90;11.30;10.81;11.25;1466222;66483284.00
2010/09/06;11.20;11.38;10.75;10.86;1033227;46350736.00
2010/09/07;10.74;10.91;10.53;10.84;881883;38344092.00
2010/09/08;10.77;11.29;10.75;11.00;934274;42159388.00
2010/09/09;11.04;11.33;11.02;11.21;1344467;61403052.00
2010/09/10;11.30;11.30;10.93;11.17;771635;34905564.00
2010/09/13;11.07;11.25;11.07;11.15;956591;43557328.00
2010/09/14;11.11;11.60;11.11;11.46;1381902;63840764.00
2010/09/15;11.40;11.55;11.01;11.06;1247742;57398600.00
2010/09/16;11.07;11.12;10.58;10.71;1061850;46256220.00
2010/09/17;10.72;10.79;10.50;10.57;703481;30500734.00
2010/09/20;10.59;10.68;10.25;10.55;709103;30196240.00
2010/09/21;10.60;10.77;10.47;10.73;424439;18463962.00
2010/09/27;10.74;11.06;10.74;11.04;584764;26132674.00
2010/09/28;11.04;11.21;10.98;11.14;734440;33256900.00
2010/09/29;11.14;11.35;10.92;10.95;704786;32094268.00
2010/09/30;10.90;10.99;10.80;10.95;328172;14559812.00
2010/10/08;10.91;11.25;10.91;11.13;855007;38752968.00
2010/10/11;11.10;11.11;10.56;10.68;903536;39597176.00
2010/10/12;10.70;10.87;10.62;10.64;500771;21935902.00
2010/10/13;10.62;11.68;10.57;11.55;1848620;83814040.00
2010/10/14;11.74;11.81;11.17;11.40;2318450;108846240.00
2010/10/15;11.55;12.27;11.42;11.93;2707449;131496824.00
2010/10/18;12.19;12.71;11.93;12.17;2318243;115574752.00
2010/10/19;12.25;13.17;11.85;12.80;2646380;135644560.00
2010/10/20;12.55;13.13;12.33;12.60;1802224;93010168.00
2010/10/21;12.78;12.78;11.87;12.05;1159805;57210208.00
2010/10/22;12.03;12.52;11.89;12.16;925830;45757184.00
2010/10/25;12.17;12.92;12.17;12.65;1400811;72186776.00
2010/10/26;12.50;13.35;12.43;12.93;1550466;82067496.00
2010/10/27;12.90;13.17;12.47;12.49;932330;48163324.00
2010/10/28;12.58;12.89;12.55;12.65;730656;37676696.00
2010/10/29;12.80;13.93;12.72;13.62;2561627;140891968.00
2010/11/01;14.05;15.01;14.05;14.84;2991730;177561408.00
2010/11/02;14.55;15.30;14.05;14.35;2644578;157274208.00
2010/11/03;14.13;14.76;13.80;13.83;1713268;99221032.00
2010/11/04;13.95;14.27;13.75;14.21;1135204;64457164.00
2010/11/05;14.38;14.46;14.02;14.27;879207;50656464.00
2010/11/08;14.30;15.36;14.30;14.96;1532146;92441208.00
2010/11/09;14.77;14.79;13.87;14.29;3958750;226006208.00
2010/11/10;14.05;14.26;13.95;14.04;1722874;98722816.00
2010/11/11;13.90;14.40;13.90;13.92;1511478;87015312.00
2010/11/12;13.92;14.10;12.72;13.05;1826138;98943752.00
2010/11/15;13.26;13.75;13.07;13.75;1300195;71189608.00
2010/11/16;13.80;14.25;13.13;13.66;1482850;83517040.00
2010/11/17;13.44;14.04;13.07;13.60;1526010;84770152.00
2010/11/18;13.71;13.89;13.27;13.55;717545;39208316.00
2010/11/19;13.59;14.01;13.47;13.97;1210520;67767592.00
2010/11/22;13.95;14.39;13.90;14.05;1491433;85793272.00
2010/11/23;14.04;14.04;13.40;13.84;844964;46900556.00
2010/11/24;13.74;14.00;13.74;13.85;2203253;123826936.00
2010/11/25;13.95;14.34;13.68;13.77;1610006;91327192.00
2010/11/26;13.80;13.92;13.30;13.48;1180391;65111020.00
2010/11/29;13.48;13.58;13.27;13.30;1577236;85874888.00
2010/11/30;13.29;13.47;12.32;12.62;1802442;93453624.00
2010/12/01;12.79;12.86;12.55;12.77;921915;47620912.00
2010/12/02;12.90;12.98;12.68;12.72;829688;43231836.00
2010/12/03;12.69;12.69;12.40;12.55;1141233;57926496.00
2010/12/06;12.64;12.72;12.46;12.67;788849;40241768.00
2010/12/07;12.64;12.93;12.55;12.85;812844;42186064.00
2010/12/08;12.86;12.93;12.55;12.55;949815;49327920.00
2010/12/09;12.55;12.67;12.45;12.46;647996;33143134.00
2010/12/10;12.30;12.87;12.26;12.82;555690;28486712.00
2010/12/13;12.88;13.40;12.87;13.33;1473731;79371392.00
2010/12/14;13.41;13.41;13.25;13.29;753748;40746116.00
2010/12/15;13.29;13.82;13.25;13.80;1917549;105992976.00
2010/12/16;13.77;14.02;13.62;13.72;1132181;63564536.00
2010/12/17;13.63;13.92;13.63;13.76;740428;41494320.00
2010/12/20;13.90;13.90;12.83;13.72;1271559;69579696.00
2010/12/21;13.67;13.72;13.42;13.53;646931;35572036.00
2010/12/22;13.43;13.48;13.17;13.24;960090;51750696.00
2010/12/23;13.22;13.27;12.76;12.80;1460767;77012384.00
2010/12/24;12.67;12.67;12.42;12.65;929163;47254108.00
2010/12/27;12.67;12.88;12.24;12.30;820377;42146636.00
2010/12/28;12.27;12.50;12.19;12.33;483404;24231410.00
2010/12/29;12.27;12.77;12.27;12.70;503844;25821654.00
2010/12/30;12.75;12.89;12.60;12.89;685076;35632624.00
2010/12/31;12.92;13.29;12.80;13.05;743570;39549184.00
2011/01/04;13.17;13.42;13.05;13.07;816007;43631680.00
2011/01/05;13.05;13.65;12.97;13.58;1250874;68193512.00
2011/01/06;13.50;13.52;13.23;13.28;731159;39546588.00
2011/01/07;13.32;13.60;12.90;13.10;642284;34610300.00
2011/01/10;13.10;13.42;12.95;13.10;798435;42939144.00
2011/01/11;13.00;13.00;12.60;12.95;724702;37805704.00
2011/01/12;12.95;13.19;12.47;12.74;1010010;52202732.00
2011/01/13;12.75;12.82;12.50;12.76;421983;21754626.00
2011/01/14;12.78;12.78;12.30;12.47;480676;24518872.00
2011/01/17;12.40;12.59;12.17;12.25;495158;24814386.00
2011/01/18;12.17;12.42;12.17;12.42;230342;11547288.00
2011/01/19;12.36;12.84;12.35;12.73;354163;18148014.00
2011/01/20;12.60;12.76;12.07;12.13;701214;35494384.00
2011/01/21;12.04;12.49;11.92;12.21;822205;41131484.00
2011/01/24;12.29;12.55;12.06;12.30;613374;30749022.00
2011/01/25;12.30;12.52;11.62;11.75;571173;27710624.00
2011/01/26;11.77;11.86;11.75;11.84;267831;12855602.00
2011/01/27;11.57;12.17;11.57;12.00;526389;25469186.00
2011/01/28;12.05;12.09;11.75;11.92;367018;17759528.00
2011/01/31;11.80;12.04;11.80;11.98;412322;20102332.00
2011/02/01;12.04;12.22;11.98;12.22;467404;23053394.00
2011/02/09;12.18;12.55;12.08;12.42;484854;24488804.00
2011/02/10;12.32;12.72;12.11;12.71;613623;31150646.00
2011/02/11;12.62;12.70;12.55;12.65;342733;17593678.00
2011/02/14;12.65;12.90;12.47;12.78;700639;36242920.00
2011/02/15;12.76;12.89;12.61;12.63;637306;32887566.00
2011/02/16;12.58;12.85;12.58;12.79;594561;30769062.00
2011/02/17;12.80;13.19;12.67;13.19;908266;48063976.00
2011/02/18;13.29;13.29;12.92;13.12;646820;34499280.00
2011/02/21;13.05;13.60;12.99;13.45;866808;47136536.00
2011/02/22;13.53;13.57;13.21;13.34;1094995;59450148.00
2011/02/23;13.30;13.92;13.29;13.76;979749;54343932.00
2011/02/24;13.52;13.77;13.28;13.62;1811898;99127744.00
2011/02/25;13.52;13.67;13.13;13.20;1271383;69088304.00
2011/03/01;13.80;14.25;13.72;13.80;2188597;124340576.00
2011/03/02;13.79;14.30;13.67;14.02;1019311;58314880.00
2011/03/03;13.92;14.24;13.69;13.80;717622;40476480.00
2011/03/04;13.80;14.02;13.76;14.00;400547;22640492.00
2011/03/07;14.02;14.05;13.82;14.00;433517;24597944.00
2011/03/08;14.00;14.20;13.89;14.00;309053;17585142.00
2011/03/09;14.00;14.10;13.75;13.88;637945;35843448.00
2011/03/10;13.79;14.00;13.79;13.84;379382;21400996.00
2011/03/11;13.84;14.47;13.67;14.35;874366;50366612.00
2011/03/14;13.97;14.07;13.52;13.84;1892168;105731632.00
2011/03/16;13.42;13.55;13.05;13.29;2083840;112076200.00
2011/03/17;12.28;12.30;11.94;11.94;3604464;176576144.00
2011/03/18;11.94;12.04;11.69;11.97;1518499;73569320.00
2011/03/21;12.05;12.37;11.92;11.98;2036115;100084000.00
2011/03/22;12.02;12.07;11.70;12.07;997937;48343168.00
2011/03/23;12.01;12.16;11.97;12.02;767819;37729896.00
2011/03/24;11.97;12.09;11.87;11.92;856840;41620076.00
2011/03/25;11.92;11.92;11.63;11.73;1276869;61056628.00
2011/03/28;11.72;11.72;11.20;11.51;1302694;60234256.00
2011/03/29;11.42;11.42;10.92;11.21;866096;39527012.00
2011/03/30;11.06;11.17;10.82;11.14;951284;42494040.00
2011/03/31;11.05;11.22;11.02;11.03;764385;34623632.00
2011/04/01;11.08;11.30;10.95;11.30;634841;28867030.00
2011/04/06;11.23;11.34;11.19;11.30;390829;17920776.00
2011/04/07;11.22;11.44;11.14;11.39;368441;17058592.00
2011/04/08;11.39;11.42;11.25;11.42;329696;15225646.00
2011/04/11;11.42;11.49;11.31;11.40;248848;11502681.00
2011/04/12;11.33;11.46;11.33;11.40;261600;12138073.00
2011/04/13;11.33;11.56;11.30;11.50;334744;15669916.00
2011/04/14;11.46;11.72;11.46;11.62;367150;17392016.00
2011/04/18;11.60;11.74;11.37;11.70;319173;15133948.00
2011/04/19;11.64;11.72;11.52;11.71;328459;15479170.00
2011/04/20;11.77;11.79;11.62;11.74;245969;11697051.00
2011/04/21;11.69;11.69;11.53;11.61;265186;12489514.00
2011/04/22;11.61;11.75;11.41;11.70;498589;23524900.00
2011/04/25;11.70;11.70;11.42;11.44;236745;11103982.00
2011/04/26;11.45;11.60;11.42;11.52;325730;15254426.00
2011/04/27;11.52;11.68;11.45;11.54;350033;16552047.00
2011/04/28;11.54;11.70;10.95;11.30;614584;28713568.00
2011/04/29;11.27;11.67;11.27;11.65;265837;12480403.00
2011/05/03;11.67;12.02;11.57;11.82;629620;30213716.00
2011/05/04;11.82;11.84;11.61;11.63;425251;20226858.00
2011/05/05;11.63;11.79;11.50;11.76;250205;11930191.00
2011/05/06;11.75;11.78;11.57;11.69;180267;8579210.00
2011/05/09;11.80;12.12;11.80;11.89;492546;23955062.00
2011/05/10;12.00;12.00;11.81;11.92;353089;17088098.00
2011/05/11;11.92;12.01;11.87;11.91;205071;9967686.00
2011/05/12;11.90;11.91;11.71;11.84;132236;6385836.50
2011/05/13;11.95;11.96;11.83;11.96;210082;10165254.00
2011/05/16;11.99;12.10;11.46;11.95;324834;7886260.50
2011/05/17;11.70;11.95;11.70;11.87;208332;5001587.00
2011/05/18;11.87;11.87;11.58;11.67;294140;7014794.00
2011/05/19;11.79;11.79;11.29;11.57;465227;10802837.00
2011/05/20;11.57;11.57;10.99;11.21;850649;19218792.00
2011/05/23;11.09;11.21;11.00;11.14;282177;6372539.50
2011/05/24;11.27;11.64;11.10;11.49;550154;12759597.00
2011/05/25;11.50;11.50;11.01;11.21;752518;17216536.00
2011/05/26;11.10;11.21;10.90;10.93;415112;9248426.00
2011/05/27;11.00;11.07;10.87;10.90;358333;7969179.50
2011/05/30;10.99;11.31;10.99;11.03;438365;9933463.00
2011/05/31;11.01;11.25;10.92;11.17;247175;5564956.00
2011/06/01;11.17;11.24;11.00;11.15;212980;4808363.50
2011/06/02;10.68;11.12;10.68;10.90;275892;6095158.50
2011/06/07;10.95;11.15;10.95;11.10;425349;9593208.00
2011/06/08;11.12;11.16;11.06;11.14;160789;3628339.50
2011/06/09;11.15;11.22;11.11;11.20;479659;10901012.00
2011/06/10;11.20;11.24;11.03;11.23;407688;9237157.00
2011/06/13;11.23;11.65;11.20;11.57;522683;12129067.00
2011/06/14;11.62;11.75;11.49;11.57;343990;8147072.00
2011/06/15;11.61;11.66;11.38;11.51;449284;10511498.00
2011/06/16;11.57;11.57;11.22;11.26;134791;3107268.00
2011/06/17;11.13;11.45;11.13;11.33;252400;5834860.00
2011/06/20;11.32;11.36;11.17;11.34;115200;2640212.00
2011/06/21;11.29;11.39;11.29;11.36;181200;4175307.75
2011/06/22;11.32;11.60;11.32;11.46;114530;2658689.25
2011/06/23;11.40;11.62;11.30;11.58;273243;6387148.00
2011/06/24;11.58;11.72;11.35;11.70;546661;12911278.00
2011/06/27;11.65;12.06;11.63;11.86;619101;14998244.00
2011/06/28;11.71;11.85;11.63;11.75;303668;7215319.00
2011/06/29;11.75;11.75;11.61;11.63;225148;5332993.00
2011/06/30;11.56;11.72;11.55;11.70;256500;6076354.00
2011/07/01;11.67;11.72;11.55;11.55;482184;11358589.00
2011/07/04;11.49;11.92;11.45;11.91;458291;10891436.00
2011/07/05;11.90;11.97;11.72;11.82;458118;11006267.00
2011/07/06;11.89;11.89;11.67;11.85;400535;9551170.00
2011/07/07;11.70;11.96;11.66;11.82;910768;21789898.00
2011/07/08;11.84;12.32;11.69;12.25;1578629;38910824.00
2011/07/11;12.27;13.50;12.26;13.28;3306610;87090280.00
2011/07/12;13.07;13.49;13.00;13.42;2442571;65836972.00
2011/07/13;13.45;14.59;13.45;14.47;4246791;121630544.00
2011/07/14;14.32;14.65;14.07;14.42;1808246;52418372.00
2011/07/15;14.32;14.54;14.02;14.47;2455471;70736592.00
2011/07/18;14.47;14.67;14.35;14.48;2300618;67654192.00
2011/07/19;14.46;15.31;14.45;14.58;3315868;99794944.00
2011/07/20;14.71;15.20;14.62;14.83;2803270;84531512.00
2011/07/22;14.83;15.82;14.73;15.82;3691935;114462960.00
2011/07/25;15.82;16.25;15.00;15.54;3748708;117353736.00
2011/07/26;15.54;15.54;15.00;15.24;2633407;80811232.00
2011/07/27;15.26;15.34;15.07;15.27;1771690;54527372.00
2011/07/28;15.07;15.07;14.34;14.62;2190453;64750492.00
2011/07/29;14.52;15.02;14.47;14.62;1858794;55393848.00
2011/08/01;14.62;14.92;14.38;14.72;1251185;37183920.00
2011/08/02;14.71;15.17;14.37;15.13;1332374;39684176.00
2011/08/03;15.13;15.20;14.87;15.11;905960;27582812.00
2011/08/04;15.17;15.26;14.63;14.93;990951;29860218.00
2011/08/05;14.27;14.82;14.18;14.57;1407750;41000208.00
2011/08/08;14.14;14.31;13.10;13.42;1768792;48449112.00
2011/08/09;12.87;13.40;12.73;13.31;1564624;41534892.00
2011/08/10;13.37;14.04;13.32;13.62;1401160;38676056.00
2011/08/11;13.47;13.90;13.23;13.84;863130;23702644.00
2011/08/12;13.84;14.15;13.77;14.02;1109259;31367110.00
2011/08/15;14.02;14.32;13.83;14.25;581762;16647603.00
2011/08/16;14.25;14.27;13.92;13.92;884623;25184180.00
2011/08/17;13.78;14.01;13.78;13.87;461234;12964837.00
2011/08/18;13.83;13.84;13.23;13.62;448402;12339776.00
2011/08/19;13.33;13.75;13.14;13.41;663809;17975212.00
2011/08/22;13.25;13.52;13.25;13.41;274300;7458079.00
2011/08/23;13.42;13.75;13.42;13.70;468318;12888860.00
2011/08/24;13.83;13.90;13.61;13.69;835668;23271810.00
2011/08/25;13.60;13.78;13.52;13.76;497285;13752444.00
2011/08/26;13.76;14.78;13.62;14.62;1131693;32402436.00
2011/08/29;14.60;15.22;14.47;15.10;1802055;54475924.00
2011/08/30;15.24;15.24;14.47;14.67;1066162;31989764.00
2011/08/31;14.45;14.97;14.45;14.72;947727;28268200.00
2011/09/01;14.72;15.11;14.72;14.90;1976666;59589908.00
2011/09/02;15.02;15.04;14.73;14.77;1328477;39949228.00
2011/09/05;14.62;14.75;14.29;14.32;1018372;29704150.00
2011/09/06;14.32;14.43;13.88;14.06;2090751;59840948.00
2011/09/07;13.82;14.59;13.82;14.59;1214134;35030576.00
2011/09/08;14.62;14.96;14.48;14.86;1325956;39791260.00
2011/09/09;14.82;15.10;14.71;14.91;893263;27014166.00
2011/09/13;14.43;14.70;14.27;14.41;942682;27521486.00
2011/09/14;14.50;15.00;14.41;14.92;1328032;39288232.00
2011/09/15;14.66;15.05;14.66;14.94;561031;16943418.00
2011/09/16;15.05;15.06;14.72;15.00;535966;16227943.00
2011/09/19;14.83;14.97;14.52;14.72;430697;12790198.00
2011/09/20;14.43;14.82;14.35;14.75;508029;14982779.00
2011/09/21;14.80;15.26;14.80;15.22;1050331;32168962.00
2011/09/22;15.12;15.16;14.68;14.81;637967;19292542.00
2011/09/23;14.46;14.72;14.46;14.70;416534;12287946.00
2011/09/26;14.60;14.79;14.48;14.62;213841;6320991.50
2011/09/27;14.65;14.72;14.33;14.45;542920;15836902.00
2011/09/28;14.45;14.54;13.87;14.20;416187;12004800.00
2011/09/29;13.84;14.28;13.42;13.44;489169;13567169.00
2011/09/30;13.44;13.56;13.07;13.47;502915;13555665.00
2011/10/10;13.60;13.60;13.35;13.42;383598;10459178.00
2011/10/11;13.57;13.82;12.77;13.42;576041;15730650.00
2011/10/12;13.32;14.20;13.07;14.20;843913;23419948.00
2011/10/13;14.00;14.31;14.00;14.20;537089;15440302.00
2011/10/14;14.22;14.76;14.17;14.76;1024345;29836528.00
2011/10/17;14.83;15.67;14.57;15.62;2249111;69948624.00
2011/10/18;15.32;15.69;15.07;15.42;1200271;37260996.00
2011/10/19;15.44;15.55;15.08;15.47;785049;24390066.00
2011/10/20;15.47;16.11;15.12;15.47;2188700;69300496.00
2011/10/21;15.47;15.64;14.38;14.47;1720038;51094960.00
2011/10/24;14.50;14.82;13.60;14.46;1471683;42055516.00
2011/10/25;14.34;14.88;14.16;14.88;900395;26617276.00
2011/10/26;14.67;15.42;14.66;15.06;1305979;39925668.00
2011/10/27;15.19;15.24;14.62;14.81;673909;20291952.00
2011/10/28;14.95;15.26;14.65;15.10;1026839;31145476.00
2011/10/31;15.11;15.30;14.62;14.92;1043983;31418414.00
2011/11/01;14.82;15.56;14.68;15.56;1385811;42579960.00
2011/11/02;15.22;16.50;15.10;16.37;2745569;88623040.00
2011/11/03;16.35;16.79;15.88;15.95;2621066;86430024.00
2011/11/04;15.90;16.42;15.90;16.42;1461980;47851756.00
2011/11/07;16.37;16.41;16.11;16.16;1496565;49022116.00
2011/11/08;16.16;16.43;16.04;16.22;946846;31029298.00
2011/11/09;16.36;17.01;16.23;16.88;1395269;47224264.00
2011/11/10;16.59;17.25;16.59;16.90;1394060;47958892.00
2011/11/11;16.93;17.30;16.77;16.92;1169364;40151788.00
2011/11/14;16.83;17.25;16.83;17.21;1248260;42979388.00
2011/11/15;17.21;17.28;16.82;16.87;898624;30872934.00
2011/11/16;16.91;17.02;16.21;16.37;1413471;47012948.00
2011/11/17;16.32;16.59;16.26;16.57;652345;21674222.00
2011/11/18;16.57;16.57;16.07;16.07;606823;19876936.00
2011/11/21;16.07;16.48;15.58;16.48;536482;17286454.00
2011/11/22;16.44;16.91;16.16;16.75;1133199;38142924.00
2011/11/23;16.81;17.07;16.34;16.55;864930;29102342.00
2011/11/24;16.32;16.52;16.02;16.30;572543;18849978.00
2011/11/25;16.12;16.61;16.12;16.32;378122;12521051.00
2011/11/28;16.53;16.68;16.00;16.59;519624;17326786.00
2011/11/29;16.70;16.92;16.32;16.70;725283;24403270.00
2011/11/30;16.63;17.16;16.03;16.22;1666479;55667452.00
2011/12/01;16.27;16.82;16.27;16.47;871111;29127014.00
2011/12/02;16.25;16.57;16.12;16.28;540752;17757428.00
2011/12/05;16.13;16.29;14.86;15.47;1003217;31482330.00
2011/12/06;15.42;15.55;14.82;15.42;836702;25531264.00
2011/12/07;15.18;15.39;14.83;14.97;998708;30337344.00
2011/12/08;14.82;15.07;14.62;14.97;338775;10150754.00
2011/12/09;14.82;15.01;14.56;14.87;231750;6950787.00
2011/12/12;14.83;14.97;14.60;14.72;699089;20851898.00
2011/12/13;14.45;14.57;13.73;14.02;941951;26826624.00
2011/12/14;13.75;14.02;13.61;13.87;754208;21060976.00
2011/12/15;13.82;14.06;13.47;13.65;441865;12256699.00
2011/12/16;13.71;13.98;13.62;13.98;421099;11764433.00
2011/12/19;14.00;14.12;13.54;14.07;453720;12761722.00
2011/12/20;13.97;14.38;13.97;14.22;598342;17269048.00
2011/12/21;14.42;14.72;13.98;14.12;247748;7173320.00
2011/12/22;14.06;14.06;12.72;12.97;1029856;27698466.00
2011/12/23;12.97;13.01;12.24;12.32;1104028;28008276.00
2011/12/26;12.32;12.71;11.32;11.82;934988;23032364.00
2011/12/27;11.76;12.14;11.45;11.82;619339;14809697.00
2011/12/28;11.76;11.86;11.54;11.82;662916;15859680.00
2011/12/29;11.81;11.91;11.50;11.87;424749;10205081.00
2011/12/30;11.90;12.19;11.87;12.09;289437;7111834.00
2012/01/04;12.20;12.41;12.07;12.09;358662;8940844.00
2012/01/05;12.19;12.19;11.50;11.50;497124;12012497.00
2012/01/06;11.42;11.42;10.77;11.33;905189;20241592.00
2012/01/09;11.37;12.19;11.08;11.67;422950;9925005.00
2012/01/10;11.62;12.09;11.40;12.07;1161091;28087256.00
2012/01/11;11.98;12.17;11.80;12.01;422892;10229258.00
2012/01/12;11.76;12.15;11.76;11.93;279690;6788700.00
2012/01/13;12.01;12.01;10.82;10.82;724664;16449013.00
2012/01/16;10.77;10.77;9.87;10.25;702608;14562553.00
2012/01/17;9.83;11.01;9.83;10.79;508428;10925636.00
2012/01/18;10.97;11.31;9.84;10.22;485852;10547881.00
2012/01/19;10.03;10.45;9.93;10.32;387272;8053300.00
2012/01/20;10.35;10.71;10.32;10.71;282499;6043856.00
2012/01/30;10.87;11.80;10.86;11.22;875749;20264902.00
2012/01/31;11.03;11.25;10.72;11.02;345602;7699553.50
2012/02/01;11.05;11.51;10.96;11.27;513597;11804789.00
2012/02/02;11.16;11.62;11.16;11.57;637743;14853462.00
2012/02/03;11.50;11.66;11.34;11.60;508607;11898932.00
2012/02/06;11.79;11.95;11.46;11.48;759577;17983370.00
2012/02/07;11.41;11.58;11.13;11.31;745858;17060086.00
2012/02/08;11.10;11.52;11.10;11.51;1017670;23462018.00
2012/02/09;11.69;11.89;11.45;11.76;860195;20414086.00
2012/02/10;11.78;11.95;11.63;11.76;665827;15991058.00
2012/02/13;11.63;12.24;10.76;12.07;707119;17209192.00
2012/02/14;12.07;12.41;11.88;12.22;573211;14255437.00
2012/02/15;12.22;12.33;12.11;12.27;613915;15246887.00
2012/02/16;12.27;12.27;11.91;12.03;646160;15848490.00
2012/02/17;11.88;12.10;11.88;11.98;461197;11234001.00
2012/02/20;12.07;12.39;12.03;12.03;883107;21906914.00
2012/02/21;11.80;12.52;11.80;12.37;1230908;30754224.00
2012/02/22;12.37;12.62;12.25;12.57;1515157;38407232.00
2012/02/23;12.48;12.67;12.32;12.35;1024741;25912326.00
2012/02/24;12.32;12.47;12.31;12.38;717300;17993284.00
2012/02/27;12.37;12.42;12.20;12.20;1212454;30261256.00
2012/02/28;12.12;12.16;11.84;11.92;1176042;28519554.00
2012/02/29;11.93;12.06;11.88;11.89;515081;12538156.00
2012/03/01;11.82;11.97;11.82;11.88;432324;10449409.00
2012/03/02;11.90;12.07;11.89;12.00;708787;17249764.00
2012/03/05;12.10;12.32;12.10;12.20;770319;19058824.00
2012/03/06;12.13;12.13;11.77;11.89;617943;14897339.00
2012/03/07;11.90;12.00;11.60;11.77;404235;9717585.00
2012/03/08;11.84;12.07;11.77;11.98;542183;13180898.00
2012/03/09;12.12;12.12;11.99;12.07;535700;13099118.00
2012/03/12;12.37;12.77;12.23;12.29;1773088;44719116.00
2012/03/13;12.33;13.32;12.33;13.12;3603169;94609608.00
2012/03/14;13.17;13.18;12.40;12.45;2342370;60645576.00
2012/03/15;12.46;13.10;12.13;12.72;2126689;54814300.00
2012/03/16;12.73;12.98;12.64;12.88;1706276;44296508.00
2012/03/19;12.95;13.07;12.66;13.00;1391831;36401516.00
2012/03/20;13.10;13.32;12.84;12.90;1403504;37107248.00
2012/03/21;12.95;13.13;12.62;12.94;1245151;32416738.00
2012/03/22;12.94;12.96;12.65;12.85;724358;18721344.00
2012/03/23;12.90;12.98;12.47;12.52;672324;17263664.00
2012/03/26;12.53;12.95;12.53;12.66;1268110;32725236.00
2012/03/27;12.70;12.73;12.54;12.69;536145;13745014.00
2012/03/28;12.57;12.57;11.62;11.77;950595;23123352.00
2012/03/29;11.77;11.95;11.29;11.37;725152;16982128.00
2012/03/30;11.23;11.52;11.07;11.36;463398;10731605.00
2012/04/05;11.38;12.01;11.38;11.88;673742;16208314.00
2012/04/06;11.97;11.99;11.83;11.92;354188;8561778.00
2012/04/09;12.00;12.00;11.74;11.89;267416;6440383.50
2012/04/10;11.90;12.30;11.55;12.20;601510;14629737.00
2012/04/11;12.05;12.41;11.93;12.28;307946;7655166.50
2012/04/12;12.10;12.45;12.10;12.41;335369;8411871.00
2012/04/13;12.47;12.52;12.34;12.44;363478;9162024.00
2012/04/16;12.40;12.42;12.22;12.23;320341;8002166.50
2012/04/17;12.27;12.40;12.02;12.11;293710;7274479.00
2012/04/18;12.11;12.50;12.11;12.41;446302;11144032.00
2012/04/19;12.39;12.66;12.37;12.50;412314;10435999.00
2012/04/20;12.64;12.65;12.38;12.55;378618;9621928.00
2012/04/23;12.35;12.50;11.68;11.73;858149;20858250.00
2012/04/24;11.54;11.88;11.39;11.82;432664;10221816.00
2012/04/25;11.73;12.18;11.56;11.90;412017;9964951.00
2012/04/26;11.83;11.95;11.33;11.50;807246;18898744.00
2012/04/27;11.51;11.51;11.25;11.35;334094;7727160.50
2012/05/02;11.34;11.46;11.12;11.20;694108;15865359.00
2012/05/03;11.20;11.32;10.91;11.09;585233;13126014.00
2012/05/04;11.09;11.22;10.91;11.21;652478;14631272.00
2012/05/07;11.08;11.40;10.93;11.38;558097;12659784.00
2012/05/08;11.39;11.62;11.28;11.56;614778;14373455.00
2012/05/09;11.55;11.55;11.16;11.31;342156;7864356.00
2012/05/10;11.50;11.67;11.16;11.18;775463;17955988.00
2012/05/11;11.17;11.22;10.93;10.97;747022;16737120.00
2012/05/14;11.00;11.07;10.77;11.00;865492;19180874.00
2012/05/15;10.96;11.06;10.70;10.86;627141;13807250.00
2012/05/16;10.67;10.96;10.67;10.82;533150;11673730.00
2012/05/17;10.86;11.05;10.55;10.95;864904;19150566.00
2012/05/18;10.87;11.12;10.73;11.12;655040;14611679.00
2012/05/21;11.06;11.29;10.94;11.29;464601;10474695.00
2012/05/22;11.27;11.57;11.20;11.56;542219;12547713.00
2012/05/23;11.50;11.60;11.42;11.60;695494;16265591.00
2012/05/24;11.57;11.64;11.32;11.50;548663;12785677.00
2012/05/25;11.47;11.65;11.26;11.62;631311;14754611.00
2012/05/28;11.41;11.67;11.28;11.62;418459;9746577.00
2012/05/29;11.63;11.76;11.48;11.71;1078169;25400430.00
2012/05/30;11.92;12.11;11.72;11.99;2343739;56661364.00
2012/05/31;12.00;12.42;11.99;12.32;2126415;52663180.00
2012/06/01;12.31;12.31;11.84;11.97;1321140;32124408.00
2012/06/04;11.72;11.72;11.37;11.44;767611;17950116.00
2012/06/05;11.44;11.56;11.28;11.44;682147;15776996.00
2012/06/06;11.51;11.56;11.27;11.53;420047;9707295.00
2012/06/07;11.68;11.69;11.33;11.48;210221;4905007.00
2012/06/08;11.52;11.54;11.32;11.46;303171;7039215.50
2012/06/11;11.46;11.49;11.29;11.46;446549;10353276.00
2012/06/12;11.45;11.60;11.27;11.30;295160;6823056.50
2012/06/13;11.19;11.38;11.07;11.34;611440;13968531.00
2012/06/14;11.23;11.34;11.06;11.21;601495;13649683.00
2012/06/15;11.22;11.31;11.00;11.12;409534;9292048.00
2012/06/18;11.24;11.41;11.12;11.13;522618;11871658.00
2012/06/19;11.10;11.17;10.95;11.10;326930;7357551.00
2012/06/20;11.01;11.16;11.01;11.06;268637;6062020.50
2012/06/21;11.08;11.08;10.61;10.87;582220;12744143.00
2012/06/25;10.87;10.92;10.66;10.72;407260;8942890.00
2012/06/26;10.63;10.82;10.57;10.76;255428;5551028.50
2012/06/27;11.02;11.02;10.53;10.78;234869;5158497.50
2012/06/28;10.82;10.82;10.62;10.69;214850;4693672.00
2012/06/29;10.60;10.82;10.59;10.67;228600;4959209.50
2012/07/02;10.75;10.92;10.68;10.82;408920;8988991.00
2012/07/03;10.82;10.96;10.77;10.88;369096;8159196.00
2012/07/04;10.95;11.45;10.78;11.32;666758;15033544.00
2012/07/05;11.21;11.21;10.83;10.97;287141;6386800.00
2012/07/06;10.92;11.03;10.75;10.96;351284;7770135.00
2012/07/09;10.73;10.96;10.73;10.86;181885;3981719.00
2012/07/10;10.70;10.85;10.60;10.76;223159;4838307.50
2012/07/11;10.61;10.62;9.93;10.42;330874;6928914.50
2012/07/12;10.42;10.47;10.22;10.46;249842;5225474.00
2012/07/13;10.62;10.62;10.29;10.43;169013;3554740.75
2012/07/16;10.22;10.37;10.12;10.20;305817;6334589.00
2012/07/17;10.19;10.31;10.06;10.25;62066;1285024.50
2012/07/18;10.15;10.37;10.15;10.37;126460;2632235.50
2012/07/19;10.45;10.47;10.34;10.46;175904;3717469.00
2012/07/20;10.37;10.52;10.35;10.42;89440;1886009.25
2012/07/23;10.84;10.84;10.36;10.37;168400;3569004.50
2012/07/24;10.47;10.51;10.35;10.47;117308;2477517.75
2012/07/25;10.38;10.47;10.37;10.43;97482;2054756.88
2012/07/26;10.38;10.55;10.22;10.37;88500;1860123.00
2012/07/27;10.31;10.47;9.87;10.31;80238;1661239.38
2012/07/30;9.98;10.30;9.97;10.25;127578;2608803.75
2012/07/31;10.03;10.12;9.37;9.78;393316;7773314.50
2012/08/01;9.65;9.95;9.47;9.71;378053;7464393.00
2012/08/02;9.63;9.77;9.45;9.48;208579;4067754.75
2012/08/03;9.28;9.77;9.28;9.75;145696;2844723.00
2012/08/06;9.72;9.85;9.63;9.83;208452;4117407.25
2012/08/07;9.82;9.95;9.77;9.95;158613;3155706.50
2012/08/08;10.27;10.27;9.87;9.92;175344;3583898.25
2012/08/09;10.00;10.17;9.79;10.17;359376;7311765.50
2012/08/10;10.08;10.20;10.01;10.05;168000;3432508.00
2012/08/13;10.05;10.06;9.87;9.87;193435;3899641.25
2012/08/14;9.72;9.96;9.72;9.91;162484;3244896.00
2012/08/15;10.00;10.32;9.68;9.93;109984;2216648.00
2012/08/16;9.76;9.94;9.75;9.92;91259;1818569.88
2012/08/17;9.78;10.00;9.78;9.92;72110;1444706.25
2012/08/20;9.78;10.01;9.73;9.99;136682;2728494.00
2012/08/21;10.02;10.25;9.88;10.12;434391;8921998.00
2012/08/22;10.11;10.39;10.11;10.19;452460;9432775.00
2012/08/23;10.10;10.60;10.10;10.55;973224;20421574.00
2012/08/24;10.55;11.22;10.55;10.84;941571;20770200.00
2012/08/27;11.87;11.93;10.89;10.92;2678173;62798676.00
2012/08/28;10.78;11.76;10.62;11.37;1885471;42854108.00
2012/08/29;11.87;12.46;11.52;11.97;3651499;88756064.00
2012/08/30;11.61;11.81;10.87;11.40;2839741;65451828.00
2012/08/31;11.30;11.79;11.13;11.53;1538684;36188824.00
2012/09/03;11.46;12.02;11.46;11.62;1263279;30141768.00
2012/09/04;11.74;11.94;11.42;11.73;1358247;31954100.00
2012/09/05;11.48;11.77;11.40;11.55;752786;17577094.00
2012/09/06;11.64;12.17;11.47;12.12;2260100;54740812.00
2012/09/07;12.17;12.44;11.90;12.12;2267400;55791564.00
2012/09/10;12.07;12.08;11.68;11.82;1632715;39101940.00
2012/09/11;11.78;12.37;11.71;12.30;1311297;31992152.00
2012/09/12;12.33;12.45;12.03;12.07;882464;21686212.00
2012/09/13;11.80;12.10;11.57;11.67;693616;16537904.00
2012/09/14;11.67;11.85;11.33;11.52;1131467;26226442.00
2012/09/17;11.52;11.77;11.18;11.20;604450;13824384.00
2012/09/18;11.42;11.43;10.82;11.03;1296232;29036510.00
2012/09/19;10.93;11.05;10.75;10.91;505446;11121000.00
2012/09/20;10.90;10.95;10.43;10.59;721535;15765283.00
2012/09/21;10.67;10.77;9.87;10.13;1714839;35512832.00
2012/09/24;9.93;10.17;9.90;10.02;380853;7699743.00
2012/09/25;10.08;10.10;9.82;10.05;349368;7065412.00
2012/09/26;10.08;10.10;9.48;9.62;393828;7883589.50
2012/09/27;9.77;9.96;9.65;9.85;360967;7179472.00
2012/09/28;9.82;10.12;9.73;10.10;622043;12617682.00
2012/10/08;10.10;10.16;9.89;9.99;358010;7283962.50
2012/10/09;9.97;10.38;9.94;10.32;693367;14429286.00
2012/10/10;10.35;10.35;9.97;10.18;849198;17540990.00
2012/10/11;10.18;10.24;10.01;10.01;537800;11019752.00
2012/10/12;9.93;10.12;9.93;10.05;391100;7931092.00
2012/10/15;9.92;10.07;9.66;9.77;585510;11628390.00
2012/10/16;9.92;9.92;9.47;9.49;1034098;20149192.00
2012/10/17;9.61;9.75;9.57;9.70;421081;8255851.50
2012/10/18;9.71;9.85;9.65;9.81;455637;9021824.00
2012/10/19;9.82;10.06;9.50;9.71;760843;15120641.00
2012/10/22;9.54;9.67;9.47;9.65;647977;12574491.00
2012/10/23;9.53;10.50;9.53;10.24;2082695;42731476.00
2012/10/24;10.22;10.25;9.81;9.97;2015636;40893056.00
2012/10/25;10.02;10.16;9.59;9.67;1939972;38689032.00
2012/10/26;9.57;9.57;8.69;8.69;2215265;39804092.00
2012/10/29;8.59;8.73;8.42;8.52;1523697;26385160.00
2012/10/30;8.52;8.52;8.20;8.49;1153806;19566848.00
2012/10/31;8.41;8.55;8.30;8.46;1344819;22991464.00
2012/11/01;8.37;8.61;8.37;8.60;724468;12547938.00
2012/11/02;8.57;8.65;8.47;8.62;432491;7511676.00
2012/11/05;8.55;8.67;8.51;8.55;360700;6253043.00
2012/11/06;8.55;8.57;8.32;8.57;368907;6318802.50
2012/11/07;8.33;8.56;8.33;8.49;649605;11080094.00
2012/11/08;8.41;8.46;8.15;8.25;879439;14755676.00
2012/11/09;8.25;8.25;8.08;8.22;383390;6338950.50
2012/11/12;8.25;8.26;8.11;8.18;126500;2106196.00
2012/11/13;8.16;8.17;7.72;7.82;518200;8366297.50
2012/11/14;7.82;7.82;7.37;7.63;784167;12194183.00
2012/11/15;7.52;7.52;7.27;7.39;692200;10433466.00
2012/11/16;7.32;7.65;7.32;7.59;973848;14867801.00
2012/11/19;7.59;7.59;7.43;7.55;238840;3639431.50
2012/11/20;7.52;7.55;7.37;7.45;367000;5589803.00
2012/11/21;7.45;7.55;7.38;7.52;271000;4115494.00
2012/11/22;7.52;7.52;7.41;7.43;96699;1461593.88
2012/11/23;7.47;7.57;7.46;7.53;140050;2142242.50
2012/11/26;7.53;7.59;7.41;7.44;171851;2618011.50
2012/11/27;7.41;7.41;6.87;7.08;653499;9427258.00
2012/11/28;6.90;7.02;6.81;6.94;295600;4150427.75
2012/11/29;6.89;7.02;6.87;6.93;97900;1380837.00
2012/11/30;6.88;7.02;6.87;7.00;183221;2596128.75
2012/12/03;6.87;7.22;6.87;7.01;184202;2631085.25
2012/12/04;7.01;7.05;6.64;7.02;406741;5693294.00
2012/12/05;6.65;7.45;6.65;7.37;921072;13547453.00
2012/12/06;7.14;7.36;7.14;7.25;437389;6451670.50
2012/12/07;7.33;7.46;7.16;7.43;463845;6922695.50
2012/12/10;7.47;7.67;7.33;7.62;716450;11005958.00
2012/12/11;7.62;7.62;7.41;7.47;410728;6272127.50
2012/12/12;7.47;7.47;7.24;7.33;470186;6997718.00
2012/12/13;7.32;7.32;7.20;7.22;362158;5337246.50
2012/12/14;7.13;7.51;7.13;7.50;950699;14305096.00
2012/12/17;7.72;7.92;7.52;7.70;1306439;20558374.00
2012/12/18;7.72;7.72;7.42;7.55;780085;11948663.00
2012/12/19;7.62;8.15;7.60;8.02;2216679;35874004.00
2012/12/20;7.91;8.07;7.85;8.06;1590093;25726620.00
2012/12/21;7.96;8.42;7.72;8.12;1471629;24429834.00
2012/12/24;8.12;8.22;7.89;8.06;969908;15927339.00
2012/12/25;7.88;8.27;7.88;8.15;1107961;18355362.00
2012/12/26;8.08;8.46;8.00;8.40;941222;15961212.00
2012/12/27;8.40;8.61;8.22;8.29;777312;13077043.00
2012/12/28;8.34;8.37;8.18;8.37;942440;15825948.00
2012/12/31;8.32;8.97;8.32;8.97;1697907;29861580.00
2013/01/04;9.02;9.02;8.59;8.75;1132087;20011524.00
2013/01/07;8.57;8.73;8.57;8.73;703898;12360174.00
2013/01/08;8.74;8.96;8.74;8.91;1011801;18113198.00
2013/01/09;8.91;9.02;8.62;8.65;752345;13391357.00
2013/01/10;8.74;8.90;8.67;8.69;795261;14119339.00
2013/01/11;8.80;9.10;8.66;8.86;1464872;26550408.00
2013/01/14;8.87;9.57;8.75;9.41;1513318;28228398.00
2013/01/15;9.42;9.92;9.28;9.82;2598189;51380976.00
2013/01/16;9.82;10.31;9.73;9.85;3211543;65033652.00
2013/01/17;9.84;10.12;9.63;10.01;2175587;43705332.00
2013/01/18;11.03;11.03;11.03;11.03;5771068;128752528.00
2013/01/21;12.14;12.14;11.59;12.14;11086324;269181504.00
2013/01/22;11.37;11.51;10.97;11.11;8753202;198436176.00
2013/01/23;10.88;11.50;10.82;11.23;5241070;118378312.00
2013/01/24;11.27;11.47;10.65;10.66;3944624;88292536.00
2013/01/25;10.57;11.02;9.62;10.67;2168965;46127432.00
2013/01/28;10.59;11.02;10.49;10.81;1746866;38333728.00
2013/01/29;10.83;11.78;10.72;11.35;3031527;69860528.00
2013/01/30;11.20;11.72;11.05;11.36;2342370;54111228.00
2013/01/31;11.13;11.34;10.77;10.81;1435522;31777920.00
2013/02/01;10.80;11.17;10.63;10.91;886997;19634284.00
2013/02/04;10.91;10.91;10.52;10.55;980224;21059090.00
2013/02/05;10.51;10.85;10.51;10.73;817021;17720156.00
2013/02/06;10.75;11.30;10.66;11.25;1734712;39208452.00
2013/02/07;11.21;11.47;11.05;11.40;831339;19071164.00
2013/02/08;11.30;11.57;11.12;11.52;1166713;26904628.00
2013/02/18;11.53;11.72;11.28;11.53;989653;23115924.00
2013/02/19;11.52;11.52;11.12;11.18;814016;18516344.00
2013/02/20;11.05;11.65;11.05;11.53;1361795;31587658.00
2013/02/21;11.42;11.94;11.40;11.50;1447509;34077724.00
2013/02/22;11.53;11.86;11.32;11.60;865944;20406738.00
2013/02/25;11.60;12.09;11.60;11.93;1322755;31971258.00
2013/02/26;12.07;12.07;11.77;11.78;786013;18814022.00
2013/02/27;11.72;12.22;11.71;11.97;1769743;42986568.00
2013/02/28;11.97;11.97;11.61;11.78;831626;19716964.00
2013/03/01;11.67;12.04;11.67;11.84;632886;15163261.00
2013/03/04;11.84;11.84;11.13;11.22;1059540;24486848.00
2013/03/05;11.20;11.45;10.87;11.22;1035279;23277584.00
2013/03/06;11.22;11.44;11.04;11.15;684625;15564760.00
2013/03/07;11.08;11.24;10.72;10.77;820987;18231138.00
2013/03/08;10.73;10.97;10.58;10.79;483546;10586053.00
2013/03/11;10.67;11.02;10.67;10.91;197195;4339475.00
2013/03/12;10.92;11.03;10.31;10.50;493192;10578693.00
2013/03/13;10.60;10.60;10.27;10.45;312840;6552984.50
2013/03/14;10.51;10.57;10.37;10.50;247243;5251692.00
2013/03/15;10.38;10.98;10.38;10.86;611564;13374323.00
2013/03/18;10.78;10.94;10.62;10.77;302279;6593036.50
2013/03/19;10.66;10.85;10.65;10.82;485271;10514442.00
2013/03/20;10.87;11.09;10.82;11.05;586810;13025871.00
2013/03/21;11.13;11.30;11.03;11.30;600847;13570116.00
2013/03/22;11.30;11.35;11.17;11.25;430848;9791012.00
2013/03/25;11.32;11.37;11.13;11.20;392981;8950071.00
2013/03/26;11.22;11.31;10.92;11.19;547829;12331303.00
2013/03/27;11.09;11.31;11.09;11.16;417655;9471384.00
2013/03/28;10.12;11.17;10.07;10.60;461273;10116401.00
2013/03/29;10.60;10.86;10.49;10.70;453201;9756491.00
2013/04/01;10.20;10.72;10.17;10.58;253609;5449705.00
2013/04/02;10.58;10.95;10.42;10.48;516954;11165183.00
2013/04/03;10.43;10.48;10.01;10.02;740833;15238750.00
2013/04/08;9.95;10.15;9.43;10.14;482320;9623169.00
2013/04/09;10.16;10.22;10.02;10.10;272100;5564668.00
2013/05/23;11.13;11.13;11.13;11.13;346621;7802438.50
2013/05/24;11.87;12.22;11.57;11.92;5883729;141390288.00
2013/05/27;11.92;13.12;11.83;13.11;6055308;151867280.00
2013/05/28;12.88;13.07;12.28;12.37;3853917;97986768.00
2013/05/29;12.26;12.52;12.22;12.32;2206499;55104064.00
2013/05/30;12.38;13.14;12.38;12.75;2929756;75737768.00
2013/05/31;12.52;12.73;12.22;12.24;1813298;45312304.00
2013/06/03;12.28;12.29;11.78;11.84;1492524;36147456.00
2013/06/04;11.85;12.12;11.76;11.84;1033557;24901600.00
2013/06/05;11.85;12.54;11.85;12.12;1573519;38808304.00
2013/06/06;12.12;12.16;11.90;11.91;1176977;28348586.00
2013/06/07;12.03;12.04;11.60;11.65;1089575;25899750.00
2013/06/13;11.62;11.62;10.82;11.14;1207645;27125446.00
2013/06/14;11.20;11.42;11.06;11.32;1941552;43935884.00
2013/06/17;11.30;11.41;10.99;11.10;1358132;30676134.00
2013/06/18;11.16;11.25;10.91;11.13;734577;16307881.00
2013/06/19;11.18;11.52;10.93;11.34;1094774;24991422.00
2013/06/20;11.25;11.39;10.73;10.75;1075261;23874656.00
2013/06/21;10.48;10.81;10.32;10.62;840802;17932896.00
2013/06/24;10.71;11.10;10.43;10.65;1427435;31014062.00
2013/06/25;10.67;10.77;9.58;10.33;1784599;36329132.00
2013/06/26;10.33;10.67;9.98;10.64;939759;19731950.00
2013/06/27;10.55;11.05;10.37;10.51;1854738;40162380.00
2013/06/28;10.42;10.42;9.93;9.99;1402354;28576344.00
2013/07/01;9.99;10.23;9.80;10.20;607541;12388358.00
2013/07/02;10.13;10.65;10.13;10.58;898196;18972814.00
2013/07/03;10.51;10.82;10.24;10.67;968671;20666514.00
2013/07/04;10.61;10.80;10.43;10.53;735905;15781331.00
2013/07/05;10.52;10.57;10.33;10.33;670943;14138970.00
2013/07/08;10.25;10.25;9.73;9.75;1015517;20395880.00
2013/07/09;9.61;9.97;9.57;9.84;450789;8938173.00
2013/07/10;9.89;10.12;9.80;10.12;468966;9462871.00
2013/07/11;10.22;10.36;10.00;10.29;659686;13542945.00
2013/07/12;10.31;10.85;10.26;10.54;1149850;24659086.00
2013/07/15;10.63;10.85;10.52;10.75;1012247;21760384.00
2013/07/16;10.79;11.41;10.47;11.35;1881322;42009100.00
2013/07/17;11.31;12.16;11.17;11.77;3252019;77864384.00
2013/07/18;11.77;12.10;11.47;11.82;1738931;41505408.00
2013/07/19;11.82;12.01;11.02;11.09;1384075;32317112.00
2013/07/22;11.00;12.02;10.93;11.95;1689900;39789936.00
2013/07/23;11.95;12.37;11.74;11.92;2457052;59466980.00
2013/07/24;12.02;12.06;11.84;12.03;1585207;38137940.00
2013/07/25;12.04;12.12;11.46;11.57;1234307;29172256.00
2013/07/26;11.67;11.83;11.43;11.68;629956;14760687.00
2013/07/29;11.50;11.77;11.17;11.30;745141;17081828.00
2013/07/30;11.32;11.42;10.89;11.16;752674;16862694.00
2013/07/31;11.21;11.28;10.98;11.05;661586;14830342.00
2013/08/01;11.10;11.51;11.03;11.48;947340;21739728.00
2013/08/02;10.77;12.63;10.77;12.63;6391400;155335776.00
2013/08/05;12.52;13.00;12.37;12.77;3769082;96611248.00
2013/08/06;12.67;12.89;12.40;12.72;2551632;65196732.00
2013/08/07;12.73;12.81;11.92;12.17;2436657;60224124.00
2013/08/08;12.17;12.31;11.99;12.21;1666468;40946668.00
2013/08/09;12.22;13.40;12.22;13.19;3547052;91553920.00
2013/08/12;13.03;13.76;12.76;13.17;2941305;78766384.00
2013/08/13;13.17;13.43;13.05;13.32;1398828;37398504.00
2013/08/14;13.32;13.76;13.30;13.63;2140249;58048404.00
2013/08/15;13.75;14.30;13.43;13.90;1917994;53539984.00
2013/08/16;13.85;14.27;13.42;13.47;1356935;37867024.00
2013/08/19;13.50;14.28;13.48;13.97;1194992;33667116.00
2013/08/20;13.92;14.22;13.64;13.87;937102;26056418.00
2013/08/21;13.75;14.02;13.75;13.93;1091319;30555958.00
2013/08/22;13.77;14.01;13.73;13.89;997677;27863264.00
2013/08/23;13.91;13.95;13.27;13.57;1311167;36020228.00
2013/08/26;13.57;13.75;13.32;13.60;928473;25233820.00
2013/08/27;13.65;13.75;13.36;13.51;697058;18870804.00
2013/08/28;13.42;13.62;12.97;13.07;997315;26636658.00
2013/08/29;13.04;13.33;13.02;13.17;576010;15253158.00
2013/08/30;13.17;13.27;12.46;12.72;1184358;30532968.00
2013/09/02;12.71;12.94;12.43;12.92;745029;19133854.00
2013/09/03;12.92;13.38;12.80;13.32;842064;22361912.00
2013/09/04;13.32;13.51;12.97;13.20;1120755;30048020.00
2013/09/05;13.22;13.30;12.96;13.10;565794;14968984.00
2013/09/06;13.07;13.74;13.05;13.62;1132219;30652596.00
2013/09/09;13.67;13.98;13.48;13.92;1057613;29282448.00
2013/09/10;13.92;13.95;13.48;13.52;1423061;38989524.00
2013/09/11;13.55;13.55;12.67;13.08;1074064;28464946.00
2013/09/12;12.97;13.42;12.85;13.17;491740;12910841.00
2013/09/13;13.29;13.29;12.95;13.10;993794;26191366.00
2013/09/16;13.00;13.55;13.00;13.17;942452;25111116.00
2013/09/17;13.32;13.67;13.19;13.31;1275494;34494776.00
2013/09/18;13.27;13.57;13.25;13.48;620552;16768455.00
2013/09/23;13.48;13.90;13.42;13.43;1296492;35474168.00
2013/09/24;13.45;13.75;13.35;13.72;1071693;29315980.00
2013/09/25;13.72;13.81;13.46;13.53;708297;19366190.00
2013/09/26;13.43;13.60;13.02;13.07;850660;22582240.00
2013/09/27;13.05;13.17;12.97;13.09;392954;10335640.00
2013/09/30;13.22;13.57;13.15;13.52;778519;21028938.00
2013/10/08;13.55;13.73;13.42;13.59;970931;26504538.00
2013/10/09;13.63;13.91;13.42;13.81;1423108;39128968.00
2013/10/10;13.65;14.28;13.63;14.13;1781397;50648808.00
2013/10/11;14.16;14.77;14.05;14.56;1629283;47690424.00
2013/10/14;14.70;16.02;14.56;15.79;3161615;97895464.00
2013/10/15;15.80;15.80;14.52;15.07;3149036;95649168.00
2013/10/16;15.07;15.42;14.53;15.33;1453131;44041656.00
2013/10/17;15.33;16.85;15.18;16.28;2003810;64674388.00
2013/10/18;16.47;16.55;16.08;16.29;1050013;34414784.00
2013/10/21;16.34;16.65;15.95;16.36;1695610;55915952.00
2013/10/22;16.37;16.60;15.75;15.77;1090882;35287480.00
2013/10/23;15.67;15.87;14.83;15.29;1312833;40438976.00
2013/10/24;15.23;15.56;15.17;15.20;380887;11709466.00
2013/10/25;15.34;15.64;14.67;14.87;602973;18185648.00
2013/10/28;15.12;15.22;14.77;15.14;857284;25889716.00
2013/10/29;15.17;15.26;14.17;14.47;846919;25004994.00
2013/10/30;14.46;14.80;14.27;14.56;717068;20877906.00
2013/10/31;14.56;14.75;14.18;14.32;691844;20073278.00
2013/11/01;14.20;14.20;13.90;14.02;930385;26131480.00
2013/11/04;13.92;14.80;13.88;14.80;1246476;36303320.00
2013/11/05;14.81;15.67;14.74;15.56;1921228;59145872.00
2013/11/06;15.55;15.83;15.49;15.65;1497454;47235888.00
2013/11/07;15.61;15.76;15.07;15.07;894809;27689028.00
2013/11/08;15.91;15.91;15.03;15.09;1658108;50968768.00
2013/11/11;14.92;15.40;14.42;14.42;1786691;53206304.00
2013/11/12;14.42;14.78;14.26;14.62;803916;23463952.00
2013/11/13;14.59;15.22;14.48;14.86;1046024;31342284.00
2013/11/14;14.90;15.12;14.70;15.03;960673;28956862.00
2013/11/15;15.03;15.42;14.97;15.18;1053121;32144572.00
2013/11/18;15.13;15.64;15.08;15.45;1551139;48051272.00
2013/11/19;15.45;15.60;15.37;15.52;1094600;34083568.00
2013/11/20;15.52;17.08;15.42;17.08;5555331;186824000.00
2013/11/21;17.08;17.42;16.77;17.23;2735704;93617616.00
2013/11/22;17.32;17.47;16.84;17.37;1709326;59132996.00
2013/12/31;17.92;18.53;16.91;18.02;3324186;119380888.00
2014/01/02;17.90;18.42;17.55;18.03;1734643;63077848.00
2014/01/03;18.03;18.47;18.03;18.25;1153488;42227860.00
2014/01/06;18.14;18.41;17.57;17.72;1166907;42304852.00
2014/01/07;17.80;17.92;17.32;17.60;1288703;45579588.00
2014/01/08;17.60;18.12;17.60;17.82;704678;25265168.00
2014/01/09;17.92;19.45;17.60;18.84;2151307;81158640.00
2014/01/10;18.72;19.40;18.71;18.87;1165804;44482012.00
2014/01/13;18.85;19.11;18.73;18.90;580792;22054784.00
2014/01/14;19.04;19.67;18.76;19.60;989812;38226752.00
2014/01/15;19.59;20.91;19.59;20.63;1667389;68054392.00
2014/01/16;20.67;21.17;19.92;20.55;1456748;60119732.00
2014/01/17;20.73;20.76;19.82;19.82;1053427;43013488.00
2014/01/20;19.77;20.07;18.77;18.88;1942836;74615784.00
2014/01/21;18.86;19.80;18.76;19.61;1247961;48279184.00
2014/01/22;19.61;20.62;19.42;20.37;1732454;69602536.00
2014/01/23;20.22;20.51;19.42;19.52;2419765;95700464.00
2014/01/24;19.18;19.91;19.17;19.54;1760425;69098280.00
2014/01/27;19.32;20.04;18.02;18.82;5683422;215317680.00
2014/01/28;18.72;19.28;18.24;18.27;2132116;79728872.00
2014/01/29;18.40;18.64;18.15;18.15;1440298;52899696.00
2014/01/30;18.12;18.76;18.03;18.71;1082235;40378396.00
2014/02/07;18.72;19.36;18.20;19.31;1062035;40202944.00
2014/02/10;19.44;19.66;19.19;19.40;1202225;46928388.00
2014/02/11;19.35;19.62;18.68;18.95;1040020;39939544.00
2014/02/12;18.77;19.57;18.77;19.50;1158320;45013896.00
2014/02/13;19.66;19.66;19.10;19.11;1086245;42286768.00
2014/02/14;19.11;19.36;18.92;19.17;928043;35652260.00
2014/02/17;18.93;19.86;18.90;19.77;1385522;54229256.00
2014/02/18;19.77;20.36;19.33;20.14;1412177;56771928.00
2014/02/19;20.15;22.16;20.03;22.12;2508544;108084776.00
2014/02/20;22.12;22.58;21.38;21.55;1235249;54408836.00
2014/02/21;21.50;22.02;20.43;21.98;1327437;56120724.00
2014/02/24;21.72;22.06;21.19;21.51;647046;28017142.00
2014/02/25;21.51;21.92;20.83;20.87;1018617;43477360.00
2014/02/26;20.67;21.35;20.17;21.05;934994;39178880.00
2014/02/27;21.05;21.86;20.32;20.44;947471;40264320.00
2014/02/28;20.42;20.82;19.53;20.77;1128975;45448012.00
2014/03/03;20.77;21.02;19.93;21.00;496043;20836156.00
2014/03/04;20.86;21.92;20.44;21.51;696382;29774556.00
2014/03/05;21.77;21.77;20.92;21.02;598177;25322370.00
2014/03/06;20.87;21.60;20.42;21.17;490539;20828144.00
2014/03/07;21.61;22.62;21.02;22.37;1491584;66105484.00
2014/03/10;22.32;22.61;21.32;21.37;873225;38491564.00
2014/03/11;21.25;21.69;20.93;21.09;522852;22347210.00
2014/03/12;21.05;21.46;20.42;20.93;568249;23904164.00
2014/03/13;21.16;22.42;20.94;22.14;1072709;47191444.00
2014/03/14;22.01;23.41;21.73;22.92;1739204;79849448.00
2014/03/17;22.92;23.42;22.83;22.92;646081;29826758.00
2014/03/18;22.84;24.17;22.83;24.14;1306402;62022344.00
2014/03/19;24.14;24.14;23.27;23.52;946004;44722968.00
2014/03/20;23.52;23.71;22.71;22.77;732953;33940288.00
2014/03/21;22.67;23.67;21.92;23.62;939793;43373000.00
2014/03/24;23.77;24.17;23.12;23.32;588113;27751666.00
2014/03/25;23.30;23.41;22.93;23.13;393069;18242618.00
2014/03/26;23.37;24.20;23.20;24.00;757443;36368876.00
2014/04/04;22.42;23.27;21.59;22.40;1940383;87010688.00
2014/04/08;21.92;21.92;20.92;21.19;1652434;70999824.00
2014/04/09;21.17;21.70;21.07;21.52;489871;21060812.00
2014/04/10;21.52;21.84;21.17;21.39;457688;19860566.00
2014/04/11;21.18;21.18;20.58;20.99;657485;27476500.00
2014/04/14;20.84;21.32;20.84;21.30;554151;23459854.00
2014/04/15;21.45;22.31;21.10;22.04;745248;32739794.00
2014/04/16;21.95;22.12;20.92;20.92;578769;24918576.00
2014/04/17;21.11;21.52;20.87;21.32;313564;13299173.00
2014/04/18;21.30;21.42;19.18;19.18;2339355;91825664.00
2014/04/21;18.12;19.06;17.92;18.82;1942937;72659136.00
2014/04/22;18.79;18.79;17.34;18.07;1575235;56451196.00
2014/04/23;17.95;18.57;17.42;18.10;670807;24411674.00
2014/04/24;18.10;18.67;17.92;18.27;419878;15512761.00
2014/04/25;18.27;18.42;17.43;17.92;730893;26318510.00
2014/04/28;17.92;17.92;17.35;17.55;520652;18373322.00
2014/04/29;17.55;17.82;17.35;17.82;382017;13536699.00
2014/04/30;17.87;18.02;17.77;17.81;311339;11183926.00
2014/05/05;17.92;17.92;17.60;17.85;356044;12715553.00
2014/05/06;17.85;18.07;17.53;17.93;409740;14781122.00
2014/05/07;17.97;18.26;17.77;17.97;389309;14035255.00
2014/05/08;17.92;18.21;17.77;17.87;449087;16211262.00
2014/05/09;17.68;17.91;17.61;17.85;447026;15927095.00
2014/05/12;17.85;18.15;17.77;18.00;438781;15802265.00
2014/05/13;17.99;18.13;16.19;16.19;1120178;38213704.00
2014/05/14;15.43;15.55;14.85;15.12;2547995;77463456.00
2014/05/15;15.06;15.30;14.31;14.36;2094037;61758984.00
2014/05/16;14.45;14.62;14.33;14.46;972332;28323000.00
2014/05/19;14.51;14.57;14.17;14.31;881004;25457222.00
2014/05/20;14.48;14.86;14.47;14.65;1203744;35455724.00
2014/05/21;14.64;15.06;14.45;14.96;916659;27368066.00
2014/05/22;14.97;15.51;14.92;14.93;1051322;32135102.00
2014/05/23;14.93;16.43;14.93;16.43;974207;32010804.00
2014/05/26;16.87;17.27;16.67;17.12;2641706;90228080.00
2014/05/27;17.42;17.42;16.93;17.11;773486;26595552.00
2014/05/28;17.12;17.41;16.92;17.37;782232;27121412.00
2014/05/29;17.37;18.22;17.27;17.88;1348874;48643460.00
2014/05/30;17.81;18.42;17.70;18.03;911707;33096398.00
2014/06/03;17.92;18.67;17.92;18.26;554128;20471724.00
2014/06/04;18.43;18.43;18.01;18.15;410676;14979035.00
2014/06/05;18.15;18.41;18.05;18.17;345169;12612937.00
2014/06/06;18.17;18.40;17.92;17.97;392727;14314780.00
2014/06/09;18.16;18.16;16.93;17.17;621303;21726564.00
2014/06/10;17.17;17.59;16.93;17.42;615210;21433030.00
2014/06/11;17.53;17.82;17.27;17.44;543769;19219774.00
2014/06/12;17.58;17.62;17.12;17.13;533220;18574724.00
2014/06/13;17.12;18.17;17.12;17.94;1094378;39257616.00
2014/06/16;18.63;19.38;18.32;18.63;1085871;40824484.00
2014/06/17;18.72;19.72;17.92;19.18;1023828;39406736.00
2014/06/18;19.20;19.30;18.68;18.95;538728;20426212.00
2014/06/19;18.97;19.15;18.28;18.38;510194;19043812.00
2014/06/20;18.38;18.57;18.11;18.31;408834;15041437.00
2014/06/23;18.31;18.42;18.12;18.33;625857;22960804.00
2014/06/24;18.51;19.02;18.28;18.83;802614;30004096.00
2014/06/25;18.93;18.93;18.40;18.43;382980;14266772.00
2014/06/26;18.66;18.67;18.21;18.50;437247;16248989.00
2014/06/27;18.58;18.58;18.20;18.26;389752;14343014.00
2014/06/30;18.30;18.40;18.12;18.37;465891;17091862.00
2014/07/01;18.61;19.12;18.42;18.88;814947;30910600.00
2014/07/02;18.90;19.60;18.88;19.58;1296485;50483264.00
2014/07/03;19.70;19.74;19.34;19.38;478377;18670364.00
2014/07/04;19.35;19.59;18.89;19.02;705590;26955898.00
2014/07/07;18.92;19.29;18.82;18.92;539049;20545632.00
2014/07/08;18.72;18.72;17.02;17.79;1947999;69283472.00
2014/07/09;17.66;18.57;17.42;18.51;1483657;53898148.00
2014/07/10;18.42;18.42;17.85;17.97;610914;22164774.00
2014/07/11;18.07;18.07;17.07;17.52;748139;26291138.00
2014/07/14;17.52;17.67;17.37;17.61;495985;17489286.00
2014/07/15;17.48;17.52;16.75;17.17;476091;16351799.00
2014/07/16;17.17;17.49;17.01;17.26;429890;14877594.00
2014/07/17;17.08;18.12;17.08;17.57;456118;16091640.00
2014/07/18;17.31;17.93;17.31;17.49;260120;9216193.00
2014/07/21;17.90;17.99;17.50;17.86;419354;15063997.00
2014/07/22;17.76;18.42;17.76;18.38;646636;23633168.00
2014/07/23;18.41;18.46;17.82;17.88;451046;16378105.00
2014/07/24;17.74;18.02;17.44;17.82;494833;17705236.00
2014/07/25;17.69;18.35;17.69;17.95;580581;21066370.00
2014/07/28;18.09;18.27;18.02;18.17;448121;16339265.00
2014/07/29;18.12;19.21;17.91;19.17;1691954;63491740.00
2014/07/30;19.07;19.72;19.02;19.27;1102765;42849044.00
2014/07/31;19.17;20.02;19.17;19.62;1130486;45020388.00
2014/08/01;19.67;19.91;19.20;19.28;561047;22014948.00
2014/08/04;19.47;19.61;18.93;19.10;557471;21366330.00
2014/08/05;18.97;19.87;18.75;19.77;831128;32591406.00
2014/08/06;19.87;20.02;19.52;19.84;680877;27146544.00
2014/08/07;19.78;20.80;19.78;20.32;830014;34137664.00
2014/08/08;20.32;21.92;20.26;21.55;1166611;49266504.00
2014/08/11;21.42;21.76;21.32;21.58;807362;34946456.00
2014/08/12;21.40;21.76;21.35;21.56;634024;27442516.00
2014/08/13;21.76;21.80;21.30;21.57;620190;26823238.00
2014/08/14;21.76;22.12;21.44;21.46;707163;31022144.00
2014/08/15;21.46;21.48;21.06;21.27;637066;27156462.00
2014/08/18;21.41;21.76;21.31;21.41;348424;15026466.00
2014/08/19;21.41;21.66;21.28;21.58;357290;15359205.00
2014/08/20;21.76;22.32;21.60;22.08;790895;34965196.00
2014/08/21;21.92;22.27;21.06;21.61;789812;34165512.00
2014/08/22;21.72;21.76;21.18;21.47;472618;20285366.00
2014/08/25;21.23;21.32;20.69;21.13;674972;28441442.00
2014/08/26;20.76;21.32;20.58;20.65;286992;12004151.00
2014/08/27;20.52;20.81;20.22;20.69;466248;19240260.00
2014/08/28;20.69;21.02;20.44;20.67;468328;19429352.00
2014/08/29;20.47;20.93;20.47;20.75;245047;10219083.00
2014/09/01;20.74;21.17;20.57;20.91;293965;12386558.00
2014/09/02;21.22;21.22;20.83;20.91;497577;20904868.00
2014/09/03;21.01;21.02;19.97;20.62;1817749;74277168.00
2014/09/04;20.72;20.72;20.26;20.33;1556610;63744116.00
2014/09/05;20.27;20.48;20.12;20.17;1539708;62584704.00
2014/09/09;20.18;20.32;19.77;19.94;1472788;59077780.00
2014/09/10;19.94;20.42;19.83;20.25;2731313;110529104.00
2014/09/11;20.42;20.69;20.02;20.17;3363004;138130928.00
2014/09/12;20.17;20.20;19.92;20.02;2990313;120231464.00
2014/09/15;20.07;20.13;19.91;20.12;1927946;77465072.00
2014/09/16;20.12;20.42;19.95;19.95;1987933;80623648.00
2014/09/17;19.92;19.93;18.87;19.08;2162316;83435280.00
2014/09/18;18.93;19.32;18.93;19.20;897698;34592612.00
2014/09/19;19.20;19.36;19.11;19.20;1144862;44194680.00
2014/09/22;19.22;19.22;18.66;18.67;1189330;45282804.00
2014/09/23;18.67;18.78;18.32;18.76;1876370;69894904.00
2014/09/24;18.72;19.08;18.55;18.97;1659891;62891136.00
2014/09/25;19.19;19.97;19.17;19.71;3036975;119721624.00
2014/09/26;19.42;19.70;19.28;19.52;1466018;57394408.00
2014/09/29;19.53;19.96;19.13;19.17;2279055;88976696.00
2014/09/30;19.17;19.36;19.07;19.29;1183299;45645168.00
2014/10/08;19.19;19.36;19.19;19.26;1278990;49463244.00
2014/10/09;19.37;19.67;19.26;19.66;1705616;66683304.00
2014/10/10;19.67;19.72;19.22;19.30;1720550;66940840.00
2014/10/13;19.30;19.32;18.74;18.86;1186326;45072028.00
2014/10/14;18.87;19.15;18.76;18.82;952927;36212176.00
2014/10/15;18.93;19.07;18.65;18.82;709750;26862560.00
2014/10/16;18.87;18.87;18.18;18.18;1935368;71632712.00
2014/10/17;18.21;18.37;17.44;17.82;1096867;39586244.00
2014/10/20;17.79;18.37;17.79;18.29;654101;23803480.00
2014/10/21;18.35;19.58;18.35;19.00;1798005;68546584.00
2014/10/22;19.01;19.37;18.82;18.86;951273;36439784.00
2014/10/23;19.10;19.10;18.55;18.60;509330;19062216.00
2014/10/24;18.55;18.82;18.20;18.46;447435;16622106.00
2014/10/27;18.16;18.66;18.16;18.34;466411;17205864.00
2014/10/28;18.35;19.43;18.35;19.10;1195255;45495860.00
2014/10/29;19.10;19.48;19.10;19.40;1414599;54932688.00
2014/10/30;19.35;19.54;19.06;19.17;981246;37862792.00
2014/10/31;19.17;19.27;18.45;18.63;1683163;63244876.00
2014/11/03;18.70;19.25;18.63;19.13;1071363;40924864.00
2014/11/04;19.35;19.81;19.13;19.59;2069152;81254208.00
2014/11/05;19.44;19.72;19.21;19.57;1295508;50739992.00
2014/11/06;19.59;20.49;19.57;20.43;3140801;126725016.00
2014/11/07;20.49;20.65;19.97;20.64;3315929;135297472.00
2014/11/10;20.62;20.90;20.19;20.39;2256903;92918816.00
2014/11/11;20.40;20.59;19.10;19.80;1963506;77338904.00
2014/11/12;19.73;19.73;19.27;19.45;1201211;46806940.00
2014/11/13;19.45;19.99;18.60;19.36;2881682;112434328.00
2014/11/14;19.06;19.43;19.06;19.17;885913;34247648.00
2014/11/17;19.20;19.66;19.10;19.39;2832102;110298896.00
2014/11/18;19.39;19.56;19.19;19.45;1293157;50124504.00
2014/11/19;19.41;19.41;18.95;19.13;1261596;48464956.00
2014/11/20;19.13;19.25;18.62;18.85;1767437;66715776.00
2014/11/21;18.84;19.02;18.65;18.95;1004399;38151020.00
2014/11/24;19.09;19.29;18.84;18.89;948257;36068712.00
2014/11/25;18.89;20.00;18.89;19.75;3229556;126450392.00
2014/11/26;19.76;19.94;19.37;19.54;1404679;55214160.00
2014/11/27;19.55;19.94;19.35;19.60;1319268;51910988.00
2014/11/28;19.55;19.81;19.14;19.25;1954408;75651776.00
2014/12/01;19.00;19.20;18.57;18.87;1404583;53158416.00
2014/12/02;18.87;19.12;18.65;19.08;1549794;58887648.00
2014/12/03;19.35;19.40;18.85;19.05;1922401;73558288.00
2014/12/04;19.18;19.95;19.08;19.91;4106237;161408384.00
2014/12/05;19.95;21.83;19.35;21.20;5053929;207530592.00
2014/12/08;21.15;22.44;20.40;22.24;4656680;202212896.00
2014/12/09;21.45;23.05;21.00;21.00;3744667;166858528.00
2014/12/10;20.97;22.62;20.97;22.45;2926135;129914984.00
2014/12/11;21.95;23.70;21.95;22.57;1655517;75204824.00
2014/12/12;22.44;22.80;22.17;22.21;1569455;70446312.00
2014/12/15;22.21;22.95;22.05;22.91;2119815;95656008.00
2014/12/16;23.09;23.17;22.26;22.82;1371905;62464320.00
2014/12/17;22.66;22.99;22.37;22.74;1304740;59263324.00
2014/12/18;22.85;23.39;22.44;23.20;1616257;74239496.00
2014/12/19;22.95;23.14;21.94;22.59;1848573;83381976.00
2014/12/22;22.15;23.20;20.32;20.32;3050841;129166432.00
2014/12/23;19.85;20.44;19.44;19.46;1201055;47952236.00
2014/12/24;19.74;20.31;19.50;19.94;1093290;43495632.00
2014/12/25;19.67;20.95;18.89;20.73;3588985;142997408.00
2014/12/26;20.43;21.06;20.00;20.65;1689347;70414936.00
2014/12/29;20.61;20.65;19.80;19.94;2038275;82207536.00
2014/12/30;20.20;20.22;19.46;19.52;1803870;71962664.00
2014/12/31;19.59;20.56;19.59;20.39;1820109;73031400.00
2015/01/05;20.15;20.35;19.80;19.94;1472370;59075772.00
2015/01/06;19.94;20.56;19.73;20.35;1122287;45300512.00
2015/01/07;20.39;21.94;20.26;21.32;3165732;133445080.00
2015/01/08;21.27;21.87;20.96;21.13;2202187;94625408.00
2015/01/09;20.86;21.67;20.83;20.87;1337957;56747692.00
2015/01/12;20.79;21.15;20.05;20.62;997333;40834164.00
2015/01/13;20.59;20.84;20.21;20.67;570294;23596498.00
2015/01/14;20.43;20.74;20.22;20.51;1205778;49277328.00
2015/01/15;20.51;20.77;20.16;20.65;876421;35954888.00
2015/01/16;21.13;21.65;20.65;21.47;1918432;82134224.00
2015/01/19;20.92;21.79;20.25;20.97;1680997;71622408.00
2015/01/20;20.82;21.59;20.82;21.34;1498880;63922428.00
2015/01/21;21.42;22.44;21.20;22.08;2572362;113005408.00
2015/01/22;22.20;23.55;21.28;23.44;2872837;131801280.00
2015/01/23;23.44;24.45;23.05;23.94;2579369;123270320.00
2015/01/26;24.34;24.60;23.35;23.94;2991562;142747616.00
2015/01/27;23.85;25.00;23.84;24.67;3022614;148404400.00
2015/01/28;24.63;24.94;24.02;24.28;1183932;57834956.00
2015/02/16;22.95;23.70;22.23;23.37;6030193;276188192.00
2015/02/17;23.25;23.25;22.81;22.99;2359521;108591728.00
2015/02/25;22.95;23.05;21.25;21.53;2686418;120025160.00
2015/02/26;21.70;21.84;21.41;21.79;1773271;76706656.00
2015/02/27;21.77;22.32;21.77;21.99;2006059;88790032.00
2015/03/02;22.14;22.74;22.14;22.56;2514312;113577032.00
2015/03/03;22.55;23.94;22.55;23.65;3809277;179092080.00
2015/03/04;23.89;24.28;23.36;23.80;2503746;118708624.00
2015/03/05;24.05;24.05;23.06;23.26;1846308;86319152.00
2015/03/06;23.10;23.45;22.30;22.50;1798839;81567080.00
2015/03/09;22.35;23.13;22.11;22.94;1213732;55256724.00
2015/03/10;22.96;23.61;22.96;23.43;1571385;73748376.00
2015/03/11;23.60;24.24;23.60;24.17;2553533;122738208.00
2015/03/12;24.20;24.70;23.62;24.20;6019344;291542688.00
2015/03/13;24.20;25.05;24.00;25.05;3650341;180083440.00
2015/03/16;25.20;25.47;24.84;25.04;4006406;201360912.00
2015/03/17;24.95;25.43;24.28;24.51;3141252;155879776.00
2015/03/18;24.69;24.85;24.46;24.73;1486098;73413416.00
2015/03/19;24.61;25.42;24.47;24.93;1980367;98145176.00
2015/03/20;24.93;25.06;23.60;24.35;2765644;135310816.00
2015/03/23;24.35;24.70;23.98;24.63;2186495;107408952.00
2015/03/24;24.45;24.72;23.70;24.16;2149916;104402088.00
2015/03/25;24.25;24.62;23.95;24.55;4161457;203475920.00
2015/03/26;24.40;24.40;23.58;23.67;4305507;206196464.00
2015/03/27;23.62;25.02;22.45;24.85;5185394;248539792.00
2015/03/30;24.85;24.95;24.14;24.30;4963223;242426448.00
2015/03/31;24.24;24.45;23.96;24.24;3723580;180714448.00
2015/04/01;24.29;24.69;24.09;24.41;3111341;151976624.00
2015/04/02;24.55;26.10;24.24;25.28;6232138;311652160.00
2015/04/03;25.01;26.95;24.80;26.45;6625616;342223680.00
2015/04/07;26.55;27.54;26.55;26.75;4402891;238097936.00
2015/04/08;26.68;27.45;25.61;27.16;4627635;248999968.00
2015/04/09;26.97;27.90;26.20;27.48;4079428;222237600.00
2015/04/10;27.19;27.44;26.42;26.98;3785965;205186512.00
2015/04/13;26.96;27.14;26.48;26.66;2977946;159536720.00
2015/04/14;26.66;29.21;25.80;28.50;4983618;274466368.00
2015/04/15;28.01;28.72;27.55;27.55;3477365;196778384.00
2015/04/16;28.19;29.95;27.45;28.88;4784386;278621344.00
2015/04/17;29.41;29.92;27.95;27.95;3673632;212283552.00
2015/04/20;27.11;28.55;26.90;27.25;3641907;201475568.00
2015/04/21;27.20;28.39;27.20;28.27;2074151;116461792.00
2015/04/22;28.44;29.45;28.35;29.45;3681688;213983968.00
2015/04/23;29.20;32.40;29.20;32.35;6899951;427756256.00
2015/04/24;32.40;32.40;30.95;31.45;3401672;215713376.00
2015/04/27;31.95;33.94;31.31;32.94;4439413;290620352.00
2015/04/28;33.80;34.51;31.79;32.30;3412001;225081920.00
2015/04/29;32.45;35.35;30.95;34.70;4226457;280238048.00
2015/04/30;34.45;37.35;34.29;36.65;3843558;280629536.00
2015/05/04;36.95;39.35;35.45;37.62;3682712;273773856.00
2015/05/05;37.45;37.45;34.95;36.09;3063899;219449440.00
2015/05/06;35.95;36.85;33.95;34.10;2813725;201017760.00
2015/05/07;34.54;35.89;33.23;34.95;2602331;180040128.00
2015/05/08;35.00;37.05;34.95;36.95;2329362;168201888.00
2015/05/11;36.96;40.65;36.95;40.65;3336443;265236608.00
2015/05/12;40.70;44.72;40.70;44.72;4154019;357153408.00
2015/05/13;44.72;47.50;41.95;44.70;4475476;406375808.00
2015/05/14;45.95;46.00;43.10;43.89;2481923;221014272.00
2015/05/15;44.08;46.95;40.49;44.60;4339135;386312992.00
2015/05/18;45.24;46.19;43.35;44.05;4443201;395507200.00
2015/05/19;44.15;44.75;42.30;42.78;3917336;338376416.00
2015/05/20;43.35;47.07;42.60;46.41;5216100;471051680.00
2015/05/21;45.95;48.59;45.71;47.03;4112845;389181792.00
2015/05/22;47.03;48.95;44.33;46.45;4438538;412131552.00
2015/05/25;44.95;46.45;44.04;45.10;3378394;305615072.00
2015/05/26;45.30;47.95;45.30;47.85;4509782;420857600.00
2015/05/27;47.97;49.70;46.95;47.20;4628379;451716800.00
2015/05/28;47.30;49.35;42.47;42.75;5815389;538413120.00
2015/05/29;43.44;44.69;41.45;43.03;5053239;434799616.00
2015/06/01;43.47;47.34;43.47;47.34;4144787;386490720.00
2015/06/02;49.95;52.08;49.70;52.08;4636112;475259296.00
2015/06/03;52.00;53.94;49.45;49.67;5393788;551916608.00
2015/06/04;49.05;50.94;44.72;46.85;4359178;413748864.00
2015/06/05;47.97;49.95;46.39;48.20;3711500;357624896.00
2015/06/08;48.25;48.26;44.45;44.66;3894844;353749056.00
2015/06/09;44.70;46.29;43.45;45.80;4286785;381777312.00
2015/06/10;45.45;46.30;43.95;45.30;3248540;293155488.00
2015/06/11;44.46;45.81;43.89;45.08;3164441;284476000.00
2015/06/12;44.95;45.96;44.67;45.64;3214163;292659648.00
2015/06/15;45.78;46.33;42.39;43.95;5129183;452366080.00
2015/06/16;43.45;43.70;39.55;41.46;4953430;412047808.00
2015/06/17;42.06;42.95;39.50;42.35;4296995;357057984.00
2015/06/18;42.02;42.93;40.20;40.35;2859445;240436896.00
2015/06/19;39.94;40.95;36.31;36.31;3226569;252754464.00
2015/06/23;36.31;37.30;32.95;36.34;2790798;198418576.00
2015/06/24;36.70;39.31;36.51;38.69;3778257;287828256.00
2015/06/25;39.20;40.70;37.96;38.86;4328066;341323808.00
2015/06/26;35.21;38.45;34.97;34.97;3085254;222298768.00
2015/06/29;35.97;36.70;31.47;31.47;3205845;208991312.00
2015/06/30;28.32;34.62;28.32;33.95;4611023;284732832.00
2015/07/01;32.95;35.95;30.55;30.55;4641172;316680672.00
2015/07/02;30.55;30.74;27.49;27.49;4532706;255424336.00
2015/07/03;26.04;27.20;24.73;24.73;4659006;235484480.00
2015/07/06;26.95;26.95;22.25;23.30;6007346;280179424.00
2015/07/07;21.87;22.37;20.97;20.97;1987100;42061808.00
2015/07/15;23.07;23.07;22.07;23.07;20519662;473738752.00
2015/07/16;20.76;24.20;20.76;23.86;25798976;585878208.00
2015/07/17;23.87;26.25;23.49;26.25;16290925;408017696.00
2015/07/20;26.95;28.12;25.47;26.97;20323887;550085312.00
2015/07/21;26.57;29.31;25.77;28.85;17869100;501293696.00
2015/07/22;28.67;29.07;26.97;27.99;18188538;511827296.00
2015/07/23;27.92;29.07;27.50;28.71;14698713;418038432.00
2015/07/24;28.35;29.27;26.97;27.22;20852897;592638272.00
2015/07/27;25.36;26.36;24.50;24.50;17542204;442208128.00
2015/07/28;22.05;23.77;22.05;22.05;21109746;469805792.00
2015/07/29;22.05;22.93;19.99;22.59;20279734;432649600.00
2015/07/30;22.39;23.46;21.55;21.62;20229401;457664096.00
2015/07/31;20.87;21.33;19.57;20.04;12301107;253543360.00
2015/08/03;19.58;19.66;18.03;18.03;15584663;288713568.00
2015/08/04;18.07;19.84;18.07;19.84;13168759;250418496.00
2015/08/05;20.97;21.83;20.28;21.83;25903202;561579968.00
2015/08/06;21.77;23.11;21.08;22.95;31824675;711027648.00
2015/08/07;23.16;23.76;22.07;23.23;23380765;539325824.00
2015/08/10;23.57;25.15;22.84;24.62;23849393;574155840.00
2015/08/11;24.60;26.77;24.09;25.82;25158751;641835136.00
2015/08/12;25.37;26.17;24.00;24.06;18763206;471332768.00
2015/08/13;23.87;26.47;23.60;26.47;22255226;557157952.00
2015/08/14;27.32;28.62;27.04;27.94;24937097;695010496.00
2015/08/17;27.35;28.94;26.65;28.35;18985213;526175008.00
2015/08/18;27.87;28.45;25.51;25.51;17701132;472643872.00
2015/08/19;23.65;26.47;23.06;26.06;19657036;485504992.00
2015/08/20;25.67;28.67;24.87;27.45;28060806;768913408.00
2015/08/21;26.55;26.95;24.70;24.70;19847335;505214240.00
2015/08/24;23.56;23.88;22.23;22.23;11461174;260765584.00
2015/08/25;20.00;20.35;20.00;20.00;9466382;189952912.00
2015/08/26;19.77;20.58;18.00;18.00;22042923;414383264.00
2015/08/27;18.17;18.92;16.20;17.53;25935270;454171904.00
2015/08/28;18.22;19.17;17.26;18.98;22608158;409208096.00
2015/08/31;18.67;18.67;17.08;17.08;16692650;296839936.00
2015/09/01;16.27;16.32;15.37;15.37;15066374;234544944.00
2015/09/02;13.84;16.05;13.83;13.87;19005753;275475968.00
2015/09/07;14.08;15.02;13.95;14.15;19659880;286281184.00
2015/09/08;14.06;15.57;13.57;15.54;23891902;345465408.00
2015/09/09;15.84;16.77;15.58;16.55;28437793;463172672.00
2015/09/10;15.97;17.47;15.87;16.80;28854953;484159456.00
2015/09/11;16.80;17.41;16.71;17.07;21179971;361800896.00
2015/09/14;17.07;17.27;15.36;15.36;18931436;304984608.00
2015/09/15;14.27;14.73;13.82;13.82;15724649;222951904.00
2015/09/16;13.82;15.21;13.62;15.21;24768487;355409760.00
2015/09/17;15.24;16.66;14.87;15.38;29666415;469291680.00
2015/09/18;15.66;16.37;15.27;16.05;19381758;306083808.00
2015/09/21;15.75;17.66;15.54;17.66;27457604;468871648.00
2015/09/22;18.97;19.15;17.66;18.19;41556867;767809600.00
2015/09/23;17.87;18.66;17.65;18.22;25524627;464215712.00
2015/09/24;18.17;18.95;17.85;18.48;24390268;449365440.00
2015/09/25;18.07;18.30;16.67;16.90;20633748;358333184.00
2015/09/28;16.82;17.92;16.77;17.88;15664588;274489312.00
2015/09/29;17.45;18.97;17.27;18.41;27539772;503974688.00
2015/09/30;18.36;18.91;17.74;18.64;25288957;465832672.00
2015/10/08;19.77;20.51;19.13;20.32;24437819;491984608.00
2015/10/09;20.13;20.93;19.95;20.51;23113407;471815072.00
2015/10/12;20.97;22.44;20.65;21.87;23808450;520570432.00
2015/10/13;21.57;23.34;21.38;23.27;25859498;586794688.00
2015/10/14;23.30;24.07;22.57;23.42;27918156;650895616.00
2015/10/15;22.97;24.50;22.74;24.48;23782309;565020608.00
2015/10/16;24.85;25.03;23.57;24.33;28004565;679107264.00
2015/10/19;24.37;25.30;22.48;23.07;30562397;729855680.00
2015/10/20;23.18;24.27;23.13;23.97;22152548;526061056.00
2015/10/21;23.99;23.99;21.57;23.03;35870491;814598080.00
2015/10/22;23.17;23.97;22.07;23.89;27060153;627799424.00
2015/10/23;24.17;24.57;23.16;23.97;25326680;603533888.00
2015/10/26;24.43;25.25;23.67;24.63;27389997;672203392.00
2015/10/27;24.63;24.63;22.30;24.08;18911554;446958080.00
2015/10/28;23.72;24.45;22.50;22.77;15715774;370173856.00
2015/10/29;22.99;23.57;22.18;22.99;16678237;382293120.00
2015/10/30;22.78;24.96;22.72;24.10;28575789;691930688.00
2015/11/02;23.00;26.25;22.97;24.91;27909372;704541824.00
2015/11/03;25.31;25.72;24.00;24.47;13837657;341574976.00
2015/11/04;24.42;26.77;24.42;26.69;21657977;562580928.00
2015/11/05;26.37;27.13;25.62;26.02;22899811;600128832.00
2015/11/06;26.02;26.93;25.77;26.29;17407416;458472736.00
2015/11/09;25.97;26.52;24.97;25.95;17795817;461333664.00
2015/11/10;25.53;26.46;25.32;25.67;13896741;359935264.00
2015/11/11;25.57;28.24;25.31;28.24;26156419;707059712.00
2015/11/12;28.97;30.95;28.97;30.32;28188829;849103616.00
2015/11/13;29.97;31.76;29.37;29.37;19706864;600652032.00
2015/11/16;29.28;30.65;28.65;30.21;13057031;391826624.00
2015/11/17;30.84;32.52;29.97;30.24;17318791;536947136.00
2015/11/18;30.24;30.57;28.25;28.32;13047234;384742176.00
2015/11/19;28.42;30.24;28.42;30.15;13284138;394786432.00
2015/11/20;30.06;30.74;29.16;29.61;13868535;414517344.00
2015/11/23;29.77;30.03;28.47;28.76;12934798;377583264.00
2015/11/24;28.75;29.27;27.97;29.08;8953119;254891920.00
2015/11/25;28.98;30.17;28.45;29.93;11726795;347899360.00
2015/11/26;29.97;30.26;28.95;28.96;8479909;249626928.00
2015/11/27;28.96;29.25;26.06;26.06;13607962;375595712.00
2015/11/30;26.21;26.33;23.47;25.23;17713690;441926816.00
2015/12/01;25.16;25.16;23.87;24.41;12189447;298437120.00
2015/12/02;24.63;25.40;23.23;25.10;12402374;302707040.00
2015/12/03;25.17;26.66;24.78;26.15;10332411;266103232.00
2015/12/04;26.15;26.17;25.27;25.57;8219457;211925920.00
2015/12/07;25.62;26.54;25.18;25.97;8220023;214321056.00
2015/12/08;25.97;25.97;24.98;25.07;6307070;159868896.00
2015/12/09;24.92;25.32;24.27;24.30;6565201;162718656.00
2015/12/10;24.00;26.52;24.00;24.86;12604371;315618752.00
2015/12/11;24.77;25.46;24.58;24.96;6261964;156456032.00
2015/12/14;24.74;25.47;24.30;25.45;6977812;174478000.00
2015/12/15;25.47;26.24;25.37;25.68;7616953;196619792.00
2015/12/16;25.79;26.65;25.67;26.46;9894602;259812192.00
2015/12/17;26.97;27.72;26.75;26.95;10304357;279913184.00
2015/12/18;26.67;27.12;26.09;26.17;8584011;227997952.00
2015/12/21;26.37;26.46;26.07;26.36;5264577;138447408.00
2015/12/22;26.45;26.80;26.12;26.73;5717009;151707120.00
2015/12/23;26.78;26.79;25.79;25.85;5994310;157354704.00
2015/12/24;25.75;25.75;24.77;25.23;6345973;159654304.00
2015/12/25;25.37;26.15;25.22;25.58;6714942;172578304.00
2015/12/28;25.58;26.15;24.63;24.90;6597434;168550240.00
2015/12/29;24.47;25.02;24.46;24.91;4560798;112782664.00
2015/12/30;25.03;26.63;24.55;26.57;12443937;321067392.00
2015/12/31;26.17;27.58;25.97;26.56;12709889;343620512.00
2016/01/04;26.54;26.54;23.90;23.90;6579056;163826592.00
2016/01/05;21.99;23.49;21.51;22.38;11348697;255528288.00
2016/01/06;22.42;22.86;21.56;22.61;8051126;179327056.00
2016/01/07;21.97;22.17;20.35;20.35;1557829;32665678.00
2016/01/08;20.77;21.16;18.38;19.65;9436724;187006128.00
2016/01/11;18.97;19.13;17.68;17.68;8634659;157673616.00
2016/01/12;17.67;18.36;16.77;17.97;9828734;173517888.00
2016/01/13;18.02;18.38;16.92;16.95;5914154;105473528.00
2016/01/14;16.07;18.07;16.00;17.87;7607787;130504808.00
2016/01/15;17.66;18.36;17.15;17.37;6654515;118395960.00
2016/01/18;17.02;18.19;16.88;17.91;6642554;117924872.00
2016/01/19;17.86;18.62;17.58;18.53;7074830;128768264.00
2016/01/20;18.40;18.95;18.07;18.38;7687843;142948064.00
2016/01/21;17.97;18.63;17.27;17.28;6675199;120598296.00
2016/01/22;17.63;17.80;16.70;17.31;7600687;130854912.00
2016/01/25;17.46;17.73;16.92;17.45;5454533;95206120.00
2016/01/26;17.12;17.32;15.70;15.70;7000670;115717088.00
2016/01/27;15.58;15.83;14.35;15.32;8878021;133388656.00
2016/01/28;14.89;15.24;14.33;14.41;6881362;101952192.00
2016/01/29;14.20;15.22;14.20;15.05;8011733;118879432.00
2016/02/01;14.89;15.07;14.24;14.52;5609096;82436600.00
2016/02/02;14.66;15.52;14.52;15.29;7215756;109788648.00
2016/02/03;15.07;15.77;14.85;15.59;6791662;103533192.00
2016/02/04;15.81;16.36;15.57;16.05;7217408;115931152.00
2016/02/05;16.07;16.23;15.72;15.77;4734044;75474648.00
2016/02/15;14.82;15.76;14.82;15.55;4589016;70277776.00
2016/02/16;15.60;16.77;15.60;16.57;9541087;155391376.00
2016/02/17;16.53;17.45;16.29;16.75;9133158;151872128.00
2016/02/18;16.80;17.24;16.41;16.81;10663041;179444720.00
2016/02/19;16.64;17.47;16.29;17.45;14140507;243994784.00
2016/02/22;17.46;17.78;17.15;17.69;16630364;290999104.00
2016/02/23;17.59;18.16;16.65;17.17;13473859;231725328.00
2016/02/24;17.08;17.66;16.49;17.02;9828197;166680736.00
2016/02/25;17.05;17.05;15.32;15.32;11622726;186669152.00
2016/02/26;15.29;15.62;14.52;14.87;9339828;140251200.00
2016/02/29;14.62;14.69;13.38;13.41;9642523;131760992.00
2016/03/01;13.57;13.98;13.14;13.81;8240201;112099896.00
2016/03/02;13.96;14.66;13.77;14.58;9596645;136294800.00
2016/03/03;14.53;15.05;14.45;14.46;10217507;150462256.00
2016/03/04;14.36;14.55;13.50;13.70;8151025;114879200.00
2016/03/07;13.88;14.79;13.88;14.40;8377314;120898896.00
2016/03/08;14.46;15.11;13.67;15.11;12915543;188352416.00
2016/03/09;14.84;15.34;14.48;14.68;10028539;149655184.00
2016/03/10;14.68;14.94;14.35;14.35;7283457;106767032.00
2016/03/11;14.07;14.95;14.02;14.37;5181777;74398608.00
2016/03/14;14.65;15.42;14.49;15.10;10620723;160684592.00
2016/03/15;15.11;15.62;14.94;14.97;10087481;154240048.00
2016/03/16;15.42;15.42;14.62;14.65;7283204;109142112.00
2016/03/17;14.48;15.51;14.48;15.34;11364587;171837824.00
2016/03/18;15.85;16.45;15.48;16.13;13327817;212407680.00
2016/03/21;16.45;16.94;16.15;16.57;12226085;201197760.00
2016/03/22;16.45;16.95;16.07;16.39;11695918;194455488.00
2016/03/23;16.66;17.15;16.45;17.02;13615234;229459392.00
2016/03/24;16.92;17.45;16.62;16.64;13727301;233693376.00
2016/03/25;16.36;16.77;16.24;16.60;7764147;128378664.00
2016/03/28;16.81;17.04;16.17;16.31;9470313;157692064.00
2016/03/29;16.18;16.75;15.45;15.67;9578914;152187728.00
2016/03/30;15.80;16.29;15.74;16.26;8627023;138261696.00
2016/03/31;16.41;16.55;16.02;16.09;10306790;167673840.00
2016/04/01;16.02;16.17;15.42;15.88;8315613;131311472.00
2016/04/05;15.87;16.64;15.73;16.56;11281712;183529664.00
2016/04/06;16.42;16.92;16.38;16.81;12689315;212000976.00
2016/04/07;16.93;17.27;16.63;16.80;14804742;251465056.00
2016/04/08;16.56;17.24;16.55;17.02;14018029;237635760.00
2016/04/11;17.16;17.42;16.89;17.30;14899911;256721856.00
2016/04/12;17.17;17.76;16.64;16.93;10695856;181545968.00
2016/04/13;17.00;17.63;17.00;17.27;14951551;260353184.00
2016/04/14;17.36;17.74;17.12;17.43;9024290;156678816.00
2016/04/15;17.45;17.53;17.09;17.32;10050376;174394288.00
2016/04/18;17.03;17.14;16.57;16.86;10823438;182343952.00
2016/04/19;16.90;17.05;16.57;16.75;6759724;113484624.00
2016/04/20;16.67;17.07;15.37;15.67;10930533;178636464.00
2016/04/21;15.63;16.33;15.48;15.60;9388359;148785680.00
2016/04/22;15.45;15.77;15.43;15.75;4595182;72005960.00
2016/04/25;15.75;15.75;15.13;15.42;5069388;78344728.00
2016/04/26;15.42;15.76;15.27;15.76;4260135;66341724.00
2016/04/27;15.76;15.96;15.67;15.87;4799773;75904520.00
2016/04/28;15.86;15.87;15.42;15.70;5307839;82881672.00
2016/04/29;15.64;15.82;15.56;15.58;2986654;46948920.00
2016/05/03;15.75;16.24;15.50;16.20;6156733;98775032.00
2016/05/04;16.02;17.77;16.02;16.73;20984025;357254080.00
2016/05/05;16.53;17.36;16.49;17.23;14166250;241346912.00
2016/05/06;17.09;17.22;16.12;16.16;11143868;186073776.00
2016/05/09;15.87;16.03;15.51;15.67;6845930;107908592.00
2016/05/10;15.54;15.75;15.21;15.40;4661405;72119224.00
2016/05/11;15.55;15.68;15.26;15.32;4038046;62740784.00
2016/05/12;15.22;16.86;14.95;16.86;15649498;254211248.00
2016/05/13;17.17;17.73;16.98;17.56;21364454;372482272.00
2016/05/16;17.30;17.97;17.20;17.95;17656920;311503904.00
2016/05/17;17.83;18.15;17.28;17.47;19389749;344093568.00
2016/05/18;17.17;18.62;16.98;18.23;24680488;445091488.00
2016/05/19;18.17;18.65;17.87;17.94;19159300;350408992.00
2016/05/20;18.11;18.31;17.44;18.01;13341566;238871360.00
2016/05/23;17.97;19.35;17.87;19.34;18775572;351538624.00
2016/05/24;19.09;19.17;18.59;18.77;13046759;246241376.00
2016/05/25;18.98;19.47;18.28;18.36;10659164;200032176.00
2016/05/26;18.28;18.51;17.14;18.16;11625137;207166736.00
2016/05/27;17.99;18.85;17.88;17.88;10106408;185831296.00
2016/05/30;17.66;18.51;17.27;18.43;12994901;235513616.00
2016/05/31;18.45;19.31;18.34;19.20;15790448;299566528.00
2016/06/01;19.19;19.88;18.99;19.10;16459956;319831392.00
2016/06/02;19.11;19.77;18.92;19.76;14835064;287911968.00
2016/06/03;19.87;19.87;19.32;19.34;14758955;288292896.00
2016/06/06;19.17;19.40;18.69;19.04;10081965;191804256.00
2016/06/07;19.05;19.20;18.88;19.03;6953206;132648936.00
2016/06/08;19.04;19.80;18.68;19.52;12848871;247881200.00
2016/06/13;19.07;19.44;17.67;17.99;11199675;212186912.00
2016/06/14;17.97;18.27;17.69;18.16;6694410;120403968.00
2016/06/15;18.20;19.85;18.20;19.52;17090531;330566272.00
2016/06/16;19.56;20.82;19.23;20.13;23323195;468242144.00
2016/06/17;20.18;20.45;19.77;19.93;12731269;255212912.00
2016/06/20;19.82;20.29;19.67;19.96;8887027;177646336.00
2016/06/21;20.17;20.67;19.51;19.77;13863380;280108768.00
2016/06/22;19.77;20.07;19.53;20.04;7933948;157135568.00
2016/06/23;19.97;20.26;19.42;19.70;8318050;164390784.00
2016/06/24;19.55;19.96;18.55;19.21;11217083;216972576.00
2016/06/27;18.95;19.94;18.77;19.92;8985193;176064368.00
2016/06/28;19.95;20.26;19.61;19.75;9522867;189255152.00
2016/06/29;19.97;19.99;19.53;19.57;7069184;139355040.00
2016/06/30;19.57;20.37;19.48;19.57;8420414;166417584.00
2016/07/01;19.57;19.70;19.14;19.15;8056730;155642192.00
2016/07/04;18.98;19.61;18.73;19.49;6796226;131364032.00
2016/07/05;19.53;19.92;19.29;19.61;8472443;167005280.00
2016/07/06;19.55;19.87;19.29;19.50;7337229;143792016.00
2016/07/07;19.37;19.82;19.24;19.71;8206785;160891472.00
2016/07/08;19.73;20.43;19.64;20.14;11245454;225739040.00
2016/07/11;20.57;20.57;19.66;19.68;9415484;189869744.00
2016/07/12;19.57;19.80;18.97;19.77;7430757;144729008.00
2016/07/13;19.76;20.36;19.69;20.23;8877830;178706176.00
2016/07/14;20.31;20.49;20.08;20.33;6172818;125231704.00
2016/07/15;20.52;21.22;20.43;20.47;9417060;196397808.00
2016/07/18;20.41;20.46;19.83;19.88;6323028;126722448.00
2016/07/19;19.79;20.38;19.75;20.37;5542519;111413824.00
2016/07/20;20.29;20.45;20.15;20.15;3660672;74359152.00
2016/07/21;20.16;20.72;19.87;20.57;7341443;149806064.00
2016/07/22;20.53;21.21;20.40;20.79;9809095;205083360.00
2016/07/25;20.67;21.91;20.67;21.78;14752740;316805632.00
2016/07/26;21.75;21.95;21.34;21.67;10859679;235573968.00
2016/07/27;21.72;21.81;19.97;20.00;11673965;242907200.00
2016/07/28;19.97;20.32;19.22;19.65;7278118;143706128.00
2016/07/29;19.67;19.84;19.22;19.32;4527107;88106280.00
2016/08/01;19.27;19.27;17.99;18.51;6200365;114259976.00
2016/08/02;18.67;19.09;18.49;18.97;3873291;73108288.00
2016/08/03;19.12;19.12;18.56;18.69;3562813;67070140.00
2016/08/04;18.56;18.86;18.54;18.77;2615569;49118572.00
2016/08/05;18.77;18.82;18.17;18.18;3636135;67301768.00
2016/08/08;18.15;18.41;17.95;18.41;2912699;53018452.00
2016/08/09;18.43;18.68;18.27;18.68;3917049;72411440.00
2016/08/10;18.69;18.83;18.32;18.39;4514414;83821232.00
2016/08/11;18.43;18.57;18.28;18.32;4339348;80006056.00
2016/08/12;18.22;18.43;18.22;18.39;2389220;43889620.00
2016/08/15;18.46;19.05;18.34;18.78;4990881;93797160.00
2016/08/16;18.92;19.16;18.78;18.94;4072000;77345920.00
2016/08/17;18.95;19.65;18.78;19.13;4748332;91401544.00
2016/08/18;19.07;19.17;18.80;18.87;4610781;87430184.00
2016/08/19;18.87;19.56;18.78;19.39;6117285;118158000.00
2016/08/22;19.35;19.39;18.82;18.82;4762485;90919312.00
2016/08/23;18.78;19.36;18.42;18.52;4948609;93299912.00
2016/08/24;18.52;18.76;18.27;18.47;3678078;68083064.00
2016/08/25;18.46;18.46;17.91;18.38;4561694;82845032.00
2016/08/26;18.38;18.49;18.20;18.26;3134332;57609900.00
2016/08/29;18.25;18.44;18.22;18.28;1852418;33946272.00
2016/08/30;18.28;18.55;18.28;18.38;1795692;33044674.00
2016/08/31;18.42;18.98;18.38;18.44;4116721;76215440.00
2016/09/01;18.58;18.58;18.00;18.02;3940932;71554120.00
2016/09/02;18.00;18.12;17.47;17.57;4800203;85122976.00
2016/09/05;17.59;17.86;17.57;17.63;2931822;51852668.00
2016/09/06;17.64;17.99;17.30;17.97;3584311;63349868.00
2016/09/07;17.87;18.24;17.79;17.96;4425950;79646768.00
2016/09/08;17.97;18.06;17.67;17.84;2827816;50365608.00
2016/09/09;17.84;17.84;17.61;17.62;2927965;51858480.00
2016/09/12;17.31;17.32;16.98;17.00;3963280;67960952.00
2016/09/13;17.02;17.28;17.00;17.06;2202816;37663224.00
2016/09/14;17.01;17.18;16.80;17.13;3116323;53040740.00
2016/09/19;17.30;17.96;17.30;17.69;4753923;84305120.00
2016/09/20;17.78;17.78;17.40;17.59;3094355;54383016.00
2016/09/21;17.56;17.82;17.55;17.63;2351107;41589648.00
2016/09/22;17.79;17.86;17.50;17.60;2525546;44599364.00
2016/09/23;17.58;17.68;17.28;17.30;2411120;42109220.00
2016/09/26;17.22;17.28;16.71;16.72;2846719;48478504.00
2016/09/27;16.73;17.14;16.73;17.13;2554551;43293544.00
2016/09/28;16.95;17.32;16.95;17.24;2207100;37963672.00
2016/09/29;17.30;17.34;17.10;17.10;1860016;32009754.00
2016/09/30;17.12;17.28;17.08;17.23;1484800;25489582.00
2016/10/10;17.32;17.66;17.24;17.64;3159953;55363172.00
2016/10/11;17.79;18.00;17.61;17.75;4547754;80999800.00
2016/10/12;17.75;18.12;17.71;17.94;4385400;78562416.00
2016/10/13;17.86;17.96;17.64;17.70;4113889;72953160.00
2016/10/14;17.52;17.59;16.99;17.23;6565618;112823552.00
2016/10/17;17.24;17.38;16.96;17.05;3265977;56098300.00
2016/10/18;17.09;17.39;17.06;17.38;4262922;73582288.00
2016/10/19;17.45;17.48;17.09;17.21;3992392;68753192.00
2016/10/20;17.17;17.37;17.17;17.23;3808457;65818028.00
2016/10/21;17.30;17.37;17.04;17.26;3008169;51782928.00
2016/10/24;17.26;17.43;17.25;17.33;4312917;74737136.00
2016/10/25;17.34;17.36;17.10;17.20;4238618;73111736.00
2016/10/26;17.31;17.63;16.85;16.94;5435832;92825384.00
2016/10/27;17.10;17.10;16.82;16.94;2936066;49787568.00
2016/10/28;16.93;17.05;16.84;16.97;2228488;37777228.00
2016/10/31;16.96;16.96;16.56;16.70;3764968;62840464.00
2016/11/01;16.69;16.99;16.66;16.92;3825439;64412544.00
2016/11/02;16.97;16.97;16.66;16.70;2833577;47487044.00
2016/11/03;16.63;17.16;16.60;17.02;5940257;100797392.00
2016/11/17;17.02;17.02;17.02;17.02;0;0.00
数据来源:通达信
