300325 德威新材 日线 前复权
      日期	    开盘	    最高	    最低	    收盘	    成交量	    成交额
2012/06/01;1.74;1.74;1.59;1.60;10219631;175617248.00
2012/06/04;1.53;1.53;1.50;1.50;4202107;66235540.00
2012/06/05;1.49;1.51;1.47;1.49;2434614;37711780.00
2012/06/06;1.49;1.51;1.48;1.49;1235023;19204182.00
2012/06/07;1.51;1.52;1.47;1.47;1190331;18440874.00
2012/06/08;1.48;1.48;1.45;1.45;1346509;20522376.00
2012/06/11;1.44;1.47;1.44;1.46;1454614;22052786.00
2012/06/12;1.44;1.46;1.44;1.45;920086;13927743.00
2012/06/13;1.45;1.49;1.45;1.49;1530654;23502454.00
2012/06/14;1.48;1.50;1.47;1.48;1487611;23077390.00
2012/06/15;1.48;1.49;1.47;1.49;1008047;15574468.00
2012/06/18;1.49;1.51;1.49;1.51;1573182;24606808.00
2012/06/19;1.51;1.51;1.48;1.48;1261427;19588626.00
2012/06/20;1.48;1.52;1.48;1.51;1753057;27441760.00
2012/06/21;1.50;1.51;1.47;1.48;1181031;18267468.00
2012/06/25;1.48;1.48;1.46;1.46;611309;9324204.00
2012/06/26;1.46;1.59;1.45;1.55;4355244;69493376.00
2012/06/27;1.53;1.59;1.52;1.53;4138914;66880388.00
2012/06/28;1.54;1.55;1.50;1.50;2304653;36525052.00
2012/06/29;1.49;1.53;1.47;1.53;2008687;31502634.00
2012/07/02;1.53;1.57;1.52;1.56;2228946;35802852.00
2012/07/03;1.55;1.60;1.54;1.59;3247147;53049528.00
2012/07/04;1.56;1.63;1.55;1.56;2918164;48158656.00
2012/07/05;1.55;1.59;1.53;1.58;2314324;37626516.00
2012/07/06;1.58;1.59;1.49;1.55;2292822;36640076.00
2012/07/09;1.53;1.53;1.48;1.48;1493999;23416322.00
2012/07/10;1.48;1.48;1.46;1.46;831909;12723150.00
2012/07/11;1.46;1.47;1.45;1.46;673670;10251542.00
2012/07/12;1.45;1.49;1.45;1.48;863497;13219562.00
2012/07/13;1.47;1.48;1.37;1.37;1968130;29184586.00
2012/07/16;1.37;1.38;1.29;1.30;1141123;15824848.00
2012/07/17;1.30;1.33;1.30;1.32;502591;6936944.50
2012/07/18;1.32;1.33;1.29;1.33;438814;6016320.00
2012/07/19;1.32;1.39;1.31;1.36;845606;12048502.00
2012/07/20;1.36;1.38;1.35;1.36;433064;6178943.50
2012/07/23;1.35;1.37;1.34;1.36;314676;4461020.00
2012/07/24;1.35;1.37;1.35;1.37;434752;6193124.00
2012/07/25;1.37;1.41;1.36;1.37;697259;10072877.00
2012/07/26;1.36;1.37;1.34;1.35;471112;6696731.00
2012/07/27;1.35;1.36;1.34;1.35;353368;4985396.50
2012/07/30;1.35;1.36;1.29;1.30;387277;5345160.50
2012/07/31;1.29;1.31;1.27;1.30;451990;6122117.00
2012/08/01;1.31;1.35;1.29;1.33;597379;8278114.50
2012/08/02;1.33;1.35;1.31;1.33;353901;4927010.50
2012/08/03;1.34;1.37;1.33;1.37;730048;10386845.00
2012/08/06;1.37;1.40;1.36;1.39;855819;12337900.00
2012/08/07;1.39;1.40;1.37;1.38;629186;9118862.00
2012/08/08;1.38;1.39;1.36;1.37;534979;7691359.50
2012/08/09;1.37;1.40;1.36;1.40;595472;8661893.00
2012/08/10;1.40;1.40;1.38;1.40;494196;7180369.50
2012/08/13;1.40;1.41;1.37;1.37;671828;9748982.00
2012/08/14;1.37;1.39;1.35;1.39;505550;7245821.50
2012/08/15;1.38;1.42;1.37;1.39;809384;11844287.00
2012/08/16;1.39;1.39;1.36;1.37;643599;9249995.00
2012/08/17;1.37;1.38;1.34;1.36;486810;6908385.50
2012/08/20;1.36;1.36;1.34;1.36;486960;6878954.00
2012/08/21;1.36;1.40;1.35;1.39;931286;13421736.00
2012/08/22;1.39;1.41;1.38;1.40;1308214;19073446.00
2012/08/23;1.40;1.44;1.39;1.43;1298049;19167928.00
2012/08/24;1.42;1.42;1.38;1.39;894485;13102133.00
2012/08/27;1.38;1.40;1.35;1.35;565104;8066249.00
2012/08/28;1.37;1.38;1.34;1.37;633297;9000893.00
2012/08/29;1.36;1.40;1.36;1.37;548960;7907773.00
2012/08/30;1.37;1.39;1.31;1.33;862293;12175395.00
2012/08/31;1.33;1.35;1.33;1.35;339061;4763967.50
2012/09/03;1.34;1.39;1.33;1.38;578952;8307189.00
2012/09/04;1.38;1.43;1.38;1.40;1477985;21717832.00
2012/09/05;1.38;1.45;1.38;1.43;1462669;21735054.00
2012/09/06;1.44;1.45;1.41;1.43;1090500;16277287.00
2012/09/07;1.44;1.47;1.44;1.46;1886800;28703652.00
2012/09/10;1.46;1.50;1.45;1.46;1443667;22143940.00
2012/09/11;1.45;1.47;1.44;1.44;1018672;15451646.00
2012/09/12;1.45;1.46;1.42;1.44;858285;12885975.00
2012/09/13;1.45;1.46;1.44;1.44;711767;10781520.00
2012/09/14;1.45;1.45;1.40;1.44;1119154;16658233.00
2012/09/17;1.44;1.44;1.39;1.39;618483;9103735.00
2012/09/18;1.40;1.43;1.39;1.42;596949;8763649.00
2012/09/19;1.41;1.45;1.41;1.45;869148;13052381.00
2012/09/20;1.44;1.44;1.37;1.38;837647;12224253.00
2012/09/21;1.38;1.39;1.34;1.35;428600;6095572.50
2012/09/24;1.35;1.36;1.32;1.36;240649;3350669.50
2012/09/25;1.35;1.36;1.33;1.33;275267;3832801.75
2012/09/26;1.33;1.34;1.29;1.30;325448;4429972.00
2012/09/27;1.30;1.34;1.30;1.33;301970;4155045.75
2012/09/28;1.32;1.36;1.32;1.35;292604;4080278.25
2012/10/08;1.35;1.36;1.33;1.34;208150;2901527.50
2012/10/09;1.35;1.48;1.34;1.48;3249002;49383776.00
2012/10/10;1.50;1.58;1.48;1.51;5041634;79169248.00
2012/10/11;1.47;1.49;1.43;1.44;2780871;41770232.00
2012/10/12;1.42;1.46;1.41;1.43;1922304;28478578.00
2012/10/15;1.43;1.44;1.36;1.39;1735842;25033456.00
2012/10/16;1.39;1.42;1.38;1.40;890283;12912341.00
2012/10/17;1.40;1.43;1.40;1.42;989676;14505106.00
2012/10/18;1.42;1.44;1.42;1.43;998414;14769909.00
2012/10/19;1.43;1.43;1.40;1.40;822137;12042398.00
2012/10/22;1.39;1.42;1.39;1.42;527130;7693432.00
2012/10/23;1.43;1.43;1.40;1.40;481012;7050712.00
2012/10/24;1.40;1.42;1.39;1.41;503470;7351266.50
2012/10/25;1.43;1.44;1.40;1.40;720320;10593312.00
2012/10/26;1.42;1.42;1.34;1.35;893821;12675318.00
2012/10/29;1.33;1.36;1.33;1.35;388694;5418329.00
2012/10/30;1.34;1.37;1.34;1.36;387328;5467016.50
2012/10/31;1.37;1.37;1.34;1.37;300166;4225980.50
2012/11/01;1.37;1.40;1.36;1.39;566671;8131133.50
2012/11/02;1.39;1.39;1.37;1.39;315008;4501714.50
2012/11/05;1.39;1.39;1.36;1.38;273811;3904619.25
2012/11/06;1.37;1.38;1.35;1.37;448398;6355424.50
2012/11/07;1.38;1.38;1.36;1.38;248398;3527901.50
2012/11/08;1.36;1.37;1.34;1.35;373731;5241992.00
2012/11/09;1.34;1.35;1.33;1.34;196829;2741124.00
2012/11/12;1.34;1.37;1.34;1.36;398767;5614891.00
2012/11/13;1.36;1.36;1.32;1.33;295500;4097358.00
2012/11/14;1.33;1.34;1.32;1.34;218170;3019380.75
2012/11/15;1.34;1.34;1.30;1.31;376501;5171264.50
2012/11/16;1.30;1.33;1.30;1.32;212040;2895670.25
2012/11/19;1.32;1.34;1.31;1.34;208636;2884781.50
2012/11/20;1.35;1.38;1.34;1.35;560990;7918581.50
2012/11/21;1.36;1.37;1.34;1.36;319339;4490783.50
2012/11/22;1.36;1.37;1.35;1.36;342840;4845659.50
2012/11/23;1.37;1.37;1.35;1.35;279742;3934727.00
2012/11/26;1.34;1.37;1.34;1.34;142700;1994150.25
2012/11/27;1.34;1.34;1.29;1.30;405620;5491357.50
2012/11/28;1.29;1.30;1.26;1.27;276790;3661442.50
2012/11/29;1.28;1.28;1.24;1.24;134200;1757952.00
2012/11/30;1.26;1.26;1.23;1.26;200205;2598138.00
2012/12/03;1.25;1.26;1.21;1.21;166038;2138767.75
2012/12/04;1.21;1.23;1.18;1.22;224340;2821977.50
2012/12/05;1.21;1.28;1.21;1.26;522066;6831049.50
2012/12/06;1.26;1.27;1.25;1.25;176497;2313750.25
2012/12/07;1.26;1.28;1.25;1.28;464133;6154881.00
2012/12/10;1.28;1.30;1.28;1.30;496136;6656734.00
2012/12/11;1.29;1.30;1.28;1.28;362610;4859319.00
2012/12/12;1.28;1.29;1.26;1.29;423911;5639826.00
2012/12/13;1.29;1.30;1.27;1.27;282156;3765802.75
2012/12/14;1.26;1.32;1.26;1.32;644402;8762863.00
2012/12/17;1.32;1.33;1.31;1.32;646374;8873322.00
2012/12/18;1.32;1.34;1.31;1.32;549400;7581560.50
2012/12/19;1.32;1.34;1.32;1.33;369397;5108903.00
2012/12/20;1.33;1.40;1.32;1.37;1498093;21389956.00
2012/12/21;1.37;1.50;1.37;1.48;3299056;48935724.00
2012/12/24;1.48;1.56;1.46;1.53;3439944;53799868.00
2012/12/25;1.53;1.56;1.51;1.55;3017283;48006344.00
2012/12/26;1.54;1.71;1.54;1.69;6021665;102889168.00
2012/12/27;1.67;1.70;1.63;1.64;4350356;74655624.00
2012/12/28;1.63;1.69;1.62;1.63;4568534;78096552.00
2012/12/31;1.64;1.65;1.58;1.61;2338543;38826128.00
2013/01/04;1.60;1.68;1.59;1.66;3186654;54023064.00
2013/01/07;1.65;1.66;1.62;1.66;1888333;31905438.00
2013/01/08;1.65;1.70;1.63;1.63;3459769;59426956.00
2013/01/09;1.61;1.63;1.56;1.58;2551456;42081988.00
2013/01/10;1.58;1.61;1.57;1.58;1298269;21265616.00
2013/01/11;1.62;1.75;1.62;1.75;5617220;98861752.00
2013/01/14;1.93;1.93;1.90;1.93;4771085;94368784.00
2013/01/15;1.96;2.09;1.94;2.01;9968775;205243616.00
2013/01/16;2.01;2.22;2.00;2.22;7207732;159194816.00
2013/01/17;2.30;2.32;1.99;1.99;9696589;211719792.00
2013/01/18;1.96;2.02;1.95;1.96;5087472;103034408.00
2013/01/21;1.96;2.12;1.96;2.04;5940755;123950344.00
2013/01/22;2.01;2.02;1.91;1.95;3927470;78980512.00
2013/01/23;1.94;2.01;1.93;2.00;3318786;67469488.00
2013/01/24;1.98;2.01;1.83;1.88;3886920;76651728.00
2013/01/25;1.88;1.92;1.86;1.89;2230774;43396420.00
2013/01/28;1.90;1.94;1.89;1.94;2479017;48795632.00
2013/01/29;1.94;2.00;1.93;1.95;2687155;54074560.00
2013/01/30;1.96;1.98;1.87;1.98;2328834;45533432.00
2013/01/31;1.92;1.94;1.90;1.93;1364558;26913336.00
2013/02/01;1.91;2.02;1.91;2.01;3636704;74128840.00
2013/02/04;1.99;2.01;1.91;1.92;2504672;49788404.00
2013/02/05;1.90;1.97;1.87;1.95;2126340;42107872.00
2013/02/06;1.95;1.96;1.91;1.93;1560216;30931136.00
2013/02/07;1.93;1.98;1.90;1.97;1851824;36983444.00
2013/02/08;1.97;2.07;1.96;2.05;3574879;74295048.00
2013/02/18;2.05;2.05;2.00;2.01;1969804;40764148.00
2013/02/19;2.01;2.03;1.92;1.92;1870126;37584748.00
2013/02/20;1.91;1.96;1.91;1.96;1333363;26617906.00
2013/02/21;1.93;1.95;1.90;1.91;1387717;27393990.00
2013/02/22;1.91;1.94;1.89;1.89;917463;18011206.00
2013/02/25;1.90;1.92;1.86;1.90;1071217;20800470.00
2013/02/26;1.90;1.93;1.88;1.89;1026592;20148894.00
2013/02/27;1.88;1.90;1.83;1.83;1499542;28605968.00
2013/02/28;1.84;1.87;1.81;1.87;1179627;22466302.00
2013/03/01;1.87;1.92;1.86;1.91;1362375;26504416.00
2013/03/04;1.89;1.89;1.80;1.81;1454179;27580582.00
2013/03/05;1.79;1.85;1.79;1.84;781986;14715481.00
2013/03/06;1.88;1.92;1.85;1.92;2032389;39694952.00
2013/03/07;1.93;1.93;1.86;1.87;1149531;22365588.00
2013/03/08;1.88;1.89;1.84;1.85;782632;15011197.00
2013/03/11;1.84;1.87;1.82;1.85;431934;8189616.50
2013/03/12;1.84;1.88;1.74;1.75;1375277;25175860.00
2013/03/13;1.75;1.77;1.70;1.74;776740;13816125.00
2013/03/14;1.74;1.76;1.73;1.74;379746;6821345.50
2013/03/15;1.74;1.78;1.72;1.75;712363;12873133.00
2013/03/18;1.73;1.75;1.72;1.72;426333;7602637.50
2013/03/19;1.73;1.76;1.71;1.75;495247;8852889.00
2013/03/20;1.75;1.81;1.74;1.81;937859;17250480.00
2013/03/21;1.80;1.85;1.79;1.82;1050034;19678092.00
2013/03/22;1.82;1.84;1.79;1.82;563061;10516527.00
2013/03/25;1.82;1.83;1.79;1.80;530819;9843633.00
2013/03/26;1.78;1.79;1.72;1.75;785776;14126472.00
2013/03/27;1.74;1.76;1.73;1.76;534290;9603052.00
2013/03/28;1.74;1.74;1.68;1.68;753541;13243998.00
2013/03/29;1.68;1.70;1.66;1.66;542729;9414336.00
2013/04/01;1.66;1.71;1.66;1.69;421447;7340099.50
2013/04/02;1.69;1.71;1.67;1.67;410063;7116846.00
2013/04/03;1.67;1.69;1.65;1.69;260367;4490717.00
2013/04/08;1.67;1.71;1.64;1.71;673145;11622881.00
2013/04/09;1.73;1.73;1.70;1.73;658780;11668047.00
2013/04/10;1.73;1.73;1.69;1.72;453876;7983692.50
2013/04/11;1.72;1.76;1.71;1.75;869435;15595771.00
2013/04/12;1.74;1.76;1.71;1.74;803293;14361111.00
2013/04/15;1.72;1.73;1.68;1.70;364661;6388049.00
2013/04/16;1.67;1.71;1.67;1.70;217170;3786854.00
2013/04/17;1.70;1.72;1.69;1.72;387334;6820999.50
2013/04/18;1.71;1.76;1.71;1.75;665465;11942648.00
2013/04/19;1.75;1.80;1.75;1.79;1138673;20890982.00
2013/04/22;1.77;1.81;1.77;1.80;986542;18158118.00
2013/04/23;1.80;1.80;1.74;1.74;998376;18163802.00
2013/04/24;1.74;1.84;1.74;1.83;1495536;27817662.00
2013/04/25;1.83;1.92;1.82;1.85;2413748;46505068.00
2013/04/26;1.86;1.88;1.78;1.81;1202769;22721412.00
2013/05/02;1.81;1.86;1.80;1.85;804976;15158907.00
2013/05/03;1.86;1.92;1.85;1.90;1434325;27932516.00
2013/05/06;1.90;1.95;1.90;1.93;1606031;31940234.00
2013/05/07;1.94;1.94;1.89;1.92;1093786;21430394.00
2013/05/08;1.91;1.93;1.87;1.92;1259508;24556790.00
2013/05/09;1.93;1.93;1.88;1.90;827526;16120878.00
2013/05/10;1.90;1.93;1.88;1.91;913600;17859032.00
2013/05/13;1.91;1.92;1.88;1.90;874363;16976472.00
2013/05/14;1.90;1.92;1.82;1.83;1056641;20181908.00
2013/05/15;1.82;1.88;1.82;1.87;899357;17124350.00
2013/05/16;1.88;1.91;1.86;1.88;1751208;34033948.00
2013/05/17;1.88;1.99;1.88;1.98;3473324;69316736.00
2013/05/20;2.01;2.07;2.01;2.06;3025266;63253172.00
2013/05/21;2.11;2.14;2.07;2.09;5636156;121219520.00
2013/05/22;2.06;2.07;1.99;2.02;2596730;54055832.00
2013/05/23;2.01;2.12;1.98;2.06;2576351;54608512.00
2013/05/24;2.06;2.10;2.06;2.09;1414520;30102760.00
2013/05/27;2.09;2.11;2.07;2.10;1568239;33699900.00
2013/05/28;2.10;2.10;2.02;2.03;1432786;30109466.00
2013/05/29;2.04;2.04;2.00;2.03;937705;19400642.00
2013/05/30;2.03;2.03;1.98;2.01;1119857;23034570.00
2013/05/31;2.00;2.02;1.98;1.98;1115465;22867038.00
2013/06/03;1.96;1.97;1.93;1.94;1131901;22626086.00
2013/06/04;1.95;1.95;1.89;1.91;854691;16867832.00
2013/06/05;1.93;1.97;1.93;1.96;1170395;23429586.00
2013/06/06;1.93;1.96;1.85;1.86;1264613;24517010.00
2013/06/07;1.86;1.88;1.79;1.80;949365;17820452.00
2013/06/13;1.77;1.80;1.71;1.77;883043;16073705.00
2013/06/14;1.77;1.87;1.76;1.83;2038015;19203114.00
2013/06/17;1.82;1.83;1.76;1.78;1202637;10990825.00
2013/06/18;1.78;1.79;1.71;1.73;1479912;13177346.00
2013/06/19;1.75;1.91;1.74;1.91;5791488;55391300.00
2013/06/21;1.76;1.86;1.71;1.82;4606661;41910448.00
2013/06/24;1.78;1.80;1.66;1.67;2488801;21979632.00
2013/06/25;1.63;1.65;1.50;1.59;3579374;28642980.00
2013/06/26;1.58;1.64;1.54;1.63;2518312;20649406.00
2013/06/27;1.62;1.65;1.51;1.52;2313328;18928150.00
2013/06/28;1.53;1.60;1.52;1.54;1340169;10758871.00
2013/07/01;1.52;1.58;1.52;1.58;1137645;9068872.00
2013/07/02;1.61;1.61;1.57;1.61;1699605;13910582.00
2013/07/03;1.57;1.60;1.56;1.59;1296043;10500325.00
2013/07/04;1.59;1.63;1.56;1.60;1274209;10463782.00
2013/07/05;1.58;1.67;1.58;1.63;2087724;17570550.00
2013/07/08;1.62;1.62;1.52;1.52;1439669;11445150.00
2013/07/09;1.53;1.55;1.50;1.51;529786;4131515.25
2013/07/10;1.53;1.55;1.50;1.55;698996;5493372.50
2013/07/11;1.53;1.61;1.53;1.60;1246657;10149191.00
2013/07/12;1.59;1.63;1.59;1.59;1351233;11170664.00
2013/07/15;1.60;1.63;1.58;1.62;1761936;14503505.00
2013/07/16;1.63;1.66;1.61;1.65;1774296;14865632.00
2013/07/17;1.66;1.66;1.58;1.60;1591970;13259355.00
2013/07/18;1.59;1.62;1.58;1.61;1164153;9558788.00
2013/07/19;1.62;1.62;1.55;1.56;1713891;13979169.00
2013/07/22;1.54;1.57;1.53;1.57;1413207;11212574.00
2013/07/23;1.60;1.73;1.60;1.73;1938190;16941010.00
2013/07/24;1.77;1.83;1.73;1.82;10640359;97348968.00
2013/07/25;1.79;1.81;1.70;1.71;4415177;39480516.00
2013/07/26;1.69;1.73;1.66;1.71;2422419;21077048.00
2013/07/29;1.71;1.75;1.68;1.68;1811834;15913633.00
2013/07/30;1.65;1.67;1.57;1.63;2039019;16942498.00
2013/07/31;1.63;1.65;1.61;1.62;1000349;8362219.50
2013/08/01;1.62;1.70;1.62;1.70;2025149;17359064.00
2013/08/02;1.71;1.76;1.68;1.73;3740599;33068414.00
2013/08/05;1.73;1.77;1.72;1.76;2742933;24490042.00
2013/08/06;1.77;1.78;1.74;1.75;2133566;19188010.00
2013/08/07;1.77;1.79;1.72;1.73;2312208;20696330.00
2013/08/08;1.71;1.76;1.71;1.75;1641274;14569083.00
2013/08/09;1.72;1.75;1.71;1.73;1550779;13735960.00
2013/08/12;1.73;1.78;1.72;1.77;2184909;19696594.00
2013/08/13;1.77;1.81;1.76;1.81;2681169;24493052.00
2013/08/14;1.81;1.81;1.76;1.79;2404951;21958660.00
2013/08/15;1.80;1.80;1.75;1.76;1563379;14218700.00
2013/08/16;1.74;1.78;1.69;1.70;1686385;15060189.00
2013/08/19;1.68;1.75;1.66;1.75;1107812;9704358.00
2013/08/20;1.73;1.76;1.72;1.73;2055976;18304168.00
2013/08/21;1.72;1.75;1.72;1.75;1063856;9461439.00
2013/08/22;1.75;1.79;1.73;1.79;2293676;20776294.00
2013/08/23;1.79;1.80;1.71;1.74;2871703;25782182.00
2013/08/26;1.73;1.86;1.73;1.80;2583550;23680456.00
2013/08/27;1.80;1.80;1.76;1.79;1551534;14138170.00
2013/08/28;1.77;1.77;1.73;1.74;2048673;18328576.00
2013/08/29;1.74;1.75;1.73;1.74;1082758;9657908.00
2013/08/30;1.74;1.75;1.63;1.66;1835817;15943985.00
2013/09/02;1.65;1.71;1.65;1.70;700741;6042826.50
2013/09/03;1.70;1.72;1.66;1.70;1821855;15731565.00
2013/09/04;1.69;1.70;1.67;1.68;1435620;12373197.00
2013/09/05;1.69;1.71;1.68;1.69;953313;8270022.00
2013/09/06;1.69;1.70;1.68;1.69;1090406;9426649.00
2013/09/09;1.69;1.71;1.68;1.70;1495641;12964375.00
2013/09/10;1.69;1.83;1.68;1.82;5194739;47263088.00
2013/09/11;1.82;1.84;1.74;1.77;4818809;43772800.00
2013/09/12;1.77;1.79;1.73;1.75;2252459;20283626.00
2013/09/13;1.75;1.77;1.72;1.76;1451823;13033089.00
2013/09/16;1.77;1.79;1.72;1.75;1668223;14926331.00
2013/09/17;1.75;1.77;1.71;1.72;1516501;13499635.00
2013/09/18;1.72;1.73;1.70;1.72;803595;7067689.00
2013/09/23;1.72;1.76;1.72;1.76;1873401;16751647.00
2013/09/24;1.77;1.77;1.73;1.74;1454596;12995217.00
2013/09/25;1.73;1.75;1.73;1.75;1561971;13930387.00
2013/09/26;1.75;1.75;1.70;1.70;1358981;11936460.00
2013/09/27;1.71;1.71;1.68;1.69;725645;6297744.50
2013/09/30;1.68;1.71;1.68;1.69;836003;7256690.00
2013/10/08;1.71;1.73;1.69;1.73;962774;8423663.00
2013/10/09;1.73;1.74;1.69;1.74;1385356;12234330.00
2013/10/10;1.73;1.75;1.72;1.75;1792099;15934643.00
2013/10/11;1.75;1.77;1.74;1.76;1798943;16171484.00
2013/10/14;1.76;1.82;1.75;1.80;2967339;27184214.00
2013/10/15;1.81;1.82;1.78;1.81;2340890;21577544.00
2013/10/16;1.80;2.00;1.78;2.00;12074573;120829832.00
2013/10/17;2.06;2.20;2.06;2.20;7847450;86132592.00
2013/10/18;2.26;2.32;1.98;2.08;13835153;147898464.00
2013/10/21;2.04;2.29;2.00;2.29;9568987;104727968.00
2013/10/22;2.36;2.47;2.22;2.22;14269946;170827552.00
2013/10/23;2.15;2.21;2.07;2.12;6142526;66821272.00
2013/10/24;2.10;2.32;2.10;2.16;7000101;78777168.00
2013/10/25;2.16;2.32;2.13;2.23;9051119;103611304.00
2013/10/28;2.22;2.45;2.13;2.41;12375081;149247344.00
2013/10/29;2.36;2.39;2.17;2.25;10099487;116966168.00
2013/10/30;2.16;2.22;2.06;2.19;6796075;74290928.00
2013/10/31;2.18;2.18;2.02;2.03;6166264;65784984.00
2013/11/01;2.03;2.03;1.86;1.87;5018814;49073164.00
2013/11/04;1.90;1.99;1.87;1.97;3691288;36540340.00
2013/11/05;1.95;2.14;1.93;2.11;5064413;53380400.00
2013/11/06;2.06;2.12;1.99;2.00;4463528;46804240.00
2013/11/07;1.96;2.09;1.94;2.03;3749608;38870320.00
2013/11/08;2.01;2.06;1.95;1.96;2429042;24611210.00
2013/11/11;1.97;2.16;1.96;2.16;7015357;75499704.00
2013/11/12;2.21;2.30;2.11;2.17;9150905;102579912.00
2013/11/13;2.21;2.31;2.13;2.25;7771964;88561328.00
2013/11/14;2.22;2.36;2.16;2.29;7723046;89343680.00
2013/11/15;2.24;2.44;2.23;2.32;9938362;117396728.00
2013/11/18;2.28;2.35;2.26;2.27;7556354;88092488.00
2013/11/19;2.26;2.31;2.20;2.24;5696428;65276780.00
2013/11/20;2.23;2.38;2.21;2.38;8661804;102261600.00
2013/11/21;2.36;2.40;2.27;2.32;5418569;64299488.00
2013/11/22;2.31;2.32;2.24;2.25;3366516;38998412.00
2013/11/25;2.19;2.21;2.14;2.16;5128333;56777308.00
2013/11/26;2.16;2.21;2.16;2.20;2858587;31939380.00
2013/11/27;2.20;2.42;2.17;2.36;10492780;126586272.00
2013/11/28;2.32;2.59;2.30;2.55;14228627;177376832.00
2013/11/29;2.50;2.62;2.47;2.53;9747625;125360096.00
2013/12/02;2.40;2.42;2.28;2.28;7645786;90434384.00
2013/12/03;2.16;2.26;2.05;2.20;5932029;65269916.00
2013/12/04;2.19;2.29;2.18;2.19;4186105;47751984.00
2013/12/05;2.16;2.26;2.16;2.19;3319148;37493656.00
2013/12/06;2.19;2.25;2.18;2.21;2193628;24630958.00
2013/12/09;2.21;2.24;2.21;2.22;3008406;34096760.00
2013/12/10;2.22;2.27;2.19;2.22;2375380;26930332.00
2013/12/11;2.20;2.22;2.12;2.14;3074170;33863516.00
2013/12/12;2.14;2.22;2.14;2.19;2129485;23725082.00
2013/12/13;2.19;2.21;2.16;2.18;1688388;18821420.00
2013/12/16;2.19;2.20;2.12;2.14;1845122;20331744.00
2013/12/17;2.14;2.17;2.08;2.14;1400463;15185385.00
2013/12/18;2.14;2.20;2.13;2.16;1407514;15531735.00
2013/12/19;2.18;2.20;2.14;2.14;1418724;15671699.00
2013/12/20;2.13;2.16;2.03;2.04;2461832;26007706.00
2013/12/23;2.03;2.04;1.92;1.96;1683379;16954998.00
2013/12/24;1.98;2.01;1.96;2.00;1089086;11076853.00
2013/12/25;2.00;2.09;1.99;2.08;1902079;19958332.00
2013/12/26;2.08;2.10;2.03;2.03;1397598;14673690.00
2013/12/27;2.06;2.15;2.05;2.12;2594840;28013388.00
2013/12/30;2.14;2.18;2.12;2.16;2186335;24036034.00
2013/12/31;2.16;2.16;2.10;2.12;1273655;13819286.00
2014/01/02;2.10;2.25;2.10;2.24;3198356;35971512.00
2014/01/03;2.25;2.30;2.22;2.25;3736841;43016468.00
2014/01/06;2.28;2.28;2.17;2.18;2897489;32538644.00
2014/01/07;2.14;2.29;2.11;2.26;2299447;26187610.00
2014/01/08;2.26;2.35;2.23;2.24;5085648;59075744.00
2014/01/09;2.23;2.25;2.12;2.12;2566139;28663674.00
2014/01/10;2.11;2.16;2.09;2.13;1467586;15917002.00
2014/01/13;2.12;2.16;2.11;2.13;969991;10546768.00
2014/01/14;2.12;2.25;2.12;2.25;2068908;23205814.00
2014/01/15;2.25;2.29;2.22;2.27;3095655;35700912.00
2014/01/16;2.30;2.30;2.21;2.23;1927793;22017864.00
2014/01/17;2.22;2.28;2.22;2.26;2149329;24704144.00
2014/01/20;2.23;2.28;2.19;2.20;2289639;26109114.00
2014/01/21;2.20;2.26;2.20;2.25;1803361;20634448.00
2014/01/22;2.26;2.30;2.23;2.28;3270884;37718820.00
2014/01/23;2.28;2.35;2.26;2.33;3919769;46339980.00
2014/01/24;2.32;2.40;2.32;2.36;4318051;52239808.00
2014/01/27;2.35;2.40;2.32;2.32;3424569;41174620.00
2014/01/28;2.32;2.36;2.26;2.31;1794699;21058880.00
2014/01/29;2.30;2.40;2.30;2.39;2583576;31251370.00
2014/01/30;2.39;2.41;2.34;2.34;1739468;20955440.00
2014/02/07;2.34;2.39;2.30;2.38;1710186;20542504.00
2014/02/10;2.37;2.56;2.37;2.50;4288371;53805828.00
2014/02/11;2.48;2.51;2.41;2.46;4114171;51528476.00
2014/02/12;2.46;2.53;2.42;2.50;3012928;37971792.00
2014/02/13;2.51;2.54;2.42;2.43;2917054;36826216.00
2014/02/14;2.43;2.47;2.35;2.45;3075892;37951168.00
2014/02/17;2.45;2.54;2.44;2.54;3726021;47377508.00
2014/02/18;2.53;2.62;2.51;2.57;4882393;63869732.00
2014/02/19;2.56;2.65;2.53;2.58;4060041;53491944.00
2014/02/20;2.58;2.59;2.45;2.48;2631305;33535052.00
2014/02/21;2.49;2.50;2.38;2.43;2893589;35820092.00
2014/02/24;2.41;2.41;2.33;2.40;2849650;34323576.00
2014/02/25;2.39;2.46;2.18;2.22;3893481;46812576.00
2014/02/26;2.22;2.24;2.14;2.23;1763833;19733294.00
2014/02/27;2.23;2.29;2.15;2.16;2442476;27654608.00
2014/02/28;2.16;2.19;2.11;2.19;1705518;18645964.00
2014/03/03;2.17;2.25;2.17;2.25;1435561;16207398.00
2014/03/04;2.23;2.25;2.20;2.23;1648234;18674410.00
2014/03/05;2.23;2.27;2.21;2.22;959727;10954721.00
2014/03/06;2.21;2.22;2.17;2.19;1408072;15702552.00
2014/03/07;2.19;2.23;2.18;2.19;991864;11138677.00
2014/03/10;2.18;2.18;2.04;2.05;1899066;20306180.00
2014/03/11;2.06;2.11;2.04;2.08;1353105;14271617.00
2014/03/12;2.07;2.10;2.03;2.07;1142779;12020443.00
2014/03/13;2.06;2.15;2.06;2.12;1110559;11916120.00
2014/03/14;2.10;2.12;2.06;2.09;819161;8736338.00
2014/03/17;2.11;2.15;2.08;2.15;1218099;13226576.00
2014/03/18;2.15;2.22;2.15;2.17;1511337;16853966.00
2014/03/19;2.17;2.38;2.13;2.31;4213368;49191600.00
2014/03/20;2.27;2.29;2.21;2.21;2133540;24437322.00
2014/03/21;2.19;2.27;2.18;2.26;1210812;13771605.00
2014/03/24;2.27;2.28;2.21;2.25;1064833;12145712.00
2014/03/25;2.25;2.25;2.21;2.21;977722;11067731.00
2014/03/26;2.22;2.25;2.22;2.24;776996;8852141.00
2014/03/27;2.23;2.25;2.13;2.13;1211829;13454855.00
2014/03/28;2.11;2.16;2.04;2.06;1416719;15124145.00
2014/03/31;2.05;2.11;2.05;2.07;557221;5894696.50
2014/04/01;2.09;2.13;2.06;2.12;576934;6217751.00
2014/04/02;2.11;2.15;2.11;2.13;372384;4033075.50
2014/04/03;2.15;2.26;2.15;2.17;845640;9427481.00
2014/04/04;2.16;2.19;2.11;2.18;649705;7127455.50
2014/04/08;2.16;2.16;2.11;2.13;1308510;14199926.00
2014/04/09;2.15;2.20;2.13;2.20;1776735;19711168.00
2014/04/10;2.21;2.24;2.17;2.22;1649183;18637402.00
2014/04/11;2.22;2.24;2.16;2.24;1508246;17058708.00
2014/04/14;2.47;2.47;2.47;2.47;3585448;44961516.00
2014/04/15;2.53;2.53;2.39;2.40;9479484;118570120.00
2014/04/16;2.38;2.42;2.32;2.33;5332174;63767380.00
2014/04/17;2.35;2.37;2.33;2.34;2559648;30570146.00
2014/04/18;2.33;2.37;2.32;2.35;2535792;30325056.00
2014/04/21;2.33;2.39;2.33;2.34;2223401;26693000.00
2014/04/22;2.33;2.35;2.27;2.32;2347926;27490846.00
2014/04/23;2.31;2.36;2.30;2.33;1632821;19402266.00
2014/04/24;2.33;2.33;2.30;2.32;1259923;14867035.00
2014/04/25;2.33;2.33;2.24;2.24;2292518;26598094.00
2014/04/28;2.23;2.24;2.13;2.13;1646550;18223524.00
2014/04/29;2.12;2.17;2.11;2.17;1228122;13432253.00
2014/04/30;2.19;2.20;2.16;2.19;870066;9699432.00
2014/05/05;2.20;2.24;2.19;2.23;974047;10993118.00
2014/05/06;2.23;2.26;2.22;2.24;1228144;14036225.00
2014/05/07;2.25;2.46;2.22;2.35;6547811;79289448.00
2014/05/08;2.34;2.40;2.29;2.34;4268729;50904700.00
2014/05/09;2.34;2.36;2.31;2.32;1647714;19522360.00
2014/05/12;2.34;2.39;2.32;2.35;2502049;29961520.00
2014/05/13;2.33;2.39;2.31;2.33;1953596;23369160.00
2014/05/14;2.32;2.40;2.32;2.38;2671556;32248032.00
2014/05/15;2.39;2.40;2.32;2.33;2008344;24151822.00
2014/05/16;2.33;2.34;2.27;2.31;1403142;16494372.00
2014/05/19;2.32;2.35;2.28;2.35;1233443;14570837.00
2014/05/20;2.36;2.40;2.34;2.34;2232240;26978234.00
2014/05/21;2.34;2.38;2.30;2.38;1550277;18595978.00
2014/05/22;2.38;2.40;2.36;2.37;1921402;23274016.00
2014/05/23;2.39;2.44;2.36;2.43;4326393;53026064.00
2014/05/26;2.44;2.49;2.41;2.46;4763687;59387576.00
2014/05/27;2.47;2.51;2.41;2.45;8703931;109214312.00
2014/05/28;2.43;2.43;2.35;2.41;9753421;59024444.00
2014/05/29;2.40;2.43;2.30;2.30;8096750;48583820.00
2014/05/30;2.29;2.31;2.22;2.25;7924616;45453576.00
2014/06/03;2.24;2.29;2.24;2.25;4567419;26254442.00
2014/06/04;2.25;2.27;2.22;2.26;3417965;19410582.00
2014/06/05;2.27;2.31;2.25;2.31;5149721;29831692.00
2014/06/06;2.32;2.32;2.26;2.28;4540633;26305648.00
2014/06/09;2.28;2.31;2.26;2.26;2610577;15071979.00
2014/06/10;2.26;2.31;2.24;2.30;3669342;21234090.00
2014/06/11;2.30;2.31;2.28;2.30;3710916;21528412.00
2014/06/12;2.29;2.31;2.27;2.29;3349106;19426406.00
2014/06/13;2.29;2.44;2.27;2.37;9215523;55155080.00
2014/06/16;2.34;2.39;2.34;2.38;6110087;36648884.00
2014/06/17;2.38;2.49;2.36;2.44;12502145;76982792.00
2014/06/18;2.45;2.46;2.36;2.36;7643378;46412640.00
2014/06/19;2.36;2.60;2.35;2.47;18619993;118162344.00
2014/06/20;2.43;2.55;2.38;2.52;13190686;81979544.00
2014/06/23;2.51;2.64;2.49;2.55;15012348;97487640.00
2014/06/24;2.53;2.80;2.51;2.71;28080115;189581904.00
2014/06/25;2.67;2.72;2.62;2.71;16329698;110155872.00
2014/06/26;2.69;2.76;2.65;2.74;18741884;128594000.00
2014/06/27;2.71;2.74;2.64;2.65;15876575;107491752.00
2014/06/30;2.65;2.72;2.60;2.71;14287321;96166816.00
2014/07/01;2.67;2.68;2.64;2.64;9717789;65200788.00
2014/07/02;2.64;2.68;2.57;2.60;9693938;63963112.00
2014/07/03;2.59;2.63;2.58;2.60;6952792;45795940.00
2014/07/04;2.61;2.66;2.60;2.61;8004190;53212752.00
2014/07/07;2.61;2.74;2.59;2.73;14314357;96904984.00
2014/07/08;2.71;2.72;2.64;2.70;8515722;57852324.00
2014/07/09;2.70;2.79;2.67;2.69;13864196;95646920.00
2014/07/10;2.66;2.71;2.62;2.64;7792560;52566844.00
2014/07/11;2.62;2.69;2.61;2.65;5837253;39134964.00
2014/07/14;2.65;2.72;2.63;2.70;7224113;48909336.00
2014/07/15;2.68;2.68;2.55;2.56;10942119;72116088.00
2014/07/16;2.56;2.57;2.44;2.47;7390030;46782664.00
2014/07/17;2.47;2.51;2.46;2.49;4327201;27247126.00
2014/07/18;2.49;2.52;2.46;2.47;2606125;16413756.00
2014/07/21;2.47;2.49;2.45;2.47;2646320;16519531.00
2014/07/22;2.46;2.50;2.46;2.49;2320235;14614400.00
2014/07/23;2.49;2.49;2.39;2.39;4811276;29601964.00
2014/07/24;2.38;2.42;2.36;2.40;3018007;18289526.00
2014/07/25;2.43;2.44;2.41;2.43;1823790;11214670.00
2014/07/28;2.43;2.47;2.42;2.47;3176855;19760964.00
2014/07/29;2.48;2.50;2.46;2.49;4653234;29234100.00
2014/07/30;2.48;2.51;2.47;2.49;4301862;27107938.00
2014/07/31;2.50;2.55;2.48;2.54;6124521;39217600.00
2014/08/01;2.53;2.62;2.50;2.56;8027519;52280976.00
2014/08/04;2.54;2.60;2.54;2.60;4224306;27603906.00
2014/08/05;2.60;2.64;2.58;2.64;5782354;38351896.00
2014/08/06;2.64;2.64;2.60;2.61;5626181;37233964.00
2014/08/07;2.60;2.77;2.60;2.72;15724140;107436840.00
2014/08/08;2.71;2.85;2.70;2.81;14605648;102217744.00
2014/08/11;2.83;3.01;2.82;2.89;22270246;164422128.00
2014/08/12;2.90;2.91;2.80;2.89;11472657;82945032.00
2014/08/13;2.87;2.89;2.78;2.86;9314234;66972036.00
2014/08/14;2.88;2.99;2.85;2.86;12163889;89526616.00
2014/08/15;2.88;2.91;2.81;2.88;6974219;50472348.00
2014/08/18;2.90;3.00;2.90;2.97;14084559;105396224.00
2014/08/19;2.97;2.98;2.91;2.95;8635737;64143316.00
2014/08/20;2.93;2.94;2.89;2.90;6811743;50128180.00
2014/08/21;2.90;2.96;2.89;2.96;7498796;55569008.00
2014/08/22;2.96;3.17;2.96;3.04;14946204;116654896.00
2014/08/25;3.05;3.16;2.99;3.11;11393044;89151024.00
2014/08/26;3.09;3.24;3.08;3.14;12794772;101980616.00
2014/08/27;3.11;3.32;3.07;3.28;13483312;109685704.00
2014/08/28;3.25;3.35;3.20;3.27;9851033;81265056.00
2014/08/29;3.26;3.30;3.16;3.17;8264865;67216552.00
2014/09/01;3.18;3.34;3.16;3.32;8656810;71191592.00
2014/09/02;3.31;3.34;3.25;3.30;9969104;82936680.00
2014/09/03;3.29;3.35;3.24;3.29;9258482;76850776.00
2014/09/04;3.29;3.44;3.27;3.35;10832770;91879776.00
2014/09/05;3.36;3.48;3.33;3.43;7670001;66025616.00
2014/09/09;3.43;3.43;3.34;3.39;6291444;53607128.00
2014/09/10;3.35;3.38;3.31;3.35;6206783;52373192.00
2014/09/11;3.35;3.38;3.27;3.27;8674535;72766200.00
2014/09/12;3.26;3.31;3.21;3.30;7142698;58681396.00
2014/09/15;3.30;3.40;3.28;3.39;8758988;74182904.00
2014/09/16;3.38;3.39;3.23;3.23;7061415;59276276.00
2014/09/17;3.22;3.27;3.12;3.21;5628329;45280700.00
2014/09/18;3.20;3.30;3.17;3.28;3570887;29293090.00
2014/09/19;3.28;3.35;3.26;3.34;4750339;39908640.00
2014/09/22;3.34;3.35;3.26;3.29;4113167;34265668.00
2014/09/23;3.30;3.34;3.27;3.34;4066961;34098452.00
2014/09/24;3.35;3.60;3.32;3.56;12590289;111337000.00
2014/09/25;3.55;3.58;3.48;3.50;5979359;53111632.00
2014/09/26;3.49;3.65;3.49;3.56;4946890;44572032.00
2014/09/29;3.58;3.90;3.57;3.87;11017556;104240952.00
2014/09/30;3.90;3.93;3.78;3.90;6247859;60464720.00
2014/10/08;3.85;4.01;3.85;3.92;4947843;48993392.00
2014/10/09;3.88;3.95;3.72;3.80;6373067;61165144.00
2014/10/10;3.82;3.82;3.70;3.72;6977686;65594244.00
2014/10/13;3.74;3.79;3.65;3.78;4499957;42324600.00
2014/10/14;3.78;3.80;3.64;3.68;4976719;46706000.00
2014/10/15;3.66;3.76;3.66;3.69;4333843;40285348.00
2014/10/16;3.67;3.78;3.64;3.66;4215996;39642700.00
2014/10/17;3.65;3.72;3.56;3.68;5785764;52834688.00
2014/10/20;3.68;3.79;3.67;3.77;5072860;47968156.00
2014/10/21;3.75;3.79;3.72;3.72;2951388;27826884.00
2014/10/22;3.72;3.80;3.66;3.72;4169360;39329952.00
2014/10/23;3.71;3.72;3.52;3.55;6405149;58124436.00
2014/10/24;3.56;3.60;3.52;3.56;2645270;23838606.00
2014/10/27;3.55;3.67;3.51;3.63;2112203;19241282.00
2014/10/28;3.68;3.72;3.64;3.70;3185400;29613806.00
2014/10/29;3.72;3.79;3.67;3.69;5820818;54783664.00
2014/10/30;3.70;3.87;3.69;3.84;10835080;103840624.00
2014/10/31;3.82;3.83;3.73;3.77;6527769;62174756.00
2014/11/03;3.75;3.86;3.75;3.84;4308061;41408088.00
2014/11/04;3.85;3.87;3.77;3.78;2907808;27867450.00
2014/11/05;3.79;3.81;3.75;3.76;2778190;26408626.00
2014/11/06;3.76;3.80;3.68;3.76;4003202;37770552.00
2014/11/07;3.78;3.80;3.56;3.60;9763254;90061640.00
2014/11/10;3.61;3.66;3.50;3.53;5725880;51457132.00
2014/11/11;3.55;3.55;3.37;3.40;5618704;48624448.00
2014/11/12;3.38;3.44;3.34;3.43;3062060;26340590.00
2014/11/13;3.42;3.42;3.30;3.32;3934720;33166340.00
2014/11/14;3.33;3.38;3.32;3.38;1818676;15343686.00
2014/11/17;3.43;3.72;3.39;3.72;9693106;89130640.00
2014/11/18;3.77;3.77;3.69;3.73;6932521;65132668.00
2014/11/19;3.74;4.07;3.73;3.84;8851417;87010280.00
2014/11/20;3.83;3.87;3.75;3.84;3588619;34413256.00
2014/11/21;3.82;3.96;3.82;3.84;5198057;50863876.00
2014/11/24;3.86;3.90;3.75;3.80;4380511;42156740.00
2014/11/25;3.80;3.99;3.80;3.94;7282823;72233104.00
2014/11/26;3.95;4.19;3.89;4.04;6570949;67277664.00
2014/11/27;4.05;4.09;3.81;3.85;11420254;112071488.00
2014/11/28;3.86;3.87;3.76;3.79;6018465;57625108.00
2014/12/01;3.77;3.86;3.75;3.82;5819014;55970868.00
2014/12/02;3.82;3.88;3.79;3.82;3958391;38220148.00
2014/12/03;3.82;3.85;3.65;3.75;5206583;49040820.00
2014/12/04;3.75;3.79;3.69;3.76;4700497;44559272.00
2014/12/05;3.77;3.77;3.41;3.66;5120860;47143608.00
2014/12/08;3.60;3.67;3.54;3.57;5408015;49177736.00
2014/12/09;3.53;3.56;3.26;3.26;8327032;71512280.00
2014/12/10;3.28;3.51;3.28;3.50;4126586;35673544.00
2014/12/11;3.51;3.59;3.50;3.55;2805983;25105350.00
2014/12/12;3.61;3.63;3.55;3.56;3095691;27990582.00
2014/12/15;3.55;3.59;3.52;3.56;4031101;36075876.00
2014/12/16;3.55;3.59;3.51;3.53;2756418;24677218.00
2014/12/17;3.52;3.52;3.36;3.39;4307762;37116664.00
2014/12/18;3.39;3.43;3.33;3.33;3465934;29572028.00
2014/12/19;3.33;3.36;3.22;3.27;4008272;33086196.00
2014/12/22;3.26;3.26;2.94;3.04;8115873;62071924.00
2014/12/23;3.04;3.13;2.97;3.01;2614412;20074088.00
2014/12/24;3.11;3.12;3.04;3.07;2378018;18442828.00
2014/12/25;3.10;3.22;3.07;3.17;3518649;28114810.00
2014/12/26;3.18;3.22;3.09;3.13;3095965;24630408.00
2014/12/29;3.14;3.14;2.98;3.09;4142830;31846918.00
2014/12/30;3.07;3.27;3.01;3.23;4737755;37821448.00
2014/12/31;3.17;3.24;3.15;3.23;2737852;22180592.00
2015/01/05;3.23;3.27;3.11;3.25;4445813;35908860.00
2015/01/06;3.23;3.43;3.20;3.37;6433520;54598440.00
2015/01/07;3.37;3.42;3.32;3.36;2307200;19503012.00
2015/01/08;3.37;3.45;3.34;3.38;3768107;32213362.00
2015/01/09;3.37;3.42;3.33;3.33;2467624;21013540.00
2015/01/30;3.65;3.67;3.49;3.67;7518023;68717768.00
2015/02/02;3.66;3.66;3.37;3.49;12099061;106157320.00
2015/02/03;3.45;3.48;3.40;3.46;4180398;36268424.00
2015/02/04;3.43;3.61;3.43;3.48;5342584;47393100.00
2015/02/05;3.48;3.53;3.44;3.44;3581017;31317954.00
2015/02/06;3.42;3.48;3.27;3.30;3905186;33004974.00
2015/02/09;3.32;3.44;3.30;3.42;3953994;33754000.00
2015/02/10;3.42;3.44;3.36;3.42;2532011;21715812.00
2015/02/11;3.41;3.48;3.37;3.46;3510167;30423778.00
2015/02/12;3.44;3.55;3.37;3.52;5524383;48438824.00
2015/02/13;3.51;3.58;3.51;3.53;4319777;38574120.00
2015/02/16;3.53;3.66;3.52;3.62;4156230;37997968.00
2015/02/17;3.60;3.64;3.56;3.60;2342833;21272768.00
2015/02/25;3.62;3.67;3.59;3.63;2369992;21695968.00
2015/02/26;3.69;3.84;3.68;3.71;6161192;58150788.00
2015/02/27;3.69;3.80;3.67;3.78;5433319;51250872.00
2015/03/02;3.73;4.03;3.73;3.99;12041439;119780288.00
2015/03/03;3.96;4.09;3.89;3.94;8469539;85253792.00
2015/03/04;3.92;4.02;3.90;3.98;4681915;46784084.00
2015/03/05;3.96;4.06;3.96;4.01;7559456;76499784.00
2015/03/06;4.02;4.09;3.84;3.91;8780842;87100792.00
2015/03/09;3.89;4.12;3.73;4.05;6224430;62583292.00
2015/03/10;4.11;4.46;4.11;4.46;13991076;155238320.00
2015/03/11;4.60;4.60;4.36;4.39;16853713;188840592.00
2015/03/12;4.35;4.49;4.21;4.29;8984390;98519168.00
2015/03/13;4.28;4.50;4.25;4.47;8739952;97001816.00
2015/03/16;4.53;4.90;4.48;4.73;11842741;141291888.00
2015/03/17;4.73;4.84;4.65;4.78;10308458;123210968.00
2015/03/18;4.82;5.15;4.79;5.15;13753366;174627040.00
2015/03/19;5.15;5.67;5.14;5.67;18452493;254440976.00
2015/03/20;5.73;5.77;5.45;5.50;13499072;188857968.00
2015/03/23;5.52;5.74;5.47;5.67;9259394;130526072.00
2015/03/24;5.62;5.96;5.27;5.56;12833060;180308016.00
2015/03/25;5.48;5.60;5.31;5.43;11447781;157556448.00
2015/03/26;5.40;5.57;5.24;5.41;7876203;106730440.00
2015/03/27;5.35;5.52;5.32;5.44;4935565;67092364.00
2015/03/30;5.49;5.77;5.41;5.67;8120330;114478408.00
2015/03/31;5.68;5.98;5.53;5.98;11716226;169816400.00
2015/04/01;5.96;6.55;5.89;6.47;11374705;181309680.00
2015/04/02;6.65;7.07;6.51;6.76;10310412;175249872.00
2015/04/03;6.73;7.25;6.67;7.08;9638889;166807312.00
2015/04/07;7.08;7.19;6.87;7.01;7400068;130255936.00
2015/04/08;7.17;7.25;6.49;6.72;8581388;146245296.00
2015/04/09;6.75;6.81;6.04;6.58;16095619;252108944.00
2015/04/10;6.43;6.63;6.25;6.50;7556324;123040248.00
2015/04/13;6.49;6.89;6.37;6.86;11155868;187098352.00
2015/04/14;6.82;7.17;6.53;6.65;8852438;152279600.00
2015/04/15;6.52;6.64;6.05;6.16;6938111;110383320.00
2015/04/16;6.15;6.35;5.93;5.97;5741000;88136112.00
2015/04/17;6.06;6.21;5.95;6.11;10157071;155819712.00
2015/04/20;6.07;6.32;5.94;6.16;9567204;147583504.00
2015/04/21;6.15;6.66;6.09;6.57;12786609;205942096.00
2015/04/22;6.59;6.72;6.48;6.57;13262669;219600960.00
2015/04/23;6.57;6.72;6.49;6.57;8786407;145505088.00
2015/04/24;6.49;6.59;6.12;6.30;6808271;108683760.00
2015/04/27;6.22;6.37;6.10;6.16;10074384;156447392.00
2015/04/28;6.19;6.25;5.71;5.78;8205493;122567704.00
2015/04/29;5.81;5.96;5.73;5.92;4725831;69751032.00
2015/04/30;5.94;5.99;5.83;5.90;5697662;84596248.00
2015/05/04;5.89;6.25;5.85;6.14;6496020;99817824.00
2015/05/05;6.14;6.17;5.91;6.00;4375537;66169708.00
2015/05/06;6.00;6.11;5.73;5.77;3459273;52267996.00
2015/05/07;5.79;6.14;5.79;5.99;5230257;78540056.00
2015/05/08;6.01;6.52;5.97;6.42;8831443;139040192.00
2015/05/11;6.43;6.68;6.32;6.56;14008346;229413584.00
2015/05/12;6.49;6.77;6.41;6.73;11064313;184381264.00
2015/05/13;6.45;6.60;6.45;6.48;8995876;147286848.00
2015/05/14;6.38;6.81;6.17;6.72;13464451;217260192.00
2015/05/15;6.57;7.19;6.51;7.12;16808091;290468576.00
2015/05/18;7.12;7.48;6.96;7.46;15281490;279980128.00
2015/05/19;7.46;8.09;7.37;7.97;12990744;252373680.00
2015/05/20;7.97;8.77;7.97;8.61;13654148;293501568.00
2015/05/21;8.51;9.47;8.44;9.47;11622391;262017456.00
2015/05/22;9.47;10.01;8.77;9.47;18246434;431189440.00
2015/05/25;9.17;9.95;8.91;9.37;13099936;309355232.00
2015/05/26;9.30;9.79;9.17;9.49;9894822;233963456.00
2015/05/27;9.49;9.60;9.06;9.25;8023531;185400272.00
2015/05/28;9.25;9.25;8.38;8.46;10381087;233291760.00
2015/05/29;8.45;8.85;7.97;8.77;8854755;189436880.00
2015/06/01;8.86;9.65;8.86;9.65;9945135;235720544.00
2015/06/02;9.97;10.36;9.85;10.34;8923712;225261616.00
2015/06/03;10.35;10.45;9.60;9.82;7446284;185791184.00
2015/06/04;9.77;10.13;8.85;9.92;6284315;151681600.00
2015/06/05;10.13;10.21;9.47;9.65;9030348;222785664.00
2015/06/08;9.67;9.79;8.77;8.88;10524816;239536832.00
2015/06/09;9.04;9.08;8.57;8.76;7591385;166423200.00
2015/06/10;8.84;9.29;8.60;9.06;7402681;167340608.00
2015/06/11;9.12;9.38;8.98;9.32;7262864;168241936.00
2015/06/12;9.41;9.53;9.06;9.28;8994268;207801888.00
2015/06/15;9.25;9.25;8.82;8.83;6712331;151579104.00
2015/06/16;8.78;8.78;8.13;8.21;5900277;124086024.00
2015/06/17;8.22;8.82;7.72;8.76;7729755;163326512.00
2015/06/18;8.75;9.18;8.30;8.30;5457316;119285736.00
2015/06/19;8.06;8.54;7.95;8.10;4226815;87201920.00
2015/06/23;8.10;8.48;7.50;8.38;5779078;117996192.00
2015/06/24;8.59;8.64;7.99;8.34;5620598;117407960.00
2015/06/25;8.33;8.38;7.70;7.85;6332815;127646544.00
2015/06/26;7.66;7.80;7.06;7.06;7073560;127650608.00
2015/06/29;7.45;7.46;6.36;6.36;7130002;118770200.00
2015/06/30;5.72;6.99;5.72;6.98;12966515;206900816.00
2015/07/01;6.78;7.30;6.28;6.54;13453657;234009584.00
2015/07/02;6.22;6.58;5.89;5.89;10028239;152059168.00
2015/07/27;6.48;6.48;6.22;6.48;20669194;335428352.00
2015/07/28;6.30;7.10;5.99;6.87;40102699;664568704.00
2015/07/29;6.79;7.06;6.18;6.62;25835319;420049440.00
2015/07/30;6.65;6.65;5.96;5.96;18225112;286960576.00
2015/07/31;5.56;5.77;5.36;5.36;13954158;192323248.00
2015/08/03;5.38;5.76;4.87;5.42;15935380;217117712.00
2015/08/04;5.34;5.78;5.26;5.78;12178203;171096464.00
2015/08/05;5.75;6.05;5.63;5.82;12520052;181954752.00
2015/08/06;5.67;5.96;5.62;5.78;6661445;96868232.00
2015/08/07;5.91;6.35;5.85;6.20;10536224;159522368.00
2015/08/10;6.30;6.58;6.20;6.39;10089775;161660832.00
2015/08/11;6.38;6.50;6.18;6.22;11254794;178484128.00
2015/08/12;6.10;6.26;5.90;5.90;7600892;116131640.00
2015/08/13;5.78;6.10;5.78;6.02;5527556;82490416.00
2015/08/14;6.10;6.19;6.02;6.07;6891281;105400264.00
2015/08/17;6.12;6.68;6.02;6.68;10449906;168656320.00
2015/08/18;6.86;6.87;6.01;6.16;15923798;262383712.00
2015/08/19;6.04;6.55;5.82;6.53;11583801;180754256.00
2015/08/20;6.32;6.78;6.32;6.51;9821791;161790320.00
2015/08/21;6.58;6.58;5.86;5.89;10530494;162033280.00
2015/08/24;5.50;5.68;5.30;5.30;3377470;45131292.00
2015/08/25;4.77;4.77;4.77;4.77;1018700;12183652.00
2015/08/26;4.30;4.78;4.29;4.29;16055827;175715008.00
2015/08/27;4.26;4.26;3.86;4.02;17216685;174230080.00
2015/08/28;4.07;4.37;4.06;4.33;10647666;111247488.00
2015/08/31;4.24;4.45;4.06;4.10;8788162;95315088.00
2015/09/01;4.03;4.08;3.69;3.69;5626288;53349520.00
2015/09/02;3.34;3.71;3.32;3.32;12754137;108759480.00
2015/09/07;3.41;3.65;3.41;3.65;6098895;55118900.00
2015/09/08;3.79;3.86;3.41;3.82;15850443;146432736.00
2015/09/09;3.74;4.08;3.72;4.08;17437329;171081168.00
2015/09/10;3.96;4.04;3.84;3.85;9651773;95645448.00
2015/09/11;3.81;3.98;3.80;3.94;6867017;67295864.00
2015/09/14;4.27;4.27;3.59;3.73;13372060;134788784.00
2015/09/15;3.54;3.66;3.36;3.36;7573998;66086240.00
2015/09/16;3.36;3.69;3.36;3.69;6403334;56918228.00
2015/09/17;3.69;4.02;3.66;3.69;8632660;82399936.00
2015/09/18;3.74;3.85;3.68;3.81;5349696;50514820.00
2015/09/21;3.75;4.14;3.74;4.06;9716397;96948392.00
2015/09/22;4.09;4.34;4.09;4.25;11339732;120544832.00
2015/09/23;4.10;4.38;4.03;4.29;8768324;92950744.00
2015/09/24;4.28;4.58;4.28;4.37;7938558;87916128.00
2015/09/25;4.33;4.37;3.99;4.06;6245806;65325512.00
2015/09/28;4.10;4.22;3.98;4.19;5681269;58675504.00
2015/09/29;4.06;4.25;4.06;4.08;4700710;48831964.00
2015/09/30;4.18;4.24;4.10;4.20;4750645;49743272.00
2015/10/08;4.41;4.50;4.30;4.44;8206361;90487072.00
2015/10/09;4.40;4.60;4.40;4.51;7016953;78942848.00
2015/10/12;4.58;4.88;4.58;4.81;8447483;100613080.00
2015/10/13;4.80;5.12;4.74;5.06;7982557;99013880.00
2015/10/14;4.99;5.17;4.74;4.84;9651663;118058792.00
2015/10/15;4.78;5.08;4.75;4.98;9333201;114228400.00
2015/10/16;4.99;5.15;4.90;5.05;9249127;116448352.00
2015/10/19;5.06;5.06;4.81;4.86;6804788;83810840.00
2015/10/20;4.86;4.95;4.81;4.95;7364179;90220408.00
2015/10/21;4.98;5.12;4.45;4.46;13931765;171773072.00
2015/10/22;4.47;4.74;4.40;4.73;8439171;96897832.00
2015/10/23;4.75;4.98;4.70;4.94;8042501;97724488.00
2015/10/26;5.02;5.24;4.88;5.12;8902171;112565984.00
2015/10/27;5.00;5.30;4.86;5.21;8272413;105087112.00
2015/10/28;5.14;5.42;5.10;5.10;10572725;140080096.00
2015/10/29;5.38;5.38;5.06;5.16;6202567;80613784.00
2015/10/30;5.15;5.28;5.09;5.20;5584773;73081168.00
2015/11/02;5.10;5.41;5.02;5.30;9876842;131533648.00
2015/11/03;5.39;5.50;5.28;5.41;7129892;96270400.00
2015/11/04;5.42;5.70;5.36;5.66;9350745;130024696.00
2015/11/05;5.66;5.68;5.50;5.54;7693439;107425072.00
2015/11/06;5.52;5.66;5.50;5.61;6512347;91771616.00
2015/11/09;5.61;5.90;5.61;5.86;7737537;112676544.00
2015/11/10;5.82;5.97;5.75;5.87;7064972;103753584.00
2015/11/11;5.90;6.46;5.82;6.46;11215856;175213840.00
2015/11/12;6.41;7.10;6.41;6.90;15842248;273746784.00
2015/11/13;6.70;6.90;6.52;6.56;10282093;172922208.00
2015/11/16;6.30;7.06;6.30;6.88;8476965;144586448.00
2015/11/17;6.92;7.06;6.69;6.73;7945964;136762336.00
2015/11/18;6.76;6.88;6.42;6.46;6522767;108899184.00
2015/11/19;6.48;7.06;6.48;7.05;8853094;151041648.00
2015/11/20;7.10;7.26;6.91;7.21;8444706;150786528.00
2015/11/23;7.20;7.58;6.90;7.06;7209196;130509976.00
2015/11/24;6.99;7.12;6.92;7.11;3901470;68430392.00
2015/11/25;7.34;7.79;7.14;7.68;8063834;152081936.00
2015/11/26;7.82;8.06;7.50;7.55;10431858;201179696.00
2015/11/27;7.70;7.97;6.98;7.10;8808085;166580192.00
2015/11/30;7.19;7.36;6.70;7.32;7998973;141024096.00
2015/12/01;7.33;7.70;7.05;7.27;7577659;141137360.00
2015/12/02;7.26;7.26;6.73;6.78;8013141;137454320.00
2015/12/03;6.78;6.97;6.66;6.92;4714313;80992104.00
2015/12/04;6.91;7.17;6.82;7.13;6930016;120748760.00
2015/12/07;7.14;7.30;7.04;7.18;4265303;76729776.00
2015/12/08;7.07;7.25;6.84;6.87;3462147;60910944.00
2015/12/09;6.82;6.98;6.75;6.79;2328100;39806248.00
2015/12/10;6.76;7.02;6.72;6.90;3108023;53566072.00
2015/12/11;6.81;6.89;6.68;6.75;2367901;40132944.00
2015/12/14;6.82;6.98;6.50;6.90;4463622;74920064.00
2015/12/15;6.90;7.26;6.90;7.04;4472303;79623896.00
2015/12/16;6.98;7.30;6.98;7.26;5042009;91091776.00
2015/12/17;7.25;7.58;7.19;7.54;6676444;123026768.00
2015/12/18;7.54;7.58;7.39;7.41;3919302;73350304.00
2015/12/21;7.50;7.68;7.40;7.42;3953197;74388184.00
2015/12/22;7.46;7.78;7.46;7.70;6574670;126545896.00
2015/12/23;7.71;8.05;7.71;7.96;6634004;131609224.00
2015/12/24;7.96;8.16;7.79;7.93;4967328;99688800.00
2015/12/25;7.93;8.72;7.79;8.72;6784561;138891664.00
2015/12/28;8.97;9.31;8.47;8.48;7624229;171299648.00
2015/12/29;8.62;8.98;8.47;8.82;5618786;122873880.00
2015/12/30;8.70;9.18;8.70;8.71;6117522;136922224.00
2015/12/31;8.66;8.76;8.24;8.31;9698267;205002224.00
2016/01/04;8.28;8.38;7.48;7.48;3997957;78864888.00
2016/01/05;6.82;7.70;6.74;7.14;8503443;152081280.00
2016/01/06;7.18;7.31;6.85;7.30;5398622;96430784.00
2016/01/07;7.00;7.14;6.57;6.57;1538500;26454240.00
2016/01/08;6.79;6.87;5.91;6.35;9093866;145295600.00
2016/01/11;6.18;6.18;5.72;5.72;5712673;85473800.00
2016/01/12;5.75;6.06;5.62;5.94;4476149;65587032.00
2016/01/13;6.08;6.14;5.68;5.68;3472953;51842024.00
2016/01/14;5.44;6.02;5.39;6.02;4711609;67785448.00
2016/01/15;5.98;6.22;5.92;6.00;5184260;78683832.00
2016/01/18;5.90;6.42;5.78;6.39;6006775;93285416.00
2016/01/19;6.39;6.56;6.24;6.54;4750972;76594328.00
2016/01/20;6.54;6.58;6.18;6.45;4576502;74030528.00
2016/01/21;6.27;6.50;6.14;6.16;3529663;55840496.00
2016/01/22;6.26;6.34;6.13;6.26;2592923;40501900.00
2016/01/25;6.37;6.50;6.30;6.44;3321030;53548872.00
2016/01/26;6.37;6.44;5.82;5.86;3017910;46589504.00
2016/01/27;5.70;5.98;5.42;5.85;2767801;39730264.00
2016/01/28;5.85;5.89;5.51;5.51;2228900;31563356.00
2016/01/29;5.51;6.06;5.39;6.03;3157400;45577152.00
2016/02/01;6.02;6.08;5.82;5.95;1735300;25985976.00
2016/02/02;6.02;6.19;5.95;6.13;1822010;27968214.00
2016/02/03;6.10;6.13;5.90;6.10;1988750;29973422.00
2016/02/04;6.10;6.32;6.10;6.27;2099096;32840880.00
2016/02/05;6.30;6.34;6.22;6.28;2235758;35161360.00
2016/02/15;6.00;6.30;6.00;6.24;1558177;23991384.00
2016/02/16;6.38;6.52;6.28;6.48;1997555;32312792.00
2016/02/17;6.48;6.90;6.38;6.80;3138105;52835408.00
2016/02/18;6.86;6.89;6.68;6.69;1941825;32902082.00
2016/02/19;6.78;7.09;6.76;6.98;3800162;66228156.00
2016/02/22;7.21;7.21;6.95;6.99;3667795;64555952.00
2016/02/23;7.00;7.06;6.75;6.84;2734106;47160464.00
2016/02/24;6.72;6.92;6.65;6.90;3021023;51661732.00
2016/02/25;6.82;6.93;6.21;6.21;3053529;49870620.00
2016/02/26;6.36;6.38;5.86;6.06;4039948;61164600.00
2016/02/29;6.04;6.04;5.46;5.68;3306462;46606232.00
2016/03/01;5.70;5.84;5.51;5.78;2735547;38914116.00
2016/03/02;5.80;6.18;5.67;6.02;3488811;51643656.00
2016/03/03;6.06;6.17;5.98;6.06;3547765;54116428.00
2016/03/04;6.06;6.06;5.62;5.88;2877859;42027644.00
2016/03/07;5.88;6.13;5.79;5.96;1680720;25321876.00
2016/03/08;5.98;5.98;5.63;5.88;1730465;25041720.00
2016/03/09;5.78;6.01;5.70;5.88;1823533;26788420.00
2016/03/10;5.98;5.98;5.68;5.82;1933466;28092890.00
2016/03/11;5.81;5.81;5.59;5.71;1615599;22968452.00
2016/03/14;5.78;5.98;5.75;5.96;2558608;37869056.00
2016/03/15;5.86;5.98;5.75;5.84;1688740;24842474.00
2016/03/16;5.95;5.97;5.73;5.76;1404935;20478552.00
2016/03/17;5.76;5.98;5.76;5.94;2536229;37447896.00
2016/03/18;6.00;6.37;5.94;6.22;3875397;60089904.00
2016/03/21;6.30;6.42;6.22;6.41;4107595;64929836.00
2016/03/22;6.37;6.37;6.28;6.31;2928389;46389456.00
2016/03/23;6.30;6.42;6.24;6.36;2800602;44638944.00
2016/03/24;6.38;6.40;6.13;6.25;2971893;46960632.00
2016/03/25;6.13;6.42;6.13;6.35;2676194;42224108.00
2016/03/28;6.35;6.70;6.24;6.30;3655492;59142360.00
2016/03/29;6.25;6.34;5.98;6.06;2232667;34165924.00
2016/03/30;6.10;6.26;6.10;6.25;2288725;35519908.00
2016/03/31;6.25;6.41;6.22;6.32;2911107;46212656.00
2016/04/01;6.28;6.38;6.18;6.36;1989885;31312852.00
2016/04/05;6.38;6.54;6.31;6.50;2923226;47217636.00
2016/04/06;6.45;6.54;6.39;6.51;3020411;48887924.00
2016/04/07;6.50;6.77;6.46;6.64;6169550;102570680.00
2016/04/08;6.55;7.15;6.52;7.00;9972716;171692496.00
2016/04/11;6.90;7.23;6.79;6.99;7136003;126084368.00
2016/04/12;6.95;6.95;6.57;6.75;5901114;99022752.00
2016/04/13;6.69;6.84;6.63;6.76;4458826;75416240.00
2016/04/14;6.77;6.80;6.64;6.72;3576329;60027776.00
2016/04/15;6.78;6.78;6.56;6.61;3270358;54291544.00
2016/04/18;6.63;7.04;6.51;6.98;8309656;141993776.00
2016/04/19;6.98;7.02;6.66;6.78;4606277;79032096.00
2016/04/20;6.84;6.84;6.14;6.46;5376233;87300928.00
2016/04/21;6.28;6.38;6.10;6.26;5156284;80775768.00
2016/04/22;6.20;6.36;6.00;6.30;2122621;33299396.00
2016/04/25;6.30;6.37;6.15;6.34;1844003;29099262.00
2016/04/26;6.36;6.42;6.25;6.30;1575838;24977810.00
2016/04/27;6.28;6.47;6.28;6.34;2328214;37295300.00
2016/04/28;6.38;6.38;6.22;6.32;1424313;22445008.00
2016/04/29;6.35;6.42;6.30;6.31;1839442;29299268.00
2016/05/03;6.38;6.48;6.28;6.46;2128301;34263244.00
2016/05/04;6.46;6.49;6.40;6.41;2086234;33652324.00
2016/05/05;6.39;6.46;6.38;6.39;1566760;25188980.00
2016/05/06;6.40;6.45;6.12;6.13;2592335;40708156.00
2016/05/09;6.05;6.05;5.58;5.78;3120506;45151268.00
2016/05/10;5.74;6.04;5.74;5.90;2704734;39828412.00
2016/05/11;5.94;5.96;5.50;5.72;4374364;62669232.00
2016/05/12;5.60;5.64;5.50;5.64;2226303;31015118.00
2016/05/13;5.62;5.72;5.54;5.66;1448172;20408174.00
2016/05/16;5.58;5.66;5.52;5.64;1750166;24568374.00
2016/05/17;5.64;5.68;5.54;5.60;2181109;30662490.00
2016/05/18;5.58;5.58;5.18;5.42;3044729;40991384.00
2016/05/19;5.32;5.46;5.32;5.42;3146843;42726360.00
2016/05/20;5.41;5.50;5.28;5.48;2499210;34047448.00
2016/05/23;5.48;5.56;5.47;5.51;1422857;19627984.00
2016/05/24;5.56;5.56;5.40;5.43;1917832;26275480.00
2016/05/25;5.46;5.51;5.44;5.48;1573289;21602784.00
2016/05/26;5.46;5.48;5.20;5.42;1804325;24140608.00
2016/05/27;5.34;5.97;5.34;5.97;6680280;98047048.00
2016/05/30;5.88;6.09;5.82;5.97;5068976;75751504.00
2016/05/31;5.97;6.20;5.90;6.15;5459024;83311928.00
2016/06/01;6.07;6.16;6.04;6.06;3781606;57800840.00
2016/06/02;6.06;6.14;6.04;6.08;2505842;38160404.00
2016/06/03;6.12;6.70;6.10;6.39;9408108;152882880.00
2016/06/06;6.42;6.50;6.24;6.33;3812930;60598772.00
2016/06/07;6.34;6.42;6.22;6.30;2145474;33929336.00
2016/06/08;6.29;6.50;6.23;6.47;3162193;50959516.00
2016/06/13;6.34;6.46;6.23;6.26;3827942;60755456.00
2016/06/14;6.22;6.29;6.10;6.19;1936884;30071692.00
2016/06/15;6.32;6.60;6.19;6.50;4406254;71419456.00
2016/06/16;6.44;7.16;6.44;7.04;21244499;374879392.00
2016/06/17;7.12;7.72;7.12;7.47;16446137;303802336.00
2016/06/20;7.54;7.54;7.23;7.36;6729213;123379664.00
2016/06/21;7.36;7.50;7.22;7.38;7057992;130162680.00
2016/06/22;7.26;7.44;7.23;7.36;6978949;128089064.00
2016/06/23;7.30;7.36;7.02;7.13;5808774;103420488.00
2016/06/24;7.12;7.68;6.89;7.49;8211184;150770928.00
2016/06/27;7.45;7.88;7.36;7.85;10313982;198160096.00
2016/06/28;8.63;8.63;7.68;7.78;16367569;333988384.00
2016/06/29;7.80;7.91;7.44;7.52;11715081;221790320.00
2016/06/30;7.46;7.68;7.40;7.44;7462025;140605632.00
2016/07/01;7.43;7.54;7.19;7.35;6919030;127199240.00
2016/07/04;7.12;8.08;7.12;7.96;12313815;235778080.00
2016/07/05;7.96;8.13;7.64;7.83;9646355;189801440.00
2016/07/06;7.72;8.11;7.71;7.98;9091902;180767408.00
2016/07/07;7.98;8.40;7.72;8.23;10093812;202973056.00
2016/07/08;8.12;8.75;8.08;8.37;10095080;214504560.00
2016/07/11;8.39;8.86;7.96;8.02;10358169;218473568.00
2016/07/12;8.19;8.20;7.52;7.82;13353729;259756544.00
2016/07/13;7.82;7.99;7.70;7.79;6144478;120621600.00
2016/07/14;7.88;7.94;7.64;7.85;9299262;181608064.00
2016/07/15;7.88;7.90;7.72;7.76;4648567;90408440.00
2016/07/18;7.76;7.76;7.38;7.42;7500019;140862288.00
2016/07/19;7.56;7.79;7.52;7.75;11321713;216701312.00
2016/07/20;7.87;7.87;7.67;7.72;5343902;103372848.00
2016/07/21;7.71;7.85;7.54;7.55;6297512;120722120.00
2016/07/22;7.58;7.68;7.26;7.30;4973486;92177656.00
2016/07/25;7.30;7.39;7.14;7.24;5096266;92445960.00
2016/07/26;7.22;7.36;7.21;7.28;3253175;59238028.00
2016/07/27;7.30;7.45;6.80;6.80;8556667;152082192.00
2016/07/28;6.80;6.82;6.20;6.58;10254267;166328528.00
2016/07/29;6.51;6.95;6.31;6.92;10236922;171840144.00
2016/08/01;6.82;6.98;6.75;6.82;4334569;74210544.00
2016/08/02;6.78;6.90;6.76;6.85;2117262;36102204.00
2016/08/03;6.85;6.86;6.67;6.70;2757351;46558904.00
2016/08/04;6.68;6.86;6.53;6.78;4439506;74239768.00
2016/08/05;6.85;6.85;6.56;6.60;3003748;49999392.00
2016/08/08;6.59;6.73;6.50;6.69;2109651;35065220.00
2016/08/09;6.68;6.77;6.66;6.72;2590676;43445936.00
2016/08/10;6.72;6.90;6.72;6.76;4145243;70756472.00
2016/08/11;6.76;6.84;6.61;6.67;1932011;32400866.00
2016/08/12;6.67;6.74;6.59;6.67;2809517;46643472.00
2016/08/15;6.68;6.88;6.68;6.84;5526021;94031328.00
2016/08/16;6.83;6.96;6.78;6.95;5374707;92282704.00
2016/08/17;6.95;6.98;6.79;6.86;4799988;82306720.00
2016/08/18;6.86;6.89;6.76;6.83;3770746;64175008.00
2016/08/19;6.90;7.52;6.84;7.52;15827482;287867008.00
2016/08/22;7.89;8.00;7.46;7.47;24344259;472704224.00
2016/08/23;7.37;7.52;7.25;7.32;10953914;201604016.00
2016/08/24;7.35;7.87;7.35;7.64;17994431;344483744.00
2016/08/25;7.54;7.92;7.40;7.87;18262178;352130944.00
2016/08/26;7.80;7.90;7.60;7.63;12672284;243993408.00
2016/08/29;7.56;7.71;7.50;7.56;7608217;144556368.00
2016/08/30;7.60;7.69;7.52;7.57;3947401;74996504.00
2016/08/31;7.55;7.62;7.34;7.50;5681260;105842536.00
2016/09/01;7.44;7.51;7.36;7.36;3749600;69730344.00
2016/09/02;7.32;7.44;7.22;7.41;3689048;67873200.00
2016/09/05;7.44;7.55;7.36;7.49;4563488;85031848.00
2016/09/06;7.44;7.67;7.44;7.64;6406112;121577672.00
2016/09/07;7.60;7.72;7.50;7.57;7045625;133814760.00
2016/09/08;7.64;7.73;7.36;7.43;9292503;174833904.00
2016/09/09;7.40;7.42;7.15;7.17;7688038;139352416.00
2016/09/12;6.96;7.27;6.81;7.12;5423623;96703312.00
2016/09/13;7.20;7.39;7.16;7.32;6281546;114561064.00
2016/09/14;7.32;7.40;7.16;7.20;5062830;91813616.00
2016/09/19;7.20;7.64;6.70;7.48;24011765;177196608.00
2016/09/20;7.39;7.97;7.39;7.87;44943906;348535936.00
2016/09/21;7.75;7.85;7.40;7.55;33405007;253303344.00
2016/09/22;7.55;7.60;7.41;7.52;13987646;104754528.00
2016/09/23;7.52;7.70;7.48;7.50;14228956;107808288.00
2016/09/26;7.42;7.55;7.27;7.27;11103155;81948680.00
2016/09/27;7.26;7.39;7.04;7.19;9754795;69997928.00
2016/09/28;7.19;7.20;7.04;7.07;7077620;50186608.00
2016/09/29;7.07;7.16;7.02;7.07;5445350;38659792.00
2016/09/30;7.07;7.14;7.00;7.09;5244019;37076396.00
2016/10/10;7.10;7.26;7.10;7.22;7521497;54161772.00
2016/10/11;7.23;7.32;7.14;7.32;10479824;75743056.00
2016/10/12;7.28;7.30;7.15;7.22;9043600;65174688.00
2016/10/13;7.22;7.43;7.18;7.37;14961009;109386728.00
2016/10/14;7.37;7.58;7.27;7.41;17856540;133297688.00
2016/10/17;7.41;7.48;7.20;7.25;9480350;69801232.00
2016/10/18;7.30;7.33;7.17;7.29;9909300;71953912.00
2016/10/19;7.30;7.34;7.21;7.28;9157408;66557768.00
2016/10/20;7.27;7.73;7.21;7.62;29118063;219007472.00
2016/10/21;7.54;7.56;7.23;7.35;19032102;140494064.00
2016/10/24;7.37;7.38;7.23;7.30;13007608;94876200.00
2016/10/25;7.31;7.48;7.26;7.35;21053433;155474928.00
2016/10/26;7.35;7.37;7.23;7.27;9874830;71819440.00
2016/10/27;7.24;7.32;7.19;7.29;11504727;83667880.00
2016/10/28;7.30;7.32;7.18;7.19;7789238;56427028.00
2016/10/31;7.12;7.20;7.07;7.15;6513340;46411988.00
2016/11/01;7.15;7.25;7.11;7.25;9694188;69622376.00
2016/11/02;7.25;7.26;7.15;7.21;10278303;74085096.00
2016/11/03;7.24;7.27;7.10;7.14;11582028;83299784.00
2016/11/04;7.14;7.18;6.97;7.06;12673782;89650056.00
2016/11/07;7.04;7.09;6.98;7.00;6063702;42606800.00
2016/11/08;7.01;7.05;6.97;7.04;6715884;47090468.00
2016/11/09;7.02;7.04;6.82;6.96;9314713;64565416.00
2016/11/10;7.01;7.03;6.97;6.97;6594865;46102804.00
2016/11/11;6.98;7.10;6.96;7.07;14819040;104481960.00
2016/11/14;7.09;7.18;7.02;7.06;9952894;70587408.00
2016/11/15;7.03;7.08;6.88;7.00;12077870;83899456.00
2016/11/16;7.02;7.15;7.00;7.10;16465829;116725808.00
2016/11/17;7.07;7.17;7.06;7.10;9758500;69538240.00
数据来源:通达信
