300264 佳创视讯 日线 前复权
      日期	    开盘	    最高	    最低	    收盘	    成交量	    成交额
2011/09/16;4.32;4.81;4.31;4.50;17455118;327793248.00
2011/09/19;4.21;4.22;4.04;4.04;9191040;156238896.00
2011/09/20;4.13;4.29;4.10;4.17;8165238;141744768.00
2011/09/21;4.26;4.59;4.24;4.59;10797066;199987264.00
2011/09/22;4.52;4.61;4.39;4.49;8648792;161011072.00
2011/09/23;4.38;4.50;4.25;4.45;5590901;102043496.00
2011/09/26;4.45;4.70;4.40;4.60;7700854;145617376.00
2011/09/27;4.54;4.58;4.13;4.32;7554898;136071392.00
2011/09/28;4.40;4.43;4.11;4.12;5055571;89512456.00
2011/09/29;4.14;4.31;4.10;4.19;4324247;75366104.00
2011/09/30;4.13;4.20;3.80;4.03;3721495;61247396.00
2011/10/10;3.94;4.05;3.82;3.96;2407516;39612608.00
2011/10/11;4.08;4.19;3.90;3.96;3027138;51135992.00
2011/10/12;3.84;4.14;3.72;4.13;3176286;52806616.00
2011/10/13;4.07;4.39;4.04;4.28;4162430;73418976.00
2011/10/14;4.21;4.38;4.20;4.30;2838519;50544260.00
2011/10/17;4.54;4.74;4.54;4.74;4651023;90665080.00
2011/10/18;4.95;5.13;4.74;4.76;10692787;218157680.00
2011/10/19;4.82;4.83;4.48;4.51;6426006;123083184.00
2011/10/20;4.44;4.61;4.42;4.48;4864796;91168088.00
2011/10/21;4.44;4.46;4.02;4.02;5442354;94162192.00
2011/10/24;3.97;4.41;3.91;4.30;5084580;87674776.00
2011/10/25;4.23;4.69;4.16;4.53;6576944;120552088.00
2011/10/26;4.44;4.82;4.41;4.64;7091167;136716720.00
2011/10/27;4.54;4.75;4.50;4.60;5461438;104736976.00
2011/10/28;4.63;4.89;4.49;4.78;6710148;130964592.00
2011/10/31;4.70;4.98;4.67;4.84;5578679;111661320.00
2011/11/01;4.71;4.81;4.57;4.63;4582105;89051776.00
2011/11/02;4.53;5.11;4.49;5.11;5650409;112364360.00
2011/11/03;5.45;5.45;4.98;4.99;9663726;210336544.00
2011/11/04;4.92;5.06;4.75;4.83;5950420;120424928.00
2011/11/08;4.83;4.96;4.69;4.74;4138384;82845984.00
2011/11/09;4.78;5.05;4.66;5.01;5537996;111458664.00
2011/11/10;4.91;4.91;4.70;4.74;5425940;108309424.00
2011/11/11;4.69;4.82;4.59;4.71;3646251;70920448.00
2011/11/14;4.74;4.88;4.71;4.82;3549203;70732320.00
2011/11/15;4.81;4.88;4.71;4.80;2795286;55317364.00
2011/11/16;4.80;4.92;4.62;4.67;4770665;95189704.00
2011/11/17;4.65;4.83;4.56;4.73;4463136;86443576.00
2011/11/18;4.65;4.68;4.54;4.56;2588040;49404568.00
2011/11/21;4.54;4.59;4.29;4.40;2523411;46055612.00
2011/11/22;4.31;4.46;4.29;4.38;1600748;29032534.00
2011/11/23;4.40;4.45;4.34;4.37;1825500;33234032.00
2011/11/24;4.28;4.38;4.19;4.29;1773675;31573208.00
2011/11/25;4.29;4.43;4.26;4.29;2263425;40843712.00
2011/11/28;4.33;4.41;4.20;4.27;1424223;25516954.00
2011/11/29;4.34;4.36;4.19;4.30;2249198;39688544.00
2011/11/30;4.31;4.31;3.86;3.89;3334408;55370444.00
2011/12/01;4.05;4.08;3.95;3.95;2701956;45051664.00
2011/12/02;3.92;4.00;3.81;3.87;1765879;28611746.00
2011/12/05;3.84;3.86;3.68;3.71;1210322;19003980.00
2011/12/06;3.68;3.84;3.66;3.83;1668303;26115080.00
2011/12/07;3.82;3.89;3.79;3.80;1493205;23792750.00
2011/12/08;3.81;4.20;3.75;4.12;5944987;101035944.00
2011/12/09;4.02;4.08;3.88;3.92;3798334;62862228.00
2011/12/12;3.89;4.00;3.87;3.87;1876989;30756758.00
2011/12/13;3.81;3.95;3.67;3.84;2447353;38632760.00
2011/12/14;3.79;4.05;3.72;3.89;3745474;61170076.00
2011/12/15;3.82;4.05;3.77;3.93;4479826;73751216.00
2011/12/16;3.87;4.20;3.72;4.17;8298007;136667072.00
2011/12/19;4.07;4.30;4.00;4.21;6638118;113609640.00
2011/12/20;4.15;4.22;4.00;4.00;4232538;72168008.00
2011/12/21;4.04;4.13;3.80;3.81;3905928;64855432.00
2011/12/22;3.71;3.79;3.48;3.64;4606856;69569032.00
2011/12/23;3.60;3.70;3.55;3.59;2694235;40581504.00
2011/12/26;3.60;3.67;3.51;3.51;1475866;22120312.00
2011/12/27;3.47;3.52;3.20;3.21;2548910;35790388.00
2011/12/28;3.20;3.20;3.03;3.16;1845747;24002108.00
2011/12/29;3.13;3.20;3.10;3.15;1028915;13613740.00
2011/12/30;3.17;3.29;3.17;3.23;1407648;19050724.00
2012/01/04;3.27;3.31;3.05;3.05;1243233;16686291.00
2012/01/05;3.03;3.03;2.84;2.85;1780484;21856614.00
2012/01/06;2.86;2.95;2.75;2.92;1706902;20440992.00
2012/01/09;2.88;3.07;2.86;3.05;1714422;21426574.00
2012/01/10;3.05;3.17;3.02;3.14;2613904;34174016.00
2012/01/11;3.13;3.28;3.11;3.13;2173848;29001340.00
2012/01/12;3.09;3.17;3.07;3.08;1706738;22230786.00
2012/01/13;3.08;3.11;2.81;2.81;2213718;27013630.00
2012/01/16;2.76;2.78;2.68;2.68;1227098;14050127.00
2012/01/17;2.68;2.87;2.66;2.85;1546193;18083118.00
2012/01/18;2.83;2.94;2.66;2.71;1779281;20972260.00
2012/01/19;2.70;2.82;2.63;2.77;1524258;17604344.00
2012/01/20;2.76;2.86;2.76;2.83;1280602;15247035.00
2012/01/30;2.83;2.92;2.81;2.86;1275452;15386704.00
2012/01/31;2.86;2.87;2.71;2.84;1564337;18359832.00
2012/02/01;2.83;2.89;2.78;2.80;1107137;13220670.00
2012/02/02;2.83;2.90;2.78;2.89;1915779;22990318.00
2012/02/03;2.89;2.99;2.87;2.97;2759670;33965920.00
2012/02/06;2.97;2.98;2.92;2.97;2153771;26675716.00
2012/02/07;2.95;3.01;2.91;2.93;2247065;27842326.00
2012/02/08;2.93;3.02;2.88;3.02;2381944;29732422.00
2012/02/09;3.01;3.16;2.98;3.07;3071894;39591092.00
2012/02/10;3.05;3.10;3.02;3.05;1775435;22761588.00
2012/02/13;3.02;3.15;3.00;3.12;1951966;25372834.00
2012/02/14;3.12;3.13;3.06;3.09;1405587;18179142.00
2012/02/15;3.08;3.21;3.07;3.17;2394802;31581512.00
2012/02/16;3.17;3.27;3.13;3.20;2442331;32807764.00
2012/02/17;3.20;3.21;3.08;3.14;1539652;20254184.00
2012/02/20;3.18;3.44;3.16;3.21;3622101;49695756.00
2012/02/21;3.18;3.54;3.18;3.54;5940372;83750760.00
2012/02/22;3.72;3.91;3.67;3.91;11578112;182729488.00
2012/02/23;3.92;4.01;3.79;3.86;9264820;149521072.00
2012/02/24;3.82;3.91;3.80;3.84;5662898;90631136.00
2012/02/27;3.84;3.95;3.80;3.83;6661967;107585584.00
2012/02/28;3.77;3.81;3.65;3.73;4567780;71074344.00
2012/02/29;3.73;3.84;3.67;3.80;4405956;69003496.00
2012/03/01;3.77;3.84;3.71;3.80;3241410;51121336.00
2012/03/02;3.80;3.86;3.77;3.84;4394708;69911352.00
2012/03/05;3.84;3.96;3.81;3.87;5393186;87255528.00
2012/03/06;3.84;3.84;3.67;3.82;4229182;65889588.00
2012/03/07;3.77;3.89;3.74;3.74;3330187;52776092.00
2012/03/08;3.76;3.81;3.71;3.77;2689769;42092584.00
2012/03/09;3.77;3.90;3.76;3.88;3924430;62510076.00
2012/03/12;3.88;4.07;3.86;4.01;6452385;106355648.00
2012/03/13;4.00;4.04;3.91;3.96;3985649;65463716.00
2012/03/14;3.99;4.01;3.56;3.58;5902840;93570768.00
2012/03/15;3.58;3.63;3.39;3.42;3344586;48614012.00
2012/03/16;3.44;3.51;3.41;3.51;2856811;41441444.00
2012/03/19;3.51;3.60;3.47;3.59;2335616;34575100.00
2012/03/20;3.59;3.59;3.40;3.41;2112858;30589914.00
2012/03/21;3.44;3.47;3.36;3.45;1668567;23869450.00
2012/03/22;3.45;3.52;3.40;3.48;1273356;18423238.00
2012/03/23;3.47;3.51;3.41;3.42;1209996;17482982.00
2012/03/26;3.39;3.45;3.35;3.39;796936;11292101.00
2012/03/27;3.40;3.48;3.35;3.38;1194446;17037388.00
2012/03/28;3.33;3.34;3.06;3.06;2155366;28638274.00
2012/03/29;3.02;3.06;2.96;3.00;1372990;17335334.00
2012/03/30;3.03;3.04;2.93;2.96;1113241;13964482.00
2012/04/05;2.95;2.95;2.66;2.87;3492586;40967428.00
2012/04/06;2.82;2.88;2.80;2.87;2501880;29852122.00
2012/04/09;2.85;2.86;2.76;2.77;1570535;18601156.00
2012/04/10;2.74;2.83;2.68;2.82;1407285;16340972.00
2012/04/11;2.77;2.85;2.76;2.85;1656537;19565988.00
2012/04/12;2.82;3.14;2.82;3.14;3998467;50461600.00
2012/04/13;3.28;3.39;3.21;3.23;6596174;90522360.00
2012/04/16;3.13;3.16;3.03;3.08;3481743;45155000.00
2012/04/17;3.07;3.10;2.97;3.01;2327581;29614764.00
2012/04/18;3.02;3.15;3.01;3.12;2488709;32231112.00
2012/04/19;3.09;3.10;3.04;3.07;1558626;20019884.00
2012/04/20;3.06;3.14;3.05;3.11;1691105;22010764.00
2012/04/23;3.05;3.05;2.79;2.79;3769733;45134888.00
2012/04/24;2.75;2.78;2.65;2.72;2501572;28470990.00
2012/04/25;2.69;2.79;2.69;2.77;1502467;17337694.00
2012/04/26;2.76;2.80;2.71;2.74;1196559;13882909.00
2012/04/27;2.73;2.83;2.73;2.80;1457062;17109740.00
2012/05/02;2.83;2.85;2.78;2.80;1132324;13370147.00
2012/05/03;2.79;2.86;2.79;2.85;1312288;15538811.00
2012/05/04;2.86;2.95;2.83;2.93;2320163;28268202.00
2012/05/07;2.91;2.97;2.88;2.96;1552614;19035024.00
2012/05/08;2.96;3.23;2.93;3.06;4101676;52904472.00
2012/05/09;3.03;3.03;2.93;2.94;2367394;29586238.00
2012/05/10;2.93;3.01;2.93;2.97;1154815;14384317.00
2012/05/11;2.94;2.99;2.90;2.93;1018896;12617526.00
2012/05/14;2.94;2.98;2.92;2.94;977977;12108585.00
2012/05/15;2.92;2.92;2.84;2.90;916926;11034390.00
2012/05/16;2.90;2.97;2.88;2.90;1060415;12994598.00
2012/05/17;2.93;3.01;2.90;2.97;1408341;17507896.00
2012/05/18;2.95;2.96;2.86;2.89;841204;10338652.00
2012/05/21;2.93;3.00;2.88;2.93;753839;9314032.00
2012/05/22;2.97;2.99;2.92;2.97;957369;11890576.00
2012/05/23;2.96;2.99;2.89;2.92;648359;7983748.50
2012/05/24;2.90;2.92;2.86;2.86;664873;8060560.00
2012/05/25;2.86;2.87;2.76;2.76;840791;9910606.00
2012/05/28;2.77;2.79;2.69;2.78;557817;6421530.50
2012/05/29;2.79;2.85;2.77;2.84;790211;9370762.00
2012/05/30;2.83;2.87;2.83;2.85;539173;6458796.50
2012/05/31;2.85;2.99;2.82;2.95;1643801;20185824.00
2012/06/01;2.93;2.96;2.91;2.92;720885;8870250.00
2012/06/04;2.86;2.88;2.78;2.78;777062;9259685.00
2012/06/05;2.79;2.83;2.79;2.80;579642;6835220.00
2012/06/06;2.80;2.88;2.76;2.79;352858;4174201.00
2012/06/07;2.82;2.84;2.76;2.77;283184;3330853.00
2012/06/08;2.83;2.86;2.75;2.83;673412;7954042.50
2012/06/11;2.87;3.12;2.86;3.12;2081643;26750904.00
2012/06/12;3.21;3.26;3.01;3.04;6607718;86682600.00
2012/06/13;3.05;3.14;3.05;3.09;3634804;47002796.00
2012/06/14;3.05;3.14;3.03;3.04;2544453;32804664.00
2012/06/15;3.05;3.08;2.99;3.04;1362249;17285282.00
2012/06/18;3.03;3.13;3.01;3.11;3462395;29499870.00
2012/06/19;3.11;3.25;3.08;3.18;6164567;54471120.00
2012/06/20;3.18;3.51;3.12;3.30;10333117;94915880.00
2012/06/21;3.25;3.25;3.08;3.12;5947046;52140472.00
2012/06/25;3.07;3.13;2.99;3.00;2697869;22923206.00
2012/06/26;2.98;3.03;2.92;3.00;1886560;15558985.00
2012/06/27;2.99;3.04;2.94;2.95;2007213;16622474.00
2012/06/28;2.95;2.99;2.84;2.84;2151061;17381694.00
2012/06/29;2.81;2.89;2.77;2.88;1358172;10683587.00
2012/07/02;2.91;2.93;2.87;2.90;1203014;9685323.00
2012/07/03;2.90;2.97;2.88;2.94;1705604;13910746.00
2012/07/04;2.94;3.07;2.94;2.94;2177461;18078182.00
2012/07/05;2.94;2.94;2.78;2.78;1511812;11945067.00
2012/07/06;2.80;2.86;2.73;2.85;1692760;13179841.00
2012/07/09;2.79;2.86;2.74;2.74;896440;6999453.00
2012/07/10;2.75;2.81;2.73;2.79;815948;6301195.00
2012/07/11;2.79;2.83;2.74;2.78;782327;6049917.00
2012/07/12;2.76;2.82;2.68;2.81;1400944;10742798.00
2012/07/13;2.77;2.81;2.71;2.71;954895;7321202.00
2012/07/16;2.76;2.76;2.44;2.44;1988232;14328897.00
2012/07/17;2.45;2.50;2.43;2.49;834743;5738037.50
2012/07/18;2.47;2.51;2.45;2.51;568781;3931412.50
2012/07/19;2.49;2.59;2.49;2.55;882478;6281355.50
2012/07/20;2.54;2.61;2.54;2.56;809176;5803427.50
2012/07/23;2.56;2.64;2.48;2.59;1289662;9215505.00
2012/07/24;2.55;2.62;2.55;2.59;838265;6036485.50
2012/07/25;2.57;2.71;2.57;2.60;1463482;10739361.00
2012/07/26;2.59;2.61;2.55;2.55;883312;6342141.00
2012/07/27;2.57;2.66;2.54;2.60;1701336;12262282.00
2012/07/30;2.61;2.61;2.45;2.50;1284451;9027686.00
2012/07/31;2.50;2.53;2.42;2.44;893988;6108647.50
2012/08/01;2.47;2.51;2.43;2.46;927452;6377718.00
2012/08/02;2.46;2.49;2.41;2.44;890444;6077359.00
2012/08/03;2.44;2.57;2.43;2.54;2660818;18521298.00
2012/08/06;2.49;2.64;2.47;2.62;4033865;28799542.00
2012/08/07;2.61;2.65;2.60;2.64;3265754;23874012.00
2012/08/08;2.64;2.64;2.57;2.59;1937046;14004753.00
2012/08/09;2.59;2.67;2.59;2.66;2611456;19154630.00
2012/08/10;2.64;2.68;2.63;2.68;1976304;14587567.00
2012/08/13;2.66;2.66;2.57;2.57;1309101;9500563.00
2012/08/14;2.57;2.62;2.52;2.61;1483420;10600379.00
2012/08/15;2.59;2.62;2.56;2.57;1170453;8448932.00
2012/08/16;2.58;2.60;2.54;2.57;1238833;8906892.00
2012/08/17;2.57;2.67;2.55;2.64;2792179;20365220.00
2012/08/20;2.63;2.66;2.56;2.63;1699871;12353327.00
2012/08/21;2.61;2.90;2.61;2.76;8409653;65334256.00
2012/08/22;2.73;2.77;2.67;2.73;5205650;39381344.00
2012/08/23;2.73;2.88;2.70;2.86;6250332;48783724.00
2012/08/24;2.84;2.94;2.75;2.76;4661375;36886168.00
2012/08/27;2.73;2.79;2.67;2.69;2017775;15351179.00
2012/08/28;2.70;2.81;2.70;2.78;2242294;17285982.00
2012/08/29;2.76;2.87;2.74;2.79;3254809;25450404.00
2012/08/30;2.75;2.80;2.57;2.64;3394744;25336494.00
2012/08/31;2.64;2.70;2.61;2.67;1795495;13248210.00
2012/09/03;2.66;2.76;2.64;2.73;1763519;13290530.00
2012/09/04;2.75;2.84;2.73;2.78;4166004;32383530.00
2012/09/05;2.78;2.95;2.75;2.91;5320519;42409044.00
2012/09/06;2.88;2.91;2.83;2.90;3590500;28666524.00
2012/09/07;2.91;3.06;2.89;2.99;6705500;55106668.00
2012/09/10;2.94;3.06;2.92;3.01;5039285;41906272.00
2012/09/11;2.96;3.02;2.93;2.96;3266621;26820912.00
2012/09/12;2.98;2.99;2.87;2.93;2978295;24136998.00
2012/09/13;2.94;2.96;2.87;2.87;2722339;22002578.00
2012/09/14;2.90;2.91;2.81;2.83;2420980;19106512.00
2012/09/17;2.78;2.80;2.61;2.61;2850866;21451464.00
2012/09/18;2.60;2.66;2.59;2.62;1229094;9003479.00
2012/09/19;2.59;2.68;2.59;2.66;2133463;15687329.00
2012/09/20;2.64;2.65;2.47;2.47;2381062;16915128.00
2012/09/21;2.49;2.51;2.40;2.42;1689705;11623553.00
2012/09/24;2.41;2.49;2.41;2.47;1421717;9748453.00
2012/09/25;2.47;2.48;2.43;2.44;1081100;7386179.00
2012/09/26;2.44;2.45;2.31;2.33;1409761;9325061.00
2012/09/27;2.36;2.41;2.32;2.38;2297629;15181418.00
2012/09/28;2.36;2.45;2.36;2.44;2004720;13508541.00
2012/10/08;2.45;2.45;2.40;2.41;1039549;7024981.00
2012/10/09;2.43;2.51;2.41;2.51;1633735;11305022.00
2012/10/10;2.59;2.59;2.51;2.54;2070891;14623819.00
2012/10/11;2.54;2.56;2.46;2.46;1876187;13109261.00
2012/10/12;2.52;2.58;2.42;2.47;2302034;16047526.00
2012/10/15;2.43;2.43;2.32;2.35;2717749;17885254.00
2012/10/16;2.35;2.39;2.34;2.37;1093271;7241306.00
2012/10/17;2.38;2.38;2.33;2.37;1079377;7116562.00
2012/10/18;2.34;2.45;2.34;2.44;1711561;11553488.00
2012/10/19;2.55;2.69;2.55;2.55;13277962;97791464.00
2012/10/22;2.48;2.59;2.47;2.58;4820131;33912092.00
2012/10/23;2.55;2.57;2.48;2.49;3548050;24960744.00
2012/10/24;2.47;2.50;2.45;2.49;1651022;11435584.00
2012/10/25;2.50;2.50;2.44;2.45;1347735;9276336.00
2012/10/26;2.44;2.45;2.37;2.38;1645966;10992870.00
2012/10/29;2.36;2.38;2.34;2.37;663051;4379016.50
2012/10/30;2.36;2.40;2.36;2.37;1035934;6875832.00
2012/10/31;2.37;2.38;2.34;2.38;688009;4543306.00
2012/11/01;2.37;2.43;2.37;2.42;2178605;14662641.00
2012/11/02;2.43;2.46;2.41;2.45;1921316;13032873.00
2012/11/05;2.46;2.47;2.43;2.44;1497130;10224527.00
2012/11/06;2.44;2.44;2.36;2.39;1463371;9733895.00
2012/11/07;2.39;2.40;2.35;2.37;1701978;11257054.00
2012/11/08;2.37;2.37;2.29;2.29;1634030;10620063.00
2012/11/09;2.27;2.30;2.26;2.27;1067932;6825970.00
2012/11/12;2.27;2.31;2.26;2.30;964733;6181356.00
2012/11/13;2.31;2.33;2.23;2.24;1085939;6910317.50
2012/11/14;2.22;2.25;2.17;2.22;1783354;10987668.00
2012/11/15;2.19;2.21;2.14;2.16;811020;4955971.00
2012/11/16;2.15;2.16;2.10;2.13;979666;5857105.50
2012/11/19;2.12;2.15;2.11;2.15;865557;5160808.00
2012/11/20;2.16;2.20;2.15;2.16;1410223;8563660.00
2012/11/21;2.16;2.20;2.14;2.20;1353489;8229269.00
2012/11/22;2.18;2.19;2.16;2.17;795467;4842167.00
2012/11/23;2.16;2.20;2.16;2.17;855100;5220215.50
2012/11/26;2.17;2.17;2.12;2.13;1133900;6822747.50
2012/11/27;2.12;2.12;1.99;1.99;1610054;9178742.00
2012/11/28;1.98;1.98;1.93;1.94;727899;3985672.75
2012/11/29;1.95;1.96;1.89;1.90;1028688;5592818.50
2012/11/30;1.90;1.94;1.88;1.92;796927;4286550.50
2012/12/03;1.90;1.93;1.84;1.84;802534;4264657.00
2012/12/04;1.81;1.87;1.80;1.86;1922996;9942271.00
2012/12/05;1.84;1.96;1.84;1.92;3202753;17324648.00
2012/12/06;1.94;1.98;1.91;1.94;3031514;16636782.00
2012/12/07;1.96;2.01;1.91;2.00;2645910;14691920.00
2012/12/10;2.02;2.05;1.98;2.05;3275581;18618906.00
2012/12/11;2.03;2.04;2.00;2.00;2455217;13944560.00
2012/12/12;2.00;2.12;2.00;2.03;4075748;23514240.00
2012/12/13;2.00;2.03;1.96;1.97;2357281;13210922.00
2012/12/14;1.96;2.09;1.96;2.06;2889277;16562969.00
2012/12/17;2.07;2.09;2.04;2.08;2786458;16193182.00
2012/12/18;2.07;2.12;2.06;2.08;3291400;19349040.00
2012/12/19;2.08;2.17;2.07;2.10;3623884;21514346.00
2012/12/20;2.07;2.10;2.05;2.10;3663607;21346914.00
2012/12/21;2.09;2.15;2.07;2.14;4011140;23815480.00
2012/12/24;2.13;2.17;2.13;2.15;2730477;16445161.00
2012/12/25;2.15;2.23;2.13;2.21;4896016;29963248.00
2012/12/26;2.19;2.33;2.19;2.31;6447686;40790400.00
2012/12/27;2.30;2.36;2.23;2.24;4684479;29817726.00
2012/12/28;2.24;2.27;2.19;2.26;3000923;18749856.00
2012/12/31;2.26;2.27;2.21;2.23;2497420;15571956.00
2013/01/04;2.24;2.26;2.16;2.18;2813160;17321292.00
2013/01/07;2.17;2.21;2.17;2.21;2191550;13481372.00
2013/01/08;2.21;2.28;2.20;2.26;3912650;24537704.00
2013/01/09;2.26;2.29;2.23;2.25;3303144;20890792.00
2013/01/10;2.26;2.31;2.25;2.30;4139638;26428086.00
2013/01/11;2.30;2.34;2.22;2.24;5636265;36181968.00
2013/01/14;2.24;2.34;2.22;2.32;3780667;24266000.00
2013/01/15;2.32;2.40;2.31;2.38;5148684;33929876.00
2013/01/16;2.39;2.41;2.27;2.34;4651667;30448928.00
2013/01/17;2.33;2.36;2.29;2.30;2543842;16465421.00
2013/01/18;2.31;2.33;2.27;2.33;4446880;28613358.00
2013/01/21;2.32;2.40;2.30;2.40;5533593;36399068.00
2013/01/22;2.46;2.62;2.39;2.39;13133967;90683976.00
2013/01/23;2.33;2.34;2.25;2.33;6607112;42484732.00
2013/01/24;2.31;2.35;2.20;2.22;6334999;40416400.00
2013/01/25;2.21;2.24;2.20;2.22;1942487;12050954.00
2013/01/28;2.18;2.24;2.18;2.23;4488870;27793696.00
2013/01/29;2.22;2.27;2.21;2.24;3532322;22127224.00
2013/01/30;2.24;2.25;2.19;2.23;3374478;20945100.00
2013/01/31;2.22;2.23;2.19;2.20;2604327;16024847.00
2013/02/01;2.22;2.23;2.20;2.21;2181775;13523385.00
2013/02/04;2.21;2.24;2.18;2.22;2905708;18030306.00
2013/02/05;2.20;2.23;2.18;2.22;2097516;12956748.00
2013/02/06;2.22;2.25;2.21;2.24;2278415;14260808.00
2013/02/07;2.22;2.24;2.22;2.23;1844362;11512353.00
2013/02/08;2.23;2.27;2.23;2.26;2138389;13495873.00
2013/02/18;2.27;2.30;2.25;2.30;2413080;15380384.00
2013/02/19;2.30;2.31;2.24;2.24;2443478;15460414.00
2013/02/20;2.25;2.31;2.24;2.30;3191867;20399710.00
2013/02/21;2.30;2.38;2.27;2.30;7421142;48045892.00
2013/02/22;2.29;2.38;2.28;2.31;6115541;39882436.00
2013/02/25;2.31;2.37;2.26;2.36;5645827;36636624.00
2013/02/26;2.37;2.43;2.34;2.35;8059846;53636332.00
2013/02/27;2.33;2.35;2.26;2.29;4757263;30553584.00
2013/02/28;2.29;2.34;2.27;2.33;2940541;18994168.00
2013/03/01;2.33;2.39;2.31;2.38;4159478;27452336.00
2013/03/04;2.36;2.37;2.24;2.28;3584118;23121370.00
2013/03/05;2.28;2.33;2.26;2.33;2641982;17056540.00
2013/03/06;2.39;2.48;2.36;2.48;7659571;51578608.00
2013/03/07;2.44;2.46;2.36;2.41;5579482;37580428.00
2013/03/08;2.39;2.42;2.36;2.37;2474176;16526450.00
2013/03/11;2.39;2.42;2.36;2.41;2283836;15262380.00
2013/03/12;2.42;2.43;2.26;2.31;4392197;28887908.00
2013/03/13;2.30;2.33;2.24;2.31;2797316;17904102.00
2013/03/14;2.33;2.37;2.27;2.29;3193386;20684938.00
2013/03/15;2.28;2.33;2.24;2.26;3673290;23480488.00
2013/03/18;2.25;2.28;2.16;2.16;3470951;21456122.00
2013/03/19;2.20;2.20;2.12;2.19;2235278;13582806.00
2013/03/20;2.17;2.26;2.17;2.26;3413090;21230688.00
2013/03/21;2.25;2.29;2.25;2.28;3188104;20234074.00
2013/03/22;2.30;2.37;2.29;2.32;5792755;37781444.00
2013/03/25;2.31;2.33;2.27;2.30;2933147;18774912.00
2013/03/26;2.27;2.29;2.14;2.23;2913772;18178062.00
2013/03/27;2.23;2.26;2.21;2.23;1452980;9099614.00
2013/03/28;2.23;2.23;2.15;2.15;2135734;12991078.00
2013/03/29;2.16;2.18;2.15;2.16;952798;5772942.00
2013/04/01;2.16;2.18;2.14;2.17;1190403;7228993.50
2013/04/02;2.16;2.19;2.12;2.12;1692609;10230891.00
2013/04/03;2.10;2.11;2.03;2.04;3282073;18984656.00
2013/04/08;2.02;2.02;1.96;2.02;1629843;9109660.00
2013/04/09;2.02;2.05;2.02;2.04;1066976;6116593.00
2013/04/10;2.04;2.05;2.01;2.03;963544;5490433.00
2013/04/11;2.03;2.06;2.02;2.04;1378402;7912705.50
2013/04/12;2.04;2.07;2.03;2.03;1114008;6421146.00
2013/04/15;2.03;2.03;1.98;1.99;847993;4756999.00
2013/04/16;1.99;2.02;1.96;2.01;787490;4412674.50
2013/04/17;2.01;2.03;2.00;2.03;744704;4219069.50
2013/04/18;2.01;2.08;2.01;2.06;1824313;10541311.00
2013/04/19;2.07;2.11;2.06;2.09;2101111;12302402.00
2013/04/22;2.07;2.15;2.07;2.13;2305209;13670774.00
2013/04/23;2.18;2.21;2.07;2.11;2471808;14579411.00
2013/04/24;2.10;2.21;2.10;2.19;3619715;21990268.00
2013/04/25;2.19;2.23;2.10;2.16;5478811;33499234.00
2013/04/26;2.14;2.15;2.02;2.03;2240378;13054514.00
2013/05/02;2.01;2.04;2.00;2.04;781148;4453028.00
2013/05/03;2.05;2.11;2.04;2.10;1432488;8372585.50
2013/05/06;2.09;2.17;2.09;2.16;2959160;17781488.00
2013/05/07;2.17;2.17;2.13;2.14;2158962;12952798.00
2013/05/08;2.14;2.36;2.14;2.27;10199820;64295504.00
2013/05/09;2.25;2.28;2.20;2.27;5879280;36813700.00
2013/05/10;2.29;2.33;2.23;2.27;4758577;30282140.00
2013/05/13;2.22;2.29;2.21;2.23;3188913;19964396.00
2013/05/14;2.23;2.25;2.19;2.20;2383412;14766518.00
2013/05/15;2.20;2.27;2.20;2.26;3368693;21103916.00
2013/05/16;2.27;2.34;2.24;2.26;5043005;32166762.00
2013/05/17;2.26;2.36;2.23;2.34;6929607;44743068.00
2013/05/20;2.34;2.41;2.31;2.38;6086299;40196172.00
2013/05/21;2.39;2.46;2.37;2.45;9065286;61321504.00
2013/05/22;2.45;2.46;2.33;2.35;6010405;39988152.00
2013/05/23;2.34;2.51;2.33;2.39;9231679;62322540.00
2013/05/24;2.41;2.61;2.41;2.56;14084467;98634336.00
2013/05/27;2.56;2.57;2.48;2.54;9553869;67117048.00
2013/05/28;2.53;2.54;2.41;2.43;6873946;46977116.00
2013/05/29;2.44;2.49;2.42;2.47;4424299;30343504.00
2013/05/30;2.46;2.52;2.44;2.47;3825618;26471060.00
2013/05/31;2.48;2.49;2.39;2.39;6491289;44042256.00
2013/06/03;2.39;2.40;2.34;2.35;3115070;20625894.00
2013/06/04;2.34;2.35;2.24;2.27;4193176;26777714.00
2013/06/05;2.27;2.29;2.25;2.28;2135823;13572664.00
2013/06/06;2.27;2.28;2.22;2.23;3316661;20856754.00
2013/06/07;2.23;2.25;2.17;2.19;2470229;15283701.00
2013/06/13;2.16;2.16;2.10;2.14;2028118;12081942.00
2013/06/14;2.15;2.25;2.14;2.22;3336183;20606740.00
2013/06/17;2.24;2.28;2.19;2.21;2795728;17527530.00
2013/06/18;2.23;2.26;2.18;2.25;2352089;14622499.00
2013/06/19;2.23;2.29;2.20;2.27;2565533;16156560.00
2013/06/20;2.25;2.51;2.24;2.51;27105654;187672304.00
2013/06/21;2.36;2.57;2.34;2.54;22130619;152310032.00
2013/06/24;2.59;2.59;2.36;2.43;16190852;111839288.00
2013/06/25;2.36;2.49;2.17;2.46;15921236;104491272.00
2013/06/26;2.42;2.72;2.39;2.72;16823919;123548232.00
2013/06/27;2.92;2.97;2.77;2.81;30053718;238399168.00
2013/06/28;2.73;2.79;2.55;2.56;18656085;137750640.00
2013/07/01;2.53;2.78;2.52;2.76;14856578;109790240.00
2013/07/02;2.76;2.94;2.73;2.81;17027183;133955560.00
2013/07/03;2.77;2.95;2.66;2.89;14952848;117260608.00
2013/07/04;2.83;2.88;2.73;2.73;10837940;84330896.00
2013/07/05;2.74;2.80;2.59;2.59;8860155;66505420.00
2013/07/08;2.49;2.56;2.39;2.40;7912966;54397676.00
2013/07/09;2.41;2.50;2.38;2.50;6676786;45726824.00
2013/07/10;2.47;2.61;2.46;2.54;7838245;55498944.00
2013/07/11;2.53;2.60;2.44;2.58;8534467;60161904.00
2013/07/12;2.54;2.83;2.53;2.65;12560493;93414520.00
2013/07/15;2.68;2.78;2.64;2.76;8939240;67853448.00
2013/07/16;2.73;2.81;2.68;2.80;8256834;63273484.00
2013/07/17;2.81;2.92;2.75;2.81;11288177;88595376.00
2013/07/18;2.77;3.05;2.73;2.94;15011748;120921936.00
2013/07/19;2.90;2.99;2.71;2.72;10600381;84873744.00
2013/07/22;2.73;3.00;2.71;3.00;16059472;130801408.00
2013/07/23;3.02;3.24;3.00;3.20;18694306;161076192.00
2013/07/24;3.13;3.27;3.08;3.17;12991653;114084672.00
2013/07/25;3.13;3.20;2.92;2.96;8439320;70949160.00
2013/07/26;2.96;3.26;2.96;3.26;14371177;126010120.00
2013/07/29;3.29;3.30;3.09;3.14;10762164;94658672.00
2013/07/30;3.12;3.19;2.83;2.98;9132398;75702976.00
2013/07/31;2.98;3.05;2.91;2.97;5840304;48350388.00
2013/08/01;2.95;3.13;2.95;3.10;7597250;64774244.00
2013/08/02;3.09;3.23;3.06;3.07;9696861;84261192.00
2013/08/05;3.07;3.11;2.97;3.10;6409838;54213292.00
2013/08/06;3.08;3.17;3.03;3.09;6339195;54590104.00
2013/08/07;3.07;3.09;2.91;2.93;7457850;61247592.00
2013/08/08;2.90;2.97;2.87;2.93;3563079;28980530.00
2013/08/09;2.93;2.94;2.77;2.82;6108037;48220968.00
2013/08/12;2.82;2.85;2.73;2.81;5198444;40317548.00
2013/08/13;2.88;3.10;2.84;3.10;10615635;88919704.00
2013/08/14;3.14;3.14;3.01;3.10;12777385;108742200.00
2013/08/15;3.04;3.09;3.01;3.04;5972463;50532564.00
2013/08/16;3.05;3.35;3.02;3.10;14400197;127556456.00
2013/08/19;3.03;3.34;2.92;3.25;11754632;104258312.00
2013/08/20;3.23;3.52;3.20;3.38;11025198;103079896.00
2013/08/21;3.33;3.39;3.27;3.35;6781328;62245048.00
2013/08/22;3.33;3.44;3.28;3.40;8671529;80690936.00
2013/08/23;3.36;3.38;3.18;3.29;8510055;77201624.00
2013/08/26;3.26;3.34;3.25;3.30;5172687;47121596.00
2013/08/27;3.30;3.30;3.18;3.28;5553539;49725900.00
2013/08/28;3.23;3.34;3.18;3.18;7125630;64171968.00
2013/08/29;3.19;3.24;3.06;3.19;4923262;42949028.00
2013/08/30;3.17;3.17;2.90;2.93;6538260;54901364.00
2013/09/02;2.91;3.01;2.90;3.01;3458041;28516036.00
2013/09/03;3.01;3.09;2.98;3.06;3239406;27360130.00
2013/09/04;3.05;3.07;2.97;2.99;2846028;23711230.00
2013/09/05;2.99;3.14;2.97;3.10;5189743;44362524.00
2013/09/06;3.08;3.17;3.04;3.14;4944008;42534852.00
2013/09/09;3.14;3.15;3.00;3.09;4625120;39229828.00
2013/09/10;3.07;3.10;3.01;3.03;3719419;31361792.00
2013/09/11;3.02;3.03;2.82;2.84;5688366;45595456.00
2013/09/12;2.85;2.91;2.80;2.86;3522024;27980580.00
2013/09/13;2.86;2.91;2.79;2.90;2946640;23413218.00
2013/09/16;2.90;3.02;2.88;2.96;4752120;38963740.00
2013/09/17;2.96;2.96;2.84;2.86;3728106;29976128.00
2013/09/18;2.85;2.99;2.83;2.96;4871473;39513316.00
2013/09/23;2.94;3.01;2.91;3.00;6052283;49977512.00
2013/09/24;3.00;3.16;2.98;3.12;9543134;81569648.00
2013/09/25;3.09;3.13;3.04;3.07;4731010;40362860.00
2013/09/26;3.06;3.17;3.04;3.14;7125158;61412468.00
2013/09/27;3.13;3.16;3.05;3.07;4858628;41775084.00
2013/09/30;3.10;3.37;3.10;3.27;11692539;105061896.00
2013/10/08;3.24;3.31;3.16;3.30;8799253;78864904.00
2013/10/09;3.28;3.40;3.21;3.35;8530628;78636456.00
2013/10/10;3.31;3.39;3.19;3.21;6910029;62340552.00
2013/10/11;3.23;3.28;3.09;3.19;5591449;49348148.00
2013/10/14;3.20;3.34;3.16;3.33;5923557;53469156.00
2013/10/15;3.30;3.30;3.16;3.19;5430386;48363120.00
2013/10/16;3.17;3.20;2.92;2.99;4215075;35462832.00
2013/10/17;2.99;3.07;2.96;2.99;2966191;24849468.00
2013/10/18;2.99;3.07;2.98;3.03;1959176;16449460.00
2013/10/21;3.04;3.25;3.04;3.24;5780221;51110732.00
2013/10/22;3.22;3.23;3.09;3.12;4749246;41451884.00
2013/10/23;3.09;3.14;2.92;2.97;3177140;26486814.00
2013/10/24;2.94;3.01;2.93;2.99;1993030;16409097.00
2013/10/25;3.02;3.02;2.87;2.94;2912958;23758710.00
2013/10/28;2.95;2.97;2.89;2.93;1685479;13754332.00
2013/10/29;2.96;2.97;2.63;2.68;4857319;36983220.00
2013/10/30;2.69;2.75;2.64;2.74;2023357;15208871.00
2013/10/31;2.71;2.73;2.61;2.65;3152860;23286706.00
2013/11/01;2.66;2.69;2.56;2.65;2428401;17708628.00
2013/11/04;2.65;2.70;2.63;2.67;1151228;8569812.00
2013/11/05;2.69;2.78;2.64;2.77;1934164;14658211.00
2013/11/06;2.74;2.80;2.72;2.73;2072514;15920788.00
2013/11/07;2.72;2.76;2.66;2.70;1367300;10298004.00
2013/11/08;2.66;2.70;2.62;2.66;1168012;8652504.00
2013/11/11;2.66;2.69;2.58;2.66;2014070;14703219.00
2013/11/12;2.68;2.74;2.66;2.74;1789441;13475756.00
2013/11/13;2.72;2.76;2.67;2.71;1964032;14879933.00
2013/11/14;2.68;2.83;2.64;2.79;3429809;26469772.00
2013/11/15;2.79;2.97;2.79;2.91;3735116;29984770.00
2013/11/18;2.91;2.99;2.90;2.93;3234024;26249758.00
2013/11/19;2.93;2.97;2.89;2.94;3277918;26614408.00
2013/11/20;2.92;3.01;2.92;3.00;3168213;26039560.00
2013/11/21;2.96;3.06;2.94;2.96;3660944;30382522.00
2013/11/22;2.97;2.99;2.88;2.90;2018889;16366882.00
2013/11/25;2.88;2.94;2.86;2.87;2044161;16447000.00
2013/11/26;2.89;2.94;2.84;2.91;2227329;17904926.00
2013/11/27;2.91;3.21;2.90;3.21;10670267;92529368.00
2013/11/28;3.25;3.31;3.18;3.22;11912264;106798584.00
2013/11/29;3.19;3.34;3.18;3.27;8405693;76050304.00
2013/12/02;3.07;3.17;2.94;2.94;7981937;66876548.00
2013/12/03;2.82;2.95;2.71;2.92;4812777;38008780.00
2013/12/04;2.88;3.01;2.83;2.89;4603055;37486008.00
2013/12/05;2.86;2.90;2.83;2.85;2936571;23370024.00
2013/12/06;2.86;2.90;2.83;2.90;2562832;20375472.00
2013/12/09;2.89;2.95;2.87;2.92;2890459;23394752.00
2013/12/10;2.92;2.94;2.87;2.90;2654140;21387750.00
2013/12/11;2.88;2.93;2.79;2.87;2395366;19170580.00
2013/12/12;2.84;2.93;2.84;2.90;2192902;17644434.00
2013/12/13;2.88;2.96;2.87;2.95;2519192;20395036.00
2013/12/16;2.97;3.01;2.92;2.96;3504124;28822566.00
2013/12/17;2.94;2.99;2.89;2.92;1845746;15006544.00
2013/12/18;2.89;2.93;2.86;2.88;1724061;13867718.00
2013/12/19;2.89;2.94;2.87;2.87;1933318;15574909.00
2013/12/20;2.87;2.91;2.83;2.85;2100093;16772685.00
2013/12/23;2.92;3.14;2.91;2.99;8581457;72200600.00
2013/12/24;2.94;3.10;2.90;3.02;7882891;66107336.00
2013/12/25;3.00;3.20;2.97;3.18;12896436;110177128.00
2013/12/26;3.14;3.26;3.09;3.13;11045000;97228264.00
2013/12/27;3.13;3.45;3.10;3.45;19137180;178528672.00
2013/12/30;3.45;3.73;3.39;3.67;21536746;209660080.00
2013/12/31;3.55;3.61;3.43;3.49;11000338;106771640.00
2014/01/02;3.50;3.69;3.45;3.55;11516878;113429904.00
2014/01/03;3.52;3.53;3.44;3.47;7253732;69787384.00
2014/01/06;3.46;3.57;3.36;3.37;7543233;72182568.00
2014/01/07;3.33;3.46;3.26;3.43;6378009;59220660.00
2014/01/08;3.44;3.66;3.42;3.51;10022292;98599488.00
2014/01/09;3.47;3.71;3.43;3.51;11447597;113240664.00
2014/01/10;3.47;3.50;3.25;3.25;7645709;71017080.00
2014/01/13;3.29;3.30;3.14;3.20;7607274;67976040.00
2014/01/14;3.23;3.41;3.18;3.39;6257773;57599768.00
2014/01/15;3.38;3.56;3.38;3.53;6180631;59627920.00
2014/01/16;3.53;3.62;3.45;3.57;6717126;65724044.00
2014/01/17;3.57;3.94;3.49;3.94;9010206;95036520.00
2014/01/20;4.06;4.09;3.84;3.97;13284701;145534192.00
2014/01/21;3.95;4.33;3.84;4.14;15079797;171129920.00
2014/01/22;4.09;4.25;4.03;4.12;11064512;125715368.00
2014/01/23;4.05;4.26;4.03;4.13;11243920;128580552.00
2014/01/24;4.14;4.21;4.01;4.12;7916178;89224400.00
2014/01/27;4.12;4.43;4.07;4.16;9482346;111050904.00
2014/01/28;4.22;4.51;4.14;4.40;10983080;131410712.00
2014/01/29;4.39;4.78;4.33;4.68;9167913;115016408.00
2014/01/30;4.68;4.87;4.59;4.61;7007090;90773944.00
2014/02/07;4.61;4.88;4.37;4.87;7833574;100763008.00
2014/02/10;4.88;5.07;4.77;4.97;7561171;101531944.00
2014/02/11;4.93;4.99;4.66;4.77;9745172;128726248.00
2014/02/12;4.75;4.89;4.69;4.75;6405976;83477192.00
2014/02/13;4.74;4.82;4.48;4.48;8599993;110946480.00
2014/02/14;4.48;4.71;4.36;4.68;7990237;99775544.00
2014/02/17;4.66;4.83;4.64;4.76;7560130;98872624.00
2014/02/18;4.75;5.21;4.71;4.99;12697979;172790592.00
2014/02/19;4.93;5.14;4.79;4.84;7645480;103260312.00
2014/02/20;4.84;4.90;4.57;4.77;5691892;73935488.00
2014/02/21;4.74;4.84;4.62;4.73;3052939;39839388.00
2014/02/24;4.69;4.99;4.62;4.99;5735855;75714072.00
2014/02/25;4.99;5.39;4.62;4.68;13593248;189445008.00
2014/02/26;4.55;4.66;4.36;4.58;7135875;88508104.00
2014/02/27;4.73;4.87;4.51;4.63;5917828;76222304.00
2014/02/28;4.68;4.81;4.51;4.77;4990583;64479428.00
2014/03/03;4.77;4.90;4.68;4.84;4926826;64725456.00
2014/03/04;4.90;4.90;4.62;4.70;3919352;51148104.00
2014/03/05;4.69;5.18;4.69;5.03;10912829;149838192.00
2014/03/06;5.01;5.31;4.97;5.10;8435483;118702456.00
2014/03/07;5.07;5.51;5.03;5.35;8751787;127103056.00
2014/03/10;5.29;5.40;4.81;4.81;7384982;103206808.00
2014/03/11;4.70;4.87;4.59;4.67;4552663;58962232.00
2014/03/12;4.66;4.81;4.46;4.63;4130065;52561104.00
2014/03/13;4.62;4.79;4.61;4.76;3040881;39166872.00
2014/03/14;4.74;4.82;4.64;4.66;2731886;35472040.00
2014/03/17;4.68;4.93;4.65;4.87;4413877;57868528.00
2014/03/18;4.89;5.16;4.81;5.13;5755117;78988544.00
2014/03/19;5.10;5.10;4.92;5.06;3795894;52441728.00
2014/03/20;5.03;5.24;4.54;4.61;5631013;76216112.00
2014/03/21;4.59;4.79;4.36;4.77;4180666;53227400.00
2014/03/24;4.76;4.76;4.60;4.62;3774818;48350920.00
2014/03/25;4.65;4.66;4.46;4.53;3665077;45790828.00
2014/03/26;4.54;4.69;4.50;4.66;2651779;33596028.00
2014/03/27;4.64;4.67;4.48;4.49;2957501;37159392.00
2014/03/28;4.51;4.54;4.04;4.04;5445048;62820108.00
2014/03/31;4.00;4.10;3.79;3.81;4039354;43719148.00
2014/04/01;3.83;3.97;3.81;3.94;2373842;25633032.00
2014/04/02;3.94;3.98;3.77;3.85;2763481;29365092.00
2014/04/03;3.90;4.00;3.84;3.93;3154348;34207400.00
2014/04/04;3.92;3.99;3.86;3.99;1658395;18014442.00
2014/04/08;3.93;3.95;3.82;3.92;2348421;25310328.00
2014/04/09;3.95;4.04;3.93;4.02;3571489;39163768.00
2014/04/10;4.06;4.17;4.01;4.09;3462662;39153904.00
2014/04/11;4.04;4.06;3.92;4.00;2096091;23069676.00
2014/04/14;4.00;4.07;3.98;4.04;2103613;23285836.00
2014/04/15;4.01;4.04;3.95;3.97;2237403;24593532.00
2014/04/16;3.97;4.01;3.91;3.97;1376402;15052822.00
2014/04/17;4.00;4.07;3.98;4.06;2010856;22342372.00
2014/04/18;4.07;4.10;4.04;4.07;1572892;17650242.00
2014/04/21;4.06;4.10;3.91;3.91;2037917;22470076.00
2014/04/22;3.93;3.97;3.67;3.74;3522864;36791672.00
2014/04/23;3.76;3.79;3.69;3.74;2319914;23878082.00
2014/04/24;3.75;3.75;3.39;3.62;2375381;24012980.00
2014/04/25;3.73;3.97;3.71;3.79;5052096;53562996.00
2014/04/28;3.72;3.99;3.63;3.95;4780524;51258504.00
2014/04/29;3.96;3.99;3.81;3.97;2555706;27550372.00
2014/04/30;3.99;4.09;3.93;4.02;3183407;35253388.00
2014/05/05;4.00;4.14;4.00;4.14;3398978;38260696.00
2014/05/06;4.12;4.16;4.08;4.14;3408542;38659320.00
2014/05/07;4.10;4.13;4.04;4.04;2461782;27630872.00
2014/05/08;4.05;4.16;4.03;4.07;2265943;25608628.00
2014/05/09;4.09;4.14;4.02;4.09;2293969;25824538.00
2014/05/12;4.14;4.20;4.09;4.19;3325605;37970084.00
2014/05/13;4.19;4.19;4.09;4.13;2541287;28927932.00
2014/05/14;4.15;4.32;4.11;4.27;3688313;43164220.00
2014/05/15;4.29;4.36;4.14;4.17;2887009;33801072.00
2014/05/16;4.15;4.22;3.99;4.07;2932653;21873478.00
2014/05/19;4.26;4.48;4.21;4.48;4993143;39921872.00
2014/05/20;4.80;4.94;4.80;4.94;3171869;28204878.00
2014/05/21;5.01;5.12;4.68;4.96;19332586;169859760.00
2014/05/22;4.84;5.03;4.79;4.89;15602609;138625552.00
2014/05/23;4.79;4.88;4.63;4.76;11104411;95603352.00
2014/05/26;4.74;4.89;4.72;4.83;9265299;80886656.00
2014/05/27;4.79;4.84;4.68;4.74;6233648;53864772.00
2014/05/28;4.83;5.10;4.79;4.87;10462542;93610344.00
2014/05/29;4.80;4.87;4.73;4.75;6123471;53256896.00
2014/05/30;4.74;4.78;4.57;4.68;5459928;46447828.00
2014/06/03;4.68;4.75;4.63;4.64;2944463;25115576.00
2014/06/04;4.65;4.74;4.61;4.73;3708014;31519688.00
2014/06/05;4.96;4.97;4.80;4.93;7921748;70220568.00
2014/06/06;4.86;4.97;4.81;4.81;5109461;45334384.00
2014/06/09;4.80;4.86;4.62;4.63;4584226;39179272.00
2014/06/10;4.67;4.77;4.63;4.76;3369298;28836232.00
2014/06/11;4.73;5.02;4.71;4.96;9881670;88335368.00
2014/06/12;4.90;4.98;4.86;4.88;4743281;42312112.00
2014/06/13;4.88;5.04;4.84;5.04;6735497;61075888.00
2014/06/16;5.11;5.40;5.02;5.29;8662652;82734136.00
2014/06/17;5.31;5.37;5.18;5.28;5570777;52981092.00
2014/06/18;5.25;5.25;5.01;5.08;6205476;57474360.00
2014/06/19;5.06;5.09;4.57;4.58;7194711;62232212.00
2014/06/20;4.58;4.87;4.57;4.79;6036604;52092244.00
2014/06/23;4.79;4.98;4.78;4.84;4830949;42605964.00
2014/06/24;4.84;4.92;4.77;4.85;3746192;32851570.00
2014/06/25;4.85;4.86;4.73;4.80;2395224;20740462.00
2014/06/26;4.80;4.97;4.79;4.91;3804594;33914180.00
2014/06/27;4.91;5.21;4.88;5.14;7457282;68985160.00
2014/06/30;5.20;5.22;5.08;5.16;4962712;46361736.00
2014/07/01;5.16;5.39;5.13;5.27;5844432;55779408.00
2014/07/02;5.31;5.31;5.19;5.28;5092544;48604880.00
2014/07/03;5.24;5.32;5.17;5.17;5199604;49244924.00
2014/07/04;5.17;5.32;5.13;5.30;5137704;48929844.00
2014/07/07;5.28;5.39;5.18;5.30;3620408;34672548.00
2014/07/08;5.29;5.29;5.17;5.27;3737838;35431308.00
2014/07/09;5.26;5.46;5.23;5.26;6816604;65986504.00
2014/07/10;5.22;5.32;5.14;5.16;4063931;38519344.00
2014/07/11;5.17;5.22;5.07;5.17;3017143;28234964.00
2014/07/14;5.15;5.19;5.02;5.13;3652851;33777076.00
2014/07/15;4.93;4.99;4.73;4.78;6764761;59454316.00
2014/07/16;4.74;4.82;4.68;4.72;2976986;25791180.00
2014/07/17;4.72;4.80;4.69;4.78;1972580;17068238.00
2014/07/18;4.81;4.83;4.62;4.68;3258412;27993790.00
2014/07/21;4.69;4.69;4.49;4.53;3559104;29416282.00
2014/07/22;4.53;4.62;4.49;4.59;1761756;14676849.00
2014/07/23;4.61;4.61;4.47;4.47;2144663;17628528.00
2014/07/24;4.48;4.51;4.31;4.36;2584813;20608726.00
2014/07/25;4.36;4.45;4.34;4.43;1843264;14781229.00
2014/07/28;4.43;4.58;4.37;4.56;2760224;22583388.00
2014/07/29;4.57;4.67;4.54;4.58;3060273;25600164.00
2014/07/30;4.55;4.72;4.53;4.66;2790273;23518988.00
2014/07/31;4.66;4.72;4.59;4.68;2768207;23442824.00
2014/08/01;4.66;4.68;4.56;4.56;2460200;20662596.00
2014/08/04;4.57;4.61;4.54;4.59;1866319;15540486.00
2014/08/05;4.60;4.78;4.56;4.74;3781706;32208922.00
2014/08/06;4.74;4.99;4.72;4.91;7136290;63485216.00
2014/08/07;4.92;4.92;4.79;4.83;3524943;31074328.00
2014/08/08;4.82;4.92;4.82;4.88;2786920;24669188.00
2014/08/11;4.88;4.93;4.87;4.91;2584321;22993364.00
2014/08/12;4.92;4.96;4.87;4.93;2666391;23748824.00
2014/08/13;4.90;4.93;4.74;4.84;2831543;24893936.00
2014/08/14;4.84;5.11;4.79;4.91;7690676;69370472.00
2014/08/15;4.87;5.04;4.86;5.02;6687305;60514848.00
2014/08/18;5.05;5.16;5.03;5.09;6197485;57365316.00
2014/08/19;5.13;5.27;5.06;5.16;8817568;82595432.00
2014/08/20;5.10;5.22;5.07;5.12;5570176;52039148.00
2014/08/21;5.16;5.62;5.15;5.54;15490828;151041104.00
2014/08/22;5.44;5.52;5.40;5.48;10628153;105424680.00
2014/08/25;5.49;5.96;5.43;5.76;13541037;141708176.00
2014/08/26;5.66;5.88;5.57;5.59;9117237;94433512.00
2014/08/27;5.59;5.85;5.59;5.67;7982655;83156696.00
2014/08/28;5.68;5.78;5.52;5.60;5242479;53590184.00
2014/08/29;5.56;5.74;5.56;5.71;5233350;53566276.00
2014/09/01;5.71;5.87;5.64;5.82;6924899;72336264.00
2014/09/02;5.87;5.89;5.76;5.83;5915276;62576708.00
2014/09/03;5.82;6.06;5.80;5.92;8988254;96492064.00
2014/09/04;5.91;5.95;5.71;5.79;9306724;97603752.00
2014/09/05;5.73;5.83;5.60;5.67;9124957;94084872.00
2014/09/09;5.62;5.74;5.62;5.72;5956881;61324764.00
2014/09/10;5.73;5.73;5.62;5.68;6595457;67627848.00
2014/09/11;5.67;6.26;5.62;6.26;22981949;252063296.00
2014/09/12;6.14;6.18;6.01;6.11;14014054;155066384.00
2014/09/15;6.13;6.39;6.03;6.19;15655298;177377952.00
2014/09/16;6.16;6.71;6.13;6.40;16158668;185281056.00
2014/09/17;6.34;6.45;6.16;6.31;9491049;108099272.00
2014/09/18;6.26;6.59;6.25;6.56;9996334;116603568.00
2014/09/19;6.58;6.88;6.47;6.78;9365533;114050232.00
2014/09/22;6.78;7.22;6.66;7.04;10977063;138961248.00
2014/09/23;6.96;7.21;6.84;7.03;10141063;127915840.00
2014/09/24;7.02;7.24;6.92;7.05;7667353;98099304.00
2014/09/25;7.02;7.14;6.71;6.79;9572947;118655424.00
2014/09/26;6.80;6.87;6.74;6.84;5140571;63448364.00
2014/09/29;6.79;7.39;6.79;7.37;9330738;120593272.00
2014/09/30;7.38;7.49;7.26;7.28;5914323;78637120.00
2014/10/08;7.27;7.34;7.15;7.25;5603803;73180608.00
2014/10/09;7.28;7.30;7.04;7.21;6648103;86233008.00
2014/10/10;7.17;7.34;7.09;7.29;7299094;95796864.00
2014/10/13;7.29;7.30;6.94;7.04;6508158;83739064.00
2014/10/14;7.01;7.23;6.97;7.07;4844206;62204816.00
2014/10/15;6.98;7.07;6.61;6.74;9832058;120705840.00
2014/10/16;6.73;6.87;6.65;6.67;5643693;69075312.00
2014/10/17;6.68;6.73;6.36;6.43;6022548;70549056.00
2014/10/20;6.43;6.65;6.43;6.61;4330486;51494108.00
2014/10/21;6.56;6.64;6.40;6.45;4298035;50328888.00
2014/10/22;6.47;6.52;6.24;6.28;3109200;36093680.00
2014/10/23;6.27;6.27;5.91;6.05;6402236;70545488.00
2014/10/24;6.09;6.37;6.01;6.21;5165061;58400960.00
2014/10/27;6.18;6.34;6.17;6.29;2718765;30942318.00
2014/10/28;6.29;6.51;6.29;6.45;3501086;40756848.00
2014/10/29;6.41;6.48;6.23;6.37;7311759;84476144.00
2014/10/30;6.37;6.47;6.29;6.31;5023804;58124196.00
2014/10/31;6.37;6.40;6.03;6.19;6524420;73362560.00
2014/11/03;6.19;6.42;6.15;6.42;5958458;68188960.00
2014/11/04;6.43;6.55;6.32;6.53;6116612;71129472.00
2014/11/05;6.45;6.46;6.29;6.32;6199966;71510920.00
2014/11/06;6.32;6.38;6.28;6.37;3651138;41915616.00
2014/11/07;6.37;6.48;6.17;6.18;11007247;126371200.00
2014/11/10;6.20;6.27;6.01;6.07;8165462;90287432.00
2014/11/11;6.15;6.15;5.56;5.62;10504042;109888760.00
2014/11/12;5.61;5.73;5.60;5.71;4110354;42267292.00
2014/11/13;5.69;5.71;5.34;5.39;8656001;85835592.00
2014/11/14;5.41;5.57;5.37;5.49;4963791;49306872.00
2014/11/17;5.49;5.66;5.46;5.63;4958152;50344100.00
2014/11/18;5.66;5.72;5.62;5.71;3805191;39240976.00
2014/11/19;5.72;5.97;5.68;5.88;6147293;64982572.00
2014/11/20;5.85;5.95;5.80;5.88;4093770;43643804.00
2014/11/21;5.92;6.48;5.92;6.48;20315381;236522432.00
2014/11/24;6.51;6.77;6.41;6.62;18542208;220278592.00
2014/11/25;6.59;7.28;6.53;7.08;15849966;198902560.00
2014/11/26;7.13;7.27;6.89;7.07;11878129;151600944.00
2014/11/27;7.04;7.09;6.77;6.94;9817102;122789024.00
2014/11/28;6.91;6.97;6.58;6.71;11418353;139322576.00
2014/12/01;6.71;6.78;6.38;6.48;9269626;109392720.00
2014/12/02;6.50;6.60;6.43;6.53;5872380;69534200.00
2014/12/03;6.56;6.56;6.21;6.46;10868967;125454952.00
2014/12/04;6.45;6.78;6.41;6.78;10760690;128919704.00
2014/12/05;6.66;6.76;6.10;6.32;16573646;190006960.00
2014/12/08;6.29;6.29;5.93;6.01;13170115;144028848.00
2014/12/09;6.02;6.07;5.79;5.93;10197546;109501648.00
2014/12/10;5.89;6.18;5.84;5.99;11225908;122371696.00
2014/12/11;6.01;6.15;5.93;6.03;7036928;77243544.00
2014/12/12;6.00;6.24;5.90;6.21;8054537;88272416.00
2014/12/15;6.14;6.27;6.07;6.22;7738715;86777240.00
2014/12/16;6.16;6.18;5.89;6.06;8494288;92647936.00
2014/12/17;5.99;5.99;5.80;5.89;6486355;68972744.00
2014/12/18;5.88;5.96;5.84;5.84;4271333;45700628.00
2014/12/19;5.84;5.84;5.46;5.60;7126479;72529152.00
2014/12/22;5.57;5.57;5.03;5.03;8407781;78192616.00
2014/12/23;5.00;5.14;4.84;4.94;5935554;53729820.00
2014/12/24;4.97;5.21;4.96;5.20;5524223;51248028.00
2014/12/25;5.20;5.26;5.13;5.25;3744255;35420404.00
2014/12/26;5.22;5.28;5.06;5.10;5369157;49853760.00
2014/12/29;5.09;5.09;4.86;4.92;5090176;45390600.00
2014/12/30;4.90;4.95;4.59;4.68;5573405;48068996.00
2014/12/31;4.68;4.82;4.64;4.75;4146870;35595988.00
2015/01/05;4.74;4.76;4.53;4.71;5518253;46389764.00
2015/01/06;4.68;5.05;4.66;5.03;7031378;62155424.00
2015/01/07;4.97;5.02;4.89;4.94;4451987;39852736.00
2015/01/08;4.93;5.06;4.89;4.95;4975162;45021380.00
2015/01/09;4.96;5.09;4.92;4.93;4724553;42913564.00
2015/01/12;4.93;4.93;4.68;4.72;4272540;37196116.00
2015/01/13;4.73;5.01;4.69;4.92;5578541;49495556.00
2015/01/14;4.93;5.06;4.84;4.94;5056828;45562584.00
2015/01/15;4.91;5.05;4.91;4.93;3585726;32318128.00
2015/01/16;4.93;5.17;4.90;5.13;7427284;68349528.00
2015/01/19;5.01;5.33;4.95;5.05;9748208;91358760.00
2015/01/20;5.07;5.37;5.07;5.36;8631552;82254488.00
2015/01/21;5.34;5.59;5.29;5.50;8667209;86019880.00
2015/01/22;5.51;5.54;5.38;5.52;6458303;63914412.00
2015/01/23;5.49;5.50;5.27;5.27;8186206;79637896.00
2015/01/26;5.24;5.40;5.23;5.39;4549863;44144640.00
2015/01/27;5.37;5.43;5.27;5.40;6072949;59078076.00
2015/01/28;5.39;5.66;5.35;5.51;9639114;96707816.00
2015/01/29;5.46;5.61;5.41;5.45;4873179;48589596.00
2015/01/30;5.49;5.57;5.27;5.28;5528606;54210296.00
2015/02/02;5.26;5.39;5.18;5.34;3583842;34665196.00
2015/02/03;5.34;5.56;5.34;5.51;6867560;68048016.00
2015/02/04;5.51;5.61;5.46;5.54;8116924;81432168.00
2015/02/05;5.56;6.05;5.48;5.75;17899132;187811104.00
2015/02/06;5.72;5.89;5.56;5.64;10786137;112703088.00
2015/02/09;5.56;5.83;5.46;5.47;7952639;81746616.00
2015/02/10;5.44;5.69;5.40;5.69;6031219;60518404.00
2015/02/11;5.68;5.82;5.63;5.75;6643230;69213536.00
2015/02/12;5.71;6.05;5.71;6.00;13204952;141015616.00
2015/02/13;5.94;6.23;5.89;6.01;11924508;130514208.00
2015/02/16;6.04;6.39;6.01;6.33;14047650;158802032.00
2015/02/17;6.34;6.34;6.09;6.16;10884023;121812416.00
2015/02/25;6.17;6.21;5.93;6.01;7087494;78080600.00
2015/02/26;6.06;6.23;6.01;6.11;8102881;89783360.00
2015/02/27;6.06;6.29;6.02;6.12;15828472;176707488.00
2015/03/02;6.15;6.28;6.06;6.28;13387147;149957152.00
2015/03/03;6.48;6.79;6.30;6.40;24956445;296350176.00
2015/03/04;6.36;6.67;6.32;6.63;17796134;210273552.00
2015/03/05;6.57;6.65;6.43;6.50;13945532;164889696.00
2015/03/06;6.48;6.55;6.10;6.11;14315155;162359712.00
2015/03/09;6.02;6.33;6.01;6.28;8771477;98603072.00
2015/03/10;6.28;6.54;6.26;6.48;11116655;129369440.00
2015/03/11;6.48;6.52;6.27;6.42;9944219;115250488.00
2015/03/12;6.42;6.54;6.26;6.40;11731594;136407264.00
2015/03/13;6.43;6.78;6.38;6.72;18161159;217717248.00
2015/03/16;6.72;7.23;6.69;7.13;21888409;274492576.00
2015/03/17;7.08;7.19;6.85;7.01;21118793;268661408.00
2015/03/18;7.01;7.34;6.91;7.16;20219405;259436752.00
2015/03/19;7.14;7.18;6.91;7.08;15617871;199247568.00
2015/03/20;7.06;7.79;7.01;7.79;36742517;509605920.00
2015/03/23;8.01;8.57;7.96;8.57;26548504;396356768.00
2015/03/24;9.12;9.43;8.68;9.19;56184848;925723520.00
2015/03/25;9.29;10.12;9.21;10.12;13713491;243298960.00
2015/03/26;10.77;10.77;9.10;9.28;46680483;830713792.00
2015/03/27;9.33;9.33;8.82;8.99;28071381;458118304.00
2015/03/30;8.84;8.92;8.39;8.67;32463858;506360704.00
2015/03/31;8.67;9.05;8.60;8.94;27142762;436422304.00
2015/04/01;8.94;9.33;8.85;9.13;24981175;411065952.00
2015/04/02;9.12;9.26;8.90;9.13;22920933;375250848.00
2015/04/03;9.01;9.58;8.91;9.51;25897172;430236800.00
2015/04/07;9.44;9.57;9.23;9.51;24191848;410845984.00
2015/04/08;9.47;9.47;8.57;8.87;24912248;406955328.00
2015/04/09;8.83;8.83;8.15;8.58;17192398;263573552.00
2015/04/10;8.47;8.99;8.40;8.85;13922112;220859136.00
2015/04/13;8.87;9.11;8.72;8.90;14689088;237454192.00
2015/04/14;8.90;9.04;8.68;8.81;12291465;196271504.00
2015/04/15;8.73;8.74;8.07;8.07;13092934;198617888.00
2015/04/16;8.07;8.37;7.91;8.25;9874998;146896096.00
2015/04/17;8.29;8.43;8.14;8.25;12371517;185017120.00
2015/04/20;8.22;8.27;7.89;7.94;13954141;203957792.00
2015/04/21;7.96;8.44;7.96;8.44;13167049;197136944.00
2015/04/22;8.52;8.73;8.51;8.64;14029265;218777152.00
2015/04/23;8.63;8.79;8.44;8.69;15752810;245045952.00
2015/04/24;8.51;8.80;8.39;8.59;14295651;222754544.00
2015/04/27;8.57;9.23;8.57;9.06;27584780;446789728.00
2015/04/28;8.98;9.17;8.26;8.33;16062049;251437376.00
2015/04/29;8.33;8.78;8.25;8.68;10476701;162410800.00
2015/04/30;8.68;9.14;8.68;8.81;16591965;267663872.00
2015/05/04;8.79;9.06;8.46;9.03;13854056;220659120.00
2015/05/05;8.94;9.48;8.94;9.12;23395403;390273344.00
2015/05/06;9.18;9.71;9.08;9.21;22206073;378520672.00
2015/05/07;9.22;10.13;9.13;9.94;30329835;533915200.00
2015/05/08;10.01;10.62;9.60;10.46;30526804;559984448.00
2015/05/11;10.43;10.67;10.24;10.49;27517823;521738336.00
2015/05/12;10.50;11.34;10.42;10.73;27258157;530081408.00
2015/05/13;10.38;10.48;9.86;10.23;27649934;509436128.00
2015/05/14;10.09;10.33;9.90;10.01;18496122;336299392.00
2015/05/15;9.93;9.95;9.40;9.78;18148569;316937696.00
2015/05/18;9.84;10.77;9.73;10.77;24058040;448161536.00
2015/05/19;10.83;11.19;10.35;10.99;21284927;413233184.00
2015/05/20;10.91;11.93;10.71;10.81;23231453;474959424.00
2015/05/21;10.78;11.54;10.74;11.43;21535895;434180448.00
2015/05/22;11.73;12.23;11.16;11.87;26611766;566315008.00
2015/05/25;11.34;11.98;11.07;11.74;18828310;393703936.00
2015/05/26;12.12;12.92;12.04;12.92;11221279;254855280.00
2015/05/27;13.54;14.21;13.29;13.57;28537681;710491712.00
2015/05/28;13.29;14.52;13.06;13.15;24194935;600639168.00
2015/05/29;13.43;13.97;12.39;13.70;21402735;520638112.00
2015/06/01;14.02;14.77;13.57;14.44;20295521;519745920.00
2015/06/02;13.94;14.82;13.67;14.56;30128752;764678912.00
2015/06/03;14.56;16.02;14.07;16.02;30825703;844988160.00
2015/06/04;15.58;15.78;14.41;14.82;27920743;753742976.00
2015/06/05;15.13;15.51;14.41;14.83;22429011;609201280.00
2015/06/08;15.13;15.51;14.79;15.18;22537180;615692480.00
2015/06/09;14.98;15.21;13.90;14.12;19405697;507740384.00
2015/06/10;13.94;14.89;13.72;14.73;13936848;362857536.00
2015/06/11;14.68;16.12;14.58;16.08;21253454;591756096.00
2015/06/12;16.18;17.69;15.90;17.40;18440049;556560000.00
2015/06/15;17.01;17.54;16.25;16.34;15673597;473285984.00
2015/06/16;16.06;16.38;14.71;14.85;19129278;520199552.00
2015/06/17;15.03;15.23;14.23;15.14;15982018;425508096.00
2015/06/18;14.89;15.06;13.63;13.63;14755083;382122208.00
2015/06/19;13.18;13.22;12.27;12.27;13651343;311554944.00
2015/06/23;12.04;12.49;11.23;12.38;10808710;231671632.00
2015/06/24;12.50;12.81;12.06;12.31;12155036;272409056.00
2015/06/25;12.28;12.71;11.12;11.54;12253493;266581504.00
2015/06/26;11.14;11.14;10.39;10.39;10115131;192221664.00
2015/06/29;10.61;10.69;9.35;9.35;12907224;223787328.00
2015/06/30;8.92;10.02;8.42;9.67;15439564;256513920.00
2015/07/01;9.42;10.09;8.70;8.70;14331433;247093936.00
2015/07/02;8.44;8.83;7.83;7.83;12213700;179493728.00
2015/07/03;7.33;8.61;7.04;8.43;29517416;424218944.00
2015/07/06;9.28;9.28;7.59;7.69;23790841;357005248.00
2015/07/07;7.17;7.18;6.92;6.92;5772671;72155872.00
2015/07/08;6.23;6.56;6.23;6.23;29511578;332687264.00
2015/07/09;6.23;6.85;6.13;6.85;14711700;177138144.00
2015/07/10;7.17;7.53;7.14;7.53;4531316;60580860.00
2015/07/13;8.29;8.29;7.96;8.29;17073335;251723376.00
2015/07/14;8.33;9.11;8.07;8.73;27250357;428235616.00
2015/07/15;8.36;8.54;7.86;7.86;12448136;180322832.00
2015/07/16;7.07;8.33;7.07;7.87;15076193;209907312.00
2015/07/17;7.87;8.66;7.87;8.64;14825981;221779824.00
2015/07/20;8.56;9.05;8.32;8.64;17789410;278543616.00
2015/07/21;8.33;8.89;8.17;8.86;15122618;235510672.00
2015/07/22;8.82;9.18;8.46;9.18;18380097;292604544.00
2015/07/23;9.24;9.61;8.99;9.44;17791823;297853120.00
2015/07/24;9.38;9.84;8.83;9.01;19661751;334721376.00
2015/07/27;8.72;9.19;8.11;8.11;15653413;242822480.00
2015/07/28;7.31;7.92;7.30;7.30;15255230;203914128.00
2015/07/29;7.55;7.83;6.87;7.83;13721430;181595664.00
2015/07/30;7.67;7.99;7.21;7.21;12264055;170385408.00
2015/07/31;6.95;7.47;6.95;7.15;9687793;124744664.00
2015/08/03;6.97;7.15;6.43;6.57;10018430;122479296.00
2015/08/04;6.72;7.22;6.70;7.22;11375969;146375456.00
2015/08/05;7.67;7.94;7.51;7.76;28349777;400423072.00
2015/08/06;7.22;7.71;7.06;7.64;18553666;250478192.00
2015/08/07;7.75;8.15;7.75;8.07;20477787;293730496.00
2015/08/10;8.11;8.74;7.98;8.63;19388984;290110400.00
2015/08/11;8.51;8.74;8.42;8.54;17478876;270530336.00
2015/08/12;8.45;8.82;8.34;8.63;15173298;234408704.00
2015/08/13;8.62;9.19;8.53;9.06;16356646;262636368.00
2015/08/14;9.16;9.16;8.68;8.72;16431328;264031872.00
2015/08/17;8.61;8.99;8.42;8.88;13227562;206832448.00
2015/08/18;8.88;9.05;7.99;7.99;16822645;257491664.00
2015/08/19;7.50;8.29;7.36;8.22;13322607;187745600.00
2015/08/20;8.05;8.51;7.88;7.94;10099980;147925776.00
2015/08/21;7.79;8.67;7.52;8.04;16044640;234465440.00
2015/08/24;7.69;7.69;7.23;7.23;7275589;95616984.00
2015/08/25;6.53;6.91;6.51;6.51;8125125;96104728.00
2015/08/26;6.48;6.72;5.86;5.86;15353100;170785584.00
2015/08/27;6.11;6.22;5.44;6.16;11710247;125791056.00
2015/08/28;6.22;6.72;6.14;6.69;15769303;178942192.00
2015/08/31;6.56;6.61;6.07;6.07;9842155;112288904.00
2015/09/01;6.08;6.24;5.47;5.47;10554699;108557816.00
2015/09/02;5.10;5.88;5.00;5.04;9877070;94941952.00
2015/09/07;5.22;5.55;5.22;5.55;14059778;139692880.00
2015/09/08;5.43;6.11;5.36;6.06;16650122;171133312.00
2015/09/09;6.04;6.42;6.01;6.31;14905109;167435616.00
2015/09/10;6.13;6.44;6.12;6.22;9187545;104019184.00
2015/09/11;6.17;6.43;6.12;6.29;7577779;85747960.00
2015/09/14;6.29;6.38;5.67;5.67;8138268;87592656.00
2015/09/15;5.34;5.47;5.10;5.10;9847052;92625608.00
2015/09/16;5.15;5.61;5.15;5.61;9720288;94178064.00
2015/09/17;5.61;6.02;5.52;5.52;10439306;108766568.00
2015/09/18;5.64;5.82;5.48;5.75;7196227;73108992.00
2015/09/21;5.61;6.22;5.57;6.11;9925529;105676288.00
2015/09/22;6.19;6.31;5.89;6.08;12979360;142544960.00
2015/09/23;5.92;6.28;5.91;6.15;10683128;117212480.00
2015/09/24;6.17;6.37;6.15;6.26;8963542;101114992.00
2015/09/25;6.25;6.26;5.67;5.80;9047188;97101328.00
2015/09/28;5.89;6.18;5.76;6.17;7277301;78921600.00
2015/09/29;6.06;6.18;5.88;6.03;6038771;65614336.00
2015/09/30;6.07;6.17;5.89;6.08;5519475;60330052.00
2015/10/08;6.39;6.50;6.27;6.41;8751658;100838888.00
2015/10/09;6.38;6.69;6.38;6.64;10208582;119689840.00
2015/10/12;6.64;7.31;6.56;7.31;16790903;213288944.00
2015/10/13;7.23;7.47;7.17;7.35;15010871;197911984.00
2015/10/14;7.23;7.32;6.97;7.03;12953805;166938272.00
2015/10/15;6.96;7.39;6.92;7.38;14839729;192318112.00
2015/10/16;7.42;7.58;7.16;7.48;14534166;192902592.00
2015/10/19;7.48;7.51;7.12;7.26;12371048;162593424.00
2015/10/20;7.27;7.66;7.22;7.55;16084732;215724096.00
2015/10/21;7.50;8.31;7.36;7.91;41135237;581951296.00
2015/10/22;7.73;8.69;7.73;8.69;38554857;576437824.00
2015/10/23;8.67;9.42;8.51;8.83;35432786;566784832.00
2015/10/26;8.83;8.94;8.33;8.61;23417514;362949152.00
2015/10/27;8.48;8.72;7.88;8.57;18074241;271614368.00
2015/10/28;8.46;8.61;7.94;8.07;15756560;235079216.00
2015/10/29;8.31;8.46;8.06;8.19;11745647;175007168.00
2015/10/30;8.22;8.97;8.07;8.42;20652382;317833600.00
2015/11/02;8.06;8.32;7.69;7.72;14496157;209011600.00
2015/11/03;7.67;7.88;7.56;7.73;11126533;154683808.00
2015/11/04;7.79;8.28;7.79;8.26;12357662;179855344.00
2015/11/05;8.33;8.43;8.03;8.33;14509166;215943360.00
2015/11/06;8.36;8.82;8.36;8.74;16605977;258464656.00
2015/11/09;8.61;9.16;8.56;8.97;19348822;311721856.00
2015/11/10;9.15;9.39;8.71;8.89;20466839;333321088.00
2015/11/11;8.86;9.42;8.74;9.34;21022054;345756864.00
2015/11/12;9.32;9.36;8.89;9.12;15531206;255272688.00
2015/11/13;8.89;8.99;8.40;8.60;13432606;212018992.00
2015/11/16;8.35;9.07;8.35;9.06;11483031;181437792.00
2015/11/17;9.13;9.32;8.65;8.76;16820379;271013056.00
2015/11/18;8.76;8.86;8.22;8.28;9441468;146470064.00
2015/11/19;8.38;8.67;8.33;8.62;10106829;154855072.00
2015/11/20;8.68;9.06;8.63;8.90;13996703;222787168.00
2015/11/23;8.91;9.79;8.75;9.79;17290413;297765152.00
2015/11/24;10.00;10.17;9.33;9.98;32879334;576045888.00
2015/11/25;9.82;10.98;9.72;10.73;37073774;695317184.00
2015/11/26;10.66;11.80;10.60;11.06;37320271;761299520.00
2015/11/27;10.96;11.46;9.96;10.39;23162785;448218720.00
2015/11/30;10.29;10.86;9.66;10.37;20592210;380095296.00
2015/12/01;10.33;11.05;10.20;10.52;18791203;362191680.00
2015/12/02;10.39;10.48;9.47;9.72;15864316;280314880.00
2015/12/03;9.78;10.69;9.73;10.58;16543467;304304352.00
2015/12/04;10.61;10.83;10.23;10.33;16887910;319192096.00
2015/12/07;10.33;10.83;10.19;10.77;14074917;264788768.00
2015/12/08;10.57;10.99;10.40;10.54;14650797;281952416.00
2015/12/09;10.54;10.93;10.38;10.65;10729392;206113760.00
2015/12/10;10.50;10.63;10.23;10.29;8822002;165137392.00
2015/12/11;10.17;10.42;9.83;9.86;7737232;140501728.00
2015/12/14;9.75;10.37;9.61;10.31;6756634;121921952.00
2015/12/15;10.22;10.66;10.18;10.61;6602260;124473168.00
2015/12/16;10.84;10.97;10.51;10.52;8820489;170642240.00
2015/12/17;10.57;11.05;10.57;10.87;12089248;235939936.00
2015/12/18;11.11;11.61;10.89;11.02;15512004;313639424.00
2015/12/21;11.10;11.28;10.79;11.23;9933609;197381136.00
2015/12/22;11.32;12.35;11.31;12.35;30413011;668790272.00
2015/12/23;12.56;13.39;12.36;12.56;32937109;761137472.00
2015/12/24;12.49;13.79;12.06;13.61;20069788;464015360.00
2015/12/25;13.46;14.11;13.11;13.83;15158667;372937728.00
2015/12/28;13.92;14.33;13.09;13.33;21735047;536867168.00
2015/12/29;13.33;13.78;12.78;13.34;13853562;332195392.00
2015/12/30;13.69;14.67;13.44;14.67;22102851;570842176.00
2015/12/31;15.28;15.66;14.67;15.37;17793040;486546592.00
2016/01/04;15.30;15.72;13.83;13.83;15115296;404022944.00
2016/01/05;13.11;13.44;12.44;12.67;25791252;591585280.00
2016/01/06;12.77;13.94;11.74;13.94;24615798;569706432.00
2016/01/07;13.64;13.64;12.54;12.54;5438400;127645936.00
2016/01/08;12.56;13.11;11.29;12.17;22586860;500394944.00
2016/01/11;11.42;12.11;10.95;10.95;14291911;288104736.00
2016/01/12;10.89;10.94;9.86;9.86;17529669;318469888.00
2016/01/13;10.02;10.36;9.01;9.13;16498983;294293568.00
2016/01/14;8.23;9.94;8.22;9.48;18570212;295393376.00
2016/01/15;9.33;9.59;8.66;8.90;16719271;275632576.00
2016/01/18;8.58;9.79;8.58;9.67;21283381;358850976.00
2016/01/19;9.45;10.63;9.45;10.63;20023796;369517920.00
2016/01/20;10.77;10.86;9.94;10.33;20286253;381347904.00
2016/01/21;10.27;10.92;9.93;9.94;17667058;335770944.00
2016/01/22;10.23;10.59;9.50;10.39;13008205;235973296.00
2016/01/25;10.56;10.88;10.01;10.34;11037544;209370096.00
2016/01/26;10.12;10.18;9.31;9.31;10857494;189120240.00
2016/01/27;9.03;9.22;8.38;8.38;18577239;285570848.00
2016/01/28;8.33;8.50;7.54;7.54;20680013;298871616.00
2016/01/29;7.45;7.98;7.18;7.73;19798132;273881792.00
2016/02/01;7.67;7.75;6.96;7.02;18218189;237513184.00
2016/02/02;7.06;7.72;7.00;7.72;15312063;207814512.00
2016/02/03;7.72;8.48;7.64;8.25;25876163;367085088.00
2016/02/04;8.16;8.72;8.06;8.45;18125770;273848320.00
2016/02/05;8.48;8.63;8.09;8.12;10821956;162424192.00
2016/02/15;7.69;8.33;7.64;8.23;9352257;134699488.00
2016/02/16;8.18;9.05;8.18;8.92;15297365;243611632.00
2016/02/17;8.89;9.67;8.68;9.67;21941733;360258656.00
2016/02/18;9.68;9.76;9.32;9.39;13433983;229756960.00
2016/02/19;9.39;9.79;9.22;9.54;14338060;244837120.00
2016/02/22;9.52;9.74;9.39;9.58;10864395;187212736.00
2016/02/23;9.53;9.55;8.87;9.16;18123115;298173056.00
2016/02/24;9.03;9.27;8.54;9.00;14212744;227451664.00
2016/02/25;9.06;9.06;8.10;8.10;12017579;183993856.00
2016/02/26;8.17;8.36;7.71;8.12;11286183;164697728.00
2016/02/29;8.07;8.13;7.31;7.31;10671204;142557616.00
2016/03/01;7.30;8.00;6.97;7.71;14078990;188529952.00
2016/03/02;7.69;8.31;7.51;8.22;13263554;189936528.00
2016/03/03;8.08;8.59;8.08;8.16;12510337;187039440.00
2016/03/04;8.08;8.21;7.43;7.49;11853989;165538656.00
2016/03/07;7.64;8.03;7.63;7.72;8515491;119615560.00
2016/03/08;7.61;8.49;7.27;8.49;17645379;253861376.00
2016/03/09;8.26;8.74;8.17;8.23;13481263;204557024.00
2016/03/10;8.27;8.49;7.91;8.04;10646972;157171808.00
2016/03/11;7.94;8.47;7.83;8.37;10096261;148326704.00
2016/03/14;8.51;9.17;8.41;8.85;16546409;263999680.00
2016/03/15;8.81;9.21;8.77;8.94;15663606;255581696.00
2016/03/16;9.16;9.25;8.78;8.99;10725870;174007920.00
2016/03/17;8.99;9.89;8.92;9.49;14789506;249002656.00
2016/03/18;9.61;10.44;9.53;10.44;13770823;247509056.00
2016/03/21;11.49;11.49;11.49;11.49;959440;19841220.00
2016/03/22;12.64;12.64;12.64;12.64;1488237;33857392.00
2016/03/23;13.91;13.91;13.91;13.91;2570489;64339340.00
2016/03/24;15.29;15.29;15.29;15.29;1832210;50440740.00
2016/03/25;16.82;16.82;15.61;15.89;86872708;2586411520.00
2016/03/28;16.44;16.77;14.81;14.94;56553770;1608249088.00
2016/03/29;15.03;15.54;14.52;14.89;38120789;1031383040.00
2016/03/30;14.93;15.38;14.69;15.37;38377845;1044129152.00
2016/03/31;15.16;15.53;14.45;14.73;38020260;1027439424.00
2016/04/01;14.48;15.19;14.22;14.48;24630824;650155840.00
2016/04/05;14.66;15.48;14.40;15.21;34818780;940295168.00
2016/04/06;15.06;15.27;14.60;15.09;28627737;769908672.00
2016/04/07;15.06;15.83;14.72;15.23;35437324;971763008.00
2016/04/08;14.88;14.94;13.71;13.89;34483702;876846336.00
2016/04/11;14.45;15.04;14.19;14.24;28030121;734434752.00
2016/04/12;14.25;14.68;13.83;14.36;17893914;459637856.00
2016/04/13;14.47;15.35;14.33;14.54;25793576;686446912.00
2016/04/14;14.56;14.81;14.28;14.74;19109477;500556384.00
2016/04/15;14.93;15.14;14.62;14.75;16519833;441556672.00
2016/04/18;14.39;14.77;13.83;14.28;16706170;428711520.00
2016/04/19;14.17;14.64;14.11;14.49;13111494;340319392.00
2016/04/20;14.53;14.94;13.67;14.11;21045252;542106368.00
2016/04/21;14.17;14.26;12.89;12.93;17944583;437363296.00
2016/04/22;12.76;13.46;12.76;13.32;11249215;264507088.00
2016/04/25;13.33;13.94;13.06;13.19;10185256;247574576.00
2016/04/26;13.50;13.78;13.11;13.60;11044551;268020960.00
2016/04/27;13.59;13.63;13.17;13.22;7182564;173107600.00
2016/04/28;13.33;13.33;12.51;13.06;9437738;219271984.00
2016/04/29;13.17;13.44;13.04;13.09;7531118;179350704.00
2016/05/03;13.22;14.41;13.09;14.38;28580507;729822912.00
2016/05/04;14.01;14.64;13.90;14.37;23411092;601341952.00
2016/05/05;14.39;15.13;14.11;14.86;19251108;509471488.00
2016/05/06;15.16;15.82;14.39;14.44;23042858;628252992.00
2016/05/09;14.45;14.61;13.00;13.81;15601752;392756480.00
2016/05/10;13.77;14.17;13.62;13.87;8458225;211965296.00
2016/05/11;14.08;14.08;12.48;12.48;20756774;480142400.00
2016/05/12;12.08;12.91;11.38;12.38;15158427;328870592.00
2016/05/13;12.28;12.58;11.62;11.68;8087854;176477120.00
2016/05/16;11.95;12.47;11.92;12.29;10685431;234833136.00
2016/05/17;12.44;12.50;12.03;12.48;9342091;206907152.00
2016/05/18;12.22;12.36;11.57;11.92;7094598;153196816.00
2016/05/19;11.97;12.78;11.97;12.30;10526267;235362688.00
2016/05/20;12.21;12.91;11.96;12.85;9428726;212453296.00
2016/05/23;13.33;13.61;13.06;13.22;10382821;248640512.00
2016/05/24;13.38;13.60;12.94;13.44;11432781;274165184.00
2016/05/25;13.58;13.80;13.10;13.48;20569451;277587424.00
2016/05/26;13.55;13.85;13.00;13.74;17392981;233516448.00
2016/05/27;13.85;14.38;13.72;13.80;19526175;273890688.00
2016/05/30;13.55;14.10;13.25;13.51;11063925;151387008.00
2016/05/31;13.75;14.58;13.48;14.08;22757741;319473440.00
2016/06/01;14.08;14.82;14.00;14.41;22814213;329248416.00
2016/06/02;14.22;14.88;14.20;14.80;21176768;308896512.00
2016/06/03;14.72;14.95;14.29;14.45;17499946;254888048.00
2016/06/06;14.36;14.70;14.19;14.44;13104515;188967328.00
2016/06/07;14.60;14.60;14.22;14.38;9768157;140473200.00
2016/06/08;14.46;14.46;13.75;13.79;19696760;275559296.00
2016/06/13;13.60;13.60;12.41;12.41;17084905;224544336.00
2016/06/14;12.02;12.68;11.90;12.13;15376291;187814848.00
2016/06/15;12.00;12.89;11.95;12.68;16953398;212160288.00
2016/06/16;12.79;12.80;12.24;12.35;13645238;169786400.00
2016/06/17;12.32;12.88;12.30;12.56;12159932;153187616.00
2016/06/20;12.57;12.73;12.40;12.63;9595816;120814608.00
2016/06/21;12.78;12.86;12.11;12.16;11843457;147577328.00
2016/06/22;12.24;12.74;12.11;12.68;12076617;151224432.00
2016/06/23;12.77;13.08;12.48;12.72;15040966;191990272.00
2016/06/24;12.57;12.74;11.77;12.34;16726788;206203152.00
2016/06/27;12.33;12.88;12.20;12.74;12407283;156814752.00
2016/06/28;12.79;13.45;12.65;13.25;21267375;278334080.00
2016/06/29;13.41;13.41;12.88;13.00;13234336;172910784.00
2016/06/30;13.00;13.28;12.90;13.11;10657225;139609424.00
2016/07/01;13.03;13.35;12.50;12.69;10654139;137830960.00
2016/07/04;12.60;13.05;12.44;12.86;9323329;119939848.00
2016/07/05;12.86;12.99;12.60;12.91;11315597;145085200.00
2016/07/06;12.96;12.96;12.63;12.75;7854808;100216232.00
2016/07/07;12.78;12.83;12.60;12.70;10341405;131319568.00
2016/07/08;12.62;12.79;12.61;12.68;7497702;95072072.00
2016/07/11;12.92;13.95;12.92;13.60;36951659;506650944.00
2016/07/12;13.50;13.85;12.92;13.38;26481462;354207392.00
2016/07/13;13.46;14.10;13.08;13.77;31776734;434530464.00
2016/07/14;15.15;15.15;15.15;15.15;6739080;102097064.00
2016/07/15;16.60;16.60;15.27;15.35;76102468;1209966080.00
2016/07/18;15.52;16.18;15.20;15.70;65353743;1030947648.00
2016/07/19;15.33;15.46;14.70;15.19;44641938;674299136.00
2016/07/20;15.14;15.57;14.81;14.84;41439792;631370880.00
2016/07/21;14.80;15.04;14.50;14.79;35242186;521309312.00
2016/07/22;14.66;14.92;14.15;14.22;25518523;370073440.00
2016/07/25;14.07;14.45;14.02;14.39;14885825;212485264.00
2016/07/26;14.48;14.54;14.22;14.48;13081119;188285952.00
2016/07/27;14.48;14.48;13.03;13.04;28271981;384096640.00
2016/07/28;13.15;13.29;12.77;12.99;14579978;189823328.00
2016/07/29;13.18;13.18;12.72;12.75;9531369;122764640.00
2016/08/01;12.76;12.92;12.16;12.80;12582970;157350624.00
2016/08/02;12.80;13.01;12.64;12.88;9271620;119488296.00
2016/08/03;12.75;13.35;12.74;13.19;13891176;181862624.00
2016/08/04;13.12;13.31;12.93;13.20;10145753;133189496.00
2016/08/05;13.17;13.93;13.03;13.68;18465685;248574432.00
2016/08/08;13.52;13.77;13.20;13.64;9385524;127062856.00
2016/08/09;13.63;14.22;13.56;13.90;13003511;180647312.00
2016/08/10;13.92;14.50;13.80;14.01;19855767;281225280.00
2016/08/11;13.88;14.05;13.45;13.51;15989654;218880912.00
2016/08/12;13.60;13.85;13.50;13.77;10296639;141447456.00
2016/08/15;13.92;14.14;13.50;13.98;18496494;257354112.00
2016/08/16;14.17;14.43;13.89;13.90;15711595;222590800.00
2016/08/17;13.95;14.38;13.73;14.13;20033131;280624160.00
2016/08/18;14.00;14.78;13.99;14.66;36348396;528120672.00
2016/08/19;14.45;14.63;14.28;14.37;17917219;258156912.00
2016/08/22;14.34;14.40;13.72;13.73;16686567;233337024.00
2016/08/23;13.78;14.20;13.73;14.03;13465949;188640640.00
2016/08/24;14.03;14.53;13.91;14.27;14666243;208621056.00
2016/08/25;14.25;14.67;13.90;14.58;23589642;337951392.00
2016/08/26;14.47;14.77;14.30;14.47;19882339;290177088.00
2016/08/29;14.41;15.15;14.41;15.00;28014451;416672928.00
2016/08/30;14.90;15.03;14.75;14.95;12407862;184289696.00
2016/08/31;14.90;15.17;14.66;14.83;13212108;196477520.00
2016/09/01;14.78;15.08;14.69;14.81;11749683;174962624.00
2016/09/20;14.90;14.99;13.85;14.12;18911255;269857792.00
2016/09/21;14.20;14.24;13.77;13.84;10006580;139494624.00
2016/09/22;13.96;14.08;13.70;13.90;7558183;104696656.00
2016/09/23;13.92;13.92;13.65;13.66;6916552;95146072.00
2016/09/26;13.77;13.77;13.50;13.50;6371320;86882192.00
2016/09/27;13.70;13.70;13.29;13.60;5715963;76831664.00
2016/09/28;13.60;13.61;13.20;13.21;5236093;70073952.00
2016/09/29;13.30;13.50;13.21;13.25;4495766;60008060.00
2016/09/30;13.30;13.43;13.23;13.33;4426087;58949100.00
2016/10/10;13.58;13.76;13.36;13.66;7016628;95232928.00
2016/10/11;13.68;13.68;13.50;13.57;5813402;78928192.00
2016/10/12;13.48;13.75;13.43;13.61;5969813;81272360.00
2016/10/13;13.64;13.72;13.52;13.59;5008308;68358408.00
2016/10/14;13.61;13.61;13.25;13.35;5597351;74901720.00
2016/10/17;13.43;13.57;12.67;12.70;12521312;163539520.00
2016/10/18;12.77;12.88;12.61;12.84;7736309;98583320.00
2016/10/19;12.98;13.29;12.90;13.05;10354278;135503824.00
2016/10/20;13.17;13.18;12.89;13.06;7585299;99041448.00
2016/10/21;13.19;13.19;12.71;12.81;7147258;92038360.00
2016/10/24;12.87;13.10;12.78;12.96;5799882;75159776.00
2016/10/25;12.87;13.08;12.85;12.90;5563779;71940216.00
2016/10/26;12.85;12.97;12.60;12.72;7420920;94630928.00
2016/10/27;12.72;13.10;12.53;12.94;11503146;146655712.00
2016/10/28;12.93;12.97;12.70;12.74;6433634;82655472.00
2016/10/31;12.70;12.96;12.61;12.88;5977281;76723720.00
2016/11/01;12.89;12.94;12.78;12.90;6067239;78039112.00
2016/11/02;12.83;12.89;12.54;12.64;6097353;77685640.00
2016/11/03;12.56;13.03;12.55;12.78;9614177;123043672.00
2016/11/04;12.91;13.10;12.75;12.82;10039885;129666584.00
2016/11/07;12.89;12.90;12.62;12.71;5449690;69332480.00
2016/11/08;12.75;12.80;12.58;12.63;7249225;91673064.00
2016/11/09;12.68;12.69;12.20;12.45;8284014;103090520.00
2016/11/10;12.49;12.58;12.41;12.46;7703012;96181776.00
2016/11/11;12.48;12.65;12.38;12.60;7511704;94078544.00
2016/11/14;12.55;13.21;12.51;13.13;18740179;243492880.00
2016/11/15;13.05;13.10;12.86;13.02;10176476;131911112.00
2016/11/16;13.04;13.30;12.95;12.97;9303402;121782816.00
2016/11/17;12.95;13.08;12.66;12.74;5362600;68643696.00
数据来源:通达信
