300149 量子高科 日线 前复权
      日期	    开盘	    最高	    最低	    收盘	    成交量	    成交额
2010/12/22;7.41;7.75;6.51;6.56;9906431;445618784.00
2010/12/23;6.23;6.40;5.90;5.94;5162587;206273088.00
2010/12/24;5.78;5.83;5.54;5.65;2827003;104276720.00
2010/12/27;5.62;5.75;5.38;5.39;1975940;71828592.00
2010/12/28;5.35;5.38;5.15;5.29;1821502;62091392.00
2010/12/29;5.24;5.38;5.23;5.38;1427448;49383880.00
2010/12/30;5.35;5.36;5.24;5.31;1023524;35371728.00
2010/12/31;5.27;5.36;5.26;5.34;1149734;39778844.00
2011/01/04;5.38;5.55;5.32;5.54;1647605;58292364.00
2011/01/05;5.50;5.62;5.44;5.46;1339472;48010416.00
2011/01/06;5.43;5.50;5.28;5.36;982802;34291760.00
2011/01/07;5.38;5.57;5.38;5.44;1306181;46533380.00
2011/01/10;5.41;5.41;5.21;5.22;942287;32390110.00
2011/01/11;5.17;5.22;5.00;5.05;910494;30099124.00
2011/01/12;5.06;5.14;4.98;5.09;528641;17385044.00
2011/01/13;5.09;5.13;5.04;5.06;397128;13132521.00
2011/01/14;5.06;5.07;4.86;4.86;623267;20035636.00
2011/01/17;4.83;4.83;4.58;4.58;728071;22236808.00
2011/01/18;4.59;4.64;4.43;4.61;414142;12444346.00
2011/01/19;4.57;4.70;4.57;4.69;423359;12898157.00
2011/01/20;4.65;4.70;4.45;4.45;401981;11999577.00
2011/01/21;4.44;4.50;4.40;4.46;337297;9833862.00
2011/01/24;4.45;4.50;4.36;4.36;300673;8702946.00
2011/01/25;4.38;4.41;4.28;4.41;329554;9345784.00
2011/01/26;4.40;4.57;4.36;4.51;485208;14282769.00
2011/01/27;4.49;4.57;4.44;4.54;497750;14684058.00
2011/01/28;4.54;4.59;4.51;4.58;298720;8883071.00
2011/01/31;4.58;4.59;4.53;4.58;299650;8948349.00
2011/02/01;4.53;4.58;4.52;4.55;298701;8876907.00
2011/02/09;4.54;4.54;4.39;4.40;335022;9790235.00
2011/02/10;4.38;4.63;4.37;4.62;622332;18555682.00
2011/02/11;4.61;4.70;4.56;4.70;677586;20525724.00
2011/02/14;4.72;4.77;4.68;4.75;886436;27335042.00
2011/02/15;4.75;4.79;4.71;4.71;700962;21670714.00
2011/02/16;4.69;4.77;4.67;4.77;686494;21176190.00
2011/02/17;4.77;4.84;4.73;4.80;699241;21844620.00
2011/02/18;4.81;4.87;4.75;4.86;766639;24151600.00
2011/02/21;4.86;5.05;4.81;5.05;1115336;36106364.00
2011/02/22;5.07;5.11;4.83;4.87;1147857;37009492.00
2011/02/23;4.80;4.94;4.80;4.89;437026;13882065.00
2011/02/24;4.90;4.93;4.79;4.84;595076;18839640.00
2011/02/25;4.81;4.81;4.71;4.75;520607;16137360.00
2011/02/28;4.77;4.81;4.72;4.81;459628;14308643.00
2011/03/01;4.80;4.85;4.77;4.83;567407;17825678.00
2011/03/02;4.80;4.83;4.72;4.76;521408;16194119.00
2011/03/03;4.75;4.80;4.61;4.62;520041;15925635.00
2011/03/04;4.61;4.65;4.56;4.65;423456;12737162.00
2011/03/07;4.63;4.69;4.63;4.68;373682;11360050.00
2011/03/08;4.68;4.73;4.65;4.70;291505;8946491.00
2011/03/09;4.70;4.77;4.69;4.73;357697;11045821.00
2011/03/10;4.73;4.79;4.69;4.76;444638;13810214.00
2011/03/11;4.73;4.97;4.72;4.89;1095640;34743908.00
2011/03/14;4.88;4.97;4.78;4.97;979756;31175918.00
2011/03/15;4.98;4.98;4.75;4.86;741876;23448086.00
2011/03/16;4.85;4.90;4.83;4.88;448495;14235649.00
2011/03/17;4.84;4.84;4.72;4.73;592504;18459700.00
2011/03/18;4.77;4.80;4.75;4.76;297576;9256163.00
2011/03/21;4.75;4.75;4.63;4.67;398231;12179970.00
2011/03/22;4.66;4.66;4.43;4.50;2433051;71525888.00
2011/03/23;4.48;4.55;4.47;4.55;597005;17662950.00
2011/03/24;4.55;4.69;4.55;4.68;961390;29077220.00
2011/03/25;5.16;5.16;5.16;5.16;1371832;46107272.00
2011/03/28;5.23;5.43;5.16;5.39;5390292;184985776.00
2011/03/29;5.30;5.30;5.00;5.02;2095827;69769920.00
2011/03/30;4.99;5.02;4.88;4.88;1224262;39297840.00
2011/03/31;4.89;5.33;4.89;5.23;2971882;100162992.00
2011/04/01;5.21;5.21;5.05;5.14;1261558;42093176.00
2011/04/06;5.12;5.13;5.00;5.04;814302;26752048.00
2011/04/07;5.04;5.30;5.04;5.18;1298114;43923572.00
2011/04/08;5.08;5.27;5.08;5.13;1256838;42401580.00
2011/04/11;5.11;5.13;4.94;4.98;1223514;39923944.00
2011/04/12;4.95;5.04;4.91;4.94;581341;18865118.00
2011/04/13;4.93;5.03;4.88;4.99;545424;17703252.00
2011/04/14;5.00;5.03;4.92;4.93;593403;19230038.00
2011/04/15;4.91;4.95;4.80;4.85;704937;22362268.00
2011/04/18;4.81;4.86;4.78;4.82;503209;15817939.00
2011/04/19;4.82;4.82;4.67;4.73;532147;16415715.00
2011/04/20;4.59;4.59;4.37;4.42;1878733;54485800.00
2011/04/21;4.40;4.48;4.38;4.45;737620;21402360.00
2011/04/22;4.43;4.50;4.41;4.46;583767;16982590.00
2011/04/26;4.33;4.33;4.10;4.11;869922;23951316.00
2011/04/27;4.11;4.16;4.06;4.07;356015;9610396.00
2011/04/28;4.07;4.10;4.00;4.00;698177;18562078.00
2011/04/29;4.01;4.10;3.96;4.10;365446;9733868.00
2011/05/03;4.10;4.22;4.06;4.19;292911;7986043.50
2011/05/04;4.19;4.22;4.16;4.18;357201;9816688.00
2011/05/05;4.17;4.37;4.13;4.32;484805;13549458.00
2011/05/06;4.31;4.32;4.17;4.22;577343;16019704.00
2011/05/09;4.21;4.28;4.07;4.13;720347;9794197.00
2011/05/10;4.14;4.16;4.09;4.12;422929;5687577.50
2011/05/11;4.10;4.14;4.07;4.07;548062;7348507.00
2011/05/12;4.07;4.22;4.07;4.09;819417;11071707.00
2011/05/13;4.08;4.12;3.88;3.98;839590;10915271.00
2011/05/16;3.96;3.96;3.87;3.88;840279;10737245.00
2011/05/17;3.88;3.93;3.75;3.88;728721;9206084.00
2011/05/18;3.87;3.90;3.82;3.87;404449;5116230.50
2011/05/19;3.88;3.90;3.81;3.82;467818;5904988.00
2011/05/20;3.85;3.85;3.79;3.82;349912;4378707.00
2011/05/23;3.82;3.82;3.58;3.59;913245;10992635.00
2011/05/24;3.56;3.78;3.47;3.72;1221517;14578851.00
2011/05/25;3.69;3.69;3.53;3.56;571948;6801258.50
2011/05/26;3.57;3.64;3.51;3.53;458596;5390469.50
2011/05/27;3.53;3.60;3.48;3.49;363689;4212137.00
2011/05/30;3.48;3.63;3.41;3.60;888630;10433165.00
2011/05/31;3.60;3.71;3.54;3.70;628896;7468529.50
2011/06/01;3.65;3.70;3.62;3.70;629639;7549453.00
2011/06/02;3.63;3.65;3.53;3.64;414329;4896453.00
2011/06/03;3.63;3.72;3.55;3.70;520637;6272501.00
2011/06/07;3.68;3.72;3.67;3.69;370957;4479444.00
2011/06/08;3.70;3.74;3.60;3.74;612634;7382320.00
2011/06/09;3.73;3.84;3.67;3.78;1273428;15695336.00
2011/06/10;3.77;3.95;3.69;3.91;1598373;20038594.00
2011/06/13;3.91;4.23;3.82;4.20;2857256;37779724.00
2011/06/14;4.14;4.28;4.07;4.24;2033884;27670604.00
2011/06/15;4.20;4.24;4.09;4.17;1377514;18668778.00
2011/06/16;4.14;4.17;3.95;4.02;1246223;16370972.00
2011/06/17;4.03;4.10;3.95;4.04;753065;9861206.00
2011/06/20;4.03;4.18;3.98;4.17;1240260;16644627.00
2011/06/21;4.18;4.20;4.01;4.13;954238;12788526.00
2011/06/22;4.12;4.32;4.08;4.24;1445489;19981940.00
2011/06/23;4.24;4.32;4.12;4.26;1948429;26964418.00
2011/06/24;4.26;4.40;4.20;4.29;1780559;24951412.00
2011/06/27;4.32;4.32;4.14;4.15;2597666;35650072.00
2011/06/28;4.13;4.13;4.04;4.10;1411068;18803896.00
2011/06/29;4.15;4.28;4.08;4.12;1722202;23491754.00
2011/06/30;4.06;4.15;4.03;4.07;2095852;27821030.00
2011/07/01;4.02;4.15;4.02;4.07;1597449;21179848.00
2011/07/04;4.11;4.16;4.07;4.16;2553372;34232900.00
2011/07/05;4.15;4.19;4.11;4.18;1825632;24698468.00
2011/07/06;4.19;4.19;4.08;4.12;1413901;18998654.00
2011/07/07;4.08;4.27;4.07;4.26;2916144;39847428.00
2011/07/08;4.27;4.27;4.15;4.15;1744671;23893084.00
2011/07/11;4.15;4.15;4.04;4.11;1100770;14696183.00
2011/07/12;4.05;4.08;3.91;3.91;1259166;16422129.00
2011/07/13;3.91;4.00;3.91;3.99;947783;12276431.00
2011/07/14;3.99;4.09;3.97;4.07;1070528;14150497.00
2011/07/15;4.06;4.25;4.02;4.21;2328995;31747528.00
2011/07/18;4.21;4.36;4.17;4.26;2967670;41323880.00
2011/07/19;4.20;4.26;4.13;4.19;1201843;16389541.00
2011/07/20;4.22;4.24;4.07;4.11;1018296;13749128.00
2011/07/21;4.12;4.12;4.02;4.02;727818;9620178.00
2011/07/22;4.04;4.12;4.02;4.07;551106;7352342.50
2011/07/25;4.03;4.08;3.77;3.77;1401523;17820586.00
2011/07/26;3.75;3.81;3.70;3.73;550529;6757058.50
2011/07/27;3.68;3.83;3.68;3.80;513688;6354415.50
2011/07/28;3.80;3.80;3.69;3.75;504272;6173116.50
2011/07/29;3.75;3.81;3.69;3.70;492851;6052438.00
2011/08/01;3.71;3.81;3.69;3.79;402767;4957792.00
2011/08/02;3.77;3.82;3.56;3.77;869002;10569007.00
2011/08/03;3.74;4.16;3.71;4.16;4695890;62410744.00
2011/08/05;3.95;4.07;3.85;3.99;3153820;40891696.00
2011/08/08;3.98;3.98;3.58;3.58;2404293;29087206.00
2011/08/09;3.52;3.52;3.28;3.45;1531515;17121116.00
2011/08/10;3.52;3.56;3.47;3.50;1317107;15182878.00
2011/08/11;3.40;3.81;3.35;3.75;2611763;31302694.00
2011/08/12;3.73;3.80;3.69;3.75;1793629;22032628.00
2011/08/15;3.77;3.82;3.72;3.81;1366022;16920700.00
2011/08/16;3.82;4.20;3.82;4.20;7047149;96264472.00
2011/08/17;4.22;4.48;4.17;4.36;11243022;159668640.00
2011/08/18;4.29;4.32;4.07;4.13;5375096;73714200.00
2011/08/19;4.00;4.45;3.92;4.42;6708137;92254488.00
2011/08/22;4.38;4.74;4.35;4.50;8531899;126558144.00
2011/08/23;4.55;4.65;4.38;4.65;5098021;74354920.00
2011/08/24;4.63;4.63;4.42;4.45;4779346;70422216.00
2011/08/25;4.38;4.47;4.29;4.40;3006826;42864752.00
2011/08/26;4.41;4.60;4.39;4.42;3356796;49099692.00
2011/08/29;4.38;4.50;4.25;4.48;3226483;46273260.00
2011/08/30;4.47;4.50;4.24;4.28;2899175;41443192.00
2011/08/31;4.27;4.28;4.15;4.23;1610919;22104234.00
2011/09/01;4.22;4.32;4.16;4.29;1846259;25663112.00
2011/09/02;4.29;4.30;4.10;4.14;1604135;21838574.00
2011/09/05;4.14;4.15;3.86;3.89;1579523;20539104.00
2011/09/06;3.84;3.95;3.84;3.90;1004519;12802059.00
2011/09/07;3.90;4.01;3.90;4.00;1217524;15804356.00
2011/09/08;3.99;4.04;3.82;3.82;1338223;17254418.00
2011/09/09;3.84;3.90;3.72;3.74;1157864;14401962.00
2011/09/13;3.71;3.71;3.55;3.59;1451871;17129196.00
2011/09/14;3.62;3.71;3.55;3.71;1192847;14214484.00
2011/09/15;3.73;3.81;3.68;3.75;1708035;20988030.00
2011/09/16;3.73;3.81;3.71;3.76;1228817;15112540.00
2011/09/19;3.74;3.74;3.52;3.52;1373243;16201274.00
2011/09/20;3.48;3.61;3.48;3.55;743338;8651702.00
2011/09/21;3.55;3.75;3.55;3.73;1993303;24021618.00
2011/09/22;3.69;3.72;3.55;3.56;1373014;16412911.00
2011/09/23;3.49;3.55;3.44;3.54;911111;10447713.00
2011/09/26;3.53;3.58;3.46;3.47;695447;8052110.00
2011/09/27;3.53;3.53;3.43;3.51;666632;7636546.00
2011/09/28;3.51;3.56;3.43;3.47;512580;5890297.00
2011/09/29;3.52;3.52;3.35;3.37;725042;8148833.00
2011/09/30;3.39;3.40;3.20;3.34;667943;7274879.00
2011/10/10;3.31;3.38;3.29;3.33;229719;2516956.50
2011/10/11;3.40;3.46;3.22;3.26;591328;6505509.00
2011/10/12;3.25;3.50;3.21;3.46;1157104;12945261.00
2011/10/13;3.44;3.59;3.42;3.56;1295354;14984349.00
2011/10/14;3.56;3.81;3.48;3.66;1979615;23899310.00
2011/10/17;3.63;3.69;3.57;3.65;1108144;13171385.00
2011/10/18;3.61;3.65;3.41;3.41;1122808;13023688.00
2011/10/19;3.39;3.48;3.37;3.42;772241;8706057.00
2011/10/20;3.42;3.42;3.25;3.29;751881;8169999.00
2011/10/21;3.26;3.33;3.22;3.23;498002;5357122.50
2011/10/24;3.24;3.30;3.06;3.29;922528;9762478.00
2011/10/25;3.26;3.42;3.26;3.41;869753;9649255.00
2011/10/26;3.41;3.77;3.35;3.77;2420594;29239926.00
2011/10/27;3.88;3.90;3.64;3.66;3348267;40868236.00
2011/10/28;3.66;3.75;3.63;3.72;2312959;28085818.00
2011/10/31;3.71;3.84;3.64;3.81;2554592;31415588.00
2011/11/01;3.76;4.10;3.71;3.92;3762219;48199272.00
2011/11/02;3.82;4.01;3.72;3.95;3038906;38358512.00
2011/11/03;3.95;4.17;3.92;3.95;3463595;45493496.00
2011/11/04;3.95;4.08;3.88;3.98;2494364;32432706.00
2011/11/07;3.95;4.00;3.90;3.92;1267342;16310015.00
2011/11/08;3.95;4.00;3.85;3.86;1499107;19277230.00
2011/11/09;3.90;4.14;3.83;4.08;2573459;33616028.00
2011/11/10;4.04;4.42;4.01;4.16;5341842;73571840.00
2011/11/11;4.13;4.26;4.07;4.12;2984247;40615656.00
2011/11/14;4.15;4.28;4.13;4.18;2085924;28540564.00
2011/11/15;4.21;4.22;4.14;4.22;1582694;21662040.00
2011/11/16;4.24;4.24;3.91;3.99;2363188;31395402.00
2011/11/17;3.99;4.06;3.89;3.96;1372649;17836100.00
2011/11/18;3.91;3.94;3.73;3.73;1857951;23120184.00
2011/11/21;3.76;3.76;3.63;3.72;716418;8641856.00
2011/11/22;3.68;3.75;3.63;3.75;748827;9077629.00
2011/11/23;3.78;3.83;3.72;3.72;1017547;12585900.00
2011/11/24;3.69;3.80;3.59;3.75;1048009;12672873.00
2011/11/25;3.76;3.77;3.62;3.62;655170;7939210.50
2011/11/28;3.61;3.67;3.57;3.59;786791;9297983.00
2011/11/29;3.63;3.71;3.61;3.69;934919;11176663.00
2011/11/30;3.72;3.80;3.37;3.47;1833542;21790762.00
2011/12/01;3.56;3.66;3.51;3.56;1598525;18822802.00
2011/12/02;3.52;3.53;3.38;3.42;794965;9010107.00
2011/12/05;3.42;3.46;3.23;3.24;588867;6430021.50
2011/12/06;3.27;3.37;3.20;3.30;695933;7487578.00
2011/12/07;3.31;3.34;3.27;3.33;409443;4466605.50
2011/12/08;3.33;3.42;3.26;3.37;595678;6558200.50
2011/12/09;3.34;3.38;3.29;3.31;397049;4360212.50
2011/12/12;3.30;3.34;3.27;3.27;238630;2591484.25
2011/12/13;3.27;3.31;3.10;3.12;592760;6177679.00
2011/12/14;3.11;3.16;3.02;3.03;521091;5337476.00
2011/12/15;3.00;3.27;2.94;3.10;1114504;11446658.00
2011/12/16;3.10;3.34;3.07;3.28;1094373;11488901.00
2011/12/19;3.25;3.30;3.12;3.29;1368502;14428718.00
2011/12/20;3.26;3.31;3.19;3.21;832263;8898592.00
2011/12/21;3.23;3.27;3.15;3.17;954332;10156207.00
2011/12/22;3.13;3.15;2.96;3.08;974791;9840794.00
2011/12/23;3.03;3.18;3.03;3.09;591129;6071425.00
2011/12/26;3.09;3.15;3.05;3.05;444670;4548883.50
2011/12/27;3.07;3.07;2.88;2.89;621479;6083581.50
2011/12/28;2.87;2.87;2.71;2.79;809999;7447953.00
2011/12/29;2.74;2.82;2.74;2.76;316503;2928567.50
2011/12/30;2.79;2.86;2.79;2.82;443286;4152801.50
2012/01/04;2.83;2.88;2.65;2.65;621722;5695194.00
2012/01/05;2.62;2.73;2.56;2.58;617422;5390870.50
2012/01/06;2.52;2.64;2.48;2.61;487733;4130298.75
2012/01/09;2.67;2.74;2.56;2.73;564027;5020066.50
2012/01/10;2.73;2.86;2.71;2.83;882852;8236597.00
2012/01/11;2.81;2.92;2.80;2.83;897136;8497372.00
2012/01/12;2.83;2.88;2.77;2.81;534995;5016649.00
2012/01/13;2.80;2.82;2.53;2.58;845494;7497186.50
2012/01/16;2.57;2.57;2.49;2.49;388967;3271823.50
2012/01/17;2.52;2.66;2.48;2.65;549230;4730261.00
2012/01/18;2.65;2.69;2.52;2.54;655942;5715114.50
2012/01/19;2.51;2.61;2.50;2.59;499411;4278222.50
2012/01/20;2.61;2.64;2.59;2.62;439577;3831989.25
2012/01/30;2.63;2.67;2.60;2.61;447234;3914995.25
2012/01/31;2.58;2.62;2.56;2.60;288408;2495205.00
2012/02/01;2.57;2.66;2.57;2.61;383477;3353158.75
2012/02/02;2.62;2.67;2.60;2.67;549464;4836945.00
2012/02/03;2.68;2.75;2.65;2.74;661904;5964895.50
2012/02/06;2.75;2.77;2.72;2.74;703276;6402969.50
2012/02/07;2.72;2.74;2.65;2.67;670750;6002305.00
2012/02/08;2.68;2.80;2.67;2.79;1113367;10213666.00
2012/02/09;2.77;2.87;2.76;2.81;1054920;9844201.00
2012/02/10;2.81;2.87;2.77;2.82;751280;7036526.50
2012/02/13;2.77;2.88;2.74;2.85;712184;6670092.00
2012/02/14;2.85;2.88;2.81;2.83;574650;5422193.50
2012/02/15;2.83;2.92;2.81;2.91;881167;8403480.00
2012/02/16;2.91;2.93;2.84;2.88;1011574;9677263.00
2012/02/17;2.89;2.92;2.82;2.87;857311;8166143.50
2012/02/20;2.90;2.93;2.87;2.88;756901;7273814.50
2012/02/21;2.89;2.90;2.83;2.90;689318;6562700.00
2012/02/22;2.91;2.98;2.89;2.98;1552242;15178010.00
2012/02/23;2.98;3.29;2.96;3.29;6049993;65240768.00
2012/02/24;3.28;3.31;3.21;3.30;4360891;46745848.00
2012/02/27;3.27;3.31;3.22;3.25;2661484;28640976.00
2012/02/28;3.22;3.24;3.11;3.19;2402064;25140790.00
2012/02/29;3.18;3.19;3.11;3.12;1033137;10728100.00
2012/03/01;3.12;3.17;3.12;3.14;971260;10083229.00
2012/03/02;3.15;3.23;3.15;3.22;1241518;13082913.00
2012/03/05;3.22;3.24;3.19;3.21;1221959;12922252.00
2012/03/06;3.18;3.18;3.06;3.10;1279404;13149699.00
2012/03/07;3.08;3.15;3.04;3.09;1261423;12911401.00
2012/03/08;3.09;3.15;3.09;3.12;1028560;10599453.00
2012/03/09;3.12;3.18;3.12;3.17;1303604;13566891.00
2012/03/12;3.17;3.26;3.16;3.25;2304010;24499400.00
2012/03/13;3.22;3.25;3.19;3.24;1490578;15832843.00
2012/03/14;3.25;3.48;3.22;3.28;5081750;55746132.00
2012/03/15;3.54;3.62;3.53;3.62;4427883;52560536.00
2012/03/16;3.77;4.00;3.74;4.00;9931769;127035120.00
2012/03/19;4.07;4.09;3.89;3.94;7886438;102662016.00
2012/03/20;3.92;3.97;3.78;3.81;4814954;60497776.00
2012/03/21;3.82;3.90;3.63;3.72;5142830;63384324.00
2012/03/22;3.76;3.84;3.66;3.76;4225031;51982136.00
2012/03/23;3.75;3.75;3.42;3.56;3636148;42855500.00
2012/03/26;3.48;3.55;3.44;3.53;2756750;31602294.00
2012/03/27;3.55;3.61;3.47;3.49;3369686;39349056.00
2012/03/28;3.44;3.44;3.30;3.36;2957035;32522328.00
2012/03/29;3.34;3.39;3.25;3.36;2259174;24798868.00
2012/03/30;3.36;3.42;3.13;3.18;2762130;29357292.00
2012/04/05;3.18;3.32;3.12;3.29;2253792;24079376.00
2012/04/06;3.29;3.46;3.24;3.40;3523811;39052084.00
2012/04/09;3.33;3.36;3.24;3.25;1960020;21267570.00
2012/04/10;3.22;3.33;3.10;3.33;2164548;22862156.00
2012/04/11;3.28;3.42;3.22;3.41;2713056;29854944.00
2012/04/12;3.44;3.47;3.34;3.45;3123021;35009936.00
2012/04/13;3.42;3.46;3.35;3.42;2485942;27875396.00
2012/04/16;3.38;3.44;3.35;3.42;1675431;18704840.00
2012/04/17;3.38;3.46;3.28;3.30;1694222;18738544.00
2012/04/18;3.31;3.41;3.28;3.38;1678440;18555830.00
2012/04/19;3.38;3.72;3.37;3.56;4337374;50384768.00
2012/04/20;3.49;3.62;3.49;3.55;3163336;36859036.00
2012/04/24;3.18;3.30;3.18;3.21;3686829;38968240.00
2012/04/25;3.19;3.26;3.12;3.22;2186053;23041768.00
2012/04/26;3.22;3.29;3.20;3.25;1629762;17499004.00
2012/04/27;3.29;3.59;3.28;3.59;2573963;29821442.00
2012/05/02;3.66;3.80;3.63;3.74;6569988;79964968.00
2012/05/03;3.72;4.07;3.68;3.83;5768225;73339200.00
2012/05/04;3.71;3.88;3.67;3.77;4231421;52040152.00
2012/05/07;3.72;3.98;3.69;3.94;4820448;60555072.00
2012/05/08;3.89;3.92;3.77;3.82;3573800;44796124.00
2012/05/09;3.75;3.94;3.75;3.80;3005894;37850480.00
2012/05/10;3.74;3.88;3.72;3.82;2206454;27543406.00
2012/05/11;3.81;4.19;3.79;3.97;6327583;82508488.00
2012/05/14;4.00;4.06;3.82;3.84;4168768;53078116.00
2012/05/15;3.75;3.78;3.61;3.77;2952803;35750684.00
2012/05/16;3.72;3.76;3.64;3.66;1701799;20625268.00
2012/05/17;3.60;3.75;3.60;3.71;2272878;27525784.00
2012/05/18;3.71;3.79;3.46;3.49;2811232;22166114.00
2012/05/21;3.53;3.62;3.42;3.58;2311871;17730174.00
2012/05/22;3.60;3.70;3.57;3.65;2284927;18069626.00
2012/05/23;3.63;3.67;3.53;3.66;2999732;23501448.00
2012/05/24;3.62;3.65;3.53;3.55;2302252;18026594.00
2012/05/25;3.56;3.57;3.38;3.39;2747175;20618450.00
2012/05/28;3.36;3.48;3.25;3.47;2020134;14899843.00
2012/05/29;3.48;3.54;3.42;3.52;2446736;18570600.00
2012/05/30;3.51;3.61;3.48;3.54;2197926;16964236.00
2012/05/31;3.59;3.90;3.56;3.90;5531330;45987824.00
2012/06/01;4.00;4.05;3.74;3.76;10043491;84669768.00
2012/06/04;3.63;3.72;3.55;3.65;5006870;39664524.00
2012/06/05;3.67;3.70;3.54;3.61;2978375;23394542.00
2012/06/06;3.61;3.65;3.55;3.59;2408130;18843950.00
2012/06/07;3.65;3.66;3.55;3.55;1940546;15231391.00
2012/06/08;3.61;3.66;3.48;3.65;3161674;24617264.00
2012/06/11;3.66;3.90;3.64;3.84;6054444;49936568.00
2012/06/12;3.77;3.88;3.72;3.79;4013296;33153540.00
2012/06/13;3.79;3.91;3.79;3.87;3906668;32737688.00
2012/06/14;3.83;4.12;3.83;3.97;7487346;64717216.00
2012/06/15;3.94;4.00;3.77;3.85;5171124;43379880.00
2012/06/18;3.83;3.97;3.77;3.97;4956183;41695876.00
2012/06/19;3.96;4.00;3.88;3.91;3827427;32588346.00
2012/06/20;3.91;4.08;3.86;3.96;5425283;46833236.00
2012/06/21;3.95;3.95;3.78;3.82;3569229;29775678.00
2012/06/25;3.77;3.85;3.70;3.70;2417499;19839180.00
2012/06/26;3.66;3.77;3.62;3.76;1841895;14827338.00
2012/06/27;3.77;3.82;3.72;3.75;2409219;19731816.00
2012/06/28;3.75;3.78;3.62;3.63;2168925;17399358.00
2012/06/29;3.60;3.74;3.55;3.73;1940869;15408257.00
2012/07/02;3.76;3.99;3.74;3.91;4457167;37293980.00
2012/07/03;3.92;4.31;3.87;4.20;17430516;160359008.00
2012/07/04;4.19;4.23;4.04;4.10;12335605;110151248.00
2012/07/05;4.05;4.17;3.98;4.11;5937821;52633256.00
2012/07/06;4.19;4.25;3.95;4.17;7966099;70979176.00
2012/07/09;4.11;4.35;4.08;4.13;8573878;78821304.00
2012/07/10;4.06;4.22;4.06;4.14;4116122;36976256.00
2012/07/11;4.16;4.16;3.92;4.14;3764434;32996180.00
2012/07/12;4.13;4.37;4.03;4.31;7421695;68326032.00
2012/07/13;4.26;4.32;4.09;4.17;4939172;44958252.00
2012/07/16;4.15;4.15;3.98;3.99;3928686;34587712.00
2012/07/17;3.95;4.00;3.82;3.99;3503130;29703632.00
2012/07/18;3.92;4.03;3.86;4.03;2678928;22918064.00
2012/07/19;3.99;4.19;3.96;4.10;4978101;44366088.00
2012/07/20;4.08;4.17;4.04;4.06;2656056;23499540.00
2012/07/23;4.01;4.01;3.83;3.92;2614662;22189496.00
2012/07/24;3.86;4.08;3.84;4.08;2709154;23479618.00
2012/07/25;4.05;4.12;3.96;3.99;2464215;21582670.00
2012/07/26;3.99;4.14;3.97;4.06;3316009;29275422.00
2012/07/27;4.09;4.10;3.89;3.94;2400748;20662554.00
2012/07/30;3.96;4.04;3.85;4.01;2333010;19946488.00
2012/07/31;4.08;4.08;3.77;3.81;2665625;22571828.00
2012/08/01;3.75;3.95;3.74;3.87;1540932;12968638.00
2012/08/02;3.86;3.95;3.78;3.81;1745051;14624505.00
2012/08/03;3.84;3.94;3.77;3.93;2282271;19128550.00
2012/08/06;3.87;4.14;3.87;4.12;3831041;33370142.00
2012/08/07;4.11;4.18;4.05;4.10;4242885;37732704.00
2012/08/08;4.11;4.18;3.99;4.15;3979356;35356996.00
2012/08/09;4.10;4.25;4.06;4.20;4553891;41087304.00
2012/08/10;4.20;4.22;4.09;4.13;3467637;31105874.00
2012/08/13;4.12;4.21;4.04;4.05;3210386;28692744.00
2012/08/14;4.03;4.12;3.91;4.09;3514936;30560414.00
2012/08/15;4.06;4.18;3.95;4.08;3923102;34630148.00
2012/08/16;4.06;4.07;3.96;3.97;2136742;18594784.00
2012/08/17;3.96;4.00;3.91;3.99;1911890;16388132.00
2012/08/20;3.96;4.06;3.90;4.01;1595908;13776699.00
2012/08/21;4.00;4.23;3.98;4.20;5847856;52568984.00
2012/08/22;4.16;4.19;4.10;4.14;3166603;28453542.00
2012/08/23;4.14;4.46;4.13;4.39;7900125;73436824.00
2012/08/24;4.33;4.38;4.12;4.15;5338113;49011452.00
2012/08/27;4.10;4.12;4.00;4.05;2617415;22982806.00
2012/08/28;4.05;4.17;4.02;4.12;2377574;21093720.00
2012/08/29;4.11;4.19;4.02;4.08;2491546;22175542.00
2012/08/30;4.07;4.10;3.68;3.76;4530978;38200736.00
2012/08/31;3.77;3.80;3.68;3.77;1587344;12967234.00
2012/09/03;3.76;3.85;3.70;3.85;1675910;13865482.00
2012/09/04;3.82;3.87;3.76;3.77;2182943;18121094.00
2012/09/05;3.75;3.85;3.73;3.79;1481264;12230442.00
2012/09/06;3.78;3.86;3.78;3.86;1741000;14523935.00
2012/09/07;3.90;4.08;3.88;4.01;3430200;29685086.00
2012/09/10;4.01;4.05;3.97;4.04;2564741;22321404.00
2012/09/11;4.03;4.08;3.99;4.08;2409654;21167926.00
2012/09/12;4.08;4.12;3.98;4.02;2640324;23042174.00
2012/09/13;4.04;4.04;3.91;3.91;2048238;17638888.00
2012/09/14;3.94;3.98;3.83;3.88;1794411;15143002.00
2012/09/17;3.88;3.88;3.71;3.73;2257324;18470580.00
2012/09/18;3.70;3.77;3.68;3.73;1389020;11257454.00
2012/09/19;3.73;3.76;3.71;3.75;1024930;8326115.00
2012/09/20;3.75;3.75;3.54;3.54;2299189;18049910.00
2012/09/21;3.50;3.57;3.47;3.48;870864;6672301.50
2012/09/24;3.52;3.52;3.41;3.50;848792;6411991.00
2012/09/25;3.49;3.49;3.30;3.42;1088520;8176197.50
2012/09/26;3.42;3.45;3.30;3.31;1095317;8022806.00
2012/09/27;3.33;3.44;3.30;3.41;1221544;8986785.00
2012/09/28;3.35;3.73;3.35;3.68;2758158;21269898.00
2012/10/08;3.76;3.85;3.65;3.69;3705916;29988466.00
2012/10/09;3.65;3.75;3.65;3.75;2360479;19079612.00
2012/10/10;3.77;3.78;3.72;3.74;2196068;17908922.00
2012/10/11;3.73;3.73;3.58;3.59;2120439;16834816.00
2012/10/12;3.59;3.67;3.50;3.57;1233655;9598992.00
2012/10/15;3.58;3.73;3.54;3.66;2143129;16998828.00
2012/10/16;3.61;3.70;3.59;3.62;1568655;12443718.00
2012/10/17;3.64;3.66;3.55;3.61;1104913;8654381.00
2012/10/18;3.60;3.75;3.60;3.67;2352254;18836296.00
2012/10/19;3.67;3.76;3.65;3.73;1830862;14811589.00
2012/10/22;3.67;3.76;3.64;3.75;1767991;14229667.00
2012/10/23;3.73;3.75;3.64;3.64;1215396;9773204.00
2012/10/24;3.61;3.72;3.61;3.65;1318974;10537729.00
2012/10/25;3.63;3.67;3.53;3.53;1463454;11464468.00
2012/10/26;3.56;3.56;3.40;3.42;1140142;8563584.00
2012/10/29;3.43;3.45;3.36;3.42;379065;2821767.25
2012/10/30;3.42;3.47;3.42;3.43;365595;2736149.50
2012/10/31;3.39;3.54;3.38;3.50;1016440;7657318.50
2012/11/01;3.49;3.55;3.49;3.54;790985;6077348.00
2012/11/02;3.54;3.55;3.49;3.52;809491;6210455.50
2012/11/05;3.51;3.62;3.51;3.57;2228154;17331086.00
2012/11/06;3.57;3.57;3.42;3.48;1325545;10020220.00
2012/11/07;3.47;3.48;3.40;3.44;770112;5774166.50
2012/11/08;3.41;3.41;3.30;3.30;932310;6841190.50
2012/11/09;3.30;3.34;3.29;3.31;531376;3842037.25
2012/11/12;3.34;3.36;3.31;3.35;588036;4274990.50
2012/11/13;3.35;3.35;3.16;3.16;1143215;8092211.00
2012/11/14;3.19;3.21;3.15;3.20;725928;5051030.50
2012/11/15;3.20;3.20;3.11;3.11;587148;4052691.50
2012/11/16;3.11;3.13;3.04;3.06;695230;4660581.50
2012/11/19;3.08;3.17;3.05;3.16;967998;6603887.00
2012/11/20;3.17;3.18;3.10;3.12;576299;3959855.50
2012/11/21;3.11;3.16;3.07;3.16;455373;3110980.25
2012/11/22;3.14;3.20;3.10;3.17;651043;4502319.00
2012/11/23;3.17;3.23;3.14;3.19;622448;4335315.50
2012/11/26;3.15;3.23;3.06;3.07;743428;5122704.50
2012/11/27;3.05;3.06;2.85;2.86;1254000;8004854.50
2012/11/28;2.86;2.88;2.81;2.82;329113;2050550.13
2012/11/29;2.85;2.86;2.76;2.79;393965;2437541.75
2012/11/30;2.80;2.95;2.80;2.88;1005166;6358213.50
2012/12/03;2.88;2.90;2.75;2.75;320653;2003225.25
2012/12/04;2.77;2.80;2.62;2.80;836637;4986794.50
2012/12/05;2.77;2.97;2.77;2.91;1301853;8290147.50
2012/12/06;2.95;3.03;2.87;2.90;772878;4941062.50
2012/12/07;2.89;3.00;2.87;2.98;1356320;8799628.00
2012/12/10;2.98;3.06;2.95;3.06;1554978;10267835.00
2012/12/11;3.02;3.05;2.99;2.99;1359821;8991193.00
2012/12/12;2.99;3.03;2.93;2.96;991235;6431272.00
2012/12/13;2.96;3.03;2.90;2.90;801288;5182642.00
2012/12/14;2.90;3.04;2.89;3.03;1812352;11905099.00
2012/12/17;3.04;3.10;3.00;3.07;1678205;11214501.00
2012/12/18;3.06;3.15;3.05;3.05;1759928;11930357.00
2012/12/19;3.06;3.21;3.06;3.12;1860221;12776880.00
2012/12/20;3.10;3.12;3.05;3.08;1260793;8491756.00
2012/12/21;3.08;3.29;3.05;3.19;3009134;20882140.00
2012/12/24;3.19;3.23;3.12;3.16;1716997;11905007.00
2012/12/25;3.18;3.25;3.13;3.22;2069104;14502467.00
2012/12/26;3.22;3.33;3.21;3.33;2487580;17791202.00
2012/12/27;3.37;3.39;3.24;3.25;2192500;15723490.00
2012/12/28;3.25;3.28;3.18;3.26;1347520;9548482.00
2012/12/31;3.26;3.29;3.20;3.22;1560544;11010059.00
2013/01/04;3.26;3.26;3.15;3.17;1552246;10834732.00
2013/01/07;3.19;3.34;3.18;3.32;2558477;18258282.00
2013/01/08;3.33;3.35;3.26;3.32;2476323;17920980.00
2013/01/09;3.32;3.38;3.29;3.32;2389664;17415322.00
2013/01/10;3.32;3.41;3.30;3.39;2401452;17614684.00
2013/01/11;3.42;3.42;3.25;3.26;3100295;22406168.00
2013/01/14;3.25;3.38;3.22;3.36;2698679;19570808.00
2013/01/15;3.36;3.63;3.35;3.49;4810215;36634600.00
2013/01/16;3.46;3.50;3.36;3.45;3330607;24943800.00
2013/01/17;3.45;3.48;3.38;3.39;1817860;13558883.00
2013/01/18;3.39;3.44;3.35;3.44;1740892;12950144.00
2013/01/21;3.42;3.45;3.40;3.45;1479961;11058102.00
2013/01/22;3.45;3.45;3.33;3.36;1711595;12649914.00
2013/01/23;3.35;3.38;3.30;3.35;1626222;11857362.00
2013/01/24;3.34;3.38;3.21;3.25;1930390;13922368.00
2013/01/25;3.23;3.27;3.23;3.24;776428;5504273.00
2013/01/28;3.25;3.34;3.24;3.33;1047471;7519422.00
2013/01/29;3.33;3.36;3.30;3.36;1404792;10220294.00
2013/01/30;3.36;3.37;3.30;3.34;1196025;8683572.00
2013/01/31;3.32;3.33;3.25;3.27;1462824;10463433.00
2013/02/01;3.27;3.39;3.26;3.35;2013069;14695880.00
2013/02/04;3.37;3.39;3.32;3.35;1862733;13631593.00
2013/02/05;3.34;3.43;3.31;3.40;2031436;14993796.00
2013/02/06;3.43;3.43;3.37;3.39;1288587;9521661.00
2013/02/07;3.39;3.40;3.35;3.39;1166597;8605209.00
2013/02/08;3.39;3.44;3.38;3.41;1773213;13204692.00
2013/02/18;3.44;3.53;3.41;3.47;2971567;22572498.00
2013/02/19;3.46;3.48;3.38;3.40;1611301;12016134.00
2013/02/20;3.40;3.54;3.38;3.54;2762811;20899814.00
2013/02/21;3.52;3.77;3.45;3.59;7758191;61481484.00
2013/02/22;3.53;3.57;3.45;3.47;3885104;29624290.00
2013/02/25;3.45;3.51;3.43;3.48;1630869;12356898.00
2013/02/26;3.47;3.57;3.45;3.50;2271510;17362406.00
2013/02/27;3.51;3.53;3.38;3.42;1930198;14494667.00
2013/02/28;3.44;3.49;3.40;3.49;1519796;11423485.00
2013/03/01;3.49;3.56;3.46;3.56;2633170;20250364.00
2013/03/04;3.57;3.65;3.45;3.50;3570839;27786206.00
2013/03/05;3.49;3.63;3.45;3.62;2813513;21822282.00
2013/03/06;3.65;3.67;3.60;3.63;2950726;23296592.00
2013/03/07;3.63;3.71;3.56;3.65;2542913;20165136.00
2013/03/08;3.64;3.75;3.61;3.63;2580537;20711602.00
2013/03/11;3.63;3.67;3.57;3.65;1366135;10761952.00
2013/03/12;3.65;3.65;3.38;3.42;2698840;20481860.00
2013/03/13;3.40;3.51;3.33;3.47;2184890;16323007.00
2013/03/14;3.45;3.60;3.44;3.59;3321208;25557082.00
2013/03/15;3.54;3.59;3.42;3.44;2558140;19386960.00
2013/03/18;3.43;3.46;3.33;3.33;1524800;11233580.00
2013/03/19;3.33;3.38;3.30;3.36;750727;5478071.50
2013/03/20;3.37;3.43;3.32;3.43;1240048;9163196.00
2013/03/21;3.43;3.48;3.38;3.45;1292132;9693574.00
2013/03/22;3.44;3.46;3.41;3.44;1189343;8891550.00
2013/03/25;3.46;3.46;3.40;3.43;720144;5383911.00
2013/03/26;3.42;3.42;3.29;3.35;1132603;8227486.50
2013/03/27;3.35;3.39;3.33;3.38;872995;6405095.50
2013/03/28;3.37;3.37;3.25;3.27;997752;7154538.50
2013/03/29;3.28;3.30;3.23;3.24;723029;5143664.00
2013/04/01;3.25;3.32;3.25;3.29;647386;4638644.00
2013/04/02;3.27;3.32;3.23;3.29;756787;5412764.50
2013/04/03;3.29;3.43;3.25;3.31;1346672;9812339.00
2013/04/08;3.24;3.30;3.10;3.29;969498;6813196.00
2013/04/09;3.28;3.32;3.25;3.29;771531;5530707.50
2013/04/10;3.29;3.35;3.25;3.34;796424;5748397.00
2013/04/11;3.35;3.40;3.32;3.39;1358521;9986395.00
2013/04/12;3.42;3.56;3.37;3.37;2535233;19085162.00
2013/04/15;3.36;3.36;3.15;3.18;1190509;8351448.50
2013/04/16;3.15;3.19;3.11;3.18;782800;5381092.00
2013/04/17;3.15;3.22;3.15;3.19;572138;3982082.00
2013/04/18;3.18;3.22;3.14;3.20;436229;3038325.00
2013/04/19;3.21;3.30;3.20;3.27;1072958;7650555.50
2013/04/22;3.27;3.32;3.25;3.31;790968;5638897.00
2013/04/23;3.31;3.35;3.15;3.19;1169820;8176463.00
2013/04/24;3.20;3.25;3.16;3.22;1040316;7241835.00
2013/04/25;3.19;3.26;3.16;3.16;1181674;8260812.00
2013/04/26;3.16;3.22;3.07;3.09;730099;4989971.00
2013/05/02;3.10;3.15;3.10;3.11;358034;2429385.50
2013/05/03;3.13;3.21;3.13;3.19;946273;6520564.00
2013/05/06;3.17;3.24;3.17;3.23;1066722;7427555.00
2013/05/07;3.23;3.24;3.20;3.21;728253;5074571.50
2013/05/08;3.24;3.30;3.22;3.29;1586499;11244490.00
2013/05/09;3.29;3.30;3.23;3.25;1010802;7148652.00
2013/05/10;3.24;3.31;3.23;3.31;1303836;9250543.00
2013/05/13;3.31;3.36;3.28;3.31;1130730;8129679.50
2013/05/14;3.31;3.34;3.26;3.28;780379;5572883.00
2013/05/15;3.28;3.35;3.27;3.35;937770;6744027.00
2013/05/16;3.35;3.38;3.28;3.30;2022497;14597043.00
2013/05/17;3.31;3.34;3.26;3.33;1585170;11367994.00
2013/05/20;3.34;3.40;3.33;3.39;1611286;11782862.00
2013/05/21;3.39;3.45;3.38;3.43;1706217;12594659.00
2013/05/22;3.45;3.45;3.34;3.35;1672277;12263170.00
2013/05/23;3.35;3.44;3.35;3.38;1728183;12714497.00
2013/05/24;3.38;3.47;3.38;3.47;1853585;13783402.00
2013/05/27;3.46;3.49;3.43;3.46;1732261;12930523.00
2013/05/28;3.44;3.46;3.36;3.41;1467020;10818552.00
2013/05/29;3.42;3.47;3.37;3.45;1308165;9732118.00
2013/05/30;3.42;3.47;3.41;3.45;1187254;8836552.00
2013/05/31;3.45;3.48;3.41;3.42;1630242;12183448.00
2013/06/03;3.40;3.42;3.33;3.35;1308867;9560715.00
2013/06/04;3.35;3.35;3.22;3.25;1491020;10583954.00
2013/06/05;3.24;3.29;3.22;3.25;609195;4301495.00
2013/06/06;3.25;3.26;3.16;3.16;902984;6267966.00
2013/06/07;3.17;3.21;3.11;3.14;727136;4978413.00
2013/06/13;3.08;3.11;3.00;3.05;710246;4693002.50
2013/06/14;3.08;3.12;3.07;3.11;570049;3841202.75
2013/06/17;3.14;3.15;3.07;3.12;589467;3988010.50
2013/06/18;3.16;3.16;3.09;3.15;462294;3145867.50
2013/06/19;3.15;3.15;3.04;3.13;511848;3433768.25
2013/06/20;3.08;3.16;3.03;3.04;631180;4267221.50
2013/06/21;2.98;3.01;2.90;2.99;456189;2937419.50
2013/06/24;2.99;2.99;2.75;2.76;724079;4483760.50
2013/06/25;2.76;2.81;2.57;2.78;1005915;5982210.50
2013/06/26;2.81;2.88;2.66;2.85;941142;5748286.50
2013/06/27;2.84;2.88;2.75;2.75;885911;5449738.00
2013/06/28;2.71;2.79;2.71;2.73;525299;3148138.25
2013/07/01;2.73;2.79;2.65;2.78;979360;5866492.50
2013/07/02;2.78;2.83;2.76;2.82;929040;5660050.50
2013/07/03;2.81;2.84;2.75;2.83;775974;4749656.50
2013/07/04;2.83;2.86;2.77;2.82;693577;4271458.00
2013/07/05;2.85;2.87;2.77;2.80;785067;4858096.50
2013/07/08;2.78;2.80;2.65;2.69;997482;5872061.00
2013/07/09;2.67;2.72;2.66;2.70;530762;3115110.00
2013/07/10;2.70;2.79;2.70;2.78;856484;5136609.50
2013/07/11;2.78;2.87;2.76;2.84;941561;5829921.00
2013/07/12;2.84;2.92;2.82;2.83;925640;5791316.00
2013/07/15;2.86;2.91;2.83;2.89;862708;5405162.00
2013/07/16;2.88;2.96;2.86;2.94;1021259;6460359.50
2013/07/17;2.91;2.96;2.86;2.88;863101;5471824.50
2013/07/18;2.87;2.93;2.85;2.91;691477;4359922.50
2013/07/19;2.95;2.98;2.82;2.83;1097095;6993162.50
2013/07/22;2.81;2.98;2.81;2.96;1424664;9050495.00
2013/07/23;2.99;3.08;2.99;3.06;2562921;16944306.00
2013/07/24;3.06;3.20;3.05;3.17;3706023;25328102.00
2013/07/25;3.15;3.17;3.04;3.04;2097853;14082284.00
2013/07/26;3.00;3.08;2.95;3.05;1165701;7662966.00
2013/07/29;3.03;3.05;2.95;2.96;802884;5235613.00
2013/07/30;3.01;3.04;2.89;3.03;1218039;7884852.00
2013/07/31;3.03;3.06;3.01;3.06;914218;6044653.00
2013/08/01;3.07;3.20;3.04;3.16;1895191;12964605.00
2013/08/02;3.15;3.20;3.13;3.14;1989969;13686146.00
2013/08/05;3.15;3.26;3.15;3.24;1677432;11733257.00
2013/08/06;3.25;3.26;3.19;3.23;1554720;10883940.00
2013/08/07;3.23;3.25;3.15;3.21;1737861;12044567.00
2013/08/08;3.19;3.39;3.18;3.32;3185249;22761386.00
2013/08/09;3.28;3.35;3.20;3.31;2458833;17493530.00
2013/08/12;3.31;3.36;3.29;3.34;2166924;15629106.00
2013/08/13;3.34;3.40;3.32;3.35;1317240;9561298.00
2013/08/14;3.35;3.37;3.27;3.35;2220481;16007219.00
2013/08/15;3.35;3.36;3.28;3.33;1816137;13082802.00
2013/08/16;3.29;3.35;3.21;3.23;2945125;21087866.00
2013/08/19;3.22;3.27;3.19;3.27;1443124;10116341.00
2013/08/20;3.27;3.30;3.21;3.27;2241740;15835968.00
2013/08/21;3.27;3.27;3.22;3.26;1306057;9210819.00
2013/08/22;3.27;3.28;3.25;3.26;1037138;7341788.00
2013/08/23;3.26;3.35;3.24;3.30;2401834;17163076.00
2013/08/26;3.29;3.39;3.29;3.37;2019996;14701325.00
2013/08/27;3.38;3.39;3.31;3.39;1959626;14226834.00
2013/08/28;3.37;3.37;3.28;3.29;1705464;12263614.00
2013/08/29;3.32;3.37;3.29;3.33;2102910;15235141.00
2013/08/30;3.32;3.32;3.21;3.23;1760320;12415824.00
2013/09/02;3.23;3.28;3.22;3.28;783489;5523751.00
2013/09/03;3.28;3.52;3.28;3.41;3613517;26718594.00
2013/09/04;3.40;3.43;3.33;3.39;1907495;13938213.00
2013/09/05;3.37;3.42;3.34;3.40;1563589;11481834.00
2013/09/06;3.40;3.54;3.36;3.49;3656573;27418632.00
2013/09/09;3.50;3.53;3.43;3.49;2133296;16046501.00
2013/09/10;3.50;3.50;3.37;3.39;2246925;16669020.00
2013/09/11;3.39;3.39;3.26;3.28;2192788;15672995.00
2013/09/12;3.28;3.34;3.28;3.30;882312;6315278.00
2013/09/13;3.30;3.34;3.30;3.33;971281;6994765.00
2013/09/16;3.34;3.35;3.30;3.35;765258;5539638.00
2013/09/17;3.35;3.36;3.27;3.30;766332;5504314.00
2013/09/18;3.27;3.34;3.27;3.33;859732;6149251.00
2013/09/23;3.32;3.41;3.32;3.38;1427044;10443278.00
2013/09/24;3.38;3.40;3.32;3.39;1541430;11206949.00
2013/09/25;3.39;3.49;3.36;3.44;2424185;18026128.00
2013/09/26;3.42;3.46;3.36;3.37;1190780;8765258.00
2013/09/27;3.37;3.45;3.35;3.44;1104978;8164114.50
2013/09/30;3.44;3.48;3.39;3.43;981706;7303622.50
2013/10/08;3.42;3.46;3.41;3.46;1185909;8831792.00
2013/10/09;3.46;3.55;3.44;3.51;1873791;14222910.00
2013/10/10;3.51;3.75;3.51;3.66;5805747;46161292.00
2013/10/11;3.66;3.69;3.59;3.67;2342115;18473640.00
2013/10/14;3.70;3.70;3.61;3.67;2435752;19225000.00
2013/10/15;3.68;3.74;3.63;3.69;1766937;14073174.00
2013/10/16;3.68;3.68;3.48;3.50;2416845;18504612.00
2013/10/17;3.49;3.55;3.47;3.50;1250495;9523778.00
2013/10/18;3.50;3.55;3.47;3.54;639114;4875199.50
2013/10/21;3.58;3.67;3.54;3.65;1714475;13459307.00
2013/10/22;3.65;3.75;3.61;3.63;1911908;15156543.00
2013/10/23;3.60;3.66;3.49;3.52;1496240;11494456.00
2013/10/24;3.52;3.60;3.47;3.58;940671;7254631.50
2013/10/25;3.58;3.59;3.44;3.47;1318027;9974516.00
2013/10/28;3.45;3.52;3.38;3.38;1127304;8371298.50
2013/10/29;3.41;3.43;3.17;3.32;1498298;10685973.00
2013/10/30;3.34;3.41;3.20;3.40;1723744;12331465.00
2013/10/31;3.38;3.45;3.30;3.42;1231159;8993971.00
2013/11/01;3.41;3.42;3.35;3.39;415220;3045453.25
2013/11/04;3.40;3.47;3.37;3.45;652432;4819447.50
2013/11/05;3.45;3.47;3.41;3.45;726986;5410953.00
2013/11/06;3.44;3.49;3.35;3.40;983575;7328780.50
2013/11/07;3.37;3.41;3.29;3.29;715190;5188171.50
2013/11/08;3.27;3.31;3.22;3.27;551094;3893811.50
2013/11/11;3.24;3.33;3.24;3.32;510187;3638777.00
2013/11/12;3.32;3.43;3.32;3.41;693865;5081783.00
2013/11/13;3.38;3.44;3.34;3.35;558494;4091548.75
2013/11/14;3.35;3.48;3.35;3.46;1388034;10345016.00
2013/11/15;3.46;3.55;3.45;3.52;1754926;13317710.00
2013/11/18;3.56;3.88;3.53;3.88;4409005;36116208.00
2013/11/19;4.28;4.28;4.07;4.28;19631912;179146960.00
2013/11/20;4.09;4.20;4.07;4.19;10072861;89950192.00
2013/11/21;4.08;4.17;3.96;4.08;6852424;60109984.00
2013/11/22;4.05;4.50;4.05;4.50;18132028;170267792.00
2013/11/25;4.41;4.60;4.31;4.35;9964596;94862392.00
2013/11/26;4.32;4.50;4.19;4.40;7406053;69129360.00
2013/11/27;4.28;4.37;4.23;4.35;5964580;55029848.00
2013/11/28;4.29;4.80;4.29;4.62;11403014;111946936.00
2013/11/29;4.55;4.88;4.49;4.71;9436179;95795280.00
2013/12/02;4.39;4.69;4.23;4.54;12298906;119427920.00
2013/12/03;4.57;5.00;4.07;4.85;11011813;110471616.00
2013/12/04;4.95;5.26;4.84;4.87;13264733;143152880.00
2013/12/05;4.77;5.06;4.65;4.76;7218266;75135936.00
2013/12/06;4.74;4.98;4.66;4.75;6698486;69345504.00
2013/12/09;4.78;5.12;4.75;5.05;5426680;57925828.00
2013/12/10;5.04;5.57;5.00;5.57;9344476;108773864.00
2013/12/11;5.71;5.99;5.51;5.63;11735665;142918480.00
2013/12/12;5.52;6.21;5.45;6.03;13714519;172357584.00
2013/12/13;5.85;6.46;5.78;6.07;10724327;139962592.00
2013/12/16;5.95;6.25;5.61;5.71;7813023;97284648.00
2013/12/17;5.72;5.74;5.38;5.54;6110589;72393488.00
2013/12/18;5.45;6.10;5.45;6.10;9473932;119536736.00
2013/12/19;6.04;6.72;5.88;6.66;13726920;186105008.00
2013/12/20;6.57;6.80;6.18;6.39;10166367;140385632.00
2013/12/23;6.37;6.87;5.85;6.78;11274644;153571184.00
2013/12/24;6.65;7.47;6.57;7.47;11950511;182480864.00
2013/12/25;7.74;8.23;7.56;8.13;17059263;288827232.00
2014/01/02;7.31;7.31;7.31;7.31;811000;12627270.00
2014/01/03;7.04;7.93;6.95;7.35;18854851;292609888.00
2014/01/06;7.03;7.03;6.61;6.61;13149730;188883248.00
2014/01/07;6.60;6.60;6.18;6.44;14282396;193645280.00
2014/01/08;6.37;6.63;6.35;6.51;12030722;166894512.00
2014/01/09;6.54;6.55;5.92;6.02;15939363;210853680.00
2014/01/10;5.95;6.14;5.89;6.04;7796431;100677752.00
2014/01/13;6.00;6.07;5.88;6.03;4708241;60080008.00
2014/01/14;6.03;6.38;5.99;6.32;9417478;124940216.00
2014/01/15;6.28;6.44;6.12;6.28;7115507;95214472.00
2014/01/16;6.30;6.92;6.26;6.92;18180823;262179056.00
2014/01/17;6.73;6.94;6.59;6.79;11654372;167874800.00
2014/01/20;6.65;6.72;6.10;6.19;11848504;159168528.00
2014/01/21;6.16;6.28;6.04;6.28;7919677;104487992.00
2014/01/22;6.24;6.25;6.09;6.21;10013989;131566224.00
2014/01/23;6.25;6.39;6.17;6.26;8577090;115123736.00
2014/01/24;6.22;6.51;6.14;6.41;10874292;146548528.00
2014/01/27;6.33;6.40;6.22;6.25;6241822;84013424.00
2014/01/28;6.25;6.27;5.97;5.98;5015011;65037024.00
2014/01/29;6.03;6.17;5.95;6.13;3469863;45102752.00
2014/01/30;6.17;6.21;6.03;6.03;2857026;37505188.00
2014/02/07;5.95;6.19;5.90;6.19;3593953;46967460.00
2014/02/10;6.18;6.37;6.11;6.35;6278981;84153784.00
2014/02/11;6.30;6.72;6.30;6.59;12085523;168760128.00
2014/02/12;6.51;6.58;6.39;6.52;10613631;146663216.00
2014/02/13;6.55;7.03;6.50;6.72;17664337;254567136.00
2014/02/14;6.66;6.77;6.42;6.70;10371701;146244304.00
2014/02/17;6.65;7.34;6.61;7.13;14333109;215066512.00
2014/02/18;7.07;7.27;6.94;7.16;7834290;118643416.00
2014/02/19;7.13;7.16;6.56;6.76;9224707;135297136.00
2014/02/20;6.75;6.85;6.25;6.32;8277281;113238376.00
2014/02/21;6.32;6.40;6.16;6.34;3627770;48764632.00
2014/02/24;6.30;6.30;6.07;6.20;6478859;84968536.00
2014/02/25;6.21;6.39;5.57;5.67;7385679;96008032.00
2014/02/26;5.52;5.58;5.27;5.50;5101832;59443220.00
2014/02/27;5.54;5.65;5.23;5.24;4839858;56460832.00
2014/02/28;5.23;5.41;5.18;5.40;2970903;33676468.00
2014/03/03;5.39;5.65;5.37;5.58;3615541;43028724.00
2014/03/04;5.46;5.59;5.43;5.56;2599095;30694436.00
2014/03/05;5.55;5.65;5.41;5.43;4333557;50797176.00
2014/03/06;5.44;5.47;5.18;5.35;4203578;47634892.00
2014/03/07;5.35;5.40;5.21;5.29;4225156;47979304.00
2014/03/10;5.22;5.27;4.95;5.11;3695448;40677836.00
2014/03/11;5.06;5.23;5.05;5.19;2600033;28756882.00
2014/03/12;5.19;5.30;5.11;5.18;2645242;29445640.00
2014/03/13;5.19;5.31;5.16;5.28;3074920;34632328.00
2014/03/14;5.24;5.26;5.12;5.19;2415360;26857724.00
2014/03/17;5.19;5.38;5.15;5.38;3317704;37579488.00
2014/03/18;5.36;5.57;5.32;5.51;4601362;54017976.00
2014/03/19;5.47;5.68;5.42;5.58;4733300;56386124.00
2014/03/20;5.58;5.60;5.08;5.12;4755939;54420360.00
2014/03/21;5.13;5.27;4.98;5.20;2780919;30578082.00
2014/03/24;5.30;5.30;5.13;5.19;1743413;19370800.00
2014/03/25;5.14;5.23;5.14;5.19;1501369;16661710.00
2014/03/26;5.22;5.26;5.13;5.25;2257659;25291664.00
2014/03/27;5.23;5.26;4.94;4.95;3115903;33871744.00
2014/03/28;4.90;5.02;4.70;4.76;3968501;41334048.00
2014/03/31;4.75;4.80;4.63;4.71;2584525;26127720.00
2014/04/01;4.71;4.88;4.71;4.88;2437793;25124820.00
2014/04/02;4.94;5.15;4.78;4.95;6094835;64620460.00
2014/04/03;5.04;5.12;4.85;4.90;3603318;38436372.00
2014/04/04;4.88;5.00;4.85;4.96;1946167;20548822.00
2014/04/08;4.91;4.98;4.83;4.97;2538095;26745302.00
2014/04/09;4.95;5.08;4.95;5.04;3193612;34421928.00
2014/04/10;5.00;5.26;4.99;5.15;5527967;60789352.00
2014/04/11;5.05;5.20;5.01;5.03;2489618;26966252.00
2014/04/14;5.04;5.16;5.03;5.12;2027095;22147754.00
2014/04/15;5.12;5.20;5.08;5.14;2124860;23421444.00
2014/04/16;5.15;5.35;5.11;5.34;4172313;46865400.00
2014/04/17;5.38;5.49;5.20;5.23;5494978;62651120.00
2014/04/18;5.18;5.20;5.06;5.13;2848899;31327796.00
2014/04/21;5.09;5.16;4.99;5.07;1521168;16589431.00
2014/04/22;5.02;5.10;4.83;4.93;1828167;19296326.00
2014/04/23;4.89;4.96;4.83;4.92;1049798;11038915.00
2014/04/24;4.87;4.93;4.81;4.84;1356228;14146135.00
2014/04/25;4.81;4.86;4.75;4.76;1384392;14269237.00
2014/04/28;4.76;4.82;4.65;4.82;2565256;26018418.00
2014/04/29;4.80;4.94;4.75;4.92;1587794;16577094.00
2014/04/30;4.92;5.01;4.85;4.98;1664481;17657992.00
2014/05/05;4.95;5.03;4.91;5.01;1609580;17133680.00
2014/05/06;5.02;5.10;4.96;5.05;3132629;33830636.00
2014/05/07;5.00;5.06;4.85;4.91;1882114;19903214.00
2014/05/08;4.87;5.41;4.81;5.14;7347655;81973752.00
2014/05/09;5.05;5.22;4.90;4.93;4766772;51504644.00
2014/05/12;4.90;5.05;4.80;5.02;2722810;28889526.00
2014/05/13;5.00;5.02;4.90;4.93;2136708;22759844.00
2014/05/14;4.94;4.95;4.86;4.88;1510140;15814836.00
2014/05/15;4.91;4.96;4.76;4.79;1784777;18607388.00
2014/05/16;4.78;4.83;4.70;4.78;1074934;10996278.00
2014/05/19;4.79;4.85;4.71;4.79;1194948;12253905.00
2014/05/20;4.77;4.89;4.76;4.81;1464048;15170347.00
2014/05/21;4.78;5.01;4.57;4.86;3748000;25827084.00
2014/05/22;4.86;4.91;4.75;4.77;3248527;22400228.00
2014/05/23;4.76;4.79;4.63;4.74;3676631;24516818.00
2014/05/26;4.73;4.95;4.69;4.93;5286176;36409436.00
2014/05/27;4.91;4.91;4.81;4.84;2471464;17070720.00
2014/05/28;4.86;4.96;4.81;4.91;3481430;24226110.00
2014/05/29;4.89;4.97;4.82;4.84;4065656;28342626.00
2014/05/30;4.86;4.86;4.71;4.77;2896041;19658472.00
2014/06/03;4.79;4.84;4.74;4.74;1413134;9636921.00
2014/06/04;4.73;4.78;4.69;4.75;1187451;7993907.00
2014/06/05;4.75;4.94;4.71;4.89;3764609;26032756.00
2014/06/06;4.86;4.99;4.85;4.96;4733470;33243100.00
2014/06/09;4.96;5.26;4.96;5.03;10046817;72762272.00
2014/06/10;5.06;5.11;4.93;5.11;5303376;37870664.00
2014/06/11;5.06;5.16;5.05;5.12;5118561;37190460.00
2014/06/12;5.12;5.55;5.09;5.42;13577170;104131448.00
2014/06/13;5.32;5.46;5.30;5.44;7203974;55237664.00
2014/06/16;5.49;5.61;5.38;5.42;7736019;60296288.00
2014/06/17;5.42;5.46;5.23;5.24;4992970;37637512.00
2014/06/18;5.27;5.30;5.17;5.29;3804808;28255798.00
2014/06/19;5.26;5.29;5.00;5.04;3810455;27861662.00
2014/06/20;5.06;5.18;5.06;5.17;2488335;18093976.00
2014/06/23;5.16;5.31;5.14;5.30;3243801;24215320.00
2014/06/24;5.26;5.34;5.21;5.34;3644699;27442744.00
2014/06/25;5.44;5.54;5.16;5.16;7390925;56321212.00
2014/06/26;5.14;5.33;5.11;5.24;5670361;42015132.00
2014/06/27;5.23;5.36;5.20;5.24;5323235;39846304.00
2014/06/30;5.23;5.35;5.20;5.34;4720501;35406756.00
2014/07/01;5.34;5.34;5.26;5.30;3734890;28082790.00
2014/07/02;5.29;5.55;5.28;5.49;12110146;93668608.00
2014/07/03;5.69;5.84;5.51;5.56;14265208;114127584.00
2014/07/04;5.53;5.60;5.29;5.46;6946698;53683584.00
2014/07/07;5.46;5.61;5.43;5.52;5043739;39567632.00
2014/07/08;5.55;5.56;5.39;5.50;4001031;31023982.00
2014/07/09;5.49;5.55;5.26;5.26;5180186;39828684.00
2014/07/10;5.22;5.29;5.14;5.19;4203791;31104064.00
2014/07/11;5.14;5.24;5.14;5.19;3540039;26129872.00
2014/07/14;5.18;5.32;5.18;5.31;2847433;21292802.00
2014/07/15;5.31;5.31;5.21;5.26;2723818;20299652.00
2014/07/16;5.26;5.26;5.08;5.12;2753890;20190666.00
2014/07/17;5.12;5.14;4.93;5.01;4328549;30916090.00
2014/07/18;4.99;5.05;4.99;4.99;1538004;10976250.00
2014/07/21;5.01;5.04;4.95;5.02;1231993;8752443.00
2014/07/22;5.01;5.07;4.99;5.04;1674408;12002047.00
2014/07/23;5.05;5.06;4.84;4.85;3312297;23239234.00
2014/07/24;4.86;4.86;4.71;4.76;3822300;25875098.00
2014/07/25;4.75;4.86;4.75;4.86;1400412;9588322.00
2014/07/28;4.87;4.99;4.86;4.96;4349986;30559768.00
2014/07/29;4.96;5.06;4.94;5.06;3708618;26455612.00
2014/07/30;5.08;5.33;5.05;5.16;10031519;74129032.00
2014/07/31;5.14;5.17;5.06;5.16;3562896;25888706.00
2014/08/01;5.11;5.50;5.09;5.28;12880850;97443688.00
2014/08/04;5.28;5.29;5.19;5.28;6132003;45654136.00
2014/08/05;5.28;5.34;5.19;5.32;6568886;49308644.00
2014/08/06;5.31;5.36;5.26;5.30;3975896;29964554.00
2014/08/07;5.31;5.34;5.16;5.16;4683091;34916480.00
2014/08/08;5.20;5.31;5.19;5.31;4073203;30426422.00
2014/08/11;5.31;5.42;5.29;5.41;5373780;40903040.00
2014/08/12;5.39;5.46;5.37;5.41;4768414;36640756.00
2014/08/13;5.39;5.49;5.29;5.49;7007374;53559716.00
2014/08/14;5.44;6.01;5.43;5.72;21048806;171023120.00
2014/08/15;5.72;5.78;5.59;5.75;10050814;81249936.00
2014/08/18;5.76;5.82;5.70;5.82;8708602;71053304.00
2014/08/19;5.83;5.89;5.74;5.79;7333393;60342352.00
2014/08/20;5.77;5.83;5.69;5.73;7042889;57239848.00
2014/08/21;5.69;5.77;5.64;5.73;5511294;44637840.00
2014/08/22;5.74;5.80;5.71;5.76;5528712;45229884.00
2014/08/25;5.78;5.82;5.67;5.68;4625151;37579580.00
2014/08/26;5.66;5.71;5.39;5.46;5829268;45932284.00
2014/08/27;5.46;5.54;5.42;5.47;2930110;22789376.00
2014/08/28;5.49;5.51;5.34;5.46;3431383;26447798.00
2014/08/29;5.43;5.52;5.41;5.52;2418993;18853218.00
2014/09/01;5.54;5.66;5.52;5.62;3809520;30382082.00
2014/09/02;5.64;5.81;5.64;5.77;6606557;53669532.00
2014/09/03;5.69;5.81;5.64;5.77;14432196;117148840.00
2014/09/04;5.74;6.21;5.71;6.20;24827839;211581840.00
2014/09/05;6.10;6.10;5.93;6.02;20002664;170378128.00
2014/09/09;6.01;6.13;5.89;6.07;11860072;101235776.00
2014/09/10;6.00;6.12;5.97;6.08;10042683;86276624.00
2014/09/11;6.09;6.39;6.03;6.16;17347820;152926736.00
2014/09/12;6.09;6.20;5.92;6.20;16652273;142954464.00
2014/09/15;6.24;6.46;6.16;6.35;15978283;142960832.00
2014/09/16;6.34;6.39;5.86;5.98;13570367;119380552.00
2014/09/17;5.99;6.19;5.93;6.13;10789007;93090112.00
2014/09/18;6.06;6.25;6.06;6.14;7066657;61497300.00
2014/09/19;6.07;6.31;6.07;6.26;9375271;82486544.00
2014/09/22;6.25;6.28;6.06;6.09;7040528;61714068.00
2014/09/23;6.12;6.35;6.07;6.33;10516996;92922168.00
2014/09/24;6.33;6.53;6.26;6.53;17285146;157303264.00
2014/09/25;6.54;6.54;6.34;6.40;10881924;99267048.00
2014/09/26;6.42;6.48;6.35;6.45;6431351;58654940.00
2014/09/29;6.53;6.56;6.44;6.46;7985749;73278144.00
2014/09/30;6.47;6.53;6.41;6.51;8622923;78951704.00
2014/10/08;6.46;6.67;6.41;6.61;10199289;94473256.00
2014/10/09;6.60;6.65;6.42;6.54;8917399;82547800.00
2014/10/10;6.49;6.55;6.41;6.45;8111258;74321856.00
2014/10/13;6.45;6.69;6.33;6.69;13209524;122470552.00
2014/10/14;6.65;6.74;6.48;6.51;8534061;79967184.00
2014/10/15;6.53;6.54;6.39;6.54;5657846;51925868.00
2014/10/16;6.46;6.62;6.39;6.39;6146344;56658872.00
2014/10/17;6.36;6.38;5.89;6.06;11615849;100389560.00
2014/10/20;6.06;6.17;6.04;6.14;4479872;38842264.00
2014/10/21;6.12;6.24;6.06;6.14;4890462;42689732.00
2014/10/22;6.11;6.19;5.92;5.94;3888827;33453582.00
2014/10/23;5.89;5.99;5.86;5.96;3546597;29820934.00
2014/10/24;5.91;6.08;5.91;6.01;3596709;30616006.00
2014/10/27;5.99;6.09;5.86;6.05;2759632;23612508.00
2014/10/28;6.06;6.21;6.05;6.21;4260492;37246372.00
2014/10/29;6.24;6.27;6.18;6.26;5669145;50056712.00
2014/10/30;6.25;6.31;6.19;6.21;4927245;43669060.00
2014/10/31;6.21;6.24;6.09;6.13;4167996;36320352.00
2014/11/03;6.14;6.30;6.11;6.27;5960137;52651656.00
2014/11/04;6.26;6.31;6.18;6.20;3550529;31410576.00
2014/11/05;6.20;6.26;6.18;6.21;2706004;23864866.00
2014/11/06;6.21;6.27;6.15;6.27;3513325;30984542.00
2014/11/07;6.27;6.36;6.14;6.15;6584195;58531704.00
2014/11/10;6.15;6.19;6.07;6.16;3737255;32489110.00
2014/11/11;6.16;6.19;5.76;5.83;6695221;56342136.00
2014/11/12;5.80;5.94;5.79;5.92;3282629;27283674.00
2014/11/13;5.91;5.91;5.67;5.71;5262154;42814884.00
2014/11/14;5.69;5.73;5.64;5.71;2544204;20550414.00
2014/11/17;5.69;5.91;5.69;5.84;3533915;29185562.00
2014/11/18;5.85;5.89;5.81;5.85;1847698;15340594.00
2014/11/19;5.82;5.89;5.78;5.84;3656540;30276112.00
2014/11/20;5.84;5.85;5.76;5.79;3202655;26308032.00
2014/11/21;5.79;5.89;5.78;5.86;4497434;37291580.00
2014/11/24;5.88;5.92;5.85;5.92;3560647;29724696.00
2014/11/25;5.91;6.05;5.87;6.00;4551304;38652660.00
2014/11/26;6.01;6.04;5.93;6.03;4075905;34667548.00
2014/11/27;6.06;6.16;6.01;6.11;6808914;58612320.00
2014/11/28;6.09;6.16;5.99;6.02;4965735;42776644.00
2014/12/01;6.02;6.05;5.84;5.86;5306231;44612360.00
2014/12/02;5.89;6.01;5.84;5.94;4629311;39066788.00
2014/12/03;5.96;6.31;5.85;6.21;13343867;115634376.00
2014/12/04;6.19;6.22;6.10;6.17;9266056;80942936.00
2014/12/05;6.17;6.17;5.71;5.81;8142855;68492096.00
2014/12/08;5.76;5.91;5.71;5.78;4533902;37435624.00
2014/12/09;5.77;5.77;5.43;5.43;8373824;66782908.00
2014/12/10;5.43;5.62;5.39;5.59;4076462;32063972.00
2014/12/11;5.53;5.68;5.53;5.68;3373807;26984270.00
2014/12/12;5.71;5.79;5.66;5.79;3647908;29800552.00
2014/12/15;5.80;5.89;5.78;5.86;3713352;30773276.00
2014/12/16;5.88;5.91;5.80;5.86;3835803;31829642.00
2014/12/17;5.87;5.87;5.70;5.71;3272804;26722718.00
2014/12/18;5.74;5.76;5.64;5.64;2344418;18959934.00
2014/12/19;5.61;5.61;5.40;5.49;3737417;29142072.00
2014/12/22;5.43;5.47;5.02;5.11;4458193;33100738.00
2014/12/23;5.12;5.24;5.10;5.11;2489605;18322250.00
2014/12/24;5.16;5.26;5.13;5.26;3744627;27623366.00
2014/12/25;5.24;5.29;5.21;5.26;2804291;20908268.00
2014/12/26;5.27;5.29;5.21;5.25;2558262;19074628.00
2014/12/29;5.25;5.25;4.99;5.03;3921386;28390834.00
2014/12/30;5.00;5.03;4.78;4.86;5212123;36210280.00
2014/12/31;4.86;4.95;4.84;4.94;3831588;26722122.00
2015/01/05;4.94;4.99;4.78;4.97;3420143;23924714.00
2015/01/06;4.93;5.16;4.93;5.15;4610813;33216006.00
2015/01/07;5.15;5.16;5.03;5.10;2780753;20156354.00
2015/01/08;5.06;5.19;5.06;5.13;3404414;24870628.00
2015/01/09;5.16;5.21;5.10;5.10;4134813;30378844.00
2015/01/12;5.09;5.09;4.84;4.90;3878031;27234068.00
2015/01/13;4.91;4.99;4.89;4.97;3131675;22029250.00
2015/01/14;4.96;5.01;4.93;4.96;2669673;18872886.00
2015/01/15;4.96;5.07;4.96;5.02;6323031;45138988.00
2015/01/16;5.01;5.10;4.96;5.09;4924027;35285364.00
2015/01/19;5.02;5.21;4.94;4.99;6363476;45953292.00
2015/01/20;4.99;5.19;4.99;5.19;5898539;42956760.00
2015/01/21;5.20;5.36;5.18;5.36;7886382;59307616.00
2015/01/22;5.37;5.40;5.29;5.39;5751356;43680408.00
2015/01/23;5.39;5.41;5.29;5.30;4807391;36339780.00
2015/01/26;5.31;5.43;5.29;5.42;4744665;36208364.00
2015/01/27;5.47;5.47;5.31;5.44;4262359;32674728.00
2015/01/28;5.41;5.46;5.38;5.40;3348338;25767574.00
2015/01/29;5.34;5.44;5.34;5.36;2493700;19084966.00
2015/01/30;5.39;5.39;5.25;5.27;3029257;22896824.00
2015/02/02;5.24;5.35;5.19;5.30;2879180;21642134.00
2015/02/03;5.32;5.45;5.30;5.41;3748356;28673328.00
2015/02/04;5.39;5.46;5.35;5.36;3114791;23895464.00
2015/02/05;5.39;5.48;5.34;5.39;4502542;34680440.00
2015/02/06;5.39;5.40;5.11;5.15;4142367;30914572.00
2015/02/09;5.15;5.17;5.04;5.06;2507205;18205936.00
2015/02/10;5.06;5.16;5.05;5.16;2106480;15252832.00
2015/02/11;5.16;5.20;5.14;5.19;2100565;15452223.00
2015/02/12;5.18;5.31;5.18;5.27;2817747;21053444.00
2015/02/13;5.31;5.39;5.31;5.35;3513014;26724590.00
2015/02/16;5.34;5.46;5.34;5.46;4023259;30975296.00
2015/02/17;5.47;5.49;5.40;5.47;5068719;39197508.00
2015/02/25;5.49;5.61;5.42;5.61;6184170;48456224.00
2015/02/26;5.59;6.02;5.54;5.84;16169108;133129208.00
2015/02/27;5.82;5.83;5.74;5.79;5845902;47954292.00
2015/03/02;5.80;5.87;5.76;5.86;6454745;53358188.00
2015/03/03;5.85;5.85;5.69;5.71;7006038;57419148.00
2015/03/04;5.71;5.92;5.67;5.91;8104890;66923536.00
2015/03/05;5.96;6.01;5.85;5.94;7388456;62156640.00
2015/03/06;5.94;5.96;5.76;5.82;6022307;49833876.00
2015/03/09;5.78;5.89;5.74;5.87;5095590;42097412.00
2015/03/10;5.87;6.09;5.86;5.98;7697471;65320648.00
2015/03/11;5.93;5.98;5.88;5.93;6249777;52448672.00
2015/03/12;5.91;5.94;5.74;5.80;5995866;49655416.00
2015/03/13;5.81;5.92;5.79;5.92;4584677;38067528.00
2015/03/16;5.97;6.29;5.97;6.19;14283184;124986360.00
2015/03/17;6.26;6.63;6.18;6.53;20198682;183705552.00
2015/03/18;6.54;7.19;6.42;7.11;22611707;217758912.00
2015/03/19;6.99;7.09;6.78;7.05;16117260;158144912.00
2015/03/20;6.96;7.12;6.85;7.00;11437478;113279536.00
2015/03/23;7.17;7.19;6.93;7.09;10845682;108042632.00
2015/03/24;7.20;7.20;6.56;7.02;14614174;143028448.00
2015/03/25;6.97;7.73;6.84;7.71;27841458;293654976.00
2015/03/26;7.56;7.90;7.28;7.41;15132755;161910832.00
2015/03/27;7.47;8.12;7.34;8.08;18681566;206980800.00
2015/03/30;8.04;8.38;7.78;7.97;14940853;169536144.00
2015/03/31;7.97;8.17;7.79;7.92;9926881;111875528.00
2015/04/01;7.92;8.19;7.85;8.09;10335444;117552816.00
2015/04/02;8.18;8.84;8.18;8.69;14923881;180393184.00
2015/04/03;8.49;9.51;8.49;9.39;15106219;194652032.00
2015/04/07;9.39;10.34;9.12;10.34;16254378;229856384.00
2015/04/08;10.46;11.38;10.46;11.38;21368148;335574976.00
2015/04/09;11.71;12.42;10.81;11.89;21309177;355510656.00
2015/04/10;11.60;12.06;11.21;11.56;16949471;278401408.00
2015/04/13;11.49;11.78;11.14;11.29;14282024;228950000.00
2015/04/14;11.21;11.44;10.78;11.42;13528951;210014624.00
2015/04/15;11.31;12.28;10.99;12.04;19376189;320664864.00
2015/04/16;11.56;11.99;10.91;11.53;9949465;162142720.00
2015/04/17;11.53;11.66;10.82;11.54;13659969;215390416.00
2015/04/20;11.18;11.61;10.37;10.62;12008694;186979712.00
2015/04/21;10.41;10.96;10.37;10.91;12136410;183818384.00
2015/04/22;10.94;11.21;10.76;11.05;8187274;126967016.00
2015/04/23;11.14;11.28;10.89;10.95;6491103;101293288.00
2015/04/24;10.52;11.25;10.52;11.03;9029395;137448048.00
2015/04/27;11.12;11.63;10.53;11.28;14073624;221491248.00
2015/04/28;11.06;11.16;10.25;10.31;10414468;156661696.00
2015/04/29;10.40;10.70;10.28;10.55;5902383;87865328.00
2015/04/30;10.41;10.84;10.41;10.57;5482077;82709280.00
2015/05/04;10.53;11.64;10.53;11.64;17429512;281291968.00
2015/05/05;12.04;12.27;11.28;11.35;15913979;264112864.00
2015/05/06;11.35;12.49;11.35;12.35;19844662;341417024.00
2015/05/07;12.06;13.49;11.99;13.06;17745845;324664512.00
2015/05/08;12.71;14.28;12.71;14.28;13682930;261746832.00
2015/05/11;14.36;15.56;13.59;14.29;22846807;461105600.00
2015/05/12;14.15;14.34;13.63;13.86;15151327;295603968.00
2015/05/13;13.68;13.68;13.01;13.20;12321101;231776688.00
2015/05/14;13.27;13.77;12.77;13.28;14590421;272134848.00
2015/05/15;13.31;13.31;12.74;12.84;10635101;193276384.00
2015/05/18;12.75;13.84;12.64;13.84;11918242;224455296.00
2015/05/19;13.72;15.21;13.72;14.96;13509228;273386720.00
2015/05/20;14.99;16.39;14.99;16.09;11430976;255456752.00
2015/05/21;16.20;17.70;16.20;17.70;17282019;298290304.00
2015/05/22;18.00;19.28;16.85;17.47;26028573;467062912.00
2015/05/25;16.83;17.44;15.72;17.15;16380230;277877408.00
2015/05/28;18.87;18.87;17.85;18.70;28944800;538167104.00
2015/05/29;18.43;20.58;18.07;20.58;18418240;362396288.00
2015/06/01;22.63;22.64;21.41;22.64;15510494;350400640.00
2015/06/02;24.91;24.91;23.85;24.91;4435461;110223720.00
2015/06/03;27.40;27.41;26.91;27.41;30576907;838608832.00
2015/06/04;26.95;26.95;24.66;24.92;38165652;962290432.00
2015/06/05;24.95;25.81;23.32;23.70;26120396;632227712.00
2015/06/08;23.69;26.08;23.36;26.08;32511851;829256768.00
2015/06/09;26.85;27.33;24.87;26.26;25599543;673360896.00
2015/06/10;25.27;27.73;24.95;26.62;18121382;477687680.00
2015/06/11;26.62;28.50;26.62;27.68;17283116;480925920.00
2015/06/12;27.68;27.95;26.33;26.76;17965505;484249408.00
2015/06/15;26.65;26.65;24.70;24.98;15799784;403203648.00
2015/06/16;24.07;24.80;22.61;23.53;14040035;334411136.00
2015/06/17;23.54;25.75;23.54;25.37;14258491;353058560.00
2015/06/18;25.52;27.91;24.17;24.45;12959402;335533632.00
2015/06/19;23.85;24.40;22.05;22.95;10161080;237607824.00
2015/06/23;22.93;23.94;20.77;23.31;9557426;216793616.00
2015/06/24;24.25;24.45;22.95;23.62;8453105;201225088.00
2015/06/25;23.77;24.33;22.35;23.13;9015049;213572592.00
2015/06/26;20.85;22.50;20.81;20.81;8370130;178748048.00
2015/06/29;21.23;21.43;18.72;18.72;11016197;209227920.00
2015/12/22;17.83;20.60;17.44;19.17;44806340;838624128.00
2015/12/23;17.96;18.93;17.75;17.86;27527941;503076800.00
2015/12/24;18.01;18.45;17.65;18.40;19337902;352436544.00
2015/12/25;18.61;18.61;17.83;17.98;13317868;240972976.00
2015/12/28;18.01;18.32;17.88;18.07;13650616;247609136.00
2015/12/29;17.96;18.23;17.46;17.84;9783745;173593312.00
2015/12/30;18.05;18.13;17.69;17.90;7675592;137513712.00
2015/12/31;17.92;17.99;17.03;17.60;9457324;165906208.00
2016/01/04;17.33;17.60;15.84;15.84;7358604;121107400.00
2016/01/05;14.25;15.45;14.25;14.60;23771002;346735744.00
2016/01/06;14.43;15.19;14.03;15.13;15111903;221868288.00
2016/01/07;14.74;14.74;13.61;13.61;3150500;44658704.00
2016/01/08;13.96;14.15;12.41;13.00;18092827;238302464.00
2016/01/11;12.07;12.79;11.70;11.70;13806608;168796704.00
2016/01/12;11.70;12.88;11.46;12.88;16419321;203565872.00
2016/01/13;13.36;14.16;12.60;12.84;41547953;560022656.00
2016/01/14;12.15;14.13;11.76;14.13;40582522;548318912.00
2016/01/15;14.13;15.35;13.96;14.91;54540947;799380736.00
2016/01/18;14.44;15.81;13.96;15.14;41944613;633397184.00
2016/01/19;14.76;15.63;14.45;15.49;40730570;613135424.00
2016/01/20;15.15;16.70;14.98;15.83;41980492;671872000.00
2016/01/21;15.75;15.80;14.24;14.24;33520890;505757664.00
2016/01/22;14.27;14.84;13.52;14.62;28026289;399141760.00
2016/01/25;14.78;14.78;13.84;14.24;22572405;326873056.00
2016/01/26;13.65;14.05;12.81;12.81;19257857;258107376.00
2016/01/27;12.81;12.86;11.52;12.10;25620945;308636928.00
2016/01/28;11.76;12.11;10.89;10.89;18709707;214794384.00
2016/01/29;10.55;11.98;10.55;11.98;16209988;186920336.00
2016/02/01;12.34;12.65;11.80;12.17;30910536;379645440.00
2016/02/02;12.10;12.94;12.00;12.63;24828797;313692928.00
2016/02/03;12.27;12.83;12.06;12.58;19020524;236386656.00
2016/02/04;12.66;12.94;12.55;12.74;22605468;289114880.00
2016/02/05;12.77;12.91;11.98;12.02;21210550;261498032.00
2016/02/15;11.40;11.95;11.21;11.77;13221018;153918096.00
2016/02/16;11.92;12.95;11.86;12.95;12827338;162748048.00
2016/02/17;13.25;13.89;12.75;13.67;39178344;520365920.00
2016/02/18;13.55;13.85;13.20;13.29;25572025;345333728.00
2016/02/19;13.15;14.33;13.08;13.85;30296262;420095584.00
2016/03/24;15.24;15.24;15.24;15.24;1043452;15954381.00
2016/03/25;16.44;16.44;14.55;14.78;43138699;669101952.00
2016/03/28;14.60;15.11;13.85;14.09;23293537;340556864.00
2016/03/29;14.22;14.71;13.46;14.38;22814439;321619936.00
2016/03/30;14.17;15.42;14.17;15.05;23760193;348739360.00
2016/03/31;15.04;15.41;14.76;15.28;25250254;382457696.00
2016/04/01;15.15;16.15;15.03;15.34;28761405;451883648.00
2016/04/05;15.05;16.10;14.95;15.74;26293067;410453440.00
2016/04/06;15.65;17.32;15.46;16.98;34621055;565428736.00
2016/04/07;16.76;18.61;16.63;17.30;42916606;756343424.00
2016/04/08;17.05;18.43;16.61;17.92;32772400;577667648.00
2016/04/11;17.95;18.75;17.59;17.69;31450586;571967872.00
2016/04/12;17.25;17.52;16.74;16.95;19253774;329571200.00
2016/04/13;16.95;18.30;16.95;17.65;24914673;441904704.00
2016/04/14;17.71;18.14;17.33;17.64;18085382;321362880.00
2016/04/15;17.50;18.37;17.50;18.14;19893731;359940864.00
2016/04/18;18.07;19.33;17.85;19.22;27983405;525455904.00
2016/04/19;19.25;19.42;18.75;19.12;17219589;327723584.00
2016/04/20;19.02;19.50;17.23;17.70;23976049;442275360.00
2016/04/21;17.35;18.31;17.05;17.06;17212950;305974400.00
2016/04/22;16.84;17.73;16.71;17.52;12055838;210066528.00
2016/04/25;17.45;17.73;16.85;16.92;15229022;262622976.00
2016/04/26;16.94;17.41;16.92;17.40;9675123;166882864.00
2016/04/27;17.36;18.33;17.36;18.04;17464505;313941632.00
2016/04/28;18.06;18.64;17.76;18.51;17840638;325595392.00
2016/04/29;18.25;19.40;18.21;19.03;25692173;485119328.00
2016/05/03;19.06;20.37;19.06;20.17;19491963;387761824.00
2016/05/04;19.94;20.75;19.68;19.81;20819559;422280992.00
2016/05/05;19.81;20.36;19.53;20.10;12626265;252649984.00
2016/05/06;20.20;20.35;18.75;18.80;20157862;391041696.00
2016/05/09;18.55;18.61;17.26;17.28;13020629;233214416.00
2016/05/10;17.25;17.80;16.85;17.72;15766268;276273248.00
2016/05/11;18.05;18.13;17.34;17.45;7963336;141589792.00
2016/05/12;16.95;17.64;16.39;17.52;8545865;146624480.00
2016/05/13;17.60;17.95;16.96;17.30;5706238;99865504.00
2016/05/16;17.07;17.52;17.03;17.52;5960963;103351560.00
2016/05/17;17.58;17.81;16.95;17.53;9191306;159875664.00
2016/05/18;17.07;17.34;15.80;16.00;10880519;180595744.00
2016/05/19;16.01;16.64;16.00;16.09;6331005;103719376.00
2016/05/20;15.95;16.94;15.93;16.90;8999541;148718672.00
2016/05/23;17.05;17.51;16.95;17.44;7035511;122215400.00
2016/05/24;17.53;17.58;16.98;17.43;5739689;99701336.00
2016/05/25;17.43;17.75;17.03;17.07;5452883;94953944.00
2016/05/26;17.05;17.34;16.45;17.32;5870656;99048464.00
2016/05/27;17.22;17.38;16.95;16.99;3711302;63880340.00
2016/05/30;16.96;17.70;16.96;17.40;7082126;123717104.00
2016/05/31;17.26;18.15;17.26;18.13;12609322;225315456.00
2016/06/01;18.12;18.55;17.85;18.35;13507761;246098448.00
2016/06/02;18.25;18.54;18.15;18.28;8516568;156264096.00
2016/06/03;18.35;18.40;17.90;18.04;7385841;134128472.00
2016/06/06;18.04;18.19;17.80;17.95;5124350;92506912.00
2016/06/07;18.00;18.13;17.61;17.90;4984021;88998464.00
2016/06/08;17.86;19.69;17.86;19.67;26441234;508191680.00
2016/06/13;19.01;19.44;17.70;17.70;16727397;315458208.00
2016/06/14;17.00;17.53;16.80;17.21;9835996;169032272.00
2016/06/15;17.10;18.93;17.01;18.86;15889594;293762784.00
2016/06/16;18.54;19.47;18.50;19.06;15066765;287503072.00
2016/06/17;18.97;19.56;18.60;19.45;11530991;219487712.00
2016/06/20;19.36;19.49;18.79;19.14;9253153;176337744.00
2016/06/21;19.30;19.88;18.66;18.90;9532100;183713872.00
2016/06/22;18.92;19.16;18.65;19.15;7042077;133163616.00
2016/06/23;19.16;19.28;18.47;18.69;8221504;154416832.00
2016/06/24;18.53;18.94;17.31;18.23;9462009;173605184.00
2016/06/27;17.71;18.85;17.71;18.63;6544320;121077920.00
2016/06/28;18.52;18.90;18.20;18.47;8531722;157177616.00
2016/06/29;18.58;18.75;18.41;18.47;6493379;120541048.00
2016/06/30;18.48;18.68;18.25;18.45;5643178;103805864.00
2016/07/01;18.45;18.80;18.11;18.42;6209209;114712872.00
2016/07/04;18.30;18.66;18.19;18.60;7773539;144147824.00
2016/07/05;18.67;18.73;18.20;18.39;7600047;139721360.00
2016/07/06;18.39;18.58;18.15;18.32;6896213;126632320.00
2016/07/07;18.26;18.26;17.81;17.92;7531249;135586608.00
2016/07/08;17.96;18.34;17.96;18.06;6423829;116657704.00
2016/07/11;18.09;18.34;17.90;18.08;5023202;91098584.00
2016/07/12;18.04;18.19;17.70;18.15;5741042;103091432.00
2016/07/13;18.17;18.88;18.08;18.51;9690502;178989632.00
2016/07/14;18.60;18.70;18.33;18.41;5701902;105372000.00
2016/07/15;18.45;18.57;18.09;18.16;3955582;72251640.00
2016/07/18;18.00;18.20;17.87;17.99;3243672;58347412.00
2016/07/19;17.99;18.10;17.80;18.07;3231395;57965016.00
2016/07/20;18.11;18.15;17.50;17.50;6645420;118659256.00
2016/07/21;17.75;19.16;17.75;18.64;19483838;363294880.00
2016/07/22;18.40;18.83;18.24;18.39;8772593;162150256.00
2016/07/25;18.29;18.80;18.28;18.40;6949627;128542896.00
2016/07/26;18.15;18.82;18.15;18.59;9775027;181383360.00
2016/07/27;18.59;18.74;17.31;17.45;10670982;191245488.00
2016/07/28;17.45;17.76;16.68;17.18;7286504;125702544.00
2016/07/29;17.17;17.76;17.15;17.41;6253245;109301224.00
2016/08/01;17.30;17.49;16.60;16.85;4580092;77114304.00
2016/08/02;16.99;17.05;16.72;16.98;2307219;38987796.00
2016/08/03;16.90;17.14;16.80;17.02;2233261;37936560.00
2016/08/04;17.00;17.32;16.98;17.23;2592891;44516612.00
2016/08/05;17.23;17.24;16.91;16.91;2249179;38361344.00
2016/08/08;16.91;17.75;16.91;17.65;6059125;106284992.00
2016/08/09;17.74;17.76;17.38;17.66;3035446;53369024.00
2016/08/10;17.56;17.88;17.53;17.57;2656072;46923116.00
2016/08/11;17.50;17.68;17.18;17.18;4081570;70736224.00
2016/08/12;17.12;17.31;17.01;17.24;2322490;39888680.00
2016/08/15;17.27;17.70;17.27;17.53;3233848;56763060.00
2016/08/16;17.75;17.90;17.52;17.64;4256213;75182048.00
2016/08/17;17.63;17.68;17.41;17.55;2551168;44736308.00
2016/08/18;17.55;17.57;17.32;17.38;2480306;43185084.00
2016/08/19;17.32;17.56;17.30;17.40;2623276;45685908.00
2016/08/22;17.40;17.52;17.12;17.18;2856799;49401492.00
2016/08/23;17.08;17.36;17.08;17.17;1807075;31109318.00
2016/08/24;17.17;17.31;17.10;17.25;2890478;49601956.00
2016/08/25;17.12;17.18;16.82;17.06;2414044;40988956.00
2016/08/26;17.30;17.30;17.06;17.09;1768600;30329636.00
2016/08/29;17.06;17.08;16.90;17.00;1739497;29513294.00
2016/08/30;17.15;17.83;17.00;17.48;5927218;103843000.00
2016/08/31;17.51;18.05;17.49;17.97;10187651;181957488.00
2016/09/01;18.12;18.17;17.85;17.93;5849369;105257648.00
2016/09/02;18.00;18.30;17.89;18.16;7437302;135097472.00
2016/09/05;18.15;18.37;17.85;17.95;5987707;108475384.00
2016/09/06;17.97;18.29;17.78;18.10;4174600;75294544.00
2016/09/07;18.05;18.18;17.91;17.94;4833708;87212784.00
2016/09/08;17.95;18.13;17.66;18.08;2661776;47967620.00
2016/09/09;18.13;18.22;17.98;17.99;4430260;80292544.00
2016/09/12;17.76;18.40;17.58;17.85;8402694;152014864.00
2016/09/13;17.85;18.14;17.78;17.85;3822654;68443992.00
2016/09/14;17.78;17.88;17.11;17.18;4779674;83522728.00
2016/09/19;17.21;17.65;17.21;17.50;5363148;93817624.00
2016/09/20;17.51;17.65;17.28;17.39;2342332;40791424.00
2016/09/21;17.30;17.48;17.21;17.31;2542061;43975572.00
2016/09/22;17.42;17.47;17.15;17.19;3823632;66083868.00
2016/09/23;17.28;17.44;17.03;17.07;2268820;39011228.00
2016/09/26;17.18;17.20;16.96;17.00;2094588;35777408.00
2016/09/27;16.99;17.10;16.80;16.94;2333721;39453944.00
2016/09/28;17.03;17.03;16.87;16.93;1136901;19239598.00
2016/09/29;17.09;17.17;16.90;17.01;1862047;31776808.00
2016/09/30;16.93;17.37;16.93;17.35;2529037;43608140.00
2016/10/10;17.44;17.78;17.38;17.57;3568120;62673848.00
2016/10/11;17.60;17.69;17.46;17.55;2338550;41053672.00
2016/10/12;17.54;17.59;17.39;17.54;2613006;45642636.00
2016/10/13;17.58;17.72;17.40;17.55;1800903;31571134.00
2016/10/14;17.53;17.53;17.31;17.48;1632103;28390346.00
2016/10/17;17.56;19.23;17.43;18.48;10786088;198125568.00
2016/10/18;18.51;18.54;18.23;18.47;5919948;108922336.00
2016/10/19;18.44;18.59;18.20;18.21;5707677;104747816.00
2016/10/20;18.21;18.85;18.21;18.42;9137546;169982976.00
2016/10/21;18.30;18.85;18.12;18.85;8007977;148442912.00
2016/10/24;18.89;19.09;18.50;18.75;5820957;108752904.00
2016/10/25;18.73;18.73;18.35;18.41;4083996;75625560.00
2016/10/26;18.48;18.93;18.41;18.59;4793628;89602264.00
2016/10/27;18.40;18.74;18.40;18.65;4042484;74982624.00
2016/10/28;18.64;18.75;18.42;18.58;4196841;78063696.00
2016/11/14;17.99;17.99;17.55;17.83;8394694;148976880.00
2016/11/15;17.65;17.82;17.40;17.69;5470120;96183592.00
2016/11/16;17.68;17.84;17.59;17.69;3830643;67838224.00
2016/11/17;17.66;17.67;17.44;17.49;1603500;28076706.00
数据来源:通达信
