300181 佐力药业 日线 前复权
      日期	    开盘	    最高	    最低	    收盘	    成交量	    成交额
2011/02/22;4.06;4.22;3.68;3.76;11641453;340576832.00
2011/02/23;3.74;3.81;3.56;3.63;3926720;107935800.00
2011/02/24;3.63;3.73;3.60;3.63;2624437;72024080.00
2011/02/25;3.62;3.62;3.49;3.53;2276238;60634032.00
2011/02/28;3.54;3.61;3.54;3.57;1308293;35193264.00
2011/03/01;3.63;3.69;3.58;3.63;2051924;56136240.00
2011/03/02;3.57;3.66;3.57;3.64;1344447;36515480.00
2011/03/03;3.65;3.65;3.49;3.51;1725914;46246796.00
2011/03/04;3.51;3.61;3.50;3.59;1038138;27863728.00
2011/03/07;3.59;3.62;3.55;3.62;1223964;33013168.00
2011/03/08;3.61;3.61;3.56;3.59;954369;25718580.00
2011/03/09;3.58;3.59;3.54;3.55;804133;21547692.00
2011/03/10;3.55;3.62;3.55;3.58;1079526;29170576.00
2011/03/11;3.57;3.69;3.56;3.63;1817828;49625552.00
2011/03/14;3.64;3.76;3.64;3.73;1891298;52705772.00
2011/03/15;3.73;3.73;3.57;3.65;1428243;39050872.00
2011/03/16;3.66;3.66;3.61;3.66;863190;23610446.00
2011/03/18;3.55;3.59;3.53;3.55;1507223;40348524.00
2011/03/21;3.53;3.55;3.46;3.48;1395145;36778048.00
2011/03/22;3.49;3.49;3.43;3.45;913584;23830392.00
2011/03/23;3.48;3.50;3.46;3.49;570787;15007473.00
2011/03/24;3.50;3.51;3.47;3.49;568745;14962404.00
2011/03/25;3.49;3.51;3.47;3.50;597101;15743695.00
2011/03/28;3.50;3.52;3.48;3.51;717292;18955602.00
2011/03/29;3.51;3.51;3.30;3.33;1107832;28431658.00
2011/03/30;3.31;3.35;3.26;3.26;634432;15858078.00
2011/03/31;3.25;3.33;3.25;3.27;270858;6755826.00
2011/04/01;3.29;3.41;3.29;3.35;456423;11589267.00
2011/04/06;3.34;3.36;3.28;3.31;431925;10821771.00
2011/04/07;3.29;3.38;3.28;3.31;330268;8361974.50
2011/04/08;3.31;3.36;3.31;3.35;396348;10031182.00
2011/04/11;3.35;3.41;3.28;3.29;351067;8826515.00
2011/04/12;3.29;3.32;3.27;3.28;235200;5878572.00
2011/04/14;3.33;3.35;3.31;3.32;433929;10977984.00
2011/04/15;3.28;3.33;3.25;3.30;429580;10693905.00
2011/04/18;3.32;3.32;3.27;3.31;248401;6216730.50
2011/04/19;3.32;3.32;3.26;3.28;301102;7516948.00
2011/04/20;3.28;3.36;3.26;3.36;473607;11947765.00
2011/04/21;3.35;3.35;3.31;3.33;384366;9704770.00
2011/04/22;3.34;3.34;3.26;3.28;209604;5236526.00
2011/04/25;3.28;3.29;3.21;3.21;404537;10030583.00
2011/04/26;3.19;3.21;3.08;3.11;339425;8099105.50
2011/04/27;3.11;3.14;3.04;3.06;229434;5421841.50
2011/04/28;3.06;3.08;2.97;2.99;251049;5831702.00
2011/04/29;2.99;3.02;2.93;3.02;200222;4584663.00
2011/05/03;3.00;3.07;2.98;3.05;176975;4094820.50
2011/05/04;3.03;3.05;2.97;3.00;173544;4015654.75
2011/05/05;3.00;3.07;2.96;3.05;217924;5079730.00
2011/05/06;3.02;3.09;3.01;3.06;126672;2972042.50
2011/05/09;3.05;3.11;3.05;3.08;164745;3898819.75
2011/05/10;3.07;3.10;3.04;3.08;104445;2447263.25
2011/05/11;3.08;3.08;3.04;3.05;107200;2508022.00
2011/05/12;3.04;3.06;2.96;2.97;136562;3170570.50
2011/05/13;2.94;3.01;2.94;2.99;202215;4611677.00
2011/05/16;2.99;3.11;2.97;3.07;295804;6923107.50
2011/05/17;3.07;3.11;3.05;3.08;203660;4807746.50
2011/05/18;3.08;3.09;3.04;3.05;225219;5288964.50
2011/05/19;3.02;3.08;3.02;3.05;98322;2294487.50
2011/05/20;3.01;3.04;2.95;2.96;259130;5945513.50
2011/05/23;2.96;2.99;2.74;2.74;459438;10117265.00
2011/05/24;2.70;2.80;2.65;2.74;900040;19078130.00
2011/05/25;2.73;2.73;2.55;2.59;602621;12435086.00
2011/05/26;2.60;2.66;2.53;2.59;698700;14110385.00
2011/05/27;2.55;2.59;2.52;2.53;227088;4534286.00
2011/05/30;2.52;2.58;2.47;2.55;287896;5734460.00
2011/05/31;2.55;2.59;2.49;2.59;245110;4908896.50
2011/06/01;2.59;2.62;2.55;2.59;168223;3410578.50
2011/06/02;2.56;2.56;2.49;2.53;180955;3591396.50
2011/06/03;2.55;2.59;2.53;2.58;225628;4547444.00
2011/06/07;2.56;2.61;2.55;2.61;287904;5854665.50
2011/06/08;2.61;2.61;2.53;2.57;194242;3905496.75
2011/06/09;2.56;2.57;2.52;2.52;141482;2825237.25
2011/06/10;2.52;2.52;2.46;2.50;151577;2974364.75
2011/06/13;2.50;2.52;2.45;2.51;122607;2403112.75
2011/06/14;2.51;2.56;2.51;2.54;187399;3737836.25
2011/06/15;2.54;2.56;2.52;2.53;225862;4512218.00
2011/06/16;2.51;2.51;2.43;2.46;190050;3698375.00
2011/06/17;2.46;2.47;2.41;2.42;162570;3134372.25
2011/06/20;2.42;2.45;2.34;2.36;272890;5140654.00
2011/06/21;2.33;2.40;2.33;2.37;166674;3131364.25
2011/06/22;2.36;2.38;2.21;2.34;288080;5309635.00
2011/06/23;2.34;2.44;2.26;2.43;563624;10552740.00
2011/06/24;2.39;2.50;2.39;2.48;385816;7481863.50
2011/06/27;2.48;2.55;2.47;2.49;323126;6383229.50
2011/06/28;2.50;2.57;2.49;2.55;401255;7978402.50
2011/06/29;2.54;2.58;2.52;2.52;283087;5673674.50
2011/06/30;2.50;2.56;2.50;2.55;278370;5544684.50
2011/07/01;2.63;2.75;2.58;2.68;734297;15316501.00
2011/07/04;2.72;2.80;2.71;2.79;806791;17304644.00
2011/07/05;2.76;2.80;2.74;2.77;367450;7907163.50
2011/07/06;2.76;2.89;2.73;2.89;771958;16888304.00
2011/07/07;2.87;2.92;2.87;2.89;653131;14594156.00
2011/07/08;2.89;2.89;2.80;2.84;370663;8134555.00
2011/07/11;2.82;2.89;2.81;2.89;313778;6950885.00
2011/07/12;2.87;2.87;2.80;2.80;344872;7545131.00
2011/07/13;2.80;2.95;2.80;2.93;522874;11642992.00
2011/07/14;2.93;2.99;2.93;2.99;409515;9366250.00
2011/07/15;3.02;3.03;2.97;3.02;678381;15642423.00
2011/07/18;2.99;3.09;2.95;2.97;529820;12211763.00
2011/07/19;2.94;2.96;2.84;2.85;584850;12971555.00
2011/07/20;2.86;2.90;2.78;2.82;448343;9797583.00
2011/07/21;2.84;2.95;2.79;2.79;1021973;22713622.00
2011/07/22;2.79;2.85;2.79;2.85;740166;16131715.00
2011/07/25;2.86;2.87;2.71;2.73;671085;14582411.00
2011/07/26;2.73;2.76;2.70;2.74;226856;4804275.50
2011/07/27;2.71;2.89;2.71;2.88;589210;12840137.00
2011/07/28;2.87;3.15;2.85;3.09;1724751;40255984.00
2011/07/29;3.08;3.08;2.99;3.04;886453;20667196.00
2011/08/01;3.02;3.19;3.01;3.16;1096358;26223790.00
2011/08/02;3.14;3.19;3.07;3.18;888610;21254944.00
2011/08/03;3.11;3.22;3.07;3.08;1029096;24709042.00
2011/08/04;3.11;3.15;3.08;3.11;543730;12907936.00
2011/08/05;2.99;3.08;2.99;3.00;760201;17668550.00
2011/08/08;2.98;2.98;2.75;2.75;895143;19815988.00
2011/08/09;2.69;2.79;2.58;2.77;563491;11788225.00
2011/08/10;2.84;2.89;2.80;2.81;632575;13950578.00
2011/08/11;2.77;2.92;2.73;2.92;680462;15018620.00
2011/08/12;2.96;3.04;2.93;2.99;481857;11033361.00
2011/08/15;2.99;3.07;2.99;3.05;469853;10942435.00
2011/08/16;3.07;3.09;2.98;3.00;461699;10670259.00
2011/08/17;3.01;3.04;2.98;3.02;374470;8661519.00
2011/08/18;3.01;3.03;2.88;2.89;398333;9065821.00
2011/08/19;2.81;2.86;2.77;2.85;522590;11399241.00
2011/08/22;2.85;2.92;2.81;2.86;412000;9108571.00
2011/08/23;2.86;3.08;2.85;3.06;881714;20235584.00
2011/08/24;3.08;3.20;3.06;3.07;1342949;32132114.00
2011/08/25;3.05;3.14;3.03;3.12;818727;19367502.00
2011/08/26;3.11;3.45;3.11;3.32;2275689;56909488.00
2011/08/29;3.26;3.36;3.25;3.28;1342415;33760744.00
2011/08/30;3.29;3.41;3.20;3.22;1259892;31604938.00
2011/08/31;3.22;3.26;3.11;3.17;817103;19660950.00
2011/09/01;3.17;3.23;3.13;3.18;625118;15165932.00
2011/09/02;3.15;3.20;3.12;3.14;496742;11946984.00
2011/09/05;3.11;3.11;3.01;3.02;506020;11817516.00
2011/09/06;2.97;3.02;2.91;2.94;535155;12170562.00
2011/09/07;2.96;3.07;2.92;3.06;533981;12341749.00
2011/09/08;3.08;3.10;3.02;3.02;395696;9265360.00
2011/09/09;3.02;3.08;2.99;3.02;304166;7077826.50
2011/09/13;2.93;3.05;2.91;3.04;405278;9258271.00
2011/09/14;3.08;3.27;3.04;3.26;1395175;33860548.00
2011/09/15;3.26;3.29;3.19;3.24;852319;21021930.00
2011/09/16;3.27;3.27;3.17;3.19;528309;12926501.00
2011/09/19;3.18;3.18;3.08;3.10;373784;8915905.00
2011/09/20;3.10;3.31;3.04;3.29;1340632;32848326.00
2011/09/21;3.28;3.35;3.23;3.33;806029;20172480.00
2011/09/22;3.28;3.37;3.17;3.17;940824;23419900.00
2011/09/23;3.09;3.32;3.09;3.26;726084;17854400.00
2011/09/26;3.26;3.32;3.19;3.20;561097;13864812.00
2011/09/27;3.23;3.27;3.03;3.07;1243364;29615154.00
2011/09/28;3.08;3.10;2.94;2.95;580680;13490992.00
2011/09/29;2.95;2.95;2.74;2.76;878131;19066056.00
2011/09/30;2.77;2.81;2.73;2.78;216440;4654139.00
2011/10/10;2.76;2.84;2.73;2.75;275181;5894352.00
2011/10/11;2.84;2.87;2.76;2.81;386720;8437942.00
2011/10/12;2.79;2.97;2.74;2.95;522911;11664524.00
2011/10/13;2.95;3.05;2.92;2.96;456424;10445684.00
2011/10/14;2.96;2.98;2.88;2.94;315165;7086561.00
2011/10/17;2.96;2.96;2.89;2.94;400812;9036509.00
2011/10/18;2.91;2.93;2.73;2.74;469276;10257089.00
2011/10/19;2.74;2.78;2.64;2.70;482520;10123010.00
2011/10/20;2.68;2.68;2.57;2.59;365622;7444688.50
2011/10/21;2.59;2.62;2.54;2.56;271004;5459406.00
2011/10/24;2.57;2.66;2.52;2.66;340717;6949935.00
2011/10/25;2.63;2.77;2.62;2.76;435891;9263115.00
2011/10/26;2.73;2.78;2.71;2.76;415178;8897728.00
2011/10/27;2.76;2.80;2.71;2.72;250278;5358378.50
2011/10/28;2.76;2.79;2.70;2.76;493868;10533628.00
2011/10/31;2.76;2.82;2.75;2.80;420997;9112681.00
2011/11/01;2.78;2.88;2.76;2.87;642525;14068791.00
2011/11/02;2.77;2.95;2.77;2.93;719187;15974611.00
2011/11/03;2.93;3.04;2.91;2.98;888273;20407728.00
2011/11/04;3.02;3.02;2.95;2.98;417356;9568933.00
2011/11/07;2.98;3.05;2.97;2.99;325921;7545657.00
2011/11/08;3.02;3.02;2.87;2.88;476507;10777511.00
2011/11/09;2.91;2.96;2.86;2.96;414989;9290256.00
2011/11/10;2.91;3.04;2.91;2.98;652170;14982978.00
2011/11/11;2.98;3.05;2.95;2.99;620909;14287729.00
2011/11/14;3.03;3.15;3.00;3.15;1103657;26158238.00
2011/11/15;3.16;3.18;3.10;3.11;559214;13335406.00
2011/11/16;3.12;3.14;3.00;3.03;492502;11537639.00
2011/11/17;3.03;3.17;3.01;3.13;676937;16070105.00
2011/11/18;3.08;3.12;2.96;2.99;548562;12770621.00
2011/11/21;2.98;3.01;2.89;2.97;345541;7803151.50
2011/11/22;2.96;2.99;2.91;2.98;224436;5099757.50
2011/11/23;2.99;3.06;2.95;3.02;420609;9750052.00
2011/11/24;2.98;3.11;2.95;3.10;722983;16876948.00
2011/11/25;3.10;3.14;3.06;3.08;485988;11529380.00
2011/11/28;3.07;3.11;3.04;3.08;351722;8281277.00
2011/11/29;3.09;3.14;3.07;3.13;735198;17486500.00
2011/11/30;3.12;3.14;2.80;2.92;970666;22061892.00
2011/12/01;3.00;3.07;2.95;2.95;898566;20764428.00
2011/12/02;2.92;2.93;2.80;2.82;532532;11735613.00
2011/12/05;2.80;2.87;2.77;2.80;415349;9047290.00
2011/12/06;2.80;2.88;2.77;2.85;174865;3806862.25
2011/12/07;2.86;2.91;2.80;2.88;217630;4822265.50
2011/12/08;2.86;2.94;2.84;2.86;439161;9789027.00
2011/12/09;2.92;2.92;2.85;2.88;282510;6285103.50
2011/12/12;2.85;2.89;2.80;2.84;187477;4117936.00
2011/12/13;2.80;2.84;2.75;2.76;345519;7467549.00
2011/12/14;2.76;2.80;2.70;2.70;171069;3640767.00
2011/12/15;2.71;2.71;2.61;2.63;280500;5793273.50
2011/12/19;2.68;2.78;2.64;2.76;637745;13457047.00
2011/12/20;2.74;2.79;2.70;2.76;360749;7711452.50
2011/12/21;2.79;2.84;2.71;2.72;534022;11544031.00
2011/12/22;2.72;2.76;2.64;2.75;329125;6908725.50
2011/12/23;2.73;2.85;2.72;2.82;342448;7446030.00
2011/12/26;2.85;2.90;2.81;2.85;221418;4903710.50
2011/12/27;2.82;2.86;2.75;2.81;308674;6724919.50
2011/12/28;2.78;2.81;2.66;2.81;354186;7527851.00
2011/12/29;2.80;2.86;2.76;2.86;214799;4703720.00
2011/12/30;2.89;2.96;2.86;2.93;530176;11969041.00
2012/01/04;2.93;2.97;2.76;2.77;247610;5492188.50
2012/01/05;2.74;2.74;2.60;2.61;424091;8793548.00
2012/01/06;2.60;2.61;2.44;2.59;341978;6808292.50
2012/01/09;2.56;2.70;2.53;2.68;438019;9014874.00
2012/01/10;2.66;2.77;2.66;2.76;437326;9262828.00
2012/01/11;2.76;2.78;2.71;2.74;160285;3415030.75
2012/01/12;2.75;2.75;2.67;2.70;280543;5887108.50
2012/01/13;2.67;2.67;2.46;2.47;455400;9131867.00
2012/01/16;2.46;2.47;2.40;2.40;179688;3447513.50
2012/01/17;2.38;2.55;2.36;2.52;201622;3903132.75
2012/01/18;2.55;2.58;2.33;2.37;207026;4011539.75
2012/01/19;2.36;2.42;2.31;2.36;262396;4912722.50
2012/01/20;2.37;2.48;2.37;2.46;232647;4488885.50
2012/01/30;2.46;2.50;2.41;2.45;151450;2943969.75
2012/01/31;2.46;2.46;2.42;2.46;85433;1642696.63
2012/02/01;2.49;2.49;2.44;2.48;143416;2794988.75
2012/02/02;2.50;2.50;2.40;2.49;118816;2309928.25
2012/02/03;2.49;2.59;2.48;2.58;415706;8274306.00
2012/02/06;2.55;2.59;2.51;2.52;390325;7778305.00
2012/02/07;2.52;2.53;2.47;2.50;197080;3870038.00
2012/02/08;2.48;2.55;2.47;2.54;233187;4619325.50
2012/02/09;2.54;2.58;2.52;2.55;297434;5949183.00
2012/02/10;2.55;2.56;2.50;2.53;271901;5426958.50
2012/02/13;2.52;2.60;2.52;2.58;330964;6671457.00
2012/02/14;2.58;2.63;2.54;2.55;435671;8770297.00
2012/02/15;2.56;2.59;2.53;2.57;363892;7307061.50
2012/02/16;2.58;2.62;2.55;2.58;474205;9610099.00
2012/02/17;2.59;2.61;2.52;2.54;419990;8411143.00
2012/02/20;2.58;2.58;2.52;2.52;400656;7994251.00
2012/02/21;2.55;2.55;2.49;2.54;304952;6056301.50
2012/02/22;2.53;2.67;2.50;2.66;1766594;35964476.00
2012/02/23;2.67;2.67;2.61;2.64;693327;14304448.00
2012/02/24;2.63;2.69;2.62;2.67;897173;18617678.00
2012/02/27;2.70;2.75;2.67;2.68;811315;17077168.00
2012/02/28;2.70;2.71;2.55;2.65;791156;16380690.00
2012/02/29;2.65;2.69;2.60;2.62;716743;14753084.00
2012/03/01;2.66;2.67;2.59;2.64;429354;8857323.00
2012/03/02;2.67;2.70;2.63;2.68;737357;15319664.00
2012/03/05;2.69;2.69;2.65;2.66;472011;9824744.00
2012/03/06;2.64;2.66;2.56;2.60;607212;12355249.00
2012/03/07;2.59;2.62;2.56;2.59;337029;6838574.50
2012/03/08;2.63;2.63;2.59;2.62;353285;7220800.00
2012/03/09;2.83;2.91;2.78;2.85;2170539;47528692.00
2012/03/12;2.82;2.93;2.82;2.89;1306195;28987334.00
2012/03/13;2.89;2.90;2.84;2.89;792007;17529892.00
2012/03/14;2.90;3.02;2.82;2.84;1756040;39579780.00
2012/03/15;2.84;2.97;2.79;2.95;1288066;28723648.00
2012/03/16;2.94;3.05;2.94;3.01;1397144;32267562.00
2012/03/19;3.01;3.06;2.97;3.03;765992;17755342.00
2012/03/20;3.00;3.02;2.89;2.90;820778;18604284.00
2012/03/21;2.91;2.93;2.79;2.86;660521;14531198.00
2012/03/22;2.86;2.89;2.82;2.86;271711;6005894.00
2012/03/23;2.86;2.87;2.80;2.83;338632;7414622.00
2012/03/26;2.82;2.84;2.77;2.82;246551;5354390.50
2012/03/27;2.84;2.92;2.84;2.84;366791;8151198.50
2012/03/28;2.82;2.82;2.61;2.63;761396;16063639.00
2012/03/29;2.63;2.68;2.55;2.59;449104;9131172.00
2012/03/30;2.59;2.63;2.53;2.56;370563;7447630.00
2012/04/05;2.62;2.74;2.59;2.73;749350;15676580.00
2012/04/06;2.71;2.77;2.67;2.72;397255;8424712.00
2012/04/09;2.72;2.90;2.69;2.82;713879;15585562.00
2012/04/10;2.81;2.88;2.79;2.88;498075;10946663.00
2012/04/11;2.84;2.89;2.82;2.84;395077;8707042.00
2012/04/12;2.85;2.90;2.82;2.90;634358;14065458.00
2012/04/13;2.89;2.90;2.85;2.86;393394;8710017.00
2012/04/16;2.86;2.88;2.71;2.87;458624;10036386.00
2012/04/17;2.83;2.91;2.82;2.88;433192;9627668.00
2012/04/18;2.89;2.93;2.83;2.91;456909;10187608.00
2012/04/19;2.94;2.94;2.85;2.87;401196;8938847.00
2012/04/20;2.88;2.90;2.86;2.89;289280;6432597.00
2012/04/23;2.89;2.89;2.73;2.73;673404;14596155.00
2012/04/24;2.73;2.77;2.66;2.75;351065;7410884.50
2012/04/25;2.72;2.82;2.72;2.81;289275;6244140.50
2012/04/26;2.85;2.87;2.80;2.81;190848;4168885.75
2012/04/27;2.82;2.92;2.82;2.89;369136;8182135.50
2012/05/02;2.94;2.94;2.88;2.92;437369;9806672.00
2012/05/03;2.92;2.94;2.89;2.93;304629;6850117.00
2012/05/04;2.93;3.01;2.93;3.00;506254;11603711.00
2012/05/07;2.99;3.10;2.97;3.07;795855;18643612.00
2012/05/08;3.07;3.08;2.99;3.00;412425;9614029.00
2012/05/09;2.99;3.01;2.96;2.96;435728;9966672.00
2012/05/10;2.96;3.14;2.96;3.06;829306;19547170.00
2012/05/11;3.03;3.10;3.03;3.08;524239;12311327.00
2012/05/14;3.11;3.12;3.00;3.00;649336;15217943.00
2012/05/15;3.00;3.01;2.93;2.97;534892;12206498.00
2012/05/16;2.94;3.02;2.94;2.96;236974;5434473.50
2012/05/17;2.96;2.99;2.95;2.99;332261;7615584.50
2012/05/18;2.96;2.97;2.85;2.87;507053;11323262.00
2012/05/21;2.83;2.90;2.83;2.88;183356;4067793.75
2012/05/22;2.92;2.97;2.88;2.96;392479;8848756.00
2012/05/23;2.96;2.98;2.90;2.98;442018;10028305.00
2012/05/24;2.95;2.96;2.92;2.95;200180;4540941.00
2012/05/25;2.87;2.97;2.87;2.88;173280;3888558.50
2012/05/28;2.85;2.90;2.82;2.90;284248;6289714.50
2012/05/29;2.88;2.97;2.88;2.94;252551;5722969.50
2012/05/30;2.96;2.97;2.94;2.96;189808;4317321.50
2012/05/31;2.96;3.04;2.95;3.02;545329;12602885.00
2012/06/01;3.04;3.06;3.00;3.03;420768;9801822.00
2012/06/04;3.00;3.04;2.97;2.97;507077;11684575.00
2012/06/05;2.97;3.03;2.94;3.03;471643;10886916.00
2012/06/06;3.04;3.04;2.97;2.98;334312;7698268.00
2012/06/07;3.01;3.02;2.92;2.93;239848;5483127.00
2012/06/08;2.97;2.99;2.87;2.89;329960;7406009.50
2012/06/11;2.89;2.98;2.89;2.97;301464;6831732.00
2012/06/12;2.97;3.07;2.95;3.05;650422;15079776.00
2012/06/13;3.02;3.12;3.02;3.10;604962;14257648.00
2012/06/14;3.10;3.17;3.07;3.14;1076338;25836476.00
2012/06/15;3.22;3.49;3.22;3.49;2431827;63506968.00
2012/06/18;3.73;3.88;3.71;3.88;4926334;141248768.00
2012/06/19;4.18;4.31;4.14;4.31;9776767;305761888.00
2012/06/20;4.45;4.59;4.30;4.47;10613050;347469152.00
2012/06/21;4.40;4.52;4.27;4.40;5871532;190674736.00
2012/06/25;4.33;4.51;4.23;4.32;5577782;179957840.00
2012/06/26;4.19;4.22;3.90;4.11;5022110;151888768.00
2012/06/27;4.09;4.56;4.05;4.42;10097224;327214720.00
2012/06/28;4.33;4.36;4.04;4.06;5815163;181144352.00
2012/06/29;4.00;4.27;3.97;4.24;5048687;155758848.00
2012/07/02;4.42;4.70;4.42;4.70;6497771;222230080.00
2012/07/03;4.91;5.16;4.75;4.94;10870544;392939680.00
2012/07/04;4.83;4.92;4.78;4.80;7471430;264509104.00
2012/07/05;4.75;5.18;4.68;4.93;9363107;336998240.00
2012/07/06;4.82;5.46;4.73;5.46;9103731;339691872.00
2012/07/09;5.56;5.75;4.88;4.88;20964728;444727040.00
2012/07/10;4.68;4.87;4.47;4.55;14444094;268449248.00
2012/07/11;4.51;4.80;4.44;4.72;12263237;228506624.00
2012/07/12;4.63;4.73;4.44;4.46;11879631;217986032.00
2012/07/13;4.41;4.61;4.35;4.46;9989429;181583344.00
2012/07/16;4.39;4.91;4.33;4.62;16188389;302770080.00
2012/07/17;4.55;4.59;4.12;4.27;15350262;260709040.00
2012/07/18;4.26;4.46;4.06;4.39;13128215;226539168.00
2012/07/19;4.30;4.44;4.22;4.32;8960913;156747504.00
2012/07/20;4.31;4.53;3.98;4.05;12662844;220981200.00
2012/07/23;3.91;3.99;3.81;3.94;9060822;143582416.00
2012/07/24;3.85;4.09;3.84;4.03;8084398;131976464.00
2012/07/25;3.97;4.09;3.93;3.94;5863711;95276064.00
2012/07/26;3.88;4.05;3.83;3.89;5147619;82146104.00
2012/07/27;4.09;4.32;4.02;4.32;11325269;194145184.00
2012/07/30;4.33;4.36;3.85;3.85;10827488;176676960.00
2012/07/31;3.68;3.76;3.43;3.64;10575191;155741296.00
2012/08/01;3.59;3.81;3.56;3.71;6844879;103482064.00
2012/08/02;3.71;3.99;3.70;3.80;10780907;168749744.00
2012/08/03;3.80;3.90;3.74;3.86;7043532;109702560.00
2012/08/06;3.79;3.95;3.77;3.93;7313870;115504728.00
2012/08/07;3.93;3.96;3.80;3.90;7507325;118429368.00
2012/08/08;3.89;3.90;3.80;3.84;4376837;68362352.00
2012/08/09;3.82;4.18;3.79;4.08;10578624;171956176.00
2012/08/10;4.06;4.17;4.01;4.13;7734423;128411392.00
2012/08/13;4.06;4.19;4.01;4.06;6702521;111500856.00
2012/08/14;4.01;4.09;3.76;3.99;6305937;100780456.00
2012/08/15;3.96;3.99;3.80;3.80;3766009;59505412.00
2012/08/16;3.80;3.84;3.57;3.61;5111489;77324336.00
2012/08/17;3.61;3.66;3.48;3.53;3776120;55125352.00
2012/08/20;3.49;3.65;3.46;3.64;2792856;40988376.00
2012/08/21;3.62;3.81;3.61;3.75;3979735;60766888.00
2012/08/22;3.71;3.86;3.69;3.74;3405447;52454264.00
2012/08/23;3.69;3.77;3.61;3.68;3333983;50166056.00
2012/08/24;3.66;3.67;3.56;3.57;2622072;38780224.00
2012/08/27;3.53;3.55;3.42;3.45;2794813;39907444.00
2012/08/28;3.51;3.74;3.48;3.66;4828464;71750448.00
2012/08/29;3.60;3.66;3.52;3.52;2955600;43548144.00
2012/08/30;3.50;3.58;3.27;3.34;4000908;56272504.00
2012/08/31;3.40;3.48;3.29;3.40;2250479;31521986.00
2012/09/03;3.35;3.51;3.32;3.47;2731953;38613536.00
2012/09/04;3.56;3.83;3.50;3.61;7312833;110256360.00
2012/09/05;3.55;3.73;3.52;3.65;4124373;61208064.00
2012/09/06;3.64;3.73;3.53;3.68;3781100;56650928.00
2012/09/07;3.74;3.87;3.73;3.81;6641400;103173584.00
2012/09/10;3.82;3.84;3.72;3.77;4149265;63794240.00
2012/09/11;3.74;3.77;3.69;3.73;2547384;38774784.00
2012/09/12;3.75;3.92;3.74;3.92;6666726;104278936.00
2012/09/13;3.93;3.96;3.77;3.81;4921161;77359368.00
2012/09/14;3.81;3.86;3.56;3.66;5989672;90112952.00
2012/09/17;3.62;3.66;3.48;3.48;2720693;39823664.00
2012/09/18;3.47;3.60;3.47;3.54;2077533;30295668.00
2012/09/19;3.59;3.66;3.54;3.59;1892418;27865244.00
2012/09/20;3.60;3.64;3.40;3.41;2111289;30271812.00
2012/09/21;3.41;3.50;3.32;3.33;2705175;37553476.00
2012/09/24;3.29;3.44;3.26;3.39;1787513;24606486.00
2012/09/25;3.46;3.46;3.32;3.37;1707687;23718560.00
2012/09/26;3.38;3.38;3.19;3.21;1984180;26771026.00
2012/09/27;3.25;3.33;3.21;3.30;2016066;27281124.00
2012/09/28;3.27;3.39;3.26;3.37;2176792;29813792.00
2012/10/08;3.42;3.43;3.35;3.39;1849333;25829202.00
2012/10/09;3.39;3.54;3.37;3.52;2929090;42001204.00
2012/10/10;3.47;3.54;3.45;3.52;2680236;38523964.00
2012/10/11;3.52;3.65;3.48;3.50;4063651;59768216.00
2012/10/12;3.45;3.52;3.30;3.41;3438871;48358728.00
2012/10/15;3.41;3.51;3.35;3.49;2148501;30506166.00
2012/10/16;3.49;3.62;3.43;3.52;3559729;51905140.00
2012/10/17;3.53;3.62;3.48;3.60;2635481;38500356.00
2012/10/18;3.63;3.64;3.55;3.62;4457030;65781652.00
2012/10/19;3.62;3.62;3.49;3.51;2496230;36420708.00
2012/10/22;3.50;3.56;3.48;3.56;1686354;24457440.00
2012/10/23;3.66;3.72;3.49;3.52;3201599;47318492.00
2012/10/24;3.42;3.58;3.40;3.44;2236733;31799068.00
2012/10/25;3.43;3.45;3.34;3.34;1969978;27530506.00
2012/10/26;3.37;3.37;3.25;3.29;1701202;23217968.00
2012/10/29;3.26;3.33;3.26;3.32;860034;11764967.00
2012/10/30;3.34;3.36;3.29;3.29;1020979;14005484.00
2012/10/31;3.30;3.37;3.27;3.36;1074279;14758116.00
2012/11/01;3.37;3.44;3.34;3.42;1682477;23667234.00
2012/11/02;3.41;3.44;3.37;3.43;1004221;14110953.00
2012/11/05;3.39;3.43;3.37;3.40;914837;12806179.00
2012/11/06;3.40;3.41;3.30;3.33;919392;12660393.00
2012/11/07;3.36;3.36;3.30;3.33;949372;13054376.00
2012/11/08;3.30;3.32;3.20;3.21;1070068;14398320.00
2012/11/09;3.21;3.24;3.15;3.17;1277988;16872420.00
2012/11/12;3.20;3.21;3.15;3.16;803759;10579174.00
2012/11/13;3.16;3.17;3.03;3.05;2111854;27047484.00
2012/11/14;3.05;3.08;2.99;3.06;1201771;15229505.00
2012/11/15;3.03;3.09;2.94;2.94;1146002;14383891.00
2012/11/16;2.94;2.94;2.82;2.87;1671785;20115230.00
2012/11/19;2.86;2.87;2.78;2.85;1084142;12875449.00
2012/11/20;2.86;2.91;2.83;2.90;1307090;15776821.00
2012/11/21;2.90;2.96;2.85;2.96;1544342;18867976.00
2012/11/22;2.96;2.96;2.85;2.86;794113;9649993.00
2012/11/23;2.84;2.91;2.84;2.87;724072;8725321.00
2012/11/26;2.88;2.88;2.80;2.80;649909;7713068.00
2012/11/27;2.77;2.82;2.62;2.63;1247659;14200507.00
2012/11/28;2.63;2.63;2.49;2.52;1606317;17298590.00
2012/11/29;2.51;2.56;2.43;2.43;1184868;12610772.00
2012/11/30;2.44;2.51;2.43;2.49;1051734;11127592.00
2012/12/03;2.49;2.50;2.37;2.37;1493676;15562894.00
2012/12/04;2.36;2.48;2.32;2.47;1652573;16956278.00
2012/12/05;2.45;2.63;2.42;2.59;3427858;37153012.00
2012/12/06;2.60;2.60;2.53;2.56;1518567;16573733.00
2012/12/07;2.57;2.68;2.56;2.67;1807917;20164446.00
2012/12/10;2.64;2.77;2.62;2.75;1934573;22107070.00
2012/12/11;2.73;2.76;2.69;2.69;1152222;13230030.00
2012/12/12;2.69;2.71;2.59;2.65;1365349;15275722.00
2012/12/13;2.65;2.90;2.61;2.71;3370051;39300096.00
2012/12/14;2.66;2.82;2.66;2.81;2619768;30445832.00
2012/12/17;2.80;2.85;2.75;2.79;1771314;20741164.00
2012/12/18;2.78;2.99;2.76;2.87;3645573;43952796.00
2012/12/19;2.86;2.87;2.82;2.84;1715702;20465914.00
2012/12/20;2.82;2.83;2.75;2.81;2288552;26881752.00
2012/12/21;2.80;2.87;2.80;2.84;1917680;22845246.00
2012/12/24;2.81;2.97;2.79;2.95;2742497;33446760.00
2012/12/25;2.94;3.07;2.91;3.06;3111994;38743748.00
2012/12/26;3.02;3.10;2.94;2.98;11112041;138501840.00
2012/12/27;2.97;2.98;2.84;2.86;7027414;85190024.00
2012/12/28;2.83;2.89;2.83;2.88;3046958;36656960.00
2012/12/31;2.89;2.91;2.82;2.90;3207758;38606092.00
2013/01/04;2.90;2.92;2.81;2.86;2448864;29348844.00
2013/01/07;2.90;2.98;2.89;2.97;5382283;66154348.00
2013/01/08;2.98;3.30;2.95;3.26;11036391;144108144.00
2013/01/09;3.23;3.23;3.07;3.18;7539496;98479584.00
2013/01/10;3.13;3.18;3.10;3.17;3866803;50486132.00
2013/01/11;3.17;3.19;3.02;3.05;3668896;47211772.00
2013/01/14;3.04;3.18;3.04;3.17;4528503;58960876.00
2013/01/15;3.19;3.27;3.16;3.25;5158925;69042728.00
2013/01/16;3.24;3.39;3.19;3.29;7302287;99542096.00
2013/01/17;3.28;3.33;3.22;3.25;3346851;45277112.00
2013/01/18;3.26;3.36;3.23;3.30;3682652;50250492.00
2013/01/21;3.35;3.52;3.31;3.46;5785852;81749720.00
2013/01/22;3.48;3.48;3.22;3.30;4367159;60407168.00
2013/01/23;3.27;3.63;3.27;3.53;8129276;116452208.00
2013/01/24;3.53;3.60;3.33;3.42;6644637;94344248.00
2013/01/25;3.42;3.44;3.32;3.38;2778917;38684976.00
2013/01/28;3.37;3.48;3.34;3.48;4010898;56588040.00
2013/01/29;3.48;3.51;3.39;3.40;4585144;64706012.00
2013/01/30;3.40;3.40;3.29;3.32;3925411;53945008.00
2013/01/31;3.33;3.41;3.28;3.35;2778825;38406080.00
2013/02/01;3.36;3.48;3.31;3.37;4069875;57118676.00
2013/02/04;3.36;3.41;3.27;3.29;2956018;40776768.00
2013/02/05;3.26;3.31;3.20;3.31;2863986;38607764.00
2013/02/06;3.29;3.42;3.26;3.39;2592486;36124616.00
2013/02/07;3.37;3.44;3.33;3.41;2613804;36571152.00
2013/02/08;3.40;3.54;3.40;3.48;3566865;51130144.00
2013/02/18;3.51;3.54;3.44;3.49;2755203;39532052.00
2013/02/19;3.49;3.63;3.43;3.56;5470193;79629360.00
2013/02/20;3.56;3.79;3.51;3.75;6465668;97275888.00
2013/02/21;3.68;3.82;3.59;3.64;5870783;88752496.00
2013/02/22;3.63;3.65;3.51;3.53;3278274;48019168.00
2013/02/25;3.54;3.68;3.53;3.65;2959171;44001832.00
2013/02/26;3.64;3.76;3.58;3.59;4594265;69167224.00
2013/02/27;3.59;3.64;3.50;3.54;3146775;45914336.00
2013/02/28;3.57;3.64;3.50;3.63;3048791;44545684.00
2013/03/01;3.63;3.74;3.61;3.73;4091068;62002776.00
2013/03/04;3.68;3.82;3.61;3.64;5090988;77291120.00
2013/03/05;3.64;3.84;3.61;3.82;5813675;89439216.00
2013/03/06;3.87;4.11;3.83;3.94;6750782;109049384.00
2013/03/07;3.97;4.05;3.80;3.89;4717136;75045496.00
2013/03/08;3.90;3.93;3.69;3.78;4080507;63115200.00
2013/03/11;3.77;3.88;3.72;3.84;2798245;43658396.00
2013/03/12;3.82;3.86;3.48;3.57;4666618;69456616.00
2013/03/13;3.57;3.59;3.42;3.56;3156511;45395328.00
2013/03/14;3.50;3.61;3.50;3.54;1936311;28333842.00
2013/03/15;3.57;3.66;3.48;3.55;3247049;47919848.00
2013/03/18;3.53;3.64;3.46;3.52;2084145;30342618.00
2013/03/19;3.54;3.62;3.45;3.61;3166228;46203776.00
2013/03/20;3.57;3.73;3.57;3.71;3061439;45837924.00
2013/03/21;3.71;3.80;3.69;3.74;3019437;46223140.00
2013/03/22;3.77;3.87;3.74;3.77;3351520;51993060.00
2013/03/25;3.77;3.79;3.69;3.74;2010365;30680310.00
2013/03/26;3.74;3.74;3.55;3.61;3726590;55257796.00
2013/03/27;3.60;3.72;3.60;3.65;2546008;38251224.00
2013/03/28;3.62;3.72;3.56;3.59;3003495;44677608.00
2013/03/29;3.59;3.66;3.56;3.59;1930109;28495676.00
2013/04/01;3.59;3.75;3.58;3.74;2806874;42471716.00
2013/04/02;3.75;3.79;3.50;3.60;3882860;58037188.00
2013/04/03;3.56;3.60;3.48;3.52;1757674;25604258.00
2013/04/08;3.47;3.51;3.42;3.48;2585100;36871824.00
2013/04/09;3.51;3.56;3.44;3.44;2190762;31418854.00
2013/04/10;3.44;3.47;3.31;3.36;2258299;31421714.00
2013/04/11;3.37;3.38;3.32;3.33;1265641;17464888.00
2013/04/12;3.33;3.37;3.29;3.30;1229496;16933472.00
2013/04/15;3.30;3.32;3.17;3.21;2053702;27476988.00
2013/04/16;3.17;3.27;3.14;3.26;1800863;23944348.00
2013/04/17;3.23;3.39;3.23;3.37;2428619;33324582.00
2013/04/18;3.36;3.39;3.30;3.37;1557678;21556586.00
2013/04/19;3.37;3.47;3.37;3.45;1504456;21277424.00
2013/04/22;3.45;3.54;3.45;3.53;2390604;34501144.00
2013/04/23;3.53;3.53;3.37;3.42;2129517;30062842.00
2013/04/24;3.42;3.50;3.36;3.49;2174050;30931380.00
2013/04/25;3.50;3.56;3.42;3.45;2899189;41583936.00
2013/04/26;3.43;3.47;3.29;3.36;2077977;28838124.00
2013/05/02;3.34;3.38;3.29;3.33;1012801;13919968.00
2013/05/03;3.33;3.51;3.33;3.46;2360151;33610096.00
2013/05/06;3.52;3.62;3.52;3.59;2727050;40048904.00
2013/05/07;3.59;3.65;3.53;3.58;1812319;26657736.00
2013/05/08;3.63;3.63;3.54;3.60;1947486;28643302.00
2013/05/09;3.60;3.64;3.53;3.63;2570444;37654156.00
2013/05/10;3.61;3.70;3.59;3.66;2586569;38658064.00
2013/05/13;3.69;3.69;3.60;3.61;1833262;27186268.00
2013/05/14;3.58;3.62;3.47;3.56;1649918;23988742.00
2013/05/15;3.55;3.61;3.53;3.61;1949083;28607498.00
2013/05/16;3.60;3.68;3.58;3.63;2675208;39792748.00
2013/05/17;3.61;3.68;3.58;3.67;2439954;36332392.00
2013/05/20;3.69;3.71;3.58;3.65;3683000;54750436.00
2013/05/21;3.63;3.66;3.55;3.65;3431610;50707540.00
2013/05/22;3.64;3.99;3.63;3.86;9041804;140842512.00
2013/05/23;3.83;3.95;3.77;3.90;4568619;71850248.00
2013/05/24;3.89;4.06;3.86;4.03;5177605;84049432.00
2013/05/27;4.03;4.08;3.96;4.03;3306273;53907056.00
2013/05/28;4.01;4.06;3.85;3.88;4332338;69062976.00
2013/05/29;3.87;3.93;3.82;3.90;2386612;37750604.00
2013/05/30;3.88;3.99;3.86;3.98;2585121;41461240.00
2013/05/31;3.99;4.06;3.88;3.90;3971172;63934400.00
2013/06/03;3.90;4.00;3.86;3.94;2964239;47509660.00
2013/06/04;3.95;3.97;3.77;3.90;2956904;46595368.00
2013/06/05;3.90;3.93;3.84;3.90;1198431;18955810.00
2013/06/06;3.88;3.90;3.71;3.79;1676182;26097700.00
2013/06/07;3.75;3.79;3.64;3.70;1630699;24728220.00
2013/06/13;3.63;3.63;3.46;3.61;1424058;20611954.00
2013/06/14;3.58;3.71;3.53;3.68;1212985;18095816.00
2013/06/17;3.67;3.72;3.60;3.64;1481402;22087554.00
2013/06/18;3.65;3.68;3.48;3.57;2170356;31476772.00
2013/06/19;3.53;3.55;3.37;3.52;2230598;31670766.00
2013/06/20;3.49;3.50;3.36;3.39;1764527;24716424.00
2013/06/21;3.33;3.34;3.21;3.30;1582824;21396486.00
2013/06/24;3.30;3.33;2.99;3.10;2364436;30625160.00
2013/06/25;3.03;3.18;2.92;3.14;1889919;23949282.00
2013/06/26;3.13;3.23;3.11;3.18;2182329;28562708.00
2013/06/27;3.19;3.22;3.02;3.08;2351660;30602332.00
2013/06/28;3.07;3.11;2.94;3.04;1422100;17851714.00
2013/07/01;3.03;3.17;2.97;3.15;1592124;20381136.00
2013/07/02;3.17;3.34;3.10;3.34;2908916;39157500.00
2013/07/03;3.36;3.50;3.31;3.41;3049365;42667700.00
2013/07/04;3.40;3.46;3.34;3.37;1508712;20949790.00
2013/07/05;3.38;3.45;3.30;3.32;1454324;20164584.00
2013/07/08;3.29;3.41;3.20;3.24;1170951;15842917.00
2013/07/09;3.29;3.46;3.23;3.42;2043193;28446496.00
2013/07/10;3.43;3.63;3.37;3.62;3278306;47371956.00
2013/07/11;3.61;3.72;3.56;3.64;2923595;43296344.00
2013/07/12;3.64;3.80;3.63;3.72;2954568;44820788.00
2013/07/15;3.72;3.84;3.71;3.82;3041775;46656216.00
2013/07/16;3.87;3.87;3.73;3.77;2214990;33918836.00
2013/07/17;3.77;3.78;3.64;3.67;1941515;29208600.00
2013/07/18;3.66;3.82;3.64;3.81;2905270;44254284.00
2013/07/19;3.82;3.94;3.74;3.75;3241512;50553316.00
2013/07/22;3.71;3.88;3.69;3.88;2230854;34491068.00
2013/07/23;3.87;4.05;3.86;3.94;2806270;45115716.00
2013/07/24;3.94;4.04;3.90;4.04;3140268;50758840.00
2013/07/25;4.28;4.38;4.12;4.13;6234357;106525352.00
2013/07/26;4.09;4.17;3.88;4.08;4148275;67145784.00
2013/07/29;4.06;4.16;3.93;3.96;2309617;37745188.00
2013/07/30;3.99;4.14;3.91;4.06;2621422;42573932.00
2013/07/31;4.12;4.33;4.04;4.07;3176142;53646812.00
2013/08/01;4.08;4.26;4.00;4.26;3279792;54699440.00
2013/08/02;4.29;4.30;4.17;4.20;2283767;38832148.00
2013/08/05;4.20;4.30;4.18;4.29;2418136;41414028.00
2013/08/06;4.33;4.57;4.28;4.53;5218756;93250912.00
2013/08/07;4.46;4.64;4.44;4.47;4177056;75640992.00
2013/08/08;4.47;4.56;4.41;4.48;1738105;31309982.00
2013/08/09;4.49;4.54;4.28;4.42;3054437;53686712.00
2013/08/12;4.41;4.45;4.23;4.34;2375326;41334812.00
2013/08/13;4.30;4.38;4.19;4.23;3207151;55109860.00
2013/08/14;4.23;4.32;4.21;4.30;2287200;39307656.00
2013/08/15;4.30;4.33;4.09;4.12;2394833;40304532.00
2013/08/16;4.11;4.22;4.05;4.08;2264167;37662340.00
2013/08/19;4.05;4.25;4.05;4.20;1398347;23590288.00
2013/08/20;4.20;4.26;4.19;4.22;1118435;18984560.00
2013/08/21;4.25;4.27;4.15;4.23;773555;13104426.00
2013/08/22;4.24;4.42;4.21;4.40;2365892;41233020.00
2013/08/23;4.41;4.46;4.23;4.33;1910566;33460026.00
2013/08/26;4.30;4.46;4.30;4.36;1353038;23737662.00
2013/08/27;4.36;4.41;4.25;4.33;1472396;25479090.00
2013/08/28;4.28;4.30;4.17;4.18;1224563;20962272.00
2013/08/29;4.19;4.24;4.12;4.13;1161274;19474148.00
2013/08/30;4.14;4.25;4.02;4.08;1464417;24478548.00
2013/09/02;4.08;4.22;4.02;4.18;1058856;17788894.00
2013/09/03;4.18;4.33;4.16;4.30;1453167;24939810.00
2013/09/04;4.32;4.38;4.29;4.30;1266060;22075612.00
2013/09/05;4.30;4.41;4.30;4.37;1574667;27597716.00
2013/09/06;4.35;4.41;4.31;4.32;899073;15679229.00
2013/09/09;4.28;4.32;4.15;4.23;1852329;31453812.00
2013/09/10;4.25;4.25;4.12;4.20;1531068;25637206.00
2013/09/11;4.20;4.23;4.12;4.20;774936;13027778.00
2013/09/12;4.20;4.22;4.07;4.14;1098255;18333608.00
2013/09/13;4.17;4.17;4.09;4.17;692117;11552875.00
2013/09/16;4.17;4.34;4.17;4.34;1723033;29545684.00
2013/09/17;4.33;4.41;4.22;4.22;1426333;24773776.00
2013/09/18;4.23;4.27;4.17;4.20;1172682;19855758.00
2013/09/23;4.20;4.43;4.17;4.43;2205345;38485916.00
2013/09/24;4.42;4.70;4.39;4.68;3361343;61777852.00
2013/09/25;4.63;4.81;4.61;4.66;2115710;39624132.00
2013/09/26;4.63;5.16;4.63;5.01;3985466;79185840.00
2013/09/27;4.96;5.14;4.89;4.97;2297215;45547892.00
2013/09/30;5.01;5.03;4.88;5.01;1243323;24564606.00
2013/10/08;4.99;4.99;4.78;4.91;2834144;55098216.00
2013/10/09;4.88;4.95;4.83;4.91;1431146;27843206.00
2013/10/10;4.84;4.91;4.69;4.71;2673588;51049572.00
2013/10/11;4.78;4.83;4.68;4.79;2180751;41511896.00
2013/10/14;4.79;5.26;4.76;5.19;4747447;95853664.00
2013/10/15;5.18;5.32;5.06;5.11;2566547;52605064.00
2013/10/16;5.07;5.10;4.65;4.75;2695851;52062748.00
2013/10/17;4.76;4.91;4.73;4.77;2028431;38911588.00
2013/10/18;4.84;4.84;4.68;4.77;1091534;20786606.00
2013/10/21;4.75;5.15;4.73;5.01;2031339;40026528.00
2013/10/22;5.02;5.12;4.81;4.86;2618816;51669016.00
2013/10/23;4.86;4.92;4.68;4.81;2142607;41084108.00
2013/10/24;4.78;5.01;4.78;4.95;1727890;33973444.00
2013/10/25;5.00;5.15;4.75;5.13;3771419;75046232.00
2013/10/28;5.03;5.40;5.03;5.39;4916347;102596488.00
2013/10/29;5.40;5.40;4.82;4.90;6562123;132016288.00
2013/10/30;4.76;5.25;4.76;5.03;2956984;58622852.00
2013/10/31;4.96;5.06;4.79;4.84;2189146;42823492.00
2013/11/01;4.81;4.82;4.36;4.39;6011910;108986008.00
2013/11/04;4.42;4.52;4.36;4.40;2431416;43203344.00
2013/11/05;4.40;4.44;4.26;4.43;2501171;43783376.00
2013/11/06;4.41;4.50;4.37;4.40;1714084;30480538.00
2013/11/07;4.37;4.38;4.25;4.30;1722104;29889660.00
2013/11/08;4.31;4.33;4.24;4.30;866444;14912696.00
2013/11/11;4.30;4.44;4.26;4.41;1244091;21755712.00
2013/11/12;4.41;4.65;4.35;4.63;3466304;62673708.00
2013/11/13;4.57;4.73;4.55;4.61;3123556;58052972.00
2013/11/14;4.59;4.77;4.47;4.73;2819088;52255184.00
2013/11/15;4.68;4.92;4.68;4.74;2477764;47783260.00
2013/11/18;4.76;4.89;4.75;4.77;1829643;35040936.00
2013/11/19;4.76;4.82;4.71;4.79;1621937;30884042.00
2013/11/20;4.79;4.91;4.78;4.88;1455376;28188104.00
2013/11/21;4.91;4.91;4.79;4.83;1244592;23984650.00
2013/11/22;4.81;4.84;4.71;4.73;1234598;23473116.00
2013/11/25;4.67;4.78;4.66;4.71;1062163;20019508.00
2013/11/26;4.73;4.93;4.68;4.82;2474309;47660244.00
2013/11/27;4.80;4.94;4.80;4.89;1871017;36385220.00
2013/11/28;4.93;5.21;4.87;5.18;3267480;65987772.00
2013/11/29;5.18;5.72;5.10;5.50;4647042;100609056.00
2013/12/02;5.16;5.44;5.00;5.03;5764232;119102912.00
2013/12/03;4.94;5.33;4.94;5.27;4440735;91364008.00
2013/12/04;5.24;5.83;5.20;5.70;5676317;126425760.00
2013/12/05;5.65;5.77;5.43;5.53;3257467;71582704.00
2013/12/06;5.49;5.55;5.37;5.45;2364341;50992564.00
2013/12/09;5.44;5.78;5.43;5.75;2584229;57655988.00
2013/12/10;5.72;5.78;5.53;5.65;2274417;50562636.00
2013/12/11;5.64;5.64;5.46;5.57;1746296;38291300.00
2013/12/12;5.56;5.77;5.52;5.61;1378985;30866570.00
2013/12/13;5.54;5.63;5.40;5.42;1782697;38617984.00
2013/12/16;5.37;5.50;5.29;5.46;2160616;46112676.00
2013/12/17;5.45;5.72;5.38;5.71;2752679;61140824.00
2013/12/18;5.71;6.06;5.65;5.91;3413521;79741856.00
2013/12/19;5.88;6.02;5.77;5.83;2694578;62578432.00
2013/12/20;5.79;5.98;5.72;5.98;2178286;50364572.00
2013/12/23;5.98;6.60;5.92;6.49;6409393;159937136.00
2013/12/24;6.42;6.66;6.24;6.50;4027841;102012256.00
2013/12/25;6.47;6.96;6.38;6.84;5969102;157180752.00
2013/12/26;6.86;7.05;6.73;6.85;4678945;125949720.00
2013/12/27;6.80;6.97;6.54;6.63;7202963;190241424.00
2013/12/30;6.64;7.16;6.64;7.14;7797007;211658816.00
2013/12/31;7.09;7.10;6.82;6.90;5641651;152943392.00
2014/01/02;6.95;7.08;6.60;6.95;8526058;229844432.00
2014/01/06;6.95;6.95;6.32;6.37;16148714;415822464.00
2014/01/07;6.30;6.63;6.28;6.51;8247145;210718768.00
2014/01/08;6.59;7.19;6.52;7.19;16714819;453833888.00
2014/01/09;7.17;7.42;7.07;7.15;11925253;337206464.00
2014/01/10;7.22;7.38;6.85;7.20;10086259;280585184.00
2014/01/13;7.19;7.56;7.19;7.49;8258523;238890672.00
2014/01/14;7.45;7.56;7.17;7.40;7645785;219469376.00
2014/01/15;7.38;7.54;7.26;7.47;6407133;184992016.00
2014/01/16;7.44;8.20;7.37;7.78;10979127;331778112.00
2014/01/17;7.67;7.93;7.63;7.69;5931860;179407968.00
2014/01/20;7.78;8.07;7.11;7.16;11106225;326649600.00
2014/01/21;7.41;7.84;7.17;7.71;11907702;350506016.00
2014/01/22;7.66;7.85;7.47;7.79;10296119;307620832.00
2014/01/23;7.70;7.89;7.62;7.70;6866934;207488208.00
2014/01/24;7.56;7.88;7.43;7.62;10070512;299037664.00
2014/01/27;7.49;8.10;7.49;7.92;9890164;302946560.00
2014/01/28;7.88;7.95;7.59;7.75;6484633;195769120.00
2014/01/29;7.77;8.20;7.70;8.08;7061425;219412128.00
2014/01/30;8.07;8.92;8.03;8.81;10043098;331461984.00
2014/02/07;8.64;9.02;8.64;8.94;7217011;246403952.00
2014/02/10;8.85;8.90;8.50;8.80;8756311;295958688.00
2014/02/11;8.74;9.06;8.51;8.89;8720575;298101504.00
2014/02/12;8.89;9.36;8.69;9.22;10193672;357738176.00
2014/02/13;9.09;9.27;8.77;8.77;6301384;219958768.00
2014/02/14;8.77;9.65;8.77;9.50;11070005;395485280.00
2014/02/17;9.41;9.60;9.24;9.52;9337003;340196096.00
2014/02/18;9.49;9.53;9.12;9.24;9173237;329484064.00
2014/02/19;9.18;9.30;8.45;8.72;10011321;339793824.00
2014/02/20;8.60;8.96;8.50;8.73;6820551;231832832.00
2014/02/21;8.64;9.10;8.48;8.61;9303276;317610176.00
2014/02/24;8.52;8.69;8.18;8.64;9169167;299108896.00
2014/02/25;8.53;8.84;7.74;7.76;10227458;330831232.00
2014/02/26;7.67;8.06;7.24;7.95;8764449;261632768.00
2014/02/27;7.92;7.98;7.24;7.35;9523742;281822592.00
2014/02/28;7.32;7.63;7.17;7.55;6322379;182468848.00
2014/03/03;7.57;7.58;7.30;7.45;7850050;227932640.00
2014/03/04;7.46;7.91;7.36;7.63;18411675;244868736.00
2014/03/05;7.57;7.98;7.47;7.98;23429293;318350592.00
2014/03/06;7.87;8.79;7.75;8.50;36555000;527205312.00
2014/03/07;8.44;8.44;8.05;8.09;24240154;346486528.00
2014/03/10;7.90;7.90;7.26;7.26;20733549;269459456.00
2014/03/11;7.11;7.59;7.01;7.39;14512377;186620864.00
2014/03/12;7.17;7.26;6.72;6.91;16782759;204201296.00
2014/03/13;6.92;7.02;6.84;6.97;8554313;103479336.00
2014/03/14;6.88;7.10;6.84;6.95;7374976;89930992.00
2014/03/17;6.97;7.39;6.97;7.38;12118471;152913568.00
2014/03/18;7.40;7.57;7.29;7.32;12462115;161425456.00
2014/03/19;7.32;7.72;7.22;7.69;12152175;158095616.00
2014/03/20;7.69;7.80;7.25;7.28;13171003;174533008.00
2014/03/21;7.11;7.37;6.97;7.29;9280878;115464072.00
2014/03/24;7.24;7.25;6.90;6.98;11117026;136676944.00
2014/03/25;6.92;6.92;6.61;6.70;13042187;153006480.00
2014/03/26;6.69;6.92;6.69;6.86;7830759;93394672.00
2014/03/27;6.84;6.84;6.45;6.46;9806943;113201360.00
2014/03/28;6.47;6.49;5.99;6.07;11159707;120828640.00
2014/03/31;6.02;6.22;5.91;6.13;5938387;63203700.00
2014/04/01;6.18;6.31;6.11;6.23;5750551;62539840.00
2014/04/02;6.23;6.25;5.94;6.01;7587977;80347760.00
2014/04/03;6.02;6.19;5.94;6.07;6099390;64989892.00
2014/04/04;6.04;6.19;5.99;6.18;5130971;54905080.00
2014/04/08;6.11;6.22;6.07;6.18;7457079;80199128.00
2014/04/09;6.15;6.81;6.15;6.81;21023429;241721152.00
2014/04/10;6.80;7.09;6.75;6.89;22428981;271535744.00
2014/04/11;6.87;6.87;6.61;6.84;10577997;124390184.00
2014/04/14;6.81;6.95;6.76;6.89;8436359;101417688.00
2014/04/15;6.87;6.92;6.75;6.84;6110168;72687992.00
2014/04/16;6.78;6.90;6.66;6.75;5354672;63508788.00
2014/04/17;6.78;6.82;6.70;6.78;3546045;41870948.00
2014/04/18;6.73;7.27;6.72;7.12;14930948;184480272.00
2014/04/21;7.00;7.19;6.84;6.89;10130706;124350272.00
2014/04/22;6.89;6.92;6.54;6.68;8531346;99925936.00
2014/04/23;6.64;6.78;6.58;6.72;3544909;41512292.00
2014/04/24;6.72;6.76;6.36;6.58;7433936;85376448.00
2014/04/25;6.56;6.60;6.17;6.19;7357938;81900384.00
2014/04/28;6.15;6.15;5.87;5.88;6488306;67705912.00
2014/04/29;5.87;6.08;5.85;6.08;3772253;39572152.00
2014/04/30;6.02;6.24;6.02;6.17;3638109;39289984.00
2014/05/05;6.15;6.24;6.07;6.23;3682439;39754244.00
2014/05/06;6.24;6.42;6.19;6.35;4967326;54991156.00
2014/05/07;6.33;6.33;6.05;6.08;4245900;46001608.00
2014/05/08;6.04;6.26;6.04;6.08;3204655;34573176.00
2014/05/09;6.07;6.14;5.88;5.98;3411068;35666496.00
2014/05/12;6.05;6.18;5.93;6.14;3462991;36890444.00
2014/05/13;6.11;6.44;6.08;6.43;7845951;86679984.00
2014/05/14;6.43;6.45;6.30;6.34;3923092;43725816.00
2014/05/15;6.31;6.54;6.19;6.19;4917806;54835828.00
2014/05/16;6.12;6.22;5.92;6.09;4374770;46625452.00
2014/05/19;6.05;6.20;6.01;6.17;2208599;23695634.00
2014/05/20;6.22;6.37;6.21;6.24;3855034;42417316.00
2014/05/21;6.21;6.35;6.11;6.31;2970641;32577174.00
2014/05/22;6.29;6.45;6.27;6.31;4549871;50730732.00
2014/05/23;6.33;6.40;6.29;6.39;3731756;41480172.00
2014/05/26;6.42;6.58;6.41;6.57;6048068;68880928.00
2014/05/27;6.54;6.55;6.40;6.42;4743056;53610424.00
2014/05/28;6.42;6.61;6.40;6.54;5286855;60210912.00
2014/05/29;6.54;6.69;6.49;6.58;8365976;96606376.00
2014/05/30;6.59;6.59;6.37;6.50;4949263;55979464.00
2014/06/03;6.53;6.53;6.43;6.46;2864898;32430046.00
2014/06/04;6.47;6.48;6.34;6.40;2956283;33056646.00
2014/06/05;6.42;6.57;6.35;6.55;3677541;41605356.00
2014/06/06;6.55;6.62;6.42;6.48;3334514;38033684.00
2014/06/09;6.46;6.52;6.41;6.42;2223070;25134132.00
2014/06/10;6.42;6.54;6.39;6.53;3165286;35956260.00
2014/06/11;6.54;6.98;6.53;6.87;12149601;145195360.00
2014/07/07;7.57;7.57;7.57;7.57;2165217;28559212.00
2014/07/08;8.17;8.17;7.44;7.46;32772263;443851936.00
2014/07/09;7.22;7.42;7.00;7.01;18512595;231239856.00
2014/07/10;7.02;7.69;6.89;7.48;18692932;236055952.00
2014/07/11;7.41;7.62;7.28;7.50;10690024;138607440.00
2014/07/14;7.47;7.52;7.33;7.42;7065307;91260936.00
2014/07/15;7.45;7.61;7.27;7.39;7198357;93395032.00
2014/07/16;7.46;7.60;7.29;7.41;6453239;83687504.00
2014/07/17;7.41;7.43;7.05;7.12;5699185;71463328.00
2014/07/18;7.11;7.21;7.01;7.17;4383250;54352076.00
2014/07/21;7.20;7.21;6.99;7.14;3869382;47937616.00
2014/07/22;7.11;7.33;7.11;7.24;5329515;67506648.00
2014/07/23;7.26;7.32;7.05;7.11;3782120;47545740.00
2014/07/24;7.15;7.31;7.02;7.04;3884225;48247124.00
2014/07/25;7.04;7.28;7.00;7.04;4312189;53330596.00
2014/07/28;7.07;7.22;7.05;7.18;4750203;59392880.00
2014/07/29;7.24;7.59;7.22;7.51;9393161;122022392.00
2014/07/30;7.52;7.68;7.45;7.56;8160451;107650168.00
2014/07/31;7.54;7.59;7.45;7.51;4428138;57794260.00
2014/08/01;7.49;7.67;7.44;7.52;7363515;97054184.00
2014/08/04;7.52;7.61;7.47;7.55;4516246;59255156.00
2014/08/05;7.56;7.56;7.25;7.42;9700899;124768552.00
2014/08/06;7.39;7.40;7.30;7.35;5891960;75405296.00
2014/08/07;7.34;7.42;7.26;7.27;5144127;65831720.00
2014/08/08;7.32;7.37;7.27;7.30;3538203;45103064.00
2014/08/11;7.35;7.55;7.35;7.49;6365084;82752760.00
2014/08/12;7.52;7.56;7.44;7.48;5862184;76515360.00
2014/08/13;7.48;7.49;7.32;7.41;4925110;63413704.00
2014/08/14;7.41;7.48;7.35;7.39;4483148;58083548.00
2014/08/15;7.40;7.73;7.39;7.67;11335940;150220016.00
2014/08/18;7.68;8.04;7.67;7.94;12393950;170514448.00
2014/08/19;7.98;8.00;7.76;7.87;8898011;121738272.00
2014/08/20;7.87;7.94;7.80;7.87;6571867;90067976.00
2014/08/21;7.87;7.89;7.70;7.83;5746001;77898992.00
2014/08/22;7.83;7.98;7.81;7.91;7580195;104021904.00
2014/08/25;7.85;7.89;7.77;7.78;4310388;58603872.00
2014/08/26;7.75;7.87;7.57;7.59;5530191;74186632.00
2014/08/27;7.61;7.72;7.59;7.61;3370237;44946704.00
2014/08/28;7.60;7.68;7.49;7.54;3634339;47968000.00
2014/08/29;7.54;7.64;7.52;7.64;2708024;35716168.00
2014/09/01;7.64;7.87;7.62;7.84;4839473;65803044.00
2014/09/23;8.65;8.65;8.65;8.65;1693660;25438774.00
2014/09/24;9.41;9.42;8.51;8.69;39482499;607774528.00
2014/09/25;8.60;9.15;8.57;8.86;17502344;269634848.00
2014/09/26;8.72;9.60;8.69;9.57;21830186;352125248.00
2014/09/29;9.64;9.78;9.42;9.44;14085012;233177648.00
2014/09/30;9.42;9.54;9.19;9.29;9915464;160335072.00
2014/10/10;9.29;9.81;9.05;9.65;15223676;250497392.00
2014/10/13;9.52;9.75;9.44;9.70;8324236;138563776.00
2014/10/14;9.69;9.69;9.17;9.22;11033590;179676208.00
2014/10/15;9.23;9.41;9.05;9.31;7621442;122169784.00
2014/10/16;9.31;9.34;9.08;9.08;7468592;118913880.00
2014/10/17;9.05;9.14;8.63;8.81;6912061;105774672.00
2014/10/20;8.86;9.14;8.85;8.99;4287688;67097920.00
2014/10/21;8.94;9.07;8.75;8.88;5094707;79330744.00
2014/10/22;8.87;9.00;8.73;8.81;5547010;85130368.00
2014/10/23;8.75;8.81;8.46;8.48;5012415;74697248.00
2014/10/24;8.50;8.56;8.29;8.29;4127051;60398840.00
2014/10/27;8.32;8.58;8.24;8.48;3823014;56183152.00
2014/10/28;8.48;9.06;8.48;9.03;6788858;104903024.00
2014/10/29;9.06;9.10;8.88;9.02;6411637;99972536.00
2014/10/30;9.02;9.28;8.97;9.00;5959628;94155592.00
2014/10/31;8.97;9.09;8.76;8.84;4644738;71382080.00
2014/11/03;8.91;8.99;8.81;8.89;3287214;50598972.00
2014/11/04;8.85;8.90;8.74;8.78;3819476;58422496.00
2014/11/05;8.72;8.81;8.52;8.79;5181500;77676984.00
2014/11/06;8.72;8.75;8.57;8.65;4330877;64991680.00
2014/11/07;8.65;8.86;8.64;8.79;4919442;74806848.00
2014/11/10;8.71;8.79;8.52;8.59;5683817;84895896.00
2014/11/11;8.67;8.67;8.08;8.21;6032771;87192064.00
2014/11/12;8.17;8.35;8.17;8.28;2938698;42187784.00
2014/11/13;8.28;8.28;7.87;8.14;6821685;95403496.00
2014/11/14;8.05;8.24;8.05;8.14;2530487;36014692.00
2014/11/17;8.13;8.43;8.08;8.41;4259820;61727212.00
2014/11/18;8.35;8.55;8.35;8.40;3330940;48828576.00
2014/11/19;8.40;8.50;8.37;8.44;3097150;45393036.00
2014/11/20;8.44;8.49;8.37;8.44;2938252;43036776.00
2014/11/21;8.49;8.69;8.48;8.54;6684271;99864152.00
2014/11/24;8.69;8.69;8.47;8.60;3755672;55814284.00
2014/11/25;8.58;8.77;8.54;8.76;6162613;92719792.00
2014/11/26;8.76;8.85;8.65;8.81;6275632;95300512.00
2014/11/27;8.79;9.42;8.77;9.14;16058893;254880176.00
2014/11/28;9.24;9.48;9.17;9.31;13162057;212786048.00
2014/12/01;9.21;9.27;8.89;9.08;9573059;150864816.00
2014/12/02;9.04;9.15;8.96;9.01;5598507;87818936.00
2014/12/03;8.93;8.93;8.68;8.90;8045346;123008656.00
2014/12/04;8.90;9.13;8.76;8.90;9395832;145930592.00
2014/12/05;8.85;8.85;8.37;8.53;10360868;155124064.00
2014/12/08;8.52;8.52;8.28;8.28;8943052;129983400.00
2014/12/09;8.28;8.38;7.69;7.72;10634098;149349504.00
2014/12/10;7.72;8.22;7.64;8.07;7492040;104611928.00
2014/12/11;8.08;8.27;7.99;8.14;5799061;81748160.00
2014/12/12;8.14;8.26;8.08;8.19;4745820;67305632.00
2014/12/15;8.19;8.31;8.12;8.31;5815891;83077288.00
2014/12/16;8.28;8.30;8.05;8.10;5838014;82840368.00
2014/12/17;8.05;8.09;7.81;7.87;5641758;77915432.00
2014/12/18;7.93;8.09;7.87;7.87;4313480;59722128.00
2014/12/19;7.83;7.92;7.48;7.57;5712324;76314072.00
2014/12/22;7.52;7.52;7.15;7.24;7118520;90137160.00
2014/12/23;7.19;7.74;7.17;7.34;5584397;73001800.00
2014/12/24;7.38;7.61;7.38;7.52;3846265;50316120.00
2014/12/25;7.51;7.62;7.46;7.48;3948839;51799544.00
2014/12/26;7.52;7.52;7.30;7.35;4947012;63511648.00
2014/12/29;7.45;7.45;7.12;7.16;4334437;54440160.00
2014/12/30;7.20;7.29;7.17;7.23;3405638;42940416.00
2014/12/31;7.26;7.32;7.16;7.32;3109469;39319656.00
2015/01/05;7.32;7.38;7.18;7.35;3546023;45140696.00
2015/01/06;7.34;7.69;7.28;7.67;7382521;97477288.00
2015/01/07;7.67;7.74;7.52;7.57;4224972;55937332.00
2015/01/08;7.59;7.69;7.58;7.59;4493115;59836604.00
2015/01/09;7.60;7.87;7.60;7.70;6887618;92940008.00
2015/01/12;7.79;7.92;7.62;7.85;5906742;79732352.00
2015/01/13;7.93;8.11;7.93;8.02;7086430;98797880.00
2015/01/14;8.05;8.05;7.81;7.82;4398768;60418120.00
2015/01/15;7.82;7.98;7.72;7.74;3887765;52887448.00
2015/01/16;7.72;7.85;7.71;7.75;4178641;56478108.00
2015/01/19;7.69;8.03;7.61;7.74;7491072;102492888.00
2015/01/20;7.77;8.22;7.77;8.10;11454828;160842240.00
2015/01/21;8.18;8.18;8.02;8.12;9609230;135511168.00
2015/01/22;8.14;8.16;8.05;8.12;6532172;92162744.00
2015/01/23;8.14;8.24;8.05;8.21;8110291;115200136.00
2015/01/26;8.27;8.37;8.22;8.32;6488292;93706224.00
2015/01/27;8.29;8.32;8.12;8.22;6368424;90912336.00
2015/01/28;8.16;8.32;8.09;8.12;4193171;59531580.00
2015/01/29;8.14;8.16;7.93;7.95;3787840;52865616.00
2015/01/30;7.95;8.06;7.93;8.00;3239339;45063004.00
2015/02/02;7.94;8.12;7.91;8.07;3270070;45721260.00
2015/02/03;8.09;8.18;8.05;8.14;3981859;56282196.00
2015/02/04;8.13;8.14;7.99;7.99;3462043;48617848.00
2015/02/05;8.03;8.13;7.94;8.04;4256200;59485852.00
2015/04/20;8.86;8.86;8.86;8.86;105513;1622790.00
2015/04/21;9.77;9.77;9.77;9.77;1233833;20876454.00
2015/04/22;10.76;10.76;10.76;10.76;627053;11669456.00
2015/04/23;11.85;11.85;11.11;11.41;42964562;849026176.00
2015/04/24;11.17;11.81;11.06;11.62;26505166;523721792.00
2015/04/27;11.67;11.89;11.29;11.46;17379051;347659776.00
2015/04/28;11.46;11.57;10.88;10.93;14448241;280155072.00
2015/04/29;10.91;11.28;10.91;11.11;9063979;174156704.00
2015/04/30;11.21;11.39;11.04;11.05;8692437;167821248.00
2015/05/04;10.99;11.18;10.92;11.09;6925287;132438456.00
2015/05/05;11.13;11.14;10.70;10.70;8497964;160253104.00
2015/05/06;10.72;10.98;10.68;10.72;8052136;150972480.00
2015/05/07;10.72;10.90;10.52;10.62;7218111;133932728.00
2015/05/08;10.69;11.02;10.69;11.01;10878685;205000192.00
2015/05/11;11.04;11.56;10.95;11.54;16767265;327885408.00
2015/05/12;11.61;11.69;11.21;11.48;17322158;343233792.00
2015/05/13;11.46;11.86;11.23;11.86;21039692;421428896.00
2015/05/14;12.12;13.05;12.12;12.21;18116342;391211168.00
2015/05/15;11.87;12.20;11.78;12.07;11677444;241578112.00
2015/05/18;12.02;13.05;12.02;12.78;17223817;372522272.00
2015/05/19;12.82;13.04;12.65;12.84;13980030;310443360.00
2015/05/20;13.24;14.13;13.24;14.13;37538161;521889504.00
2015/05/21;14.74;15.55;14.46;15.55;51529458;787521792.00
2015/05/22;16.22;16.43;14.93;15.04;53583697;837855104.00
2015/05/25;14.63;15.36;14.22;15.09;33189415;492921408.00
2015/05/26;14.93;15.82;14.93;15.72;31302875;489022080.00
2015/05/27;15.73;16.34;15.02;16.19;31401417;502884160.00
2015/05/28;16.13;16.45;14.60;14.63;38663901;609019904.00
2015/05/29;14.58;15.13;13.62;14.85;29058286;425588160.00
2015/06/01;14.95;15.94;14.93;15.65;25695855;401293600.00
2015/06/02;15.76;16.37;15.76;16.37;32640444;529194560.00
2015/06/03;16.61;17.93;16.61;17.79;41092949;715255296.00
2015/06/04;17.80;18.08;16.13;17.25;30338116;520679232.00
2015/06/05;17.34;17.81;16.49;16.99;29275948;505697120.00
2015/06/08;16.99;16.99;15.71;16.09;30394745;493692608.00
2015/06/09;15.95;16.56;15.62;16.22;18500066;300183168.00
2015/06/10;16.03;16.73;15.84;16.56;24581041;404161184.00
2015/06/11;16.48;17.02;16.18;16.98;25668640;427276160.00
2015/06/12;17.07;18.11;17.05;17.46;34031889;603850816.00
2015/06/15;17.46;17.81;16.88;17.09;23738133;412412512.00
2015/06/16;16.93;16.93;15.76;15.77;26129729;423042912.00
2015/06/17;15.64;16.36;15.04;16.30;19605340;309409792.00
2015/06/18;16.18;16.40;15.03;15.26;17102149;271008128.00
2015/06/19;14.84;15.05;13.73;13.73;19955651;285583456.00
2015/06/23;13.75;14.19;12.58;13.78;17695112;240802048.00
2015/06/24;14.09;14.45;13.74;14.09;18697572;264613936.00
2015/06/25;14.28;14.37;13.31;13.68;15850952;222515824.00
2015/06/26;13.33;13.38;12.31;12.31;21047358;271112416.00
2015/06/29;12.65;12.82;11.07;11.07;22256668;259224368.00
2015/06/30;10.75;11.93;9.96;11.79;31196575;338754592.00
2015/07/01;11.63;12.36;10.72;10.93;25618338;303932160.00
2015/07/02;11.08;11.37;10.06;10.36;22393422;242700000.00
2015/07/03;10.39;10.81;9.32;9.58;26408517;262942048.00
2015/07/06;10.55;10.55;8.63;9.16;28784827;279234784.00
2015/07/07;8.73;8.92;8.24;8.24;16045410;136289072.00
2015/07/08;7.41;7.69;7.41;7.58;12119834;90913848.00
2015/09/14;8.35;8.35;8.35;8.35;3167504;26670384.00
2015/09/15;8.91;9.18;8.61;8.80;79245587;710646656.00
2015/09/16;8.06;9.69;8.06;9.48;65938241;580146240.00
2015/09/17;9.02;9.26;8.53;8.53;56797253;513338912.00
2015/09/18;8.35;8.58;7.94;8.09;33733798;278217536.00
2015/09/21;8.13;8.60;8.05;8.58;27639058;234078128.00
2015/09/22;8.53;8.80;8.39;8.55;27904146;241935440.00
2015/09/23;8.43;8.63;8.32;8.41;16907320;144149136.00
2015/09/24;8.52;9.00;8.51;8.83;29115656;257899584.00
2015/09/25;8.78;8.90;8.19;8.34;21718752;186780816.00
2015/09/28;8.45;8.61;8.19;8.61;14333135;121905664.00
2015/09/29;8.41;8.48;8.26;8.38;13412411;113249576.00
2015/09/30;8.43;8.74;8.39;8.53;17526086;151848960.00
2015/10/08;9.11;9.26;8.73;9.04;28917051;262718448.00
2015/10/09;9.07;9.12;8.81;9.05;24600089;223166736.00
2015/10/12;9.16;9.76;9.08;9.54;32034346;305230624.00
2015/10/13;9.52;9.86;9.39;9.74;27602404;269981536.00
2015/10/14;9.64;9.80;9.44;9.44;21047941;203027152.00
2015/10/15;9.34;9.77;9.19;9.77;25576709;245538752.00
2015/10/16;9.83;10.20;9.74;10.07;29088236;291266912.00
2015/10/19;10.02;10.03;9.58;9.71;26638560;263093664.00
2015/10/20;9.74;9.90;9.64;9.90;20476464;202416336.00
2015/10/21;9.93;10.19;8.94;9.00;40633389;394416128.00
2015/10/22;9.06;9.83;9.05;9.82;34678525;328363488.00
2015/10/23;10.03;10.73;9.95;10.64;51033705;530254336.00
2015/10/26;10.90;10.93;10.28;10.53;42326005;454006272.00
2015/10/27;10.33;10.78;9.86;10.63;30286687;314457184.00
2015/10/28;10.55;10.75;10.08;10.13;21759468;227963712.00
2015/10/29;10.26;10.36;10.07;10.19;13987074;143878368.00
2015/10/30;10.25;10.30;9.98;10.13;14534165;148685744.00
2015/11/02;9.99;10.22;9.85;9.89;14106271;142275216.00
2015/11/03;9.83;9.98;9.74;9.85;9929935;98623760.00
2015/11/04;9.92;10.38;9.90;10.33;18766862;192832192.00
2015/11/05;10.38;10.51;10.16;10.45;24542225;256161584.00
2015/11/06;10.40;10.73;10.39;10.62;21648538;231315056.00
2015/11/09;10.43;10.70;10.24;10.59;23531968;248774256.00
2015/11/10;10.43;11.40;10.36;11.18;35055513;383443744.00
2015/11/11;11.20;11.28;10.92;11.17;23111267;258136384.00
2015/11/12;11.23;11.62;11.19;11.33;25840413;296072512.00
2015/11/13;11.15;11.19;10.65;10.81;22494860;247223824.00
2015/11/16;10.43;11.01;10.38;11.01;13486336;146454912.00
2015/11/17;11.14;11.25;10.76;10.81;21287734;236526288.00
2015/11/18;10.81;10.90;10.63;10.68;11981741;129734176.00
2015/11/19;10.69;11.00;10.68;10.99;11238176;122487584.00
2015/11/20;11.01;11.21;10.87;11.14;18514943;206241552.00
2015/11/23;11.11;12.26;11.11;12.12;57146814;688876800.00
2015/11/24;11.83;12.03;11.51;11.91;32426575;383607584.00
2015/11/25;11.90;12.68;11.78;12.39;31129408;387127488.00
2015/11/26;12.40;12.51;12.18;12.31;19281040;238952320.00
2015/11/27;12.27;12.49;11.23;11.38;23997072;288531392.00
2015/11/30;11.33;11.88;10.89;11.73;23338719;270870944.00
2015/12/01;11.72;11.88;11.28;11.49;20653482;239854048.00
2015/12/02;11.37;11.54;10.73;11.16;14463664;162339136.00
2015/12/03;11.25;11.53;11.18;11.53;10596587;121606568.00
2015/12/04;11.53;11.70;11.33;11.47;13584422;157367136.00
2015/12/07;11.48;12.03;11.41;11.88;17947260;211580272.00
2015/12/08;11.79;11.79;11.35;11.39;14437541;168042160.00
2015/12/09;11.31;11.38;10.98;11.08;12311112;138002864.00
2015/12/10;11.10;11.27;10.93;10.96;8395124;93807112.00
2015/12/11;10.93;11.01;10.69;10.97;9577019;104345056.00
2015/12/14;10.75;11.26;10.73;11.23;7151806;79044944.00
2015/12/15;11.16;11.37;11.15;11.21;7494530;84754728.00
2015/12/16;11.22;11.56;11.22;11.42;10988579;126000304.00
2015/12/17;11.48;11.85;11.48;11.75;15529040;182591968.00
2015/12/18;11.71;11.92;11.46;11.75;14050527;165187888.00
2015/12/21;11.65;11.96;11.63;11.83;15281726;181824992.00
2015/12/22;12.01;12.02;11.64;11.78;10798825;127893400.00
2015/12/23;11.94;12.97;11.93;12.45;50854379;650081984.00
2015/12/24;12.13;12.30;11.68;11.99;29201821;350492192.00
2015/12/25;11.99;12.34;11.87;12.30;17404120;213034768.00
2015/12/28;12.30;12.43;11.83;11.83;16735619;204112416.00
2015/12/29;11.78;12.07;11.61;12.06;12589361;149889264.00
2015/12/30;12.07;12.17;11.86;12.10;10089108;122111048.00
2015/12/31;12.11;12.15;11.77;11.82;9970312;119653696.00
2016/01/04;11.77;11.82;10.63;10.63;11075382;124581944.00
2016/01/05;10.11;10.80;9.90;10.27;13348767;138443312.00
2016/01/06;10.43;10.59;10.13;10.52;9690265;101507496.00
2016/01/07;10.29;10.30;9.46;9.47;2771900;27597758.00
2016/01/08;9.77;9.91;8.94;9.59;11615809;112226816.00
2016/01/11;9.49;9.49;8.62;8.66;9059019;82794376.00
2016/01/12;8.56;9.09;8.53;8.96;10644435;94622152.00
2016/01/13;8.89;9.19;8.68;8.73;7345667;66697972.00
2016/01/14;8.43;9.28;8.23;9.22;8002214;72281976.00
2016/01/15;9.22;9.40;8.83;8.98;7502004;68910392.00
2016/01/18;8.97;9.28;8.84;9.14;7082180;65250900.00
2016/01/19;9.14;9.40;9.03;9.38;8721612;81180128.00
2016/01/20;9.29;9.41;9.07;9.13;8377511;77995592.00
2016/01/21;9.02;9.25;8.81;8.81;8162782;74255600.00
2016/01/22;8.93;9.00;8.58;8.83;6040083;53540788.00
2016/01/25;8.89;8.94;8.76;8.83;4753273;42492640.00
2016/01/26;9.63;9.72;9.29;9.72;61277053;597023360.00
2016/01/27;9.32;9.56;8.74;9.17;43713035;395877216.00
2016/01/28;8.78;9.00;8.25;8.25;22437229;195836448.00
2016/01/29;8.08;8.67;7.97;8.46;13694881;115883856.00
2016/02/01;8.48;8.62;8.08;8.27;8415032;71206096.00
2016/02/02;8.25;8.71;8.25;8.55;10003364;85962848.00
2016/02/03;8.43;8.59;8.26;8.54;7462522;63383628.00
2016/02/04;8.58;8.95;8.58;8.82;11306255;100079216.00
2016/02/05;8.82;8.91;8.62;8.75;6621271;58427288.00
2016/02/15;8.48;9.00;8.43;8.92;9306369;82314224.00
2016/02/16;9.01;9.41;8.95;9.25;11884548;110765072.00
2016/02/17;9.23;9.33;9.03;9.30;9334660;86580776.00
2016/02/18;9.29;9.47;9.23;9.26;10986963;103286080.00
2016/02/19;9.24;9.53;9.17;9.53;12120074;114374600.00
2016/02/22;9.68;9.79;9.54;9.72;12857662;125011160.00
2016/02/23;9.69;9.75;9.33;9.46;9916876;94855856.00
2016/02/24;9.46;9.52;9.17;9.40;8117850;76275552.00
2016/02/25;9.40;9.40;8.45;8.48;10707936;96231472.00
2016/02/26;8.61;8.70;8.22;8.43;9299398;79520048.00
2016/02/29;8.43;8.45;7.59;7.60;11268370;88957720.00
2016/03/01;7.76;8.02;7.63;7.96;11664392;92233912.00
2016/03/02;7.93;8.40;7.93;8.40;7242233;59668040.00
2016/03/03;8.30;8.56;8.28;8.49;9086486;77481024.00
2016/03/04;8.46;8.56;7.99;8.11;6947044;58000088.00
2016/03/07;8.18;8.40;8.15;8.25;6243961;52111240.00
2016/03/08;8.25;8.40;7.87;8.39;8156768;66833356.00
2016/03/09;8.23;8.52;8.11;8.32;7785853;65558604.00
2016/03/10;8.36;8.40;8.13;8.16;4645768;38734680.00
2016/03/11;8.13;8.17;7.95;8.10;3762550;30635030.00
2016/03/14;8.23;8.53;8.19;8.40;8193287;69651112.00
2016/03/15;8.33;8.65;8.32;8.46;7431727;63781708.00
2016/03/16;8.62;8.71;8.33;8.38;5344924;45793592.00
2016/03/17;8.42;8.78;8.39;8.72;11688753;101292632.00
2016/03/18;8.76;9.09;8.69;9.03;14053572;126261064.00
2016/03/21;9.13;9.21;9.01;9.17;12472754;114427272.00
2016/03/22;9.08;9.13;8.90;8.98;14208117;129229664.00
2016/03/23;8.93;9.01;8.86;8.98;7984328;71948792.00
2016/03/24;8.87;8.95;8.71;8.77;14327196;127632000.00
2016/03/25;8.79;9.00;8.72;8.87;10991756;98126944.00
2016/03/28;8.92;9.05;8.79;8.86;8835553;79470712.00
2016/03/29;8.88;8.91;8.51;8.58;6763819;58958112.00
2016/03/30;8.66;8.90;8.62;8.89;8503234;75039408.00
2016/03/31;8.92;8.98;8.80;8.89;9575396;85758184.00
2016/04/01;8.79;8.85;8.63;8.77;6007903;52854928.00
2016/04/05;8.77;9.12;8.71;9.08;14181653;128723160.00
2016/04/06;9.05;9.15;8.98;9.08;9801373;89417632.00
2016/04/07;9.13;9.13;8.85;8.88;9533015;86011328.00
2016/04/08;8.85;8.86;8.62;8.76;8392520;73918664.00
2016/04/11;8.88;9.64;8.86;9.64;27593886;260372256.00
2016/04/12;9.96;10.43;9.70;9.82;65167251;659975168.00
2016/04/13;9.68;10.13;9.68;9.96;35824710;358938592.00
2016/04/14;10.03;10.11;9.79;9.92;18643995;185907040.00
2016/04/15;9.94;10.00;9.75;9.83;15409537;152919952.00
2016/04/18;9.81;9.81;9.44;9.50;14348814;137874080.00
2016/04/19;9.58;9.72;9.45;9.59;9880903;95134112.00
2016/04/20;9.65;9.68;8.72;8.92;18837703;172993312.00
2016/04/21;8.92;9.01;8.71;8.74;9636368;86404920.00
2016/04/22;8.78;9.06;8.78;8.98;10143971;91479096.00
2016/04/25;8.94;8.95;8.74;8.90;6770569;60292232.00
2016/04/26;8.93;9.17;8.91;9.17;10077864;91823688.00
2016/04/27;9.13;9.19;9.00;9.05;8377766;76903576.00
2016/04/28;9.06;9.13;8.87;9.13;6880117;62457964.00
2016/04/29;9.07;9.45;9.01;9.36;12017428;111926520.00
2016/05/03;9.24;9.67;9.06;9.60;23251636;220306144.00
2016/05/04;9.47;9.60;9.39;9.47;15220979;145736992.00
2016/05/05;9.33;9.40;9.18;9.37;14164067;132764376.00
2016/05/06;9.39;9.42;8.86;8.92;13593151;124842960.00
2016/05/09;8.77;8.81;8.43;8.45;9206342;79898720.00
2016/05/10;8.45;8.55;8.38;8.43;5167400;44077016.00
2016/05/11;8.53;8.67;8.40;8.46;6291243;54029796.00
2016/05/12;8.33;8.43;8.13;8.39;7921016;66287900.00
2016/05/13;8.36;8.55;8.26;8.34;5745259;48664048.00
2016/05/16;8.33;8.48;8.25;8.45;4783410;40457996.00
2016/05/17;8.50;8.61;8.31;8.49;7527442;64323800.00
2016/05/18;8.47;8.47;8.02;8.10;7212457;59652304.00
2016/05/19;8.12;8.30;8.12;8.14;4627968;38375664.00
2016/05/20;8.11;8.26;8.01;8.26;5009503;41250600.00
2016/05/23;8.31;8.37;8.23;8.34;4287001;35962732.00
2016/05/24;8.34;8.34;8.19;8.24;3727528;31005448.00
2016/05/25;8.29;8.36;8.18;8.23;4023814;33613640.00
2016/05/26;8.18;8.26;8.01;8.22;4339432;35576888.00
2016/05/27;8.19;8.25;8.13;8.20;3400455;28090198.00
2016/05/30;8.18;8.23;8.06;8.14;3344046;27471970.00
2016/05/31;8.17;8.49;8.10;8.48;8435978;71425640.00
2016/06/01;8.63;9.34;8.63;9.05;42429581;393013856.00
2016/06/02;8.90;8.98;8.75;8.96;26527458;236859488.00
2016/06/03;8.88;9.02;8.83;8.97;13809043;124577584.00
2016/06/06;9.01;9.03;8.76;8.86;9790416;87566304.00
2016/06/07;8.86;8.87;8.73;8.86;8165032;72430632.00
2016/06/08;8.89;9.04;8.80;8.99;11235683;101336488.00
2016/06/13;8.84;8.88;8.69;8.69;10536007;93525456.00
2016/06/14;8.70;8.78;8.48;8.67;7693028;66837848.00
2016/06/15;8.61;8.98;8.53;8.97;10814597;96536552.00
2016/06/16;8.99;9.12;8.82;9.10;11450827;102385936.00
2016/06/17;9.04;9.55;9.04;9.18;20787980;193931152.00
2016/06/20;9.09;9.18;8.88;8.98;10362554;93082792.00
2016/06/21;8.99;9.08;8.85;8.88;7228467;64834480.00
2016/06/22;8.86;9.07;8.81;9.06;7049950;63386472.00
2016/06/23;9.08;9.11;8.90;9.03;6331031;57039936.00
2016/06/24;9.04;9.09;8.63;9.03;10514823;94028528.00
2016/06/27;8.89;9.23;8.81;9.21;12062525;109780464.00
2016/06/28;9.15;9.36;9.10;9.33;13618635;126333656.00
2016/06/29;9.39;9.42;9.23;9.29;10314207;96032056.00
2016/06/30;9.30;9.34;9.19;9.24;6826460;63082008.00
2016/07/01;9.24;9.30;9.12;9.20;6075119;55991900.00
2016/07/04;9.05;9.34;9.05;9.28;9415602;87172816.00
2016/07/05;9.31;9.45;9.21;9.36;12327854;114923784.00
2016/07/06;9.36;9.36;9.22;9.31;10616305;98587112.00
2016/07/07;9.32;9.55;9.30;9.47;16076935;151856784.00
2016/07/08;9.48;9.52;9.34;9.41;8643822;81345392.00
2016/07/11;9.42;9.53;9.31;9.34;9897164;93380888.00
2016/07/12;9.35;9.52;9.26;9.49;11349513;106893408.00
2016/07/13;9.52;9.85;9.47;9.65;17207978;165966768.00
2016/07/14;9.68;9.68;9.46;9.59;11109463;106007808.00
2016/07/15;9.59;9.68;9.44;9.63;8921726;85248984.00
2016/07/18;9.60;9.79;9.55;9.64;9258906;89732120.00
2016/07/19;9.61;9.67;9.43;9.58;8539061;81459880.00
2016/07/20;9.54;9.69;9.47;9.59;6980595;66811364.00
2016/07/21;9.59;9.64;9.50;9.52;6357648;60843436.00
2016/07/22;9.52;9.55;9.39;9.39;6886190;65123624.00
2016/07/25;9.36;9.51;9.36;9.43;4511819;42539420.00
2016/07/26;9.43;9.80;9.41;9.74;9684424;92874560.00
2016/07/27;9.81;9.99;9.18;9.28;20292511;196004320.00
2016/07/28;9.16;9.30;9.10;9.25;9171828;84418336.00
2016/07/29;9.22;9.29;9.12;9.15;5377920;49366088.00
2016/08/01;9.01;9.09;8.76;8.96;6704277;59935424.00
2016/08/02;9.03;9.06;8.92;9.05;3101450;27865040.00
2016/08/03;9.04;9.08;8.96;9.00;3107556;27987798.00
2016/08/04;9.00;9.07;8.94;9.04;3257585;29357748.00
2016/08/05;9.05;9.10;8.92;8.96;5425414;48996396.00
2016/08/08;8.96;9.10;8.90;9.09;3077398;27804312.00
2016/08/09;9.09;9.20;9.09;9.19;5046419;46159088.00
2016/08/10;9.18;9.19;9.09;9.10;3552580;32441646.00
2016/08/11;9.10;9.15;8.98;9.00;3748116;34015448.00
2016/08/12;8.97;9.10;8.96;9.09;2877055;25988106.00
2016/08/15;9.14;9.28;9.07;9.25;6417804;59091756.00
2016/08/16;9.25;9.37;9.21;9.29;5292882;49152804.00
2016/08/17;9.29;9.33;9.25;9.29;4489735;41679100.00
2016/08/18;9.30;9.43;9.27;9.34;5155718;48223368.00
2016/08/19;9.38;9.38;9.21;9.28;3858460;35815632.00
2016/08/22;9.31;9.35;9.23;9.27;5271402;48975348.00
2016/08/23;9.29;9.42;9.25;9.34;5704165;53266644.00
2016/08/24;9.33;9.47;9.32;9.40;7090025;66773452.00
2016/08/25;9.31;9.56;9.24;9.56;14395160;136234720.00
2016/08/26;9.50;10.18;9.42;9.69;35424975;347959552.00
2016/08/29;9.75;9.86;9.55;9.80;18895146;183181728.00
2016/08/30;9.78;10.30;9.78;9.99;25236928;253951872.00
2016/08/31;10.00;10.20;9.86;10.05;17980670;180203568.00
2016/09/01;10.05;10.05;9.79;9.79;10546230;104731808.00
2016/09/02;9.78;9.93;9.68;9.75;8259317;80682280.00
2016/09/05;9.77;9.90;9.67;9.75;7832653;76792592.00
2016/09/06;9.81;10.15;9.57;10.12;12616898;124645112.00
2016/09/07;10.07;10.33;9.99;10.20;15536064;157858752.00
2016/09/08;10.12;10.30;10.02;10.18;9554654;97094120.00
2016/09/09;10.12;10.19;9.98;10.04;7032331;70703976.00
2016/09/12;9.81;9.95;9.71;9.85;9284377;91256952.00
2016/09/13;9.86;9.95;9.75;9.86;5969270;58822744.00
2016/09/14;9.82;10.15;9.74;10.09;10237392;102277368.00
2016/09/19;10.11;10.27;10.01;10.14;7236859;73128656.00
2016/09/20;10.15;10.21;9.70;9.75;12393599;123304232.00
2016/09/21;9.75;9.85;9.66;9.80;7482903;73030944.00
2016/09/22;9.83;10.16;9.70;10.06;11091210;110379376.00
2016/09/23;10.05;10.28;10.01;10.16;19144588;194663312.00
2016/09/26;10.17;10.27;10.01;10.22;15107893;153844464.00
2016/09/27;10.18;10.57;9.90;10.45;27365283;281815552.00
2016/09/28;10.48;10.67;10.25;10.53;23841855;249520112.00
2016/09/29;10.41;10.48;10.28;10.38;14054847;145518528.00
2016/09/30;10.25;10.32;10.02;10.24;20225574;205360592.00
2016/10/10;10.24;10.56;10.20;10.45;15735931;163622944.00
2016/10/11;10.40;10.65;10.31;10.60;14906590;156183040.00
2016/10/12;10.51;10.68;10.45;10.52;11111924;117257528.00
2016/10/13;10.50;10.59;10.28;10.35;11211744;116400624.00
2016/10/14;10.30;10.35;10.09;10.31;15127814;154165504.00
2016/10/17;10.26;10.32;10.10;10.29;12441318;127214328.00
2016/10/18;10.21;10.38;10.20;10.34;10427733;107253016.00
2016/10/19;10.34;10.37;10.15;10.23;14628407;149669504.00
2016/10/20;10.19;10.22;10.10;10.12;6790129;68943088.00
2016/10/21;10.12;10.15;9.85;10.06;14920783;149372880.00
2016/10/24;10.05;10.33;9.97;10.29;13144319;133341192.00
2016/10/25;10.27;10.27;10.16;10.24;6191209;63221444.00
2016/10/26;10.24;10.55;10.16;10.43;14358564;148180048.00
2016/10/27;10.64;10.67;10.35;10.49;11943335;124552392.00
2016/10/28;10.68;10.68;10.07;10.24;28805486;294090400.00
2016/10/31;10.10;10.33;10.00;10.24;10575610;107745816.00
2016/11/01;10.32;10.47;10.16;10.37;14000154;144156400.00
2016/11/02;10.37;10.60;10.31;10.37;26275131;274307360.00
2016/11/03;10.33;10.56;10.29;10.44;16382538;170801760.00
2016/11/04;10.39;10.90;10.38;10.59;37839948;403444064.00
2016/11/07;10.54;11.20;10.49;10.94;47394260;513819072.00
2016/11/08;10.90;11.10;10.80;10.95;26679420;292153760.00
2016/11/09;10.91;11.35;10.85;11.07;35321955;392420832.00
2016/11/10;11.12;11.30;10.96;11.17;23770746;264302800.00
2016/11/11;11.16;11.44;10.97;11.05;26768868;299439488.00
2016/11/14;11.05;11.13;10.85;10.96;17357045;189763232.00
2016/11/15;11.01;11.31;10.92;11.27;21828798;243183472.00
2016/11/16;11.29;11.40;11.10;11.11;19897038;223538032.00
2016/11/17;11.14;11.17;11.05;11.13;4576200;50857292.00
数据来源:通达信
