300109 新开源 日线 前复权
      日期	    开盘	    最高	    最低	    收盘	    成交量	    成交额
2010/08/25;18.31;21.08;17.75;20.18;6314032;399481792.00
2010/08/26;19.67;20.02;18.12;18.12;3826343;236798112.00
2010/08/27;17.52;18.77;17.06;18.24;2541323;148258704.00
2010/08/30;18.53;19.92;18.53;19.09;2087870;130867264.00
2010/08/31;19.07;21.04;18.87;20.77;2448034;161101760.00
2010/09/01;20.84;22.68;20.68;22.21;2676526;189781792.00
2010/09/02;22.84;24.48;22.68;24.48;1547429;120122816.00
2010/09/03;25.18;26.97;25.02;26.97;2414631;208647248.00
2010/09/06;27.31;27.31;24.23;24.23;1907262;155063264.00
2010/09/07;23.87;26.23;23.15;25.43;1598129;128033968.00
2010/09/08;25.12;25.12;23.35;23.77;1393324;108669528.00
2010/09/09;23.81;24.24;23.31;23.87;900450;69672864.00
2010/09/10;23.78;24.03;22.00;22.64;1416225;104837008.00
2010/09/13;22.24;22.68;21.90;22.37;860754;62698000.00
2010/09/14;22.37;24.38;22.28;23.48;1141958;87769576.00
2010/09/15;23.26;23.26;21.43;21.79;984893;71111904.00
2010/09/16;21.56;22.26;21.06;21.89;586438;41382224.00
2010/09/17;21.74;22.09;21.32;21.62;356756;25216028.00
2010/09/20;21.61;22.50;21.44;21.96;531537;38281844.00
2010/09/21;21.79;21.93;20.18;20.33;700281;47226988.00
2010/09/27;20.27;20.44;19.56;20.22;444282;29159284.00
2010/09/28;20.18;20.77;19.00;19.21;624050;40439192.00
2010/09/29;19.11;19.53;18.81;19.42;427489;26991992.00
2010/09/30;19.09;19.77;18.93;19.65;345576;22052106.00
2010/10/08;19.74;20.45;19.74;19.86;444204;29151004.00
2010/10/11;19.84;19.84;19.12;19.37;691866;43861176.00
2010/10/12;19.24;20.48;19.18;20.15;720760;47001780.00
2010/10/13;20.12;20.12;19.25;19.67;438308;28017000.00
2010/10/14;19.83;19.84;18.93;18.96;508515;32074310.00
2010/10/15;18.58;18.58;17.87;18.06;721497;43097452.00
2010/10/18;17.62;18.06;17.33;17.84;637081;36823124.00
2010/10/19;17.74;19.49;17.68;18.95;740552;45899916.00
2010/10/20;18.62;19.86;18.31;18.85;670369;41893764.00
2010/10/21;18.77;19.09;18.49;18.87;329388;20290094.00
2010/10/22;19.04;19.54;18.65;19.28;485896;30625070.00
2010/10/25;19.34;20.52;19.34;20.00;948605;62344760.00
2010/10/26;20.18;20.26;19.34;19.85;583985;37483972.00
2010/10/27;19.82;20.37;19.61;20.16;623767;41026448.00
2010/10/28;20.24;20.96;19.96;20.87;581201;38585760.00
2010/10/29;20.77;22.97;20.59;21.84;903185;64299152.00
2010/11/01;21.90;22.34;21.16;21.56;985350;70035608.00
2010/11/02;21.56;21.73;20.49;20.49;868749;59780000.00
2010/11/03;20.18;20.40;19.72;20.13;541977;35501324.00
2010/11/04;20.00;20.33;19.87;20.17;409398;26982064.00
2010/11/05;20.17;20.36;19.74;20.17;532671;34788028.00
2010/11/08;20.06;21.56;20.00;21.18;570776;39003468.00
2010/11/09;21.15;21.43;20.68;21.17;430900;29606166.00
2010/11/10;20.82;22.06;20.82;21.56;642468;45603036.00
2010/11/11;21.58;22.27;21.08;21.08;678534;48498984.00
2010/11/12;20.81;21.74;20.14;20.18;606054;41359960.00
2010/11/15;20.24;22.25;20.24;22.25;706932;49166560.00
2010/11/16;22.28;22.74;21.12;21.18;898917;63956856.00
2010/11/17;20.81;21.68;20.18;20.49;554426;38182824.00
2010/11/18;20.74;21.21;20.14;20.77;333458;22423674.00
2010/11/19;20.91;21.78;20.67;21.73;490404;34168976.00
2010/11/22;21.59;22.68;21.54;21.87;578892;41907184.00
2010/11/23;21.88;22.46;21.31;22.41;503795;35785672.00
2010/11/24;22.29;23.52;22.09;23.27;879727;66021996.00
2010/11/25;22.74;23.62;22.06;22.32;1279316;94691416.00
2010/11/26;22.35;22.93;22.06;22.49;650905;47970212.00
2010/11/29;22.36;22.90;22.12;22.46;571632;41907032.00
2010/11/30;22.46;22.46;20.44;21.08;954718;66649348.00
2010/12/01;20.96;21.09;20.59;21.09;448588;30522942.00
2010/12/02;21.36;21.37;20.93;21.02;320617;22156376.00
2010/12/03;20.81;21.02;20.00;20.39;469252;31339752.00
2010/12/06;20.35;20.49;19.62;19.72;325051;21187388.00
2010/12/07;19.72;20.50;19.56;20.29;323964;21261504.00
2010/12/08;20.18;20.63;20.18;20.21;208947;13915845.00
2010/12/09;20.21;20.21;19.77;19.77;182100;11874732.00
2010/12/10;19.77;20.14;19.61;20.10;185535;12096944.00
2010/12/13;20.15;20.94;20.15;20.87;335397;22715266.00
2010/12/14;20.96;20.96;20.70;20.80;214844;14608706.00
2010/12/15;20.81;21.33;20.78;20.84;252557;17381288.00
2010/12/16;20.79;21.17;20.79;20.96;301569;20734580.00
2010/12/17;21.08;21.31;20.87;21.29;275164;18970808.00
2010/12/20;21.32;22.34;21.14;21.70;780592;55430488.00
2010/12/21;21.80;21.84;21.46;21.74;282193;19946430.00
2010/12/22;21.74;21.74;20.81;21.09;318702;22144404.00
2010/12/23;21.06;21.21;20.18;20.33;396312;26639704.00
2010/12/24;20.29;20.29;19.62;19.66;285889;18561298.00
2010/12/27;19.66;20.12;18.37;18.71;348493;22047012.00
2010/12/28;18.62;18.87;18.15;18.81;259684;15726410.00
2010/12/29;18.84;19.31;18.46;19.24;285432;17548850.00
2010/12/30;19.15;19.15;18.72;19.00;183855;11409245.00
2010/12/31;19.40;19.62;18.96;19.55;213314;13582674.00
2011/01/04;19.59;20.01;19.27;19.92;317875;20641748.00
2011/01/05;19.84;19.95;19.68;19.77;202006;13076522.00
2011/01/06;19.64;19.84;19.26;19.40;127564;8133304.50
2011/01/07;19.21;19.44;18.97;19.12;166001;10448318.00
2011/01/10;19.12;19.31;18.56;19.09;279188;17264168.00
2011/01/11;18.87;19.03;18.56;18.75;165387;10170236.00
2011/01/12;18.90;19.21;18.77;18.96;95753;5951971.00
2011/01/14;18.84;18.86;18.00;18.24;209157;12520431.00
2011/01/17;18.21;18.21;17.33;17.50;225978;13169456.00
2011/01/18;17.52;17.66;17.37;17.59;140758;8083887.50
2011/01/19;17.46;17.89;17.46;17.88;154077;8954617.00
2011/01/20;17.81;17.81;16.93;17.01;162468;9285337.00
2011/01/21;16.93;17.11;16.59;17.00;200711;11123492.00
2011/01/24;17.02;17.31;15.82;15.90;235370;12714671.00
2011/01/25;15.84;15.98;15.05;15.24;222201;11217528.00
2011/01/26;15.21;15.59;14.90;15.42;179379;9105041.00
2011/01/27;15.39;15.71;15.08;15.49;160534;8191815.00
2011/01/28;15.34;15.95;15.34;15.86;159120;8203624.00
2011/01/31;15.81;16.08;15.81;16.06;137125;7206182.50
2011/02/01;16.06;16.21;15.78;15.86;139476;7281544.00
2011/02/09;15.50;16.02;15.50;15.57;118990;6150254.50
2011/02/10;15.52;17.17;15.43;17.17;608368;33567004.00
2011/02/11;17.37;17.48;17.02;17.22;361147;20337000.00
2011/02/14;16.62;17.87;16.62;17.34;355134;20441540.00
2011/02/15;17.36;18.92;17.28;18.00;499052;29581616.00
2011/02/16;18.02;18.58;18.02;18.27;288774;17325212.00
2011/02/17;18.04;18.61;18.04;18.31;229872;13705389.00
2011/02/18;18.18;18.86;18.09;18.62;290379;17651576.00
2011/02/21;18.58;18.91;18.18;18.81;277088;17042252.00
2011/02/22;18.80;19.20;18.27;18.54;488077;29751608.00
2011/02/23;18.46;19.76;18.46;19.46;718958;45451440.00
2011/02/24;19.46;19.46;17.47;19.29;539929;33588812.00
2011/02/25;19.24;19.24;17.99;18.43;458675;27870858.00
2011/02/28;18.31;18.68;18.11;18.41;264078;15838209.00
2011/03/01;18.39;18.39;17.61;17.87;706019;41510804.00
2011/03/02;17.71;17.94;17.52;17.91;344081;19992700.00
2011/03/03;17.99;17.99;17.52;17.66;186224;10815975.00
2011/03/04;17.61;17.86;17.56;17.67;159444;9237669.00
2011/03/07;17.81;18.06;17.62;18.02;315612;18522916.00
2011/03/08;18.05;18.05;17.79;17.95;192758;11324004.00
2011/03/09;17.84;18.06;17.84;18.02;220507;12977862.00
2011/03/10;18.00;18.56;17.90;18.31;313498;18862798.00
2011/03/11;18.15;18.71;17.99;18.40;263186;15822795.00
2011/03/14;18.37;18.66;18.32;18.59;213980;12992526.00
2011/03/15;18.61;18.61;17.71;18.02;254740;15101276.00
2011/03/16;18.01;18.34;18.01;18.33;163961;9799183.00
2011/03/17;18.30;18.30;17.28;17.37;289019;16794756.00
2011/03/18;17.56;17.65;17.36;17.47;130524;7502712.50
2011/03/21;17.47;17.48;17.28;17.35;100879;5752397.00
2011/03/22;17.36;17.36;16.98;17.05;178668;10003229.00
2011/03/23;17.01;17.35;16.77;17.28;101364;5691543.50
2011/03/24;17.25;17.28;17.06;17.12;95768;5392754.50
2011/03/25;17.09;17.24;17.06;17.22;94218;5307385.00
2011/03/28;17.23;17.33;16.71;16.74;179837;10015528.00
2011/03/29;16.76;16.86;15.96;16.12;177409;9465767.00
2011/03/30;16.12;16.24;15.68;15.81;135340;7054972.50
2011/03/31;15.81;15.99;15.71;15.93;83853;4371373.50
2011/04/01;15.94;16.12;15.81;16.11;74724;3920483.75
2011/04/06;15.86;16.10;15.86;15.90;103700;5438073.50
2011/04/07;15.90;16.24;15.81;16.24;99046;5227664.00
2011/04/08;16.12;17.74;16.10;17.08;359181;20177780.00
2011/04/11;16.90;17.21;16.59;16.74;154106;8512692.00
2011/04/12;16.72;17.15;16.56;16.77;153650;8539934.00
2011/04/13;16.93;16.93;16.52;16.88;110034;6063162.00
2011/04/14;16.90;16.90;16.52;16.53;92780;5069297.50
2011/04/15;16.50;16.50;15.99;16.42;188312;10022814.00
2011/04/18;16.37;16.42;16.12;16.40;121075;6467803.00
2011/04/19;16.27;16.27;15.98;16.01;109342;5769596.00
2011/04/20;16.16;16.16;15.81;16.07;78504;4149234.00
2011/04/21;16.07;16.27;15.96;16.09;93077;4937562.00
2011/04/22;16.08;16.08;15.71;15.72;160276;8353202.00
2011/04/25;15.65;15.65;14.58;14.59;315374;15460723.00
2011/04/26;14.61;14.84;14.58;14.71;78048;3777043.00
2011/04/27;14.82;14.82;13.93;14.00;130098;6161337.00
2011/04/28;14.18;14.18;13.56;13.58;149257;6846104.50
2011/04/29;13.52;13.84;13.52;13.80;117482;5315607.00
2011/05/03;13.75;13.99;13.31;13.92;92334;4165281.25
2011/05/04;13.89;13.89;13.62;13.78;82611;3741970.00
2011/05/05;13.67;13.98;13.67;13.86;86989;3974275.75
2011/05/06;13.84;14.12;13.56;13.96;162575;7443937.00
2011/05/10;14.21;14.21;13.96;14.12;99378;4598519.50
2011/05/11;14.09;14.13;13.88;13.91;134654;6221298.00
2011/05/12;13.65;13.92;13.62;13.62;57800;2625473.50
2011/05/13;13.85;13.86;13.56;13.71;77516;3488101.25
2011/05/16;13.66;13.83;13.65;13.78;46006;2089250.00
2011/05/17;13.71;13.71;13.35;13.42;83577;3727204.00
2011/05/18;13.40;13.46;13.29;13.44;68272;3014105.50
2011/05/19;13.46;13.48;13.24;13.24;116841;5165477.00
2011/05/20;13.24;13.44;13.15;13.42;103979;4569115.00
2011/05/23;13.42;14.81;13.42;14.08;640117;30146480.00
2011/05/24;14.00;14.86;13.61;14.56;362940;17013042.00
2011/05/25;14.54;14.54;14.01;14.06;201004;9426865.00
2011/05/26;14.19;14.35;13.45;13.45;261847;11984906.00
2011/05/27;13.06;13.24;12.24;12.24;426592;8893597.00
2011/05/30;12.12;12.56;11.81;11.93;284515;5751369.00
2011/05/31;11.92;11.93;11.50;11.77;546951;10572824.00
2011/06/01;11.69;12.04;11.69;12.02;446855;8727458.00
2011/06/02;11.81;11.81;11.40;11.62;338578;6477290.50
2011/06/03;11.56;11.79;11.56;11.71;378556;7316091.50
2011/06/07;11.57;11.74;11.56;11.72;166878;3220672.75
2011/06/08;11.73;11.74;11.35;11.52;292881;5557341.50
2011/06/09;11.52;11.52;11.22;11.22;321725;6032482.00
2011/06/10;11.23;11.29;10.74;11.03;212189;3851121.50
2011/06/13;10.86;11.18;10.74;11.10;461254;8411959.00
2011/06/14;10.95;11.22;10.94;11.18;279991;5159618.00
2011/06/15;11.14;11.39;10.89;10.97;260316;4813757.50
2011/06/16;10.87;10.97;10.62;10.70;210300;3763538.50
2011/06/17;10.51;10.71;10.24;10.46;198332;3461832.00
2011/06/20;10.44;10.44;10.04;10.24;253268;4292929.50
2011/06/21;10.25;10.38;9.95;10.27;193376;3256300.00
2011/06/22;10.27;10.34;10.06;10.16;131852;2229920.00
2011/06/23;10.24;10.62;10.02;10.61;608430;10526394.00
2011/06/24;10.54;11.04;10.43;10.92;943683;16762162.00
2011/06/27;10.93;11.17;10.80;11.07;633811;11585123.00
2011/06/28;11.07;11.11;10.82;11.06;429780;7804649.50
2011/06/29;11.09;11.09;10.84;10.84;456265;8267609.50
2011/06/30;10.84;11.02;10.81;10.92;377548;6830602.50
2011/07/01;10.93;11.16;10.87;10.94;415396;7579524.00
2011/07/04;11.04;11.24;10.87;11.21;575259;10597134.00
2011/07/05;11.21;11.56;11.21;11.46;694271;13093203.00
2011/07/06;11.46;11.68;11.28;11.66;587502;11165431.00
2011/07/07;11.59;12.06;11.48;11.92;1029844;20152096.00
2011/07/08;11.90;12.02;11.68;11.93;507961;9948964.00
2011/07/11;11.86;12.03;11.81;11.88;394070;7756696.50
2011/07/12;11.81;11.81;11.29;11.32;615897;11678535.00
2011/07/13;11.32;11.65;11.32;11.57;378147;7193355.50
2011/07/14;11.74;11.99;11.54;11.96;852703;16636587.00
2011/07/15;11.96;12.66;11.92;12.56;1422450;28963224.00
2011/07/18;12.57;13.14;12.39;12.53;1278159;27008086.00
2011/07/19;12.48;12.48;11.99;12.01;591575;11828504.00
2011/07/20;12.07;12.29;11.88;12.11;416482;8288850.00
2011/07/21;11.99;12.11;11.56;11.68;378521;7365749.50
2011/07/22;11.72;11.90;11.61;11.82;322294;6263588.50
2011/07/25;11.68;11.68;10.88;10.96;487449;9135350.00
2011/07/26;10.96;11.14;10.86;11.01;228354;4150981.50
2011/07/27;10.88;11.24;10.87;11.16;443493;8109634.00
2011/07/28;11.01;11.08;10.87;11.02;395812;7180551.00
2011/07/29;10.94;11.18;10.93;10.99;267850;4890935.00
2011/08/01;10.98;11.27;10.82;11.09;363013;6636910.50
2011/08/02;11.06;11.06;10.65;10.99;426604;7619350.50
2011/08/03;10.79;12.12;10.75;12.12;1371794;26957538.00
2011/08/04;12.62;12.72;12.00;12.00;2244708;45770652.00
2011/08/05;10.92;11.87;10.92;11.43;1139894;21510518.00
2011/08/08;11.12;11.22;10.56;10.62;941134;16900344.00
2011/08/09;10.31;10.55;9.67;10.29;694814;11699486.00
2011/08/10;10.50;10.80;10.50;10.62;576440;10182003.00
2011/08/11;10.40;11.72;10.25;11.72;815715;15294853.00
2011/08/12;12.34;12.93;12.34;12.93;4372211;91921288.00
2011/08/15;13.47;13.67;12.93;13.06;4579750;99818024.00
2011/08/16;12.91;13.31;12.62;13.21;3078057;65471268.00
2011/08/17;13.01;13.42;12.81;13.06;2058337;44433896.00
2011/08/18;12.94;12.99;12.18;12.30;1848678;38387832.00
2011/08/19;12.06;13.57;11.86;13.57;3705650;79771368.00
2011/08/22;13.99;14.96;13.74;14.96;3515370;83538624.00
2011/08/23;15.27;16.33;14.64;16.03;6956158;176760208.00
2011/08/24;15.60;16.16;15.13;15.40;5590738;142921904.00
2011/08/25;14.93;15.24;14.37;15.11;4164918;101712552.00
2011/08/26;14.94;16.57;14.71;15.89;5756167;149432672.00
2011/08/29;15.84;15.86;15.25;15.45;2500793;63732920.00
2011/08/30;15.27;16.49;15.03;15.61;3060187;79284904.00
2011/08/31;15.37;15.55;14.82;15.27;1809176;44818724.00
2011/09/01;15.23;15.24;14.56;14.62;2199505;53578468.00
2011/09/02;14.62;14.90;14.12;14.34;1654668;39007220.00
2011/09/05;14.09;15.74;14.02;15.37;3397016;81812312.00
2011/09/06;14.90;15.07;14.17;14.19;1899466;45633040.00
2011/09/07;14.31;15.24;14.31;14.66;2558208;62287656.00
2011/09/08;14.54;14.72;13.74;14.04;3314800;77602464.00
2011/09/09;13.98;14.11;13.43;13.57;1558996;35279744.00
2011/09/13;13.31;13.32;13.03;13.07;1305415;28300308.00
2011/09/14;13.12;13.74;13.02;13.74;1870375;41105560.00
2011/09/15;13.73;13.86;13.24;13.31;2124238;47309936.00
2011/09/16;13.37;14.61;13.37;13.87;3860673;89546000.00
2011/09/19;13.51;13.79;12.97;13.64;2282177;50110432.00
2011/09/20;13.46;14.27;13.24;14.01;2053550;46751792.00
2011/09/21;13.93;14.61;13.84;14.49;2853319;67212136.00
2011/09/22;14.31;15.06;14.04;14.06;3164154;75981024.00
2011/09/23;13.38;13.92;13.25;13.59;1785825;39791028.00
2011/09/26;13.49;13.81;13.02;13.07;1420497;31230090.00
2011/09/27;13.18;13.34;12.32;12.49;1716893;35941104.00
2011/09/28;12.61;12.65;11.89;11.90;1192427;24094358.00
2011/09/29;11.87;11.89;11.07;11.12;1376294;25769644.00
2011/09/30;11.16;11.40;10.56;11.25;1288007;23534204.00
2011/10/10;11.27;11.47;11.04;11.34;850641;15904537.00
2011/10/11;11.80;12.04;11.18;11.65;1343898;25969570.00
2011/10/12;11.50;12.23;11.23;12.14;1524784;30095216.00
2011/10/13;12.56;12.71;12.14;12.52;1824097;37383672.00
2011/10/14;12.40;13.37;12.30;12.93;2734173;58429220.00
2011/10/17;12.74;13.11;12.65;12.91;1997861;42157868.00
2011/10/18;12.71;12.71;11.97;11.97;1543256;31478076.00
2011/10/19;11.97;12.31;11.43;11.62;1313321;25689554.00
2011/10/20;11.49;11.68;11.12;11.30;952243;17759008.00
2011/10/21;11.29;11.48;11.17;11.32;741339;13876483.00
2011/10/24;11.39;11.77;10.57;11.69;1358791;25444666.00
2011/10/25;11.69;12.11;11.49;12.04;1612711;31543190.00
2011/10/26;11.92;13.29;11.75;13.29;3336979;70447040.00
2011/10/27;13.12;13.48;12.74;12.88;2990578;64408656.00
2011/10/28;12.93;13.24;12.74;13.14;2401578;51389404.00
2011/10/31;13.05;13.87;12.82;13.62;2696926;59110796.00
2011/11/01;13.43;14.13;13.28;13.51;2494837;55942744.00
2011/11/02;13.12;13.89;12.93;13.71;2477615;54465000.00
2011/11/03;13.74;14.37;13.60;14.12;3674594;84697968.00
2011/11/04;14.17;14.34;13.79;13.88;1794580;41226440.00
2011/11/07;13.79;14.18;13.54;13.96;1416747;32354684.00
2011/11/08;13.99;14.16;13.44;13.60;1282308;29106932.00
2011/11/09;13.59;13.90;13.31;13.87;1228291;27574678.00
2011/11/10;13.64;14.92;13.39;13.99;3356450;78833560.00
2011/11/11;13.86;14.18;13.62;13.74;1708989;38978008.00
2011/11/14;13.92;14.31;13.81;14.18;1558703;36255720.00
2011/11/15;14.27;14.27;13.94;14.10;1008541;23336988.00
2011/11/16;14.10;14.19;13.39;13.49;1551397;34952328.00
2011/11/17;13.49;13.68;13.11;13.51;1242762;27458838.00
2011/11/18;13.26;13.39;12.44;12.50;1223522;26017912.00
2011/11/21;12.50;12.61;12.14;12.49;732379;14866209.00
2011/11/22;12.24;12.60;12.21;12.50;633741;12969612.00
2011/11/23;12.59;12.70;12.34;12.43;554303;11423354.00
2011/11/24;12.29;12.62;12.07;12.43;653725;13291361.00
2011/11/25;12.43;12.46;11.93;11.96;622912;12542525.00
2011/11/28;12.04;12.06;11.49;11.67;664816;12848562.00
2011/11/29;11.84;11.99;11.72;11.99;736340;14437425.00
2011/11/30;11.99;13.22;11.99;12.53;3453446;72600336.00
2011/12/01;12.76;13.68;12.43;13.26;3094555;66920580.00
2011/12/02;12.94;13.12;12.49;12.81;1568230;33092870.00
2011/12/05;12.82;12.84;11.49;11.49;1548074;30406346.00
2011/12/06;11.00;11.84;11.00;11.83;1061250;20049996.00
2011/12/07;11.68;11.96;11.59;11.75;505461;9816819.00
2011/12/08;11.58;12.04;11.37;11.87;847112;16480096.00
2011/12/09;11.77;12.02;11.49;11.57;518686;10038424.00
2011/12/12;11.57;11.79;11.36;11.37;367586;7018469.50
2011/12/13;11.12;11.25;10.57;10.78;785369;14149849.00
2011/12/14;10.78;10.98;10.62;10.64;455849;8141136.50
2011/12/15;10.62;10.87;10.26;10.49;591741;10424056.00
2011/12/16;10.37;10.97;10.31;10.92;610336;10811128.00
2011/12/19;10.96;11.12;10.65;11.11;634894;11448364.00
2011/12/20;11.06;11.43;10.88;10.93;779034;14489374.00
2011/12/21;10.99;11.43;10.75;10.76;767937;14129297.00
2011/12/22;10.65;10.84;9.74;10.64;769355;13159466.00
2011/12/23;10.53;10.84;10.42;10.69;566059;9990989.00
2011/12/26;10.70;10.86;10.61;10.63;388799;6913217.00
2011/12/27;10.52;10.67;10.12;10.12;472354;8068367.00
2011/12/28;10.07;10.21;9.67;10.19;553685;9069052.00
2011/12/29;10.06;10.22;9.99;9.99;352314;5899502.50
2011/12/30;9.98;10.36;9.98;10.24;292578;4947801.00
2012/01/04;10.31;10.46;9.84;9.84;259800;4383316.00
2012/01/05;9.92;9.93;9.07;9.15;451681;7206730.00
2012/01/06;9.30;9.42;8.87;9.36;488616;7406781.00
2012/01/09;9.35;9.77;9.09;9.77;444173;7084932.50
2012/01/10;9.74;10.37;9.65;10.17;515456;8597221.00
2012/01/11;10.23;10.74;9.94;10.44;769304;13362889.00
2012/01/12;10.27;10.61;10.18;10.24;524418;9024428.00
2012/01/13;10.19;10.35;9.62;9.62;485088;7934163.00
2012/01/16;9.31;9.59;8.88;8.98;287712;4430268.50
2012/01/17;9.19;9.60;8.99;9.57;469558;7291846.50
2012/01/18;9.57;9.74;9.06;9.18;392620;6149012.50
2012/01/19;9.36;9.40;9.06;9.21;276813;4250713.50
2012/01/20;9.24;9.46;9.19;9.42;273630;4274309.00
2012/01/30;9.43;9.71;9.31;9.45;246283;3918279.25
2012/01/31;9.46;9.46;9.24;9.34;208681;3235893.00
2012/02/01;9.24;9.53;9.18;9.31;266538;4171928.00
2012/02/02;9.27;9.54;9.24;9.48;250596;3927149.00
2012/02/03;9.37;9.88;9.37;9.79;700432;11310662.00
2012/02/06;9.74;9.86;9.71;9.81;552294;8975704.00
2012/02/07;9.72;9.80;9.37;9.49;553458;8784651.00
2012/02/08;9.31;9.78;9.31;9.78;1072286;17098866.00
2012/02/09;9.77;10.10;9.70;9.83;810961;13355485.00
2012/02/10;9.91;9.95;9.72;9.81;561229;9176097.00
2012/02/13;9.69;10.09;9.69;10.06;795861;13140831.00
2012/02/14;10.06;10.08;9.84;9.96;470431;7771163.00
2012/02/15;10.06;10.21;9.97;10.16;848552;14241463.00
2012/02/16;10.17;10.40;9.99;10.12;743604;12567424.00
2012/02/17;10.16;10.29;9.99;10.06;488939;8199175.50
2012/02/20;10.10;10.27;10.05;10.06;670684;11308994.00
2012/02/21;10.04;10.23;9.74;10.23;929755;15444601.00
2012/02/22;10.15;10.56;10.14;10.56;1286672;22216058.00
2012/02/23;10.57;11.10;10.52;10.62;1476596;26408636.00
2012/02/24;10.62;10.77;10.50;10.68;1033393;18183170.00
2012/02/27;10.81;10.92;10.59;10.81;988460;17586142.00
2012/02/28;10.56;10.86;10.39;10.53;811510;14318257.00
2012/02/29;10.56;10.56;10.26;10.31;552495;9512328.00
2012/03/01;9.93;10.31;9.93;10.17;554243;9380294.00
2012/03/02;10.17;10.42;10.17;10.32;593129;10145510.00
2012/03/05;10.47;10.48;10.13;10.27;626675;10691166.00
2012/03/06;10.15;10.23;9.96;10.12;736769;12296834.00
2012/03/07;10.01;10.39;9.96;10.22;632635;10740662.00
2012/03/08;10.36;10.47;10.22;10.36;770934;13210669.00
2012/03/09;10.40;10.62;10.37;10.59;868466;15103147.00
2012/03/12;10.62;10.67;10.41;10.50;593626;10366964.00
2012/03/13;10.51;11.24;10.37;11.02;1783622;32169806.00
2012/03/14;11.00;11.06;10.00;10.09;1774235;31290474.00
2012/03/15;10.09;10.24;9.76;10.17;1100266;18381612.00
2012/03/16;10.17;10.62;10.12;10.62;1519346;26292188.00
2012/03/19;10.63;11.01;10.56;10.83;1008246;17951292.00
2012/03/20;10.73;10.87;10.37;10.44;701606;12276001.00
2012/03/21;10.49;10.58;10.19;10.41;489161;8414516.00
2012/03/22;10.41;10.51;10.24;10.49;312264;5382479.00
2012/03/23;10.48;10.85;10.27;10.54;1129378;19920492.00
2012/03/27;10.54;10.81;10.47;10.67;874378;15428783.00
2012/03/28;10.43;10.52;9.62;9.65;1105219;18134598.00
2012/03/29;9.61;9.61;9.18;9.29;634763;9848655.00
2012/03/30;9.31;9.42;9.01;9.06;390006;5934245.00
2012/04/05;9.27;9.39;9.02;9.37;305534;4700135.00
2012/04/06;9.38;9.44;9.27;9.34;369476;5751135.00
2012/04/09;9.31;9.32;9.07;9.12;304556;4650157.00
2012/04/10;9.07;9.18;8.87;9.18;264839;3983295.50
2012/04/11;9.12;9.27;9.03;9.22;215444;3296225.25
2012/04/12;9.22;9.43;9.17;9.43;552300;8599671.00
2012/04/13;9.44;9.49;9.37;9.44;489982;7694452.50
2012/04/16;9.38;9.71;9.38;9.52;520899;8309582.00
2012/04/17;9.67;9.73;9.43;9.54;480835;7680073.50
2012/04/18;9.81;10.53;9.81;10.53;1807240;31089052.00
2012/04/19;11.06;11.15;10.51;10.62;2959587;52725344.00
2012/04/20;10.55;11.68;10.55;10.91;2817659;51730100.00
2012/04/23;10.71;10.97;10.26;10.49;2276295;39768360.00
2012/04/24;10.27;10.41;9.41;9.89;1746675;28657688.00
2012/04/25;9.84;10.02;9.66;9.93;877150;14355734.00
2012/04/26;9.63;10.96;9.62;10.96;2251425;39470344.00
2012/04/27;11.29;11.67;10.58;11.02;3497502;65005704.00
2012/05/02;11.02;11.24;10.62;10.72;1875623;33949412.00
2012/05/03;10.72;10.90;10.59;10.89;1375529;24498888.00
2012/05/04;10.93;11.01;10.68;10.81;1218429;21891498.00
2012/05/07;10.81;10.91;10.54;10.89;1056159;18762296.00
2012/05/08;10.88;11.13;10.75;10.86;1216368;22022662.00
2012/05/09;10.74;10.77;10.37;10.37;1067771;18611220.00
2012/05/10;10.31;10.62;10.31;10.40;702113;12182581.00
2012/05/11;10.37;10.52;10.34;10.49;599004;10373920.00
2012/05/14;10.57;10.67;10.33;10.43;725789;12660073.00
2012/05/15;10.18;10.29;9.79;10.11;837174;8601414.00
2012/05/16;10.21;10.21;9.67;9.70;1137983;11572751.00
2012/05/17;9.67;9.94;9.59;9.79;724123;7340804.00
2012/05/18;9.69;9.84;9.38;9.42;887473;8789858.00
2012/05/21;9.62;9.62;9.18;9.36;515671;4989168.50
2012/05/22;9.47;9.65;9.42;9.56;646570;6374014.50
2012/05/23;9.48;9.57;9.36;9.53;531091;5208057.00
2012/05/24;9.46;9.62;9.46;9.53;488245;4805104.50
2012/05/25;9.51;9.55;9.14;9.18;729703;7000840.50
2012/05/28;9.02;9.30;8.89;9.27;762756;7174747.50
2012/05/29;9.12;9.50;9.12;9.41;673284;6527486.50
2012/05/30;9.41;9.60;9.34;9.46;528940;5168721.00
2012/05/31;9.39;9.87;9.38;9.67;1071339;10693298.00
2012/06/01;9.67;9.72;9.38;9.53;683064;6766824.00
2012/06/04;9.31;9.36;9.02;9.03;760953;7250516.00
2012/06/05;9.05;9.23;9.05;9.16;332484;3148713.25
2012/06/06;9.21;9.33;9.11;9.20;305703;2911286.75
2012/06/07;9.21;9.36;9.03;9.10;480173;4555622.00
2012/06/08;9.18;9.27;9.09;9.16;420298;3988550.00
2012/06/11;9.21;10.11;9.10;9.75;1577390;15967578.00
2012/06/12;9.76;9.85;9.48;9.63;971683;9721545.00
2012/06/13;9.67;9.83;9.60;9.81;729859;7326850.50
2012/06/14;9.71;9.80;9.58;9.58;766712;7652517.00
2012/06/15;9.58;9.64;9.39;9.52;594513;5833529.00
2012/06/18;9.60;9.83;9.53;9.73;686508;6876520.50
2012/06/19;9.66;10.04;9.63;10.03;1418805;14482772.00
2012/06/20;10.03;10.21;9.89;10.01;1205095;12479936.00
2012/06/21;9.98;9.98;9.59;9.61;755535;7578216.50
2012/06/25;9.62;9.62;9.20;9.20;582748;5674197.00
2012/06/26;9.19;9.33;9.03;9.26;262129;2490640.75
2012/06/27;9.17;9.43;9.17;9.38;365104;3527557.00
2012/06/28;9.37;9.44;9.29;9.30;309001;2989537.75
2012/06/29;9.30;9.38;9.07;9.38;345383;3305041.25
2012/07/02;9.50;9.57;9.38;9.44;428413;4193345.75
2012/07/03;9.38;9.92;9.32;9.88;1672401;16811210.00
2012/07/04;9.90;9.90;9.53;9.61;970618;9685812.00
2012/07/05;9.56;9.56;9.02;9.04;853386;8136092.00
2012/07/06;9.13;9.47;8.97;9.28;513278;4855031.50
2012/07/09;9.22;9.28;8.90;8.90;508330;4797983.50
2012/07/10;8.83;8.98;8.70;8.72;331088;3006891.00
2012/07/11;8.76;8.78;8.66;8.77;293000;2650688.00
2012/07/12;8.77;8.96;8.70;8.86;408815;3739773.00
2012/07/13;8.85;8.85;8.10;8.13;1454866;12603271.00
2012/07/16;7.99;8.12;7.66;7.67;708521;5791307.50
2012/07/17;7.65;7.80;7.56;7.74;329229;2638170.25
2012/07/18;7.69;7.81;7.64;7.81;264856;2126625.00
2012/07/19;7.71;8.04;7.71;7.90;402270;3310633.00
2012/07/20;7.90;7.93;7.81;7.86;237528;1943060.63
2012/07/23;7.78;7.84;7.63;7.80;175569;1411286.25
2012/07/24;7.78;7.94;7.77;7.88;233681;1913688.75
2012/07/25;7.81;7.93;7.75;7.89;289324;2364448.25
2012/07/26;7.86;7.96;7.82;7.84;385250;3168282.00
2012/07/27;7.93;7.95;7.80;7.85;185030;1509011.13
2012/07/30;7.93;7.93;7.50;7.58;289439;2338476.25
2012/07/31;7.58;7.73;7.48;7.48;234000;1848905.75
2012/08/01;7.39;7.63;7.39;7.57;155463;1221192.13
2012/08/02;7.61;7.61;7.41;7.47;123242;961611.31
2012/08/03;7.58;7.78;7.49;7.73;202416;1608589.13
2012/08/06;7.84;8.18;7.76;8.02;778031;6447302.50
2012/08/07;8.02;8.05;7.91;7.98;469879;3894094.25
2012/08/08;8.01;8.03;7.86;7.98;399293;3302367.00
2012/08/09;7.82;8.04;7.80;8.04;565476;4688200.00
2012/08/10;8.06;8.06;7.88;7.94;371255;3070883.75
2012/08/13;7.92;7.96;7.79;7.80;267400;2183814.00
2012/08/14;7.76;7.80;7.49;7.79;293336;2357675.50
2012/08/15;7.72;7.81;7.64;7.74;225555;1814783.50
2012/08/16;7.78;7.85;7.63;7.67;235734;1893525.25
2012/08/17;7.53;7.74;7.53;7.71;196618;1567359.63
2012/08/20;7.57;7.78;7.54;7.76;204707;1636056.38
2012/08/21;7.69;8.14;7.69;7.99;798051;6614826.50
2012/08/22;7.95;8.01;7.81;7.86;512868;4228657.00
2012/08/23;7.83;8.10;7.83;8.08;563083;4683984.00
2012/08/24;8.06;8.18;7.91;7.92;511341;4261126.00
2012/08/27;7.91;7.91;7.61;7.63;337799;2708299.50
2012/08/28;7.62;7.90;7.57;7.87;391367;3139486.75
2012/08/29;7.76;7.98;7.70;7.84;348569;2848641.75
2012/08/30;7.76;7.90;7.53;7.72;313421;2511614.75
2012/08/31;7.70;7.80;7.58;7.74;321650;2587908.50
2012/09/03;7.68;7.92;7.68;7.90;403403;3288858.50
2012/09/04;7.89;8.13;7.84;8.07;812916;6769031.50
2012/09/05;8.01;8.91;7.95;8.78;3119824;28126738.00
2012/09/06;8.65;8.65;8.45;8.58;1985800;17567306.00
2012/09/07;8.63;8.86;8.54;8.84;2116800;19178440.00
2012/09/10;8.86;9.08;8.68;8.94;1116291;10229712.00
2012/09/11;8.86;8.90;8.61;8.77;1029243;9355217.00
2012/09/12;8.88;8.91;8.65;8.76;525843;4765158.50
2012/09/13;8.68;8.78;8.56;8.56;390830;3508001.75
2012/09/14;8.64;8.68;8.33;8.68;790286;7041487.50
2012/09/17;8.68;8.96;8.44;8.46;866280;7890108.50
2012/09/18;8.56;8.56;8.37;8.51;201515;1766549.00
2012/09/19;8.66;8.66;8.40;8.53;269533;2379335.50
2012/09/20;8.52;8.53;8.03;8.11;249313;2146467.50
2012/09/21;8.45;8.45;7.92;8.17;293923;2463175.50
2012/09/24;8.07;8.16;7.93;8.16;262358;2207466.00
2012/09/25;8.23;8.56;8.17;8.29;410562;3578446.50
2012/09/26;8.13;8.21;7.43;7.58;449126;3596460.75
2012/09/27;7.60;7.86;7.59;7.75;338298;2720649.25
2012/09/28;7.66;7.79;7.54;7.77;1007993;8041191.00
2012/10/08;7.74;7.75;7.52;7.62;623617;4948224.50
2012/10/09;7.65;7.92;7.61;7.88;939657;7635450.50
2012/10/10;7.88;8.15;7.81;8.04;666749;5552596.00
2012/10/11;7.99;8.14;7.78;7.82;449390;3716576.00
2012/10/12;7.86;7.92;7.54;7.81;972557;7771468.50
2012/10/15;7.73;7.73;7.46;7.56;369989;2919408.25
2012/10/16;7.56;7.69;7.52;7.61;249599;1979565.50
2012/10/17;7.62;7.68;7.55;7.66;251607;2001940.38
2012/10/18;7.65;7.82;7.64;7.77;366790;2958475.50
2012/10/19;7.77;7.81;7.72;7.77;362366;2934435.00
2012/10/22;7.73;7.85;7.68;7.82;277277;2245024.50
2012/10/23;7.83;8.16;7.83;7.89;548369;4522138.00
2012/10/24;7.90;7.90;7.74;7.80;280192;2269881.00
2012/10/25;7.80;7.82;7.64;7.67;275197;2219385.00
2012/10/26;7.67;7.67;7.47;7.65;353867;2780690.75
2012/10/29;7.49;7.69;7.48;7.64;147579;1172647.50
2012/10/30;7.64;7.70;7.54;7.69;218042;1733499.50
2012/10/31;7.70;7.73;7.65;7.71;135483;1085865.25
2012/11/01;7.77;7.90;7.73;7.79;386259;3130425.75
2012/11/02;7.78;7.80;7.70;7.80;248273;2005065.25
2012/11/05;7.82;7.84;7.71;7.75;140039;1135932.38
2012/11/06;7.71;7.73;7.53;7.61;171095;1354072.88
2012/11/07;7.63;7.67;7.53;7.61;162408;1283161.63
2012/11/08;7.57;7.88;7.57;7.57;360053;2869662.75
2012/11/09;7.53;7.57;7.13;7.38;551435;4216963.00
2012/11/12;7.37;7.45;7.26;7.41;241204;1854078.00
2012/11/13;7.34;7.55;7.16;7.16;255760;1956391.13
2012/11/14;7.16;7.28;7.09;7.18;323774;2423156.25
2012/11/15;7.18;7.38;6.88;7.00;256502;1903904.25
2012/11/16;7.09;7.09;6.70;7.00;630384;4496037.50
2012/11/19;7.00;7.00;6.78;6.93;194494;1396233.38
2012/11/20;6.98;7.23;6.88;7.15;574263;4242180.50
2012/11/21;7.08;7.11;6.68;7.05;695918;5000460.50
2012/11/22;6.87;6.94;6.81;6.90;347952;2502523.00
2012/11/23;6.85;7.05;6.82;6.88;424734;3065647.25
2012/11/26;6.91;7.09;6.78;6.88;481516;3479813.25
2012/11/27;6.88;6.88;6.38;6.38;625419;4304301.50
2012/11/28;6.49;6.49;6.11;6.17;243880;1605067.13
2012/11/29;6.17;6.28;5.88;5.88;420183;2704140.75
2012/11/30;5.95;6.06;5.83;6.06;433159;2723217.75
2012/12/03;5.99;6.06;5.84;5.85;220641;1380870.88
2012/12/04;5.88;5.99;5.78;5.90;423756;2624872.25
2012/12/05;5.88;6.28;5.86;6.19;1390512;8903574.00
2012/12/06;6.16;6.21;6.03;6.12;558808;3592133.25
2012/12/07;6.13;6.34;6.06;6.31;919196;6043199.50
2012/12/10;6.34;6.84;6.34;6.65;1491403;10370342.00
2012/12/11;6.55;6.63;6.47;6.53;578177;3967900.00
2012/12/12;6.53;6.60;6.40;6.50;297820;2024901.75
2012/12/13;6.51;6.56;6.33;6.35;382621;2585496.25
2012/12/14;6.40;6.67;6.33;6.66;860263;5907081.00
2012/12/17;6.66;6.75;6.59;6.66;640214;4472700.50
2012/12/18;6.67;6.78;6.60;6.61;493391;3454868.00
2012/12/19;6.62;6.71;6.51;6.66;401097;2786692.50
2012/12/20;6.58;6.70;6.48;6.70;581946;4036761.25
2012/12/21;6.72;6.87;6.66;6.76;653269;4614884.50
2012/12/24;6.76;6.84;6.65;6.83;620168;4379436.00
2012/12/25;6.80;7.02;6.78;6.94;701480;5086973.50
2012/12/26;6.89;7.17;6.89;7.17;848604;6242185.00
2012/12/27;7.17;7.17;6.94;6.96;669335;4922521.50
2012/12/28;6.92;7.08;6.87;7.03;565134;4125297.25
2012/12/31;7.04;7.08;7.00;7.04;385678;2836954.25
2013/01/04;7.09;7.09;6.86;6.92;539839;3917423.50
2013/01/07;6.95;7.26;6.87;7.12;829760;6157847.00
2013/01/08;7.26;7.38;7.15;7.34;1083014;8221357.50
2013/01/09;7.28;7.46;7.18;7.31;746251;5712080.00
2013/01/10;7.28;8.01;7.28;7.71;1809077;14383788.00
2013/01/11;7.66;7.79;7.49;7.59;1341497;10668211.00
2013/01/14;7.49;7.83;7.46;7.82;998033;8008858.00
2013/01/15;7.82;8.03;7.74;7.96;1443565;11887592.00
2013/01/16;7.93;8.14;7.83;7.91;833869;6918350.00
2013/01/17;7.91;8.04;7.78;7.81;849657;6975925.50
2013/01/18;7.83;7.99;7.73;7.91;939206;7682821.00
2013/01/21;7.88;8.06;7.84;8.05;638820;5302685.50
2013/01/22;8.05;8.05;7.81;7.84;940700;7724114.50
2013/01/23;7.75;7.77;7.53;7.64;596577;4749416.50
2013/01/24;7.76;7.81;7.31;7.38;547214;4311155.50
2013/01/25;7.38;7.52;7.32;7.43;498691;3841911.75
2013/01/28;7.41;7.63;7.38;7.63;372469;2922207.50
2013/01/29;7.76;7.83;7.58;7.78;513456;4121341.50
2013/01/30;7.73;7.81;7.63;7.75;495018;3970233.75
2013/01/31;7.73;7.73;7.34;7.41;1009944;7836446.50
2013/02/01;7.44;7.53;7.36;7.53;490490;3812057.25
2013/02/04;7.48;7.52;7.31;7.45;467801;3617878.00
2013/02/05;7.44;7.54;7.36;7.46;359469;2793087.50
2013/02/06;7.45;7.60;7.45;7.56;298662;2345616.50
2013/02/07;7.48;7.63;7.48;7.58;376743;2965225.50
2013/02/08;7.51;7.82;7.51;7.78;390857;3129653.25
2013/02/18;7.79;7.82;7.68;7.74;568040;4582735.00
2013/02/19;7.79;7.91;7.63;7.91;745144;6034816.50
2013/02/20;7.88;8.11;7.79;8.06;1131856;9391154.00
2013/02/21;8.01;8.08;7.71;7.83;865250;7100929.00
2013/02/22;7.93;7.93;7.72;7.76;702647;5716194.00
2013/02/25;7.76;8.35;7.69;8.33;1544365;12872668.00
2013/02/26;8.18;8.57;8.09;8.12;2511131;21717930.00
2013/02/27;8.16;8.36;7.69;7.85;1780537;14598280.00
2013/02/28;7.71;7.93;7.71;7.92;1231429;10061090.00
2013/03/01;8.38;8.74;8.18;8.74;1886010;16870484.00
2013/03/04;8.68;9.32;8.63;8.82;6442495;59817460.00
2013/03/05;8.69;9.07;8.48;8.98;2927851;26621356.00
2013/03/06;8.88;9.07;8.74;8.93;2278110;21064942.00
2013/03/07;8.87;8.92;8.45;8.55;2020896;18189664.00
2013/03/08;8.43;8.58;8.29;8.32;886077;7752165.00
2013/03/11;8.33;8.76;8.22;8.64;1327361;11740687.00
2013/03/12;8.65;8.71;7.99;8.21;1232197;10656893.00
2013/03/13;7.99;8.21;7.99;8.14;575624;4838322.00
2013/03/14;8.14;8.18;7.93;7.98;853600;7148755.50
2013/03/15;7.98;8.16;7.86;7.97;790623;6594964.50
2013/03/18;7.85;8.01;7.72;7.75;692890;5667057.50
2013/03/19;7.75;7.85;7.59;7.83;463534;3731250.25
2013/03/20;7.93;8.03;7.80;8.02;783112;6483873.50
2013/03/21;8.06;8.18;8.02;8.17;787534;6632902.50
2013/03/22;8.11;8.37;8.08;8.08;522726;4432503.50
2013/03/25;8.06;8.16;8.00;8.03;353060;2958319.25
2013/03/26;8.10;8.10;7.73;7.78;648246;5260974.50
2013/03/27;7.80;7.90;7.70;7.79;485730;3944335.00
2013/03/28;7.76;7.76;7.48;7.49;724036;5725575.50
2013/03/29;7.49;7.63;7.49;7.56;240022;1885164.50
2013/04/01;7.56;7.64;7.56;7.58;267892;2121478.25
2013/04/02;7.59;7.71;7.46;7.47;317180;2511861.00
2013/04/03;7.50;7.50;7.23;7.29;340856;2610787.75
2013/04/08;7.34;7.38;7.06;7.35;485674;3653523.25
2013/04/09;7.24;7.39;7.24;7.37;319004;2446075.00
2013/04/10;7.42;7.47;7.19;7.28;163659;1243173.38
2013/04/11;7.22;7.36;7.22;7.26;147505;1122147.38
2013/04/12;7.22;7.30;7.20;7.27;151253;1144679.25
2013/04/15;7.29;7.29;7.03;7.08;178406;1319781.13
2013/04/16;7.00;7.13;6.94;7.11;244106;1791257.38
2013/04/17;7.12;7.16;7.00;7.12;179147;1326638.50
2013/04/18;7.11;7.14;7.01;7.10;130397;967687.94
2013/04/19;7.10;7.33;7.10;7.32;403674;3051051.50
2013/04/22;7.29;7.57;7.29;7.42;568893;4414020.00
2013/04/23;7.38;7.40;7.22;7.24;312315;2375154.25
2013/04/24;7.27;7.42;7.23;7.39;306498;2348288.00
2013/04/25;7.33;7.53;7.33;7.34;338989;2624304.50
2013/04/26;7.23;7.30;7.04;7.05;344416;2578402.00
2013/05/02;6.99;7.17;6.96;7.11;145918;1080773.63
2013/05/03;7.18;7.33;7.16;7.25;238256;1802219.00
2013/05/06;7.25;7.44;7.22;7.39;349434;2688868.25
2013/05/07;7.39;7.40;7.28;7.33;313249;2391212.00
2013/05/08;7.39;7.61;7.33;7.56;860422;6711929.50
2013/05/09;7.55;7.62;7.40;7.58;622678;4886761.50
2013/05/10;7.62;8.37;7.62;8.37;2086576;17857718.00
2013/05/13;8.56;8.75;8.31;8.54;3835509;33865512.00
2013/05/14;8.31;8.60;8.12;8.23;1887107;16330628.00
2013/05/15;8.23;8.43;8.11;8.40;1480951;12697462.00
2013/05/16;8.28;8.54;8.19;8.22;1586704;13753944.00
2013/05/17;8.16;8.36;8.13;8.25;1051469;9013283.00
2013/05/20;8.23;8.64;8.22;8.48;1194573;10485841.00
2013/05/21;8.47;9.01;8.40;8.86;2243552;20477350.00
2013/05/22;8.86;9.01;8.38;8.44;1601441;14365978.00
2013/05/23;8.38;8.63;8.30;8.31;1200213;10527593.00
2013/05/24;8.25;8.50;8.25;8.49;605760;5283860.00
2013/05/27;8.48;8.70;8.40;8.68;1355317;12107990.00
2013/05/28;8.64;8.73;8.38;8.39;1119243;9859206.00
2013/05/29;8.37;8.53;8.28;8.52;740120;6477256.50
2013/05/30;8.47;8.86;8.44;8.77;1265354;11365620.00
2013/05/31;8.84;9.12;8.73;9.02;2155035;19877964.00
2013/06/03;8.98;9.22;8.77;8.81;1661176;15396315.00
2013/06/04;8.74;8.74;8.30;8.36;1567421;13661854.00
2013/06/05;8.39;8.47;8.13;8.24;859131;7338524.50
2013/06/06;8.28;8.28;8.10;8.18;615326;5178469.50
2013/06/07;8.16;8.28;8.04;8.08;617379;5185194.00
2013/06/13;7.97;7.97;7.64;7.81;644203;5140977.00
2013/06/14;7.73;8.06;7.73;8.05;484533;3976494.50
2013/06/17;8.08;8.13;7.97;8.09;522965;4337626.50
2013/06/18;8.09;8.09;7.84;7.97;458654;3769350.75
2013/06/19;7.94;7.96;7.73;7.95;356036;2874233.75
2013/06/20;7.93;8.01;7.81;7.90;338241;2767986.50
2013/06/21;7.78;7.82;7.46;7.62;556347;4376582.50
2013/06/24;7.63;7.70;7.32;7.34;635095;4897388.00
2013/06/25;7.25;7.41;6.82;7.22;652476;4807460.50
2013/06/26;7.20;7.50;7.04;7.50;488675;3697036.50
2013/06/27;7.50;7.69;7.04;7.19;841996;6478768.00
2013/06/28;7.19;7.26;6.92;6.97;518269;3798769.00
2013/07/01;6.98;7.24;6.98;7.23;229158;1694275.38
2013/07/02;7.24;7.52;7.17;7.52;924490;7003191.50
2013/07/03;7.37;7.43;7.10;7.34;560892;4224584.00
2013/07/04;7.26;7.43;7.14;7.30;605464;4585529.00
2013/07/05;7.33;7.36;7.14;7.16;589251;4431528.00
2013/07/08;7.08;7.12;6.82;6.85;544231;3911898.75
2013/07/09;6.74;7.04;6.74;6.96;257578;1857451.75
2013/07/10;6.94;7.09;6.90;7.09;736261;5344174.50
2013/07/11;7.04;7.32;7.04;7.25;667266;4990533.50
2013/07/12;7.24;7.40;7.20;7.25;773105;5840833.00
2013/07/15;7.20;7.47;7.20;7.42;854746;6527868.50
2013/07/16;7.39;7.59;7.39;7.50;732272;5676132.50
2013/07/17;7.50;7.81;7.50;7.70;1387675;10998028.00
2013/07/18;7.54;8.17;7.54;7.97;2386279;19722676.00
2013/07/19;7.95;8.18;7.65;7.68;1536602;12628739.00
2013/07/22;7.62;8.08;7.39;8.07;1247634;10106563.00
2013/07/23;7.98;8.42;7.89;8.37;1980038;16632165.00
2013/07/24;8.36;8.82;8.26;8.65;3438719;30435272.00
2013/07/25;8.69;8.85;8.40;8.54;1945151;17182890.00
2013/07/26;8.55;8.81;8.48;8.76;2431552;21768906.00
2013/07/29;8.84;9.02;8.44;8.51;1327723;11936954.00
2013/07/30;8.58;8.72;8.24;8.62;1274159;11122269.00
2013/07/31;8.62;8.69;8.46;8.54;986368;8726367.00
2013/08/01;8.50;8.89;8.50;8.87;1531997;13804241.00
2013/08/02;9.04;9.19;8.68;8.84;1384632;12660499.00
2013/08/05;8.84;9.12;8.80;9.12;1659256;15275621.00
2013/08/06;9.12;10.06;9.06;9.92;6559848;65612096.00
2013/08/07;9.74;9.89;9.39;9.46;2857330;28133340.00
2013/08/08;9.37;10.22;9.36;9.81;4077034;40850656.00
2013/08/09;9.77;9.86;9.34;9.52;1729175;17046202.00
2013/08/12;9.51;9.69;9.18;9.50;1358384;13095729.00
2013/08/13;9.54;9.54;9.29;9.49;710860;6887451.00
2013/08/14;9.51;9.63;9.30;9.63;1036972;10108184.00
2013/08/15;9.62;9.86;9.39;9.44;1221771;12025595.00
2013/08/16;9.54;9.54;8.79;8.82;1351725;12714210.00
2013/08/19;8.83;9.06;8.82;9.04;818777;7526329.00
2013/08/20;8.94;9.09;8.84;8.93;609049;5625700.50
2013/08/21;9.04;9.25;8.89;9.25;636898;5965040.00
2013/08/22;9.14;9.38;9.14;9.24;945244;9026260.00
2013/08/23;9.24;9.37;9.00;9.23;1099049;10343230.00
2013/08/26;9.54;9.88;9.23;9.54;1663723;16456353.00
2013/08/27;9.55;9.91;9.55;9.74;1304020;13035328.00
2013/08/28;9.71;9.72;9.34;9.34;1311190;12787260.00
2013/08/29;9.34;9.44;9.12;9.20;683006;6476404.00
2013/08/30;9.19;9.27;8.75;8.87;997987;9216088.00
2013/09/02;8.80;9.08;8.80;9.08;366619;3391844.75
2013/09/03;9.02;9.18;9.01;9.12;332560;3120388.50
2013/09/04;9.11;9.57;9.06;9.41;972010;9368911.00
2013/09/05;9.52;9.52;9.34;9.42;491444;4755772.00
2013/09/06;9.42;9.69;9.31;9.54;897001;8727114.00
2013/09/09;9.62;9.84;9.22;9.30;1873862;18188670.00
2013/09/10;9.29;9.29;8.76;9.03;3794997;34896332.00
2013/09/11;8.92;9.02;8.85;8.94;1230860;11287233.00
2013/09/12;8.92;9.05;8.83;8.87;644880;5930933.50
2013/09/13;8.93;9.03;8.90;9.02;711220;6560554.50
2013/09/16;9.02;9.12;8.94;9.12;861712;7991125.50
2013/09/17;9.09;9.24;8.79;8.86;1051534;9831625.00
2013/09/18;8.89;9.01;8.82;9.00;729113;6664666.50
2013/09/23;9.02;9.17;8.88;9.13;1187613;11048055.00
2013/09/24;9.19;9.23;8.89;8.93;1015718;9375367.00
2013/09/25;8.90;9.48;8.79;9.37;2332799;21972616.00
2013/09/26;9.27;9.29;8.96;9.00;1076991;10114355.00
2013/09/27;8.97;9.18;8.97;9.04;742789;6930837.00
2013/09/30;8.95;9.29;8.95;9.25;881951;8338717.50
2013/10/08;9.25;9.48;9.24;9.45;1038877;10052746.00
2013/10/09;9.43;9.61;9.30;9.45;936172;9097546.00
2013/10/10;9.50;9.77;9.39;9.57;1453318;14337623.00
2013/10/11;9.57;10.33;9.57;10.01;2850860;29294488.00
2013/10/14;10.74;10.74;9.93;10.24;4432974;46358444.00
2013/10/15;10.12;10.14;9.72;9.81;2409001;24459150.00
2013/10/16;9.81;9.81;9.25;9.34;2290715;22121974.00
2013/10/17;9.35;9.57;9.24;9.41;1134035;10960501.00
2013/10/18;9.41;9.55;9.26;9.48;755393;7332766.00
2013/10/21;9.62;10.01;9.54;9.91;1887703;18976048.00
2013/10/22;9.95;10.14;9.65;9.71;1409135;14242479.00
2013/10/23;9.72;9.77;9.42;9.48;1106900;10896401.00
2013/10/24;9.48;9.51;9.25;9.40;852952;8217800.50
2013/10/25;9.44;9.51;8.74;8.85;1205646;11276086.00
2013/10/28;8.83;8.91;8.61;8.75;919556;8279693.50
2013/10/29;8.74;8.88;8.15;8.40;1060242;9277058.00
2013/10/30;8.43;8.68;8.37;8.65;475194;4172478.75
2013/10/31;8.63;8.77;8.48;8.75;500478;4443878.00
2013/11/01;8.72;8.72;8.55;8.58;366724;3267787.25
2013/11/04;8.78;8.78;8.58;8.71;283448;2521955.75
2013/11/05;8.70;8.90;8.55;8.88;399858;3602344.00
2013/11/06;8.80;9.14;8.79;8.86;859203;7967596.00
2013/11/07;8.81;8.91;8.62;8.66;324441;2931352.00
2013/11/08;8.54;8.67;8.28;8.41;532368;4647290.50
2013/11/11;8.44;8.83;8.33;8.82;811697;7238473.00
2013/11/12;8.74;8.97;8.74;8.94;611374;5585786.00
2013/11/13;8.92;9.02;8.76;8.84;424750;3899724.50
2013/11/14;8.93;9.33;8.77;9.26;1142581;10705607.00
2013/11/15;9.30;9.54;9.19;9.42;1067645;10291510.00
2013/11/18;9.51;9.60;9.25;9.55;1212401;11828923.00
2013/11/19;9.59;9.69;9.46;9.55;878877;8648462.00
2013/11/20;9.49;9.62;9.46;9.52;683518;6685710.50
2013/11/21;9.55;9.55;9.28;9.34;633779;6123662.00
2013/11/22;9.34;9.43;9.32;9.38;612627;5902044.00
2013/11/25;9.35;9.61;9.32;9.47;677357;6599445.50
2013/11/26;9.47;9.69;9.45;9.61;793379;7799182.00
2013/11/27;9.61;9.94;9.61;9.82;1231918;12409418.00
2013/11/28;9.81;10.02;9.66;9.93;1632101;16586018.00
2013/11/29;9.94;10.32;9.85;10.32;2101646;21921960.00
2013/12/02;9.74;10.05;9.37;9.55;3681300;36898220.00
2013/12/03;9.52;9.69;9.04;9.64;2298297;22209540.00
2013/12/04;9.59;9.90;9.50;9.89;1571394;15814501.00
2013/12/05;10.04;10.20;9.72;10.09;2801793;28498496.00
2013/12/06;10.14;10.24;9.83;10.02;1019981;10450962.00
2013/12/09;9.95;10.20;9.84;10.17;1245432;12828538.00
2013/12/10;10.02;10.13;9.76;9.84;958670;9783025.00
2013/12/11;9.74;9.88;9.44;9.44;1108127;11009595.00
2013/12/12;9.53;10.41;9.44;10.41;8614636;90752120.00
2013/12/13;10.24;10.91;10.11;10.87;10359298;111321048.00
2013/12/16;10.64;10.82;10.28;10.39;5260334;56971080.00
2013/12/17;10.42;11.42;10.39;11.03;7926745;89405408.00
2013/12/18;10.84;10.93;10.52;10.75;4819903;52635028.00
2013/12/19;10.62;10.69;10.25;10.28;3586091;38244388.00
2013/12/20;10.04;10.23;9.77;9.88;2782487;28469290.00
2013/12/23;9.89;9.94;9.44;9.74;1763326;17559916.00
2013/12/24;9.74;10.04;9.65;9.83;2072661;20977822.00
2013/12/25;9.84;10.29;9.76;10.28;2421024;25084906.00
2013/12/26;10.17;10.42;9.95;9.99;2207517;22950822.00
2013/12/27;9.92;10.70;9.90;10.54;3584562;38229156.00
2013/12/30;10.59;10.87;10.46;10.81;3714547;40706036.00
2013/12/31;10.64;10.73;10.40;10.50;2245417;24309038.00
2014/01/02;10.54;10.81;10.34;10.80;2319791;25340306.00
2014/01/03;10.80;11.02;10.60;10.98;3524596;39117040.00
2014/01/06;10.98;10.98;10.34;10.36;2513293;27377756.00
2014/01/07;10.29;10.76;10.17;10.73;2216480;23850130.00
2014/01/08;10.79;11.24;10.74;11.04;3685872;41621628.00
2014/01/09;10.94;11.32;10.49;10.50;2629435;29483372.00
2014/01/10;10.55;11.21;10.30;11.21;3287376;36312600.00
2014/01/13;11.26;12.09;11.19;11.72;5609400;66706720.00
2014/01/14;11.56;11.93;11.26;11.93;3423860;40797784.00
2014/01/15;11.67;12.43;11.53;12.17;4859606;59217832.00
2014/01/16;12.04;12.45;11.89;12.23;4192423;52260688.00
2014/01/17;12.15;12.31;11.59;11.65;3386834;40931980.00
2014/01/20;11.69;11.86;11.24;11.71;2086031;24776828.00
2014/01/21;11.65;11.98;11.49;11.91;2255343;27264732.00
2014/01/22;11.91;12.07;11.54;11.74;3411175;40886732.00
2014/01/23;11.69;12.15;11.50;12.15;3341642;40554388.00
2014/01/24;12.03;12.27;11.95;12.00;2817156;34806164.00
2014/01/27;11.85;12.03;11.55;11.64;2117597;25482856.00
2014/01/28;11.62;11.83;11.55;11.71;1767887;21115410.00
2014/01/29;11.67;12.24;11.64;11.93;1845170;22675388.00
2014/01/30;12.04;12.72;11.86;12.54;2924063;36597068.00
2014/02/07;12.44;13.03;12.36;12.94;3073909;39919184.00
2014/02/10;12.96;13.58;12.79;13.40;3571888;48237536.00
2014/02/11;13.38;13.42;12.84;13.08;3207915;42983904.00
2014/02/12;13.12;13.67;12.97;13.36;2727127;37292028.00
2014/02/13;13.36;13.36;12.63;12.74;2390305;31599942.00
2014/02/14;12.74;14.04;12.54;14.04;4773435;66173864.00
2014/02/17;14.02;15.12;13.87;14.34;4602362;68056504.00
2014/02/18;14.28;14.74;14.12;14.32;3296600;48484764.00
2014/02/19;14.32;14.79;13.86;14.72;3490554;51055300.00
2014/02/20;15.04;15.23;14.04;14.24;3258007;48154040.00
2014/02/21;13.94;14.48;13.94;14.34;1785525;25816514.00
2014/02/24;14.14;15.20;14.10;15.04;3837651;57994336.00
2014/02/25;15.04;15.44;13.56;13.68;4064492;60370364.00
2014/02/26;13.36;14.25;13.24;14.24;2690301;37937484.00
2014/02/27;14.04;14.67;13.34;13.34;2720955;39067492.00
2014/02/28;13.25;13.36;12.22;13.07;2733493;35906892.00
2014/03/03;12.84;13.34;12.83;13.32;1422438;19097664.00
2014/03/04;13.45;13.45;12.97;13.09;1138385;15312017.00
2014/03/05;13.26;13.70;13.15;13.64;1443393;19835710.00
2014/03/06;13.71;13.71;12.74;13.40;889210;12138219.00
2014/03/07;13.44;13.59;13.05;13.33;949884;12861960.00
2014/03/10;13.22;14.69;13.15;14.16;4294493;62431780.00
2014/03/11;13.91;14.21;13.11;13.54;2398223;33286180.00
2014/03/12;13.53;13.53;12.74;13.04;1569175;20837290.00
2014/03/13;12.94;13.33;12.89;13.08;907516;12085808.00
2014/03/14;13.08;13.26;12.82;12.92;834852;11089371.00
2014/03/17;12.96;13.66;12.74;13.50;1167729;15753223.00
2014/03/18;13.60;13.91;13.45;13.74;1286042;17951960.00
2014/03/19;13.77;14.02;13.70;13.90;1336457;18860712.00
2014/03/20;14.04;14.94;13.85;13.99;3765725;55321924.00
2014/03/21;13.86;14.09;13.25;13.89;1995718;27748560.00
2014/03/24;13.90;14.71;13.84;14.14;2036178;29672360.00
2014/03/25;13.94;14.20;13.52;13.66;1385182;19471744.00
2014/03/26;13.67;14.08;13.57;13.76;1107710;15603734.00
2014/03/27;13.62;13.78;12.94;13.06;1818819;24514588.00
2014/03/28;13.04;13.04;11.91;12.02;2013946;25383250.00
2014/03/31;11.84;12.32;11.72;11.89;1068815;13018011.00
2014/04/01;11.84;12.18;11.84;12.13;542295;6684823.50
2014/04/02;12.24;12.30;11.24;11.45;1735903;20478898.00
2014/04/03;11.50;11.72;11.36;11.57;980811;11582114.00
2014/04/04;11.54;12.25;11.44;12.23;1116231;13499197.00
2014/04/08;12.02;12.33;11.95;12.24;1043929;12977457.00
2014/04/09;12.27;12.53;12.27;12.44;654951;8286636.50
2014/04/10;12.44;12.61;12.33;12.36;833868;10599333.00
2014/04/11;12.36;12.44;11.94;12.03;948292;11693761.00
2014/04/14;12.22;12.45;11.98;12.37;929456;11681634.00
2014/04/15;12.33;12.57;12.22;12.40;404578;5129860.00
2014/04/16;12.29;12.60;12.29;12.47;700156;8925379.00
2014/04/17;12.43;12.57;12.41;12.44;390415;4967979.50
2014/04/18;12.44;12.61;12.31;12.47;371213;4723160.50
2014/04/21;12.47;12.77;12.17;12.17;894615;11438644.00
2014/04/22;12.10;12.25;11.82;11.95;588661;7233565.00
2014/04/23;11.94;12.14;11.70;11.86;436909;5314291.50
2014/04/24;11.74;11.94;11.72;11.84;378625;4577574.00
2014/04/25;11.84;11.84;11.11;11.24;1110109;12978863.00
2014/04/28;11.20;11.20;10.56;10.66;855145;9453286.00
2014/04/29;10.69;10.94;10.63;10.78;469649;5167801.50
2014/04/30;10.70;11.18;10.70;11.07;620041;7001254.00
2014/05/05;11.07;11.40;11.07;11.38;476339;5501362.50
2014/05/06;11.38;11.71;11.17;11.43;658415;7757914.00
2014/05/07;11.37;11.50;11.24;11.25;428376;4981608.00
2014/05/08;11.04;11.49;11.04;11.28;420715;4891811.00
2014/05/09;11.10;11.62;11.10;11.34;477109;5511317.50
2014/05/12;11.42;11.61;11.35;11.59;409591;4827967.00
2014/05/13;11.56;11.75;11.54;11.63;342463;4075501.00
2014/05/14;11.54;11.67;11.44;11.54;613076;7226079.00
2014/05/15;11.49;11.54;11.12;11.24;471373;5469080.00
2014/05/16;11.16;11.24;10.99;11.17;371405;4212680.50
2014/05/19;11.12;11.63;11.12;11.63;845273;9966115.00
2014/05/20;11.74;11.99;11.64;11.72;879824;10616469.00
2014/05/21;11.64;12.03;11.43;12.00;680513;8223387.00
2014/05/22;11.91;12.23;11.91;12.08;1092500;13471778.00
2014/05/23;11.90;12.29;11.90;12.26;662882;8228047.50
2014/05/26;12.41;12.66;12.40;12.58;727248;9319155.00
2014/05/27;12.40;13.48;12.40;13.05;1418745;18844778.00
2014/05/28;12.84;13.14;12.72;13.12;1201980;15892078.00
2014/05/29;13.00;13.13;12.75;12.89;769383;10121706.00
2014/05/30;12.75;13.21;12.75;13.18;1036030;13766504.00
2014/06/03;13.18;13.28;13.00;13.19;627372;8417520.00
2014/06/04;13.15;13.18;12.85;13.00;694356;9204529.00
2014/06/05;12.99;13.52;12.99;13.42;890587;12139431.00
2014/06/06;13.54;13.57;13.10;13.44;645012;8788804.00
2014/06/09;13.44;13.54;13.15;13.21;550589;7436786.00
2014/06/10;13.23;13.37;12.99;13.27;821391;11018855.00
2014/06/11;13.21;14.48;13.19;13.75;1713333;24004050.00
2014/06/12;13.61;14.10;13.61;13.88;1343222;18923350.00
2014/06/13;13.88;14.25;13.71;14.22;1337836;18998018.00
2014/11/17;15.66;15.66;15.66;15.66;37603;596383.56
2014/11/18;17.25;17.25;17.25;17.25;13461;234894.45
2014/11/19;19.00;19.00;19.00;19.00;394209;7568813.00
2014/11/20;20.92;20.92;20.92;20.92;159346;3365387.50
2014/11/21;23.03;23.03;23.03;23.03;214141;4974495.50
2014/11/24;25.35;25.35;25.35;25.35;131283;3354280.75
2014/11/25;27.91;27.91;26.10;27.91;16085039;443810848.00
2014/11/26;27.19;27.63;26.55;27.51;9233830;251987792.00
2014/11/27;27.40;29.30;27.20;27.52;8752595;248447920.00
2014/11/28;27.25;29.20;27.10;28.05;6456520;183654816.00
2014/12/01;28.38;28.80;26.60;26.85;4574734;126080704.00
2014/12/02;26.58;29.56;26.31;29.01;7625625;218692544.00
2014/12/03;29.00;31.80;28.27;31.62;8585294;259824704.00
2014/12/04;32.48;34.80;32.10;34.80;8643481;297662816.00
2014/12/05;34.81;36.98;32.24;35.26;9669624;340262496.00
2014/12/08;33.91;34.80;31.71;31.71;7646907;253771152.00
2014/12/09;30.00;30.79;28.52;28.52;7740609;228297168.00
2014/12/10;27.67;29.62;27.32;28.12;5443913;156074240.00
2014/12/11;28.31;29.54;28.11;29.00;3969373;114972552.00
2014/12/12;28.70;31.48;28.30;30.94;4909885;148362160.00
2014/12/15;30.22;33.23;30.20;32.50;4728766;153840368.00
2014/12/16;32.79;33.79;31.70;32.64;4713543;155654896.00
2014/12/17;31.95;32.57;29.88;30.81;3645405;116222216.00
2014/12/18;30.30;33.68;30.10;31.99;3527936;115290504.00
2014/12/19;32.07;32.55;29.82;30.41;2866867;88709064.00
2014/12/22;29.79;29.79;27.35;27.35;3269789;90810296.00
2014/12/23;26.55;28.29;24.68;24.80;4055649;106463448.00
2014/12/24;25.30;26.00;24.86;25.76;2831367;72473656.00
2014/12/25;25.96;26.48;25.10;25.80;2335830;60686572.00
2014/12/26;25.66;26.30;25.26;26.29;2004896;52280256.00
2014/12/29;25.85;25.85;23.64;23.72;3874835;94346944.00
2014/12/30;23.75;24.38;22.60;24.18;3008740;71168416.00
2014/12/31;23.69;24.72;23.50;24.25;2344249;56982152.00
2015/01/05;24.19;24.46;22.10;23.39;2808078;65896308.00
2015/01/06;23.03;25.10;22.85;24.74;2697136;65867076.00
2015/01/07;24.74;25.02;23.90;24.13;1956412;48034348.00
2015/01/08;23.84;26.20;23.84;26.20;4808710;122498464.00
2015/01/09;25.88;26.92;25.11;25.52;3273497;85574072.00
2015/01/12;24.79;25.99;24.01;24.31;2385851;60114796.00
2015/01/13;24.29;26.40;23.63;25.81;3757452;95837400.00
2015/01/14;25.77;27.90;25.41;27.49;5044221;136523888.00
2015/01/15;27.28;27.98;26.59;26.95;2381226;65329060.00
2015/01/16;26.62;28.78;26.62;28.45;3675367;103138416.00
2015/01/19;28.75;31.32;28.03;29.51;6466466;196463328.00
2015/01/20;29.58;31.80;29.51;30.96;5411499;167414368.00
2015/01/21;30.93;31.33;30.19;30.30;3821988;117552752.00
2015/01/22;30.30;31.27;30.02;30.58;2692799;83588592.00
2015/01/23;30.59;30.59;28.50;28.66;3094226;91534504.00
2015/01/26;28.57;29.39;28.10;28.91;1864675;53975536.00
2015/01/27;28.78;30.97;27.80;30.86;3614972;107259688.00
2015/01/28;30.30;31.10;29.95;30.31;2302302;70450016.00
2015/01/29;29.95;30.95;28.80;29.01;1978899;59742948.00
2015/01/30;29.53;29.53;27.80;27.85;1648410;47222340.00
2015/02/02;27.84;28.90;27.80;28.16;1121533;32160384.00
2015/02/03;28.79;30.42;28.21;29.79;2335717;69611760.00
2015/02/04;29.60;30.30;29.00;29.00;1606170;47708484.00
2015/02/05;29.50;31.10;28.82;30.00;3276829;100106536.00
2015/02/06;29.80;30.79;28.80;28.91;2122362;63043740.00
2015/02/09;28.80;29.02;27.80;27.81;1842169;52123456.00
2015/02/10;27.90;28.38;27.50;28.30;1145874;32142444.00
2015/02/11;28.30;29.65;27.83;29.60;2003568;58099844.00
2015/02/12;29.46;30.75;28.89;30.58;2432538;73002776.00
2015/02/13;30.62;33.66;30.60;33.66;6812767;223025616.00
2015/02/16;33.82;35.80;32.87;35.22;3834086;132164408.00
2015/02/17;35.30;36.19;33.98;34.81;4169571;147267984.00
2015/02/25;34.60;34.61;32.45;32.45;2706019;90927952.00
2015/02/26;32.44;33.23;31.49;32.89;2129299;69385976.00
2015/02/27;32.66;33.35;32.66;32.72;2056573;68159264.00
2015/03/02;32.76;35.08;31.50;34.17;3369629;112696752.00
2015/03/03;33.86;37.61;33.41;37.61;6777124;248797264.00
2015/03/04;39.46;41.39;39.18;41.39;2229476;90434896.00
2015/03/05;45.55;45.55;45.55;45.55;283297;12960838.00
2015/03/06;46.88;49.80;43.40;43.89;12524901;581531392.00
2015/03/09;42.80;48.08;42.80;45.15;8930199;406732800.00
2015/03/10;44.80;47.80;43.30;46.59;8075994;369202496.00
2015/03/11;45.80;46.10;43.05;43.24;5636938;249662416.00
2015/03/12;43.33;43.49;38.90;39.83;6602308;269678912.00
2015/03/13;39.90;40.97;38.90;40.48;3715574;149549504.00
2015/03/16;41.39;43.67;41.38;42.13;5990890;256645280.00
2015/03/17;41.80;43.20;40.42;42.15;5711335;238255760.00
2015/03/18;41.75;42.83;41.23;42.16;4699990;198412128.00
2015/03/19;42.40;43.78;41.97;42.97;4857344;208928608.00
2015/03/20;43.38;45.21;42.15;42.21;5786059;252355120.00
2015/03/23;41.80;43.69;40.89;43.30;5190487;221471168.00
2015/03/24;43.80;46.79;41.31;46.00;7405849;327314464.00
2015/03/25;45.46;47.30;44.35;46.27;6356304;295162112.00
2015/03/26;45.18;50.60;44.60;47.61;7496620;360439904.00
2015/03/27;46.50;49.30;45.96;46.88;4140260;196379104.00
2015/03/30;46.41;46.80;42.17;42.19;5467716;238439008.00
2015/03/31;41.65;44.90;41.61;43.60;3990051;173341168.00
2015/04/01;43.59;45.47;43.00;44.99;3632088;162736560.00
2015/04/02;45.20;46.10;44.28;45.48;2510487;113978760.00
2015/04/03;45.48;47.65;45.37;46.64;2874762;134453024.00
2015/04/07;46.66;47.30;44.46;45.72;2577713;117837792.00
2015/04/08;45.80;46.19;41.68;42.71;5069165;219035056.00
2015/04/09;42.72;42.95;38.42;40.30;4543842;182951168.00
2015/04/10;40.30;42.10;40.06;41.63;4241698;174985760.00
2015/04/13;41.49;42.50;40.69;41.46;4297098;179108544.00
2015/04/14;41.10;45.63;41.10;45.63;8329673;370804320.00
2015/04/15;45.79;49.60;44.24;46.42;8180432;382234880.00
2015/04/16;43.82;51.08;43.70;51.08;7916693;394670880.00
2015/04/17;51.80;52.80;46.21;46.70;8278840;404901472.00
2015/04/20;44.80;46.18;42.40;42.83;4489370;200900192.00
2015/04/21;42.84;45.50;42.60;45.25;3190226;143042272.00
2015/04/22;45.80;48.66;45.80;46.56;4512593;215643712.00
2015/04/23;46.80;51.24;45.80;51.24;4782625;236751152.00
2015/04/24;52.60;56.38;51.90;56.38;6826128;379174304.00
2015/04/27;58.80;62.04;54.76;62.04;5624659;332092096.00
2015/04/28;63.80;66.46;57.81;62.04;5576747;348098560.00
2015/04/29;60.10;64.40;58.30;61.80;3314003;205977504.00
2015/04/30;60.80;67.80;60.56;63.76;4101935;264250400.00
2015/05/04;62.81;63.05;58.29;59.39;3777364;227783296.00
2015/05/05;58.68;59.60;54.31;59.03;4646735;264530080.00
2015/05/06;58.80;63.43;57.89;59.50;4000488;245141072.00
2015/05/07;58.91;64.80;58.91;63.99;4036350;253298656.00
2015/05/08;63.22;70.41;63.18;70.41;3668408;249714048.00
2015/05/11;71.78;77.47;69.80;77.47;3448310;260225520.00
2015/05/12;78.45;85.24;78.40;84.80;5782661;480332224.00
2015/05/13;82.80;89.48;77.22;83.30;3872285;323512224.00
2015/05/14;80.84;83.80;77.78;77.80;2328838;185989520.00
2015/05/15;75.86;82.00;71.68;77.69;2275070;174145824.00
2015/05/18;79.19;85.48;78.80;84.10;2098398;172685184.00
2015/05/19;85.27;85.68;78.85;82.00;2495149;204036032.00
2015/05/20;80.60;85.48;80.58;83.79;1996246;167462592.00
2015/05/21;84.28;92.19;83.80;92.19;1782418;161695696.00
2015/05/22;97.80;101.39;87.80;88.36;3455620;324748832.00
2015/05/25;83.80;85.80;79.50;81.68;2938374;243836976.00
2015/05/26;82.08;87.89;82.08;84.90;1956335;167043712.00
2015/05/27;85.10;93.40;85.10;93.40;3232978;297029792.00
2015/05/28;93.33;97.78;84.05;91.97;5663199;508222752.00
2015/05/29;88.71;100.40;85.12;100.15;4136443;396986816.00
2015/06/01;99.79;108.58;98.41;103.65;2654274;278172192.00
2015/06/02;103.38;112.90;101.18;112.90;2325602;252522496.00
2015/06/03;110.01;119.90;107.28;116.09;1834425;207027088.00
2015/06/04;115.27;117.78;104.47;112.85;2084796;231059920.00
2015/06/05;114.90;116.90;104.90;114.90;2006354;222203584.00
2015/06/08;112.45;115.88;105.41;107.90;1767808;194696256.00
2015/06/09;104.70;107.90;97.10;97.10;2788368;278976576.00
2015/06/10;92.90;101.35;90.56;97.25;2713280;258331424.00
2015/06/11;97.25;97.90;91.92;96.90;3259863;308356864.00
2015/06/12;96.00;101.90;95.99;99.20;2757817;271705184.00
2015/06/15;100.88;100.89;90.40;90.55;2288096;214543808.00
2015/06/16;88.91;88.91;81.49;81.49;3907283;323100608.00
2015/06/17;81.90;88.88;78.90;87.50;2970696;247275360.00
2015/06/26;78.74;78.74;78.74;78.74;229400;18085896.00
2015/06/29;70.86;70.86;70.86;70.86;557800;39581488.00
2015/06/30;63.76;74.70;63.76;70.88;5892594;393112928.00
2015/07/01;68.87;72.67;63.78;63.78;4111894;281454976.00
2015/07/02;58.20;62.90;57.39;57.39;2440882;143139408.00
2015/07/03;51.64;57.68;51.64;51.64;2391210;127344352.00
2015/07/06;56.50;56.50;46.47;46.47;3598140;179128112.00
2015/07/07;41.81;42.78;41.81;41.81;5531500;231847904.00
2015/08/31;46.00;46.00;42.22;46.00;18078198;825968640.00
2015/09/01;43.70;43.86;41.39;41.39;3265172;138456064.00
2015/09/02;37.24;41.89;37.24;37.24;10778105;412444192.00
2015/09/07;35.90;38.80;33.51;33.75;12093495;440569728.00
2015/09/08;33.49;37.14;31.91;37.14;9605682;327919968.00
2015/09/09;37.20;40.86;37.15;39.89;13507567;530333888.00
2015/09/10;38.61;41.40;37.98;39.86;8288478;328515168.00
2015/09/11;39.91;40.75;38.96;39.89;5186631;207123296.00
2015/09/14;40.78;40.79;35.89;35.89;5008919;188070080.00
2015/09/15;33.08;34.70;32.29;32.29;3048049;100483496.00
2015/09/16;31.90;35.53;30.97;35.53;6273829;206391648.00
2015/09/17;34.89;38.01;34.40;34.90;7101273;258564384.00
2015/09/18;34.90;36.12;34.18;35.55;2961994;104519520.00
2015/09/21;34.92;39.12;34.90;39.12;2482270;93920360.00
2015/09/22;43.04;43.04;43.04;43.04;622500;26854650.00
2015/09/23;47.35;47.35;47.35;47.35;2888266;137048224.00
2015/09/24;48.95;52.09;47.35;48.41;17088966;843779072.00
2015/09/25;47.90;51.80;46.24;47.15;12668065;621754880.00
2015/09/28;48.12;50.56;42.95;49.00;13235108;628676480.00
2015/09/29;47.40;51.87;47.40;48.82;10866286;540370368.00
2015/09/30;49.00;49.90;44.34;46.30;7727893;358614240.00
2015/10/08;49.01;50.70;47.61;48.62;8918283;437862112.00
2015/10/09;48.13;52.90;48.11;51.66;8578627;433663648.00
2015/10/12;51.30;56.84;50.60;55.50;9330576;509383360.00
2015/10/13;54.89;57.47;53.90;56.90;7044543;394255296.00
2015/10/14;56.89;56.89;53.50;54.73;4556006;252097984.00
2015/10/15;54.00;60.21;53.86;57.96;7271099;414532128.00
2015/10/16;57.96;58.55;55.42;56.51;5163813;292625888.00
2015/10/19;55.90;55.90;53.90;54.68;5222227;286357568.00
2015/10/20;54.60;56.60;54.50;56.52;5042142;282283424.00
2015/10/21;56.40;60.10;50.91;51.59;7799347;445296512.00
2015/10/22;51.39;55.89;50.90;55.20;5553016;298838240.00
2015/10/23;58.40;60.73;57.93;60.73;7470412;453513824.00
2015/10/26;61.90;62.08;54.84;55.90;7576367;437657472.00
2015/10/27;54.91;58.60;51.71;55.90;6190477;336093792.00
2015/10/28;55.89;56.66;52.78;52.99;3193912;175375680.00
2015/10/29;52.93;55.40;52.40;54.10;2750763;148950944.00
2015/10/30;53.90;54.87;51.62;52.42;3143935;166852960.00
2015/11/02;49.90;52.00;48.60;49.25;4771321;240515536.00
2015/11/03;49.40;50.24;46.75;47.90;4525286;217611216.00
2015/11/04;48.00;52.56;48.00;52.30;4852361;246927984.00
2015/11/05;51.91;53.68;50.45;51.10;3906469;202874832.00
2015/11/06;51.20;54.20;51.20;53.18;4471733;237798480.00
2015/11/09;53.26;58.51;53.26;58.51;6963086;403373152.00
2015/11/10;59.90;64.30;58.90;62.85;10405991;643723008.00
2015/11/11;61.40;69.15;61.11;69.15;7458288;495368704.00
2015/11/12;72.45;72.90;67.15;68.96;6884232;484412000.00
2015/11/13;66.72;67.80;62.43;64.20;5809592;379102112.00
2015/11/16;63.85;70.63;62.60;69.02;5429912;369919840.00
2015/11/17;68.90;72.40;65.70;65.85;4687940;320730912.00
2015/11/18;65.00;67.00;63.16;63.20;3112609;202564224.00
2015/11/19;62.90;67.17;62.90;66.70;2460686;159962448.00
2015/11/20;66.70;70.30;66.70;68.30;4122971;283936064.00
2015/11/23;68.75;73.58;67.47;68.45;4516498;318551584.00
2015/11/24;68.55;70.88;66.48;70.84;3304533;226699552.00
2015/11/25;71.60;77.93;71.46;77.93;4397577;329659744.00
2015/11/26;79.70;85.60;78.90;82.80;5646717;462386400.00
2015/11/27;80.06;82.90;74.78;76.42;3496801;275730336.00
2015/11/30;75.90;83.30;75.40;82.90;3671169;290987040.00
2015/12/01;83.92;85.77;74.60;74.60;3494755;279693088.00
2015/12/02;73.90;73.90;67.13;72.90;3832852;268008352.00
2015/12/03;72.90;76.65;71.21;75.40;2348521;175171952.00
2015/12/04;75.08;79.80;73.90;76.28;2644218;204323184.00
2015/12/07;76.28;77.26;73.70;75.59;2075024;156913968.00
2015/12/08;75.37;75.37;72.22;73.00;1441751;106361536.00
2015/12/09;71.71;72.78;68.14;69.20;2557986;179126736.00
2015/12/10;68.52;74.40;68.52;71.51;2614249;187465360.00
2015/12/11;71.90;71.90;69.20;69.30;1504945;106080264.00
2015/12/14;69.20;70.59;65.42;70.26;2462137;167054736.00
2015/12/15;71.89;75.40;69.71;73.50;2374275;173382272.00
2015/12/16;73.20;74.45;72.00;72.80;1659917;122020376.00
2015/12/17;73.10;79.30;73.10;77.81;3042575;234188464.00
2015/12/18;77.90;83.78;76.75;78.15;3046864;242880416.00
2015/12/21;80.92;85.98;80.92;84.65;4750854;402639040.00
2015/12/22;82.90;89.90;80.70;84.74;4075957;345846432.00
2015/12/23;83.70;89.23;80.58;82.38;3166629;270459424.00
2015/12/24;80.90;90.63;79.90;90.63;4420596;378181632.00
2015/12/25;91.89;97.70;87.70;96.92;4671893;438056480.00
2015/12/28;97.01;101.68;92.90;96.90;3884993;377457312.00
2015/12/29;95.78;100.45;93.00;98.89;2987549;291125952.00
2015/12/30;97.48;102.29;96.10;101.40;2609290;259421040.00
2015/12/31;100.40;105.51;97.90;103.95;3983515;411358080.00
2016/01/04;103.95;104.91;93.55;93.55;1452457;137590432.00
2016/01/05;84.19;90.89;84.19;84.19;2331192;198247424.00
2016/01/06;84.19;87.10;76.86;82.10;4493039;363053088.00
2016/01/07;79.01;79.87;73.88;73.88;690900;52524100.00
2016/01/08;72.40;76.89;66.48;70.92;3657404;260278592.00
2016/01/11;68.90;69.49;63.82;63.82;2714521;178360768.00
2016/01/12;61.90;67.38;60.65;65.00;2809329;181456336.00
2016/01/13;65.80;66.12;58.49;58.49;2554502;160437536.00
2016/01/14;55.00;63.27;52.71;62.70;4042809;239627552.00
2016/01/15;61.73;64.40;58.30;59.40;2693124;165629360.00
2016/01/18;58.40;61.90;57.10;59.90;5169975;313041216.00
2016/01/19;58.90;65.50;58.65;64.30;4716428;291009728.00
2016/01/20;62.90;64.27;61.40;62.23;3494205;219767264.00
2016/01/21;61.40;65.87;58.90;59.53;4109270;260276240.00
2016/01/22;61.22;61.22;56.88;59.20;3772584;222870592.00
2016/01/25;60.00;60.85;57.82;58.50;3829192;226905168.00
2016/01/26;58.20;58.20;52.64;52.64;4194134;227033040.00
2016/01/27;50.20;51.37;47.37;48.55;5259535;254901200.00
2016/01/28;47.80;51.23;45.70;48.89;4943504;236855872.00
2016/01/29;48.40;51.78;47.41;50.63;3956188;197769456.00
2016/02/01;49.70;49.70;46.06;47.10;5468800;260533600.00
2016/02/02;47.26;51.82;47.26;51.82;5935494;302979648.00
2016/02/03;50.90;53.08;49.98;52.48;5585483;289761504.00
2016/02/04;52.18;55.50;51.53;54.00;4545300;245522224.00
2016/02/05;54.50;54.70;52.00;52.23;2434932;129148936.00
2016/02/15;49.90;52.12;49.11;51.65;2010047;102401920.00
2016/02/16;52.23;54.90;52.23;53.90;3578702;193292320.00
2016/02/17;54.15;55.17;51.72;55.15;4506431;241928544.00
2016/02/18;55.92;56.71;53.26;53.85;6370682;346407104.00
2016/02/19;53.60;55.24;52.90;54.45;4629424;250825936.00
2016/02/22;55.79;57.96;55.40;56.53;5851009;331095616.00
2016/02/23;56.70;56.70;53.43;55.74;4928483;271674976.00
2016/02/24;54.72;55.68;50.90;53.67;5338011;286448256.00
2016/02/25;53.17;53.59;48.29;48.29;4526564;229619152.00
2016/02/26;48.40;48.70;44.00;45.62;5193915;239575648.00
2016/02/29;45.70;45.90;41.05;41.05;3561630;148954128.00
2016/03/01;39.90;42.08;37.70;40.76;5994792;238337616.00
2016/03/02;39.90;43.45;39.02;43.15;7975286;329399456.00
2016/03/03;42.70;46.18;42.51;42.95;7983093;350278592.00
2016/03/04;42.47;42.95;39.19;39.61;6384167;261018720.00
2016/03/07;40.14;42.70;40.14;41.85;6171974;256966560.00
2016/03/08;41.60;42.58;38.21;42.40;6560817;265720048.00
2016/03/09;40.98;46.65;39.90;46.65;7162882;322869184.00
2016/03/10;46.90;48.35;44.90;45.09;8968542;420150368.00
2016/03/11;44.70;47.58;44.40;47.02;5975331;276175072.00
2016/03/14;48.30;51.10;46.60;48.98;9172701;447824576.00
2016/03/15;47.91;49.60;47.45;48.30;5740365;277648064.00
2016/03/16;49.40;49.90;45.13;45.53;6285233;294583936.00
2016/03/17;45.92;49.48;44.78;49.48;10339524;490804928.00
2016/03/18;49.49;53.70;48.71;52.47;9595343;494622432.00
2016/03/21;53.40;54.88;51.42;54.60;10486029;552240256.00
2016/03/22;52.90;54.45;52.62;52.90;5984005;321353216.00
2016/03/23;52.40;54.90;52.11;54.13;5069628;271447904.00
2016/03/24;53.02;56.60;51.90;52.40;6897614;373152832.00
2016/03/25;51.90;53.90;51.50;52.98;3779702;200032048.00
2016/03/28;53.40;53.95;50.12;50.68;5140725;269309376.00
2016/03/29;50.70;51.40;47.90;49.11;4941126;243384608.00
2016/03/30;49.53;53.40;48.92;52.50;4847640;244903456.00
2016/03/31;52.80;53.08;51.35;51.38;4475712;233781952.00
2016/04/01;51.06;51.20;48.38;50.80;5548861;274855552.00
2016/04/05;50.50;53.98;49.98;53.69;6323055;332090048.00
2016/04/06;53.03;54.10;52.44;53.09;4803916;255915328.00
2016/04/07;53.46;55.00;51.35;51.41;6764420;358170560.00
2016/04/08;50.40;51.39;49.63;51.33;4572092;230104384.00
2016/04/11;52.89;56.47;52.87;56.47;7599948;419807616.00
2016/04/12;59.89;62.13;57.90;59.50;13935910;836852352.00
2016/04/13;59.50;65.30;58.40;62.95;11209326;696965120.00
2016/04/14;62.30;63.22;61.11;62.35;6702625;416796992.00
2016/04/15;61.95;64.70;61.78;62.29;5784139;365122016.00
2016/04/18;61.11;61.11;58.50;59.80;5551987;329281568.00
2016/04/19;59.71;61.54;58.93;59.90;4515471;271965856.00
2016/04/20;60.39;60.78;53.90;56.50;8663441;487512352.00
2016/04/21;54.91;56.40;53.54;54.88;5838180;320554496.00
2016/04/22;54.00;57.19;53.80;55.58;6897900;384632576.00
2016/04/25;54.94;54.94;52.46;54.36;4673749;251234592.00
2016/04/26;53.44;54.59;52.62;54.28;5096091;273594592.00
2016/04/27;54.23;54.52;53.09;53.18;3770163;203280352.00
2016/04/28;53.10;54.40;51.70;53.98;4831840;258198112.00
2016/04/29;53.40;53.90;52.81;52.92;2971487;158881904.00
2016/05/03;51.90;54.90;51.70;54.89;4486027;240679904.00
2016/05/04;54.90;56.66;54.69;54.95;4661508;260145856.00
2016/05/05;54.32;55.14;54.00;54.72;2791714;152354688.00
2016/05/06;54.90;55.18;49.24;49.24;6893664;357545984.00
2016/05/09;48.89;48.89;44.46;45.90;4310271;197896640.00
2016/05/10;45.59;46.46;45.34;45.48;2216502;101880144.00
2016/05/11;45.91;46.21;44.51;44.58;2469026;112417592.00
2016/05/12;44.20;45.77;42.80;45.15;2707801;120560072.00
2016/05/13;44.70;45.52;44.01;44.48;1956043;87676072.00
2016/05/16;44.47;45.88;44.11;45.48;1813498;82085552.00
2016/05/17;45.55;48.40;45.55;47.18;4205608;197549952.00
2016/05/18;46.79;46.79;43.93;44.52;2383239;107824624.00
2016/05/19;44.78;47.05;44.78;45.81;3493120;162383328.00
2016/05/20;45.25;46.78;44.90;46.50;2026602;93729240.00
2016/05/23;47.02;47.57;46.45;46.75;2356367;110959632.00
2016/05/24;46.91;47.01;45.38;45.87;1816394;83756040.00
2016/05/25;46.41;46.79;45.40;45.83;1933932;89420152.00
2016/05/26;44.90;47.10;44.10;47.09;2606132;118754912.00
2016/05/27;46.90;47.08;46.02;46.10;1600674;74869328.00
2016/05/30;46.00;47.82;45.21;46.70;2122758;99530464.00
2016/05/31;46.41;51.38;46.41;51.38;3934869;194798096.00
2016/06/01;53.50;55.40;52.80;53.20;5485189;297051680.00
2016/06/02;52.90;54.15;52.41;53.85;3760504;200128784.00
2016/06/03;53.68;55.45;53.40;54.20;4841334;264546848.00
2016/06/06;54.40;54.40;52.00;53.73;3694089;197197040.00
2016/06/07;53.54;54.50;52.25;54.16;2757795;148768880.00
2016/06/08;54.10;56.56;53.51;54.72;3670217;204388448.00
2016/06/13;53.40;55.78;50.51;50.51;3750832;200930384.00
2016/06/14;49.90;51.80;49.90;51.31;2137053;109467160.00
2016/06/15;50.40;54.20;50.20;53.48;2304751;122657536.00
2016/06/16;53.00;54.60;53.00;53.49;2016755;108301960.00
2016/06/17;53.65;58.85;53.65;58.85;1700544;99086016.00
2016/06/20;61.15;61.90;58.38;58.82;6609443;395914656.00
2016/06/21;60.20;60.44;56.50;56.87;5495122;317191712.00
2016/06/22;56.95;58.51;56.00;58.38;3410719;195786208.00
2016/06/23;57.61;59.25;56.98;57.04;3773977;218537744.00
2016/06/24;56.50;59.18;53.53;57.87;4386452;252126992.00
2016/06/27;57.10;60.85;57.08;60.85;3987675;236747904.00
2016/06/28;61.48;66.68;61.47;63.67;5838443;375477280.00
2016/06/29;64.00;65.96;61.71;62.76;3878352;245958448.00
2016/06/30;62.65;64.99;62.02;63.50;3108492;197459088.00
2016/07/01;63.48;63.65;61.60;61.69;2464743;153486800.00
2016/07/04;61.22;65.52;61.01;65.46;3706592;237834192.00
2016/07/05;65.80;66.50;64.03;65.50;2833037;183423648.00
2016/07/06;64.88;65.49;63.58;64.21;1903642;122374896.00
2016/07/07;64.49;65.20;62.66;63.71;3269090;208832688.00
2016/07/08;64.00;64.30;62.50;62.53;2769761;174620224.00
2016/07/11;62.61;63.35;60.20;60.46;3265046;201193008.00
2016/07/12;60.45;64.39;59.37;64.30;4100876;252436880.00
2016/07/13;64.80;65.00;63.50;63.66;2494622;159789088.00
2016/07/14;63.60;63.60;62.23;62.90;1633004;102460416.00
2016/07/15;63.30;64.75;62.90;62.97;1546707;97986920.00
2016/07/18;62.88;62.88;61.00;61.04;2001190;123462240.00
2016/07/19;64.01;64.01;60.70;61.90;2257253;139384448.00
2016/07/20;61.00;62.25;59.90;61.39;2956266;178964864.00
2016/07/21;61.00;61.97;60.18;60.52;1934994;118090304.00
2016/07/22;60.40;61.49;60.39;60.76;1902727;116059576.00
2016/07/25;60.70;60.70;56.60;56.91;3638957;212540048.00
2016/07/26;57.20;58.30;55.21;57.47;1946410;112208056.00
2016/07/27;57.85;57.99;52.02;52.73;3718783;204077360.00
2016/07/28;53.26;53.95;49.03;53.30;4860006;250520304.00
2016/07/29;52.85;53.40;51.55;52.06;2507459;131449440.00
2016/08/01;51.78;53.55;50.50;52.25;3272051;171999488.00
2016/08/02;52.28;53.50;51.90;53.25;2333839;123388664.00
2016/08/03;53.25;53.89;52.60;53.03;2317878;123507080.00
2016/08/04;53.00;53.40;52.00;53.18;1907556;100568792.00
2016/08/05;52.78;53.18;51.39;51.52;2202433;114798056.00
2016/08/08;51.45;52.69;50.76;52.50;1660064;86296600.00
2016/08/09;53.55;57.70;53.01;57.70;3811752;209487072.00
2016/08/10;56.80;57.79;56.01;56.25;2434860;138332800.00
2016/08/11;55.95;56.70;55.10;55.10;1683364;94356048.00
2016/08/12;54.18;55.91;54.00;55.48;2363646;130033888.00
2016/08/15;55.96;58.50;54.38;57.86;3272949;186659008.00
2016/08/16;57.81;59.01;57.11;57.65;2391235;138676304.00
2016/08/17;57.48;58.26;57.17;57.57;1646823;95000768.00
2016/08/18;57.59;58.29;56.57;57.99;1806528;103886160.00
2016/08/19;57.61;59.48;56.66;59.17;3477102;202228864.00
2016/08/22;60.31;60.35;56.00;56.11;3422231;198311520.00
2016/08/23;55.01;56.58;55.00;55.80;2419958;135043552.00
2016/08/24;55.70;57.00;55.70;56.20;1828462;103410288.00
2016/08/25;55.80;56.39;52.50;56.19;2053664;113274864.00
2016/08/26;56.22;58.98;55.81;56.80;2793752;160825904.00
2016/08/29;56.73;57.15;55.78;56.00;1872085;105337328.00
2016/08/30;56.75;56.75;55.11;55.25;2031124;113619400.00
2016/08/31;55.40;55.68;53.78;55.00;2199688;120088144.00
2016/09/01;55.10;55.45;54.25;54.25;1400075;76834856.00
2016/09/02;53.73;54.43;53.50;53.86;1208180;65156340.00
2016/09/05;54.20;54.99;53.80;53.92;982807;53435564.00
2016/09/06;53.92;55.95;53.21;55.45;1699698;92994344.00
2016/09/07;55.75;55.75;54.60;55.17;1316223;72717040.00
2016/09/08;54.76;55.48;54.20;54.85;1179392;64671276.00
2016/09/09;54.88;55.20;54.20;54.20;1187922;64966228.00
2016/09/12;52.60;53.98;51.55;51.55;1947740;102639744.00
2016/09/13;51.85;52.15;50.30;50.85;1912222;97801472.00
2016/09/14;50.11;51.35;50.06;50.52;1359957;68819384.00
2016/09/19;50.71;51.60;50.66;51.08;1135161;57919072.00
2016/09/20;51.50;51.67;50.88;51.28;1536141;78649496.00
2016/09/21;51.28;51.48;50.81;50.95;1133523;57817632.00
2016/09/22;51.48;51.48;50.90;50.93;1268511;64911004.00
2016/09/23;51.28;51.40;50.12;50.15;979630;49595704.00
2016/09/26;50.15;50.45;49.40;49.45;1312334;65493384.00
2016/09/27;50.00;52.40;50.00;51.50;2924055;150252752.00
2016/09/28;51.50;51.85;50.68;50.89;1121077;57135904.00
2016/09/29;51.50;51.80;51.00;51.00;1150020;58918476.00
2016/09/30;51.00;51.27;50.82;51.16;1084405;55350744.00
2016/10/10;51.56;52.95;51.56;52.66;2102047;109711928.00
2016/10/11;52.68;52.84;52.15;52.40;1233020;64582152.00
2016/10/12;52.50;52.88;52.00;52.25;1001962;52511748.00
2016/10/13;52.24;52.50;51.84;52.10;1011651;52743728.00
2016/10/14;52.10;52.44;51.84;52.30;1153520;60215948.00
2016/10/17;52.29;52.29;51.55;51.60;1268477;65895748.00
2016/10/18;51.45;52.59;51.45;52.58;1559515;81455896.00
2016/10/19;52.58;52.85;51.41;51.55;1833216;95152192.00
2016/10/20;51.56;51.68;50.30;51.45;1895132;96973960.00
2016/10/21;51.40;51.70;50.20;50.93;1385295;70503504.00
2016/10/24;51.80;53.45;51.03;52.62;4120799;217272976.00
2016/10/25;52.60;55.00;52.03;54.75;5178496;277697312.00
2016/10/26;54.44;56.93;54.18;54.38;7002238;387722112.00
2016/10/27;54.60;56.28;54.38;55.10;3697657;205314880.00
2016/10/28;55.12;55.12;53.62;53.88;2397386;129951392.00
2016/10/31;53.88;54.78;53.21;54.40;1845863;100061528.00
2016/11/01;54.04;55.20;53.56;54.94;1818304;98914960.00
2016/11/02;54.67;54.88;53.72;53.72;1587312;85853336.00
2016/11/03;53.72;56.80;53.68;55.06;3418504;189025536.00
2016/11/04;55.00;56.22;54.65;55.60;2737465;152154432.00
2016/11/07;55.27;56.80;55.26;55.99;2125503;119081864.00
2016/11/08;56.10;56.72;55.20;55.86;1406327;78372320.00
2016/11/09;55.50;58.71;55.40;57.20;3816613;217359088.00
2016/11/10;56.99;58.20;56.75;57.50;2330832;133316568.00
2016/11/11;58.00;58.14;56.55;57.52;2559733;146045328.00
2016/11/14;57.52;58.98;57.02;58.40;3105058;180502992.00
2016/11/15;58.39;58.39;57.00;57.69;2199383;126733208.00
2016/11/16;57.50;58.05;56.80;56.83;2198601;125577048.00
2016/11/17;56.30;56.45;55.41;55.60;1098500;61298404.00
数据来源:通达信
