300075 数字政通 日线 前复权
      日期	    开盘	    最高	    最低	    收盘	    成交量	    成交额
2010/04/27;10.84;10.99;9.80;9.80;6884690;490171072.00
2010/04/28;9.47;10.73;9.39;10.00;3823289;270591520.00
2010/04/29;9.65;10.00;9.44;9.65;2519992;169508208.00
2010/04/30;9.51;9.68;8.66;8.66;2008780;124667608.00
2010/05/04;8.17;8.55;7.79;8.39;1426041;82174480.00
2010/05/05;8.14;8.63;8.14;8.56;975294;57587480.00
2010/05/06;8.44;8.47;8.02;8.05;895447;51669608.00
2010/05/07;7.84;8.19;7.73;7.80;964741;53324324.00
2010/05/10;7.78;7.87;7.04;7.28;894693;46515968.00
2010/05/11;7.38;7.66;7.28;7.28;1190364;61818736.00
2010/05/12;7.18;7.37;6.78;7.01;815827;40571960.00
2010/05/13;7.02;7.31;6.96;7.27;450775;22414286.00
2010/05/14;7.28;7.69;7.21;7.63;735733;38470368.00
2010/05/17;7.41;7.70;7.36;7.36;706994;37367556.00
2010/05/18;7.30;7.43;6.99;7.37;452066;22889664.00
2010/05/19;7.28;7.86;7.26;7.73;731435;39122580.00
2010/05/20;7.58;7.87;7.58;7.58;434438;23409710.00
2010/05/21;7.28;8.01;7.28;7.93;618767;33467490.00
2010/05/24;7.96;8.36;7.96;8.29;913152;52472576.00
2010/05/25;8.24;8.34;8.03;8.25;701408;40117784.00
2010/05/26;8.37;8.37;7.88;7.93;522032;29561660.00
2010/05/27;7.92;8.06;7.70;8.02;621892;34255444.00
2010/05/28;8.13;8.17;7.88;7.98;627942;35040300.00
2010/05/31;7.98;8.01;7.58;7.62;508411;28022622.00
2010/06/01;7.58;7.67;7.45;7.58;513553;27109294.00
2010/06/02;7.46;7.73;7.35;7.71;436622;23001030.00
2010/06/03;7.80;7.95;7.73;7.87;548077;30042336.00
2010/06/04;7.77;8.34;7.73;8.26;752966;42900936.00
2010/06/07;8.10;8.70;8.10;8.58;1019800;60432096.00
2010/06/08;8.60;8.60;8.30;8.40;652200;38454428.00
2010/06/09;8.40;8.75;8.15;8.25;1189534;69861856.00
2010/06/10;8.25;8.59;8.25;8.50;880412;51741644.00
2010/06/11;8.60;8.89;8.56;8.68;1038300;63088680.00
2010/06/17;8.76;8.82;8.17;8.18;522277;30730364.00
2010/06/18;8.14;8.18;7.70;7.73;857075;46973532.00
2010/06/21;7.66;7.94;7.66;7.90;806855;44064900.00
2010/06/22;7.84;7.94;7.73;7.73;597562;32683952.00
2010/06/23;7.80;7.95;7.70;7.78;476972;25972364.00
2010/06/25;7.80;7.84;7.44;7.59;581230;30904198.00
2010/06/28;7.61;7.61;7.35;7.36;524423;27452672.00
2010/06/29;7.41;7.41;6.79;6.84;661461;32242368.00
2010/06/30;6.76;6.82;6.59;6.79;323292;15197997.00
2010/07/01;6.69;6.91;6.69;6.77;297315;14199333.00
2010/07/02;6.72;6.78;6.24;6.51;538399;24439742.00
2010/07/05;6.39;6.48;6.27;6.39;168452;7557027.00
2010/07/06;6.42;6.67;6.39;6.64;275451;12771372.00
2010/07/07;6.69;6.72;6.59;6.68;200373;9378240.00
2010/07/08;6.66;6.75;6.42;6.69;395181;18361430.00
2010/07/09;6.61;6.95;6.61;6.82;630883;30344762.00
2010/07/12;6.83;7.01;6.81;6.86;350667;16934714.00
2010/07/13;6.78;6.91;6.77;6.83;348622;16714193.00
2010/07/14;6.86;6.90;6.54;6.68;430631;20342942.00
2010/07/15;6.62;6.76;6.48;6.49;232921;10821989.00
2010/07/16;6.41;6.49;6.36;6.48;236582;10693515.00
2010/07/19;6.42;6.59;6.35;6.57;179202;8201272.00
2010/07/20;6.57;6.79;6.54;6.79;380454;17963540.00
2010/07/21;6.84;7.08;6.83;6.97;531446;26101392.00
2010/07/22;6.88;7.08;6.88;7.02;332783;16333835.00
2010/07/23;6.99;7.11;6.91;7.02;356309;17524316.00
2010/07/26;7.01;7.12;6.94;7.11;369751;18266690.00
2010/07/27;7.06;7.06;6.91;6.93;1170694;57226888.00
2010/07/28;6.91;7.00;6.84;7.00;878331;42841920.00
2010/07/29;7.01;7.28;6.92;7.18;1097082;54759548.00
2010/07/30;7.15;7.15;6.96;7.02;702135;34618436.00
2010/08/02;6.99;7.38;6.99;7.33;1682844;85116200.00
2010/08/03;7.33;7.41;7.26;7.36;961994;49517640.00
2010/08/04;7.27;7.62;7.27;7.61;799868;41856024.00
2010/08/05;7.64;7.87;7.64;7.77;1128812;61250988.00
2010/08/06;7.77;7.87;7.65;7.78;551078;29928486.00
2010/08/09;7.76;8.02;7.76;7.94;540714;29839184.00
2010/08/10;7.89;7.94;7.84;7.92;924478;50878020.00
2010/08/11;7.84;7.95;7.58;7.70;650215;35193872.00
2010/08/12;7.58;7.77;7.46;7.47;510955;27115306.00
2010/08/13;7.45;7.76;7.45;7.70;503661;26753134.00
2010/08/16;7.66;8.08;7.61;7.96;573729;31530472.00
2010/08/17;7.98;8.09;7.85;7.95;472633;26317896.00
2010/08/18;7.93;7.95;7.77;7.86;329609;18070458.00
2010/08/19;7.87;7.99;7.81;7.87;476401;26260506.00
2010/08/20;7.77;7.87;7.59;7.63;376755;20251470.00
2010/08/23;7.62;7.71;7.42;7.55;416657;21964392.00
2010/08/24;7.48;7.60;7.34;7.54;392962;20497102.00
2010/08/25;7.45;7.55;7.36;7.37;227827;11855855.00
2010/08/26;7.43;7.44;7.31;7.43;243486;12597805.00
2010/08/27;7.41;7.61;7.37;7.59;352280;18584528.00
2010/08/30;7.60;7.97;7.54;7.96;607180;33064360.00
2010/08/31;7.96;8.07;7.74;8.04;600708;33435858.00
2010/09/01;8.00;8.12;7.61;7.73;627618;34239436.00
2010/09/02;7.80;7.85;7.65;7.79;421714;22864812.00
2010/09/03;7.84;8.15;7.84;8.07;820035;45898376.00
2010/09/06;8.14;8.24;7.73;7.86;684096;38249548.00
2010/09/07;7.80;7.92;7.73;7.88;202172;11098235.00
2010/09/08;7.87;7.97;7.77;7.94;181759;10040359.00
2010/09/09;8.02;8.54;7.96;8.31;907287;52602864.00
2010/09/10;8.31;8.85;8.23;8.72;915439;54903508.00
2010/09/13;8.64;8.87;8.45;8.78;882881;53122352.00
2010/09/14;8.70;9.03;8.70;9.00;718878;44308276.00
2010/09/15;8.71;9.01;8.54;8.58;678674;40953136.00
2010/09/16;8.61;8.61;8.03;8.12;431404;24756814.00
2010/09/17;8.13;8.23;8.02;8.18;186187;10556080.00
2010/09/20;8.20;8.23;7.73;8.01;200992;11283779.00
2010/09/21;7.94;8.11;7.67;7.67;229700;12473622.00
2010/09/27;7.68;7.76;7.61;7.69;341691;18382468.00
2010/09/28;7.72;7.80;7.60;7.60;287630;15477575.00
2010/09/29;7.53;7.62;7.22;7.29;328079;17039610.00
2010/09/30;7.30;7.40;7.25;7.39;151110;7756891.00
2010/10/08;7.46;7.65;7.46;7.61;168442;8950417.00
2010/10/11;7.73;7.75;7.28;7.32;390098;20286556.00
2010/10/12;7.40;7.52;7.34;7.49;253928;13287969.00
2010/10/13;7.49;7.84;7.44;7.81;464246;24817456.00
2010/10/14;7.74;8.05;7.74;7.93;283245;15596303.00
2010/10/15;7.77;8.31;7.68;8.24;469591;25966568.00
2010/10/18;8.10;8.17;7.83;7.96;388024;21464042.00
2010/10/19;8.02;8.40;7.88;8.29;664883;38406972.00
2010/10/20;8.05;8.39;7.87;8.11;854108;48457436.00
2010/10/21;8.10;8.10;7.82;7.83;254373;14005736.00
2010/10/22;7.87;8.05;7.73;7.94;640642;35308140.00
2010/10/25;7.93;8.24;7.88;8.19;362039;20562448.00
2010/10/26;8.19;8.19;7.85;8.11;580016;32314710.00
2010/10/27;8.11;8.21;8.04;8.06;261818;14864522.00
2010/10/28;7.99;8.17;7.88;8.10;138432;7746934.00
2010/10/29;8.17;8.51;8.16;8.48;542544;31706918.00
2010/11/01;8.49;8.69;8.30;8.45;909037;53744028.00
2010/11/02;8.40;8.53;8.18;8.21;512646;29823516.00
2010/11/03;8.05;8.20;7.74;7.74;288292;16117417.00
2010/11/04;7.77;8.02;7.73;8.01;270886;14802927.00
2010/11/05;8.02;8.09;7.81;8.02;167021;9276572.00
2010/11/08;8.00;8.21;8.00;8.21;429615;24460282.00
2010/11/09;8.22;8.44;8.17;8.32;324627;18812790.00
2010/11/10;8.29;8.78;8.20;8.63;630885;37766800.00
2010/11/11;8.64;8.89;8.48;8.73;568795;34626488.00
2010/11/12;8.71;8.83;8.32;8.48;862732;51653000.00
2010/11/15;8.64;9.18;8.57;9.13;771566;47906732.00
2010/11/16;9.33;9.33;8.54;8.69;514117;31991152.00
2010/11/17;8.52;8.64;8.24;8.26;315710;18624606.00
2010/11/18;8.43;8.43;8.18;8.36;366699;21200570.00
2010/11/19;8.39;8.84;8.27;8.77;632263;37773512.00
2010/11/22;8.80;9.22;8.69;9.02;715602;44799328.00
2010/11/23;8.99;9.13;8.68;9.01;522801;32364884.00
2010/11/24;8.98;9.36;8.91;9.35;611268;39220800.00
2010/11/25;9.35;9.41;9.13;9.26;590195;38026452.00
2010/11/26;9.28;9.49;9.16;9.34;220839;14278692.00
2010/11/29;9.34;9.76;9.28;9.75;457784;30476518.00
2010/11/30;9.66;9.67;8.75;9.18;907462;57125036.00
2010/12/01;9.06;9.13;8.80;8.94;325549;20281172.00
2010/12/02;9.05;9.14;8.92;8.92;200661;12600511.00
2010/12/03;8.93;9.00;8.47;8.73;367050;22165110.00
2010/12/06;8.64;8.73;8.44;8.53;150774;8949239.00
2010/12/07;8.48;8.96;8.47;8.91;231377;14115632.00
2010/12/08;8.84;8.98;8.75;8.79;126519;7813304.00
2010/12/09;8.64;8.86;8.64;8.65;61636;3747523.50
2010/12/10;8.63;8.90;8.62;8.88;186710;11425174.00
2010/12/13;8.91;9.28;8.91;8.99;508615;31985984.00
2010/12/14;9.00;9.05;8.85;9.05;428392;26678434.00
2010/12/15;9.04;9.04;8.84;8.87;319865;19871486.00
2010/12/16;8.82;9.01;8.79;8.88;170462;10575476.00
2010/12/17;8.77;9.04;8.77;9.03;117583;7284278.00
2010/12/20;9.07;9.13;8.56;8.71;369174;22601048.00
2010/12/21;8.74;8.84;8.58;8.64;257497;15545545.00
2010/12/22;8.64;8.69;8.43;8.53;304000;18112376.00
2010/12/23;8.53;8.55;8.36;8.45;272615;16052684.00
2010/12/24;8.47;8.61;8.39;8.49;276846;16408702.00
2010/12/27;8.49;8.53;7.95;8.17;467447;26926468.00
2010/12/28;8.10;8.10;7.53;7.55;615368;33344700.00
2010/12/29;7.69;7.71;7.42;7.55;916316;48307400.00
2010/12/30;7.56;7.62;7.51;7.59;223293;11815466.00
2010/12/31;7.53;7.70;7.53;7.64;315685;16805600.00
2011/01/04;7.62;7.94;7.61;7.83;376719;20422896.00
2011/01/05;7.80;7.83;7.71;7.73;191161;10342856.00
2011/01/06;7.70;7.79;7.53;7.57;203600;10873401.00
2011/01/07;7.57;7.60;7.45;7.45;316700;16648409.00
2011/01/10;7.43;7.46;7.12;7.13;388205;19677854.00
2011/01/11;7.07;7.16;6.93;7.16;262534;12924739.00
2011/01/12;7.16;7.41;7.16;7.38;297790;15191410.00
2011/01/13;7.43;7.49;7.30;7.39;187128;9677176.00
2011/01/14;7.38;7.38;7.13;7.18;131399;6626915.50
2011/01/17;7.10;7.35;7.05;7.19;238514;12005858.00
2011/01/18;7.12;7.21;7.12;7.20;72151;3624220.25
2011/01/19;7.22;7.40;7.12;7.35;123602;6319736.50
2011/01/20;7.34;7.36;7.10;7.10;173898;8826885.00
2011/01/21;7.10;7.25;6.97;7.12;138588;6885203.00
2011/01/24;7.12;7.13;6.71;6.84;183333;8875003.00
2011/01/25;6.74;6.89;6.68;6.76;139610;6613671.00
2011/01/26;6.73;6.91;6.73;6.81;137624;6595027.00
2011/01/27;6.76;6.96;6.70;6.90;217679;10458605.00
2011/01/28;6.96;6.96;6.84;6.89;103581;5000510.00
2011/01/31;6.85;6.94;6.85;6.91;246893;11935427.00
2011/02/01;6.92;6.93;6.69;6.81;233991;11176104.00
2011/02/09;6.81;6.93;6.75;6.82;120339;5768610.00
2011/02/10;6.85;7.19;6.84;7.19;372096;18317546.00
2011/02/11;7.21;7.27;7.07;7.26;249612;12558613.00
2011/02/14;7.28;7.37;7.23;7.33;238635;12192673.00
2011/02/15;7.33;7.41;7.25;7.28;223881;11515020.00
2011/02/16;7.28;7.41;7.23;7.41;163367;8392999.00
2011/02/17;7.41;7.43;7.27;7.40;345031;17768326.00
2011/02/18;7.40;7.40;7.25;7.25;163114;8331881.50
2011/02/21;7.21;7.34;7.21;7.34;225813;11507056.00
2011/02/22;7.34;7.34;7.13;7.14;267611;13566388.00
2011/02/23;7.13;7.31;7.13;7.27;217043;11006115.00
2011/02/24;7.27;7.28;7.18;7.22;122130;6177650.50
2011/02/25;7.25;7.33;7.16;7.33;190474;9665696.00
2011/02/28;7.36;7.67;7.34;7.62;602305;31784808.00
2011/03/01;7.60;7.62;7.43;7.47;323417;16985348.00
2011/03/02;7.43;7.44;7.23;7.43;248284;12745749.00
2011/03/03;7.39;7.40;7.17;7.19;196335;9986254.00
2011/03/04;7.18;7.26;7.17;7.24;84398;4265111.50
2011/03/07;7.24;7.32;7.21;7.23;193362;9811190.00
2011/03/08;7.23;7.33;7.18;7.32;145163;7387103.50
2011/03/09;7.23;7.32;7.23;7.27;153729;7815959.50
2011/03/10;7.27;7.50;7.24;7.49;545099;28269372.00
2011/03/11;7.32;7.53;7.30;7.47;286410;14938736.00
2011/03/14;7.43;7.59;7.36;7.55;284518;14922481.00
2011/03/15;7.55;7.55;7.32;7.40;216432;11186830.00
2011/03/16;7.36;7.50;7.36;7.50;253532;13160678.00
2011/03/17;7.44;7.44;7.35;7.41;185029;9571052.00
2011/03/18;7.43;7.43;7.34;7.41;216200;11194726.00
2011/03/21;7.36;7.41;7.34;7.40;123676;6395662.50
2011/03/22;7.40;7.42;7.36;7.41;124701;6460153.50
2011/03/23;7.41;7.48;7.39;7.47;128125;6666572.00
2011/03/24;7.45;7.48;7.40;7.48;189049;9863280.00
2011/03/25;7.56;7.56;7.44;7.52;171261;8963637.00
2011/03/28;7.50;7.51;7.25;7.25;321970;16633685.00
2011/03/29;7.21;7.21;6.76;6.76;401761;19566186.00
2011/03/30;6.77;6.83;6.55;6.76;356960;16712921.00
2011/03/31;6.71;6.79;6.61;6.63;307443;14417788.00
2011/04/01;6.58;6.67;6.58;6.65;358917;16749060.00
2011/04/06;6.65;6.65;6.47;6.48;498653;22866932.00
2011/04/07;6.46;6.54;6.46;6.54;372844;17034020.00
2011/04/08;6.52;6.70;6.50;6.69;363349;16895000.00
2011/04/11;6.69;6.73;6.61;6.61;234733;10973618.00
2011/04/12;6.62;6.67;6.57;6.67;176774;8238785.50
2011/04/13;6.66;6.80;6.62;6.80;196846;9314844.00
2011/04/14;6.77;6.77;6.67;6.68;117392;5537113.00
2011/04/15;6.70;6.70;6.54;6.67;244071;11342558.00
2011/04/18;6.66;6.69;6.54;6.68;219985;10222996.00
2011/04/19;6.65;6.67;6.54;6.65;185461;8598064.00
2011/04/20;6.55;6.58;6.50;6.51;479960;22049086.00
2011/04/21;6.51;6.52;6.46;6.46;275253;12551860.00
2011/04/22;6.45;6.48;6.29;6.33;321531;14449891.00
2011/04/25;6.34;6.34;6.02;6.07;279235;12006274.00
2011/04/26;6.00;6.05;5.83;5.87;384955;16080257.00
2011/04/27;5.84;5.87;5.79;5.82;323797;13328252.00
2011/04/28;5.82;5.83;5.49;5.50;310899;12421705.00
2011/04/29;5.46;5.62;5.46;5.56;258092;10147790.00
2011/05/03;5.56;5.68;5.51;5.65;212074;8419475.00
2011/05/04;5.62;5.65;5.56;5.57;127421;5040569.50
2011/05/05;5.57;5.62;5.49;5.60;296090;11653534.00
2011/05/06;5.58;5.64;5.48;5.61;266709;10526813.00
2011/05/09;5.57;5.64;5.54;5.56;397194;15732175.00
2011/05/11;5.63;5.63;5.53;5.55;285000;11200653.00
2011/05/12;5.51;5.55;5.30;5.31;507465;19430418.00
2011/05/13;5.44;5.44;5.30;5.34;390976;14795070.00
2011/05/16;5.35;5.43;5.32;5.36;342720;13043631.00
2011/05/17;5.33;5.37;5.33;5.35;189463;7191469.50
2011/05/18;5.39;5.39;5.32;5.33;178308;6763548.00
2011/05/19;5.34;5.36;5.29;5.29;150672;5695769.50
2011/05/20;5.29;5.32;5.21;5.22;152651;5702773.00
2011/05/23;5.21;5.21;4.96;5.01;313264;11235702.00
2011/05/24;4.99;5.28;4.95;5.15;479152;17484734.00
2011/05/25;5.17;5.17;4.98;4.98;428596;15518520.00
2011/05/26;5.02;5.02;4.83;4.83;342050;7933816.00
2011/05/27;4.86;4.86;4.64;4.69;457313;10231615.00
2011/05/30;4.69;4.80;4.64;4.71;425449;9580848.00
2011/05/31;4.71;4.80;4.67;4.79;356930;8007272.50
2011/06/01;4.80;4.84;4.76;4.83;581344;13199782.00
2011/06/02;4.77;4.79;4.64;4.70;537153;11927580.00
2011/06/03;4.73;4.86;4.66;4.82;520884;11804466.00
2011/06/07;4.82;4.95;4.80;4.87;517805;11929350.00
2011/06/08;4.87;4.87;4.73;4.80;432407;9776541.00
2011/06/09;4.82;4.82;4.69;4.71;247991;5572634.00
2011/06/10;4.71;4.77;4.58;4.71;429085;9457939.00
2011/06/13;4.66;4.78;4.60;4.74;370943;8267055.00
2011/06/14;4.73;4.77;4.65;4.74;459445;10268213.00
2011/06/15;4.73;4.74;4.66;4.67;181151;4032422.50
2011/06/16;4.63;4.63;4.42;4.45;362270;7809453.50
2011/06/17;4.46;4.47;4.36;4.37;221236;4653113.50
2011/06/20;4.34;4.40;4.27;4.32;211307;4345564.00
2011/06/21;4.37;4.37;4.28;4.36;282160;5800696.50
2011/06/22;4.33;4.37;4.30;4.32;146221;3016447.75
2011/06/23;4.30;4.50;4.28;4.50;551658;11612399.00
2011/06/24;4.49;4.69;4.45;4.62;777362;16844086.00
2011/06/27;4.62;4.86;4.61;4.82;1107014;24940556.00
2011/06/28;4.79;4.83;4.74;4.80;447083;10104043.00
2011/06/29;4.76;4.88;4.76;4.78;624713;14202169.00
2011/06/30;4.73;4.87;4.73;4.83;662456;15126515.00
2011/07/01;4.98;5.11;4.92;4.98;1339115;31608586.00
2011/07/04;5.00;5.12;5.00;5.07;699270;16731332.00
2011/07/05;5.09;5.27;5.09;5.22;1367634;33483512.00
2011/07/06;5.20;5.26;5.10;5.22;646710;15862822.00
2011/07/07;5.21;5.35;5.15;5.31;680579;16925430.00
2011/07/08;5.32;5.34;5.16;5.21;514642;12659966.00
2011/07/11;5.11;5.22;5.11;5.17;327770;7969131.00
2011/07/12;5.16;5.16;5.00;5.02;458220;10970082.00
2011/07/13;5.09;5.33;5.09;5.28;1252690;30981118.00
2011/07/14;5.27;5.40;5.20;5.39;1135364;28402400.00
2011/07/15;5.39;5.61;5.39;5.53;1031993;26708964.00
2011/07/18;5.57;5.62;5.46;5.48;782586;20283926.00
2011/07/19;5.43;5.48;5.30;5.40;319812;8106272.50
2011/07/20;5.43;5.49;5.36;5.49;415166;10606053.00
2011/07/21;5.49;5.49;5.38;5.38;326879;8344715.50
2011/07/22;5.38;5.46;5.30;5.38;698025;17574716.00
2011/07/25;5.38;5.53;5.04;5.06;756278;18491006.00
2011/07/26;5.06;5.12;4.99;5.11;594345;14118260.00
2011/07/27;5.05;5.20;5.02;5.20;652752;15834772.00
2011/07/28;5.12;5.29;5.12;5.28;410199;10065928.00
2011/07/29;5.28;5.30;5.14;5.18;237552;5834676.50
2011/08/01;5.13;5.31;5.05;5.25;424658;10473232.00
2011/08/02;5.20;5.34;5.06;5.32;551215;13510943.00
2011/08/03;5.26;5.62;5.24;5.57;1237628;32106658.00
2011/08/04;5.58;5.64;5.46;5.49;638246;16583008.00
2011/08/05;5.35;5.42;5.20;5.25;522558;13130839.00
2011/08/08;5.13;5.20;4.72;4.85;643318;14983545.00
2011/08/09;4.74;5.00;4.58;4.92;537009;12266582.00
2011/08/10;5.01;5.08;4.84;4.88;539162;12642201.00
2011/08/11;4.80;5.02;4.74;4.99;561923;13042139.00
2011/08/12;5.07;5.14;5.00;5.14;543567;13069774.00
2011/08/15;5.16;5.38;5.10;5.37;680054;16894228.00
2011/08/16;5.36;5.46;5.27;5.44;440771;11112129.00
2011/08/17;5.42;5.42;5.26;5.33;466649;11746678.00
2011/08/18;5.30;5.38;5.20;5.20;361700;8997089.00
2011/08/19;5.04;5.16;5.02;5.14;267445;6434554.50
2011/08/22;5.20;5.29;5.16;5.25;439112;10818489.00
2011/08/23;5.22;5.37;5.22;5.36;504948;12659455.00
2011/08/24;5.44;5.92;5.42;5.92;3393254;91508080.00
2011/08/25;6.04;6.06;5.72;5.92;3159336;86937240.00
2011/08/26;5.91;5.97;5.75;5.84;2817887;77135208.00
2011/08/29;5.82;5.92;5.74;5.78;1315330;35735976.00
2011/08/30;5.82;5.83;5.56;5.57;1226450;32814764.00
2011/08/31;5.60;5.60;5.36;5.45;1042776;26664262.00
2011/09/01;5.48;5.81;5.42;5.64;1796278;47695900.00
2011/09/02;5.64;5.66;5.38;5.41;1081882;27842224.00
2011/09/05;5.39;5.39;5.20;5.24;544334;13540846.00
2011/09/06;5.24;5.28;5.18;5.24;377028;9270590.00
2011/09/07;5.31;5.43;5.18;5.42;823988;20654018.00
2011/09/08;5.44;5.48;5.36;5.40;619412;15767675.00
2011/09/09;5.38;5.42;5.25;5.31;368656;9273570.00
2011/09/13;5.21;5.22;5.11;5.13;352006;8552880.00
2011/09/14;5.18;5.25;5.11;5.23;336671;8194596.00
2011/09/15;5.21;5.30;5.19;5.25;415626;10267274.00
2011/09/16;5.24;5.30;5.18;5.19;288512;7114972.00
2011/09/19;5.13;5.13;5.00;5.00;323350;7734989.50
2011/09/20;4.98;5.05;4.94;4.99;146842;3454160.00
2011/09/21;4.97;5.17;4.97;5.13;280281;6735623.00
2011/09/22;5.14;5.19;4.92;5.00;308614;7421311.00
2011/09/23;4.91;5.03;4.83;5.01;330467;7736917.50
2011/09/26;5.01;5.08;4.92;5.04;256488;6082223.00
2011/09/27;4.96;5.13;4.96;5.04;233743;5574867.00
2011/09/28;5.04;5.11;4.93;5.00;164422;3890716.25
2011/09/29;4.97;4.98;4.78;4.82;218066;5019589.00
2011/09/30;4.84;4.93;4.74;4.78;141147;3199004.00
2011/10/10;4.84;4.85;4.72;4.81;114631;2604478.00
2011/10/11;4.89;5.03;4.72;4.83;271075;6255266.50
2011/10/12;4.78;5.08;4.74;5.06;471384;11008272.00
2011/10/13;5.00;5.20;5.00;5.08;362050;8668559.00
2011/10/14;5.09;5.09;5.00;5.05;269740;6438918.00
2011/10/17;5.13;5.13;4.98;5.04;319382;7576460.00
2011/10/18;5.02;5.06;4.84;4.85;375315;8778132.00
2011/10/19;4.93;4.95;4.65;4.66;451937;10158421.00
2011/10/20;4.66;4.67;4.47;4.53;253039;5442826.50
2011/10/21;4.47;4.60;4.31;4.40;398499;8328163.00
2011/10/24;4.39;4.44;4.23;4.39;704138;14524288.00
2011/10/25;4.40;4.58;4.39;4.58;725955;15513300.00
2011/10/26;4.56;4.67;4.52;4.61;722516;15748604.00
2011/10/27;4.57;4.65;4.57;4.59;488254;10665422.00
2011/10/28;4.64;4.71;4.59;4.67;605362;13322470.00
2011/10/31;4.72;4.83;4.69;4.83;617327;13938234.00
2011/11/01;4.78;4.94;4.71;4.92;556255;12725427.00
2011/11/02;4.82;5.11;4.78;5.06;819101;19287474.00
2011/11/03;5.09;5.37;5.02;5.06;1822816;44407684.00
2011/11/04;5.13;5.31;5.06;5.16;1127817;27541380.00
2011/11/07;5.20;5.20;4.87;5.19;652788;15773076.00
2011/11/08;5.18;5.22;5.03;5.03;544348;13180853.00
2011/11/09;5.04;5.26;5.04;5.23;894574;21796536.00
2011/11/10;5.33;5.78;5.33;5.37;2600377;67879408.00
2011/11/11;5.24;5.44;5.20;5.28;1272745;31943808.00
2011/11/14;5.32;5.49;5.32;5.46;1066634;27252226.00
2011/11/15;5.44;5.57;5.44;5.46;689578;17802340.00
2011/11/16;5.60;5.60;5.21;5.26;715319;18134342.00
2011/11/17;5.40;5.41;5.26;5.31;529697;13279576.00
2011/11/18;5.28;5.30;5.11;5.13;572507;13982296.00
2011/11/21;5.17;5.17;4.98;5.07;389782;9306783.00
2011/11/22;4.98;5.19;4.96;5.12;451082;10793259.00
2011/11/23;5.14;5.16;5.02;5.02;360366;8634872.00
2011/11/24;4.98;5.12;4.89;5.08;304686;7182223.50
2011/11/25;5.09;5.26;5.03;5.21;958447;23450988.00
2011/11/28;5.20;5.34;5.20;5.25;495682;12285007.00
2011/11/29;5.31;5.31;5.14;5.22;638027;15623151.00
2011/11/30;5.24;5.25;4.78;4.83;564432;13237785.00
2011/12/01;5.02;5.11;4.93;4.93;572352;13523067.00
2011/12/02;4.93;4.96;4.78;4.80;297501;6837810.50
2011/12/05;4.76;4.76;4.56;4.59;251477;5515462.00
2011/12/06;4.55;4.66;4.45;4.62;305457;6653394.00
2011/12/07;4.55;4.68;4.54;4.62;268603;5892027.50
2011/12/08;4.61;4.93;4.55;4.80;413020;9306229.00
2011/12/09;4.80;4.86;4.76;4.80;212646;4831187.50
2011/12/12;4.80;4.89;4.69;4.73;343065;7773019.00
2011/12/13;4.70;4.73;4.46;4.49;288899;6220043.50
2011/12/14;4.53;4.64;4.40;4.44;192926;4115089.50
2011/12/15;4.42;4.47;4.25;4.35;283699;5874065.50
2011/12/16;4.37;4.60;4.31;4.60;291338;6144447.00
2011/12/19;4.60;4.68;4.49;4.68;392998;8497769.00
2011/12/20;4.73;4.91;4.71;4.73;437921;9934753.00
2011/12/21;4.77;4.90;4.73;4.73;646329;14660170.00
2011/12/22;4.71;4.71;4.42;4.65;310211;6704464.50
2011/12/23;4.62;4.71;4.50;4.67;287803;6324801.00
2011/12/26;4.65;4.76;4.64;4.65;163485;3641715.50
2011/12/27;4.65;4.66;4.51;4.60;270250;5867096.50
2011/12/29;4.51;4.62;4.51;4.62;92340;2004992.50
2011/12/30;4.63;4.75;4.62;4.73;237177;5272391.50
2012/01/04;4.77;4.80;4.49;4.54;136580;3038511.50
2012/01/06;4.28;4.29;4.06;4.06;668330;13048840.00
2012/01/09;3.98;4.17;3.93;4.15;406479;7920421.00
2012/01/10;4.16;4.48;4.16;4.45;531291;10835007.00
2012/01/11;4.38;4.47;4.31;4.37;687413;14316315.00
2012/01/12;4.34;4.38;4.26;4.33;424426;8720143.00
2012/01/13;4.34;4.34;3.89;3.97;748237;14505493.00
2012/01/16;3.94;3.94;3.56;3.60;571233;10037754.00
2012/01/17;3.58;3.74;3.39;3.72;1301774;22311476.00
2012/01/18;3.67;3.72;3.51;3.57;611665;10660486.00
2012/01/19;3.57;3.60;3.53;3.58;420169;7208061.50
2012/01/20;3.59;3.66;3.56;3.63;407241;7085613.00
2012/01/30;3.66;3.70;3.58;3.60;599694;10536429.00
2012/01/31;3.61;3.61;3.36;3.48;932295;15487492.00
2012/02/01;3.46;3.54;3.42;3.46;629529;10582609.00
2012/02/02;3.49;3.55;3.46;3.54;447095;7535589.50
2012/02/03;3.54;3.74;3.54;3.69;1100478;19224004.00
2012/02/06;3.68;3.81;3.64;3.76;1137223;20284676.00
2012/02/07;3.73;3.73;3.62;3.64;882474;15492647.00
2012/02/08;3.62;3.78;3.61;3.76;741601;13138448.00
2012/02/09;3.76;3.85;3.74;3.79;770595;14033335.00
2012/02/10;3.80;3.81;3.72;3.76;674166;12177323.00
2012/02/13;3.71;3.85;3.71;3.82;831469;15131836.00
2012/02/14;3.82;3.87;3.78;3.86;912447;16751280.00
2012/02/15;3.87;4.00;3.85;3.98;1691367;31922368.00
2012/02/16;3.98;4.01;3.91;3.95;985559;18624714.00
2012/02/17;3.97;4.13;3.96;4.02;1077445;20772874.00
2012/02/20;4.05;4.15;4.02;4.02;787095;15334250.00
2012/02/21;4.01;4.14;4.00;4.13;883198;17168288.00
2012/02/22;4.20;4.33;4.13;4.28;1556489;31588824.00
2012/02/23;4.22;4.30;4.13;4.23;1087211;21782638.00
2012/02/24;4.23;4.35;4.21;4.33;792161;16214876.00
2012/02/27;4.33;4.42;4.28;4.38;962180;19922372.00
2012/02/28;4.31;4.42;4.17;4.33;1261295;25490878.00
2012/02/29;4.27;4.30;4.20;4.20;627327;12690815.00
2012/03/01;4.22;4.32;4.15;4.30;515525;10407386.00
2012/03/02;4.28;4.34;4.25;4.32;476718;9749845.00
2012/03/05;4.33;4.38;4.27;4.31;487726;10006818.00
2012/03/06;4.31;4.32;4.17;4.20;570473;11516741.00
2012/03/07;4.18;4.27;4.16;4.23;404609;8141908.00
2012/03/08;4.24;4.32;4.23;4.29;295706;6021788.00
2012/03/09;4.31;4.58;4.31;4.54;961440;20487872.00
2012/03/12;4.53;4.59;4.51;4.55;552709;11945340.00
2012/03/13;4.55;4.71;4.55;4.68;735353;16241978.00
2012/03/14;4.71;4.74;4.42;4.43;798887;17439086.00
2012/03/15;4.46;4.52;4.35;4.44;544687;11483111.00
2012/03/16;4.46;4.64;4.45;4.63;581926;12627244.00
2012/03/19;4.62;4.70;4.54;4.68;720036;15803394.00
2012/03/20;4.67;4.67;4.58;4.58;601725;13192670.00
2012/03/21;4.59;4.60;4.32;4.38;835100;17568002.00
2012/03/22;4.38;4.42;4.33;4.42;352771;7348588.00
2012/03/23;4.36;4.42;4.27;4.29;380476;7848954.50
2012/03/26;4.30;4.34;4.26;4.29;289829;5921828.50
2012/03/27;4.33;4.38;4.22;4.27;253942;5218434.50
2012/03/28;4.20;4.26;4.09;4.11;384458;7624039.50
2012/03/29;4.03;4.09;3.98;4.01;298097;5745855.50
2012/03/30;4.11;4.16;4.03;4.14;393861;7671523.00
2012/04/05;4.16;4.33;4.15;4.29;378925;7687312.50
2012/04/06;4.36;4.38;4.27;4.37;250048;5155945.00
2012/04/09;4.37;4.49;4.33;4.34;504065;10554136.00
2012/04/10;4.23;4.53;4.15;4.51;1097822;22609764.00
2012/04/11;4.44;4.50;4.40;4.47;399374;8419989.00
2012/04/12;4.51;4.56;4.47;4.56;425711;9136049.00
2012/04/13;4.56;4.61;4.50;4.56;396653;8606493.00
2012/04/16;4.56;4.60;4.51;4.51;295467;6375937.50
2012/04/17;4.48;4.52;4.43;4.46;419681;8901803.00
2012/04/18;4.46;4.67;4.45;4.62;927646;20155712.00
2012/04/19;4.62;4.71;4.60;4.66;519591;11497418.00
2012/04/20;4.62;4.69;4.62;4.63;420461;9271640.00
2012/04/23;4.58;4.69;4.42;4.53;500003;10731716.00
2012/04/24;4.52;4.54;4.24;4.47;479514;10067967.00
2012/04/25;4.46;4.62;4.32;4.49;613020;13123170.00
2012/04/26;4.56;4.56;4.43;4.44;163290;3465478.75
2012/04/27;4.45;4.53;4.41;4.42;166750;3523943.00
2012/05/02;4.49;4.54;4.42;4.51;423196;9038616.00
2012/05/03;4.50;4.53;4.43;4.45;332455;7071039.00
2012/05/04;4.42;4.57;4.42;4.53;365643;7808050.00
2012/05/07;4.32;4.61;4.32;4.60;912293;19762780.00
2012/05/08;4.58;4.67;4.54;4.65;743697;16238176.00
2012/05/09;4.64;4.68;4.52;4.61;412604;8932677.00
2012/05/10;4.60;4.64;4.54;4.61;399485;8726877.00
2012/05/11;4.60;4.60;4.47;4.49;274420;5881879.50
2012/05/14;4.51;4.58;4.31;4.40;453126;9514352.00
2012/05/15;4.42;4.43;4.31;4.42;184915;3831711.50
2012/05/16;4.49;4.49;4.31;4.31;167402;3478203.75
2012/05/17;4.38;4.39;4.28;4.39;181040;3732698.50
2012/05/18;4.37;4.38;4.27;4.28;155567;3195722.25
2012/05/21;4.30;4.32;4.23;4.29;99908;2033681.38
2012/05/22;4.32;4.38;4.20;4.37;132471;2712416.75
2012/05/23;4.35;4.35;4.24;4.30;189451;3847803.75
2012/05/24;4.28;4.33;4.25;4.32;113390;2313857.25
2012/05/25;4.34;4.40;4.25;4.29;101775;2087745.75
2012/05/28;4.23;4.27;4.14;4.27;139452;2785047.50
2012/05/29;4.24;4.40;4.24;4.36;199140;4101174.25
2012/05/30;4.39;4.40;4.33;4.38;91471;1899657.75
2012/05/31;4.35;4.49;4.35;4.44;161412;3384895.50
2012/06/01;4.46;4.46;4.40;4.44;95705;2014697.63
2012/06/04;4.40;4.40;4.24;4.34;168250;3455573.25
2012/06/05;4.29;4.36;4.28;4.29;83537;1711105.50
2012/06/06;4.29;4.31;4.21;4.29;269355;5443166.50
2012/06/07;4.35;4.38;4.16;4.17;311534;6303805.50
2012/06/08;4.18;4.20;4.04;4.08;321220;6259852.50
2012/06/11;4.05;4.20;4.05;4.18;177219;3502917.50
2012/06/12;4.17;4.18;4.10;4.16;306360;6067368.50
2012/06/13;4.17;4.24;4.14;4.24;288018;5753128.00
2012/06/14;4.17;4.33;4.17;4.27;249010;5078441.00
2012/06/15;4.33;4.34;4.28;4.32;231129;4750440.00
2012/06/18;4.32;4.41;4.31;4.36;187511;3892721.00
2012/06/19;4.41;4.51;4.35;4.48;378254;7967234.50
2012/06/20;4.51;4.64;4.46;4.58;485451;10531778.00
2012/06/21;4.57;4.66;4.49;4.64;555147;12097888.00
2012/06/25;4.62;4.68;4.40;4.42;611663;13141385.00
2012/06/26;4.45;4.89;4.38;4.89;1300638;29546116.00
2012/06/27;4.89;4.91;4.70;4.78;1027041;23427146.00
2012/06/28;4.78;4.98;4.75;4.77;813940;18634694.00
2012/06/29;4.73;4.89;4.62;4.87;546367;12278742.00
2012/07/02;4.88;5.06;4.80;5.06;993914;23262010.00
2012/07/03;5.11;5.44;5.04;5.20;2268839;55454920.00
2012/07/04;5.18;5.18;5.00;5.11;762235;18107152.00
2012/07/05;5.10;5.11;4.98;5.11;542405;12757866.00
2012/07/06;5.09;5.16;4.99;5.14;484015;11497306.00
2012/07/09;5.17;5.20;4.95;4.95;493039;11720136.00
2012/07/10;4.93;4.96;4.80;4.92;357055;8150042.00
2012/07/11;4.87;4.98;4.83;4.93;247172;5684458.00
2012/07/12;4.91;5.02;4.82;5.00;395060;9145607.00
2012/07/13;5.00;5.00;4.86;4.86;262010;6012017.00
2012/07/16;4.84;4.86;4.70;4.72;260562;5797511.50
2012/07/17;4.69;4.79;4.69;4.76;248709;5519756.00
2012/07/18;4.78;5.04;4.78;5.01;463077;10692222.00
2012/07/19;5.01;5.19;4.97;5.04;654609;15626654.00
2012/07/20;5.04;5.10;4.94;4.94;242255;5671971.50
2012/07/23;4.94;5.24;4.94;5.22;660719;15883151.00
2012/07/24;5.13;5.26;5.10;5.20;452676;10962165.00
2012/07/25;5.20;5.21;5.02;5.03;419851;10076119.00
2012/07/26;5.01;5.13;4.98;5.06;257025;6087809.50
2012/07/27;5.04;5.13;4.82;5.07;546709;12673392.00
2012/07/30;5.02;5.04;4.87;4.87;254220;5890304.00
2012/07/31;4.84;4.96;4.62;4.62;474223;10635582.00
2012/08/01;4.62;5.11;4.60;4.82;286430;6552855.50
2012/08/02;4.81;5.00;4.72;5.00;441308;10138986.00
2012/08/03;5.00;5.06;4.93;5.04;270861;6359090.00
2012/08/06;5.02;5.23;4.93;5.16;391155;9384059.00
2012/08/07;5.18;5.38;5.11;5.30;755737;18539982.00
2012/08/08;5.31;5.31;5.09;5.16;569563;13834082.00
2012/08/09;5.17;5.30;5.09;5.29;324823;7911799.50
2012/08/10;5.32;5.40;5.14;5.29;425458;10500152.00
2012/08/13;5.29;5.44;5.27;5.36;500688;12534418.00
2012/08/14;5.36;5.43;5.18;5.36;585496;14455590.00
2012/08/15;5.36;5.40;5.25;5.31;189411;4716923.00
2012/08/16;5.29;5.32;5.18;5.22;158675;3900133.75
2012/08/17;5.21;5.35;5.14;5.34;439862;10777522.00
2012/08/20;5.34;5.66;5.24;5.63;670541;17042378.00
2012/08/21;5.58;5.77;5.51;5.64;901705;23795326.00
2012/08/22;5.87;6.00;5.66;5.69;979853;26590854.00
2012/08/23;5.62;5.79;5.62;5.68;421657;11173429.00
2012/08/24;5.67;5.68;5.38;5.51;979189;25146176.00
2012/08/27;5.48;5.48;5.15;5.35;696416;17390400.00
2012/08/28;5.29;5.49;5.21;5.36;900779;22387380.00
2012/08/29;5.36;5.50;5.33;5.38;332374;8409483.00
2012/08/30;5.39;5.40;5.16;5.36;642460;15855756.00
2012/08/31;5.36;5.37;5.29;5.36;204572;5085867.50
2012/09/03;5.35;5.50;5.33;5.48;380820;9665633.00
2012/09/04;5.53;5.62;5.45;5.49;408342;10530818.00
2012/09/05;5.45;5.57;5.33;5.56;421480;10788894.00
2012/09/06;5.60;5.64;5.49;5.54;325600;8391449.00
2012/09/07;5.58;5.68;5.55;5.60;648500;16923920.00
2012/09/10;5.62;5.64;5.52;5.54;437140;11342515.00
2012/09/11;5.54;5.66;5.51;5.53;308448;8041333.00
2012/09/12;5.52;5.57;5.47;5.53;367935;9476634.00
2012/09/13;5.54;5.58;5.36;5.38;263683;6748609.50
2012/09/14;5.42;5.42;5.19;5.33;949411;23438616.00
2012/09/17;5.33;5.35;5.26;5.27;405218;10019842.00
2012/09/18;5.31;5.38;5.23;5.33;222924;5538940.50
2012/09/19;5.27;5.38;5.26;5.32;103669;2581586.00
2012/09/20;5.31;5.36;5.14;5.14;301550;7350048.50
2012/09/21;5.14;5.17;5.10;5.10;174906;4205062.00
2012/09/24;5.02;5.18;4.98;5.16;130460;3108136.75
2012/09/25;5.18;5.36;5.18;5.22;283413;6980332.00
2012/09/26;5.14;5.20;4.80;4.88;684541;15860435.00
2012/09/27;4.92;5.02;4.81;4.94;403632;9265877.00
2012/09/28;4.94;4.99;4.85;4.96;334376;7680694.50
2012/10/08;4.97;5.09;4.92;5.07;221301;5187831.00
2012/10/09;5.01;5.20;5.01;5.20;250717;6026469.00
2012/10/10;5.20;5.73;5.15;5.46;852806;21572114.00
2012/10/11;5.38;5.45;5.30;5.31;344005;8641556.00
2012/10/12;5.37;5.37;5.23;5.33;281199;6973116.00
2012/10/15;5.24;5.80;5.23;5.56;338452;8519261.00
2012/10/16;5.53;5.57;5.47;5.53;315461;8137937.00
2012/10/17;5.47;5.60;5.47;5.54;470494;12160221.00
2012/10/18;5.54;5.59;5.51;5.54;409907;10624150.00
2012/10/19;5.58;5.64;5.43;5.44;416289;10631213.00
2012/10/22;5.47;5.57;5.45;5.56;343359;8830174.00
2012/10/23;5.57;5.63;5.38;5.45;360172;9264305.00
2012/10/24;5.40;5.43;5.36;5.37;151252;3803651.75
2012/10/25;5.37;5.39;5.22;5.32;345557;8542367.00
2012/10/26;5.33;5.34;5.19;5.32;215771;5272000.50
2012/10/29;5.32;5.38;5.22;5.38;240038;5936727.00
2012/10/30;5.38;5.60;5.32;5.57;628225;16134903.00
2012/10/31;5.60;5.64;5.51;5.59;828696;21587434.00
2012/11/01;5.59;5.66;5.55;5.64;518654;13557340.00
2012/11/02;5.74;5.90;5.68;5.85;1301847;35248728.00
2012/11/05;5.91;5.91;5.69;5.80;894210;24084716.00
2012/11/06;5.75;5.80;5.60;5.73;788086;20871742.00
2012/11/07;5.70;5.73;5.63;5.63;326392;8622439.00
2012/11/08;5.61;5.61;5.47;5.54;416675;10726292.00
2012/11/09;5.49;5.55;5.45;5.51;276012;7073513.00
2012/11/12;5.52;5.59;5.41;5.49;375583;9642638.00
2012/11/13;5.47;5.47;5.31;5.31;539731;13523569.00
2012/11/14;5.31;5.31;5.21;5.27;470193;11531434.00
2012/11/15;5.27;5.28;5.20;5.23;218700;5353249.50
2012/11/16;5.26;5.31;5.18;5.29;340822;8314864.50
2012/11/19;5.21;5.37;5.17;5.34;463501;11337304.00
2012/11/20;5.34;5.38;5.06;5.08;750205;18294656.00
2012/11/21;5.04;5.12;5.00;5.11;338382;7998006.50
2012/11/22;5.09;5.16;5.04;5.11;180330;4315469.00
2012/11/23;5.11;5.19;5.11;5.15;199375;4806479.00
2012/11/26;5.16;5.16;4.92;5.02;285991;6730977.50
2012/11/27;4.98;5.04;4.88;4.91;179196;4153543.25
2012/11/28;4.92;4.96;4.87;4.92;152893;3519985.00
2012/11/29;4.95;5.00;4.91;4.92;180230;4180294.50
2012/11/30;4.94;5.06;4.87;5.04;302315;7032912.00
2012/12/03;4.94;5.06;4.89;4.96;226907;5278783.00
2012/12/04;4.96;5.07;4.93;5.06;278445;6511785.50
2012/12/06;5.55;5.55;5.30;5.34;1002458;25206796.00
2012/12/07;5.34;5.53;5.34;5.46;952552;24217166.00
2012/12/10;5.42;5.55;5.40;5.53;996299;25410722.00
2012/12/11;5.51;5.51;5.42;5.46;417185;10639756.00
2012/12/12;5.40;5.47;5.31;5.37;342257;8591452.00
2012/12/13;5.33;5.44;5.32;5.42;320402;8057144.00
2012/12/14;5.44;5.69;5.40;5.69;734602;19064778.00
2012/12/17;5.70;5.99;5.70;5.78;944408;25685862.00
2012/12/18;5.78;5.86;5.64;5.64;566034;15063162.00
2012/12/19;5.65;5.77;5.64;5.68;215351;5720427.50
2012/12/20;5.71;5.98;5.71;5.98;789519;21625384.00
2012/12/21;5.98;6.29;5.98;6.22;1349237;38885628.00
2012/12/24;6.22;6.43;6.13;6.30;1538343;44643388.00
2012/12/25;6.30;6.53;6.25;6.31;1176222;34750532.00
2012/12/26;6.33;6.46;6.28;6.40;691622;20440054.00
2012/12/27;6.48;6.53;6.29;6.30;852656;25370946.00
2012/12/28;6.22;6.50;6.22;6.48;793996;23430382.00
2012/12/31;6.52;6.58;6.38;6.42;625897;18791412.00
2013/01/04;6.47;6.55;6.23;6.37;1053137;30887470.00
2013/01/07;6.34;6.50;6.26;6.48;555774;16433957.00
2013/01/08;6.49;6.99;6.48;6.78;1613114;50871312.00
2013/01/09;6.72;7.01;6.64;6.93;1501599;47632572.00
2013/01/10;7.04;7.04;6.73;6.83;962376;30697464.00
2013/01/11;6.91;6.99;6.65;6.72;744018;23513556.00
2013/01/14;6.70;6.98;6.61;6.92;926825;29449950.00
2013/01/15;6.98;7.09;6.78;7.00;1378770;44518428.00
2013/01/16;6.98;6.98;6.73;6.84;613366;19452312.00
2013/01/17;6.80;7.23;6.80;7.22;1429429;46712228.00
2013/01/18;7.18;7.30;7.11;7.25;717576;23920410.00
2013/01/21;7.22;7.26;7.15;7.24;559145;18578730.00
2013/01/22;7.22;7.24;7.01;7.16;652667;21486228.00
2013/01/23;7.16;7.16;6.83;7.06;758814;24482782.00
2013/01/24;7.02;7.11;6.67;6.67;740348;23501000.00
2013/01/25;6.73;6.86;6.72;6.82;492026;15477438.00
2013/01/28;6.80;7.01;6.76;7.00;573702;18330682.00
2013/01/29;7.05;7.22;7.01;7.02;661827;21790556.00
2013/01/30;7.24;7.35;6.96;7.09;924122;30488826.00
2013/01/31;7.05;7.06;6.79;6.80;938525;29905280.00
2013/02/01;6.78;7.04;6.71;6.93;497570;15901644.00
2013/02/04;6.95;7.09;6.62;6.71;827477;26049942.00
2013/02/05;6.70;7.00;6.58;6.91;926153;29160918.00
2013/02/06;6.96;7.19;6.86;7.10;417081;13633988.00
2013/02/07;7.07;7.20;6.91;7.09;588335;19417578.00
2013/02/08;7.10;7.33;7.03;7.29;578475;19402266.00
2013/02/18;7.33;7.58;7.21;7.49;987119;34083240.00
2013/02/19;7.42;7.50;7.24;7.35;446436;15150439.00
2013/02/20;7.33;7.56;7.31;7.52;712000;24597232.00
2013/02/21;7.43;7.53;7.20;7.20;720662;24353628.00
2013/02/22;7.21;7.24;7.03;7.08;623761;20638326.00
2013/02/25;7.15;7.28;7.10;7.24;730494;24232160.00
2013/02/26;7.24;7.34;7.05;7.07;793155;26506372.00
2013/02/27;7.04;7.20;6.84;6.91;1029394;33521088.00
2013/02/28;6.85;7.22;6.83;7.20;732014;24061988.00
2013/03/01;7.16;7.47;7.16;7.44;754192;25619782.00
2013/03/04;7.37;7.51;7.20;7.23;512357;17353746.00
2013/03/05;7.23;7.53;7.18;7.53;516148;17638126.00
2013/03/06;7.60;7.96;7.60;7.89;1104206;39619260.00
2013/03/07;7.94;8.00;7.54;7.58;708252;25233792.00
2013/03/08;7.68;7.68;7.32;7.33;522623;18053310.00
2013/03/11;7.37;7.48;7.27;7.38;380449;12971245.00
2013/03/12;7.46;7.51;6.93;7.12;805382;26729404.00
2013/03/13;7.11;7.20;7.01;7.11;246738;8123679.50
2013/03/14;7.03;7.22;7.03;7.14;359151;11857878.00
2013/03/15;7.16;7.48;7.11;7.29;647694;21997184.00
2013/03/18;7.30;7.53;7.17;7.41;627040;21572084.00
2013/03/19;7.42;7.53;7.18;7.44;541145;18446842.00
2013/03/20;7.44;7.63;7.40;7.59;884644;30653072.00
2013/03/21;7.64;7.94;7.59;7.94;1182106;42623004.00
2013/03/22;7.95;8.28;7.91;8.19;1581769;59603980.00
2013/03/25;8.15;8.30;8.10;8.20;699454;26475548.00
2013/03/26;8.22;8.26;7.98;8.24;708125;26441448.00
2013/03/27;8.20;8.35;8.11;8.19;397368;15044504.00
2013/03/28;8.14;8.14;7.96;8.09;450527;16742104.00
2013/03/29;8.07;8.35;8.02;8.30;363253;13738676.00
2013/04/01;8.30;8.58;8.25;8.52;611787;23871226.00
2013/04/02;8.62;8.62;7.82;8.07;1069948;40363884.00
2013/04/03;8.03;8.11;7.80;8.07;458832;16785264.00
2013/04/08;7.81;8.24;7.72;8.12;815330;29951192.00
2013/04/09;8.14;8.24;7.96;8.03;372632;13865051.00
2013/04/10;8.03;8.06;7.62;7.75;740095;26531400.00
2013/04/11;7.80;7.80;7.64;7.73;440693;15724284.00
2013/04/12;7.75;8.06;7.75;7.88;630079;23091788.00
2013/04/15;7.87;7.87;7.73;7.73;236413;8502139.00
2013/04/16;7.70;8.00;7.66;8.00;291668;10575121.00
2013/04/17;7.98;8.30;7.98;8.19;749092;28230966.00
2013/04/18;8.13;8.36;8.07;8.36;865520;32901502.00
2013/04/19;8.32;8.42;8.26;8.36;861142;33149626.00
2013/04/22;8.29;8.55;8.22;8.54;1161129;45111320.00
2013/04/23;8.53;8.61;8.20;8.20;1056158;40489068.00
2013/04/24;8.28;8.61;8.15;8.56;942407;36683320.00
2013/04/25;8.55;8.77;8.20;8.20;1553778;61092952.00
2013/04/26;8.16;8.36;8.02;8.16;603495;22779206.00
2013/05/02;8.10;8.27;8.10;8.19;515128;19442146.00
2013/05/03;8.21;8.58;8.17;8.56;769043;29828660.00
2013/05/06;8.47;8.94;8.47;8.87;1200018;48490464.00
2013/05/07;8.86;8.86;8.48;8.58;1174854;46737492.00
2013/05/08;8.58;8.72;8.49;8.72;818360;32396526.00
2013/05/09;8.66;8.95;8.60;8.95;888722;35824708.00
2013/05/10;9.07;9.35;8.84;8.88;1533663;64318932.00
2013/05/13;8.80;9.10;8.61;9.10;541995;22042732.00
2013/05/14;9.08;9.31;8.89;9.23;754775;31654786.00
2013/05/15;9.17;9.29;9.04;9.29;1069583;44889188.00
2013/05/16;9.14;9.44;8.98;9.08;1241725;52485236.00
2013/05/17;8.93;9.24;8.93;9.09;553047;23094880.00
2013/05/20;9.04;9.57;9.02;9.54;986956;42189488.00
2013/05/21;9.51;9.91;9.41;9.83;1195088;53191692.00
2013/05/22;9.76;9.91;9.53;9.89;1648458;73454856.00
2013/05/23;9.80;10.82;9.69;10.31;1606661;76202152.00
2013/05/24;10.41;10.63;10.23;10.47;1378993;65725740.00
2013/05/27;10.44;10.47;10.16;10.31;1359217;64171904.00
2013/05/28;10.18;10.28;9.82;10.02;1069836;49201620.00
2013/05/29;10.02;10.11;9.66;9.74;1232904;55732336.00
2013/05/30;9.74;9.93;9.68;9.85;664244;29868882.00
2013/05/31;9.89;10.17;9.45;9.91;1078714;32483760.00
2013/06/03;9.88;10.13;9.54;9.73;1124066;33555660.00
2013/06/04;9.74;9.75;8.93;9.38;2189404;61494744.00
2013/06/05;9.24;9.66;9.24;9.49;1055322;30420058.00
2013/06/06;9.34;9.44;8.89;8.92;1195568;33031268.00
2013/06/07;8.92;9.10;8.84;8.98;888027;24284926.00
2013/06/13;8.84;9.14;8.61;8.87;894343;24159346.00
2013/06/14;8.90;9.49;8.90;9.37;1053168;29977248.00
2013/06/17;9.35;9.92;9.35;9.47;1875689;55351400.00
2013/06/18;9.44;10.16;9.36;10.03;1258761;37253300.00
2013/06/19;10.01;10.06;9.73;9.91;830723;25094080.00
2013/06/20;9.80;10.27;9.38;9.44;2270897;68486856.00
2013/06/21;9.11;9.50;8.71;9.38;1323635;36914048.00
2013/06/24;9.30;9.33;8.95;9.09;1158536;32328402.00
2013/06/25;9.00;9.42;8.39;9.36;1371608;38164940.00
2013/06/26;9.34;9.87;9.10;9.86;3309755;97677224.00
2013/06/27;9.93;10.11;9.46;9.71;1946143;58367752.00
2013/06/28;9.60;9.83;9.01;9.28;1173218;33940956.00
2013/07/01;8.94;9.78;8.94;9.78;1194230;34248568.00
2013/07/02;9.78;10.09;9.68;10.01;1877141;56905600.00
2013/07/03;9.85;10.34;9.63;10.14;2671192;80917464.00
2013/07/04;10.09;10.26;9.78;9.79;1763522;53889000.00
2013/07/05;9.79;10.03;9.54;9.68;1158947;34434936.00
2013/07/08;9.21;9.80;9.18;9.46;923526;26736632.00
2013/07/09;9.36;9.70;9.25;9.65;816486;23299566.00
2013/07/10;9.60;10.18;9.45;10.11;1857001;55503644.00
2013/07/11;10.10;10.30;9.94;10.19;1294135;40005676.00
2013/07/12;10.21;10.68;10.01;10.50;1337792;42787792.00
2013/07/15;10.68;11.56;10.67;11.56;2877313;97858608.00
2013/07/16;11.69;11.73;11.29;11.34;2267002;79361504.00
2013/07/17;11.28;12.14;11.20;11.71;2093323;74416160.00
2013/07/18;11.62;12.01;11.51;11.85;1519365;54692888.00
2013/07/19;11.81;13.01;11.81;12.13;3024851;113991784.00
2013/07/22;11.94;12.91;11.88;12.77;1925989;73951744.00
2013/07/23;12.75;13.64;12.59;13.51;2569834;102309656.00
2013/07/24;13.44;14.61;13.41;14.24;2755567;118299224.00
2013/07/25;14.21;14.39;13.10;13.57;1944898;80394392.00
2013/07/26;13.51;13.51;12.69;12.88;4666070;184295824.00
2013/07/29;12.80;13.03;12.38;12.64;1921626;73680632.00
2013/07/30;12.64;12.80;11.78;12.18;2157382;79605224.00
2013/07/31;12.27;13.38;12.08;13.25;2410924;94432512.00
2013/08/01;13.21;14.34;13.21;13.98;1614796;68096264.00
2013/08/02;13.98;14.38;13.68;13.80;1380759;58441480.00
2013/08/05;13.71;13.95;13.40;13.81;799245;33222400.00
2013/08/06;14.03;14.49;13.67;13.70;2032494;86529616.00
2013/08/07;13.67;13.67;12.81;13.17;2261431;89470224.00
2013/08/08;12.84;13.25;12.75;12.80;1245534;48942900.00
2013/08/09;12.89;13.09;12.15;12.44;1700733;64320700.00
2013/08/12;12.39;12.59;11.53;12.23;2035621;74388560.00
2013/08/13;12.19;12.48;12.01;12.33;1057398;39596272.00
2013/08/14;12.33;12.91;12.01;12.84;1907017;72147424.00
2013/08/15;12.88;12.88;12.57;12.59;1153253;44314452.00
2013/08/16;12.40;12.76;11.64;11.80;1609533;60227448.00
2013/08/19;11.75;12.40;11.74;12.38;1641274;60710244.00
2013/08/20;12.35;12.66;12.32;12.58;1106420;41854648.00
2013/08/21;12.57;12.64;12.04;12.38;1004294;37800364.00
2013/08/22;12.50;13.09;12.38;13.09;2062073;80804784.00
2013/08/23;13.09;14.11;13.08;14.01;4043291;168419408.00
2013/08/26;13.81;14.09;13.76;13.96;1812053;76576592.00
2013/08/27;13.96;14.34;13.59;14.18;1426589;60196468.00
2013/08/28;13.95;14.77;13.86;14.01;1508944;65641540.00
2013/08/29;13.99;14.11;13.35;13.73;873543;36353024.00
2013/08/30;13.51;13.72;12.34;12.34;1565117;62254188.00
2013/09/02;12.49;13.09;12.36;12.97;1078978;41991424.00
2013/09/03;12.91;13.61;12.71;13.43;667859;27162558.00
2013/09/04;13.44;13.64;13.23;13.27;295200;11947893.00
2013/09/05;13.27;13.91;13.18;13.77;776212;32171282.00
2013/09/06;13.78;14.28;13.65;13.85;730536;31035524.00
2013/09/09;14.02;14.28;13.45;13.74;1164629;48937140.00
2013/09/10;13.63;13.63;12.84;13.25;1408579;56062688.00
2013/09/11;13.04;13.18;12.50;12.51;1110481;42754996.00
2013/09/12;12.50;12.93;12.46;12.61;595310;23042086.00
2013/09/13;12.68;12.97;12.37;12.92;659866;25501376.00
2013/09/16;12.74;13.44;12.74;13.40;1060224;42568988.00
2013/09/17;13.28;13.74;13.28;13.42;1059041;43587656.00
2013/09/18;13.42;13.48;12.85;13.14;717983;28679142.00
2013/09/23;13.14;13.91;12.85;13.80;869513;35783360.00
2013/09/24;13.68;14.57;13.52;14.53;2009892;85072040.00
2013/09/25;14.64;14.68;13.92;14.51;958415;41279620.00
2013/09/26;14.25;14.28;13.46;13.51;1117336;46897276.00
2013/09/27;13.44;13.88;13.24;13.56;350873;14452717.00
2013/09/30;13.67;14.27;13.61;14.27;662705;28130370.00
2013/10/08;14.16;15.17;14.06;15.11;1777041;78822896.00
2013/10/09;15.11;16.01;14.98;15.46;1498218;70525904.00
2013/10/10;15.32;15.81;14.52;14.54;980308;44417564.00
2013/10/11;14.57;15.11;14.57;14.84;982051;44296704.00
2013/10/14;15.04;15.67;14.70;15.51;755861;35283868.00
2013/10/15;15.41;16.00;14.18;14.51;1572484;72135552.00
2013/10/16;14.51;14.51;13.74;13.98;1137715;48123128.00
2013/10/17;13.98;14.16;13.39;13.59;879310;36778008.00
2013/10/18;13.60;14.17;13.60;14.07;670987;28428068.00
2013/10/21;14.28;14.87;14.11;14.66;803282;35338652.00
2013/10/22;14.66;14.81;13.71;13.95;1020994;43939248.00
2013/10/23;13.84;14.16;13.18;13.56;1070901;43797244.00
2013/10/24;13.51;13.61;13.28;13.37;287197;11722975.00
2013/10/25;13.37;13.50;12.40;12.47;1689434;64704040.00
2013/10/28;12.41;12.85;12.41;12.76;684179;26093114.00
2013/10/29;12.62;13.00;12.12;12.23;996050;37407716.00
2013/10/30;12.23;12.80;11.86;12.71;796549;30033502.00
2013/10/31;12.67;12.67;12.04;12.10;515567;19163546.00
2013/11/01;11.94;12.10;11.52;11.78;1071332;38309772.00
2013/11/04;11.84;12.01;11.65;11.91;521736;18787868.00
2013/11/05;11.84;12.84;11.84;12.78;1025308;38712640.00
2013/11/06;12.78;13.06;12.58;12.58;930094;36171340.00
2013/11/07;12.54;12.58;11.87;12.14;920575;34063064.00
2013/11/08;11.94;12.14;11.71;11.83;989456;35638388.00
2013/11/11;11.84;11.99;11.44;11.97;716474;25515326.00
2013/11/12;11.97;12.21;11.71;12.14;576508;20973088.00
2013/11/13;12.01;12.04;11.69;11.92;648859;23390946.00
2013/11/14;11.88;12.64;11.72;12.51;806672;30145528.00
2013/11/15;12.48;13.21;12.48;12.94;919291;35927460.00
2013/11/18;13.09;13.50;12.68;13.26;854305;33985924.00
2013/11/19;13.14;13.44;13.14;13.38;610583;24702854.00
2013/11/20;13.47;13.54;13.18;13.45;400277;16175217.00
2013/11/21;13.45;13.45;12.81;13.17;586875;23284478.00
2013/11/22;13.01;13.14;12.58;12.74;465016;18138458.00
2013/11/25;12.63;13.31;12.62;13.04;672027;26841486.00
2013/11/26;13.01;13.23;12.76;12.95;337383;13213034.00
2013/11/27;12.81;13.31;12.81;13.14;766525;30504670.00
2013/11/28;13.14;13.47;13.00;13.30;710407;28574518.00
2013/11/29;13.43;13.84;13.30;13.73;830541;34434936.00
2013/12/02;12.48;13.18;12.34;12.34;1731532;65886356.00
2013/12/03;11.79;12.68;11.66;12.47;1188007;44555744.00
2013/12/04;12.24;12.54;11.87;11.87;1067611;40062040.00
2013/12/05;11.94;12.01;10.67;10.85;2601546;88393040.00
2013/12/06;10.84;11.14;10.79;10.99;814177;27098982.00
2013/12/09;10.96;11.74;10.96;11.56;673645;23588638.00
2013/12/10;11.56;11.98;11.47;11.77;586115;21003776.00
2013/12/11;11.84;12.48;11.84;12.08;881901;32737564.00
2013/12/12;11.86;12.54;11.86;12.38;1130279;42556332.00
2013/12/13;12.48;12.48;11.90;12.21;567007;21099064.00
2013/12/16;12.04;12.26;11.92;12.18;484227;17835706.00
2013/12/17;12.21;12.27;11.69;12.18;366272;13248577.00
2013/12/18;12.14;12.18;11.75;11.98;435515;15761915.00
2013/12/19;11.86;12.18;11.58;11.92;216291;7818719.50
2013/12/20;11.81;11.94;11.58;11.84;266859;9566504.00
2013/12/23;11.80;11.83;11.47;11.83;494438;17442242.00
2013/12/24;11.59;12.02;11.59;12.02;493013;17686658.00
2013/12/25;11.86;12.36;11.86;12.34;836289;30888316.00
2013/12/26;12.34;12.79;12.19;12.24;1073808;40887420.00
2013/12/27;12.24;12.78;12.24;12.48;683282;26105274.00
2013/12/30;12.67;12.78;12.41;12.51;1259974;48146792.00
2013/12/31;12.51;12.52;12.12;12.34;1686254;63020364.00
2014/01/02;12.27;12.95;12.12;12.78;1369931;53147536.00
2014/01/03;12.70;13.98;12.67;13.71;2447634;100852688.00
2014/01/06;13.52;14.01;13.51;13.58;942979;39586860.00
2014/01/07;13.35;14.34;13.24;14.18;562171;23824632.00
2014/01/08;14.18;14.81;14.00;14.21;757984;33010546.00
2014/01/09;14.36;14.44;13.88;14.11;634094;27168878.00
2014/01/10;13.81;13.98;13.38;13.51;265873;11014889.00
2014/01/13;13.68;13.79;13.51;13.68;222689;9234124.00
2014/01/14;13.48;14.39;13.48;14.37;292059;12540885.00
2014/01/15;14.46;14.98;14.38;14.44;406618;18071028.00
2014/01/16;14.51;14.93;13.75;14.47;499905;21565486.00
2014/01/17;14.44;14.66;14.21;14.35;257636;11245219.00
2014/01/20;14.49;14.54;13.84;14.22;528271;22715864.00
2014/01/21;14.21;14.43;13.90;14.31;346512;15054312.00
2014/01/22;14.08;15.01;14.08;14.91;410270;18404218.00
2014/01/23;14.93;16.09;14.91;15.66;758257;35600636.00
2014/01/24;15.66;16.64;15.55;16.14;1029068;50653052.00
2014/01/27;15.99;16.48;15.52;15.57;533559;25821078.00
2014/01/28;15.56;15.80;15.08;15.57;569749;26691664.00
2014/01/29;15.71;17.01;15.51;16.53;772495;38331396.00
2014/01/30;16.38;17.17;16.18;16.68;572433;29107872.00
2014/02/07;16.61;17.67;16.44;17.53;642547;33741752.00
2014/02/10;17.51;17.92;17.01;17.55;1366429;72679000.00
2014/02/11;17.84;17.89;16.32;16.68;1359654;68678728.00
2014/02/12;16.76;17.01;15.98;16.98;812043;40173424.00
2014/02/13;16.51;16.91;16.28;16.28;408367;20406440.00
2014/02/14;16.29;16.71;16.21;16.61;441583;22032122.00
2014/02/17;16.68;16.68;16.21;16.30;1672392;82536680.00
2014/02/18;16.31;16.78;16.05;16.78;1363046;67672056.00
2014/02/19;16.68;16.68;15.99;16.27;798374;39383760.00
2014/02/20;16.36;16.36;15.60;15.67;1225122;58942072.00
2014/02/21;15.62;15.69;15.04;15.17;1432210;66574676.00
2014/02/24;15.01;15.42;14.78;15.24;1264678;57666404.00
2014/02/25;15.25;16.02;14.84;14.84;2663764;126237104.00
2014/02/26;14.51;14.97;14.01;14.97;1235170;54307484.00
2014/02/27;15.00;15.21;14.35;14.42;1012097;45106420.00
2014/02/28;14.50;14.51;13.30;14.17;2021583;84473856.00
2014/03/03;14.14;15.60;14.03;15.18;2167465;97587776.00
2014/03/04;15.11;15.11;14.34;14.63;716828;32000884.00
2014/03/05;14.57;15.68;14.19;15.37;1260284;57683676.00
2014/03/06;15.54;15.84;15.08;15.78;1226968;57998956.00
2014/03/07;15.71;16.26;15.68;15.96;891211;43322456.00
2014/03/10;15.94;16.06;14.71;14.71;750139;34875020.00
2014/03/11;14.71;15.68;14.61;15.12;884701;40857984.00
2014/03/12;15.11;15.50;14.51;14.78;585679;26385520.00
2014/03/13;14.81;15.90;14.68;15.90;885710;41738804.00
2014/03/14;15.73;16.04;15.54;15.78;483118;23063406.00
2014/03/17;15.94;16.60;15.79;16.56;912332;45221192.00
2014/03/18;16.56;16.93;16.20;16.38;574405;28833768.00
2014/03/19;16.28;16.84;15.91;15.99;640612;31374708.00
2014/03/20;15.84;16.67;15.38;15.39;1058683;51873852.00
2014/03/21;15.39;15.84;14.77;15.52;654231;30296956.00
2014/03/24;15.51;15.94;15.08;15.08;585772;27466376.00
2014/03/25;15.13;15.51;14.84;14.98;588776;27102586.00
2014/03/26;14.98;15.48;14.94;15.46;351089;16303780.00
2014/03/27;15.69;15.70;14.68;14.74;452955;20612378.00
2014/03/28;14.71;14.78;13.52;14.18;822923;35334616.00
2014/03/31;14.18;14.46;13.68;13.82;398679;16794108.00
2014/04/01;13.83;14.34;13.83;14.30;357926;15341546.00
2014/04/02;14.18;14.48;12.97;14.30;1498888;62144856.00
2014/04/03;14.13;14.13;13.54;13.58;1560468;64913416.00
2014/04/04;13.58;14.07;13.19;13.98;638046;26654922.00
2014/04/08;13.94;14.31;13.81;14.14;763407;32722202.00
2014/04/09;14.34;14.67;14.34;14.61;529516;23327574.00
2014/04/10;14.61;15.76;14.61;15.01;1374908;63394232.00
2014/04/11;14.90;14.90;14.08;14.39;1267874;55255864.00
2014/04/14;14.37;14.50;14.11;14.22;749229;32512510.00
2014/04/15;14.05;14.49;14.05;14.18;344413;14854352.00
2014/04/16;14.14;14.14;13.84;13.96;372572;15764141.00
2014/04/17;14.04;14.17;13.95;14.05;335347;14285164.00
2014/04/18;14.05;14.51;14.02;14.45;690644;29784510.00
2014/04/21;14.44;14.94;14.05;14.51;1088029;48442100.00
2014/04/22;14.52;14.83;14.18;14.63;1281294;56404656.00
2014/04/23;14.60;14.77;14.51;14.67;361511;16067498.00
2014/04/24;14.67;14.78;14.15;14.38;706171;30848404.00
2014/04/25;14.41;14.47;13.54;14.14;1115373;46889368.00
2014/04/28;14.18;14.38;13.45;13.70;791346;33085966.00
2014/04/29;13.63;13.84;12.42;13.01;1465503;57247284.00
2014/04/30;12.98;13.18;12.65;12.97;817897;32128006.00
2014/05/05;12.92;13.55;12.84;13.39;704767;28387692.00
2014/05/06;13.45;13.84;13.39;13.74;399382;16642057.00
2014/05/07;13.74;13.74;13.08;13.08;460746;18547576.00
2014/05/08;13.12;13.12;12.78;12.81;359069;14092279.00
2014/05/09;12.79;12.99;12.18;12.23;591491;22217776.00
2014/05/12;12.34;12.68;12.24;12.52;629433;23878336.00
2014/05/13;12.52;12.81;12.38;12.48;432784;16566860.00
2014/05/14;12.52;12.71;12.43;12.56;206276;7869093.50
2014/05/15;12.58;12.64;12.07;12.11;576328;21577170.00
2014/05/16;12.17;12.18;11.53;11.84;421125;15084319.00
2014/05/19;11.84;12.00;11.68;11.76;330163;11849082.00
2014/05/20;11.84;12.33;11.84;12.33;1297998;47919004.00
2014/05/21;12.30;12.51;12.11;12.48;745086;27971268.00
2014/05/22;12.59;13.21;12.51;12.98;884143;34767052.00
2014/05/23;12.98;13.28;12.52;13.19;701412;27503176.00
2014/05/26;13.33;13.77;13.33;13.53;844606;34632504.00
2014/05/27;13.51;13.63;13.03;13.34;607230;24457524.00
2014/05/28;13.32;14.09;13.19;13.99;1899274;52594484.00
2014/05/29;13.87;14.03;13.32;13.55;957947;26338580.00
2014/05/30;13.49;13.99;13.49;13.83;1178248;32360294.00
2014/06/03;13.91;14.89;13.77;14.36;1656678;48521772.00
2014/06/04;14.26;14.31;13.90;14.02;1280147;36138580.00
2014/06/05;14.06;15.06;13.90;14.90;2097721;61766236.00
2014/06/06;14.91;15.08;14.55;14.85;1135366;33909016.00
2014/06/09;14.66;15.06;14.42;14.47;668850;19832484.00
2014/06/10;14.60;14.93;13.99;14.61;1622946;47542060.00
2014/06/11;14.61;15.00;14.59;14.79;865370;25772098.00
2014/06/12;14.76;15.41;14.67;15.38;1548267;47415428.00
2014/06/13;15.38;15.64;15.06;15.56;919514;28366952.00
2014/06/16;15.87;16.56;15.32;15.39;2540084;80494880.00
2014/06/17;15.41;15.41;15.09;15.15;741169;22729462.00
2014/06/18;15.12;15.61;15.11;15.12;760044;23413552.00
2014/06/19;15.12;15.38;14.21;14.46;634910;18829130.00
2014/06/20;14.56;15.00;14.46;14.92;443831;13229174.00
2014/06/23;14.94;15.59;14.94;15.37;572026;17730620.00
2014/06/24;15.31;15.31;14.97;15.27;696907;21199924.00
2014/06/25;15.08;15.45;14.99;15.12;357608;10892523.00
2014/06/26;15.36;15.75;15.34;15.39;621058;19421700.00
2014/06/27;15.32;15.86;15.30;15.34;1309505;41095840.00
2014/06/30;15.51;16.32;15.36;16.08;1633859;52323216.00
2014/07/01;16.03;16.41;15.67;16.24;1304984;42210088.00
2014/07/02;16.24;16.43;15.96;16.41;1053288;34473644.00
2014/07/03;16.36;16.36;15.72;15.93;1855029;59586284.00
2014/07/04;15.93;16.06;15.37;15.48;1685219;52571672.00
2014/07/07;15.41;15.41;14.62;14.67;4172112;124694360.00
2014/07/08;14.67;15.21;14.67;15.17;1699317;51272340.00
2014/07/09;15.21;15.21;14.31;14.61;2016870;60192776.00
2014/07/10;14.56;14.71;14.02;14.06;1589511;45856516.00
2014/10/17;15.48;15.48;14.26;14.45;15388563;460263680.00
2014/10/20;14.46;15.40;14.21;14.95;6528282;194727888.00
2014/10/21;14.98;15.20;14.51;14.64;3883485;116032648.00
2014/10/22;14.64;14.84;13.47;13.62;9355116;261883008.00
2014/10/23;13.45;13.68;13.17;13.29;4349507;116692168.00
2014/10/24;13.53;13.92;13.37;13.91;4221561;116411768.00
2014/10/27;13.90;14.30;13.66;14.20;3068857;86709800.00
2014/10/28;14.21;14.51;14.21;14.41;2865845;82981568.00
2014/10/29;14.75;15.31;14.65;15.01;5275633;158962176.00
2014/10/30;15.11;15.11;14.53;14.73;3520512;104184112.00
2014/10/31;14.81;14.81;14.11;14.17;3015118;86955552.00
2014/11/03;14.09;14.39;13.92;14.21;2688802;76770656.00
2014/11/04;14.22;14.28;13.71;13.85;2497735;70441544.00
2014/11/05;13.86;13.90;13.59;13.74;2068795;56929780.00
2014/11/06;13.84;14.17;13.74;14.15;2265547;63341716.00
2014/11/07;14.15;14.24;13.54;13.59;3073753;85863104.00
2014/11/10;13.61;13.66;13.22;13.32;3783947;101604048.00
2014/11/11;13.32;13.44;12.90;12.95;3196253;84498816.00
2014/11/12;13.03;13.22;12.91;13.22;2451619;64526576.00
2014/11/13;13.22;13.25;12.41;12.54;3571688;91502528.00
2014/11/14;12.44;12.64;12.30;12.48;2136737;53627912.00
2014/11/17;12.52;13.05;12.42;12.92;3158709;81476784.00
2014/11/18;12.96;13.30;12.93;13.10;2480010;65683484.00
2014/11/19;13.16;13.21;12.86;13.16;2335046;61325612.00
2014/11/20;13.08;13.08;12.76;12.91;1789763;46433784.00
2014/11/21;12.91;13.06;12.83;12.99;2862331;74648944.00
2014/11/24;13.10;13.10;12.71;12.85;3310506;85674000.00
2014/11/25;12.86;13.60;12.86;13.52;5390491;144319744.00
2014/11/26;13.56;13.91;13.55;13.62;5106298;141528976.00
2014/11/27;13.61;14.03;13.48;13.93;4077157;113043336.00
2014/11/28;13.94;14.15;13.67;13.99;3366555;94233264.00
2014/12/01;13.99;13.99;13.33;13.46;4201456;115013288.00
2014/12/02;13.42;14.82;13.42;14.82;6237034;179482016.00
2014/12/03;15.16;16.03;14.42;15.56;11896853;364858528.00
2014/12/04;15.35;15.63;15.25;15.52;5522546;171725344.00
2014/12/05;15.32;15.32;14.49;14.56;6563675;195687056.00
2014/12/08;14.42;14.42;13.91;14.15;3529311;100908792.00
2014/12/09;13.97;14.01;13.03;13.05;5771352;156521568.00
2014/12/10;13.05;13.75;13.05;13.64;2978330;80659768.00
2014/12/11;13.56;13.81;13.39;13.62;2424340;66216256.00
2014/12/12;13.71;14.01;13.42;13.86;3670489;100904392.00
2014/12/15;13.85;15.26;13.72;15.26;6522634;193996656.00
2014/12/16;15.02;15.14;14.51;14.64;4860384;144939664.00
2014/12/17;14.47;15.64;14.47;15.35;6976931;211232496.00
2014/12/18;15.11;15.66;14.92;15.64;6146742;188610160.00
2014/12/19;15.55;15.55;14.31;14.91;4504924;135571024.00
2014/12/22;14.66;14.71;13.46;13.68;4194973;117953696.00
2014/12/23;13.42;14.11;13.34;13.45;3145286;86820648.00
2014/12/24;13.51;13.99;13.51;13.91;2346993;65328196.00
2014/12/25;13.97;14.06;13.66;13.93;1932485;53897580.00
2014/12/26;13.91;14.31;13.86;13.97;2542721;71731680.00
2014/12/29;13.93;13.93;12.93;13.04;3919343;104487160.00
2014/12/30;12.92;13.21;11.81;12.50;5409984;135483200.00
2014/12/31;12.24;12.83;12.16;12.58;2846861;71158264.00
2015/01/05;12.41;12.47;11.92;12.14;2172173;53173888.00
2015/01/06;12.10;13.37;12.10;13.37;5360127;139859584.00
2015/01/07;13.31;13.34;12.84;13.28;3451414;90958792.00
2015/01/08;13.27;13.99;13.12;13.63;5383862;147793184.00
2015/01/09;13.58;14.36;13.47;13.90;5213082;147242640.00
2015/01/12;13.76;14.38;13.66;14.35;4100484;117424728.00
2015/01/13;14.35;14.96;14.22;14.22;4537919;133780224.00
2015/01/14;14.16;14.58;13.76;13.92;2225301;63022160.00
2015/01/15;13.82;14.76;13.82;14.51;3257524;94812016.00
2015/01/16;14.52;15.26;14.36;14.82;3641114;108631592.00
2015/01/19;14.42;15.69;14.41;15.26;7564945;233358784.00
2015/01/20;15.36;16.79;15.26;16.79;7190649;235957344.00
2015/01/21;16.55;18.16;16.55;17.95;6986612;244500960.00
2015/01/22;17.90;18.05;17.46;17.87;3717208;132304480.00
2015/01/23;17.81;17.83;16.38;16.81;5348210;182897424.00
2015/01/26;16.72;17.56;16.71;17.44;3852734;133253496.00
2015/01/27;17.56;19.20;17.41;19.20;6297419;238295728.00
2015/01/28;19.31;19.31;18.27;18.45;4333018;162680352.00
2015/01/29;18.31;18.45;17.75;18.06;2322988;84265208.00
2015/01/30;17.95;18.26;16.86;16.90;3013810;105071928.00
2015/02/02;16.86;17.84;16.40;17.11;4565247;158382720.00
2015/02/03;17.05;18.46;16.97;17.90;5244987;187882880.00
2015/02/04;17.76;18.06;17.17;17.30;3361167;118651504.00
2015/02/05;17.31;19.04;17.30;18.21;8163152;303023072.00
2015/02/06;18.31;19.25;17.85;18.87;7058448;263844032.00
2015/02/09;18.81;19.16;17.75;17.87;4280890;159708976.00
2015/02/10;17.86;19.31;17.00;19.00;4259921;151888192.00
2015/02/11;19.31;20.71;19.31;19.62;5614332;224943632.00
2015/02/12;19.67;21.26;19.25;20.91;5090473;205900368.00
2015/02/13;20.61;22.15;20.48;21.11;5010687;215197328.00
2015/02/16;20.91;22.66;20.69;22.51;3910502;170527344.00
2015/02/17;22.42;22.51;21.14;22.11;3513647;153560880.00
2015/02/25;21.91;21.94;20.21;20.31;3498712;148669632.00
2015/02/26;20.36;21.38;20.31;20.84;4324512;180186240.00
2015/02/27;21.06;22.36;20.22;22.31;5930106;253228688.00
2015/03/02;21.89;23.91;21.42;22.67;5216920;238656288.00
2015/03/03;22.82;23.74;22.32;22.62;7250322;335089888.00
2015/03/04;23.41;24.89;23.31;24.89;5771456;282850528.00
2015/03/05;26.42;27.39;25.04;26.40;8072723;425066112.00
2015/03/06;25.80;25.91;24.25;24.61;5837705;291457408.00
2015/03/09;23.91;26.59;22.81;25.77;5111437;253738704.00
2015/03/10;25.42;26.54;24.94;25.49;4448666;227780960.00
2015/03/11;25.11;25.49;24.43;24.56;3137388;156320288.00
2015/03/12;24.41;25.41;22.91;23.75;3917708;188591936.00
2015/03/13;23.65;25.43;23.42;24.60;3279488;161654272.00
2015/03/16;24.87;27.07;24.66;27.07;5382133;286677728.00
2015/03/17;27.34;28.01;25.97;26.71;4293187;233574944.00
2015/03/18;26.56;27.66;25.80;27.22;3702604;198489120.00
2015/03/19;27.22;27.36;25.94;26.32;4342428;229023712.00
2015/03/20;26.16;27.73;26.04;26.92;4641892;251708432.00
2015/03/23;27.41;29.62;27.14;29.62;6813791;393721280.00
2015/03/24;29.68;32.59;29.66;32.59;5844848;368031584.00
2015/03/25;32.82;35.86;32.82;33.91;9304183;649488576.00
2015/03/26;32.16;35.04;30.51;30.89;10148839;642197504.00
2015/03/27;30.41;31.82;29.06;31.16;6668530;405574784.00
2015/03/30;30.49;31.41;28.07;29.47;6712216;394281120.00
2015/03/31;29.26;31.16;29.16;31.07;5295282;323959904.00
2015/04/01;30.90;33.66;30.60;33.22;6067988;392890816.00
2015/04/02;33.34;34.04;32.36;33.91;3902593;260707312.00
2015/04/03;32.94;33.91;31.52;32.91;3486578;229623184.00
2015/04/07;32.91;35.51;32.26;35.25;4404208;300667744.00
2015/04/08;35.26;36.69;33.31;34.24;3722377;258238096.00
2015/04/09;33.91;36.13;30.81;35.34;6490652;429886496.00
2015/04/10;34.35;37.66;33.93;37.29;4649653;339024000.00
2015/04/13;37.21;38.16;35.94;36.97;2563564;190778560.00
2015/04/14;36.66;39.59;35.92;37.94;2624420;199778224.00
2015/04/15;37.21;37.36;34.43;34.61;2679711;192723952.00
2015/04/16;34.39;36.41;33.17;34.33;2381599;165797600.00
2015/04/17;34.06;34.31;32.06;32.59;4557142;299750528.00
2015/04/20;32.16;33.21;31.41;31.62;2979451;193185920.00
2015/04/21;31.61;34.79;31.49;34.79;3714969;251235072.00
2015/04/22;35.91;38.28;35.40;38.28;4142776;310095360.00
2015/04/23;38.16;41.42;36.92;40.48;3374271;272356704.00
2015/04/24;39.36;42.50;37.42;40.80;3177237;255442192.00
2015/04/27;40.42;43.16;38.91;40.81;2331226;192085040.00
2015/04/28;40.31;40.31;36.91;38.06;3296247;251698032.00
2015/04/29;37.42;41.88;37.42;41.88;2882547;236766720.00
2015/04/30;44.42;44.91;41.91;42.46;3407716;298039744.00
2015/05/04;43.11;43.11;39.97;42.03;1401285;116425736.00
2015/05/05;41.46;43.24;39.05;40.41;2703922;222197792.00
2015/05/06;40.78;44.46;40.78;43.66;3772788;328360512.00
2015/05/07;42.86;46.01;41.66;43.01;3011189;260631824.00
2015/05/08;43.12;47.10;42.59;46.93;3927144;357141760.00
2015/05/11;47.49;51.63;45.17;50.93;4009594;396494784.00
2015/05/12;52.16;56.03;51.91;56.03;3860473;419460000.00
2015/05/13;55.86;58.41;52.41;54.56;2990437;330131680.00
2015/05/14;53.31;58.36;52.91;53.91;2550588;281334240.00
2015/05/15;53.41;54.21;49.72;52.41;3699683;383152704.00
2015/05/18;52.84;55.00;52.84;53.41;4012298;431630976.00
2015/05/19;53.85;56.91;51.91;54.91;3967849;432640864.00
2015/05/20;54.91;59.41;54.42;57.92;3641418;421023648.00
2015/05/21;59.91;63.72;58.91;63.72;1143849;144100128.00
2015/05/22;70.10;70.10;62.42;70.10;6681781;907160000.00
2015/05/25;65.94;69.26;63.09;63.16;10296897;676822976.00
2015/05/26;61.09;64.96;59.96;64.11;16739140;1045400640.00
2015/05/27;64.16;69.11;62.95;66.46;11799481;775565888.00
2015/05/28;64.96;67.76;59.96;60.06;9636195;610962112.00
2015/05/29;59.06;63.67;56.49;62.29;7734820;476432800.00
2015/06/01;62.91;66.96;61.96;65.16;11374199;727144384.00
2015/06/02;65.14;65.86;62.14;62.54;18077031;1145931136.00
2015/06/03;62.54;64.76;59.76;64.11;15593972;979018624.00
2015/06/04;63.46;64.01;57.70;59.85;9915914;600628416.00
2015/06/05;61.56;62.26;57.56;57.96;12255723;731270336.00
2015/06/08;57.96;58.34;52.42;52.61;11830772;636902528.00
2015/06/09;52.74;54.76;51.21;53.12;10697908;570230912.00
2015/06/10;53.23;57.99;52.70;56.81;10122077;559250688.00
2015/06/11;56.89;61.31;56.86;59.45;11337794;675585280.00
2015/06/12;60.35;62.34;59.06;59.76;9684790;589588864.00
2015/06/15;62.91;63.79;59.69;59.96;16802615;1044678336.00
2015/06/16;56.98;56.98;53.96;53.96;12491778;680551936.00
2015/06/17;54.68;55.46;49.56;54.94;10380697;545807744.00
2015/06/18;56.16;57.46;50.06;51.76;10335609;575420928.00
2015/06/19;48.21;51.96;46.58;46.58;13426790;639347200.00
2015/06/23;46.01;47.51;42.06;45.96;9041171;406299200.00
2015/06/24;46.84;48.26;43.67;46.06;9905293;455249920.00
2015/06/25;45.96;46.44;41.45;41.45;9036518;390728416.00
2015/06/26;39.23;39.32;37.30;38.76;16445620;621956224.00
2015/06/29;39.88;40.26;34.88;34.88;10186980;365838176.00
2015/06/30;31.76;38.08;31.39;37.65;13636774;474498304.00
2015/07/01;36.32;40.96;33.88;34.26;16879253;646822592.00
2015/07/20;37.69;37.69;36.46;37.69;21461148;805563456.00
2015/07/21;38.76;41.46;37.84;41.46;19040023;756625152.00
2015/07/22;42.66;43.36;39.05;40.27;19653008;815254208.00
2015/07/23;40.48;41.55;39.46;41.24;13650780;556635584.00
2015/07/24;41.30;42.41;39.26;39.63;14039184;581415616.00
2015/07/27;38.00;38.65;35.66;35.66;17778848;655894528.00
2015/07/28;32.09;34.09;32.09;32.09;19837397;641797760.00
2015/07/29;31.11;32.16;28.88;32.03;33435804;997755136.00
2015/07/30;32.96;32.96;28.82;28.82;25717296;800515776.00
2015/07/31;27.13;28.24;26.17;26.66;21074244;571098304.00
2015/08/03;25.96;25.96;23.99;23.99;16846757;413294432.00
2015/08/04;24.09;26.39;24.09;26.39;15387813;385655296.00
2015/08/05;27.86;29.03;26.73;28.36;38577115;1100046464.00
2015/08/06;27.36;29.90;26.96;29.11;27844103;809738368.00
2015/08/07;29.95;32.03;29.14;32.03;30288655;942794112.00
2015/08/10;33.36;34.86;32.06;33.60;24156670;802793728.00
2015/08/11;33.97;34.24;32.38;33.36;21907578;729625856.00
2015/08/12;32.57;33.54;30.46;30.76;16132730;521394400.00
2015/08/13;30.47;32.45;29.64;32.31;20144189;625555456.00
2015/08/14;32.96;35.14;32.76;34.03;26582148;899973120.00
2015/08/17;34.11;34.76;33.04;34.67;15819411;534611744.00
2015/08/18;34.66;34.66;31.20;31.20;16587840;546268416.00
2015/08/19;29.26;32.36;28.08;31.60;20244848;599443968.00
2015/08/20;30.84;32.14;29.34;29.61;14460152;441569088.00
2015/08/21;28.60;29.28;26.65;26.65;16491643;454968128.00
2015/08/24;25.25;25.28;23.98;23.98;8583326;208441136.00
2015/08/25;21.58;22.55;21.58;21.58;10314479;225338512.00
2015/08/26;21.58;22.64;19.43;19.67;15399044;324395232.00
2015/08/27;20.57;20.96;18.23;20.65;14613909;292206432.00
2015/08/28;20.93;22.72;20.55;22.68;16810477;360753984.00
2015/08/31;22.56;22.56;20.41;20.41;14271285;305341152.00
2015/09/01;20.16;20.16;18.37;18.37;12290475;231051776.00
2015/09/02;16.96;19.56;16.75;17.05;14610100;260615888.00
2015/09/07;17.56;18.76;17.56;18.66;20759694;385091776.00
2015/09/08;17.93;20.53;17.76;20.53;18931647;359361504.00
2015/09/09;20.86;22.59;20.56;22.16;31341835;693652352.00
2015/09/10;21.36;22.16;21.08;21.35;17178722;371772128.00
2015/09/11;21.57;22.46;21.56;22.16;18637795;411061824.00
2015/09/14;22.17;22.34;19.94;19.94;16597156;343789472.00
2015/09/15;18.54;19.54;17.94;17.94;14015023;259404096.00
2015/09/16;17.96;19.74;17.70;19.74;15995287;301454720.00
2015/09/17;20.38;21.59;19.86;20.08;18658117;386602976.00
2015/09/18;20.33;21.46;20.12;21.29;15549050;323801952.00
2015/09/21;20.96;23.42;20.66;23.42;24613398;559593920.00
2015/09/22;24.06;24.45;22.66;23.58;23689585;558857088.00
2015/09/23;22.94;24.84;22.73;24.01;23165293;550255552.00
2015/09/24;24.56;25.64;23.87;24.21;23294533;576087616.00
2015/09/25;23.72;23.96;21.80;22.35;16209430;371599008.00
2015/09/28;22.65;24.59;22.22;24.59;17886123;420996512.00
2015/09/29;23.96;24.65;23.26;23.74;17431153;418316064.00
2015/09/30;23.97;24.34;22.66;23.41;13494970;318164160.00
2015/10/08;24.57;25.66;23.98;25.05;16542289;412388992.00
2015/10/09;25.06;26.25;24.77;25.57;17155680;434826784.00
2015/10/12;25.96;27.46;25.58;26.78;22688038;607795456.00
2015/10/13;26.45;27.16;26.24;26.99;18091518;484325920.00
2015/10/14;26.91;27.29;25.69;25.82;17079747;450948960.00
2015/10/15;25.56;28.06;25.37;27.77;20566148;554380864.00
2015/10/16;28.44;29.46;27.37;29.14;23993606;677902080.00
2015/10/19;29.13;29.13;27.54;28.02;18643428;526823040.00
2015/10/20;27.84;30.83;27.76;30.83;25610524;751075584.00
2015/10/21;30.94;32.94;28.26;28.66;34036984;1051548672.00
2015/10/22;29.51;31.53;28.67;31.53;28191122;851818560.00
2015/10/23;32.56;34.69;31.97;33.96;33598016;1125537536.00
2015/10/26;33.96;35.06;31.81;33.56;24386832;812312000.00
2015/10/27;32.41;33.96;30.26;32.96;30313737;971617408.00
2015/10/28;31.96;32.24;30.16;30.53;26307121;826729024.00
2015/10/29;30.57;31.17;29.07;30.03;19776518;597471168.00
2015/10/30;29.96;31.36;29.36;30.26;19299615;589297600.00
2015/11/02;29.24;30.66;28.09;28.39;18165046;534430048.00
2015/11/03;28.47;28.94;27.71;28.04;13672243;387203904.00
2015/11/04;28.46;30.85;28.41;30.85;23117682;693777024.00
2015/11/05;31.29;31.41;29.76;30.74;23018228;705553856.00
2015/11/06;30.79;32.82;30.46;32.34;24248826;778424000.00
2015/11/09;31.52;34.36;30.85;33.66;28938997;948920320.00
2015/11/10;33.06;33.99;32.46;32.92;20798612;690817472.00
2015/11/11;32.78;33.72;32.58;33.66;18934411;630556736.00
2015/11/12;33.67;36.32;33.31;35.29;33030552;1144295552.00
2015/11/13;34.52;34.53;32.54;33.67;26447098;890184640.00
2015/11/16;33.71;35.24;33.06;35.06;24956855;853624000.00
2015/11/17;35.06;35.96;33.26;33.35;25744629;888198080.00
2015/11/18;32.96;33.86;31.36;31.46;18835827;606313728.00
2015/11/19;31.50;33.99;31.50;33.88;21619608;708215616.00
2015/11/20;33.71;35.61;33.26;35.53;18428819;640882304.00
2015/11/23;36.36;37.94;34.46;34.57;24293289;877805888.00
2015/11/24;33.96;34.84;33.24;34.78;15445734;526347200.00
2015/11/25;34.71;36.64;34.46;36.26;18399801;657624704.00
2015/11/26;36.86;36.91;34.47;34.65;17416628;616420032.00
2015/11/27;34.54;34.66;31.18;31.18;22435177;732775808.00
2015/11/30;30.77;31.46;28.46;30.64;18780182;567572544.00
2015/12/01;30.48;30.48;29.32;29.82;16851495;503557792.00
2015/12/02;29.91;30.11;27.76;29.34;12425303;360466496.00
2015/12/03;29.34;30.66;29.34;30.31;15323442;462452736.00
2015/12/04;30.26;30.81;29.99;30.52;15421943;469803808.00
2015/12/07;30.55;31.43;29.94;30.68;13590209;417003936.00
2015/12/08;31.36;31.76;30.50;30.72;20003503;623779840.00
2015/12/09;30.03;30.70;29.43;29.72;13071190;392267680.00
2015/12/10;29.76;31.15;29.57;30.31;14630454;445122240.00
2015/12/11;30.07;30.23;29.36;29.51;11007453;327922560.00
2015/12/14;28.86;30.16;28.06;30.13;12825131;369920352.00
2015/12/15;30.01;30.96;29.86;30.56;12515671;384154304.00
2015/12/16;30.65;31.71;30.65;31.08;16480069;515579808.00
2015/12/17;31.36;32.56;31.10;32.56;18894711;604748608.00
2015/12/18;32.35;33.86;31.77;31.89;17427929;568965632.00
2015/12/21;31.86;32.45;30.96;32.06;13080803;414617472.00
2015/12/22;32.26;32.61;31.47;32.38;13329622;428305344.00
2015/12/23;33.01;33.65;31.96;31.99;21486428;709382400.00
2015/12/24;31.56;32.30;30.43;32.07;13477658;422394528.00
2015/12/25;31.99;32.58;31.75;32.11;9928421;319955040.00
2015/12/28;32.41;33.14;31.20;31.26;14434216;468319264.00
2015/12/29;31.06;31.44;30.31;31.37;9582374;295944800.00
2015/12/30;31.41;32.51;31.30;32.36;11754820;377235360.00
2015/12/31;32.36;32.62;31.26;31.31;10711748;342253728.00
2016/01/04;30.84;30.96;28.18;28.18;13036930;378708064.00
2016/01/05;25.36;27.31;25.36;25.58;18238528;475552800.00
2016/01/06;25.36;26.22;24.66;26.08;15761012;403029440.00
2016/01/07;25.36;25.36;23.47;23.47;3390208;81921808.00
2016/01/08;23.80;24.44;21.12;22.46;18755189;424430112.00
2016/01/11;21.75;21.95;20.21;20.21;13480472;284123968.00
2016/01/12;20.08;21.11;19.65;20.61;12681882;260210848.00
2016/01/13;20.98;21.16;19.21;19.21;10481201;214163888.00
2016/01/14;18.26;21.14;18.00;20.72;15104431;300179904.00
2016/01/15;20.66;20.96;19.46;19.86;12167199;247612176.00
2016/01/18;19.65;21.16;19.04;20.71;11947402;245673376.00
2016/01/19;20.69;21.76;20.16;21.59;15156276;318581888.00
2016/01/20;21.44;21.71;20.86;21.14;11716668;249978608.00
2016/01/21;20.76;21.90;20.16;20.16;13341812;283258880.00
2016/01/22;20.46;20.89;19.71;20.59;8992081;183382176.00
2016/01/25;20.79;21.14;20.53;20.76;6950607;145265696.00
2016/01/26;21.26;21.27;18.68;18.74;13508601;274042784.00
2016/01/27;18.89;19.12;17.51;18.77;12647925;232005088.00
2016/01/28;18.39;19.04;17.84;18.04;8355431;155551328.00
2016/01/29;17.96;19.85;17.96;19.80;14523694;281092480.00
2016/02/01;19.76;20.14;19.16;19.77;9893970;195651632.00
2016/02/02;19.77;21.14;19.77;20.78;10054916;207813936.00
2016/02/03;20.37;21.14;19.89;20.81;8376436;171436640.00
2016/02/04;20.99;21.40;20.85;21.11;8498636;180022656.00
2016/02/05;21.10;21.26;20.43;20.47;6450158;134497920.00
2016/02/15;19.85;20.93;19.58;20.67;6471891;130985240.00
2016/02/16;20.88;21.90;20.87;21.73;8831269;190910368.00
2016/02/17;21.56;22.34;21.37;22.13;11534738;251622336.00
2016/02/18;22.26;22.29;21.57;21.59;11615856;254508624.00
2016/02/19;21.46;22.31;21.37;21.96;9803735;214924912.00
2016/02/22;22.26;22.81;22.17;22.54;13333606;300584032.00
2016/02/23;22.68;22.72;21.77;22.21;10956548;242945488.00
2016/02/24;22.06;22.28;20.86;21.82;11782258;254619008.00
2016/02/25;21.56;21.61;19.63;19.63;13271127;271568896.00
2016/02/26;19.73;19.86;18.46;19.05;11831381;227559600.00
2016/02/29;18.71;18.76;17.14;17.14;11713865;204842320.00
2016/03/01;17.21;17.99;16.76;17.73;9917670;172438512.00
2016/03/02;17.63;18.91;17.53;18.74;10393547;189792336.00
2016/03/03;18.62;19.61;18.55;18.72;10367330;197148800.00
2016/03/04;18.55;18.66;17.07;17.27;9934000;177583632.00
2016/03/07;17.66;18.66;17.58;17.96;8871000;160808384.00
2016/03/08;17.96;18.55;16.96;18.54;11235468;200161312.00
2016/03/09;17.98;18.81;17.77;18.06;8093664;147779840.00
2016/03/10;18.03;18.46;17.84;17.87;5618888;102030096.00
2016/03/11;17.56;18.14;17.46;17.96;5211974;93022904.00
2016/03/14;18.36;19.31;18.26;19.07;12206245;231702016.00
2016/03/15;18.87;19.07;18.43;18.50;8494958;159314816.00
2016/03/16;18.88;18.96;17.97;18.44;8370870;155839856.00
2016/03/17;18.61;20.29;18.61;20.29;22158583;438121216.00
2016/03/18;20.46;21.96;20.31;21.52;25154729;533000704.00
2016/03/21;22.04;22.60;21.56;22.15;19896203;438763552.00
2016/03/22;21.76;22.77;21.57;22.08;17192691;381115104.00
2016/03/23;21.93;23.93;21.77;23.52;24316776;561697472.00
2016/03/24;22.97;24.76;22.76;22.97;26253303;623962240.00
2016/03/25;22.77;23.20;22.19;22.73;15882071;359746336.00
2016/03/28;23.06;23.72;22.32;22.86;15374204;355655072.00
2016/03/30;22.71;23.91;22.46;23.65;19553399;455928128.00
2016/03/31;23.99;24.40;22.91;22.95;18025997;426323040.00
2016/04/01;22.58;22.81;21.74;22.16;16407200;362668000.00
2016/04/05;22.16;23.26;21.88;22.99;12642458;287241440.00
2016/04/06;22.89;23.35;22.63;22.99;11216210;258951872.00
2016/04/07;23.05;23.32;21.96;22.14;14600109;330239616.00
2016/04/08;21.86;21.96;21.36;21.76;11178963;242789248.00
2016/04/11;22.02;23.72;22.02;23.22;18663985;430511040.00
2016/04/12;23.06;23.22;22.33;22.82;11901934;270034912.00
2016/04/13;22.96;24.45;22.96;23.60;23425096;557555200.00
2016/04/14;23.86;24.14;23.51;23.95;13071412;312217728.00
2016/04/15;23.96;24.36;23.56;23.92;14023406;336127328.00
2016/04/18;23.44;23.45;22.64;23.09;15024014;346398656.00
2016/04/19;23.26;23.41;22.51;22.97;11670576;267677264.00
2016/04/20;23.07;23.29;20.67;21.06;20079045;434708000.00
2016/04/21;20.86;21.13;20.23;20.37;9416328;196847664.00
2016/04/22;20.08;21.01;19.96;20.91;8590019;177784944.00
2016/04/25;20.74;20.90;20.14;20.69;7288790;149475440.00
2016/04/27;21.26;21.73;20.78;20.86;9996154;212876320.00
2016/04/28;20.88;20.95;19.96;20.81;8533484;174673504.00
2016/04/29;20.47;20.96;20.46;20.51;5478049;113826256.00
2016/05/03;20.72;21.55;20.26;21.51;10501954;222292656.00
2016/05/04;21.31;21.70;21.17;21.47;9176685;197217168.00
2016/05/05;21.42;21.82;21.22;21.71;7768054;167704896.00
2016/05/06;21.71;21.81;19.96;20.13;12515461;262479952.00
2016/05/09;20.07;20.09;18.86;19.04;9100533;176481840.00
2016/05/10;19.05;19.31;18.93;19.10;5085102;97635424.00
2016/05/11;19.25;19.39;18.86;18.90;4980189;95442600.00
2016/05/12;18.39;18.96;18.07;18.84;5514538;102725144.00
2016/05/13;18.77;19.16;18.46;18.62;4984617;94012256.00
2016/05/16;18.62;19.14;18.46;19.05;5678852;107025000.00
2016/05/17;19.07;19.84;18.61;19.36;9589278;184903520.00
2016/05/18;18.97;19.11;18.19;18.51;7484740;139918816.00
2016/05/19;18.62;19.34;18.56;18.85;8943763;170686528.00
2016/05/20;18.56;19.23;18.46;19.21;6677442;126954104.00
2016/05/23;19.44;19.79;19.29;19.50;8869805;173469488.00
2016/05/24;19.44;19.44;18.88;19.03;6905117;131885488.00
2016/05/25;19.31;19.61;18.92;19.04;8621092;166669456.00
2016/05/26;18.96;19.44;18.53;19.43;8213356;155944272.00
2016/05/27;19.26;19.42;19.04;19.14;6615817;127592008.00
2016/05/30;18.96;19.44;18.72;19.10;5834742;111805056.00
2016/05/31;19.11;21.01;19.02;21.01;16054414;326133152.00
2016/06/01;21.51;21.91;21.48;21.61;23479617;509112544.00
2016/06/02;21.64;22.31;21.56;22.10;16809181;368337024.00
2016/06/03;21.97;22.30;21.34;21.86;16273270;356546880.00
2016/06/06;21.86;22.12;21.36;21.72;11634208;253181424.00
2016/06/07;21.66;22.09;21.38;22.01;12401100;271213536.00
2016/06/08;21.91;23.05;21.56;22.60;19711837;442627136.00
2016/06/13;22.03;22.37;20.34;20.34;16511673;357368448.00
2016/06/14;19.98;20.41;19.69;20.08;10104233;202905712.00
2016/06/15;19.66;22.09;19.66;22.09;12421392;264337328.00
2016/06/16;22.40;22.79;21.98;22.26;23075420;515344928.00
2016/06/17;22.51;23.16;22.14;22.71;21361787;485151392.00
2016/06/20;22.61;23.51;22.61;22.87;18997381;438592032.00
2016/06/21;23.10;23.90;22.28;22.45;22012486;510890912.00
2016/06/22;22.41;24.70;22.15;24.70;32794857;776979776.00
2016/06/23;25.08;25.70;24.41;24.60;35520475;892284672.00
2016/06/24;24.26;25.50;23.00;24.66;28312813;690643072.00
2016/06/27;24.56;25.99;24.48;25.73;20700686;523658304.00
2016/06/28;25.30;25.95;24.98;25.35;20161725;511449408.00
2016/06/29;25.53;25.80;24.50;24.96;19273780;479659552.00
2016/06/30;24.90;25.93;24.78;25.65;22886723;584003136.00
2016/07/01;25.95;26.15;24.97;25.22;13215180;335662336.00
2016/07/04;24.90;25.80;24.78;25.54;14442888;367090848.00
2016/07/05;25.40;25.77;24.80;24.92;12671027;318034528.00
2016/07/06;24.80;24.84;24.21;24.35;14031020;343618272.00
2016/07/07;24.46;24.85;23.80;24.73;15051406;366560928.00
2016/07/08;24.49;24.94;24.20;24.51;10481480;257698144.00
2016/07/11;24.60;25.15;23.94;23.94;17076116;420726176.00
2016/07/12;23.68;24.39;23.23;24.38;12975769;309177120.00
2016/07/13;24.50;25.10;24.41;24.96;14994094;371704096.00
2016/07/14;25.11;25.11;24.52;24.74;8243157;203932352.00
2016/07/15;24.80;24.83;24.00;24.11;8377954;203798672.00
2016/07/18;24.02;24.56;23.98;24.19;6419918;155795920.00
2016/07/19;24.28;24.76;23.98;24.76;9488105;231151264.00
2016/07/20;24.77;24.93;24.43;24.49;7670033;189219552.00
2016/07/21;24.41;24.95;24.35;24.53;9652152;238434032.00
2016/07/22;24.50;24.88;24.20;24.88;10381932;255311104.00
2016/07/25;24.76;25.60;24.76;25.13;15494032;390495264.00
2016/07/26;25.18;25.60;25.02;25.36;10666105;269663168.00
2016/07/27;25.31;25.33;23.00;23.38;18625101;449805408.00
2016/07/28;23.34;23.66;22.10;22.58;11040084;251174208.00
2016/07/29;22.55;22.67;21.90;22.22;7149468;159082240.00
2016/08/01;22.10;22.10;20.97;21.46;8908434;190384576.00
2016/08/02;21.46;21.78;21.34;21.54;6697992;144245184.00
2016/08/03;21.52;21.52;21.01;21.25;8308677;176292416.00
2016/08/04;21.30;21.68;21.20;21.60;6849686;147110128.00
2016/08/05;21.60;21.60;21.23;21.26;5279645;112786912.00
2016/08/08;21.29;21.66;20.84;21.65;6337834;135102624.00
2016/08/09;21.66;22.20;21.57;22.20;8481353;185681328.00
2016/08/10;22.20;22.32;21.81;21.87;6380565;140405968.00
2016/08/11;21.81;21.90;21.30;21.30;5495085;118257984.00
2016/08/12;21.21;21.73;21.21;21.73;4475114;96054232.00
2016/08/15;21.76;22.60;21.41;22.41;9299313;206386752.00
2016/08/16;22.37;22.54;22.23;22.31;6829791;152815648.00
2016/08/17;22.38;22.45;22.13;22.27;6260439;139615392.00
2016/08/18;22.28;22.60;22.15;22.24;6548075;145957648.00
2016/08/19;22.20;22.46;22.17;22.25;4841572;107908040.00
2016/08/22;22.33;22.44;21.51;21.54;6646930;145888416.00
2016/08/23;21.58;21.82;21.32;21.50;5381812;116278712.00
2016/08/24;21.52;22.00;21.41;21.75;6596993;143268624.00
2016/08/25;21.51;21.60;21.05;21.50;6309650;134401360.00
2016/08/26;21.62;22.18;21.52;21.75;7803807;170848000.00
2016/08/29;21.87;22.34;21.59;22.11;10437771;230004144.00
2016/08/30;22.11;22.37;21.91;21.97;7602681;168276880.00
2016/08/31;21.95;22.09;21.68;21.85;6037752;131650296.00
2016/09/01;21.86;22.12;21.76;21.79;5033703;110465416.00
2016/09/02;21.78;22.03;21.30;21.54;5630673;121955712.00
2016/09/05;21.46;21.89;21.46;21.52;4255730;92041192.00
2016/09/06;21.48;22.16;21.20;22.16;8193318;178290640.00
2016/09/07;22.16;22.98;22.16;22.52;15851768;358926336.00
2016/09/08;22.53;22.67;22.26;22.58;6839025;153595696.00
2016/09/09;22.53;22.56;22.10;22.11;5668471;126556160.00
2016/09/12;21.60;21.78;21.10;21.12;7559589;162032672.00
2016/09/13;21.29;21.40;21.10;21.24;4677713;99316384.00
2016/09/14;21.12;21.30;20.90;21.10;3704874;78296392.00
2016/09/19;21.29;21.49;21.15;21.34;3788124;80807896.00
2016/09/20;21.45;21.50;21.11;21.15;3489781;74149904.00
2016/09/21;21.20;21.48;21.17;21.34;3642757;77739000.00
2016/09/22;21.50;21.69;21.31;21.38;4795927;103107664.00
2016/09/23;21.48;21.48;21.21;21.22;3021790;64274536.00
2016/09/26;21.22;21.22;20.53;20.56;5771044;120646712.00
2016/09/27;20.48;21.09;20.46;21.06;5206087;107975184.00
2016/09/28;20.96;21.08;20.64;20.73;4074706;84728080.00
2016/09/29;20.85;20.94;20.71;20.78;3340137;69514120.00
2016/09/30;20.72;20.85;20.61;20.81;3594816;74535328.00
2016/10/10;21.04;21.69;20.87;21.60;8859660;189520928.00
2016/10/11;21.48;21.65;21.33;21.50;6739583;144706192.00
2016/10/12;21.50;21.63;21.29;21.43;5076889;108834352.00
2016/10/13;21.45;21.83;21.40;21.64;7185430;155088864.00
2016/10/14;21.58;21.95;21.57;21.75;8310563;180759008.00
2016/10/17;21.65;21.80;21.15;21.22;6808352;146427152.00
2016/10/18;21.22;21.75;21.16;21.71;5003751;107579216.00
2016/10/19;21.77;21.85;21.49;21.65;4945157;107073504.00
2016/10/20;22.00;23.35;22.00;22.49;15489965;347891200.00
2016/10/21;24.73;24.74;22.75;23.40;32699444;779831168.00
2016/10/24;23.50;23.87;22.62;22.87;20086267;462525536.00
2016/10/25;22.73;23.82;22.73;23.05;18746617;434077440.00
2016/10/26;22.83;22.99;22.30;22.62;13196569;297362560.00
2016/10/27;22.38;22.72;22.33;22.70;7918914;178111568.00
2016/10/28;22.70;22.70;22.03;22.06;9323610;208179792.00
2016/10/31;22.05;22.07;21.76;21.97;5309446;116367600.00
2016/11/01;22.10;22.30;21.98;22.20;6504953;144102208.00
2016/11/02;22.02;22.20;21.74;21.76;6512928;142667520.00
2016/11/03;21.74;22.08;21.60;21.90;7783247;170071440.00
2016/11/04;21.87;22.21;21.78;22.01;6859564;151073040.00
2016/11/07;21.94;22.07;21.50;21.63;7400332;160992288.00
2016/11/08;21.73;22.04;21.68;21.93;5791894;126611320.00
2016/11/09;21.89;21.99;21.15;21.41;8415861;181415072.00
2016/11/10;21.63;21.79;21.56;21.67;5151217;111743040.00
2016/11/11;21.67;21.72;21.32;21.65;7785283;167535296.00
2016/11/14;21.70;22.07;21.66;21.85;7273910;159291200.00
2016/11/15;21.85;22.10;21.64;22.09;6797096;148591008.00
2016/11/16;22.11;22.44;22.11;22.26;11053505;246766752.00
2016/11/17;22.15;22.15;21.86;21.92;3307500;72604904.00
数据来源:通达信
