300357 我武生物 日线 前复权
      日期	    开盘	    最高	    最低	    收盘	    成交量	    成交额
2014/01/21;14.20;17.38;14.20;17.38;3271341;93360488.00
2014/01/22;19.21;19.21;19.21;19.21;3479878;111599688.00
2014/01/23;21.21;21.21;21.21;21.21;1513749;53405064.00
2014/01/24;23.42;23.42;23.21;23.42;7737448;300236544.00
2014/01/29;24.79;25.84;24.72;25.35;15955048;669958464.00
2014/01/30;24.03;25.19;23.56;25.04;8432572;341817184.00
2014/02/07;25.04;26.41;24.79;25.52;7588680;320003264.00
2014/02/10;25.34;28.08;24.85;26.98;10205400;448766688.00
2014/02/11;26.73;26.84;24.98;26.35;8675812;373979584.00
2014/02/12;25.79;28.53;25.78;27.10;9556630;428110272.00
2014/02/13;26.51;26.83;25.15;25.23;6400756;275268224.00
2014/02/14;25.69;27.83;25.41;27.83;5234640;233548016.00
2014/02/17;30.70;30.70;28.74;29.35;10474450;510067744.00
2014/02/18;29.88;31.98;28.49;31.00;10408869;512546400.00
2014/02/19;29.78;30.01;27.90;28.85;8536846;406992928.00
2014/02/20;28.60;29.26;27.19;27.91;6655474;309339776.00
2014/02/21;27.66;28.53;27.33;28.36;4183825;193175168.00
2014/02/24;27.90;28.90;27.53;28.58;4119819;192164640.00
2014/02/25;28.73;29.49;25.67;25.99;7854733;363231936.00
2014/02/26;25.29;25.81;24.54;25.70;4044625;168238256.00
2014/02/27;25.60;25.81;23.91;23.94;4348530;178591472.00
2014/02/28;23.54;25.29;23.43;25.10;3364414;135758464.00
2014/03/03;24.90;26.94;24.66;26.40;4657396;199373008.00
2014/03/04;26.04;27.25;25.15;25.82;4494227;193816640.00
2014/03/05;25.91;25.91;25.04;25.15;2052845;86066048.00
2014/03/06;25.10;27.75;24.88;27.75;6521108;288575904.00
2014/03/07;27.54;27.60;26.04;26.35;5214501;229275120.00
2014/03/10;25.29;26.01;24.91;25.15;2130998;89538632.00
2014/03/11;25.40;26.59;25.21;25.54;2369478;100758960.00
2014/03/12;25.23;25.57;23.91;24.68;2437342;99655296.00
2014/03/13;24.58;25.28;24.20;25.23;1670368;68624752.00
2014/03/14;24.82;25.29;24.54;24.97;1676213;69226976.00
2014/03/17;24.79;25.53;24.58;25.51;1617934;67597728.00
2014/03/18;25.59;26.18;25.19;25.22;2399590;101423128.00
2014/03/19;24.98;25.00;24.16;24.60;2182411;88655848.00
2014/03/20;24.37;24.74;24.04;24.04;1356274;54745988.00
2014/03/21;24.01;24.63;23.64;24.46;1186757;47428008.00
2014/03/24;24.18;24.46;23.13;23.19;2025806;79372088.00
2014/03/25;23.23;23.41;22.54;22.74;1433299;54551936.00
2014/03/26;22.73;23.15;22.69;22.85;1013416;38554736.00
2014/03/27;22.89;22.91;21.13;21.16;1981457;71730960.00
2014/03/28;21.07;22.01;19.87;21.23;2291444;80128840.00
2014/03/31;21.01;21.32;20.63;20.84;1130726;39393108.00
2014/04/01;20.90;21.73;20.77;21.41;1249811;44501328.00
2014/04/02;21.43;22.18;21.23;22.05;1636604;58864348.00
2014/04/03;21.68;22.34;21.54;21.57;1330821;48593000.00
2014/04/04;21.66;21.91;21.26;21.69;735264;26458968.00
2014/04/08;21.37;22.14;20.85;21.94;1179454;42263836.00
2014/04/09;21.85;24.16;21.81;23.35;2197904;83482760.00
2014/04/10;22.92;23.85;22.60;22.84;1989524;76823936.00
2014/04/11;22.54;22.66;22.04;22.28;1047246;38820624.00
2014/04/14;22.03;22.71;21.97;22.18;725545;26742056.00
2014/04/15;22.18;22.98;22.04;22.88;1588239;59783520.00
2014/04/16;22.73;23.51;22.54;22.91;1140671;43765404.00
2014/04/17;22.63;23.87;22.63;23.66;2129423;82894280.00
2014/04/18;24.15;25.77;23.68;24.53;3700246;151177600.00
2014/04/21;23.88;25.09;23.69;24.16;2414559;97750744.00
2014/04/22;24.03;24.09;22.79;23.04;1744844;67749280.00
2014/04/23;23.13;24.92;23.13;24.47;2411880;96603192.00
2014/04/24;24.16;24.59;23.56;24.47;1665354;66596580.00
2014/04/25;24.04;24.26;23.23;23.23;1281209;50357820.00
2014/04/28;22.91;22.91;20.83;21.01;1828066;65519936.00
2014/04/29;20.46;21.91;20.46;21.90;1367193;48763412.00
2014/04/30;21.66;22.15;21.56;21.97;628088;22907860.00
2014/05/05;22.16;22.76;21.92;22.66;841868;31335874.00
2014/05/06;22.53;24.48;22.43;23.73;1875029;74115840.00
2014/05/07;23.54;24.78;23.37;24.04;2256204;90999456.00
2014/05/08;23.79;24.32;23.29;23.55;1121082;43995980.00
2014/05/09;23.91;24.34;23.40;24.14;1190456;47203064.00
2014/05/12;24.66;24.66;23.26;23.73;1697937;66715816.00
2014/05/13;23.94;24.38;23.55;24.14;1679074;67096432.00
2014/05/14;24.04;25.59;23.81;25.23;2465724;101357312.00
2014/05/15;24.91;25.93;24.86;25.47;2622932;110757936.00
2014/05/16;25.73;28.10;25.73;26.68;5222820;233854000.00
2014/05/19;25.73;26.84;25.10;26.76;2602766;111441360.00
2014/05/20;27.28;28.82;27.04;27.21;3647060;167765376.00
2014/05/21;27.16;28.41;26.16;27.22;3028719;135865712.00
2014/05/22;27.29;27.65;26.40;26.54;2533746;112300104.00
2014/05/23;26.45;28.95;25.98;27.63;7185717;204051168.00
2014/05/26;26.64;27.54;26.35;27.33;5218299;144092432.00
2014/05/27;27.35;27.83;26.85;27.08;3095655;86449184.00
2014/05/28;26.85;27.70;26.75;27.32;3206399;89543176.00
2014/05/29;27.05;27.55;26.16;26.16;3670956;100336792.00
2014/05/30;26.04;26.92;25.95;26.53;2186335;59551132.00
2014/06/03;26.45;28.53;26.05;28.18;6279785;178574848.00
2014/06/04;27.76;28.12;27.38;28.10;3295142;93562816.00
2014/06/05;27.89;28.09;27.45;28.01;3082008;87590184.00
2014/06/06;27.84;29.87;27.74;29.19;7119630;209308304.00
2014/06/09;28.93;29.00;27.90;28.02;4560582;132408040.00
2014/06/10;28.23;28.43;27.65;28.32;2896550;83597760.00
2014/06/11;28.20;28.34;27.66;28.02;2623576;75018888.00
2014/06/12;27.85;28.26;27.39;27.85;2181083;62040656.00
2014/06/13;27.85;28.28;27.71;28.09;2648374;76051392.00
2014/06/16;27.93;29.14;27.85;28.77;4951695;144576928.00
2014/06/17;28.40;28.50;27.50;27.55;3781420;107948280.00
2014/06/18;27.45;27.80;26.62;26.69;2930985;81306440.00
2014/06/19;26.85;27.03;24.88;25.29;2950884;78633640.00
2014/06/20;25.29;26.15;25.29;26.07;1735746;45854924.00
2014/06/23;26.15;27.34;26.15;27.05;2874115;79218224.00
2014/06/24;27.05;27.23;26.65;26.86;1662029;45605844.00
2014/06/25;26.64;28.13;26.64;27.80;4219767;119401392.00
2014/06/26;27.95;30.65;27.76;30.65;13717955;421045888.00
2014/06/27;31.55;31.90;30.35;30.75;12619701;401111072.00
2014/06/30;30.36;31.34;29.91;30.59;6534434;204559840.00
2014/07/01;30.11;31.31;30.01;31.30;6455806;202428224.00
2014/07/02;31.25;31.25;29.94;30.35;4578875;142775216.00
2014/07/03;30.35;30.84;29.86;30.25;3934117;122390960.00
2014/07/04;30.16;31.00;30.02;30.44;3598238;112427128.00
2014/07/07;30.48;30.49;28.89;29.27;3998703;120386992.00
2014/07/08;29.15;29.43;28.35;29.27;3053865;90317984.00
2014/07/09;28.86;29.69;28.45;28.45;2901556;86220808.00
2014/07/10;28.35;28.99;28.05;28.35;2387259;69803464.00
2014/07/11;28.35;28.83;27.85;28.07;2602756;75165808.00
2014/07/14;28.39;28.70;28.08;28.69;1915737;55683372.00
2014/07/15;28.62;28.79;27.95;28.20;1938893;55941144.00
2014/07/16;28.20;28.20;26.92;27.03;2358927;66138404.00
2014/07/17;27.03;27.35;26.87;27.26;1373026;38150276.00
2014/07/18;27.27;27.63;27.08;27.40;1464849;41088668.00
2014/07/21;27.23;27.33;26.22;26.45;2078340;56635392.00
2014/07/22;26.51;26.84;26.37;26.71;1045731;28601926.00
2014/07/23;26.78;28.63;26.78;27.27;3572640;101018752.00
2014/07/24;27.14;27.32;25.55;26.62;2258749;61184052.00
2014/07/25;26.60;26.85;25.96;26.47;1443937;39082908.00
2014/07/28;26.56;27.70;26.50;27.50;2148704;59707524.00
2014/07/29;27.37;27.80;27.33;27.67;1903229;53784912.00
2014/07/30;27.67;28.67;27.47;28.54;3120011;89855552.00
2014/07/31;28.68;28.80;27.91;28.45;2130862;61665872.00
2014/08/01;28.04;29.78;28.04;28.60;4308236;127911424.00
2014/08/04;28.65;29.22;28.35;28.65;2301259;67494032.00
2014/08/05;28.69;28.93;27.85;28.93;2347009;68298144.00
2014/08/06;28.90;28.90;28.35;28.51;1634332;47778508.00
2014/08/07;28.52;28.83;28.18;28.18;1604465;46734432.00
2014/08/08;28.20;28.77;28.20;28.66;1869859;54729724.00
2014/08/11;28.66;29.20;28.56;29.17;2427435;71888816.00
2014/08/12;29.16;29.59;28.87;28.89;2423168;72308360.00
2014/08/13;28.88;29.34;28.78;29.22;2006198;59567868.00
2014/08/14;29.35;29.73;28.87;28.87;1989563;59534528.00
2014/08/15;28.95;29.05;28.43;28.80;1616436;47406708.00
2014/08/18;28.80;29.44;28.79;29.41;2548856;76268512.00
2014/08/19;29.53;29.95;29.21;29.63;2905465;87733224.00
2014/08/20;29.64;29.88;29.13;29.41;2627283;79095424.00
2014/08/21;29.35;30.34;29.27;30.33;4367379;133720152.00
2014/08/22;30.33;30.80;30.01;30.54;2868064;89043792.00
2014/08/25;30.61;30.64;29.45;30.34;3085009;94389584.00
2014/08/26;30.12;30.37;29.35;29.44;2120581;64672232.00
2014/08/27;29.28;29.62;29.15;29.44;1544063;46370852.00
2014/08/28;29.60;29.60;28.25;28.38;1833632;53942572.00
2014/08/29;28.39;28.81;28.15;28.65;982811;28681156.00
2014/09/01;28.64;29.47;28.64;29.40;1361349;40387672.00
2014/09/02;29.63;29.84;29.38;29.72;1953940;59160592.00
2014/09/03;29.71;30.63;29.60;30.31;3878689;119749504.00
2014/09/04;30.70;30.83;30.14;30.40;3385625;105336096.00
2014/09/05;30.40;30.85;29.83;30.68;3428291;106326392.00
2014/09/09;30.82;33.81;30.69;33.81;9451240;317404480.00
2014/09/10;34.70;37.26;34.36;37.26;9621179;353113280.00
2014/09/11;37.84;38.34;36.05;37.35;12057116;455000800.00
2014/09/12;36.88;37.25;36.15;36.45;5773531;214686736.00
2014/09/15;36.27;36.45;35.36;35.85;5619192;204978672.00
2014/09/16;36.03;36.74;34.88;35.01;5847544;213453776.00
2014/09/17;34.67;35.55;34.36;35.05;3483390;123977480.00
2014/09/18;34.95;34.95;34.01;34.80;3342074;117507656.00
2014/09/19;34.84;36.15;34.23;36.05;4624939;167230064.00
2014/09/22;35.66;35.66;34.35;34.35;2768230;98272784.00
2014/09/23;34.25;35.19;34.17;34.69;2031654;71960264.00
2014/09/24;34.67;35.31;34.25;35.17;2279812;81167960.00
2014/09/25;35.15;36.65;35.05;35.38;2933308;107278560.00
2014/09/26;34.93;35.80;34.52;35.37;2149292;76811360.00
2014/09/29;35.57;36.31;35.27;36.25;2898114;105548080.00
2014/09/30;36.38;36.51;35.63;35.81;2434425;88936880.00
2014/10/08;35.75;36.45;34.79;36.28;2730909;98913184.00
2014/10/09;35.96;37.23;35.87;36.57;3511998;130967944.00
2014/10/10;36.75;36.75;35.73;35.85;2088324;76635904.00
2014/10/13;35.65;35.75;33.97;34.76;2682461;94719120.00
2014/10/14;34.67;35.13;34.45;34.75;1704045;60439876.00
2014/10/15;34.85;37.13;34.85;36.53;4172123;153435232.00
2014/10/16;35.90;38.81;35.85;36.52;4949527;187795984.00
2014/10/17;36.52;38.11;34.73;37.50;4649275;172519280.00
2014/10/20;37.50;41.22;37.16;40.00;6464891;258959904.00
2014/10/21;39.45;39.73;38.73;39.61;3518475;140616096.00
2014/10/22;39.17;39.64;37.35;37.35;3345819;131059960.00
2014/10/23;37.00;38.27;36.92;37.77;2366893;90846064.00
2014/10/24;37.70;38.51;37.01;37.31;1871361;71761296.00
2014/10/27;36.89;38.10;36.85;38.10;1500477;57346820.00
2014/10/28;38.25;39.31;38.23;38.97;2170098;85490512.00
2014/10/29;39.00;39.30;38.49;39.07;2143897;84877928.00
2014/10/30;38.74;40.99;38.73;39.17;3082991;125331072.00
2014/10/31;39.35;40.23;37.65;38.69;2011406;79622608.00
2014/11/03;38.53;39.35;38.15;38.81;1595673;62928908.00
2014/11/04;38.71;38.80;37.64;38.10;1714568;66498248.00
2014/11/05;37.99;38.55;37.76;38.29;1065453;41387584.00
2014/11/06;38.20;39.30;37.85;39.25;1637518;64276420.00
2014/11/07;39.26;39.44;37.84;38.41;1807634;71110016.00
2014/11/10;38.50;38.61;37.45;37.87;1380932;53171692.00
2014/11/11;37.88;38.00;34.63;35.76;2643589;97482168.00
2014/11/12;35.55;36.97;35.55;36.89;1401818;51981336.00
2014/11/13;36.65;36.65;35.55;35.78;1523645;55705472.00
2014/11/14;35.43;36.13;34.25;34.60;1725766;61366552.00
2014/11/17;34.60;35.64;34.41;35.39;1129017;40595036.00
2014/11/18;35.44;36.55;35.21;36.33;1173463;42798012.00
2014/11/19;36.45;37.35;36.06;36.80;1463496;54749380.00
2014/11/20;36.65;37.03;36.15;36.91;923509;34353816.00
2014/11/21;36.58;37.22;36.55;36.73;920483;34549500.00
2014/11/24;36.73;37.14;36.08;36.71;1140395;42289736.00
2014/11/25;36.70;38.29;36.54;38.03;1996821;76153832.00
2014/11/26;38.01;39.05;37.39;38.90;2188362;85277896.00
2014/11/27;38.82;38.83;37.87;38.40;1566320;61279924.00
2014/11/28;38.40;38.77;37.85;38.14;1288454;50127520.00
2014/12/01;38.25;39.85;37.25;39.85;2271770;88446096.00
2014/12/02;39.86;43.34;39.45;42.34;4064639;172873504.00
2014/12/03;41.95;42.97;40.35;41.55;2429939;101911864.00
2014/12/04;41.45;42.15;40.93;41.01;1791925;75266496.00
2014/12/05;41.02;43.19;38.15;42.32;3650169;151788096.00
2014/12/08;41.24;41.75;38.87;39.22;2808693;114953072.00
2014/12/09;38.40;39.32;36.05;36.37;2565139;97635240.00
2014/12/10;36.36;38.34;35.75;37.56;1885723;71228424.00
2014/12/11;37.61;38.34;36.90;37.96;1078633;41476316.00
2014/12/12;37.83;39.62;37.77;39.37;1640005;65071864.00
2014/12/15;39.03;40.25;39.03;39.75;1295319;52276180.00
2014/12/16;39.71;39.72;38.36;38.73;1296964;51337172.00
2014/12/17;38.33;39.25;38.15;38.28;1146997;44948540.00
2014/12/18;38.15;38.46;37.02;37.48;1252109;48100252.00
2014/12/19;37.36;37.45;35.41;36.09;1785950;65690364.00
2014/12/22;36.09;36.09;32.42;32.79;2573645;87520224.00
2014/12/23;32.75;33.77;31.51;32.30;1221701;40915040.00
2014/12/24;32.75;33.63;32.16;33.44;1686435;56654012.00
2014/12/25;33.19;33.46;32.65;33.11;1137189;38294264.00
2014/12/26;33.24;33.65;32.90;33.13;764276;25880744.00
2014/12/29;32.89;32.89;31.35;31.95;1284885;41736908.00
2014/12/30;31.75;32.85;31.65;32.19;878601;28988380.00
2014/12/31;32.07;32.82;31.97;32.67;636877;21054970.00
2015/01/05;33.15;33.93;31.67;33.47;1364637;45806360.00
2015/01/06;33.21;35.34;33.20;35.17;1613384;56849044.00
2015/01/07;34.95;34.96;34.10;34.38;993869;34836520.00
2015/01/08;34.39;35.25;34.14;34.75;1008486;35686116.00
2015/01/09;34.65;35.18;33.57;33.58;1001692;35150460.00
2015/01/12;33.36;33.65;32.48;33.06;778761;26087590.00
2015/01/13;32.79;34.35;32.79;34.06;990253;34045044.00
2015/01/14;34.20;34.48;33.27;33.70;797514;27564314.00
2015/01/15;34.15;35.35;33.55;35.30;1665370;59027284.00
2015/01/16;35.05;36.55;34.75;35.84;1206162;43903172.00
2015/01/19;35.35;37.43;34.91;35.84;2025621;75033256.00
2015/01/20;35.84;37.25;35.65;36.75;2324282;86831592.00
2015/01/21;36.86;37.53;36.73;37.00;1552597;58530584.00
2015/01/22;36.68;37.15;36.41;36.91;949278;35471372.00
2015/01/23;36.95;37.04;35.97;36.34;968838;36121436.00
2015/01/26;36.34;36.95;36.02;36.62;590883;21949748.00
2015/01/27;36.85;36.85;35.85;36.05;938106;34641004.00
2015/01/28;35.85;36.30;35.42;35.59;1194708;43631828.00
2015/01/29;35.45;35.64;34.65;34.74;1507081;53851984.00
2015/01/30;34.72;35.14;34.72;34.95;536406;19123734.00
2015/02/02;35.03;38.51;35.03;38.51;3111180;117564304.00
2015/02/03;38.53;38.84;37.90;38.65;2869602;112093288.00
2015/02/04;38.68;40.15;37.96;39.85;3712356;148206016.00
2015/02/05;39.37;41.58;39.25;40.85;3834885;159184800.00
2015/02/06;40.36;43.33;40.35;41.50;3148780;132830032.00
2015/02/09;41.35;42.35;39.87;40.06;2631985;108069992.00
2015/02/10;40.05;40.55;39.45;40.41;1323059;53656852.00
2015/02/11;41.35;41.35;39.20;39.35;2222135;90445040.00
2015/02/12;39.55;41.14;39.36;40.55;2270303;93148512.00
2015/02/13;40.83;42.10;39.87;40.71;2177633;90686920.00
2015/02/16;40.77;42.05;39.97;42.03;2078381;86702280.00
2015/02/17;42.14;42.14;40.76;40.96;1967222;82792592.00
2015/02/25;40.98;41.09;39.58;39.75;1073833;43668536.00
2015/02/26;39.67;41.14;39.40;41.11;946642;38810532.00
2015/02/27;41.13;41.70;40.70;41.34;1341736;56146100.00
2015/03/02;41.25;43.91;40.75;43.53;3412082;147918352.00
2015/03/03;43.27;43.65;42.10;42.79;2130562;92409456.00
2015/03/04;42.64;44.25;42.35;43.21;2770123;122079048.00
2015/03/05;43.22;43.22;41.65;41.83;2666564;113793680.00
2015/03/06;41.94;42.26;40.91;41.07;1325286;55780748.00
2015/03/09;40.80;41.77;40.35;41.18;1267733;52997540.00
2015/03/10;42.10;43.45;41.70;42.14;1789681;77238600.00
2015/03/11;41.75;43.04;41.66;42.11;1154638;49570600.00
2015/03/12;41.55;42.25;39.73;40.63;1547088;64249376.00
2015/03/13;40.65;40.95;39.65;40.63;1347698;55265352.00
2015/03/16;40.63;42.83;40.58;42.40;2229009;94420984.00
2015/03/17;42.65;43.84;41.73;43.09;2946302;127928992.00
2015/03/18;43.33;45.12;42.33;44.94;3478032;156005984.00
2015/03/19;44.65;44.65;43.35;44.22;1915986;85344192.00
2015/03/20;43.95;45.59;43.05;43.92;3074303;136489920.00
2015/03/23;43.65;44.93;43.41;44.84;3189865;142324464.00
2015/03/24;44.90;45.84;43.00;45.05;3486074;156740288.00
2015/03/25;44.85;44.85;43.45;44.09;3399787;150968528.00
2015/03/26;43.45;48.53;42.87;47.47;7057116;331295680.00
2015/03/27;46.45;49.10;46.45;48.45;5003795;241532944.00
2015/03/30;48.25;48.60;44.63;45.56;3669219;171481760.00
2015/03/31;45.58;48.12;45.25;47.68;2792235;131962112.00
2015/04/01;47.68;48.78;47.25;48.27;2154341;104142968.00
2015/04/02;48.63;48.63;47.45;48.54;2328772;112643176.00
2015/04/03;47.72;49.45;47.67;48.55;1970378;96213328.00
2015/04/07;48.55;49.07;47.76;48.28;3655352;177371056.00
2015/04/08;47.95;47.95;45.56;46.45;4066884;191204880.00
2015/04/09;46.26;51.13;43.53;48.90;6319579;299435680.00
2015/04/10;47.80;53.55;47.16;52.78;6912717;354323200.00
2015/04/13;51.80;58.09;51.45;56.65;7575899;425711424.00
2015/04/14;56.25;56.72;54.26;54.60;2997034;166913776.00
2015/04/15;54.15;56.04;52.17;53.65;3109619;170931776.00
2015/04/16;52.66;55.14;51.43;51.77;3868755;206488240.00
2015/04/17;52.55;53.15;50.71;51.15;2562755;132989632.00
2015/04/20;50.77;52.66;50.53;51.25;2208610;114699712.00
2015/04/21;51.24;53.95;50.81;53.66;2151982;114127856.00
2015/04/22;54.08;55.09;53.02;53.53;3119731;168611392.00
2015/04/23;53.83;53.83;52.33;52.75;3233957;171635296.00
2015/04/24;51.85;53.20;50.99;52.64;2956322;154388160.00
2015/04/27;52.62;53.34;51.78;52.10;2163919;114219632.00
2015/04/28;51.82;53.14;49.45;50.90;2356555;121843936.00
2015/04/29;50.92;53.65;49.95;53.40;2388032;125903928.00
2015/04/30;53.44;53.68;51.70;52.06;1576256;83891728.00
2015/05/04;51.65;52.25;50.71;51.72;861148;44666020.00
2015/05/05;51.75;51.84;48.25;48.45;2027883;101845368.00
2015/05/06;48.45;49.22;46.86;47.12;2598200;126574920.00
2015/05/07;47.25;48.05;46.65;47.14;1426738;67960552.00
2015/05/08;47.95;49.64;47.81;49.63;2426609;118678472.00
2015/05/11;49.67;52.84;49.35;52.26;3458637;178575632.00
2015/05/12;51.95;52.90;50.70;52.60;2819877;146779904.00
2015/05/13;51.25;54.18;50.95;53.10;3502895;186593664.00
2015/05/14;52.78;54.91;52.47;53.04;2240925;121028360.00
2015/05/15;52.94;52.94;50.76;51.16;2092591;108186704.00
2015/05/18;51.16;56.31;50.65;56.31;4383253;242398176.00
2015/05/19;57.85;57.90;54.15;56.55;5300040;297902816.00
2015/05/20;56.26;58.88;55.46;56.64;4116069;237669440.00
2015/05/21;56.54;62.34;56.47;62.34;2689838;163167808.00
2015/05/22;65.15;65.65;58.53;59.15;8252934;501877984.00
2015/05/25;56.90;61.15;56.75;61.05;5162392;303623168.00
2015/05/26;60.66;67.19;59.99;62.81;5297572;340218464.00
2015/05/27;63.05;68.65;60.97;67.55;6696486;434656320.00
2015/05/28;66.15;69.38;60.76;60.77;5150600;339472800.00
2015/05/29;60.80;66.85;57.47;65.90;4932011;308519104.00
2015/06/01;65.79;69.64;64.82;68.61;6285867;426989376.00
2015/06/02;67.80;70.65;67.15;70.14;4538845;314614176.00
2015/06/03;69.65;71.15;66.42;68.14;3675381;252962000.00
2015/06/04;66.98;67.96;61.29;63.10;4502056;286357888.00
2015/06/05;63.46;64.51;60.20;61.90;4333112;273481024.00
2015/06/08;61.64;63.14;59.22;59.87;2984913;181863728.00
2015/06/09;59.85;60.94;59.41;60.52;3315681;200909520.00
2015/06/10;60.18;63.03;59.46;61.90;3293003;203741088.00
2015/06/11;61.64;62.65;60.96;62.30;3208033;199397600.00
2015/06/12;62.33;65.13;62.33;63.75;3232443;206966032.00
2015/06/15;63.75;63.75;59.10;59.20;3890245;237415120.00
2015/06/16;58.85;60.24;57.15;58.55;3084553;182430624.00
2015/06/17;58.15;60.45;57.46;59.80;2699965;160154512.00
2015/06/18;58.85;59.45;56.26;56.75;1993839;116721232.00
2015/06/19;56.68;57.13;51.04;51.04;4229061;228918368.00
2015/06/23;49.75;51.96;48.83;51.74;2183298;111607872.00
2015/06/24;52.73;53.55;51.47;52.40;2321803;122535864.00
2015/06/25;52.40;52.64;48.21;49.05;2011104;102500624.00
2015/06/26;47.40;48.16;44.11;44.11;3328493;151554688.00
2015/06/29;45.65;45.80;39.66;39.68;3610225;150587584.00
2015/06/30;39.64;43.68;38.30;42.98;4465030;188208784.00
2015/07/01;43.15;45.15;42.15;42.65;4642508;206095152.00
2015/07/02;41.86;45.99;41.55;43.93;5029637;223229664.00
2015/07/03;42.67;47.35;39.50;43.63;5940960;265515456.00
2015/07/06;47.99;47.99;39.23;44.55;5891882;258581040.00
2015/07/07;42.65;42.65;40.06;40.06;2062600;84681416.00
2015/07/08;36.02;37.35;36.02;36.65;7940816;291076640.00
2015/07/09;35.55;40.35;34.78;40.35;3428535;135391616.00
2015/07/10;41.65;44.42;41.15;44.42;3826446;169832848.00
2015/07/13;44.65;48.90;44.42;48.90;6654717;319709664.00
2015/07/14;46.67;52.41;46.64;48.98;6428085;319794368.00
2015/07/15;47.35;48.71;44.05;45.25;4423702;204437168.00
2015/07/16;45.25;48.94;41.54;46.62;2809252;131296296.00
2015/07/17;47.25;49.65;46.67;49.00;2914912;142785760.00
2015/07/20;48.65;50.55;47.75;48.53;2870300;142326416.00
2015/07/21;46.96;49.84;46.96;48.75;1848116;90776416.00
2015/07/22;48.65;50.14;47.35;49.63;3305158;162664592.00
2015/07/23;49.04;51.65;48.47;51.55;3919464;197707488.00
2015/07/24;51.45;52.39;48.88;50.35;4040507;207823792.00
2015/07/27;48.46;49.90;45.28;46.78;3559194;170920080.00
2015/07/28;44.64;47.30;42.17;46.94;3834114;173756976.00
2015/07/29;46.42;48.95;44.58;48.94;2147729;101164928.00
2015/07/30;48.64;49.35;46.50;47.15;2070846;100352688.00
2015/07/31;46.15;48.15;45.72;47.65;1365255;64517648.00
2015/08/03;46.67;47.45;43.87;45.42;1685555;77508792.00
2015/08/04;45.70;46.85;44.17;46.80;2244883;103614208.00
2015/08/05;46.53;47.90;45.65;46.25;1704250;80242600.00
2015/08/06;45.15;47.49;44.66;46.35;889044;41599800.00
2015/08/07;46.64;48.65;46.38;47.65;1674710;80027376.00
2015/08/10;48.17;50.17;47.47;49.46;2321982;115054376.00
2015/08/11;49.95;51.14;48.65;48.90;2389553;120267032.00
2015/08/12;47.65;48.50;45.86;46.65;3583805;169944656.00
2015/08/13;46.16;48.53;46.15;48.21;1740434;82460856.00
2015/08/14;48.59;48.63;46.96;47.37;1371904;66087760.00
2015/08/17;47.55;48.53;47.37;47.81;1764141;85159224.00
2015/08/18;47.97;48.83;43.66;44.27;3125710;148274768.00
2015/08/19;43.45;46.13;42.23;45.90;1732300;77343600.00
2015/08/20;45.54;45.55;43.69;44.48;1173063;52731064.00
2015/08/21;43.54;43.70;41.85;41.87;1057025;45531348.00
2015/08/24;39.65;40.17;37.65;37.65;1422197;54534516.00
2015/08/25;34.35;35.50;33.85;34.29;1889353;65585684.00
2015/08/26;34.47;36.15;34.30;34.73;2486550;88145072.00
2015/08/27;35.16;36.55;33.31;35.36;1920596;68455472.00
2015/08/28;35.95;38.09;35.25;37.81;2065603;75975944.00
2015/08/31;37.15;37.15;35.65;36.31;1497106;54561316.00
2015/09/01;35.65;35.67;32.64;33.65;1064003;36299268.00
2015/09/02;31.85;34.95;31.48;33.25;684108;22886186.00
2015/09/07;33.70;35.12;33.70;34.23;1004103;34938268.00
2015/09/08;34.23;36.14;33.65;35.95;990436;34744440.00
2015/09/09;36.29;37.27;35.83;36.54;2896940;107031392.00
2015/09/10;35.85;36.13;34.75;35.01;1303972;46877216.00
2015/09/11;34.86;35.80;34.86;35.16;826252;29452486.00
2015/09/14;35.50;35.65;31.61;31.61;1208067;40200408.00
2015/09/15;30.70;31.13;29.21;29.58;1205620;36701584.00
2015/09/16;29.76;32.57;29.45;32.45;1481330;46462280.00
2015/09/17;32.45;33.14;31.04;31.33;1807088;58658780.00
2015/09/18;31.27;31.94;31.03;31.64;923484;29386376.00
2015/09/21;31.15;33.44;30.65;33.33;1842742;60603372.00
2015/09/22;33.55;34.26;32.35;33.44;2177481;73449752.00
2015/09/23;32.94;33.28;31.67;32.65;1637500;53978088.00
2015/09/24;32.66;33.63;32.64;33.31;1677823;56271464.00
2015/09/25;33.24;33.24;31.15;31.55;1422165;46169656.00
2015/09/28;31.55;34.74;31.05;34.74;3766447;130202024.00
2015/09/29;34.74;36.45;34.39;34.75;4703385;168039888.00
2015/09/30;34.65;36.15;34.45;35.46;3294359;118361472.00
2015/10/08;36.74;38.65;35.65;37.60;3836607;145825488.00
2015/10/09;37.25;38.02;37.02;37.60;2221933;84246008.00
2015/10/12;37.93;40.04;37.56;38.58;3300901;129125576.00
2015/10/13;37.75;38.95;37.64;38.60;2287513;88201752.00
2015/10/14;38.10;38.43;37.05;37.62;2124099;80733160.00
2015/10/15;37.13;40.07;36.73;40.07;4342542;169095184.00
2015/10/16;39.65;39.85;38.55;39.33;3171339;125386080.00
2015/10/19;39.34;39.63;37.46;38.31;2773505;107436048.00
2015/10/20;38.31;39.22;37.97;39.06;2199704;85825320.00
2015/10/21;39.05;40.13;36.16;36.34;3244078;125650376.00
2015/10/22;36.46;38.33;36.46;38.27;2201495;83163912.00
2015/10/23;38.64;41.01;38.40;40.63;3777679;151426256.00
2015/10/26;41.13;41.13;38.94;39.60;3297060;131597008.00
2015/10/27;39.25;40.33;37.90;40.01;2576526;101523184.00
2015/10/28;39.47;40.53;38.62;38.77;1785176;71240808.00
2015/10/29;39.63;40.06;38.85;39.60;1796255;71733744.00
2015/10/30;39.94;39.94;38.55;38.94;1729301;68646616.00
2015/11/02;37.75;40.53;37.73;39.67;3104060;123307096.00
2015/11/03;39.85;40.05;38.68;39.53;1674456;66666680.00
2015/11/04;39.93;42.60;39.75;42.25;3900494;163831216.00
2015/11/05;41.95;43.16;41.45;42.45;3676747;156702848.00
2015/11/06;42.19;44.15;42.19;43.67;2932723;127099880.00
2015/11/09;43.29;44.30;42.18;43.82;2801544;122776264.00
2015/11/10;43.64;45.05;43.12;43.65;2538510;112713560.00
2015/11/11;43.63;45.24;42.86;44.93;2907437;128835200.00
2015/11/12;44.91;46.20;43.69;45.87;3321659;149660944.00
2015/11/13;44.95;47.85;44.67;45.05;3663843;170725408.00
2015/11/16;44.04;45.01;41.65;44.65;2447708;108195744.00
2015/11/17;44.77;46.05;43.20;43.62;2722221;122161624.00
2015/11/18;43.62;44.05;42.15;42.26;1742958;75799856.00
2015/11/19;42.45;44.31;42.20;44.08;1963928;86056504.00
2015/11/20;44.16;45.53;43.75;44.69;2620739;117771896.00
2015/11/23;44.36;45.53;43.68;44.05;2728897;123044648.00
2015/11/24;43.76;45.35;43.38;45.35;2801674;125599256.00
2015/11/25;45.65;48.04;45.45;47.08;3344530;157868752.00
2015/11/26;47.45;47.45;45.47;45.58;2657804;123969816.00
2015/11/27;45.15;46.30;41.65;42.38;2731421;121898392.00
2015/11/30;42.45;43.49;39.76;42.93;2060671;87213472.00
2015/12/01;42.65;43.51;42.15;42.67;1614944;69582432.00
2015/12/02;42.69;43.04;40.17;41.55;1201871;50239880.00
2015/12/03;41.64;42.59;41.50;42.51;1291361;54906004.00
2015/12/04;42.51;43.37;42.05;42.71;1466715;63296556.00
2015/12/07;42.56;43.93;42.18;43.65;1512822;65971224.00
2015/12/08;43.46;44.15;42.65;42.68;1183114;51528004.00
2015/12/09;42.30;42.55;41.61;41.99;973656;41266188.00
2015/12/10;42.00;42.80;41.65;42.79;1305411;55567836.00
2015/12/11;42.52;43.53;42.31;42.75;1308044;56705536.00
2015/12/14;42.45;42.53;41.15;42.45;1677581;70642672.00
2015/12/15;42.55;43.25;42.36;43.16;1363693;59066956.00
2015/12/16;43.14;44.15;42.96;43.71;1600745;70648896.00
2015/12/17;43.87;45.21;43.87;45.09;1935277;87265520.00
2015/12/18;45.09;45.25;44.16;44.65;1544441;69368112.00
2015/12/21;44.17;45.30;44.17;45.15;2185361;98740472.00
2015/12/22;45.23;45.95;44.33;45.48;2356149;107411864.00
2015/12/23;45.85;46.91;44.86;44.98;2744045;127933240.00
2015/12/24;44.64;45.14;43.46;44.89;1753016;78365736.00
2015/12/25;44.87;46.65;44.86;46.45;2216718;102789464.00
2015/12/28;46.52;47.63;44.89;45.11;2657880;124231392.00
2015/12/29;45.41;49.66;45.41;49.66;6083110;296975136.00
2015/12/30;49.85;52.43;48.85;51.68;6273810;319362656.00
2015/12/31;50.76;51.33;49.25;50.35;3614356;183312208.00
2016/01/04;50.13;50.13;45.28;45.28;2642357;125828696.00
2016/01/05;40.85;44.15;40.85;43.14;4032821;172645712.00
2016/01/06;42.82;43.90;41.46;43.78;2550377;109716872.00
2016/01/07;43.25;43.25;39.37;39.37;619100;25423442.00
2016/01/08;40.14;40.14;35.55;38.91;3213345;125303520.00
2016/01/11;37.45;37.45;34.98;34.98;2578872;93938248.00
2016/01/12;33.75;34.79;32.21;33.54;2937618;98975632.00
2016/01/13;33.52;33.85;31.73;31.85;2984643;100088984.00
2016/01/14;30.65;33.65;29.73;33.04;2217028;72211024.00
2016/01/15;32.65;32.95;30.31;30.58;2001547;64371676.00
2016/01/18;30.41;32.78;29.73;32.55;2139443;68515192.00
2016/01/19;32.55;34.62;32.15;34.49;2830360;96304056.00
2016/01/20;34.13;35.95;33.70;35.25;2524377;89316608.00
2016/01/21;34.13;35.99;34.02;34.02;1805931;63538172.00
2016/01/22;34.35;35.09;33.05;34.95;1121634;39006760.00
2016/01/25;35.05;35.39;34.05;34.62;1079987;37930132.00
2016/01/26;33.96;34.45;31.20;31.59;1372423;46026172.00
2016/01/27;31.69;34.60;30.27;34.21;1605229;52037308.00
2016/01/28;33.55;34.55;32.11;32.65;2032007;68213912.00
2016/01/29;32.45;35.95;32.17;35.95;2384664;84418856.00
2016/02/01;35.94;36.94;35.06;36.13;1949622;70764392.00
2016/02/02;35.76;38.30;35.60;37.65;2023642;76304880.00
2016/02/03;36.95;37.75;36.15;37.07;1753054;65279904.00
2016/02/04;37.10;37.65;36.86;37.10;1451429;54433880.00
2016/02/05;37.11;37.45;35.77;35.78;1115289;40922376.00
2016/02/15;33.84;36.79;33.80;36.35;1174467;42313228.00
2016/02/16;36.39;37.68;36.39;37.55;1377050;51971060.00
2016/02/17;37.27;38.02;36.90;37.95;1497103;56802100.00
2016/02/18;38.15;38.45;37.18;37.35;1497853;56909116.00
2016/02/19;37.13;37.63;36.45;37.02;1783140;66443456.00
2016/02/22;37.25;38.55;37.21;37.56;1733915;65972440.00
2016/02/23;38.01;38.07;36.71;37.28;1218406;45907828.00
2016/02/24;37.26;37.45;35.85;36.80;1230080;45312932.00
2016/02/25;36.80;37.02;33.09;33.15;2557331;88969872.00
2016/02/26;33.65;33.76;31.96;32.45;1114298;37092088.00
2016/02/29;32.47;32.51;29.26;29.52;1833393;55917872.00
2016/03/01;29.85;31.89;29.25;31.55;1572290;48496564.00
2016/03/02;31.26;33.19;31.01;32.76;1328123;43018608.00
2016/03/03;32.76;33.26;32.00;32.05;1473318;48791732.00
2016/03/04;31.60;32.34;29.65;30.46;1304457;40675352.00
2016/03/07;30.47;31.94;30.47;31.34;869964;27604002.00
2016/03/08;31.26;32.96;29.55;32.57;1828606;58086468.00
2016/03/09;31.85;32.79;31.31;31.96;930216;30269192.00
2016/03/10;32.30;32.43;31.23;31.25;838409;27020290.00
2016/03/11;30.65;32.15;30.16;31.50;902298;28561712.00
2016/03/14;32.12;33.21;31.78;32.66;1654728;54869440.00
2016/03/15;32.53;32.80;31.96;32.03;1430342;46792340.00
2016/03/16;32.66;32.81;31.15;31.41;771276;24772886.00
2016/03/17;31.55;33.07;31.55;32.94;1551296;51038840.00
2016/03/18;33.23;34.58;32.96;34.34;2145000;73554440.00
2016/03/21;34.64;35.85;34.36;35.78;2588346;92094520.00
2016/03/22;35.38;37.08;34.65;35.35;2244068;80813224.00
2016/03/23;35.26;36.14;34.99;35.96;1805069;64946288.00
2016/03/24;35.66;35.92;35.19;35.45;1399062;50184764.00
2016/03/25;34.65;35.83;34.65;35.73;840506;29971392.00
2016/03/28;35.95;36.45;35.20;35.43;1232144;44602824.00
2016/03/29;35.21;35.55;34.46;34.65;1512325;53175632.00
2016/03/30;35.13;36.15;34.66;36.00;1188029;42418460.00
2016/03/31;36.16;37.83;36.00;36.47;2215939;82844928.00
2016/04/01;36.47;36.48;34.93;36.15;1599265;57364372.00
2016/04/05;36.25;37.03;35.33;37.00;2359471;87033968.00
2016/04/06;37.04;38.10;36.68;38.10;2050027;77196696.00
2016/04/07;38.25;38.44;36.72;37.02;2275579;86036576.00
2016/04/08;35.85;36.23;34.98;35.43;2165367;77605824.00
2016/04/11;36.03;36.95;35.65;36.77;1758185;64579360.00
2016/04/12;36.39;36.86;35.18;35.61;1961780;70819392.00
2016/04/13;35.65;36.95;35.65;36.26;2079422;76575288.00
2016/04/14;36.47;37.40;36.26;37.23;1928469;71690688.00
2016/04/15;37.27;37.39;36.65;36.95;1278696;47744768.00
2016/04/18;36.64;36.64;35.73;36.16;1448367;52764188.00
2016/04/19;36.53;36.69;36.04;36.39;831769;30477068.00
2016/04/20;36.39;36.69;34.22;34.29;1834168;65357136.00
2016/04/21;34.13;34.63;33.16;33.35;1132368;39001400.00
2016/04/22;33.63;34.18;33.42;33.83;717598;24523612.00
2016/04/25;33.83;34.45;33.26;34.25;831705;28490434.00
2016/04/26;34.21;34.64;33.95;34.64;751993;26081452.00
2016/04/27;34.88;34.88;34.31;34.35;681868;23820676.00
2016/04/28;34.79;34.79;33.45;33.95;1010705;34650552.00
2016/04/29;33.94;34.53;33.73;34.05;776906;26783184.00
2016/05/03;34.04;35.90;33.83;35.85;1582307;56336028.00
2016/05/04;35.86;36.93;35.77;35.88;1594840;58555996.00
2016/05/05;35.91;36.53;35.85;36.45;1036274;37890320.00
2016/05/06;35.90;36.40;34.25;34.25;1785001;63685624.00
2016/05/09;33.65;34.45;32.66;33.80;1172084;39803216.00
2016/05/10;33.80;34.35;33.67;33.82;922565;31742864.00
2016/05/11;33.95;34.34;33.51;33.54;912012;31233918.00
2016/05/12;33.41;33.43;32.15;33.15;579079;19232808.00
2016/05/13;33.10;33.43;32.85;33.20;451416;15143668.00
2016/05/16;33.12;33.79;32.83;33.79;725351;24232414.00
2016/05/17;33.61;34.25;33.21;33.90;793506;26737250.00
2016/05/18;33.60;33.69;32.61;32.73;764557;25210338.00
2016/05/19;33.19;33.55;32.80;33.15;794954;26492872.00
2016/05/20;33.00;33.33;32.60;33.31;683278;22535624.00
2016/05/23;33.32;33.83;33.32;33.71;749680;25215222.00
2016/05/24;33.75;34.23;33.41;34.00;939875;31838536.00
2016/05/25;34.10;34.45;33.65;33.82;602649;20484774.00
2016/05/26;33.80;34.33;33.01;34.20;887669;29840928.00
2016/05/27;34.20;34.20;33.53;33.90;941387;31915880.00
2016/05/30;33.60;34.20;33.21;33.92;883751;29926838.00
2016/05/31;33.80;35.63;33.63;35.62;1861357;65385836.00
2016/06/01;35.62;35.97;35.26;35.37;1414025;50241144.00
2016/06/02;35.55;35.59;35.16;35.58;1149101;40706448.00
2016/06/03;35.58;36.36;35.27;36.10;2159664;77500984.00
2016/06/06;35.91;36.33;35.36;35.66;1286747;45971460.00
2016/06/07;35.67;35.86;35.20;35.65;1157906;41073724.00
2016/06/08;35.60;35.85;35.20;35.79;1005839;35858012.00
2016/06/13;35.14;35.33;33.83;33.83;1292039;44881700.00
2016/06/14;33.60;34.07;33.31;33.89;943311;31833156.00
2016/06/15;33.70;35.51;33.36;35.15;1101436;38300144.00
2016/06/16;34.89;35.30;34.57;34.78;954553;33258446.00
2016/06/17;34.64;36.35;34.64;35.87;1965826;70311432.00
2016/06/20;35.93;36.45;35.37;36.33;1910070;68468320.00
2016/06/21;36.60;36.66;35.12;35.28;1674722;60230684.00
2016/06/22;35.03;36.51;35.03;36.48;1401092;50440336.00
2016/06/23;36.47;37.20;35.61;36.02;1579046;57291360.00
2016/06/24;35.90;36.16;35.01;35.75;1481769;53004648.00
2016/06/27;35.42;37.32;35.41;37.21;2602359;96055104.00
2016/06/28;37.00;38.30;36.83;37.89;3936431;147794928.00
2016/06/29;37.70;37.86;37.31;37.58;2045342;76712400.00
2016/06/30;37.58;37.98;37.25;37.66;1764236;66391816.00
2016/07/01;37.67;37.88;37.07;37.26;1300013;48610500.00
2016/07/04;37.06;38.17;37.02;37.81;2355786;88786776.00
2016/07/05;37.90;37.90;37.25;37.55;1794932;67393352.00
2016/07/06;37.56;38.46;37.15;38.45;2352946;88816544.00
2016/07/07;38.40;39.50;38.06;38.44;2838550;109849168.00
2016/07/08;38.17;39.85;38.17;39.17;3391969;132257208.00
2016/07/11;39.18;40.16;38.55;39.88;3286946;129508896.00
2016/07/12;39.46;42.96;39.20;41.65;5976551;248252928.00
2016/07/13;41.26;42.70;40.41;40.83;3569071;148095472.00
2016/07/14;40.98;41.10;39.86;40.00;2546710;102573656.00
2016/07/15;40.16;40.56;39.70;40.35;1617600;65010936.00
2016/07/18;40.50;40.50;38.68;39.05;2595002;102025528.00
2016/07/19;39.07;39.30;38.77;39.10;1777411;69442480.00
2016/07/20;39.12;40.53;39.12;40.06;2270338;90579464.00
2016/07/21;40.05;40.28;39.31;39.39;1343085;53257636.00
2016/07/22;39.73;39.79;39.12;39.38;1003272;39501096.00
2016/07/25;39.55;39.55;37.90;38.09;2699612;104668368.00
2016/07/26;38.02;38.88;38.02;38.76;1869455;71780176.00
2016/07/27;38.76;38.89;36.31;36.65;3045648;113810424.00
2016/07/28;36.40;36.95;36.05;36.71;1686240;61634152.00
2016/07/29;36.80;36.80;35.73;36.10;1967989;71058064.00
2016/08/01;36.15;36.16;34.90;35.84;1732432;61390832.00
2016/08/02;35.87;36.38;35.60;36.30;1256590;45348860.00
2016/08/03;36.29;36.32;35.91;36.25;638500;23067904.00
2016/08/04;36.17;36.44;35.86;36.32;1490330;53996712.00
2016/08/05;36.23;36.37;35.84;35.92;1018099;36764592.00
2016/08/08;35.93;36.10;35.15;36.00;908399;32371526.00
2016/08/09;35.98;36.76;35.89;36.66;1209780;44126036.00
2016/08/10;36.66;36.96;36.30;36.34;960511;35063956.00
2016/08/11;36.22;36.35;35.74;35.77;765202;27508960.00
2016/08/12;35.62;36.19;35.60;36.17;755797;27167100.00
2016/08/15;36.30;37.09;35.64;37.00;3437995;125586624.00
2016/08/16;36.98;37.60;36.80;37.41;1836525;68518280.00
2016/08/17;37.50;38.29;37.44;37.79;2570747;97365376.00
2016/08/18;37.79;37.79;37.25;37.29;1377964;51582964.00
2016/08/19;37.29;37.59;37.10;37.43;999666;37298148.00
2016/08/22;37.75;37.75;36.61;36.64;1083501;40277796.00
2016/08/23;36.80;37.45;36.56;37.00;1179540;43650064.00
2016/08/24;37.36;37.77;36.95;37.58;1539860;57649296.00
2016/08/25;37.60;37.60;36.00;37.30;1301737;48066000.00
2016/08/26;37.02;39.00;37.00;37.42;2095807;79049944.00
2016/08/29;37.21;37.70;37.20;37.43;976828;36571036.00
2016/08/30;37.77;37.78;37.36;37.40;772951;29031998.00
2016/08/31;37.68;37.68;36.92;37.18;1057388;39275400.00
2016/09/01;37.13;37.44;36.91;36.96;851242;31655234.00
2016/09/02;36.82;37.23;36.41;36.47;967991;35617552.00
2016/09/05;36.49;37.18;36.49;36.70;1072739;39605712.00
2016/09/06;36.77;37.38;36.39;37.31;1431223;52782224.00
2016/09/07;37.43;37.93;37.15;37.78;2314490;87037360.00
2016/09/08;37.90;37.95;37.59;37.95;1019467;38534292.00
2016/09/09;38.18;38.18;37.27;37.27;1002131;37670472.00
2016/09/12;36.82;36.89;35.98;35.99;1386310;50507332.00
2016/09/13;36.25;36.29;35.80;36.07;692395;24918532.00
2016/09/14;35.78;36.16;35.25;36.16;698185;25120006.00
2016/09/19;36.16;38.10;36.06;36.66;1365872;50227496.00
2016/09/20;36.55;36.77;36.38;36.58;644917;23588360.00
2016/09/21;36.71;36.75;36.36;36.55;762781;27863438.00
2016/09/22;36.60;36.83;36.50;36.50;988004;36247092.00
2016/09/23;36.52;36.76;36.30;36.35;667885;24337444.00
2016/09/26;36.23;36.53;35.56;35.56;1006440;36427288.00
2016/09/27;35.56;35.95;35.40;35.93;742599;26466944.00
2016/09/28;35.93;36.02;35.60;35.98;593740;21321624.00
2016/09/29;35.91;36.16;35.79;35.93;663670;23835808.00
2016/09/30;35.57;36.04;35.50;36.04;622961;22349602.00
2016/10/10;36.08;37.14;36.05;37.04;1299147;47788488.00
2016/10/11;37.15;37.98;36.92;37.32;1403716;52604088.00
2016/10/12;37.32;37.69;37.20;37.33;811440;30340278.00
2016/10/13;37.54;37.54;37.14;37.26;528563;19696606.00
2016/10/14;37.11;37.34;36.82;37.31;832115;30849026.00
2016/10/17;37.53;38.00;37.17;37.19;2318597;87456424.00
2016/10/18;37.08;38.12;37.08;38.11;1978257;74853808.00
2016/10/19;38.20;38.28;37.56;37.74;1438579;54473260.00
2016/10/20;37.74;37.98;37.62;37.69;986427;37201384.00
2016/10/21;37.74;37.86;37.06;37.51;1018839;38223792.00
2016/10/24;37.38;38.26;37.30;38.18;1788516;67907304.00
2016/10/25;38.18;38.30;38.04;38.13;976199;37250588.00
2016/10/26;37.99;39.05;37.99;38.56;2323952;89871008.00
2016/10/27;38.51;38.88;38.02;38.29;1062215;40741436.00
2016/10/28;38.20;39.79;38.20;39.33;3048421;119774440.00
2016/10/31;39.10;39.99;38.88;39.46;2345085;92567392.00
2016/11/01;39.27;40.40;39.27;39.89;2851546;113717984.00
2016/11/02;39.69;40.88;38.98;39.00;2608513;103594000.00
2016/11/03;38.87;39.87;38.74;39.43;3221259;127072000.00
2016/11/04;39.40;39.54;38.27;38.35;3009011;116762056.00
2016/11/07;38.31;38.69;38.19;38.38;1910648;73421328.00
2016/11/08;38.50;39.03;38.42;38.72;1384180;53623164.00
2016/11/09;38.63;38.72;37.78;38.20;2015169;76893224.00
2016/11/10;38.53;39.58;38.42;39.40;2070047;80849616.00
2016/11/11;39.41;39.83;38.92;39.68;2477060;97628904.00
2016/11/14;39.76;39.99;39.12;39.50;1792987;70952024.00
2016/11/15;39.59;39.91;39.20;39.65;1509540;59622056.00
2016/11/16;39.70;40.40;39.39;39.45;2203953;88036792.00
2016/11/17;39.30;39.30;38.78;38.99;806000;31474922.00
数据来源:通达信
