300270 中威电子 日线 前复权
      日期	    开盘	    最高	    最低	    收盘	    成交量	    成交额
2011/10/12;5.94;6.77;5.79;6.64;7092513;296365120.00
2011/10/13;6.39;7.21;6.33;6.83;4921994;217753024.00
2011/10/14;6.62;7.09;6.55;6.78;3147125;144061920.00
2011/10/17;6.71;7.22;6.71;6.95;3171244;148835408.00
2011/10/18;6.83;7.15;6.74;6.98;2568578;119850688.00
2011/10/19;6.95;7.40;6.56;6.59;2957385;138078944.00
2011/10/20;6.47;6.53;6.15;6.30;1922377;82344176.00
2011/10/21;6.31;6.42;6.00;6.09;1371443;57469972.00
2011/10/24;6.13;6.16;5.71;6.10;1568739;63069920.00
2011/10/25;6.06;6.64;5.99;6.50;2071010;88410896.00
2011/10/26;6.45;6.58;6.33;6.51;1771190;76995312.00
2011/10/27;6.51;6.72;6.43;6.62;1654972;73213976.00
2011/10/28;6.63;6.68;6.47;6.60;1462840;64680664.00
2011/10/31;6.60;6.81;6.42;6.65;1384666;61493244.00
2011/11/01;6.59;6.72;6.48;6.71;1311737;58230028.00
2011/11/02;6.64;7.04;6.55;6.94;1719655;78880144.00
2011/11/03;6.98;7.16;6.70;6.70;1862245;86614464.00
2011/11/04;6.80;7.27;6.68;7.08;2014232;94753272.00
2011/11/07;7.00;7.19;6.82;6.84;1188218;55605948.00
2011/11/08;6.86;6.91;6.59;6.62;997932;45296996.00
2011/11/09;6.64;6.77;6.51;6.75;1071260;47826324.00
2011/11/10;6.64;6.82;6.64;6.66;1079832;48822256.00
2011/11/11;6.68;6.71;6.47;6.51;762062;33729156.00
2011/11/14;6.56;6.89;6.56;6.81;1045448;47412836.00
2011/11/15;6.83;7.39;6.78;7.17;1828122;87218168.00
2011/11/16;7.24;7.29;6.98;7.05;1326556;63410660.00
2011/11/17;7.03;7.77;7.03;7.77;1382608;70232888.00
2011/11/18;7.98;8.44;7.93;8.27;2817406;153647056.00
2011/11/21;8.17;8.56;7.98;8.47;2136925;117920968.00
2011/11/22;8.41;8.43;8.00;8.18;1649736;90975888.00
2011/11/23;8.22;8.80;8.06;8.06;2267310;128002672.00
2011/11/24;7.91;8.26;7.85;8.13;1178044;63578492.00
2011/11/25;7.91;8.18;7.86;7.92;1179004;63130848.00
2011/11/28;7.85;8.13;7.76;8.05;1036462;55374372.00
2011/11/29;8.11;8.47;8.11;8.28;1302973;72347080.00
2011/11/30;8.22;8.28;7.44;7.53;1700456;88529584.00
2011/12/01;7.79;7.98;7.53;7.54;1517974;78642296.00
2011/12/02;7.42;7.74;7.32;7.63;678287;34493244.00
2011/12/05;7.60;7.62;7.07;7.10;848509;41612516.00
2011/12/06;7.03;7.36;7.01;7.29;666317;32235420.00
2011/12/07;7.26;7.31;7.01;7.26;836047;40274656.00
2011/12/08;7.24;7.70;7.04;7.48;1008729;50315628.00
2011/12/09;7.36;7.62;7.33;7.52;566133;28417074.00
2011/12/12;7.57;7.74;7.53;7.62;674476;34527604.00
2011/12/13;7.55;7.66;7.27;7.44;612939;30611940.00
2011/12/14;7.42;7.51;7.08;7.15;532302;26063404.00
2011/12/15;7.10;7.29;7.03;7.12;443427;21356992.00
2011/12/16;7.15;7.15;6.72;7.09;1012492;47033164.00
2011/12/19;6.96;7.06;6.76;7.04;860766;39850864.00
2011/12/20;6.99;7.23;6.84;6.84;706098;33371634.00
2011/12/21;6.91;6.96;6.49;6.49;1091760;49055868.00
2011/12/22;6.40;6.44;6.18;6.30;713771;30200326.00
2011/12/23;6.31;6.55;6.27;6.45;736508;31858740.00
2011/12/26;6.36;6.59;6.35;6.46;538539;23499084.00
2011/12/27;6.45;6.45;6.01;6.09;624694;26128344.00
2011/12/28;6.01;6.04;5.84;6.00;371612;14841731.00
2011/12/29;5.94;6.18;5.92;6.08;371653;15210467.00
2011/12/30;6.15;6.36;6.04;6.34;451060;18952466.00
2012/01/04;6.33;6.39;5.69;5.69;814231;33394252.00
2012/01/05;5.61;5.61;5.21;5.34;755834;27666122.00
2012/01/06;5.33;5.56;5.24;5.50;390323;14198641.00
2012/01/09;5.40;5.72;5.36;5.67;491288;18509312.00
2012/01/10;5.68;5.87;5.65;5.83;586433;22777332.00
2012/01/11;5.84;6.07;5.75;5.98;628429;25064630.00
2012/01/12;5.92;6.00;5.64;5.74;1030415;40215756.00
2012/01/13;5.66;5.77;5.15;5.21;1142890;41089372.00
2012/01/16;5.12;5.20;4.95;4.97;516076;17693984.00
2012/01/17;4.92;5.32;4.92;5.24;911278;31650982.00
2012/01/18;5.22;5.27;4.71;4.71;971315;32572340.00
2012/01/19;4.39;4.61;4.27;4.42;1548453;46193352.00
2012/01/20;4.42;4.53;4.32;4.38;1086017;32696956.00
2012/01/30;4.45;4.83;4.45;4.83;1662457;53042652.00
2012/01/31;4.85;4.85;4.65;4.80;1359577;43724152.00
2012/02/01;4.77;4.99;4.73;4.79;1469118;48371828.00
2012/02/02;4.74;4.94;4.73;4.91;920038;30063010.00
2012/02/03;4.91;5.13;4.90;5.00;1187887;40252020.00
2012/02/06;4.97;5.21;4.88;5.06;1074167;36564892.00
2012/02/07;5.03;5.03;4.84;4.88;709714;23624476.00
2012/02/08;4.88;5.12;4.83;5.06;903231;30388514.00
2012/02/09;5.09;5.22;5.01;5.14;1071749;37254840.00
2012/02/10;5.14;5.20;5.04;5.12;709607;24606478.00
2012/02/13;5.09;5.36;5.04;5.27;1077256;38148760.00
2012/02/14;5.26;5.34;5.23;5.27;749894;26719982.00
2012/02/15;5.27;5.34;5.21;5.33;849375;30314400.00
2012/02/16;5.30;5.38;5.17;5.20;1274262;45232924.00
2012/02/17;5.20;5.23;5.06;5.12;725821;25164336.00
2012/02/20;5.18;5.30;5.15;5.18;1044316;36959264.00
2012/02/21;5.15;5.64;5.15;5.52;1535508;55295424.00
2012/02/22;5.45;5.69;5.43;5.61;1595397;59773292.00
2012/02/23;5.60;5.70;5.47;5.64;1209881;45600064.00
2012/02/24;5.59;5.78;5.59;5.69;1116544;42878588.00
2012/02/27;5.71;5.83;5.66;5.75;1340954;51958588.00
2012/02/28;5.64;5.64;5.34;5.48;1760900;65355976.00
2012/02/29;5.47;5.47;5.34;5.36;740599;26935212.00
2012/03/01;5.32;5.46;5.30;5.41;566247;20699708.00
2012/03/02;5.41;5.53;5.41;5.50;612304;22652656.00
2012/03/05;5.51;5.56;5.43;5.44;737859;27327546.00
2012/03/06;5.44;5.64;5.41;5.64;1165270;43496824.00
2012/03/07;5.57;5.82;5.57;5.77;1535205;59286496.00
2012/03/08;5.81;5.82;5.68;5.74;1041116;40206436.00
2012/03/09;5.79;5.92;5.74;5.88;976243;38559472.00
2012/03/12;5.88;6.00;5.80;5.92;899798;35688492.00
2012/03/13;5.89;5.97;5.79;5.94;832517;33039802.00
2012/03/14;5.98;6.21;5.71;5.83;1617973;65571368.00
2012/03/15;5.80;6.43;5.80;6.28;1864093;77162872.00
2012/03/16;6.21;6.59;6.18;6.52;1499846;65041188.00
2012/03/19;6.43;6.65;6.32;6.65;1297818;56584100.00
2012/03/20;6.64;6.74;6.42;6.42;1347357;59176052.00
2012/03/21;5.86;6.04;5.77;5.77;907500;35541848.00
2012/03/22;5.47;5.54;5.21;5.40;2135562;77514920.00
2012/03/23;5.33;5.34;5.16;5.29;1559618;55239032.00
2012/03/26;5.26;5.26;5.18;5.26;791182;27957082.00
2012/03/27;5.26;5.30;5.21;5.23;756990;26893208.00
2012/03/28;5.18;5.18;4.77;4.78;1553792;51717264.00
2012/03/29;4.73;4.86;4.73;4.79;798442;25897712.00
2012/03/30;4.79;4.83;4.60;4.65;847277;26832234.00
2012/04/05;4.64;4.80;4.60;4.78;818144;26267456.00
2012/04/06;4.78;5.04;4.78;4.92;997336;32988514.00
2012/04/09;4.89;4.89;4.72;4.72;692530;22563982.00
2012/04/10;4.67;4.76;4.48;4.70;781191;24488904.00
2012/04/12;4.73;4.91;4.72;4.89;1131662;36961820.00
2012/04/13;4.91;4.94;4.82;4.93;968632;32025454.00
2012/04/16;4.94;4.95;4.82;4.83;575431;18947702.00
2012/04/17;4.83;4.88;4.76;4.76;512287;16688957.00
2012/04/18;4.80;4.95;4.77;4.92;648576;21400390.00
2012/04/19;4.89;4.96;4.89;4.95;621797;20713866.00
2012/04/20;4.97;5.04;4.96;4.98;858403;29032856.00
2012/04/23;4.87;4.93;4.48;4.49;1558480;32403256.00
2012/04/24;4.47;4.47;4.17;4.35;1151371;22347586.00
2012/04/25;4.28;4.31;4.19;4.27;795705;15230850.00
2012/04/26;4.26;4.28;4.03;4.09;1263815;23508234.00
2012/04/27;4.05;4.20;4.05;4.16;807660;15135787.00
2012/05/02;4.18;4.22;4.11;4.17;771648;14523509.00
2012/05/03;4.14;4.17;4.05;4.14;861744;16026766.00
2012/05/04;4.17;4.25;4.13;4.23;982903;18680620.00
2012/05/07;4.18;4.30;4.15;4.30;968852;18559084.00
2012/05/08;4.30;4.49;4.26;4.35;1207615;23862798.00
2012/05/09;4.32;4.34;4.23;4.25;693171;13353542.00
2012/05/10;4.23;4.69;4.23;4.41;1341208;27048268.00
2012/05/11;4.33;4.41;4.30;4.35;702387;13783043.00
2012/05/14;4.36;4.40;4.27;4.27;518020;10109447.00
2012/05/15;4.21;4.21;4.13;4.18;536391;10093034.00
2012/05/16;4.14;4.22;4.13;4.16;429769;8101492.00
2012/05/17;4.15;4.25;4.13;4.25;432652;8204415.50
2012/05/18;4.19;4.43;4.17;4.25;709771;13777556.00
2012/05/21;4.21;4.29;4.17;4.26;366878;7001843.50
2012/05/22;4.27;4.37;4.27;4.31;479942;9327677.00
2012/05/23;4.28;4.32;4.15;4.19;551790;10548446.00
2012/05/24;4.17;4.20;4.12;4.14;383613;7204498.50
2012/05/25;4.14;4.17;3.95;3.96;498843;9114906.00
2012/05/28;3.94;3.97;3.80;3.96;536215;9431055.00
2012/05/29;3.96;4.04;3.92;4.02;449631;8117489.00
2012/05/30;4.01;4.10;4.01;4.06;381353;6972802.00
2012/05/31;4.03;4.17;3.98;4.10;500386;9270793.00
2012/06/01;4.11;4.20;4.10;4.12;570929;10702759.00
2012/06/04;4.01;4.01;3.91;3.91;715954;12793904.00
2012/06/05;3.89;3.95;3.87;3.90;286062;5044320.50
2012/06/06;3.88;3.95;3.82;3.87;282736;4966297.00
2012/06/07;3.94;3.94;3.84;3.84;319355;5600889.50
2012/06/08;3.89;3.90;3.80;3.86;251396;4372849.00
2012/06/11;3.86;4.03;3.84;4.03;503929;9002879.00
2012/06/12;4.03;4.08;3.94;4.03;458832;8322800.00
2012/06/13;4.17;4.34;4.17;4.21;1188517;22622644.00
2012/06/14;4.15;4.21;4.13;4.13;583030;10978385.00
2012/06/15;4.13;4.21;4.12;4.19;550950;10352555.00
2012/06/18;4.21;4.33;4.18;4.26;741690;14246043.00
2012/06/19;4.23;4.29;4.21;4.24;389537;7448807.50
2012/06/20;4.23;4.40;4.22;4.30;824789;16050792.00
2012/06/21;4.28;4.31;4.08;4.13;583522;11022696.00
2012/06/25;4.11;4.11;3.92;3.92;453810;8193677.00
2012/06/26;3.92;4.03;3.82;4.00;466698;8301357.00
2012/06/27;3.98;4.06;3.96;3.97;270794;4920300.00
2012/06/28;3.95;4.21;3.95;4.07;838064;15528387.00
2012/06/29;4.04;4.23;4.03;4.20;905043;16966856.00
2012/07/02;4.25;4.36;4.15;4.34;1129287;21688688.00
2012/07/03;4.30;4.39;4.26;4.34;838016;16297890.00
2012/07/04;4.32;4.64;4.32;4.49;1840738;37359600.00
2012/07/05;4.48;4.48;4.27;4.35;833715;16379959.00
2012/07/06;4.36;4.71;4.27;4.67;1870236;38054588.00
2012/07/09;4.63;4.63;4.45;4.54;1322703;27145920.00
2012/07/10;4.51;4.55;4.34;4.44;1036051;20583696.00
2012/07/11;4.36;4.47;4.36;4.42;514009;10240760.00
2012/07/12;4.42;4.57;4.38;4.54;628300;12730730.00
2012/07/13;4.51;4.52;4.33;4.46;662142;13117951.00
2012/07/16;4.43;4.60;4.24;4.29;794926;15937151.00
2012/07/17;4.30;4.49;4.19;4.49;531108;10363747.00
2012/07/18;4.48;4.63;4.44;4.62;1254285;25798496.00
2012/07/19;4.58;4.68;4.58;4.62;1447835;30281326.00
2012/07/20;4.61;5.09;4.60;5.09;3206522;72026416.00
2012/07/23;5.07;5.32;5.01;5.24;2497146;57666236.00
2012/07/24;5.15;5.23;5.01;5.10;1335754;30542442.00
2012/07/25;5.08;5.39;5.04;5.26;2067782;48661832.00
2012/07/26;5.20;5.27;4.81;4.82;1813596;40856212.00
2012/07/27;4.87;4.97;4.82;4.92;1235836;27211694.00
2012/07/30;4.87;4.87;4.50;4.55;1840656;38248596.00
2012/07/31;4.60;4.70;4.55;4.60;1425553;29556632.00
2012/08/01;4.60;5.07;4.55;5.07;2158288;48064648.00
2012/08/02;5.12;5.23;5.07;5.20;2197344;50730264.00
2012/08/03;5.15;5.53;5.11;5.45;2213124;53067204.00
2012/08/06;5.35;6.00;5.31;6.00;2568359;66782840.00
2012/08/07;6.02;6.35;5.82;6.17;3594138;97757008.00
2012/08/08;6.09;6.09;5.90;6.02;1687464;45316408.00
2012/08/09;5.96;6.12;5.85;6.10;1551473;41776208.00
2012/08/10;6.09;6.55;5.98;6.30;2092101;59089708.00
2012/08/13;6.25;6.26;6.06;6.10;1142395;31363068.00
2012/08/14;6.09;6.45;5.85;6.33;1572446;43631984.00
2012/08/15;6.25;6.47;6.19;6.32;901492;25454488.00
2012/08/16;6.19;6.31;5.98;5.98;944626;25964700.00
2012/08/17;5.94;6.02;5.75;5.96;1071505;28062000.00
2012/08/20;5.84;6.21;5.80;6.08;596580;16178228.00
2012/08/21;6.03;6.70;6.03;6.70;1438760;42062836.00
2012/08/22;6.69;6.70;6.44;6.50;1046492;30717956.00
2012/08/23;6.40;7.10;6.40;6.83;1527528;46405668.00
2012/08/24;6.71;6.81;6.61;6.66;898699;26798736.00
2012/08/27;6.64;6.65;6.28;6.30;1075173;30801160.00
2012/08/28;6.26;6.48;6.26;6.29;980912;28019202.00
2012/08/29;6.29;6.82;6.26;6.63;1662720;48904424.00
2012/08/30;6.56;6.65;5.96;5.96;1960966;54260464.00
2012/08/31;5.90;5.92;5.51;5.88;1111697;28553178.00
2012/09/03;5.77;6.23;5.73;6.21;944109;25593164.00
2012/09/04;6.21;6.44;6.12;6.32;1121018;31468744.00
2012/09/05;6.24;6.52;6.17;6.46;799427;22933922.00
2012/09/06;6.37;6.54;6.29;6.51;659200;18964602.00
2012/09/07;6.55;6.67;6.50;6.55;867000;25431500.00
2012/09/10;6.54;6.62;6.40;6.59;879292;25519802.00
2012/09/11;6.49;6.59;6.37;6.39;560466;16190128.00
2012/09/12;6.37;6.46;6.10;6.23;808995;22475538.00
2012/09/13;6.23;6.26;6.10;6.11;331029;9165910.00
2012/09/14;6.20;6.21;5.89;6.04;345202;9323648.00
2012/09/17;6.03;6.03;5.80;5.82;252429;6658866.00
2012/09/18;5.76;6.07;5.70;5.95;446204;11933770.00
2012/09/19;5.95;6.11;5.92;5.97;371089;10014789.00
2012/09/20;5.93;5.96;5.63;5.72;859329;22132930.00
2012/09/21;5.70;5.74;5.35;5.40;942392;23363226.00
2012/09/24;5.37;5.39;5.19;5.35;605351;14406984.00
2012/09/25;5.37;5.54;5.29;5.37;793394;19290794.00
2012/09/26;5.42;5.42;5.17;5.21;701703;16554531.00
2012/09/27;5.21;5.35;5.20;5.34;919852;21757678.00
2012/09/28;5.26;5.50;5.26;5.45;684069;16658175.00
2012/10/08;5.45;5.46;5.29;5.34;718506;17265882.00
2012/10/09;5.57;5.88;5.54;5.88;1264399;32605526.00
2012/10/10;6.02;6.36;5.88;6.10;1986896;54465736.00
2012/10/11;6.03;6.50;5.94;6.24;2063537;58253852.00
2012/10/12;6.21;6.55;6.13;6.25;1123355;31826220.00
2012/10/15;6.25;6.41;6.10;6.18;1068535;29957368.00
2012/10/16;6.07;6.60;6.07;6.36;2823638;80082632.00
2012/10/17;6.38;6.71;6.29;6.71;1823217;53480004.00
2012/10/18;6.69;6.74;6.60;6.70;1004925;29898880.00
2012/10/19;6.70;6.81;6.57;6.59;766823;22895636.00
2012/10/22;6.26;6.75;6.26;6.72;1134665;33620596.00
2012/10/23;6.71;6.77;6.45;6.53;1449186;42559968.00
2012/10/24;6.52;6.68;6.39;6.66;828129;24188988.00
2012/10/25;6.71;6.94;6.53;6.57;1080472;32637254.00
2012/10/26;6.67;6.76;6.42;6.60;844620;25024296.00
2012/10/29;6.49;6.92;6.38;6.88;1681826;50461424.00
2012/10/30;6.91;7.14;6.83;7.04;2156293;67419824.00
2012/10/31;7.02;7.53;6.95;7.43;1694425;54758156.00
2012/11/01;7.39;7.61;7.32;7.47;1569497;52107128.00
2012/11/02;7.47;7.56;7.37;7.52;644099;21487284.00
2012/11/05;7.49;7.60;6.98;7.01;1383313;44377912.00
2012/11/06;7.03;7.15;6.89;7.09;866794;27181460.00
2012/11/07;7.05;7.33;6.83;6.90;799180;24793286.00
2012/11/08;6.84;7.00;6.73;6.73;791434;24372528.00
2012/11/09;6.65;6.89;6.58;6.78;848322;25469452.00
2012/11/12;6.78;6.94;6.71;6.78;607411;18434902.00
2012/11/13;6.66;6.79;6.66;6.71;442758;13297216.00
2012/11/14;6.76;6.76;6.40;6.63;984426;28882678.00
2012/11/15;6.62;6.77;6.51;6.64;586108;17415054.00
2012/11/16;6.62;6.82;6.60;6.77;504379;15129341.00
2012/11/19;6.77;6.82;6.64;6.77;322985;9727369.00
2012/11/20;6.77;6.82;6.41;6.59;1004922;29485324.00
2012/11/21;6.58;6.65;6.33;6.58;526155;15277862.00
2012/11/22;6.54;6.55;6.39;6.47;227557;6586572.00
2012/11/23;6.48;6.53;6.23;6.34;1211464;34480020.00
2012/11/26;6.27;6.30;5.96;6.03;741066;20149050.00
2012/11/27;6.03;6.07;5.88;6.05;477049;12728451.00
2012/11/28;5.98;6.14;5.93;6.02;334270;8991371.00
2012/11/29;6.03;6.12;6.02;6.12;532182;14423815.00
2012/11/30;6.11;6.55;6.10;6.49;652217;18721644.00
2012/12/03;6.49;6.68;6.39;6.42;614153;18026288.00
2012/12/04;6.42;6.68;6.38;6.68;568989;16664380.00
2012/12/05;6.63;6.93;6.48;6.78;986730;29982324.00
2012/12/06;6.80;6.87;6.64;6.68;859691;25790460.00
2012/12/07;6.67;6.79;6.53;6.75;1527838;45358176.00
2012/12/10;6.71;6.92;6.63;6.79;996893;30112138.00
2012/12/11;6.76;6.79;6.64;6.67;748430;22410260.00
2012/12/12;6.60;7.04;6.56;7.00;2292377;69703912.00
2012/12/13;6.71;6.96;6.67;6.73;1921658;57934164.00
2012/12/14;6.60;7.04;6.60;6.98;1458946;45034700.00
2012/12/17;7.01;7.07;6.65;6.74;1138652;34438572.00
2012/12/18;6.71;6.82;6.60;6.61;667375;20053006.00
2012/12/19;6.60;6.71;6.45;6.63;818494;24108222.00
2012/12/20;6.60;7.00;6.59;7.00;1810827;55209376.00
2012/12/21;6.97;7.57;6.89;7.39;2321570;74738800.00
2012/12/24;7.36;7.67;7.28;7.61;1571240;52765136.00
2012/12/25;7.62;7.82;7.51;7.60;1361397;46321156.00
2012/12/26;7.60;8.11;7.60;7.95;1371500;48341340.00
2012/12/27;7.95;8.15;7.62;7.62;1428708;49481148.00
2012/12/28;7.54;7.82;7.41;7.68;754106;25622080.00
2012/12/31;7.57;7.98;7.57;7.84;1126031;39338416.00
2013/01/04;7.95;7.96;7.55;7.82;1110325;38233736.00
2013/01/07;7.75;8.15;7.66;8.10;1079390;38068852.00
2013/01/08;8.07;8.60;8.07;8.19;1378694;51411552.00
2013/01/09;8.19;8.59;8.07;8.42;1118902;41738808.00
2013/01/10;8.45;8.57;8.35;8.45;598345;22515280.00
2013/01/11;8.45;9.05;8.45;8.75;1092396;42779508.00
2013/01/14;8.71;9.03;8.70;8.97;1218604;48400748.00
2013/01/15;8.98;9.76;8.88;9.32;1425845;58790812.00
2013/01/16;9.32;9.73;9.05;9.41;1376294;57624192.00
2013/01/17;9.32;9.49;9.05;9.09;1299561;53090840.00
2013/01/18;9.18;9.33;8.90;8.99;1913944;77152400.00
2013/01/21;8.98;9.56;8.95;9.56;1515261;62191804.00
2013/01/22;9.53;9.67;8.89;8.92;1848330;75333824.00
2013/01/23;8.96;8.98;8.54;8.98;812136;31936472.00
2013/01/24;8.94;9.01;8.52;8.76;1431399;55445328.00
2013/01/25;8.70;9.01;8.57;8.87;709410;27803628.00
2013/01/28;8.92;9.06;8.81;9.00;1157876;46017792.00
2013/01/29;8.98;9.40;8.98;9.29;968050;39738244.00
2013/01/30;9.29;9.35;8.87;9.30;1148376;46691964.00
2013/01/31;8.38;8.99;8.36;8.87;3817916;145029408.00
2013/02/01;8.64;8.87;8.60;8.83;1249230;48575296.00
2013/02/04;8.72;8.85;8.43;8.53;1969095;74979664.00
2013/02/05;8.44;8.53;8.14;8.27;1270136;46661984.00
2013/02/06;8.27;8.37;8.04;8.13;1926476;69830288.00
2013/02/07;8.14;8.47;8.01;8.41;1568108;57950348.00
2013/02/08;8.42;8.94;8.42;8.73;1274398;49690480.00
2013/02/18;8.77;8.87;8.60;8.72;586641;22765310.00
2013/02/19;8.76;8.80;8.51;8.72;679243;26239546.00
2013/02/20;8.72;9.12;8.62;9.07;1107009;44138016.00
2013/02/21;9.01;9.17;8.87;9.15;1032375;41521000.00
2013/02/22;9.01;9.23;8.96;9.05;566137;22894336.00
2013/02/25;8.76;9.12;8.76;8.93;763245;30563352.00
2013/02/26;8.90;9.53;8.90;9.14;2104430;87315768.00
2013/02/27;9.10;9.43;8.54;9.12;1864106;74719120.00
2013/02/28;8.98;9.31;8.82;9.06;749918;30357040.00
2013/03/01;8.94;9.42;8.94;9.37;1277761;52653472.00
2013/03/04;9.26;9.89;9.26;9.87;1911221;81993448.00
2013/03/05;9.94;10.06;9.71;10.01;1273539;56285264.00
2013/03/06;10.12;10.39;9.98;10.39;937149;42563208.00
2013/03/07;10.37;10.50;9.68;9.89;881965;39533444.00
2013/03/08;9.88;9.97;9.37;9.42;898628;38297916.00
2013/03/11;9.39;9.73;9.28;9.61;928023;39507912.00
2013/03/12;9.64;9.69;8.94;9.32;888346;36733000.00
2013/03/13;9.18;9.66;9.17;9.64;631162;26533954.00
2013/03/14;9.64;10.06;9.64;9.82;784181;34482288.00
2013/03/15;9.78;10.05;9.70;9.78;858933;37539140.00
2013/03/18;9.71;10.17;9.45;10.08;1055147;46904044.00
2013/03/19;10.13;10.21;9.77;10.01;929546;41090948.00
2013/03/20;9.98;10.11;9.77;10.01;1242519;54807124.00
2013/03/21;10.00;10.47;9.99;10.46;1693250;77132616.00
2013/03/22;10.48;10.87;10.33;10.66;1152792;54436768.00
2013/03/25;10.71;10.80;10.44;10.71;636820;30031604.00
2013/03/26;10.62;10.68;10.25;10.55;834796;38662968.00
2013/03/27;10.55;11.10;10.42;10.89;1055649;50928580.00
2013/03/28;10.80;11.02;10.57;10.57;928719;44613600.00
2013/03/29;10.57;10.69;10.30;10.58;734522;34206224.00
2013/04/01;10.55;10.92;10.46;10.76;719279;34327652.00
2013/04/02;10.76;10.87;9.76;9.76;1774911;80078800.00
2013/04/03;9.78;9.89;9.32;9.60;857239;36406860.00
2013/04/08;9.44;10.00;9.26;9.87;959686;41635452.00
2013/04/09;9.85;9.93;9.45;9.52;1033695;44225780.00
2013/04/10;9.46;9.58;9.17;9.24;1053245;43758996.00
2013/04/11;9.26;9.34;9.21;9.30;532294;21952778.00
2013/04/12;9.30;9.42;9.21;9.24;415759;17192772.00
2013/04/15;9.21;9.21;8.87;8.90;648754;25848330.00
2013/04/16;8.87;9.09;8.81;9.09;532518;21296654.00
2013/04/17;9.11;9.72;9.08;9.72;1235251;52019592.00
2013/04/18;9.64;9.91;9.57;9.62;958167;41406052.00
2013/04/19;9.57;10.04;9.57;9.91;1209020;52874080.00
2013/04/22;9.80;10.20;9.64;10.19;1864035;82261864.00
2013/04/23;10.28;10.52;9.65;9.67;1800963;79913936.00
2013/04/24;9.68;10.56;9.56;10.56;2667327;119169576.00
2013/04/25;10.35;10.55;9.55;9.67;2843977;128431248.00
2013/04/26;9.71;9.78;8.80;8.85;1843405;75197808.00
2013/05/02;8.85;9.41;8.73;9.24;1838431;75004504.00
2013/05/03;9.33;9.66;8.96;9.62;4978528;101275792.00
2013/05/06;9.48;9.76;9.41;9.62;4394205;93323488.00
2013/05/07;9.64;10.18;9.57;9.71;3754867;81581480.00
2013/05/08;9.72;9.87;9.26;9.61;4201907;88300720.00
2013/05/09;9.48;9.57;9.12;9.31;3988709;81988592.00
2013/05/10;9.29;9.30;8.85;8.96;4760199;95235968.00
2013/05/13;8.96;9.14;8.89;9.07;3289294;65569696.00
2013/05/14;8.98;9.01;8.44;8.49;4939697;95504600.00
2013/05/15;8.53;9.14;8.49;9.12;6370612;123866448.00
2013/05/16;9.07;9.31;8.76;8.78;6640478;133082176.00
2013/05/17;8.71;9.11;8.42;8.94;8460333;163349552.00
2013/05/20;8.89;9.26;8.80;9.19;6657384;133677032.00
2013/05/21;9.21;9.86;9.17;9.69;7689101;161925168.00
2013/05/22;9.58;9.58;8.98;9.08;6773424;139319712.00
2013/05/23;8.94;9.21;8.76;8.87;3540047;70259760.00
2013/05/24;8.94;9.17;8.86;9.17;2611370;52363848.00
2013/05/27;9.21;9.39;9.12;9.25;3358513;68983368.00
2013/05/28;9.25;9.25;8.65;8.69;4786405;93318256.00
2013/05/29;8.71;8.82;8.58;8.70;1962674;37821716.00
2013/05/30;8.64;8.77;8.62;8.69;1660926;32078324.00
2013/05/31;8.75;8.98;8.64;8.85;2676876;52273320.00
2013/06/03;8.83;9.01;8.70;8.72;2765386;54390564.00
2013/06/04;8.72;8.72;8.03;8.21;3439710;63442220.00
2013/06/05;8.22;8.35;8.21;8.27;1602290;29332834.00
2013/06/06;8.21;8.23;8.04;8.05;1321087;23804148.00
2013/06/07;8.12;8.23;7.98;8.12;1288363;23141262.00
2013/06/13;8.06;8.06;7.37;7.73;1784174;30384572.00
2013/06/14;7.71;8.19;7.71;8.06;1970101;34818912.00
2013/06/17;8.12;8.23;7.95;8.05;1761134;31667930.00
2013/06/18;8.02;8.11;7.72;7.92;1437659;25137174.00
2013/06/19;7.85;7.86;7.66;7.75;1672862;28634400.00
2013/06/20;7.75;7.88;7.56;7.57;1298630;22293954.00
2013/06/21;7.45;8.33;7.39;8.33;7042158;127585000.00
2013/06/24;8.47;8.47;7.71;7.80;5917700;107629952.00
2013/06/25;7.57;8.59;7.48;8.59;11271954;211377696.00
2013/06/26;9.03;9.45;8.86;9.45;10699966;218926352.00
2013/06/27;9.97;10.13;9.47;9.74;15266121;331182240.00
2013/06/28;9.55;9.71;9.02;9.16;9758127;203940048.00
2013/07/01;8.98;10.08;8.94;10.08;10628362;230315936.00
2013/07/02;10.25;10.70;10.18;10.39;13845970;318529952.00
2013/07/03;9.62;10.37;9.53;10.28;13436882;293820288.00
2013/07/04;9.94;10.07;9.50;9.53;10158346;218694896.00
2013/07/05;9.58;9.79;9.03;9.08;8428709;175706304.00
2013/07/08;8.85;8.99;8.49;8.71;6093966;118451568.00
2013/07/09;8.65;8.82;8.20;8.74;5752403;108445056.00
2013/07/10;8.65;8.79;8.48;8.76;5600237;107320272.00
2013/07/11;8.67;8.83;8.48;8.64;6528147;125791352.00
2013/07/12;8.71;9.11;8.62;8.85;7372868;145976432.00
2013/07/15;8.83;9.19;8.75;9.12;6133864;122852904.00
2013/07/16;9.21;9.64;9.17;9.46;6984627;145408432.00
2013/07/17;9.47;9.47;8.80;8.83;7100269;143467536.00
2013/07/18;8.72;9.11;8.48;8.98;5777888;112209272.00
2013/07/19;8.89;9.07;8.26;8.27;5483676;106074928.00
2013/07/22;8.11;8.54;7.95;8.53;3008584;55654276.00
2013/07/23;8.57;9.39;8.42;9.39;7546053;151211728.00
2013/07/24;9.62;9.83;9.44;9.78;14565611;311916064.00
2013/07/25;9.62;9.72;9.01;9.12;7684446;158841904.00
2013/07/26;9.11;9.58;8.86;9.45;5887705;120356528.00
2013/07/29;9.42;9.42;8.98;8.98;3685898;74738552.00
2013/07/30;8.94;9.16;8.40;8.57;4169634;79696712.00
2013/07/31;8.49;8.80;8.42;8.44;2698105;51452328.00
2013/08/01;8.44;8.92;8.37;8.82;4259181;82070200.00
2013/08/02;8.86;9.34;8.78;8.92;5588994;112105272.00
2013/08/05;8.92;9.34;8.80;9.19;4492065;90650128.00
2013/08/06;9.14;9.37;9.12;9.22;4559998;93362512.00
2013/08/07;9.17;9.29;8.65;8.68;5001036;98530392.00
2013/08/08;8.71;9.00;8.57;8.97;3438353;67343224.00
2013/08/09;8.94;9.06;8.57;8.67;3539415;68786744.00
2013/08/12;8.63;8.82;8.37;8.55;3383032;64324060.00
2013/08/13;8.53;8.76;8.50;8.66;2141986;41009560.00
2013/08/14;8.70;8.73;8.47;8.62;2439262;46621204.00
2013/08/15;8.63;8.67;8.48;8.52;2273959;43234584.00
2013/08/16;8.44;8.70;8.40;8.53;2983735;56410888.00
2013/08/19;8.48;9.19;8.44;9.18;6042041;118544200.00
2013/08/20;9.07;9.16;8.84;9.05;5318041;106000984.00
2013/08/21;8.98;9.38;8.88;9.32;6907572;140471728.00
2013/08/22;9.32;9.32;9.06;9.09;4558330;92379840.00
2013/08/23;9.09;9.25;8.64;8.77;4918118;97289632.00
2013/08/26;8.72;9.01;8.72;9.01;3071533;60724508.00
2013/08/27;8.96;9.11;8.73;8.87;3054942;60097908.00
2013/08/28;8.76;8.82;8.58;8.59;3182719;61212316.00
2013/08/29;8.61;8.74;8.60;8.71;2020449;38777856.00
2013/08/30;8.66;8.71;7.83;7.97;4261133;78222880.00
2013/09/02;7.98;8.13;7.61;8.13;2448866;42799292.00
2013/09/03;8.13;8.21;8.03;8.15;1660965;29894766.00
2013/09/04;8.17;8.21;7.95;8.07;1925404;34514684.00
2013/09/05;8.07;8.35;7.99;8.26;1977161;35965884.00
2013/09/06;8.26;8.26;8.04;8.14;2310662;41650148.00
2013/09/09;8.14;8.14;7.92;7.98;2282424;40426764.00
2013/09/10;7.98;8.09;7.80;7.86;2441880;42866976.00
2013/09/11;7.94;7.94;7.67;7.73;1837460;31516504.00
2013/09/12;7.67;7.90;7.67;7.79;1576756;27270224.00
2013/09/13;7.79;7.86;7.68;7.85;1367474;23577114.00
2013/09/16;7.89;8.12;7.82;7.98;2034288;36029684.00
2013/09/17;7.97;7.97;7.76;7.77;1235702;21483070.00
2013/09/18;7.77;7.82;7.72;7.77;948438;16357670.00
2013/09/23;7.70;8.00;7.70;7.97;1562879;27444068.00
2013/09/24;7.96;8.06;7.90;8.02;1783619;31620224.00
2013/09/25;7.96;8.03;7.81;7.82;1495976;26198964.00
2013/09/26;7.68;8.03;7.68;7.92;1612135;28156296.00
2013/09/27;7.88;7.96;7.71;7.73;1489942;25749062.00
2013/09/30;7.74;7.87;7.72;7.77;913007;15751674.00
2013/10/08;7.88;8.08;7.80;8.05;1907908;33581780.00
2013/10/09;8.01;8.14;7.92;8.10;2015740;35930932.00
2013/10/10;8.17;8.17;7.85;7.86;1985846;35099660.00
2013/10/11;7.90;8.03;7.82;7.92;1460771;25632522.00
2013/10/14;7.84;7.97;7.81;7.89;1533481;26772088.00
2013/10/15;7.76;7.88;7.33;7.42;5027157;83172704.00
2013/10/16;7.40;7.40;6.97;6.98;3101181;49039648.00
2013/10/17;7.01;7.21;6.98;7.12;1977934;31135480.00
2013/10/18;7.12;7.18;7.04;7.14;1211096;19092740.00
2013/10/21;7.14;7.33;7.07;7.32;1891758;30400174.00
2013/10/22;7.32;7.33;7.07;7.10;2010100;32009780.00
2013/10/23;7.11;7.14;6.90;6.96;1729160;26847902.00
2013/10/24;6.98;7.04;6.91;7.03;916629;14225195.00
2013/10/25;7.03;7.06;6.64;6.64;1673128;25197120.00
2013/10/28;6.66;6.67;6.42;6.44;1422050;20454944.00
2013/10/29;6.47;6.55;5.89;6.07;1857423;25494418.00
2013/10/30;6.07;6.14;5.94;6.13;1185144;15861473.00
2013/10/31;6.12;6.28;5.99;6.23;1240235;16858566.00
2013/11/01;6.16;6.86;6.16;6.86;4458387;66982388.00
2013/11/04;6.88;7.17;6.82;6.97;5436118;84511136.00
2013/11/05;6.85;7.17;6.76;7.15;3502812;54465808.00
2013/11/06;7.12;7.13;6.94;6.95;2815701;43896700.00
2013/11/07;6.87;7.09;6.86;6.92;1689571;26070242.00
2013/11/08;6.95;7.07;6.85;7.03;1908435;29567210.00
2013/11/11;7.03;7.30;6.99;7.30;3486736;55799924.00
2013/11/12;7.30;7.53;7.21;7.44;3144676;51364080.00
2013/11/13;7.76;7.80;7.26;7.40;3521732;58397448.00
2013/11/14;7.31;7.84;7.06;7.82;5742395;96224552.00
2013/11/15;8.07;8.31;7.78;7.78;6673469;118749192.00
2013/11/18;7.80;8.57;7.78;8.57;5219367;97170824.00
2013/11/25;8.61;8.67;7.70;7.70;8117385;143643584.00
2013/11/26;7.32;7.53;7.26;7.41;5970962;97885640.00
2013/11/27;7.37;7.51;7.28;7.42;3875443;63547028.00
2013/11/28;7.39;7.47;7.36;7.42;2689442;44260104.00
2013/11/29;7.38;7.79;7.37;7.75;4378055;74198168.00
2013/12/02;7.12;7.39;6.97;6.97;3492510;55151052.00
2013/12/03;6.38;6.75;6.27;6.70;3258035;46753016.00
2013/12/04;6.48;6.87;6.47;6.59;2129287;31705050.00
2013/12/05;6.61;6.65;6.37;6.42;1894913;27347286.00
2013/12/06;6.45;6.52;6.39;6.51;1083770;15603723.00
2013/12/09;6.52;6.74;6.51;6.69;1817153;26856168.00
2013/12/10;6.67;6.79;6.42;6.54;1436445;20979080.00
2013/12/11;6.54;6.64;6.45;6.53;812421;11798836.00
2013/12/12;6.52;6.67;6.47;6.60;1168796;17155584.00
2013/12/13;6.61;6.70;6.53;6.67;1377903;20342128.00
2013/12/16;6.67;6.78;6.45;6.45;1830567;26805332.00
2013/12/17;6.44;6.48;6.30;6.38;1240814;17583372.00
2013/12/18;6.42;6.42;6.32;6.37;838676;11860953.00
2013/12/19;6.38;6.57;6.35;6.36;1596800;22895956.00
2013/12/20;6.44;6.88;6.38;6.57;2321289;34302464.00
2013/12/23;6.45;6.60;6.30;6.35;1535254;21740508.00
2013/12/24;6.39;6.53;6.34;6.45;1091220;15616420.00
2013/12/25;6.45;6.81;6.41;6.72;2675589;39453940.00
2013/12/26;6.71;6.72;6.55;6.56;1806028;26567304.00
2013/12/27;6.57;6.87;6.57;6.85;2833242;42626120.00
2013/12/30;6.87;7.02;6.76;7.00;2556325;39399756.00
2013/12/31;6.89;6.94;6.73;6.82;1447233;21935976.00
2014/01/02;6.85;7.05;6.85;7.01;1567521;24264790.00
2014/01/03;7.01;7.29;6.94;7.25;2851255;45000088.00
2014/01/06;7.14;7.23;6.80;6.84;2305455;35732044.00
2014/01/07;6.84;7.12;6.78;7.12;1650894;25638106.00
2014/01/08;7.15;7.40;7.12;7.23;3714670;59768948.00
2014/01/09;7.27;7.27;6.71;6.73;3324706;51629260.00
2014/01/10;6.73;6.93;6.58;6.75;1395402;21057988.00
2014/01/13;6.75;7.12;6.75;6.92;1260194;19394028.00
2014/01/14;6.91;7.23;6.81;7.22;2122683;33466512.00
2014/01/15;7.31;7.31;7.12;7.20;1378291;21968382.00
2014/01/16;7.22;7.32;6.98;7.02;2402344;38007748.00
2014/01/17;6.94;7.38;6.89;7.23;2661148;42556080.00
2014/01/20;7.20;7.30;6.89;7.02;1925920;30217718.00
2014/01/21;7.01;7.19;7.01;7.18;1504375;23747668.00
2014/01/22;7.24;7.37;7.16;7.32;2482083;40144756.00
2014/01/23;7.35;7.59;7.26;7.51;4073624;67372856.00
2014/01/24;7.53;7.66;7.48;7.51;3685866;61949288.00
2014/01/27;7.43;7.78;7.35;7.64;3516307;59162708.00
2014/01/28;7.39;7.66;7.30;7.45;2885019;47368576.00
2014/01/29;7.42;7.62;7.37;7.61;1833987;30556320.00
2014/01/30;7.48;7.76;7.48;7.71;2486594;42288584.00
2014/02/07;7.62;7.87;7.53;7.87;2686601;46153104.00
2014/02/10;7.87;8.01;7.73;7.92;3822043;66810256.00
2014/02/11;7.92;8.10;7.79;8.10;4195326;74010816.00
2014/02/12;8.06;8.55;7.99;8.47;5939888;110312560.00
2014/02/13;8.47;8.66;7.99;8.03;5079924;93825312.00
2014/02/14;7.99;8.33;7.96;8.12;3453087;62312168.00
2014/02/17;8.94;8.94;8.85;8.94;3774078;74685784.00
2014/02/18;9.48;9.66;9.11;9.16;14955876;309043040.00
2014/02/19;9.17;9.55;9.06;9.17;8236958;169950688.00
2014/02/20;9.18;9.29;8.73;8.76;5610471;110698840.00
2014/02/21;8.73;8.99;8.73;8.94;3255062;63912284.00
2014/02/24;8.95;9.10;8.84;9.08;3314728;66142732.00
2014/02/25;9.08;9.26;8.17;8.20;5852285;111767632.00
2014/02/26;8.16;8.18;7.71;8.03;3126807;54982404.00
2014/02/27;8.07;8.28;7.71;7.71;3055666;54182304.00
2014/02/28;7.69;7.98;7.69;7.98;2114094;36742956.00
2014/03/03;8.79;8.79;8.29;8.46;4684719;88425168.00
2014/03/04;8.26;8.43;8.12;8.26;2507143;45679192.00
2014/03/05;8.21;8.44;8.10;8.14;1977217;36273200.00
2014/03/06;8.12;8.16;7.92;8.03;2096836;37247316.00
2014/03/07;8.07;8.11;7.90;7.90;1271583;22525438.00
2014/03/10;7.82;7.82;7.54;7.70;1465610;24979852.00
2014/03/11;7.67;7.87;7.60;7.84;1405715;24098670.00
2014/03/12;7.83;7.83;7.52;7.67;1182545;20141924.00
2014/03/13;7.66;7.77;7.58;7.75;920661;15744806.00
2014/03/14;7.76;7.87;7.72;7.86;1093237;18951314.00
2014/03/17;7.92;8.11;7.88;8.02;1342699;23773546.00
2014/03/18;8.07;8.11;7.97;8.02;1356373;24174796.00
2014/03/19;7.97;8.01;7.72;7.87;1182478;20629086.00
2014/03/20;7.87;7.89;7.48;7.51;1357654;23196952.00
2014/03/21;7.51;7.61;7.12;7.61;1501996;24530840.00
2014/03/24;7.52;7.55;7.26;7.34;1284396;21063110.00
2014/03/25;7.29;7.47;7.23;7.33;770148;12592355.00
2014/03/26;7.42;7.49;7.34;7.44;875644;14448785.00
2014/03/27;7.39;7.45;7.07;7.08;1198401;19144180.00
2014/03/28;7.01;7.07;6.62;6.68;2271808;34252592.00
2014/03/31;6.67;6.75;6.60;6.67;810785;12040757.00
2014/04/01;6.71;6.82;6.67;6.80;809667;12162736.00
2014/04/02;6.83;6.86;6.55;6.67;1102989;16343473.00
2014/04/03;6.67;6.78;6.62;6.76;855484;12792357.00
2014/04/04;6.76;6.88;6.72;6.85;759129;11499220.00
2014/04/08;6.84;6.88;6.76;6.86;844344;12779901.00
2014/04/09;6.91;7.06;6.84;7.05;1520270;23463390.00
2014/04/10;7.02;7.15;7.01;7.08;1547652;24334782.00
2014/04/11;7.01;7.01;6.90;6.94;1101764;16994394.00
2014/04/14;6.96;7.03;6.95;7.02;617856;9597117.00
2014/04/15;7.06;7.07;6.94;6.97;672694;10447832.00
2014/04/16;6.96;7.03;6.89;6.91;608780;9372683.00
2014/04/17;6.98;7.29;6.96;7.17;1802556;28527874.00
2014/04/18;7.16;7.21;7.05;7.16;755935;11968337.00
2014/04/21;7.12;7.23;7.03;7.04;772306;12214857.00
2014/04/22;7.06;7.12;6.68;6.86;816829;12517245.00
2014/04/23;6.85;6.98;6.80;6.96;550804;8433144.00
2014/04/24;6.94;6.94;6.78;6.82;573955;8726955.00
2014/04/25;6.79;6.82;6.61;6.61;616173;9210089.00
2014/04/28;6.62;6.64;6.22;6.23;846825;11970834.00
2014/04/29;6.13;6.36;6.10;6.32;562459;7885045.50
2014/04/30;6.32;6.44;6.31;6.39;698447;9884244.00
2014/05/05;6.40;6.54;6.39;6.53;684045;9829903.00
2014/05/06;6.63;6.65;6.53;6.55;719650;10542205.00
2014/05/07;6.55;6.55;6.26;6.27;856648;12134840.00
2014/05/08;6.29;6.56;6.22;6.46;1109692;15893741.00
2014/05/09;6.38;6.51;6.26;6.45;703066;9971076.00
2014/05/12;6.45;6.74;6.45;6.71;1466654;21555822.00
2014/05/13;6.76;6.96;6.68;6.93;2139338;32588262.00
2014/05/14;6.96;6.96;6.77;6.90;1338707;20408718.00
2014/05/15;6.94;7.18;6.78;6.87;1679896;25986246.00
2014/05/16;6.87;7.10;6.78;7.01;1450512;22262402.00
2014/05/19;6.98;7.04;6.80;6.92;1064051;16311572.00
2014/05/20;6.94;7.07;6.93;6.97;1242191;19235262.00
2014/05/21;6.96;7.00;6.83;6.95;789645;12109471.00
2014/05/22;6.97;7.17;6.92;7.08;2006079;31533060.00
2014/05/23;7.12;7.28;7.10;7.24;2109121;33626068.00
2014/05/26;7.21;7.27;7.12;7.20;1463142;23266454.00
2014/05/27;7.17;7.22;7.07;7.09;1631438;25788302.00
2014/05/28;7.12;7.25;7.04;7.19;2055806;32617410.00
2014/05/29;7.18;7.22;6.97;6.99;1572664;24701246.00
2014/05/30;6.99;7.08;6.88;6.98;1083343;16800940.00
2014/06/03;6.95;7.11;6.95;7.02;995891;15516171.00
2014/06/04;6.99;7.13;6.95;7.13;1119177;17470782.00
2014/06/05;7.11;7.28;7.09;7.27;1630229;26077166.00
2014/06/06;7.27;7.30;7.09;7.17;1417672;22620492.00
2014/06/09;7.13;7.18;7.02;7.04;914693;14354725.00
2014/06/10;7.02;7.18;6.95;7.18;1261444;19830140.00
2014/06/11;7.17;7.63;7.16;7.50;3110287;50900540.00
2014/06/12;7.45;7.47;7.31;7.40;1520976;24920604.00
2014/06/13;7.40;7.54;7.33;7.48;1661746;27514560.00
2014/06/16;7.48;7.55;7.46;7.51;1242809;20628278.00
2014/06/17;7.49;7.61;7.35;7.35;1318162;21832622.00
2014/06/18;7.35;7.38;7.13;7.15;1575392;25254056.00
2014/06/19;7.14;7.45;6.79;6.86;1407878;22049746.00
2014/06/20;6.84;6.99;6.79;6.97;713891;10930842.00
2014/06/23;6.96;7.23;6.96;7.19;1350066;21332458.00
2014/06/24;7.17;7.26;7.12;7.24;908545;14475910.00
2014/06/25;7.22;7.31;7.10;7.23;1224403;19623172.00
2014/06/26;7.23;7.57;7.23;7.55;2702532;44636432.00
2014/06/27;7.52;7.63;7.46;7.54;1874618;31372712.00
2014/06/30;7.55;7.62;7.46;7.61;1576078;26365808.00
2014/07/01;7.63;7.65;7.49;7.58;1514414;25431480.00
2014/07/02;7.57;7.77;7.42;7.77;2171276;36447592.00
2014/07/03;7.77;7.88;7.66;7.67;1795314;30828172.00
2014/07/04;7.67;7.83;7.57;7.63;1416210;24039324.00
2014/07/07;7.63;7.76;7.58;7.68;1109528;18854144.00
2014/07/08;7.65;7.80;7.56;7.77;1864978;31844208.00
2014/07/09;7.77;7.80;7.55;7.56;1781100;30427304.00
2014/07/10;7.54;7.62;7.51;7.54;1281753;21448636.00
2014/07/11;7.54;7.73;7.52;7.67;1224094;20775388.00
2014/07/14;7.67;7.73;7.58;7.67;1343289;22835558.00
2014/07/15;7.67;7.70;7.45;7.70;2474249;41332696.00
2014/07/16;7.65;7.74;7.52;7.55;1374981;23267956.00
2014/07/17;7.52;7.56;7.27;7.32;1289609;21118428.00
2014/07/18;7.30;7.38;7.27;7.32;759640;12333847.00
2014/07/21;7.35;7.35;7.16;7.22;794055;12701107.00
2014/07/22;7.22;7.33;7.20;7.31;747650;12078861.00
2014/07/23;7.32;7.42;7.22;7.39;1505146;24399002.00
2014/07/24;7.42;7.42;7.15;7.26;951502;15415737.00
2014/07/25;7.13;7.35;7.13;7.23;632591;10121003.00
2014/07/28;7.25;7.35;7.22;7.34;788434;12741897.00
2014/07/29;7.35;7.48;7.33;7.40;1426306;23455806.00
2014/07/30;7.40;7.45;7.34;7.40;984184;16124300.00
2014/07/31;7.41;7.60;7.40;7.54;2268488;37692900.00
2014/08/01;7.54;7.57;7.42;7.42;1264401;20993970.00
2014/08/04;7.44;7.65;7.38;7.62;1749885;29063086.00
2014/08/05;7.63;7.75;7.54;7.70;3251204;54969992.00
2014/08/06;7.68;7.68;7.58;7.61;1557663;26286460.00
2014/08/07;7.58;7.70;7.53;7.54;1352382;22797668.00
2014/08/08;7.54;7.65;7.54;7.58;954158;16049661.00
2014/08/11;7.59;7.75;7.57;7.67;2065603;35100916.00
2014/08/12;7.65;7.71;7.61;7.69;1449410;24573082.00
2014/08/13;7.69;8.06;7.61;7.98;4897697;85085856.00
2014/08/14;7.94;8.38;7.90;8.25;6367575;115785624.00
2014/08/15;8.16;8.32;8.15;8.22;2816759;51419412.00
2014/08/18;8.22;8.31;8.14;8.24;2331863;42409484.00
2014/08/19;8.24;8.31;8.18;8.21;2210646;40340040.00
2014/08/20;8.17;8.19;8.02;8.06;2571933;46024704.00
2014/08/21;8.06;8.19;8.01;8.19;2663493;47706184.00
2014/08/22;8.19;8.57;8.19;8.51;3872994;72242688.00
2014/08/25;8.48;8.48;8.24;8.26;2486456;45785848.00
2014/08/26;8.22;8.24;7.93;8.02;2352741;41965496.00
2014/08/27;8.02;8.17;8.00;8.12;1482210;26653630.00
2014/08/28;8.20;8.39;8.19;8.25;1801863;33062612.00
2014/09/01;9.07;9.08;8.86;9.08;1874283;37621124.00
2014/09/02;9.42;9.42;8.91;8.97;11696952;237459712.00
2014/09/03;8.98;9.72;8.97;9.56;10608910;221809680.00
2014/09/04;9.40;9.61;9.29;9.52;6378569;133274152.00
2014/09/05;9.47;9.61;9.31;9.44;3998524;83285968.00
2014/09/09;9.40;9.52;9.23;9.38;3206403;66312132.00
2014/09/10;9.32;9.65;9.32;9.63;4064050;85362048.00
2014/09/11;9.54;9.65;9.29;9.41;3757331;78793856.00
2014/09/12;9.36;9.61;9.31;9.58;2619037;55179288.00
2014/09/15;9.66;10.22;9.62;10.08;4557339;100464912.00
2014/09/16;9.97;10.07;9.55;9.57;3691840;80175504.00
2014/09/17;9.57;9.67;9.23;9.50;2045722;42831364.00
2014/09/18;9.43;9.98;9.43;9.98;3390773;73528680.00
2014/09/19;9.94;10.12;9.81;10.04;2536143;55816312.00
2014/09/22;9.95;10.01;9.70;9.76;2279526;49493088.00
2014/09/23;9.76;10.74;9.72;10.47;6367756;147214544.00
2014/09/24;10.45;10.50;10.31;10.37;3119554;71654440.00
2014/09/25;10.36;10.58;10.20;10.22;3490898;80105848.00
2014/09/26;10.24;10.54;10.17;10.51;2738320;62731628.00
2014/09/29;10.52;10.74;10.40;10.54;1937777;45253948.00
2014/09/30;10.52;10.96;10.41;10.79;2546343;60593876.00
2014/10/08;10.81;10.94;10.67;10.80;1827216;43563064.00
2014/10/09;10.77;10.80;10.36;10.71;3415858;79957440.00
2014/10/10;10.63;10.67;10.32;10.34;2121901;49074128.00
2014/10/13;10.35;10.72;10.19;10.62;2418981;56101924.00
2014/10/14;10.62;10.70;10.26;10.35;1582197;36543000.00
2014/10/15;10.35;10.40;9.97;10.12;1633361;36694104.00
2014/10/16;10.07;10.22;9.90;9.91;1799568;39984772.00
2014/10/17;9.71;9.95;9.40;9.72;2596172;55224456.00
2014/10/20;9.72;9.93;9.66;9.86;1423808;30964422.00
2014/10/21;9.86;9.99;9.71;9.99;1652897;36026188.00
2014/10/22;9.90;10.12;9.86;9.87;1666445;36960392.00
2014/10/23;9.81;9.81;9.31;9.34;1666764;35037000.00
2014/10/24;9.27;9.51;9.27;9.39;1102678;23005028.00
2014/10/27;9.39;9.92;9.29;9.72;1695025;36321020.00
2014/10/28;9.73;10.17;9.73;10.09;2339030;51975264.00
2014/10/29;10.09;10.37;10.04;10.11;1624142;36506628.00
2014/10/30;10.15;10.51;10.15;10.35;3413632;78503400.00
2014/10/31;10.27;10.49;10.21;10.37;1810489;41472924.00
2014/11/03;10.38;10.47;10.32;10.42;1219118;27982088.00
2014/11/04;10.42;10.63;10.14;10.20;2039848;46732036.00
2014/11/05;10.15;10.20;10.01;10.09;1003797;22394288.00
2014/11/06;10.12;10.41;10.08;10.41;1414861;32131148.00
2014/11/07;10.46;10.58;10.31;10.36;2406135;55644480.00
2014/11/10;10.32;10.71;10.22;10.36;2624420;60883132.00
2014/11/11;10.39;10.39;9.49;9.77;3155076;69125200.00
2014/11/12;9.63;9.89;9.54;9.87;1049686;22692882.00
2014/11/13;9.81;9.94;9.61;9.83;1390148;30023284.00
2014/11/14;9.70;9.92;9.63;9.81;803616;17368566.00
2014/11/17;9.81;10.31;9.79;10.12;1280718;28634726.00
2014/11/18;10.22;10.24;9.96;10.08;714600;15943584.00
2014/11/19;10.11;10.62;10.02;10.42;2044735;46804932.00
2014/11/20;10.33;10.58;10.24;10.30;901216;20555766.00
2014/11/21;10.27;10.81;10.27;10.70;4200221;98954424.00
2014/11/24;10.74;10.97;10.50;10.67;1893916;44601400.00
2014/11/25;10.67;10.97;10.63;10.79;1799095;43020616.00
2014/11/26;10.72;11.22;10.33;11.03;2739882;66215512.00
2014/11/27;11.03;11.39;10.88;11.03;2441837;60022512.00
2014/11/28;10.99;11.04;10.44;10.52;3405356;80259560.00
2014/12/01;10.25;10.49;10.02;10.13;2915511;65704980.00
2014/12/02;10.11;10.47;9.99;10.37;2219740;50564840.00
2014/12/03;10.35;10.55;10.17;10.53;1925929;44042868.00
2014/12/04;10.55;10.72;10.42;10.51;1898590;44433564.00
2014/12/05;10.32;10.49;9.49;10.02;2143524;47828496.00
2014/12/08;9.61;10.17;9.61;9.63;2538305;54731056.00
2014/12/09;9.62;9.62;8.72;8.74;3475271;70848160.00
2014/12/10;8.75;9.49;8.75;9.17;2111026;42358072.00
2014/12/11;9.17;9.38;9.03;9.18;2345007;47723720.00
2014/12/12;9.20;9.56;9.16;9.51;1894409;39381144.00
2014/12/15;9.51;9.94;9.51;9.85;1992799;42855024.00
2014/12/16;9.81;10.08;9.61;9.90;2005214;43649976.00
2014/12/17;9.79;10.72;9.79;10.22;3180472;72106016.00
2014/12/18;10.13;10.14;9.85;9.93;1521404;33623092.00
2014/12/19;9.83;9.83;9.22;9.57;2422160;50675896.00
2014/12/22;9.49;9.49;8.67;8.76;2138465;42561796.00
2014/12/23;8.77;9.07;8.47;8.50;1712803;32924624.00
2014/12/24;8.58;8.92;8.54;8.76;1452249;27860372.00
2014/12/25;8.84;8.90;8.66;8.84;1068719;20750652.00
2014/12/26;8.83;9.20;8.69;8.98;1657115;32896666.00
2014/12/29;8.97;8.97;8.55;8.57;1285257;24670102.00
2014/12/30;8.63;8.67;8.08;8.18;1636681;29896436.00
2014/12/31;8.19;8.34;8.14;8.21;1075546;19560492.00
2015/01/05;8.21;8.22;7.81;7.92;1725042;30254984.00
2015/01/06;7.91;8.22;7.85;8.22;2045413;36588520.00
2015/01/07;8.26;8.29;7.95;8.04;1251947;22411766.00
2015/01/08;8.08;8.31;8.02;8.26;1501911;27197604.00
2015/01/09;8.19;8.43;8.09;8.09;1373662;25161228.00
2015/01/12;8.08;8.11;7.92;8.02;883859;15696892.00
2015/01/13;7.97;8.39;7.96;8.33;1614779;29367700.00
2015/01/14;8.31;8.40;8.20;8.24;1087869;19886890.00
2015/01/15;8.24;8.42;8.19;8.27;997602;18335654.00
2015/01/16;8.28;8.49;8.22;8.44;1478697;27394320.00
2015/01/19;8.24;8.80;8.24;8.41;2270479;43076404.00
2015/01/20;8.46;8.87;8.41;8.80;2149201;41330116.00
2015/01/21;8.84;9.00;8.77;8.88;2079000;40894936.00
2015/01/22;8.84;9.14;8.78;9.06;1949247;39035340.00
2015/01/23;9.11;9.11;8.79;8.82;1533515;30216268.00
2015/01/26;8.82;9.13;8.81;9.03;1480703;29353424.00
2015/01/27;9.02;9.47;9.02;9.46;2996133;61059516.00
2015/01/28;9.43;9.68;9.43;9.54;2639468;56052428.00
2015/01/29;9.50;9.59;9.36;9.50;1048090;21968224.00
2015/01/30;9.74;9.95;9.49;9.75;2378144;50990460.00
2015/02/02;9.58;9.95;9.50;9.92;1631119;35354984.00
2015/02/03;9.89;10.40;9.85;10.22;2747162;62062576.00
2015/02/04;10.08;10.52;9.87;10.09;2296379;51142636.00
2015/02/05;10.07;10.22;9.52;9.52;3627820;79118104.00
2015/02/06;9.54;9.58;9.13;9.24;2086901;43089036.00
2015/02/09;9.19;9.39;9.04;9.24;1164090;23866668.00
2015/02/10;9.22;9.44;9.08;9.32;1139993;23270114.00
2015/02/11;9.39;9.58;9.34;9.57;1426641;29992794.00
2015/02/12;9.65;9.77;9.58;9.72;1362113;29199024.00
2015/02/13;9.72;10.05;9.72;9.90;2285078;49960516.00
2015/02/16;9.90;10.20;9.86;10.12;2264203;50387924.00
2015/02/17;10.07;10.21;9.96;10.12;1530580;34155960.00
2015/02/25;10.16;10.22;9.86;9.86;1162438;25867334.00
2015/02/26;9.86;10.17;9.82;10.04;1321011;29220082.00
2015/02/27;10.06;10.31;9.98;10.27;2162678;48888652.00
2015/03/02;10.30;10.63;10.22;10.49;3444863;79234968.00
2015/03/03;10.44;10.52;10.03;10.05;2867046;64910216.00
2015/03/04;10.07;10.40;9.97;10.31;2472216;56107368.00
2015/03/05;10.32;10.45;10.28;10.42;2910203;66695740.00
2015/03/06;10.43;10.49;9.95;10.02;2277138;50892624.00
2015/03/09;9.91;10.29;9.89;10.25;2372736;52989664.00
2015/03/10;10.26;11.28;10.12;11.28;5348384;130390808.00
2015/03/11;11.54;11.88;11.22;11.79;9173934;234682432.00
2015/03/12;11.55;12.11;11.41;11.83;4403742;114001312.00
2015/03/13;11.89;13.02;11.57;12.71;6665633;181530032.00
2015/03/16;12.67;13.99;12.63;13.99;7015277;207325056.00
2015/03/17;14.04;14.99;14.04;14.13;9865831;315707040.00
2015/03/18;13.95;15.55;13.69;15.40;7962806;256117584.00
2015/03/19;15.40;15.40;14.82;14.87;4738902;157407984.00
2015/03/20;14.83;15.66;14.79;14.92;4951079;164698976.00
2015/03/23;15.11;16.40;14.95;16.32;6498132;225813792.00
2015/03/24;16.33;17.79;15.86;17.74;7894921;297486240.00
2015/03/25;18.13;18.13;16.71;17.04;7051223;266996672.00
2015/03/26;16.52;16.63;15.33;15.33;6704474;232690352.00
2015/03/27;15.12;15.90;14.90;15.73;4330929;147551264.00
2015/03/30;15.67;15.92;14.26;15.86;10252568;334422592.00
2015/03/31;15.18;16.16;15.12;15.86;6925765;240379424.00
2015/04/01;15.81;15.99;15.46;15.87;6387135;222080592.00
2015/04/02;15.95;16.62;15.64;15.88;5342658;188904960.00
2015/04/03;15.83;16.12;15.40;16.07;5029050;174637408.00
2015/04/07;15.86;17.12;15.82;16.31;4865461;175474208.00
2015/04/08;16.43;16.54;15.08;15.33;5579179;191173712.00
2015/04/09;15.27;15.33;13.95;14.67;4687427;149328176.00
2015/04/10;14.70;16.13;14.57;15.79;5871289;198622496.00
2015/04/13;15.85;16.52;15.31;16.04;6030589;211396880.00
2015/04/14;16.08;16.46;15.42;15.63;4028964;140294384.00
2015/04/15;15.49;15.57;14.70;15.00;2597950;86791992.00
2015/04/16;14.67;16.31;14.61;15.85;3939849;136310768.00
2015/04/17;15.90;16.66;15.77;16.02;3959638;141583696.00
2015/04/20;15.99;17.45;15.40;17.22;5522802;203875952.00
2015/04/21;17.73;18.95;17.73;18.95;4664792;190640400.00
2015/04/22;20.31;20.81;19.40;19.56;5935482;261851136.00
2015/04/23;19.56;20.64;19.02;20.14;4880126;211924320.00
2015/04/24;19.72;22.16;19.04;22.16;4909239;227428448.00
2015/04/27;23.13;23.33;20.86;21.04;5729868;274668608.00
2015/04/28;20.85;20.86;19.04;19.33;4552731;198291728.00
2015/04/29;19.63;20.77;19.35;20.00;3720527;165508240.00
2015/04/30;19.95;21.13;19.90;20.36;2866195;130079200.00
2015/05/04;20.40;20.77;19.27;20.41;2274412;99681696.00
2015/05/05;20.42;20.67;19.33;19.54;2037830;89729184.00
2015/05/06;19.55;20.63;19.47;19.78;2072463;91628056.00
2015/05/07;19.46;19.89;18.19;18.35;1919184;80717112.00
2015/05/08;18.82;20.19;18.55;20.19;3343921;144495616.00
2015/05/11;20.99;21.90;20.58;21.67;4274919;200235648.00
2015/05/12;22.13;22.62;21.22;21.78;3830493;185236224.00
2015/05/13;21.19;22.90;20.66;22.36;3793265;182093632.00
2015/05/14;23.13;24.36;22.90;23.18;4184112;216922928.00
2015/05/15;22.66;22.87;21.92;22.45;2808266;138304160.00
2015/05/18;22.45;24.70;22.45;24.70;5513771;288328128.00
2015/05/19;24.48;26.77;23.59;26.71;6715368;366787168.00
2015/05/20;26.63;28.85;26.45;27.58;6875561;414743616.00
2015/05/21;28.40;30.35;28.04;30.35;5861136;380337440.00
2015/05/22;31.77;31.97;28.88;30.03;6343240;424949600.00
2015/05/25;28.13;28.89;27.22;28.11;6571555;408576064.00
2015/05/26;28.11;30.92;28.11;30.90;4915797;324473760.00
2015/05/27;30.92;33.96;28.97;32.96;21267350;661961536.00
2015/05/28;31.97;34.36;29.67;29.68;16654350;540366272.00
2015/05/29;29.73;31.94;26.97;29.25;10955262;322418336.00
2015/06/01;30.20;30.92;29.75;30.62;10466572;317688896.00
2015/06/02;30.97;33.56;30.97;33.19;12267848;396699136.00
2015/06/03;33.92;34.77;31.43;32.47;12041217;399159552.00
2015/06/04;32.47;32.95;29.27;31.25;10582305;327718240.00
2015/06/05;32.09;32.47;29.97;31.00;10073394;316560864.00
2015/06/08;30.97;30.97;28.57;28.90;10089138;296484320.00
2015/06/09;29.00;30.05;28.77;29.07;7842526;230098896.00
2015/06/10;29.08;29.94;28.43;29.47;8332540;243625408.00
2015/06/11;29.57;30.92;28.98;30.91;10686267;320105600.00
2015/06/12;30.91;31.45;29.58;29.96;10418258;315954976.00
2015/06/15;29.77;29.77;27.07;27.25;12873567;361685824.00
2015/06/16;26.88;26.88;24.55;24.77;8577165;219786224.00
2015/06/17;24.91;26.57;24.66;26.19;7961026;202733984.00
2015/06/18;26.48;26.48;24.22;24.31;5472793;139973408.00
2015/06/19;23.42;23.42;21.88;21.88;6411556;144246128.00
2015/06/23;21.88;22.46;20.02;22.28;5995263;130219056.00
2015/06/24;22.48;23.04;21.97;22.70;6317473;142644256.00
2015/06/25;22.87;22.96;20.58;20.94;5080484;112640960.00
2015/06/26;20.15;20.15;18.84;18.84;5779470;110980568.00
2015/06/29;19.12;19.31;16.95;16.95;7608073;133352112.00
2015/06/30;15.97;18.27;15.25;18.23;10425173;173595136.00
2015/07/01;18.02;19.50;16.43;17.03;11739472;217566992.00
2015/07/02;17.32;17.57;15.47;15.50;7266809;120629296.00
2015/07/03;14.92;16.30;13.96;14.52;9052007;133815848.00
2015/07/06;15.98;15.98;13.07;14.18;10409590;151057648.00
2015/07/07;13.18;13.67;12.76;12.76;3946921;51146988.00
2015/07/08;11.48;12.41;11.48;11.97;18317088;214734768.00
2015/07/09;11.75;13.17;11.75;13.17;6752757;87117696.00
2015/07/10;14.37;14.49;14.02;14.49;2810779;40470852.00
2015/07/13;15.94;15.94;15.53;15.94;6653378;106068080.00
2015/07/14;17.26;17.54;16.57;17.54;17619433;305934624.00
2015/07/15;17.17;17.17;15.78;15.78;11564638;189441760.00
2015/07/16;15.78;17.36;14.50;17.36;13235918;222111744.00
2015/07/17;17.58;19.10;17.57;19.10;10205600;188157456.00
2015/07/20;19.54;20.17;18.48;19.40;12952278;252281856.00
2015/07/21;18.67;19.66;18.35;19.14;8340295;160157552.00
2015/07/22;18.95;19.45;18.47;19.14;7864907;149954608.00
2015/07/23;19.07;20.07;18.88;19.96;8153117;159690880.00
2015/07/24;19.97;21.02;19.21;19.45;9695328;197738656.00
2015/07/27;18.77;19.95;17.50;17.50;8826405;165927984.00
2015/07/28;16.06;18.34;15.75;16.62;8970678;149757856.00
2015/07/29;17.37;18.29;15.97;18.29;7895102;135176224.00
2015/07/30;18.17;19.32;17.77;17.79;9574048;177090656.00
2015/07/31;17.42;18.45;16.99;17.55;5653039;99792256.00
2015/08/03;17.27;17.37;15.79;15.80;6426152;104673264.00
2015/08/04;16.12;17.38;15.93;17.38;6320037;105675712.00
2015/08/05;17.48;17.96;16.77;16.88;5949149;103449352.00
2015/08/06;16.47;17.52;16.21;17.07;5014663;85621536.00
2015/08/07;17.32;18.18;17.25;18.07;6542749;116941824.00
2015/08/10;18.47;19.83;18.16;19.47;8168994;153403328.00
2015/08/11;19.44;19.96;19.17;19.47;8747801;171681536.00
2015/08/12;19.44;21.42;19.14;21.42;8878295;186471824.00
2015/08/13;21.97;22.37;19.85;21.09;16924054;356079712.00
2015/08/14;20.76;21.65;20.47;20.69;10289036;214217776.00
2015/08/17;20.46;20.46;19.57;20.16;8341079;166872144.00
2015/08/18;20.05;20.77;18.14;18.14;9354166;182279216.00
2015/08/19;17.37;19.15;16.66;19.03;8229067;148501376.00
2015/08/20;18.85;19.75;18.47;18.52;6346322;121736448.00
2015/08/21;18.01;18.35;16.67;16.67;6637701;115323152.00
2015/08/24;15.37;15.92;15.00;15.00;3356380;50786984.00
2015/08/25;13.50;14.15;13.50;13.50;4628210;63046048.00
2015/08/26;13.44;14.14;12.24;12.30;6524824;87117912.00
2015/08/27;12.82;13.25;11.97;13.15;5320666;67692408.00
2015/08/28;13.71;14.42;13.18;14.36;5786018;79457960.00
2015/08/31;14.02;14.27;13.21;13.21;4870749;66842492.00
2015/09/01;12.93;13.14;11.89;11.89;3870516;47532776.00
2015/09/02;11.47;12.49;11.02;11.18;4708682;54813996.00
2015/09/07;11.55;12.21;11.55;11.91;4288815;51193396.00
2015/09/08;11.58;13.07;11.54;12.96;4792078;58082880.00
2015/09/09;12.96;13.84;12.96;13.60;6664409;90192496.00
2015/09/10;13.30;13.88;13.17;13.28;4381018;59207392.00
2015/09/11;13.27;13.77;13.27;13.67;3925610;53397792.00
2015/09/14;13.84;13.84;12.30;12.30;3503050;45071784.00
2015/09/15;11.80;11.97;11.07;11.07;4395565;50130812.00
2015/09/16;11.20;12.18;11.09;12.18;4935397;57672864.00
2015/09/17;12.34;13.11;11.89;11.90;6532762;82130088.00
2015/09/18;12.35;12.57;11.81;12.52;4896859;60058988.00
2015/09/21;12.32;13.62;11.97;13.53;6148965;80200512.00
2015/09/22;13.54;14.36;13.27;13.53;8392777;115303544.00
2015/09/23;13.22;13.88;13.08;13.55;5803948;78500200.00
2015/09/24;13.72;14.17;13.60;14.12;6611795;92273464.00
2015/09/25;13.95;14.05;12.77;13.36;6106420;81795296.00
2015/09/28;13.47;14.06;12.98;14.01;6015066;82398184.00
2015/09/29;13.65;13.82;13.07;13.37;4589724;62195220.00
2015/09/30;13.46;13.64;13.10;13.20;2947642;39370564.00
2015/10/08;13.77;14.15;13.67;14.04;5539967;77508352.00
2015/10/09;14.03;14.63;13.97;14.57;6438424;92258296.00
2015/10/12;14.59;15.75;14.57;15.32;7140109;109164520.00
2015/10/13;15.27;15.87;15.15;15.80;6748825;104504952.00
2015/10/14;15.57;15.76;15.14;15.24;6110996;93970520.00
2015/10/15;15.22;16.47;14.99;16.36;8084525;127645872.00
2015/10/16;16.77;16.77;15.87;16.34;6793540;110590592.00
2015/10/19;16.27;16.40;15.50;15.79;5766465;92068632.00
2015/10/20;15.62;16.65;15.62;16.62;6781612;110737632.00
2015/10/21;16.51;16.53;14.96;14.96;8685256;137281280.00
2015/10/22;14.99;15.65;14.83;15.47;7246674;111078384.00
2015/10/23;15.61;16.27;15.47;16.22;9292115;147700576.00
2015/10/26;16.47;16.83;15.99;16.58;10353310;170004032.00
2015/10/27;16.57;17.19;15.28;16.93;9868483;160936336.00
2015/10/28;16.67;18.04;16.47;17.23;14039881;244963552.00
2015/10/29;17.40;17.67;16.57;17.03;7709034;131632600.00
2015/10/30;16.77;17.36;16.57;16.72;6723181;113859480.00
2015/11/02;16.07;17.12;15.97;16.07;5721613;94739536.00
2015/11/03;16.26;16.40;15.57;15.81;4060533;65199256.00
2015/11/04;15.93;17.04;15.89;17.01;5811243;96515736.00
2015/11/05;17.06;17.35;16.64;16.93;6023312;102177376.00
2015/11/06;17.07;17.85;16.97;17.59;7543727;132463488.00
2015/11/09;17.37;18.88;17.17;18.77;11116627;201128208.00
2015/11/10;18.64;19.34;18.24;18.68;9076626;171010640.00
2015/11/11;18.65;19.35;18.57;19.28;7372930;141011856.00
2015/11/12;19.65;19.65;18.47;18.69;8119616;152973760.00
2015/11/13;18.46;18.46;17.47;17.88;7217304;130164672.00
2015/11/16;19.37;19.37;18.49;18.86;15211642;288801440.00
2015/11/17;18.87;19.17;17.97;18.26;13909697;259524352.00
2015/11/18;18.27;18.84;17.87;17.97;7305323;134823616.00
2015/11/19;17.97;18.71;17.67;18.71;7002806;128490352.00
2015/11/20;18.73;19.82;18.72;19.52;13884139;267943424.00
2015/11/23;19.82;20.47;19.02;19.46;13386010;266104112.00
2015/11/24;19.79;20.17;19.27;20.15;9164562;181329632.00
2015/11/25;19.95;20.95;19.78;20.80;10816733;222080752.00
2015/11/26;20.82;20.92;19.85;19.98;8966370;182962912.00
2015/11/27;19.82;19.89;17.98;18.20;7847652;149395472.00
2015/11/30;18.22;18.54;16.71;18.00;7327579;130623712.00
2015/12/01;17.86;18.39;17.67;18.07;5203272;93925992.00
2015/12/02;18.00;18.13;16.71;17.50;4473997;78273448.00
2015/12/03;17.50;18.24;17.50;18.15;4504373;81039080.00
2015/12/04;18.14;18.54;17.76;17.99;5075366;92495976.00
2015/12/07;18.04;18.48;17.55;18.24;5452747;98436256.00
2015/12/08;18.21;18.21;17.57;17.68;4382892;78228144.00
2015/12/09;17.58;18.07;17.47;17.67;3680048;65728076.00
2015/12/10;17.87;19.41;17.77;18.97;11194210;209340800.00
2015/12/11;18.67;19.46;18.57;18.82;7983443;152454768.00
2015/12/14;18.48;20.12;18.48;19.92;9500661;185619008.00
2015/12/15;19.77;20.95;19.73;20.35;10912694;223817072.00
2015/12/16;20.36;20.62;19.96;20.12;8888374;180178992.00
2015/12/17;20.27;21.66;19.97;21.30;13723000;284070368.00
2015/12/18;21.24;22.63;21.07;21.74;12393947;271975168.00
2015/12/21;21.73;23.45;21.34;23.28;13487064;303244608.00
2015/12/22;23.27;23.47;22.49;22.92;7272874;167037328.00
2015/12/23;23.14;24.21;22.60;23.07;11791592;276279200.00
2015/12/24;22.88;22.96;21.57;22.23;7611614;169355008.00
2015/12/25;22.46;22.95;21.97;22.55;5886250;133248512.00
2015/12/28;22.62;22.90;21.17;21.27;9127836;203418384.00
2015/12/29;21.36;22.06;20.97;22.05;5342029;115925600.00
2015/12/30;22.09;22.60;22.07;22.58;5243112;117578480.00
2015/12/31;22.45;24.51;22.38;23.81;14393857;342953824.00
2016/01/04;23.57;23.57;21.43;21.44;7594931;170438704.00
2016/01/05;20.07;22.59;19.75;21.58;10372352;221243136.00
2016/01/06;21.67;22.07;20.47;21.35;10086554;214523456.00
2016/01/07;20.60;20.75;19.21;19.21;2019192;40199492.00
2016/01/08;19.46;19.75;17.29;18.06;9885883;181712816.00
2016/01/11;17.22;17.60;16.25;16.25;7018137;116987792.00
2016/01/12;15.27;15.99;14.77;15.53;8949587;138407536.00
2016/01/13;15.65;15.92;13.97;13.97;8464388;125881696.00
2016/01/14;13.22;14.95;12.99;14.75;7875137;111348824.00
2016/01/15;14.47;14.79;13.30;13.35;7648613;107452568.00
2016/01/18;13.21;14.29;13.17;14.02;5785501;80289224.00
2016/01/19;13.97;15.22;13.83;15.12;7629284;111432744.00
2016/01/20;15.04;15.49;14.62;14.96;7469047;112499400.00
2016/01/21;14.57;15.51;14.37;14.38;7683120;114737360.00
2016/01/22;14.50;15.19;14.17;14.98;6451227;95077640.00
2016/01/25;15.12;15.44;14.73;14.99;5473807;82956720.00
2016/01/26;14.77;14.87;13.49;13.49;5938635;83376232.00
2016/01/27;13.47;13.56;12.24;13.24;6149106;79071176.00
2016/01/28;12.82;13.13;11.97;11.99;4541296;57187140.00
2016/01/29;12.05;12.98;11.98;12.68;6452633;81341400.00
2016/02/01;12.65;13.35;12.49;12.91;6036478;78330360.00
2016/02/02;12.99;13.87;12.99;13.68;5813582;78920368.00
2016/02/03;13.47;14.16;13.21;14.02;5556683;75788264.00
2016/02/04;14.07;14.37;13.63;14.17;5844648;82828728.00
2016/02/05;14.13;14.22;13.77;13.83;3883490;54347164.00
2016/02/15;13.11;14.11;13.11;13.95;3801852;51739028.00
2016/02/16;13.99;14.81;13.99;14.74;4774676;69529040.00
2016/02/17;14.62;15.03;14.18;14.94;6325947;92777144.00
2016/02/18;14.97;15.07;14.52;14.57;5690240;84070776.00
2016/02/19;14.47;15.05;14.37;14.96;6154829;91447888.00
2016/02/22;15.13;15.63;14.99;15.28;6731983;103005288.00
2016/02/23;15.23;15.70;14.77;15.67;7331274;111523792.00
2016/02/24;15.47;15.84;14.93;15.62;7847484;120983120.00
2016/02/25;15.45;15.45;14.06;14.06;7814484;113799872.00
2016/02/26;14.03;14.23;13.17;13.52;5430547;74437424.00
2016/02/29;13.47;13.51;12.17;12.19;5118449;63665144.00
2016/03/01;12.17;12.83;11.49;12.68;5417876;66320084.00
2016/03/02;12.65;13.43;12.30;13.31;5907354;76268016.00
2016/03/03;13.17;13.84;13.09;13.15;5370044;72380736.00
2016/03/04;13.07;13.22;12.09;12.23;5677183;71763216.00
2016/03/07;12.35;12.97;12.35;12.67;4035046;51321752.00
2016/03/08;12.55;13.10;11.52;13.07;5764656;71678616.00
2016/03/09;12.67;13.14;12.07;12.67;3883001;49725720.00
2016/03/10;12.68;12.96;12.29;12.47;3678875;46653868.00
2016/03/11;12.32;12.74;12.08;12.61;2300424;28760922.00
2016/03/14;12.84;13.56;12.81;13.44;6050772;80781400.00
2016/03/15;13.42;13.46;13.07;13.16;3270487;43408912.00
2016/03/16;13.50;13.65;12.77;13.05;3899092;51524380.00
2016/03/17;13.17;14.02;13.08;14.00;7754925;105984888.00
2016/03/18;14.16;14.75;13.97;14.63;7786036;112609664.00
2016/03/21;14.90;15.16;14.58;14.90;8307236;124247808.00
2016/03/22;14.77;15.12;14.61;14.80;5705697;85039984.00
2016/03/23;15.05;15.27;14.67;15.09;6875392;103087768.00
2016/03/24;14.80;15.52;14.62;14.89;10647682;161775824.00
2016/03/25;15.22;16.38;14.92;16.38;12227721;193905808.00
2016/03/28;17.47;17.55;15.68;15.91;18230568;303929760.00
2016/03/29;15.61;15.87;14.73;14.96;10680592;162465760.00
2016/03/30;15.12;16.12;15.11;16.10;11002780;172466272.00
2016/03/31;16.17;16.96;15.97;16.31;12688442;209620496.00
2016/04/01;16.17;16.23;15.57;16.10;7632463;120797368.00
2016/04/05;15.95;16.77;15.83;16.54;8324926;137008112.00
2016/04/06;16.44;17.04;16.40;16.67;8168544;136769376.00
2016/04/07;16.72;17.13;16.54;16.62;10121895;170509552.00
2016/04/08;16.29;16.40;15.57;16.16;8297326;132686136.00
2016/04/11;16.27;16.66;16.23;16.31;6861969;112934544.00
2016/04/12;16.10;16.15;15.62;15.92;6185959;98040000.00
2016/04/13;16.05;16.47;15.96;16.10;6707419;109095368.00
2016/04/14;16.27;16.33;15.99;16.28;5626067;91064696.00
2016/04/15;16.37;16.92;16.17;16.84;9982536;165345360.00
2016/04/18;16.56;17.11;16.05;16.85;9689858;160418800.00
2016/04/19;16.78;17.06;16.47;16.74;6915287;116117384.00
2016/04/20;16.80;16.98;15.06;15.17;11338716;179887648.00
2016/04/21;15.11;15.37;14.67;14.76;5824644;88179528.00
2016/04/22;14.65;15.06;14.53;14.99;4137221;61648676.00
2016/04/25;14.95;14.95;14.45;14.77;3238870;47679704.00
2016/04/26;14.72;15.23;14.63;15.19;3637033;54408604.00
2016/04/27;15.16;15.34;14.95;15.04;4208181;63806916.00
2016/04/28;15.08;15.35;14.85;15.28;5040287;76311272.00
2016/04/29;15.08;15.35;15.04;15.12;3639118;55399892.00
2016/05/03;15.11;15.76;15.07;15.68;5156621;80209816.00
2016/05/04;15.57;15.82;15.52;15.58;4689818;73666808.00
2016/05/05;15.65;16.06;15.47;16.04;5643330;89473168.00
2016/05/06;16.09;16.16;14.79;14.80;7734782;120046088.00
2016/05/09;14.60;14.74;14.12;14.17;4437884;63674848.00
2016/05/10;14.17;14.44;14.14;14.27;2563132;36672792.00
2016/05/11;14.40;14.46;13.47;13.79;3505100;49067548.00
2016/05/12;13.57;14.07;13.28;13.99;3373362;46233732.00
2016/05/13;13.92;14.10;13.52;13.58;3181875;44063476.00
2016/05/16;13.39;13.99;13.39;13.99;2872771;39575572.00
2016/05/17;13.97;14.31;13.88;13.99;3778305;53308260.00
2016/05/18;13.87;13.87;13.12;13.27;3893930;52568164.00
2016/05/19;13.41;13.95;13.32;13.55;3380983;46345136.00
2016/05/20;13.45;14.09;12.97;14.02;3487196;47984852.00
2016/05/23;14.06;14.34;13.98;14.27;4362090;62168616.00
2016/05/24;14.17;14.20;13.80;14.01;3197909;44726980.00
2016/05/25;14.15;14.32;13.92;14.06;3982415;56498304.00
2016/05/26;13.97;14.35;13.56;14.35;4870083;68423320.00
2016/05/27;14.31;14.32;14.08;14.15;3927614;55920200.00
2016/05/30;13.96;14.27;13.78;14.00;2633098;36937380.00
2016/05/31;14.04;14.99;13.98;14.92;7258900;106161776.00
2016/06/01;14.95;15.25;14.86;14.92;6160371;92590704.00
2016/06/02;14.93;15.22;14.83;15.20;5109807;77035640.00
2016/06/03;15.20;15.35;15.02;15.24;5269477;80078568.00
2016/06/06;15.22;15.34;15.00;15.14;4622635;69969384.00
2016/06/07;15.16;15.57;14.93;15.48;5594851;85453712.00
2016/06/08;15.39;15.45;15.06;15.31;4930894;75330688.00
2016/06/13;15.00;15.15;14.09;14.10;5358162;79193128.00
2016/06/14;13.99;14.23;13.81;14.11;4090366;57339100.00
2016/06/15;13.88;14.95;13.84;14.82;4756884;69457040.00
2016/06/16;14.88;15.52;14.70;15.19;7745117;117084768.00
2016/06/17;15.15;15.50;15.06;15.24;4904271;75051224.00
2016/06/20;15.25;15.82;15.17;15.78;7894810;123136336.00
2016/06/21;15.80;15.89;15.01;15.12;7334158;113400704.00
2016/06/22;15.10;16.63;14.88;16.63;14139595;226513376.00
2016/06/23;16.77;17.59;16.65;17.13;27522427;471375008.00
2016/06/24;17.00;17.03;15.80;16.58;17876633;296916704.00
2016/06/27;16.30;17.46;16.30;17.19;13978731;238195616.00
2016/06/28;17.02;17.46;16.86;17.35;13168198;225478416.00
2016/06/29;17.35;17.55;16.86;16.96;9302564;158561072.00
2016/06/30;16.96;17.33;16.76;17.03;7786991;132729344.00
2016/07/01;17.03;17.20;16.69;16.79;6527699;110370296.00
2016/07/04;16.61;17.30;16.51;17.11;7253667;123602928.00
2016/07/05;17.17;17.27;16.85;16.97;7274380;124024760.00
2016/07/06;16.91;17.18;16.91;17.14;6022773;102839000.00
2016/07/07;17.03;17.55;16.61;16.90;6834920;116206232.00
2016/07/08;16.88;17.70;16.81;17.62;11490506;199458144.00
2016/07/11;17.66;17.80;17.05;17.05;10270334;179040800.00
2016/07/12;16.88;17.06;16.21;17.03;9711351;162135872.00
2016/07/13;16.89;17.59;16.89;17.40;9102993;157420752.00
2016/07/14;17.43;18.07;17.40;17.87;13029331;232158976.00
2016/07/15;17.90;17.95;17.30;17.41;7324665;128574760.00
2016/07/18;17.22;17.78;17.01;17.78;7734434;134540768.00
2016/07/19;17.65;18.75;17.40;18.73;15957809;291055712.00
2016/07/20;18.53;18.67;18.24;18.36;9829511;181457456.00
2016/07/21;18.27;18.60;18.15;18.23;7255668;133398736.00
2016/07/22;18.21;18.55;18.00;18.04;5992402;109555592.00
2016/07/25;18.08;18.65;17.92;18.43;8237643;151720224.00
2016/07/26;18.35;18.37;18.01;18.37;6937672;126294656.00
2016/07/27;18.29;18.32;16.53;16.60;13833137;238410096.00
2016/07/28;16.51;16.74;15.91;16.33;6162305;100878120.00
2016/07/29;16.50;16.56;16.00;16.31;3529006;57324012.00
2016/08/01;16.20;16.21;15.50;15.95;4168897;65763628.00
2016/08/02;15.90;16.26;15.81;16.18;2864883;46067612.00
2016/08/03;16.20;16.49;15.97;16.37;4492205;72775824.00
2016/08/04;16.40;16.47;16.09;16.45;3943374;64265208.00
2016/08/05;16.40;16.45;16.01;16.07;3137395;50887188.00
2016/08/08;15.97;16.43;15.90;16.40;2896676;47038004.00
2016/08/09;16.43;16.67;16.33;16.60;3287365;54337700.00
2016/08/10;16.50;16.63;16.35;16.37;3031629;49985260.00
2016/08/11;16.37;16.45;15.94;15.96;3314539;53646412.00
2016/08/12;15.97;16.30;15.94;16.26;2395686;38717956.00
2016/08/15;16.20;16.86;16.07;16.65;5296822;87712344.00
2016/08/16;16.70;17.10;16.61;16.91;5312235;89399512.00
2016/08/17;16.81;17.12;16.75;16.97;4529719;76752808.00
2016/08/18;17.00;17.26;16.82;17.19;5145353;87841008.00
2016/08/19;17.20;17.26;16.98;17.18;3731197;63901032.00
2016/08/22;17.33;17.83;17.02;17.39;8376562;145641712.00
2016/08/23;17.40;17.44;16.76;16.95;6393858;108980296.00
2016/08/24;16.90;18.15;16.86;17.82;13234794;233255664.00
2016/08/25;17.43;17.73;17.29;17.63;8408614;147252416.00
2016/08/26;17.75;17.76;17.28;17.38;6794867;119259776.00
2016/08/29;17.29;17.53;17.07;17.23;4313745;74649624.00
2016/08/30;17.20;17.98;17.10;17.74;8702579;152707008.00
2016/08/31;17.89;17.92;17.28;17.41;7160987;125351288.00
2016/09/01;17.41;17.51;17.02;17.08;4933777;85063264.00
2016/09/02;17.01;17.19;16.68;16.71;4427831;74946224.00
2016/09/05;16.87;16.95;16.70;16.76;3734026;62717144.00
2016/09/06;16.75;17.08;16.37;17.08;5003301;83686616.00
2016/09/07;17.08;17.12;16.80;16.86;4012014;68144136.00
2016/09/08;16.89;17.02;16.74;16.93;3290576;55532424.00
2016/09/09;16.97;16.99;16.52;16.53;4307033;72071112.00
2016/09/12;16.18;16.38;16.00;16.00;3970920;64052520.00
2016/09/13;16.13;16.24;16.04;16.22;2154513;34788628.00
2016/09/14;16.13;16.29;15.98;16.01;1700888;27412902.00
2016/09/19;16.01;16.34;16.01;16.25;1699160;27547630.00
2016/09/20;16.22;16.29;16.01;16.11;1660024;26755984.00
2016/09/21;16.13;16.34;16.09;16.26;2132782;34630840.00
2016/09/22;16.32;16.57;16.32;16.34;2591370;42611608.00
2016/09/23;16.30;16.40;16.20;16.21;1413864;23043842.00
2016/09/26;16.21;16.21;15.69;15.72;2463618;39298380.00
2016/09/27;15.65;16.10;15.64;16.10;1983581;31504456.00
2016/09/28;16.10;16.15;15.88;16.00;1522807;24387178.00
2016/09/29;16.08;16.24;15.98;16.10;1564846;25281872.00
2016/09/30;16.05;16.28;16.05;16.25;1471605;23820966.00
2016/10/10;16.48;16.67;16.31;16.65;3174215;52540408.00
2016/10/11;16.65;16.75;16.55;16.68;2662718;44339340.00
2016/10/12;16.69;16.77;16.57;16.75;2021852;33755612.00
2016/10/13;16.76;16.84;16.64;16.66;1681862;28119676.00
2016/10/14;16.56;16.74;16.54;16.67;1666982;27718982.00
2016/10/17;16.67;16.67;16.06;16.20;4230712;69416896.00
2016/10/18;16.27;16.60;16.10;16.55;2880056;47073340.00
2016/10/19;16.53;16.79;16.50;16.59;2951497;49127508.00
2016/10/20;16.67;16.74;16.48;16.62;2152577;35783388.00
2016/10/21;16.65;16.69;16.35;16.57;2147263;35486228.00
2016/10/24;16.50;16.98;16.50;16.85;3996192;67271112.00
2016/10/25;16.82;16.96;16.77;16.85;2312013;38974404.00
2016/10/26;16.71;16.97;16.71;16.85;2082179;35077372.00
2016/10/27;16.87;17.08;16.75;17.00;3417027;57806044.00
2016/10/28;17.06;17.06;16.59;16.60;3144481;52739532.00
2016/10/31;16.43;16.65;16.24;16.59;2379036;39109172.00
2016/11/01;16.43;16.79;16.43;16.77;2709217;45079152.00
2016/11/02;16.75;16.91;16.67;16.71;2478609;41660616.00
2016/11/03;16.75;16.95;16.66;16.85;2883987;48653640.00
2016/11/04;16.81;17.08;16.75;16.85;2251408;38044936.00
2016/11/07;16.85;16.96;16.66;16.73;1916573;32222298.00
2016/11/08;16.81;17.05;16.75;17.00;2929281;49544376.00
2016/11/09;17.00;17.00;16.40;16.55;3214595;53719956.00
2016/11/10;16.85;16.95;16.70;16.90;2570110;43359444.00
2016/11/11;16.90;17.08;16.81;17.07;4071653;69134848.00
2016/11/14;17.05;17.36;17.03;17.35;5387192;92976416.00
2016/11/15;17.35;17.40;17.20;17.37;3916653;67796640.00
2016/11/16;17.38;17.79;17.37;17.40;5155802;90578424.00
2016/11/17;17.41;17.45;17.15;17.26;1516700;26165052.00
数据来源:通达信
