300014 亿纬锂能 日线 前复权
      日期	    开盘	    最高	    最低	    收盘	    成交量	    成交额
2009/10/30;8.14;12.36;7.69;9.31;15736407;662705792.00
2009/11/02;8.35;8.85;8.35;8.35;5940356;232898464.00
2009/11/03;8.14;8.57;7.69;8.09;5448019;207819152.00
2009/11/04;8.18;8.69;8.18;8.55;5012628;197219744.00
2009/11/05;8.38;8.97;8.21;8.56;4709350;188182464.00
2009/11/06;8.51;8.57;8.25;8.34;2713493;106007792.00
2009/11/09;8.32;8.33;8.00;8.12;2194699;83284816.00
2009/11/10;8.20;8.20;7.83;7.86;2685788;100151968.00
2009/11/11;7.89;8.25;7.83;8.20;2528265;95016984.00
2009/11/12;8.14;8.47;8.07;8.24;2354301;90822840.00
2009/11/13;8.28;9.08;8.24;8.81;4970711;202993760.00
2009/11/16;8.80;8.91;8.59;8.87;2985734;122175048.00
2009/11/17;8.80;9.14;8.63;8.76;2357686;97030920.00
2009/11/18;8.76;9.16;8.65;8.98;3558401;148172384.00
2009/11/19;8.96;9.89;8.88;9.46;5399233;235911632.00
2009/11/20;9.31;9.57;9.18;9.29;2793377;121053760.00
2009/11/23;9.31;9.57;9.21;9.40;2374256;103277784.00
2009/11/24;9.42;9.49;8.43;8.49;3870610;161334000.00
2009/11/25;8.45;9.01;8.40;8.94;2516420;102576456.00
2009/11/26;8.91;9.22;8.77;9.10;3190527;134277936.00
2009/11/27;8.99;9.47;8.80;9.10;3066822;131075032.00
2009/11/30;9.25;9.35;8.80;9.20;2119687;89647856.00
2009/12/01;9.18;9.47;9.05;9.39;2715777;117660128.00
2009/12/02;9.40;9.91;9.31;9.62;4084225;183076064.00
2009/12/03;9.54;10.20;9.47;10.20;4864803;224894912.00
2009/12/04;9.80;10.02;9.15;9.35;4644784;204867696.00
2009/12/07;9.27;9.60;9.15;9.52;1815065;79737776.00
2009/12/08;9.57;10.23;9.40;10.07;3500829;159786224.00
2009/12/09;9.91;10.51;9.82;9.99;4117633;194668016.00
2009/12/10;10.03;10.19;9.67;9.74;2420964;110675904.00
2009/12/11;9.76;9.87;9.15;9.38;2419612;106617672.00
2009/12/14;9.25;9.39;8.94;9.10;1680564;71188056.00
2009/12/15;9.14;9.36;9.09;9.11;1173399;50304756.00
2009/12/16;9.03;9.12;8.74;8.75;1744294;71783984.00
2009/12/17;8.69;8.80;8.36;8.36;1584708;62722584.00
2009/12/18;8.34;8.76;8.04;8.55;2089798;81931416.00
2009/12/21;8.43;8.68;8.38;8.61;1042980;41738196.00
2009/12/22;8.62;8.64;8.14;8.18;1046004;40578484.00
2009/12/23;8.11;8.45;8.11;8.37;1141771;44547524.00
2009/12/24;8.25;8.50;8.20;8.49;1448746;56966868.00
2009/12/25;8.45;8.45;8.16;8.19;1251339;48060192.00
2009/12/28;8.14;8.33;8.09;8.24;911980;35061520.00
2009/12/29;8.31;8.33;8.14;8.31;973048;37483128.00
2009/12/30;8.32;8.69;8.26;8.47;1537165;60857796.00
2009/12/31;8.47;8.57;8.36;8.48;821653;32397682.00
2010/01/04;8.51;8.56;8.41;8.46;727706;28731816.00
2010/01/05;8.47;8.52;8.17;8.35;912396;35372024.00
2010/01/06;8.35;8.35;8.18;8.18;1093744;41964296.00
2010/01/07;8.16;8.24;7.96;8.06;952071;36144692.00
2010/01/08;8.01;8.01;7.74;7.87;1410220;51616292.00
2010/01/11;7.82;8.03;7.74;7.91;905968;33392562.00
2010/01/12;7.95;8.10;7.84;8.08;924633;34688436.00
2010/01/13;7.96;8.10;7.87;7.99;735443;27469494.00
2010/01/14;8.04;8.44;8.04;8.38;1929966;74757520.00
2010/01/15;8.36;8.42;8.20;8.28;1053396;40780004.00
2010/01/18;8.22;8.30;8.03;8.15;1102128;41964424.00
2010/01/19;8.15;8.20;8.03;8.08;705588;26597284.00
2010/01/20;8.09;8.18;7.84;7.86;963316;35813624.00
2010/01/21;7.93;8.00;7.83;7.91;710311;26224586.00
2010/01/22;7.88;7.88;7.29;7.38;1387199;48857052.00
2010/01/25;7.25;7.27;6.93;7.02;1177453;39257416.00
2010/01/26;7.14;7.23;6.80;6.87;761778;24992774.00
2010/01/27;6.80;6.98;6.80;6.84;597494;19320844.00
2010/01/28;6.84;6.87;6.41;6.49;1117924;34373180.00
2010/01/29;6.44;6.61;6.36;6.44;899242;27535500.00
2010/02/01;5.78;6.18;5.77;5.94;4217729;117503520.00
2010/02/02;5.94;6.02;5.83;5.87;1484864;41623588.00
2010/02/03;5.87;5.91;5.46;5.77;1829914;48885880.00
2010/02/04;5.68;5.87;5.61;5.75;1306570;35771824.00
2010/02/05;5.64;5.89;5.60;5.69;1261402;34359288.00
2010/02/08;5.73;5.98;5.70;5.87;1343500;37316676.00
2010/02/09;5.87;5.87;5.76;5.84;604849;16674866.00
2010/02/10;5.89;6.15;5.84;6.12;1576345;44810520.00
2010/02/11;6.06;6.33;6.05;6.25;1909625;56027404.00
2010/02/12;6.25;6.33;6.14;6.30;1241374;36530996.00
2010/02/22;6.30;6.31;6.12;6.12;1078503;31561734.00
2010/02/23;6.06;6.28;6.06;6.26;1043005;30433412.00
2010/02/24;6.21;6.82;6.19;6.79;2469812;76619512.00
2010/02/25;6.80;7.02;6.71;6.84;2378632;76343456.00
2010/02/26;6.78;6.93;6.70;6.78;1289948;41403892.00
2010/03/01;6.78;6.91;6.73;6.85;1401757;45175564.00
2010/03/02;6.87;7.47;6.87;7.20;3080478;104678784.00
2010/03/03;7.25;7.47;7.10;7.13;2865668;98035648.00
2010/03/04;7.13;7.20;6.63;6.65;2292840;73961296.00
2010/03/05;6.67;6.84;6.67;6.77;1184638;37686776.00
2010/03/08;6.78;6.92;6.70;6.89;1064000;34219532.00
2010/03/09;6.94;6.94;6.69;6.85;1012542;32308162.00
2010/03/10;6.85;7.01;6.67;6.80;802133;25825930.00
2010/03/11;6.77;6.89;6.58;6.83;966598;30693618.00
2010/03/12;6.85;7.31;6.80;7.08;3052235;101654616.00
2010/03/15;7.08;7.13;6.92;7.07;1307915;43072344.00
2010/03/16;7.11;7.25;6.93;7.05;1212913;40385344.00
2010/03/17;6.98;7.24;6.98;7.24;1625072;54757012.00
2010/03/18;7.33;7.63;7.33;7.45;2495315;87495968.00
2010/03/19;7.39;7.49;7.36;7.46;1162861;40452768.00
2010/03/22;7.49;7.69;7.49;7.68;1727713;61639800.00
2010/03/23;7.69;7.81;7.49;7.63;1791995;63991764.00
2010/03/24;7.67;7.98;7.64;7.96;2303502;84772480.00
2010/03/26;7.99;8.25;7.69;8.11;3261601;121877216.00
2010/03/29;8.12;8.14;7.36;7.81;2859840;104173576.00
2010/03/30;7.81;7.98;7.65;7.90;1729498;63749688.00
2010/03/31;7.89;8.36;7.81;8.22;2860045;108757760.00
2010/04/01;8.24;8.71;8.14;8.25;3855941;153393472.00
2010/04/02;8.11;8.45;7.96;8.21;1991472;76400760.00
2010/04/06;8.20;8.54;8.14;8.44;1653441;64748696.00
2010/04/07;8.45;9.28;8.34;9.05;3759321;154639600.00
2010/04/08;9.03;9.69;8.87;9.03;4166199;179738048.00
2010/04/09;8.95;9.47;8.95;9.35;3050941;131477048.00
2010/04/12;9.31;9.62;9.27;9.49;2657077;116185192.00
2010/04/13;9.49;9.49;8.51;8.51;4160893;169714912.00
2010/04/14;8.26;8.68;8.16;8.31;2248406;87838112.00
2010/04/15;8.33;8.42;7.59;7.60;3098214;114319592.00
2010/04/16;7.60;8.03;7.48;7.97;2174083;79834408.00
2010/04/19;7.83;8.25;7.75;7.91;2276229;85639360.00
2010/04/20;7.75;8.13;7.47;8.11;2146303;79322872.00
2010/04/21;8.09;8.51;8.01;8.44;2345830;91604376.00
2010/04/22;8.39;8.78;8.36;8.56;2313568;92766744.00
2010/04/23;8.63;8.98;8.55;8.64;2547869;103749976.00
2010/04/27;8.25;8.39;7.76;7.96;2090493;78458608.00
2010/04/28;7.71;8.11;7.54;7.85;1457952;53493584.00
2010/04/29;7.74;8.03;7.39;7.43;1134463;41154524.00
2010/04/30;7.45;7.58;6.69;6.85;1808839;59173456.00
2010/05/04;6.59;7.09;6.51;7.00;1300007;42294044.00
2010/05/05;6.99;7.35;6.78;7.34;1346851;45210300.00
2010/05/06;7.30;7.67;7.19;7.23;1895671;66282880.00
2010/05/07;7.03;7.45;6.81;7.23;1391434;47396504.00
2010/05/10;7.23;7.25;6.53;6.67;1465773;46875948.00
2010/05/11;6.81;6.97;6.53;6.56;1055769;33428866.00
2010/05/12;6.53;6.63;6.20;6.31;983373;29501492.00
2010/05/13;6.36;6.68;6.27;6.67;1023659;31172834.00
2010/05/14;6.69;7.01;6.58;6.91;1616115;52182028.00
2010/05/17;6.80;6.80;6.47;6.54;1193875;37450792.00
2010/05/18;6.40;6.54;6.03;6.34;1648213;32285212.00
2010/05/19;6.29;7.01;6.20;7.01;3317975;70688376.00
2010/05/20;7.03;7.49;6.95;7.26;6020958;136338800.00
2010/05/21;6.88;8.01;6.88;8.01;6795636;161566016.00
2010/05/24;8.42;8.84;8.33;8.84;8395473;224091712.00
2010/05/25;8.66;9.53;8.43;9.44;9764935;276438080.00
2010/05/26;9.25;9.49;8.93;9.20;7713488;219330496.00
2010/05/27;9.13;10.15;9.06;10.15;10171688;306697216.00
2010/05/28;10.39;10.42;9.86;10.05;9011197;279467872.00
2010/06/01;9.56;9.72;9.09;9.58;7725594;223832768.00
2010/06/02;9.59;10.23;9.53;9.98;9245494;282648224.00
2010/06/03;9.88;10.05;9.46;9.59;6259105;188504768.00
2010/06/04;9.33;9.58;9.10;9.48;5369506;154887728.00
2010/06/07;9.21;10.13;9.19;9.98;8045100;243865200.00
2010/06/08;9.79;9.97;9.59;9.75;5158200;154530688.00
2010/06/09;9.75;10.22;9.53;9.76;6831505;208566192.00
2010/06/10;9.59;10.76;9.56;10.75;11771414;372652640.00
2010/06/11;10.59;11.06;10.40;10.63;9251346;304821856.00
2010/06/17;10.76;10.89;9.90;9.91;5413597;172322496.00
2010/06/18;9.73;9.88;8.89;9.02;5917033;169478896.00
2010/06/21;8.79;9.65;8.69;9.40;5145250;146269328.00
2010/06/22;9.23;9.49;9.16;9.19;3938451;113416272.00
2010/06/23;9.13;9.38;8.96;9.31;3199756;90883552.00
2010/06/24;9.45;10.06;9.44;9.72;6074222;182556944.00
2010/06/25;9.55;9.69;9.23;9.42;3376930;98023104.00
2010/06/28;9.33;9.38;8.99;9.11;2592893;73363496.00
2010/06/29;9.01;9.19;8.34;8.47;3843844;102602048.00
2010/06/30;8.28;8.75;8.02;8.69;3677800;95487792.00
2010/07/01;8.56;8.69;8.24;8.36;2852445;74752872.00
2010/07/02;8.29;8.42;7.73;8.23;3126847;79095760.00
2010/07/05;8.20;8.20;7.76;7.86;2239258;55207816.00
2010/07/06;7.79;8.38;7.76;8.32;4095545;104366040.00
2010/07/07;8.39;8.97;8.33;8.86;5298400;143118048.00
2010/07/08;8.86;9.14;8.61;8.75;4538500;124104360.00
2010/07/09;8.67;9.06;8.53;8.92;4048630;110843368.00
2010/07/12;8.89;9.13;8.83;8.94;3142045;86884432.00
2010/07/13;8.86;9.79;8.58;9.43;7494811;213473952.00
2010/07/14;9.31;9.45;9.09;9.28;4622705;132639800.00
2010/07/15;9.22;9.31;8.73;8.81;3224053;89660640.00
2010/07/16;8.71;9.38;8.63;9.34;5018585;140457872.00
2010/07/19;9.27;9.53;9.13;9.52;4648809;134876960.00
2010/07/20;9.52;9.89;9.40;9.63;5492196;163282960.00
2010/07/21;9.71;10.23;9.57;9.72;5731426;175059648.00
2010/07/22;9.59;9.80;9.42;9.76;4333155;128756600.00
2010/07/23;9.72;9.86;9.50;9.61;3439021;102513344.00
2010/07/26;9.61;9.89;9.59;9.70;3084319;92482080.00
2010/07/27;9.66;9.79;9.45;9.51;2848369;84283760.00
2010/07/28;9.61;9.78;9.54;9.77;3954373;118127248.00
2010/07/29;9.79;9.84;9.59;9.74;4102398;122682600.00
2010/07/30;9.72;9.72;9.46;9.56;2876239;84814400.00
2010/08/02;9.55;9.93;9.49;9.90;5197253;157016688.00
2010/08/03;9.79;9.95;9.55;9.56;3991771;120731216.00
2010/08/04;9.47;10.10;9.47;10.01;6227170;189978288.00
2010/08/05;10.06;10.36;9.76;9.94;5585017;174326464.00
2010/08/06;9.89;10.29;9.73;10.18;4150476;128319840.00
2010/08/09;10.23;10.84;10.14;10.71;5613997;182647072.00
2010/08/10;10.69;11.06;10.49;10.49;6822563;225783456.00
2010/08/11;10.41;10.95;10.40;10.83;5198383;171897824.00
2010/08/12;10.69;10.81;10.29;10.36;4428131;143893040.00
2010/08/13;10.30;10.49;10.00;10.41;3483504;110067392.00
2010/08/16;10.32;10.88;10.26;10.81;4029809;132273856.00
2010/08/17;10.82;11.66;10.65;11.29;7564725;260110736.00
2010/08/18;11.12;11.80;10.96;11.13;7231559;252142496.00
2010/08/19;11.17;11.36;10.96;10.99;4604236;157744288.00
2010/08/20;10.89;11.59;10.81;11.21;6848167;235911456.00
2010/08/23;11.06;11.44;10.89;11.37;5413193;186379328.00
2010/08/24;11.23;11.49;11.06;11.16;4891733;169150464.00
2010/08/25;10.99;11.15;10.56;10.56;4600820;152045744.00
2010/08/26;10.56;10.71;10.12;10.24;4026586;127615568.00
2010/08/27;10.18;10.82;10.03;10.65;4527408;145347184.00
2010/08/30;10.67;10.88;10.41;10.77;4765035;156928928.00
2010/08/31;10.69;10.87;10.53;10.70;4461838;146885760.00
2010/09/01;10.63;10.70;9.98;10.05;5255664;166429808.00
2010/09/02;10.15;10.18;9.95;10.13;3204917;99627728.00
2010/09/03;10.13;11.16;10.03;11.02;9574515;318797088.00
2010/09/06;11.08;11.11;10.08;10.32;6335803;205689904.00
2010/09/07;10.17;10.53;10.13;10.40;2190762;70013384.00
2010/09/08;10.40;10.66;10.16;10.50;3369994;108219432.00
2010/09/09;10.49;10.76;10.33;10.44;4279211;138424000.00
2010/09/10;10.40;10.54;10.23;10.26;3125969;99589088.00
2010/09/13;10.27;10.36;10.06;10.29;2630836;82932240.00
2010/09/14;10.29;10.55;10.26;10.37;2969772;95222712.00
2010/09/15;10.33;10.33;9.66;9.75;3697991;113503528.00
2010/09/16;9.75;9.84;9.26;9.31;2547155;74098904.00
2010/09/17;9.31;9.45;9.06;9.09;1676099;47909208.00
2010/09/20;9.08;9.21;8.56;8.81;2387738;65016384.00
2010/09/21;8.81;8.85;8.54;8.56;1483766;39633256.00
2010/09/27;8.66;9.09;8.55;9.06;2616833;71832632.00
2010/09/28;9.07;9.38;8.93;9.17;2784474;79037144.00
2010/09/29;9.14;9.50;8.93;9.15;2559391;72960240.00
2010/09/30;9.04;9.22;8.90;9.10;1446360;40592976.00
2010/10/08;9.15;9.42;9.15;9.33;2122085;61088468.00
2010/10/11;9.33;9.35;9.09;9.16;2642938;75013968.00
2010/10/12;9.16;9.32;9.01;9.14;2359915;67110936.00
2010/10/13;9.09;9.46;8.69;9.41;4398401;123817720.00
2010/10/14;9.41;9.46;8.99;9.04;2812595;80166536.00
2010/10/15;8.96;9.59;8.76;9.36;4699944;136138992.00
2010/10/18;9.40;9.41;8.70;8.85;2838539;78481648.00
2010/10/20;9.39;9.77;9.38;9.77;6063818;180673088.00
2010/10/21;9.86;9.87;9.39;9.53;5956227;176087872.00
2010/10/22;9.48;10.14;9.41;9.80;4866941;148029040.00
2010/10/25;9.85;10.19;9.59;9.99;4548346;140001568.00
2010/10/26;9.97;10.56;9.73;10.52;7352271;233371856.00
2010/10/27;10.39;10.42;9.98;10.08;4317967;136136416.00
2010/10/28;10.06;10.19;9.73;9.87;2571565;78532376.00
2010/10/29;9.95;10.39;9.87;9.95;3311785;103261512.00
2010/11/01;10.10;10.39;9.96;10.37;5237705;165562432.00
2010/11/02;10.38;10.44;10.06;10.08;3814254;119975704.00
2010/11/03;9.99;10.02;9.55;9.55;3151084;94325808.00
2010/11/04;9.41;9.71;9.35;9.62;2305357;67947752.00
2010/11/05;9.69;9.82;9.53;9.59;2279591;67865120.00
2010/11/08;9.63;9.82;9.51;9.81;2485743;74708464.00
2010/11/09;9.82;9.93;9.73;9.88;2285546;69182168.00
2010/11/10;9.83;10.21;9.83;10.11;3450078;107110472.00
2010/11/11;10.03;10.21;9.89;9.89;3530115;109616616.00
2010/11/12;9.87;9.87;8.89;8.99;3506942;101638944.00
2010/11/15;9.02;9.33;8.92;9.29;2307479;65573020.00
2010/11/16;9.43;9.65;8.86;9.03;2643007;75920792.00
2010/11/17;8.95;9.08;8.70;8.70;1662921;45679192.00
2010/11/18;8.92;8.92;8.70;8.85;1297425;35331864.00
2010/11/19;8.85;9.17;8.85;9.17;2148465;59924548.00
2010/11/22;9.05;9.52;9.05;9.30;2323290;66998452.00
2010/11/23;9.35;9.39;8.99;9.16;1789174;50877620.00
2010/11/24;9.16;9.42;9.06;9.39;1919345;55151508.00
2010/11/25;9.46;9.48;9.22;9.31;2087916;60025828.00
2010/11/26;9.34;9.45;9.23;9.30;1683896;48592580.00
2010/11/29;9.24;9.49;9.23;9.41;1718974;49799800.00
2010/11/30;9.41;9.41;8.71;8.95;2212458;61480060.00
2010/12/01;8.93;8.93;8.74;8.85;966930;26435208.00
2010/12/02;8.95;9.04;8.83;8.88;1036561;28587150.00
2010/12/03;8.88;8.95;8.73;8.83;822857;22458796.00
2010/12/06;8.83;8.93;8.76;8.93;1143860;31359650.00
2010/12/07;8.93;8.93;8.70;8.91;897121;24515368.00
2010/12/08;8.91;9.01;8.81;8.92;1034349;28533126.00
2010/12/09;9.03;9.57;9.03;9.26;4169158;120741232.00
2010/12/10;9.09;9.26;9.00;9.19;1893937;53320440.00
2010/12/13;9.21;9.41;9.17;9.35;2579309;74237048.00
2010/12/14;9.39;9.46;9.26;9.38;1793203;51818532.00
2010/12/15;9.38;9.71;9.33;9.50;4054047;119670576.00
2010/12/16;9.46;9.49;9.16;9.36;2103863;60946616.00
2010/12/17;9.39;9.49;9.32;9.36;1344212;38982936.00
2010/12/20;9.37;9.45;8.83;9.02;2561470;72007760.00
2010/12/21;9.06;9.15;8.91;9.10;1490776;41709988.00
2010/12/22;9.07;9.16;8.99;9.01;1115252;31248616.00
2010/12/23;9.01;9.06;8.79;8.81;1304438;35775560.00
2010/12/24;8.81;8.86;8.45;8.53;1544499;41045732.00
2010/12/27;8.49;8.61;8.19;8.19;1141538;29906150.00
2010/12/28;8.18;8.19;7.83;7.96;1228717;30342574.00
2010/12/29;7.97;8.12;7.97;8.11;1028756;25685256.00
2010/12/30;8.14;8.15;8.03;8.11;791907;19864680.00
2010/12/31;8.17;8.31;8.09;8.29;1276528;32507098.00
2011/01/04;8.33;8.41;8.21;8.41;1313106;33803736.00
2011/01/05;8.41;8.49;8.28;8.37;1059321;27456602.00
2011/01/06;8.37;8.40;8.20;8.20;905666;23196204.00
2011/01/07;8.13;8.95;8.10;8.55;2955224;78777784.00
2011/01/10;8.46;8.56;8.16;8.23;1167531;30257810.00
2011/01/11;8.23;8.48;8.12;8.26;921328;23684326.00
2011/01/12;8.26;8.35;8.12;8.25;712219;18159700.00
2011/01/13;8.29;8.46;8.24;8.25;756341;19533454.00
2011/01/14;8.26;8.26;7.94;7.96;915888;22772668.00
2011/01/17;7.96;8.02;7.15;7.50;1033937;24614804.00
2011/01/18;7.42;7.54;7.33;7.52;654195;15134239.00
2011/01/19;7.58;7.65;7.50;7.61;597646;14128156.00
2011/01/20;7.64;7.66;7.19;7.20;839800;19280976.00
2011/01/21;7.19;7.41;7.19;7.35;640440;14635314.00
2011/01/24;7.32;7.39;7.19;7.19;539477;12200522.00
2011/01/25;7.20;7.28;6.80;7.01;641547;13916064.00
2011/01/26;7.00;7.16;6.95;7.15;333528;7373147.00
2011/01/27;7.06;7.32;7.02;7.28;656253;14794105.00
2011/01/28;7.26;7.37;7.21;7.34;706652;16036989.00
2011/01/31;7.34;7.39;7.26;7.39;606058;13838010.00
2011/02/01;7.37;7.52;7.36;7.45;651880;15136237.00
2011/02/09;7.35;7.48;7.27;7.29;606988;13882286.00
2011/02/10;7.26;7.61;7.23;7.58;1024652;23900882.00
2011/02/11;7.59;7.76;7.55;7.68;984282;23485534.00
2011/02/14;7.73;7.82;7.63;7.81;1130979;27206236.00
2011/02/15;7.82;8.05;7.81;7.85;1562288;38328496.00
2011/02/16;7.83;7.94;7.79;7.92;1124646;27494294.00
2011/02/17;7.95;8.66;7.90;8.41;3809538;98040752.00
2011/02/18;8.31;8.40;8.11;8.14;2148702;54749492.00
2011/02/21;8.04;8.24;8.00;8.22;1348349;34093840.00
2011/02/22;8.22;8.23;7.83;7.83;1552884;38538336.00
2011/02/23;7.83;7.99;7.76;7.92;842322;20639448.00
2011/02/24;7.92;8.06;7.82;7.95;831795;20560934.00
2011/02/25;7.99;8.12;7.90;8.09;1115867;27898490.00
2011/02/28;8.06;8.16;7.96;8.14;1081427;27128148.00
2011/03/01;8.14;8.56;8.14;8.26;2231428;57754512.00
2011/03/02;8.23;8.23;7.99;8.10;1110216;27879122.00
2011/03/03;8.19;8.39;8.06;8.06;1777337;45414492.00
2011/03/04;8.03;8.12;7.89;8.09;881088;21849014.00
2011/03/07;8.14;8.33;8.12;8.30;1432061;36524096.00
2011/03/08;8.30;8.49;8.23;8.35;1755192;45499432.00
2011/03/09;8.33;8.34;8.20;8.24;1025382;26192818.00
2011/03/10;8.24;8.31;8.14;8.15;834290;21224304.00
2011/03/11;8.13;8.24;8.08;8.11;782868;19814026.00
2011/03/14;8.08;8.08;7.94;8.03;1018579;25259824.00
2011/03/15;8.05;8.05;7.69;7.90;1153056;28059400.00
2011/03/16;7.89;8.01;7.83;8.00;1067849;26376812.00
2011/03/17;7.98;8.01;7.78;7.79;951341;23212734.00
2011/03/18;7.81;7.89;7.79;7.81;535668;13027997.00
2011/03/21;7.79;7.88;7.74;7.76;565331;13641576.00
2011/03/22;7.76;7.81;7.66;7.72;492503;11796178.00
2011/03/23;7.82;7.82;7.69;7.81;476474;11517858.00
2011/03/24;7.85;7.87;7.73;7.73;669423;16209518.00
2011/03/25;7.75;7.79;7.69;7.78;826584;19883222.00
2011/03/28;7.90;7.95;7.82;7.86;1361961;33300838.00
2011/03/29;7.85;7.85;7.45;7.46;1515494;35720932.00
2011/03/30;7.43;7.43;7.26;7.31;898030;20478698.00
2011/03/31;7.29;7.58;7.29;7.48;1152271;26774102.00
2011/04/01;7.53;7.53;7.33;7.41;759646;17451866.00
2011/04/06;7.41;7.54;7.35;7.46;636667;14760684.00
2011/04/07;7.46;7.82;7.44;7.67;1233725;29210702.00
2011/04/08;7.66;7.73;7.58;7.69;954940;22787624.00
2011/04/11;7.69;7.69;7.48;7.52;802930;18929932.00
2011/04/12;7.40;7.56;7.40;7.42;544203;12645970.00
2011/04/13;7.40;7.54;7.36;7.52;679647;15813289.00
2011/04/14;7.53;7.59;7.46;7.48;552951;12951919.00
2011/04/15;7.46;7.47;7.36;7.44;578399;13321049.00
2011/04/18;7.39;7.51;7.39;7.43;439717;10163751.00
2011/04/19;7.41;7.46;7.24;7.25;795462;18113484.00
2011/04/20;7.25;7.33;7.25;7.26;631246;14329996.00
2011/04/21;7.29;7.39;7.29;7.31;556225;12696995.00
2011/04/22;7.31;7.42;7.30;7.38;562893;12888696.00
2011/04/26;7.40;8.02;7.40;7.71;3132720;75361336.00
2011/04/27;7.70;7.76;7.56;7.66;1192653;28234050.00
2011/04/28;7.74;7.74;7.06;7.07;1399463;32219792.00
2011/04/29;7.02;7.23;6.90;7.16;783624;17225696.00
2011/05/03;7.16;7.23;7.03;7.21;676506;14991717.00
2011/05/04;7.19;7.19;6.95;6.96;618651;13625786.00
2011/05/05;6.93;7.21;6.93;7.10;513836;11390712.00
2011/05/06;7.10;7.18;7.00;7.16;535953;11851578.00
2011/05/09;7.17;7.28;7.17;7.21;504506;11344726.00
2011/05/10;7.22;7.36;7.16;7.27;628373;14249367.00
2011/05/11;7.21;7.35;7.21;7.32;592012;13461290.00
2011/05/12;7.25;7.32;7.12;7.18;591182;13331203.00
2011/05/13;7.11;7.23;7.11;7.22;479568;10717100.00
2011/05/16;7.22;7.38;7.21;7.36;759964;17377866.00
2011/05/17;7.36;7.53;7.23;7.48;986028;22755802.00
2011/05/18;7.49;7.51;7.39;7.45;530233;12257353.00
2011/05/19;7.49;7.55;7.33;7.40;688345;15856447.00
2011/05/20;7.40;7.40;7.07;7.14;877219;19631524.00
2011/05/23;7.07;7.16;6.85;6.88;619288;13485787.00
2011/05/24;6.87;7.26;6.63;7.13;1091974;23820840.00
2011/05/25;7.02;7.13;6.96;6.98;418851;9153274.00
2011/05/26;6.95;7.06;6.79;6.80;389323;8399770.00
2011/05/30;6.68;6.81;6.43;6.60;651788;13498166.00
2011/05/31;6.61;6.81;6.56;6.75;444320;9224919.00
2011/06/01;6.77;7.14;6.77;7.05;1135760;24828044.00
2011/06/02;6.91;7.13;6.83;6.93;753282;16341972.00
2011/06/03;6.92;7.04;6.92;7.00;536825;11700030.00
2011/06/07;6.99;7.13;6.95;7.09;768978;16964026.00
2011/06/08;7.08;7.21;6.94;7.09;1178470;17227134.00
2011/06/09;7.09;7.09;6.76;6.78;1166853;16632940.00
2011/06/10;6.73;6.78;6.51;6.65;990100;13550424.00
2011/06/13;6.59;6.76;6.43;6.66;744747;10163820.00
2011/06/14;6.68;7.12;6.67;6.95;1775263;25324974.00
2011/06/15;7.19;7.32;7.02;7.04;3404778;50344208.00
2011/06/16;6.83;7.25;6.80;7.05;2107339;30739112.00
2011/06/17;7.05;7.15;6.96;6.99;1304942;19017064.00
2011/06/20;6.96;6.96;6.72;6.85;1033818;14590766.00
2011/06/21;6.85;6.99;6.70;6.86;1059151;14986037.00
2011/06/22;6.88;6.95;6.83;6.88;774200;11016415.00
2011/06/23;6.82;7.27;6.79;7.18;3508224;51929176.00
2011/06/24;7.10;7.39;7.09;7.25;3356185;50184984.00
2011/06/27;7.23;7.68;7.21;7.51;3851996;59480752.00
2011/06/28;7.50;7.61;7.40;7.55;1947752;30082634.00
2011/06/29;7.53;7.71;7.40;7.41;2284087;35503744.00
2011/06/30;7.41;7.75;7.41;7.60;2572279;40311384.00
2011/07/01;7.68;8.36;7.68;8.00;7079249;117167528.00
2011/07/04;8.18;8.83;8.08;8.83;12734430;227395984.00
2011/07/05;9.15;9.47;8.71;8.82;14665174;270853632.00
2011/07/06;8.63;8.75;8.48;8.65;7334824;129307472.00
2011/07/07;8.68;8.93;8.58;8.64;6030557;108111720.00
2011/07/08;8.60;8.64;8.29;8.42;4156575;71894064.00
2011/07/11;8.38;8.62;8.33;8.44;3304488;57566376.00
2011/07/12;8.30;9.30;8.26;8.98;13774780;252767040.00
2011/07/13;8.78;9.07;8.72;9.03;9085648;165990288.00
2011/07/14;9.03;9.18;8.84;9.11;7993553;147793152.00
2011/07/15;9.15;9.15;8.94;9.02;5071831;93580232.00
2011/07/18;8.99;9.34;8.87;8.90;7221314;135381024.00
2011/07/19;8.73;8.73;8.33;8.53;5206083;90870408.00
2011/07/20;8.56;8.67;8.38;8.56;2511326;43975296.00
2011/07/21;8.52;8.58;8.38;8.44;2114224;36754364.00
2011/07/22;8.44;8.52;8.31;8.41;1841275;31861040.00
2011/07/25;8.43;8.43;7.80;7.86;3138201;51768972.00
2011/07/26;7.90;7.99;7.80;7.97;1816127;29590618.00
2011/07/27;7.98;8.35;7.85;8.28;3083044;51857996.00
2011/07/28;8.17;8.44;8.05;8.42;3745643;63861520.00
2011/07/29;8.42;8.45;8.13;8.30;2288599;38993164.00
2011/08/01;8.28;8.71;8.14;8.49;2993222;52403888.00
2011/08/02;8.38;8.63;8.13;8.53;2878484;49631268.00
2011/08/03;8.40;8.78;8.28;8.68;3539892;62727224.00
2011/08/04;8.71;8.72;8.46;8.53;2173859;38201004.00
2011/08/05;8.09;8.45;8.04;8.31;2180750;37019512.00
2011/08/08;8.13;8.23;7.45;7.53;3540248;56039612.00
2011/08/09;7.26;7.62;6.93;7.45;2603786;39337532.00
2011/08/10;7.67;7.76;7.50;7.54;2033926;32061098.00
2011/08/11;7.28;7.68;7.18;7.68;2373082;36797484.00
2011/08/12;7.78;7.97;7.70;7.74;2453787;39484560.00
2011/08/15;7.93;8.53;7.93;8.53;7550962;130803848.00
2011/08/16;8.66;8.73;8.30;8.31;6883647;119493792.00
2011/08/17;8.28;9.05;8.24;8.73;7876962;140699104.00
2011/08/18;8.67;8.84;8.53;8.72;5994525;106691360.00
2011/08/19;8.43;8.75;8.34;8.61;4014078;70692944.00
2011/08/22;8.65;8.90;8.49;8.51;4017381;71660416.00
2011/08/23;8.52;9.15;8.41;9.13;8695716;157769184.00
2011/08/24;9.10;9.20;8.87;8.91;6538723;120531808.00
2011/08/25;8.89;9.02;8.59;8.88;5064505;91322064.00
2011/08/26;8.85;9.22;8.73;8.98;5847807;107812704.00
2011/08/30;8.93;9.02;8.53;8.55;4992532;90127424.00
2011/08/31;8.59;8.65;8.28;8.35;2780128;48095044.00
2011/09/01;8.39;8.53;8.21;8.26;2668147;45941364.00
2011/09/02;8.25;8.42;8.19;8.29;2680421;45718904.00
2011/09/05;8.33;8.52;8.23;8.41;4602446;79445544.00
2011/09/06;8.28;8.42;8.03;8.10;3323627;56013912.00
2011/09/07;8.23;8.91;8.21;8.68;6684918;117620024.00
2011/09/08;8.58;8.69;8.39;8.39;5322170;93241976.00
2011/09/09;8.33;8.66;8.33;8.43;3007776;52354432.00
2011/09/13;8.18;8.27;7.87;8.03;3257579;54010980.00
2011/09/14;8.04;8.26;7.96;8.25;2948907;49404620.00
2011/09/15;8.27;8.51;8.18;8.26;3373108;58069248.00
2011/09/16;8.34;8.48;8.23;8.23;2541291;43670232.00
2011/09/19;8.18;8.18;7.87;7.88;2581882;42167448.00
2011/09/20;7.98;8.17;7.94;8.03;2297321;37916532.00
2011/09/21;8.02;8.47;7.98;8.37;3959603;67215200.00
2011/09/22;8.29;8.33;7.98;8.00;3208959;53884916.00
2011/09/23;7.78;8.01;7.73;7.97;1963927;31835760.00
2011/09/26;7.93;8.09;7.81;7.86;1641060;26758514.00
2011/09/27;7.97;8.02;7.57;7.73;2504798;39983952.00
2011/09/28;7.82;7.90;7.48;7.52;1833871;29041338.00
2011/09/29;7.41;7.44;7.03;7.14;2114768;31577232.00
2011/09/30;7.23;7.45;7.13;7.28;1540978;23159644.00
2011/10/10;7.38;7.45;7.29;7.33;1360971;20682576.00
2011/10/11;7.63;7.72;7.20;7.35;1772668;27142420.00
2011/10/12;7.34;7.71;7.19;7.67;2739384;42653624.00
2011/10/13;7.67;8.06;7.63;7.89;3527176;57058260.00
2011/10/14;7.88;7.88;7.69;7.84;2488664;39898256.00
2011/10/17;7.90;8.02;7.77;7.92;3166677;51426988.00
2011/10/18;7.83;7.97;7.53;7.56;2807910;45048612.00
2011/10/19;7.59;7.74;7.53;7.62;1597965;25108558.00
2011/10/20;7.54;7.61;7.27;7.28;2245211;34050784.00
2011/10/21;7.28;7.38;7.05;7.08;1574000;23377272.00
2011/10/24;7.08;7.35;6.90;7.34;1982017;29314910.00
2011/10/25;7.27;7.55;7.25;7.53;2660221;40796192.00
2011/10/26;7.51;7.84;7.40;7.61;3423884;53902020.00
2011/10/27;7.62;7.75;7.48;7.53;2773603;43528160.00
2011/10/28;7.67;7.77;7.58;7.74;3022858;47820020.00
2011/10/31;7.74;8.48;7.74;8.20;8368617;140564512.00
2011/11/01;8.03;8.44;7.98;8.39;8572917;145862416.00
2011/11/02;8.18;8.46;8.07;8.46;6146581;104485656.00
2011/11/03;8.43;8.70;8.33;8.36;8335242;145121008.00
2011/11/04;8.38;8.45;8.23;8.35;4098620;70144360.00
2011/11/07;8.39;8.54;8.29;8.32;3706628;64068540.00
2011/11/08;8.31;8.48;8.23;8.29;4033731;69198616.00
2011/11/09;8.35;8.66;8.23;8.65;6872280;119641792.00
2011/11/10;8.53;8.70;8.34;8.36;7352753;128506416.00
2011/11/11;8.33;8.43;8.13;8.26;4125057;70048120.00
2011/11/14;8.45;9.11;8.45;9.11;13332911;246300576.00
2011/11/15;9.50;9.58;9.10;9.25;20994635;401410560.00
2011/11/16;9.08;9.25;8.63;8.78;11566608;211470368.00
2011/11/17;8.69;8.88;8.64;8.76;7011669;126103144.00
2011/11/18;8.63;8.65;8.31;8.36;5746937;99694136.00
2011/11/21;8.31;8.47;8.23;8.41;4181219;71806888.00
2011/11/22;8.29;8.41;8.13;8.40;3534645;60105024.00
2011/11/23;8.37;8.44;8.22;8.24;3145824;53804924.00
2011/11/24;8.07;8.27;7.95;8.18;3833976;63817796.00
2011/11/25;8.17;8.29;8.04;8.06;2857086;47987976.00
2011/11/28;8.09;8.28;8.07;8.15;2670652;44738664.00
2011/11/29;8.24;8.36;8.16;8.35;3842838;65179628.00
2011/11/30;8.30;8.32;7.50;7.59;6107431;98342160.00
2011/12/01;7.88;8.01;7.74;7.75;4653811;75193208.00
2011/12/02;7.69;7.72;7.44;7.50;2713054;42067484.00
2011/12/05;7.34;7.43;7.13;7.19;2419417;36380168.00
2011/12/06;7.18;7.41;7.16;7.34;2661314;40076496.00
2011/12/07;7.35;7.45;7.28;7.39;1835790;27890092.00
2011/12/08;7.36;7.57;7.20;7.48;2780553;42516596.00
2011/12/09;7.38;7.58;7.35;7.52;2568574;39676044.00
2011/12/12;7.53;7.72;7.48;7.48;2761015;43201024.00
2011/12/13;7.34;7.40;7.08;7.17;2760150;40799696.00
2011/12/14;7.06;7.27;7.06;7.15;1561740;23124986.00
2011/12/15;7.11;7.21;6.95;7.07;2280237;33337408.00
2011/12/16;7.07;7.45;7.04;7.44;2854320;42670392.00
2011/12/19;7.36;7.64;7.25;7.59;4133241;63698608.00
2011/12/20;7.49;7.67;7.41;7.43;2778522;43080732.00
2011/12/21;7.53;7.56;7.10;7.14;2751460;41775508.00
2011/12/22;7.03;7.16;6.71;7.02;3028680;43406460.00
2011/12/23;6.98;7.16;6.93;7.05;2166917;31502718.00
2011/12/26;7.02;7.11;6.83;6.83;2098646;30166956.00
2011/12/27;6.78;6.80;6.46;6.51;2681542;36578696.00
2011/12/28;6.53;6.53;6.07;6.32;2847428;36972144.00
2011/12/29;6.21;6.45;6.19;6.27;1692126;22083726.00
2011/12/30;6.38;6.45;6.31;6.42;2445316;32331592.00
2012/01/04;6.52;6.55;6.06;6.07;2396578;31375606.00
2012/01/05;5.95;6.06;5.63;5.64;2888009;35025456.00
2012/01/06;5.63;5.82;5.38;5.80;2963129;34422024.00
2012/01/09;5.74;6.10;5.63;6.07;3328308;40829464.00
2012/01/10;6.03;6.40;5.99;6.35;3785822;49088416.00
2012/01/11;6.46;6.77;6.33;6.47;4815582;65217984.00
2012/01/12;6.28;6.60;6.28;6.42;3655156;48817628.00
2012/01/13;6.43;6.45;6.01;6.06;4228308;53983964.00
2012/01/16;5.93;5.97;5.66;5.67;1765426;21339848.00
2012/01/17;5.68;6.21;5.67;6.19;3192698;39586812.00
2012/01/18;6.17;6.37;5.91;5.94;3323366;42611460.00
2012/01/19;5.94;6.24;5.86;6.19;2595817;32788430.00
2012/01/20;6.33;6.33;6.10;6.23;2232602;28787126.00
2012/01/30;6.25;6.39;6.14;6.24;2615632;33984372.00
2012/01/31;6.20;6.32;6.07;6.24;1506051;19248996.00
2012/02/01;6.23;6.35;6.15;6.19;1967126;25511472.00
2012/02/02;6.19;6.38;6.19;6.37;2449810;32038316.00
2012/02/03;6.38;6.54;6.31;6.52;3310617;44201336.00
2012/02/06;6.56;6.58;6.44;6.50;2627749;35358708.00
2012/02/07;6.43;6.48;6.28;6.33;2459638;32343556.00
2012/02/08;6.33;6.62;6.26;6.60;4123878;55570460.00
2012/02/09;6.58;6.81;6.53;6.63;4382697;60602604.00
2012/02/10;6.62;6.72;6.55;6.65;2710789;37247720.00
2012/02/13;6.65;6.87;6.56;6.78;3221455;44809300.00
2012/02/14;6.78;6.83;6.68;6.78;2764960;38508580.00
2012/02/15;6.78;6.94;6.74;6.92;3660436;51834108.00
2012/02/16;6.91;6.93;6.71;6.83;3445571;48689352.00
2012/02/17;6.88;7.32;6.88;6.99;6418030;93760056.00
2012/02/20;7.05;7.07;6.93;6.94;3378243;48789520.00
2012/02/21;6.88;7.01;6.76;7.00;3021979;42977708.00
2012/02/22;6.98;7.17;6.97;7.15;4741005;69626752.00
2012/02/23;7.18;7.32;7.10;7.30;4564280;68056256.00
2012/02/24;7.18;7.26;7.09;7.24;6248162;92467872.00
2012/02/27;7.22;7.31;7.17;7.18;5119404;76384968.00
2012/02/28;7.11;7.15;6.87;6.97;4506132;64909736.00
2012/02/29;6.95;7.09;6.88;6.92;2404279;34554500.00
2012/03/01;6.88;7.05;6.87;6.96;2448569;35323500.00
2012/03/02;7.01;7.14;7.01;7.13;3534782;51746924.00
2012/03/05;7.14;7.22;7.09;7.12;3261299;48042804.00
2012/03/06;7.18;7.25;7.05;7.12;4937990;72853104.00
2012/03/07;6.99;7.30;6.95;7.21;5527512;81955400.00
2012/03/08;7.35;7.43;7.26;7.32;6165241;93511816.00
2012/03/09;7.38;7.40;7.24;7.37;4423463;66792860.00
2012/03/12;7.37;7.45;7.28;7.45;4562772;69308392.00
2012/03/13;7.43;7.47;7.28;7.41;3712921;56478740.00
2012/03/14;7.42;7.53;6.89;6.97;6281114;94159776.00
2012/03/15;6.96;7.03;6.73;6.88;3930241;55671624.00
2012/03/16;6.95;7.17;6.78;7.12;3663833;52955404.00
2012/03/19;7.11;7.38;7.01;7.33;3975492;59086080.00
2012/03/20;7.35;7.47;7.19;7.22;5511355;83264008.00
2012/03/21;7.31;7.96;7.08;7.79;10505187;162951024.00
2012/03/22;7.65;7.75;7.51;7.66;6075878;95493688.00
2012/03/23;7.62;7.83;7.43;7.45;5480327;86002392.00
2012/03/26;7.37;7.67;7.36;7.61;3572490;55549724.00
2012/03/27;7.75;7.75;7.36;7.38;4375945;68001328.00
2012/03/28;7.28;7.28;6.81;6.85;4379860;63082544.00
2012/03/29;6.80;6.90;6.62;6.86;3063415;43056060.00
2012/03/30;6.85;6.95;6.73;6.88;2395566;33971772.00
2012/04/05;6.90;7.11;6.80;7.08;2782245;40100416.00
2012/04/06;7.08;7.21;6.90;7.07;3183272;46498616.00
2012/04/09;6.95;7.05;6.84;6.92;2138018;30680146.00
2012/04/10;6.87;6.95;6.57;6.93;2513089;35133580.00
2012/04/11;6.83;6.98;6.77;6.94;1969874;28059014.00
2012/04/12;6.99;7.11;6.88;7.09;3152073;45674100.00
2012/04/13;7.12;7.33;7.00;7.20;4124636;60925980.00
2012/04/16;7.15;7.20;7.04;7.11;2699414;39730096.00
2012/04/17;7.11;7.28;7.09;7.11;2592246;38327284.00
2012/04/18;7.16;7.44;7.11;7.41;4459904;67096776.00
2012/04/19;7.67;7.71;7.19;7.23;7714294;118245552.00
2012/04/23;7.07;7.10;6.61;6.65;6981437;98193784.00
2012/04/24;6.55;7.09;6.43;6.85;6153354;85564288.00
2012/04/25;6.73;6.81;6.54;6.71;3297549;45510408.00
2012/04/26;6.78;6.78;6.63;6.65;1930882;26655856.00
2012/04/27;6.70;6.76;6.63;6.67;1816595;25180602.00
2012/05/02;6.78;6.90;6.68;6.80;3013459;42260228.00
2012/05/03;6.76;6.82;6.72;6.78;1896653;26536262.00
2012/05/04;6.77;6.87;6.74;6.86;2583805;36439732.00
2012/05/07;6.80;7.07;6.78;7.03;3834645;55259668.00
2012/05/08;7.01;7.02;6.87;6.94;2617234;37464168.00
2012/05/09;6.87;6.90;6.74;6.74;2227264;31303438.00
2012/05/10;6.71;7.00;6.71;6.90;2970249;42288408.00
2012/05/11;6.84;6.98;6.79;6.87;2250676;31953066.00
2012/05/14;6.94;6.96;6.77;6.78;1850173;26273618.00
2012/05/15;6.69;6.75;6.57;6.69;2008225;27490506.00
2012/05/16;6.69;6.69;6.59;6.59;1050693;14386669.00
2012/05/17;6.59;6.76;6.59;6.71;1354306;18717952.00
2012/05/18;6.63;7.00;6.62;6.69;2930868;41383048.00
2012/05/21;6.63;6.78;6.62;6.67;1559103;21520830.00
2012/05/22;6.76;6.82;6.71;6.79;1382489;19171188.00
2012/05/23;6.77;6.81;6.63;6.69;1301209;17887924.00
2012/05/24;6.65;6.83;6.64;6.74;1536711;21239920.00
2012/05/25;6.68;6.75;6.57;6.58;1636154;22287566.00
2012/05/28;6.60;6.61;6.33;6.56;1440674;19098116.00
2012/05/29;6.56;6.77;6.50;6.71;2561682;35195280.00
2012/05/30;6.66;6.81;6.65;6.75;1819188;25209966.00
2012/05/31;6.76;7.02;6.70;6.90;4732506;67023784.00
2012/06/01;6.90;6.97;6.81;6.86;2693918;38029780.00
2012/06/04;6.73;7.27;6.55;6.78;7065852;99463616.00
2012/06/05;6.77;6.80;6.58;6.63;2871271;39308556.00
2012/06/06;6.63;6.80;6.59;6.66;1405904;19312854.00
2012/06/07;6.74;6.78;6.57;6.61;2148531;29432188.00
2012/06/08;6.72;7.08;6.64;6.83;5963333;84218760.00
2012/06/11;6.69;6.95;6.64;6.95;4632350;64592724.00
2012/06/12;6.87;7.00;6.84;6.90;3447211;48889032.00
2012/06/13;6.93;6.98;6.79;6.97;3254434;46069328.00
2012/06/14;6.94;7.05;6.85;6.86;3361115;47999028.00
2012/06/15;6.85;6.96;6.78;6.92;2495728;35184912.00
2012/06/19;6.68;6.77;6.48;6.61;6421980;86876328.00
2012/06/20;6.59;6.62;6.55;6.60;2345937;31686658.00
2012/06/21;6.60;6.63;6.50;6.52;2303299;30989726.00
2012/06/25;6.51;6.53;6.28;6.45;3178761;41909184.00
2012/06/26;6.42;6.47;6.28;6.44;1391247;18214732.00
2012/06/27;6.44;6.52;6.39;6.41;1451876;19273596.00
2012/06/28;6.40;6.45;6.29;6.29;1089401;14243672.00
2012/06/29;6.29;6.30;6.03;6.26;2372310;30156444.00
2012/07/02;6.32;6.37;6.28;6.31;1846449;23951566.00
2012/07/03;6.31;6.39;6.18;6.19;1846369;23832258.00
2012/07/04;6.26;6.26;6.05;6.07;2621525;33035814.00
2012/07/05;6.05;6.05;5.87;5.88;2298331;28007486.00
2012/07/06;5.92;5.99;5.75;5.99;2113926;25582758.00
2012/07/09;5.92;5.98;5.86;5.86;1597022;19450676.00
2012/07/10;5.93;6.00;5.84;5.90;1657329;20180944.00
2012/07/11;5.90;5.91;5.78;5.90;1463773;17644296.00
2012/07/12;5.87;6.05;5.78;6.00;2309890;28315174.00
2012/07/13;5.98;6.01;5.88;5.93;1420942;17361418.00
2012/07/16;5.87;5.91;5.57;5.57;2123487;24881658.00
2012/07/17;5.53;5.61;5.50;5.57;948219;10868108.00
2012/07/18;5.53;5.71;5.53;5.67;1216779;14120529.00
2012/07/19;5.64;5.82;5.64;5.75;1787759;21167832.00
2012/07/20;5.72;5.79;5.67;5.73;1171582;13790797.00
2012/07/23;5.62;5.72;5.58;5.66;743515;8653014.00
2012/07/24;5.63;5.88;5.58;5.80;1571660;18679352.00
2012/07/25;5.79;5.83;5.71;5.73;972510;11567398.00
2012/07/26;5.71;5.82;5.68;5.70;947835;11219625.00
2012/07/27;5.73;5.77;5.64;5.66;751563;8828474.00
2012/07/30;5.68;5.72;5.50;5.56;990260;11379869.00
2012/07/31;5.55;5.65;5.43;5.61;1264334;14400169.00
2012/08/01;5.82;6.12;5.78;5.86;4068609;49574532.00
2012/08/02;5.82;5.82;5.68;5.73;2019110;23866252.00
2012/08/03;5.66;5.85;5.66;5.85;1664680;19861246.00
2012/08/06;5.78;6.05;5.78;6.01;2915807;35569488.00
2012/08/07;6.07;6.16;5.96;6.03;2966419;36804280.00
2012/08/08;6.03;6.06;5.92;5.95;1806977;22231638.00
2012/08/09;5.95;6.04;5.90;6.01;2045670;25130640.00
2012/08/10;6.02;6.07;5.93;5.95;1427284;17573204.00
2012/08/13;5.94;5.94;5.73;5.73;1661705;20025012.00
2012/08/14;5.73;5.78;5.62;5.78;1535137;18034932.00
2012/08/15;5.78;5.80;5.68;5.68;795522;9416846.00
2012/08/16;5.70;5.76;5.65;5.67;637937;7493169.00
2012/08/17;5.67;5.75;5.64;5.74;764199;8979196.00
2012/08/20;5.70;5.79;5.63;5.77;939153;11037015.00
2012/08/21;5.77;5.91;5.77;5.88;1881576;22694126.00
2012/08/22;5.89;5.93;5.77;5.79;1582732;19067276.00
2012/08/23;5.73;5.89;5.73;5.88;1553026;18635652.00
2012/08/24;5.85;5.85;5.72;5.78;1434601;17090302.00
2012/08/27;5.77;5.77;5.56;5.56;1608381;18601238.00
2012/08/28;5.56;5.65;5.53;5.61;752855;8681332.00
2012/08/29;5.55;5.68;5.55;5.60;865550;10058453.00
2012/08/30;5.61;5.71;5.37;5.51;1590426;18145912.00
2012/08/31;5.47;5.53;5.39;5.44;837169;9419569.00
2012/09/03;5.47;5.58;5.44;5.55;885860;10076658.00
2012/09/04;5.56;5.66;5.53;5.57;1310238;15131052.00
2012/09/05;5.57;5.66;5.48;5.61;1221611;14083721.00
2012/09/06;5.63;6.19;5.58;6.03;10667200;133745952.00
2012/09/07;5.95;6.18;5.89;6.13;9456200;117319504.00
2012/09/10;6.03;6.15;6.00;6.09;4144630;51881156.00
2012/09/11;6.10;6.18;6.01;6.06;3355441;42040408.00
2012/09/12;6.08;6.14;5.96;6.08;2903117;36101308.00
2012/09/13;6.05;6.11;5.93;5.93;2031163;25185270.00
2012/09/14;6.01;6.06;5.93;5.97;1782753;22019990.00
2012/09/17;5.96;6.10;5.78;5.78;2499591;30647072.00
2012/09/18;5.73;5.80;5.59;5.65;1969889;23056662.00
2012/09/19;5.68;5.75;5.63;5.71;1186070;13881856.00
2012/09/20;5.71;5.76;5.45;5.49;2069963;23636386.00
2012/09/21;5.48;5.57;5.42;5.45;1077630;12190532.00
2012/09/24;5.43;5.55;5.37;5.52;1247768;14022641.00
2012/09/25;5.48;5.51;5.28;5.29;1604402;17797900.00
2012/09/26;5.32;5.34;5.11;5.12;1523434;16285246.00
2012/09/27;5.15;5.29;5.12;5.23;1576250;16986338.00
2012/09/28;5.22;5.34;5.19;5.34;1409713;15374549.00
2012/10/08;5.38;5.38;5.22;5.25;1129265;12288080.00
2012/10/09;5.30;5.47;5.26;5.45;1928679;21482878.00
2012/10/10;5.41;5.59;5.39;5.52;1974826;22394062.00
2012/10/11;5.49;5.52;5.36;5.38;1368317;15345259.00
2012/10/12;5.42;5.45;5.28;5.36;980078;10851596.00
2012/10/15;5.43;5.50;5.34;5.41;1207512;13487562.00
2012/10/16;5.38;5.46;5.35;5.37;1064051;11873293.00
2012/10/17;5.41;5.65;5.38;5.51;3385096;38698756.00
2012/10/18;5.64;5.72;5.54;5.56;3821653;44290148.00
2012/10/19;5.58;5.58;5.48;5.50;1843429;20957240.00
2012/10/22;5.45;5.51;5.41;5.51;1360602;15311414.00
2012/10/23;5.51;5.55;5.44;5.46;1198310;13601087.00
2012/10/24;5.41;5.44;5.34;5.38;1279109;14194705.00
2012/10/25;5.39;5.43;5.33;5.38;1003310;11136441.00
2012/10/26;5.41;5.50;5.25;5.28;1671470;18634914.00
2012/10/29;5.13;5.30;5.11;5.21;708039;7623717.50
2012/10/30;5.22;5.27;5.15;5.18;727895;7825704.50
2012/10/31;5.23;5.27;5.14;5.26;722842;7773883.50
2012/11/01;5.26;5.43;5.21;5.40;1289774;14275040.00
2012/11/02;5.41;5.42;5.34;5.39;713649;7921435.50
2012/11/05;5.37;5.40;5.30;5.35;749485;8261501.50
2012/11/06;5.33;5.36;5.21;5.28;709839;7712161.50
2012/11/07;5.26;5.36;5.23;5.34;696828;7637109.50
2012/11/08;5.34;5.34;5.15;5.15;835037;9042392.00
2012/11/09;5.08;5.18;5.07;5.10;657739;6961334.00
2012/11/12;5.10;5.21;5.10;5.17;466913;4980634.50
2012/11/13;5.17;5.18;5.05;5.05;596241;6282457.50
2012/11/14;5.18;5.32;5.10;5.14;1465803;15773265.00
2012/11/15;4.98;5.05;4.92;4.93;1273608;13090372.00
2012/11/16;4.93;4.94;4.82;4.86;842885;8475737.00
2012/11/19;4.86;4.92;4.79;4.91;455833;4584621.50
2012/11/20;4.94;4.95;4.86;4.87;512493;5203010.50
2012/11/21;4.87;5.17;4.84;5.03;912775;9360707.00
2012/11/22;4.99;4.99;4.90;4.94;557472;5702768.50
2012/11/23;4.93;5.02;4.92;4.96;646427;6672481.50
2012/11/26;5.03;5.05;4.91;4.91;636810;6585700.00
2012/11/27;4.86;4.88;4.68;4.68;900320;8889802.00
2012/11/28;4.63;4.65;4.50;4.53;548186;5212118.50
2012/11/29;4.61;4.63;4.46;4.48;390810;3688234.25
2012/11/30;4.49;4.61;4.48;4.51;631652;5924826.00
2012/12/03;4.51;4.54;4.29;4.31;645462;5927396.50
2012/12/04;4.31;4.38;4.18;4.36;708413;6272390.00
2012/12/05;4.33;4.59;4.29;4.56;1348226;12621748.00
2012/12/06;4.53;4.59;4.48;4.50;753902;7099112.00
2012/12/07;4.54;4.70;4.49;4.65;1843401;17671864.00
2012/12/10;4.63;4.76;4.60;4.73;1582824;15418371.00
2012/12/11;4.72;4.77;4.66;4.67;1442323;14092307.00
2012/12/12;4.66;4.73;4.53;4.67;1331065;12762351.00
2012/12/13;4.67;4.68;4.58;4.59;907560;8696507.00
2012/12/14;4.57;4.83;4.57;4.82;2671595;26313882.00
2012/12/17;4.82;4.91;4.77;4.84;1981269;19822540.00
2012/12/18;4.84;4.95;4.79;4.81;1737606;17476640.00
2012/12/19;4.80;4.94;4.80;4.89;1786643;18042358.00
2012/12/20;4.89;5.07;4.82;5.07;3461295;35442432.00
2012/12/21;4.98;5.07;4.90;4.98;3650985;37551468.00
2012/12/24;4.93;5.01;4.93;4.96;1512733;15535983.00
2012/12/25;5.13;5.29;5.07;5.10;4170496;44345232.00
2012/12/26;5.06;5.26;5.06;5.24;3773582;40128056.00
2012/12/27;5.23;5.23;5.09;5.09;2895623;30810438.00
2012/12/28;5.06;5.15;5.03;5.15;2006653;21156792.00
2012/12/31;5.15;5.24;5.08;5.21;2377899;25398010.00
2013/01/04;5.32;5.72;5.32;5.47;9558775;109135496.00
2013/01/07;5.38;5.71;5.33;5.67;6744675;77806424.00
2013/01/08;5.62;5.95;5.58;5.84;6370579;76140312.00
2013/01/09;5.80;5.92;5.73;5.90;4114925;49326104.00
2013/01/10;5.87;5.87;5.73;5.78;2882268;34339372.00
2013/01/11;5.75;5.86;5.59;5.60;2795393;32891196.00
2013/01/14;5.55;5.82;5.54;5.76;3710983;43709808.00
2013/01/15;5.79;6.10;5.73;5.93;5273780;64933656.00
2013/01/16;5.90;6.02;5.84;5.98;3401444;41530232.00
2013/01/17;5.95;5.97;5.84;5.86;2131979;25863716.00
2013/01/18;5.84;6.24;5.84;6.19;4859807;60916580.00
2013/01/21;6.18;6.37;6.08;6.20;3438971;43945776.00
2013/01/22;6.19;6.19;5.89;5.97;2858747;35376408.00
2013/01/23;5.93;5.94;5.70;5.83;2343734;28074676.00
2013/01/24;5.83;6.08;5.70;5.87;4009118;48846240.00
2013/01/25;5.85;6.03;5.72;5.92;2844198;34231864.00
2013/01/28;5.82;5.96;5.78;5.82;4841703;58333744.00
2013/01/29;5.84;5.88;5.59;5.79;5321490;62756936.00
2013/01/30;5.88;5.93;5.80;5.85;3897930;47079648.00
2013/01/31;5.90;5.91;5.73;5.79;1640522;19594806.00
2013/02/01;5.77;5.84;5.69;5.80;1378457;16434686.00
2013/02/04;5.87;5.93;5.78;5.79;2932964;35296176.00
2013/02/05;5.74;5.83;5.67;5.80;1796818;21268988.00
2013/02/06;5.80;6.00;5.78;5.93;3033688;36847576.00
2013/02/07;5.92;5.96;5.85;5.95;2610091;31805482.00
2013/02/08;5.92;6.10;5.92;6.06;3032507;37762832.00
2013/02/18;6.10;6.17;5.95;6.07;2328380;28980188.00
2013/02/19;6.09;6.10;5.87;5.90;2048487;25018860.00
2013/02/20;5.90;6.12;5.88;6.12;3793442;47246440.00
2013/02/21;6.12;6.12;5.85;5.93;3430454;42180284.00
2013/02/22;5.87;6.29;5.79;6.24;5492058;68325656.00
2013/02/25;6.19;6.46;6.11;6.33;6071575;78565920.00
2013/02/26;6.32;6.40;6.23;6.25;3418743;44252956.00
2013/02/27;6.26;6.34;6.01;6.07;2804383;35257548.00
2013/02/28;6.14;6.69;6.11;6.57;12721188;170628592.00
2013/03/01;6.55;6.76;6.48;6.66;9414419;128388888.00
2013/03/04;6.68;6.92;6.47;6.57;7670010;105695560.00
2013/03/05;6.51;6.99;6.51;6.93;6469605;90458376.00
2013/03/06;6.92;7.12;6.83;7.02;5300293;75451896.00
2013/03/07;7.02;7.02;6.63;6.82;5030272;70470168.00
2013/03/08;6.82;6.95;6.70;6.75;2603331;36360776.00
2013/03/11;6.80;6.83;6.66;6.81;1776997;24619530.00
2013/03/12;6.78;6.84;6.34;6.45;4069327;54546228.00
2013/03/13;6.43;6.62;6.27;6.49;2810037;37227400.00
2013/03/14;6.53;6.92;6.53;6.82;6012891;83322360.00
2013/03/15;6.81;6.92;6.66;6.78;4195770;58385404.00
2013/03/18;6.67;6.81;6.58;6.61;2776243;38015448.00
2013/03/19;6.58;6.62;6.34;6.53;2811431;37322560.00
2013/03/20;6.53;6.91;6.50;6.89;4663582;64563456.00
2013/03/21;6.90;7.17;6.83;6.89;6474270;92718576.00
2013/03/22;6.89;7.11;6.83;6.98;5231029;74897472.00
2013/03/25;7.01;7.18;6.94;7.04;4113596;59647140.00
2013/03/26;6.99;7.24;6.83;7.18;4291964;61807820.00
2013/03/27;7.14;7.43;7.08;7.36;7075593;105090424.00
2013/03/28;7.26;7.27;6.96;7.07;5358525;78500472.00
2013/03/29;7.04;7.15;6.98;7.02;2553800;36917760.00
2013/04/01;6.96;7.26;6.96;7.11;2380569;34724596.00
2013/04/02;7.08;7.18;6.72;6.74;4269527;60421564.00
2013/04/03;6.73;6.79;6.47;6.52;3601462;48570856.00
2013/04/08;6.33;6.85;6.33;6.76;3136081;42581124.00
2013/04/09;6.76;6.92;6.73;6.82;3264846;45642432.00
2013/04/10;6.83;6.98;6.68;6.83;2770223;38769296.00
2013/04/11;6.92;7.03;6.83;6.89;2431868;34512096.00
2013/04/12;6.83;6.85;6.63;6.63;2053657;28428362.00
2013/04/15;6.58;6.62;6.43;6.55;1431115;19174840.00
2013/04/16;6.46;6.81;6.46;6.81;2300100;31461044.00
2013/04/17;6.85;7.00;6.71;6.99;3618526;50890064.00
2013/04/18;6.93;7.26;6.90;7.16;5332465;77487864.00
2013/04/19;7.19;7.34;7.15;7.26;4150123;61413480.00
2013/04/22;7.25;7.42;7.16;7.32;4382002;65237092.00
2013/04/23;7.35;7.44;7.13;7.28;6308240;93711208.00
2013/04/24;7.18;7.78;7.08;7.72;9178076;140149792.00
2013/04/25;7.67;8.05;7.38;7.42;9404088;148015664.00
2013/04/26;7.47;7.82;7.38;7.38;5349473;82295432.00
2013/05/02;7.33;8.11;7.29;8.00;6519912;103404960.00
2013/05/03;8.01;8.79;8.01;8.62;12682251;218849456.00
2013/05/06;8.58;9.22;8.53;9.03;13064322;234821408.00
2013/05/07;8.97;9.07;8.72;8.90;6345697;114316712.00
2013/05/08;8.90;9.24;8.73;9.23;6678955;122026016.00
2013/05/09;9.20;9.78;8.94;9.34;10975689;209484480.00
2013/05/10;9.22;9.36;8.88;9.04;7022031;129846088.00
2013/05/13;8.92;9.16;8.76;9.15;4351089;78620440.00
2013/05/14;9.08;9.40;8.93;9.36;5105916;94975056.00
2013/05/15;9.38;9.96;9.18;9.90;7735401;151970992.00
2013/05/16;9.78;10.86;9.77;10.12;12180802;252235344.00
2013/05/17;9.88;10.50;9.88;10.29;6330169;131953432.00
2013/05/20;10.18;10.52;10.07;10.33;4531461;94486480.00
2013/05/21;10.18;10.32;9.84;10.17;5713826;116136040.00
2013/05/22;10.14;10.14;9.36;9.54;8167779;159641184.00
2013/05/23;9.52;9.95;9.36;9.59;5243134;102749528.00
2013/05/24;9.55;9.97;9.55;9.87;4222248;84334552.00
2013/05/27;9.80;10.11;9.75;9.79;4762102;96027784.00
2013/05/28;9.75;9.79;8.83;9.28;8082771;150076720.00
2013/05/29;9.26;10.22;9.13;10.22;6124844;121334824.00
2013/05/30;10.38;10.98;10.37;10.73;11466629;247336112.00
2013/05/31;10.88;11.68;10.78;11.46;11875825;267527616.00
2013/06/03;11.48;11.63;10.83;11.15;7193690;163968160.00
2013/06/04;10.99;12.03;10.94;11.88;7884291;184929376.00
2013/06/05;11.92;13.08;11.53;12.82;11247830;289616672.00
2013/06/06;12.53;13.51;12.28;12.82;7925556;207582160.00
2013/06/07;12.59;13.24;11.79;12.94;10828702;275689792.00
2013/06/13;12.47;13.50;11.88;13.03;9026581;232926240.00
2013/06/14;12.92;13.28;12.28;12.94;9373311;242562032.00
2013/06/17;12.78;13.10;12.33;12.54;7459141;190670576.00
2013/06/18;12.48;13.04;12.08;12.39;7106401;179761424.00
2013/06/19;12.26;12.71;12.17;12.54;4453302;112101112.00
2013/06/20;12.18;12.53;11.94;11.98;4702377;115536344.00
2013/06/21;11.68;12.06;11.48;11.85;4291775;102340920.00
2013/06/24;11.91;11.98;10.66;10.74;5757283;130551344.00
2013/06/25;10.71;11.00;9.82;10.86;6042347;129745376.00
2013/06/26;11.19;11.65;11.19;11.58;7680008;177593792.00
2013/06/27;11.63;12.55;11.57;12.01;8762515;214026352.00
2013/06/28;11.88;12.33;11.53;11.68;4790320;115289112.00
2013/07/01;11.46;12.86;11.46;12.86;7724629;194902112.00
2013/07/02;13.28;14.16;13.08;14.16;11723734;322553120.00
2013/07/03;14.07;15.08;13.77;14.72;10083325;290480000.00
2013/07/04;14.54;15.81;14.21;14.43;12097456;364070784.00
2013/07/05;14.45;14.66;13.38;13.39;9786716;276315872.00
2013/07/08;13.16;14.28;12.93;13.93;9905463;272863776.00
2013/07/09;13.63;13.98;13.30;13.68;6145259;169263504.00
2013/07/10;14.13;14.43;13.76;14.28;7898067;225888000.00
2013/07/11;14.12;14.93;13.95;14.81;7308768;214999232.00
2013/07/12;14.77;15.16;14.43;14.48;5092277;152282032.00
2013/07/15;14.63;15.15;14.60;14.89;4037569;120679728.00
2013/07/16;15.07;16.30;14.90;15.92;6452163;202999968.00
2013/07/17;16.06;16.33;15.13;15.67;5674408;178939984.00
2013/07/18;15.54;15.97;15.13;15.34;4523250;141861136.00
2013/07/19;15.32;15.62;14.73;14.79;5335569;162760976.00
2013/07/22;14.70;15.36;14.43;15.13;4231451;128164848.00
2013/07/23;15.18;15.75;15.06;15.68;4729952;147161344.00
2013/07/24;15.73;15.73;15.07;15.43;4480842;138641040.00
2013/07/25;15.30;15.55;14.03;14.21;5499660;161788080.00
2013/07/26;14.26;14.58;13.68;14.03;4672548;132638656.00
2013/07/29;13.89;14.16;13.28;13.35;5912836;162230080.00
2013/07/30;13.73;14.25;13.34;13.91;7747063;214208272.00
2013/07/31;13.91;14.57;13.43;14.44;8490644;242735824.00
2013/08/01;14.36;15.12;14.23;14.83;4677028;139295488.00
2013/08/02;14.83;14.93;14.60;14.67;3537600;105499768.00
2013/08/05;14.68;14.96;14.64;14.87;2764113;82632352.00
2013/08/06;14.82;14.82;14.27;14.34;7302325;212266944.00
2013/08/07;14.19;14.33;13.50;13.80;6220976;173243328.00
2013/08/08;13.79;14.08;13.65;13.83;3241893;91222648.00
2013/08/09;14.01;14.05;13.51;13.94;3955183;109760240.00
2013/08/12;13.82;14.13;13.73;13.92;3344590;93820616.00
2013/08/13;13.92;15.33;13.88;14.97;9632097;289179360.00
2013/08/14;14.97;15.03;14.38;14.68;4482236;132767984.00
2013/08/15;14.72;14.72;14.33;14.38;3498872;102382048.00
2013/08/16;14.32;14.75;14.07;14.22;4136439;121225096.00
2013/08/19;14.33;15.38;14.23;15.33;7055653;211456816.00
2013/08/20;15.38;16.06;15.18;15.72;6728709;214193248.00
2013/08/21;15.74;16.10;15.48;16.03;4076097;130265472.00
2013/08/22;16.04;17.47;15.70;17.17;5219151;175343792.00
2013/08/23;16.98;18.02;16.66;17.88;6450721;225086992.00
2013/08/26;17.69;19.12;17.63;18.17;5410506;200155280.00
2013/08/27;17.88;18.88;17.28;18.67;4611529;168456800.00
2013/08/28;18.38;19.72;18.13;19.18;5140743;197929712.00
2013/08/29;18.88;19.35;18.26;18.38;3012594;113479096.00
2013/08/30;18.09;18.38;17.37;17.42;3026290;108293168.00
2013/09/02;17.38;18.07;17.28;17.42;2242264;79952784.00
2013/09/03;17.48;19.18;17.42;19.18;3951074;148197120.00
2013/09/04;19.18;19.48;18.34;18.78;4035871;152408592.00
2013/09/05;18.63;19.38;18.41;18.84;3279017;124031040.00
2013/09/06;18.82;19.73;18.48;19.36;4603994;177701904.00
2013/09/09;19.14;19.45;18.64;19.23;2665335;101581120.00
2013/09/10;19.21;19.21;17.73;18.22;3813978;140113712.00
2013/09/11;18.20;18.21;16.73;17.91;3317273;117013784.00
2013/09/12;17.66;18.17;17.19;17.41;2123053;75202672.00
2013/09/13;17.24;18.70;17.14;18.22;2957033;108122784.00
2013/09/16;18.18;18.83;17.98;18.22;2442444;90678040.00
2013/09/17;17.93;18.37;17.53;17.75;1513842;54482060.00
2013/09/18;18.08;18.57;17.71;17.83;1976542;71923776.00
2013/09/23;17.83;18.50;17.37;18.36;3047959;110011152.00
2013/09/24;18.28;18.99;18.18;18.77;3108424;116936216.00
2013/09/25;18.65;18.85;17.88;18.19;2489146;91936328.00
2013/09/26;18.04;18.37;17.38;17.39;1793351;64419720.00
2013/09/27;17.41;17.68;17.39;17.43;1168625;41199168.00
2013/09/30;17.52;18.77;17.46;18.62;3064047;112783360.00
2013/10/08;18.41;18.42;17.73;18.28;2119950;77537624.00
2013/10/09;18.29;19.10;18.23;18.88;2261687;85657592.00
2013/10/10;19.68;20.78;19.27;20.68;7733381;316910432.00
2013/10/11;20.53;21.38;20.01;20.92;4568456;191530880.00
2013/10/14;20.88;20.92;19.57;20.57;4320879;175596208.00
2013/10/15;20.26;20.47;19.68;19.83;2163099;86907232.00
2013/10/16;19.80;19.80;18.73;19.09;2697636;104192760.00
2013/10/17;19.18;19.58;18.87;18.97;1969780;76104448.00
2013/10/18;19.08;19.36;18.63;19.17;1738910;66354480.00
2013/10/21;18.97;19.97;18.94;19.72;1816387;71616208.00
2013/10/22;19.49;19.88;18.09;18.44;3043547;116159944.00
2013/10/23;18.38;18.42;17.28;18.05;2798027;100103896.00
2013/10/24;18.28;19.86;18.08;18.46;3712998;141574512.00
2013/10/25;18.47;19.12;17.45;19.09;3189976;117318688.00
2013/10/28;18.87;20.62;18.82;20.10;3610299;145154144.00
2013/10/29;19.98;20.25;18.73;19.86;2480135;97118488.00
2013/10/30;19.82;20.03;19.28;19.65;1886439;74919000.00
2013/10/31;19.48;20.17;18.96;19.17;2803971;110721720.00
2013/11/01;18.88;20.02;17.83;19.97;3298888;125222664.00
2013/11/04;19.78;20.58;19.53;19.69;2260371;91277304.00
2013/11/05;19.60;20.30;19.13;20.14;1733999;69475672.00
2013/11/06;19.93;20.62;19.18;19.25;2435162;97353768.00
2013/11/07;18.89;19.47;18.44;18.88;1960298;74461240.00
2013/11/08;18.68;19.03;18.32;18.43;1600941;59800444.00
2013/11/11;18.63;18.73;18.13;18.38;1678298;62356556.00
2013/11/12;18.38;18.71;17.68;18.00;2552551;92593088.00
2013/11/13;18.04;18.32;17.88;18.01;1047296;38139036.00
2013/11/14;18.00;18.78;17.40;18.44;2079011;75642400.00
2013/11/15;18.32;19.12;18.32;18.99;1941266;73800432.00
2013/11/18;18.88;19.37;18.78;19.28;1574886;60536892.00
2013/11/19;19.14;19.52;18.98;19.27;1260146;48958072.00
2013/11/20;19.40;19.40;18.94;19.11;1100956;42333720.00
2013/11/21;19.03;19.03;18.10;18.43;1848053;68964168.00
2013/11/22;18.65;19.23;18.28;18.35;2543323;96143824.00
2013/11/25;18.13;18.43;17.55;18.42;3067523;110502280.00
2013/11/26;18.18;18.32;17.75;18.06;2563108;93232320.00
2013/11/27;18.13;18.63;17.78;18.15;3771575;138766928.00
2013/11/28;18.12;19.81;18.12;19.54;5364339;207483056.00
2013/11/29;19.48;19.82;19.28;19.78;3417315;134744624.00
2013/12/02;17.87;19.32;17.87;18.53;4787245;178377856.00
2013/12/03;18.33;18.98;17.84;18.53;1658421;61207632.00
2013/12/04;18.49;19.17;18.29;18.53;1567672;58993908.00
2013/12/05;18.68;19.13;16.66;16.98;7143136;246390240.00
2013/12/06;16.83;16.92;15.93;16.64;5357010;176466784.00
2013/12/09;16.53;16.87;16.43;16.54;2168551;72675680.00
2013/12/10;16.63;16.96;16.44;16.73;1682909;56483968.00
2013/12/11;16.70;16.81;16.28;16.38;1434612;47856884.00
2013/12/12;16.23;16.87;16.13;16.63;1850971;62204620.00
2013/12/13;16.81;16.93;16.45;16.63;1411452;47512736.00
2013/12/16;16.64;16.68;16.40;16.47;792246;26393586.00
2013/12/17;16.38;16.57;15.96;16.41;1406270;46056456.00
2013/12/18;16.43;16.81;16.23;16.70;1175873;39394812.00
2013/12/19;16.49;16.93;16.49;16.78;1199076;40648732.00
2013/12/20;16.68;16.95;16.08;16.37;1179060;39281896.00
2013/12/23;16.21;16.40;15.63;16.15;998030;32320668.00
2013/12/24;16.17;16.63;16.01;16.28;806000;26609782.00
2013/12/25;16.53;16.97;16.28;16.94;1831821;61648480.00
2013/12/26;17.09;17.09;16.32;16.46;1536183;51339228.00
2013/12/27;16.48;16.70;16.34;16.45;1204740;40036568.00
2013/12/30;16.99;17.35;16.64;17.32;2177140;74852336.00
2013/12/31;17.22;17.51;16.83;17.38;2057102;71237488.00
2014/01/02;17.54;17.54;17.09;17.18;1609913;55895272.00
2014/01/03;17.29;17.98;17.13;17.82;2478588;88467408.00
2014/01/06;17.68;17.88;16.88;17.03;1676607;59137288.00
2014/01/07;17.03;17.74;16.93;17.72;1455987;50978368.00
2014/01/08;17.88;19.51;17.88;19.50;5481890;209452496.00
2014/01/09;19.48;20.00;19.08;19.13;4606359;181547520.00
2014/01/10;19.03;19.92;18.89;19.18;2878590;112704504.00
2014/01/13;19.18;20.45;18.48;20.09;3264219;130769760.00
2014/01/14;20.07;20.43;19.78;20.15;1500527;60917776.00
2014/01/15;20.30;20.88;19.73;20.12;1686084;68846104.00
2014/01/16;20.14;21.07;20.14;20.42;2874578;119765656.00
2014/01/17;20.28;21.17;19.69;20.40;2351966;98269480.00
2014/03/04;22.46;22.46;22.46;22.46;144757;6537226.00
2014/03/05;24.72;24.72;24.48;24.72;7298833;362584384.00
2014/03/06;24.72;24.85;23.78;24.74;8863917;433624288.00
2014/03/07;24.53;25.37;23.27;23.61;6806770;334805408.00
2014/03/10;22.88;22.88;21.98;22.25;3766835;170707168.00
2014/03/11;22.24;22.42;20.01;20.38;8089893;336342176.00
2014/03/12;20.13;20.51;19.19;19.72;5521215;220294896.00
2014/03/13;19.97;20.29;19.68;20.10;4654192;186826144.00
2014/03/14;19.74;20.50;19.38;19.98;4987593;198433296.00
2014/03/17;20.18;21.46;19.94;21.01;4783186;200264096.00
2014/03/18;21.06;21.38;20.83;20.99;3759606;159415088.00
2014/03/19;20.99;21.13;19.63;19.88;6290652;253311776.00
2014/03/20;19.88;19.96;18.82;18.82;5061429;197604704.00
2014/03/21;18.50;18.83;17.43;18.38;6181533;226653072.00
2014/03/24;18.29;18.54;17.78;17.88;4085473;148190208.00
2014/03/25;17.70;18.47;17.48;18.09;3428750;124266400.00
2014/03/26;18.15;18.92;18.01;18.69;4399851;164703936.00
2014/03/27;18.69;18.84;17.89;17.92;2831102;103930344.00
2014/03/28;17.75;17.96;16.63;16.84;4629561;159181296.00
2014/03/31;16.88;17.16;16.54;16.87;2853706;97010944.00
2014/04/01;16.88;17.71;16.88;17.42;2718714;95124512.00
2014/04/02;17.43;17.61;16.63;16.94;3049647;103996840.00
2014/04/03;17.08;17.23;16.27;16.40;9344659;156929056.00
2014/04/04;16.38;16.92;16.19;16.74;9221009;154669536.00
2014/04/08;16.48;16.50;15.54;16.16;12808622;206011184.00
2014/04/09;16.13;17.13;16.08;17.02;19051777;319689120.00
2014/04/10;16.88;18.46;16.73;17.81;24476499;430874880.00
2014/04/11;17.43;17.98;17.27;17.74;14371152;254109712.00
2014/04/14;17.75;17.94;17.30;17.38;10041825;177167552.00
2014/04/15;17.37;17.47;16.58;16.71;12744155;217473520.00
2014/04/16;16.58;17.09;16.41;16.81;8111210;137481136.00
2014/04/17;16.98;17.25;16.78;17.02;7946009;136410848.00
2014/04/18;16.88;17.00;16.54;16.90;7853379;132627832.00
2014/04/21;16.69;16.94;16.29;16.34;8763345;147094352.00
2014/04/22;16.31;16.50;15.55;15.82;9232984;147923200.00
2014/04/23;15.76;15.95;15.27;15.45;7211323;113111000.00
2014/04/24;15.50;15.55;15.08;15.43;6672983;102982840.00
2014/04/25;15.42;15.53;14.91;14.94;5826626;89595384.00
2014/04/28;14.93;14.93;14.01;14.08;8083808;116688200.00
2014/04/29;14.03;14.48;13.95;14.43;4603740;66439196.00
2014/04/30;14.37;14.97;14.37;14.55;5730015;84551088.00
2014/05/05;14.56;15.10;14.49;15.08;5977837;89981152.00
2014/05/06;15.00;15.25;14.97;15.00;6961528;105985992.00
2014/05/07;14.98;14.98;14.55;14.60;5236926;77467760.00
2014/05/08;14.46;14.93;14.34;14.63;4163127;61726296.00
2014/05/09;14.62;14.63;14.12;14.22;4196120;60699468.00
2014/05/12;14.39;15.65;14.39;15.65;10723541;163710688.00
2014/05/13;15.78;15.94;15.23;15.41;8651631;135719440.00
2014/05/14;15.29;15.38;14.91;15.13;6134952;93690944.00
2014/05/15;15.04;15.36;14.78;14.83;5370075;81671120.00
2014/05/16;14.69;14.77;14.20;14.38;6464365;93997128.00
2014/05/19;14.38;14.83;14.08;14.53;4311741;63104740.00
2014/05/20;14.74;15.18;14.58;14.69;7359368;110546304.00
2014/05/21;14.63;15.13;14.28;15.11;7170147;106969144.00
2014/05/22;15.09;15.53;14.87;14.88;9779131;149925600.00
2014/05/23;14.98;15.82;14.90;15.73;12191438;189115536.00
2014/05/26;16.00;16.35;15.72;15.88;15635488;251298288.00
2014/05/27;15.84;15.84;15.49;15.61;7541032;118933904.00
2014/05/28;15.61;16.42;15.58;16.24;14633691;237099712.00
2014/05/29;16.26;16.34;15.68;15.76;9183517;147520752.00
2014/05/30;15.88;16.14;15.68;15.89;5434500;87200336.00
2014/06/03;15.91;16.18;15.63;15.98;6841464;109620232.00
2014/06/04;15.89;15.93;15.46;15.67;5117187;80696696.00
2014/06/05;15.68;16.03;15.59;16.01;6226026;99500648.00
2014/06/06;16.03;16.26;15.61;15.83;7800604;125197624.00
2014/06/09;15.68;15.86;15.48;15.62;5432138;85501552.00
2014/06/10;15.76;16.18;15.45;16.09;9026615;144942784.00
2014/06/11;15.99;16.23;15.89;16.11;7293458;118170688.00
2014/06/12;15.99;16.46;15.74;16.24;10571800;171740592.00
2014/06/13;16.21;17.33;16.10;17.25;16702913;284119200.00
2014/06/16;17.09;17.17;16.78;17.01;11954923;204804176.00
2014/06/17;17.03;17.11;16.68;16.70;8054983;136647136.00
2014/06/18;16.60;16.83;16.42;16.68;5722300;95795432.00
2014/06/19;16.67;16.82;15.38;15.63;8066210;130487152.00
2014/06/20;15.70;15.92;15.48;15.73;7189034;113640104.00
2014/06/23;15.70;16.24;15.68;16.01;10361538;166304592.00
2014/06/24;16.13;16.13;15.21;15.37;18575795;291810528.00
2014/06/25;15.24;15.25;13.82;14.46;26341478;381305216.00
2014/06/26;14.32;14.87;14.18;14.74;13794058;203170272.00
2014/06/27;14.82;16.09;14.82;15.93;28298602;441859968.00
2014/06/30;15.79;15.81;15.39;15.65;15920628;250150048.00
2014/07/01;15.72;16.53;15.71;16.13;18927356;308468832.00
2014/07/02;16.13;16.46;15.69;16.25;14257528;231173744.00
2014/07/03;16.27;17.27;15.93;17.01;27774400;465074688.00
2014/07/04;17.02;18.66;16.76;18.18;40103034;725463040.00
2014/07/07;18.30;18.32;17.42;17.55;25704963;460963840.00
2014/07/08;17.59;19.16;17.59;18.86;30070935;553259136.00
2014/07/09;18.77;19.31;18.28;18.63;26592323;504338368.00
2014/07/10;18.98;19.62;17.68;17.88;26584873;500752960.00
2014/07/11;17.58;18.64;17.40;18.14;15679368;285585568.00
2014/07/14;18.36;19.14;17.90;18.83;21849960;409793248.00
2014/07/15;18.19;18.35;17.36;17.61;26056258;466713312.00
2014/07/16;17.38;17.76;16.68;16.96;14122704;244489456.00
2014/07/17;17.02;17.35;16.73;17.34;9984162;171772912.00
2014/07/18;17.19;17.70;17.09;17.28;12657215;222205056.00
2014/07/21;17.19;17.19;16.35;16.36;15618463;261823648.00
2014/07/22;16.33;18.01;16.21;18.01;34030952;602661696.00
2014/07/23;18.19;18.19;17.47;17.71;19543613;349719456.00
2014/07/24;17.68;17.80;16.38;17.12;16008536;274742144.00
2014/07/25;17.10;17.47;16.87;17.12;11403544;197302112.00
2014/07/28;17.13;17.47;16.79;17.35;13103980;226867120.00
2014/07/29;17.38;18.09;17.20;17.88;20044031;357991168.00
2014/07/30;17.88;18.63;17.64;18.26;23638724;431331232.00
2014/07/31;18.18;18.42;17.88;18.15;14031693;256620672.00
2014/08/01;18.03;18.35;17.47;17.51;13507522;243207200.00
2014/08/04;17.53;17.84;17.38;17.66;7708308;136883744.00
2014/08/05;17.68;18.21;17.46;18.19;14203903;257116752.00
2014/08/06;18.09;18.21;17.78;17.94;11350881;205890496.00
2014/08/07;18.07;18.36;17.88;17.97;13626936;248998224.00
2014/08/08;17.96;18.23;17.90;18.04;8367863;151908688.00
2014/08/11;18.04;18.20;17.88;18.08;12010238;218216288.00
2014/08/12;18.07;18.43;17.96;18.38;15358035;282292320.00
2014/08/13;18.39;18.46;17.77;18.05;12572668;228086560.00
2014/08/14;17.98;18.12;17.54;17.58;11585643;208013120.00
2014/08/15;17.60;17.83;17.60;17.75;7687675;136981536.00
2014/08/18;17.78;18.16;17.77;18.14;11562476;209707936.00
2014/08/19;18.16;18.33;17.98;18.22;13294889;242755536.00
2014/08/20;18.22;18.24;17.89;17.98;10255950;186242528.00
2014/08/21;17.91;18.08;17.60;17.91;9878363;177008368.00
2014/08/22;17.90;18.10;17.72;18.08;10258230;185039504.00
2014/08/25;18.13;18.48;17.97;18.48;21741493;400480384.00
2014/08/26;18.38;18.64;17.78;17.92;14408434;263908192.00
2014/08/27;17.71;18.01;17.68;17.77;7278561;130538192.00
2014/08/28;17.68;17.68;16.89;17.08;12401097;215507488.00
2014/08/29;17.01;17.31;16.98;17.16;6999158;120634824.00
2014/09/01;17.23;17.41;17.13;17.36;7320364;127508472.00
2014/09/02;17.40;17.74;17.36;17.64;9530220;168994096.00
2014/09/03;17.67;17.79;17.40;17.64;12541835;222386224.00
2014/09/04;17.64;18.04;17.50;18.04;15473712;276059456.00
2014/09/05;18.06;18.07;17.68;17.76;13532495;242901760.00
2014/09/09;18.03;18.36;17.92;18.15;20540459;375742816.00
2014/09/10;18.16;18.20;17.93;18.08;12030059;218303760.00
2014/09/11;18.08;18.35;17.82;18.00;17210812;314215168.00
2014/09/12;18.03;18.33;17.94;18.28;14416936;263669328.00
2014/09/15;18.29;18.31;17.98;18.16;11664951;212814768.00
2014/09/16;18.13;18.13;17.36;17.36;15814935;282525312.00
2014/09/17;17.28;17.43;17.07;17.33;7294170;126526768.00
2014/09/18;17.28;17.49;17.15;17.32;5135626;89677864.00
2014/09/19;17.26;17.54;17.26;17.45;4720519;82807360.00
2014/09/22;17.49;17.49;16.94;17.00;6394897;110309312.00
2014/09/23;17.00;17.32;16.98;17.22;4719120;81596368.00
2014/09/24;17.20;17.53;17.03;17.40;6630629;115550816.00
2014/09/25;17.43;17.53;17.22;17.26;7825746;137151520.00
2014/09/26;17.23;17.35;17.05;17.32;7543412;130384648.00
2014/09/29;17.44;17.53;17.33;17.42;7142297;125203544.00
2014/09/30;17.51;17.51;17.39;17.44;6628787;116394400.00
2014/10/08;17.46;17.64;17.27;17.63;8222127;144902160.00
2014/10/09;17.58;19.04;17.55;18.68;34711362;640646656.00
2014/10/10;18.48;18.48;18.08;18.30;16881698;310643808.00
2014/10/13;17.98;17.98;17.30;17.51;18116526;319569024.00
2014/10/14;17.51;17.62;17.30;17.40;9588078;168251152.00
2014/10/15;17.40;17.52;17.29;17.49;6615423;116089160.00
2014/10/16;17.38;17.49;16.98;17.01;9530437;165430528.00
2014/10/17;17.01;17.28;16.90;17.16;7447633;128185624.00
2014/10/20;17.26;17.36;17.11;17.25;4121417;71399616.00
2014/10/21;17.26;17.26;16.93;17.04;4660295;80099952.00
2014/10/22;17.08;17.20;16.68;16.69;4360180;74648640.00
2014/10/23;16.69;16.76;15.98;15.98;8132666;132770032.00
2014/10/24;15.96;16.21;15.91;16.10;5444147;88205232.00
2014/10/27;16.11;16.11;15.74;15.91;4200220;67158472.00
2014/10/28;16.03;16.46;16.02;16.39;5272887;86562000.00
2014/10/29;16.55;16.83;16.22;16.76;8630503;144141872.00
2014/10/30;16.81;16.97;16.64;16.75;8114699;137043680.00
2014/10/31;16.68;16.77;16.06;16.60;8197026;135412320.00
2014/11/03;16.60;16.63;16.44;16.48;5162204;85901568.00
2014/11/04;16.48;16.86;16.41;16.48;7820327;130957840.00
2014/11/05;16.51;17.46;16.47;17.06;14229239;243874544.00
2014/11/06;16.88;17.01;16.59;16.83;6849352;115898448.00
2014/11/07;17.22;17.24;16.62;16.69;8933634;152484240.00
2014/11/10;16.77;16.83;16.39;16.53;6852390;113708232.00
2014/11/11;16.62;16.62;15.74;15.89;7569723;122749808.00
2014/11/12;15.93;16.08;15.89;16.07;3255522;52475564.00
2014/11/13;16.08;16.12;15.39;15.48;6298245;99100968.00
2014/11/14;15.48;16.20;15.48;15.75;5993414;95634472.00
2014/11/17;15.70;15.99;15.39;15.87;4289263;68317952.00
2014/11/18;15.68;15.99;15.68;15.82;3197992;50919948.00
2014/11/19;15.82;16.04;15.68;15.94;4295737;68770864.00
2014/11/20;16.00;16.00;15.76;15.82;3606287;57571884.00
2014/11/21;15.83;15.93;15.74;15.90;3956305;63192392.00
2014/11/24;16.03;16.09;15.81;15.96;5602065;90003768.00
2014/11/25;16.08;16.58;16.03;16.46;9381517;154945760.00
2014/11/26;16.46;16.49;16.18;16.36;7174252;117888312.00
2014/11/27;16.50;17.20;16.46;16.78;16342122;276481888.00
2014/11/28;16.79;17.08;16.48;16.71;11023233;186039952.00
2014/12/01;16.72;16.78;16.20;16.24;7855608;129379496.00
2014/12/02;16.21;16.46;16.10;16.33;5506250;90531376.00
2014/12/03;16.33;16.89;16.01;16.67;13969890;232315824.00
2014/12/04;16.68;16.80;16.55;16.66;10928838;183330032.00
2014/12/05;16.88;17.20;16.18;16.83;17326968;294297248.00
2014/12/08;16.78;16.78;16.26;16.36;11379110;188274896.00
2014/12/09;16.37;16.78;16.08;16.21;12188359;201884656.00
2014/12/10;16.20;16.74;16.00;16.55;9138550;151599216.00
2014/12/11;16.53;16.74;16.36;16.58;8369352;139541808.00
2014/12/12;16.68;17.38;16.44;17.26;20357369;347439072.00
2014/12/15;16.98;17.38;16.88;17.14;14224147;245558400.00
2014/12/16;17.11;17.27;16.73;16.98;11229619;192142864.00
2014/12/17;16.99;17.02;16.42;16.56;7508348;125765288.00
2014/12/18;16.60;16.72;16.38;16.39;5876052;97771776.00
2014/12/30;14.74;14.74;14.74;14.74;2372200;35250892.00
2014/12/31;13.26;14.13;13.25;13.76;13384504;184359312.00
2015/01/05;13.56;13.58;12.74;13.26;12574284;166504288.00
2015/01/06;13.12;13.87;12.96;13.77;9861075;134376976.00
2015/01/07;13.83;14.01;13.51;13.63;6433733;88894344.00
2015/01/08;13.73;13.84;13.58;13.68;5709798;78967992.00
2015/01/09;13.68;13.98;13.63;13.70;6595254;92016016.00
2015/01/12;13.68;14.26;13.60;14.04;7502595;105950400.00
2015/01/13;13.98;14.13;13.84;14.03;5766473;81350144.00
2015/01/14;14.13;14.21;13.86;13.91;5032487;71302192.00
2015/01/15;14.03;14.06;13.58;13.74;5491777;76113640.00
2015/01/16;13.73;13.88;13.60;13.81;5148547;71474856.00
2015/01/19;13.62;14.11;13.20;13.51;7815195;108218240.00
2015/01/20;13.49;14.14;13.49;14.07;9358215;130917360.00
2015/01/21;14.13;14.37;13.98;14.26;11122146;159301936.00
2015/01/22;14.26;14.44;14.12;14.40;9496021;136663984.00
2015/01/23;14.43;14.47;14.21;14.28;6331079;91276864.00
2015/01/26;14.29;14.68;14.24;14.64;7786641;113440720.00
2015/01/27;14.51;14.89;14.29;14.71;9286002;136445552.00
2015/01/28;14.88;15.31;14.77;14.80;11228112;169710832.00
2015/01/29;14.66;14.73;14.48;14.49;5401679;79534600.00
2015/01/30;14.45;14.58;14.11;14.12;4754002;68627792.00
2015/02/02;14.08;14.21;13.93;14.05;4056985;57506176.00
2015/02/03;14.09;14.32;13.98;14.28;3864011;55445704.00
2015/02/04;14.30;14.37;14.19;14.21;3580842;51585136.00
2015/02/05;14.29;14.48;14.20;14.22;5616579;81103496.00
2015/02/06;14.22;14.39;13.68;13.74;4464094;63054632.00
2015/02/09;13.67;13.87;13.57;13.58;2962989;40928444.00
2015/02/10;13.61;13.88;13.52;13.88;3240360;44630648.00
2015/02/11;13.86;14.03;13.84;13.93;3051236;42827500.00
2015/02/12;13.98;14.16;13.88;14.01;3448107;48872272.00
2015/02/13;14.12;14.43;14.01;14.25;5370236;77214456.00
2015/02/16;14.25;15.18;14.18;15.03;14285730;212624192.00
2015/02/17;14.89;15.83;14.82;15.47;21434762;333765344.00
2015/02/25;15.58;15.64;15.04;15.10;9545017;146640160.00
2015/02/26;15.08;16.04;15.00;15.53;14471781;226959904.00
2015/02/27;15.55;15.66;15.29;15.58;9950406;155403008.00
2015/03/02;15.64;16.07;15.58;15.88;13222413;211329840.00
2015/03/03;15.88;16.02;15.58;15.64;13966228;221659552.00
2015/03/04;15.49;15.73;15.49;15.65;10435736;164187376.00
2015/03/05;15.66;16.65;15.60;16.51;23634925;384301280.00
2015/03/06;16.48;16.48;15.76;15.78;14713605;237270160.00
2015/03/09;15.64;15.74;15.16;15.67;6630796;104065032.00
2015/03/10;15.62;16.02;15.60;15.78;6842446;109025592.00
2015/03/11;15.77;15.77;15.39;15.44;7532457;118117392.00
2015/03/12;15.43;15.86;15.25;15.86;8615444;135411312.00
2015/03/13;15.80;16.57;15.80;16.36;17844874;291566784.00
2015/03/16;16.57;17.02;16.26;16.95;21280991;357172096.00
2015/03/17;16.94;17.56;16.66;17.13;20260474;349140512.00
2015/03/18;17.23;17.66;16.84;17.28;17565229;306837120.00
2015/03/19;17.28;18.22;17.10;17.98;25389137;455723648.00
2015/03/20;18.04;18.84;17.88;18.54;22455316;417475040.00
2015/03/23;18.54;19.22;18.54;18.68;23690906;449950560.00
2015/03/24;18.71;19.57;18.18;19.57;32561549;622680384.00
2015/03/25;19.73;20.10;19.14;19.86;29537043;582748032.00
2015/03/26;19.57;19.67;18.38;18.88;22646367;434388480.00
2015/03/27;18.88;19.78;18.50;19.77;19445005;376018240.00
2015/03/30;19.77;21.21;19.16;20.57;27206313;542461696.00
2015/03/31;20.38;21.15;19.90;19.97;21048549;435660480.00
2015/04/01;19.88;21.97;19.80;21.37;25273546;532414400.00
2015/04/02;21.36;21.98;20.94;21.54;36925391;795524480.00
2015/04/03;21.53;23.44;21.19;22.68;23240973;513482176.00
2015/04/07;22.76;23.74;22.28;22.99;21584375;502287776.00
2015/04/08;23.05;23.32;21.14;22.34;19057165;430798912.00
2015/04/09;21.88;22.18;20.54;22.03;18349576;393729376.00
2015/04/10;21.84;22.78;21.48;22.66;15752053;355562816.00
2015/04/13;22.65;23.28;22.46;22.90;17381446;400098208.00
2015/04/14;22.90;23.69;22.53;22.61;15266556;355097920.00
2015/04/15;22.18;22.37;21.16;21.36;16421504;357621152.00
2015/04/16;21.22;22.62;20.88;21.93;11792253;259513024.00
2015/04/17;22.03;22.13;21.18;21.58;15428663;333780480.00
2015/04/20;21.56;21.98;21.13;21.69;25598115;554520896.00
2015/04/21;21.88;23.77;21.56;23.77;28479819;644012224.00
2015/04/22;24.38;25.27;23.58;23.62;26964195;659847616.00
2015/04/23;22.91;24.81;22.89;24.63;22567627;546946368.00
2015/04/24;24.34;24.72;23.60;24.15;14049482;340885952.00
2015/04/27;24.16;24.58;23.60;23.63;16137904;390039328.00
2015/04/28;23.78;23.93;21.88;22.31;14124050;321920448.00
2015/04/29;22.57;23.48;21.91;23.08;16084465;370908352.00
2015/04/30;23.23;23.48;22.81;22.92;15628472;364371296.00
2015/05/04;23.18;24.60;22.76;24.20;17294350;413669312.00
2015/05/05;24.14;24.55;23.26;23.29;9501431;228778208.00
2015/05/06;23.84;24.93;23.30;23.74;12998609;316321152.00
2015/05/07;23.25;23.72;21.88;22.04;8537499;195166896.00
2015/05/08;22.28;24.26;22.28;24.26;13234294;312724000.00
2015/05/11;25.51;25.76;24.68;25.33;17024543;432358848.00
2015/05/12;25.76;27.43;25.23;26.88;14860891;395162880.00
2015/05/13;26.58;26.59;24.76;25.58;15121498;393100320.00
2015/05/14;25.34;27.79;25.27;27.36;16082734;427865312.00
2015/05/15;26.88;27.48;26.16;26.50;10794075;290881920.00
2015/05/18;26.80;28.13;26.38;26.56;10910843;296498912.00
2015/05/19;26.19;27.34;25.49;27.18;12920293;341037024.00
2015/05/20;27.13;29.91;26.93;29.23;24578418;719892736.00
2015/05/21;29.28;32.17;28.40;32.17;18280926;565554240.00
2015/05/22;32.97;33.39;29.96;31.50;16411884;521218912.00
2015/05/25;29.88;34.28;28.90;33.08;19526393;627233088.00
2015/05/26;33.88;34.86;33.26;33.68;14946627;509651840.00
2015/05/27;33.68;35.68;32.60;34.99;19478157;661501056.00
2015/05/28;34.38;35.98;31.48;31.58;12504833;427354560.00
2015/05/29;31.76;34.18;29.95;33.27;14127097;462553600.00
2015/06/01;32.88;35.11;32.88;34.88;12538787;431684224.00
2015/06/02;34.89;38.03;34.63;37.26;10773207;395167136.00
2015/06/03;37.88;38.15;34.39;35.96;12492605;453532416.00
2015/06/04;35.28;36.77;32.48;34.78;11174216;389221248.00
2015/06/05;35.58;35.88;33.28;35.04;16693839;578544320.00
2015/06/08;34.68;34.68;32.36;33.83;15541802;521005120.00
2015/06/09;33.53;34.48;33.13;34.08;8773560;298092832.00
2015/06/10;34.38;35.97;33.98;35.88;11382200;400343392.00
2015/06/11;36.88;39.07;36.23;38.48;14656994;554776896.00
2015/06/12;37.89;39.36;37.70;38.65;8188320;317240448.00
2015/06/15;37.99;38.48;34.98;35.68;11712647;429303104.00
2015/06/16;35.33;35.36;32.34;33.26;9188540;314509920.00
2015/06/17;34.16;34.46;31.24;34.15;8651599;287475680.00
2015/06/18;34.17;34.98;31.86;32.42;7579411;254296784.00
2015/06/19;31.96;31.96;29.40;30.81;8514718;263509872.00
2015/06/23;30.48;31.41;28.00;31.12;5634466;170973232.00
2015/06/24;31.63;32.08;30.38;31.28;6535472;205777168.00
2015/06/25;32.07;33.46;30.68;31.27;8369039;268697472.00
2015/06/26;29.48;31.13;28.13;28.13;7452318;215213520.00
2015/06/29;28.87;28.98;25.31;25.31;9135847;237846976.00
2015/06/30;22.77;27.48;22.77;26.38;15661161;387568736.00
2015/07/01;26.16;27.08;23.73;23.73;13401989;346230048.00
2015/07/02;22.63;23.73;21.35;21.35;11316146;247715872.00
2015/07/03;19.24;21.33;19.21;19.21;10051920;197719616.00
2015/07/06;21.05;21.05;17.28;17.28;17403095;312991616.00
2015/07/07;15.59;15.60;15.55;15.55;1128700;17635136.00
2015/07/10;17.11;17.11;16.44;17.11;8329213;142738176.00
2015/07/13;18.83;18.83;17.53;18.83;13792433;259360144.00
2015/07/14;19.91;20.72;19.38;20.72;37084376;758178816.00
2015/07/15;19.93;20.32;18.64;18.64;14073552;270753216.00
2015/07/16;18.30;19.53;16.77;19.18;22916705;419713280.00
2015/07/17;19.42;20.90;18.83;20.38;17022627;341900544.00
2015/07/20;20.47;21.58;20.06;21.10;20556671;433285344.00
2015/07/21;20.78;22.95;20.05;22.94;17527678;388382848.00
2015/07/22;22.53;23.79;21.64;22.63;13829312;313188704.00
2015/07/23;22.86;24.90;22.28;24.78;15284309;362769152.00
2015/07/24;24.71;25.83;23.91;24.31;17549037;439526624.00
2015/07/27;23.83;24.73;21.87;21.87;15080482;352858112.00
2015/07/28;19.78;22.13;19.68;20.11;21579999;440720416.00
2015/07/29;20.63;21.63;19.18;21.57;13699849;281201504.00
2015/07/30;21.49;22.41;20.35;20.63;14851405;321621472.00
2015/07/31;20.05;21.38;20.03;20.43;10171825;210943056.00
2015/08/03;19.73;20.35;18.38;18.39;11768674;221272304.00
2015/08/04;18.39;20.11;18.10;19.93;9667534;186820992.00
2015/08/05;19.76;20.93;19.34;19.91;11264802;228754976.00
2015/08/06;19.43;21.91;18.94;21.91;11730651;251331568.00
2015/08/07;23.13;23.63;21.97;22.72;23967711;545726464.00
2015/08/10;22.72;24.43;22.43;23.88;17618069;414359488.00
2015/08/11;23.44;25.68;23.33;23.64;20857504;513777152.00
2015/08/12;23.43;24.23;22.85;22.85;16040214;378787584.00
2015/08/13;22.44;24.57;22.44;24.41;15282158;360223168.00
2015/08/14;24.42;24.76;23.43;23.78;13576751;328715968.00
2015/08/17;23.82;25.04;23.36;24.92;15192415;369041408.00
2015/08/18;24.81;24.94;22.42;22.42;15105527;358106368.00
2015/08/19;21.31;23.51;20.17;23.13;15493716;334919968.00
2015/08/27;20.81;20.81;20.81;20.81;765000;15973200.00
2015/08/28;18.72;21.80;18.72;21.49;37805281;750148352.00
2015/08/31;20.27;20.42;19.33;19.33;16753333;329079744.00
2015/09/01;18.35;18.43;17.39;17.39;10755413;188262864.00
2015/09/02;15.92;17.73;15.64;15.64;18355769;296173984.00
2015/09/07;15.78;16.56;15.44;15.63;19862153;320213408.00
2015/09/08;15.63;17.02;15.43;16.73;14723598;238480192.00
2015/09/09;17.03;17.80;16.89;17.44;27456812;479123040.00
2015/09/10;17.04;18.28;16.93;17.69;22742201;404003968.00
2015/09/11;17.71;17.88;17.19;17.58;12444315;219495840.00
2015/09/14;17.70;17.81;15.82;15.82;17705876;294348640.00
2015/09/15;15.02;15.63;14.23;14.24;12536469;185375520.00
2015/09/16;14.33;15.67;14.33;15.67;12398360;187032704.00
2015/09/17;15.82;17.24;15.64;16.48;26201373;445162176.00
2015/09/18;16.93;17.13;15.95;16.43;17448924;291007680.00
2015/09/21;15.93;17.50;15.73;17.31;15244538;257939184.00
2015/09/22;17.43;17.77;16.76;17.42;17521830;304786528.00
2015/09/23;16.93;18.93;16.83;18.02;23046114;419026176.00
2015/09/24;18.29;18.48;17.54;17.79;14844703;267103392.00
2015/09/25;17.83;18.01;16.44;16.81;11841801;204600592.00
2015/09/28;16.79;17.84;16.49;17.74;9951281;172930416.00
2015/09/29;17.13;18.38;17.13;17.83;15029680;269230944.00
2015/09/30;18.21;18.37;17.33;17.63;12746499;228535440.00
2015/10/08;18.11;19.40;17.93;19.40;22031945;418451968.00
2015/10/09;19.68;19.80;18.84;19.46;20811366;403638336.00
2015/10/12;19.60;21.41;19.53;20.78;21510307;447667744.00
2015/10/13;20.72;21.72;20.48;21.72;21845791;459390016.00
2015/10/14;21.43;21.93;20.88;20.97;16441588;351788544.00
2015/10/15;20.63;21.71;20.54;21.62;17637937;376828352.00
2015/10/16;21.92;22.68;21.09;21.53;20003765;438834560.00
2015/10/19;21.55;22.88;20.74;22.61;28399376;616950016.00
2015/10/20;22.13;22.49;21.73;22.32;17168188;381434624.00
2015/10/21;22.27;23.20;20.11;20.18;27404658;598331904.00
2015/10/22;20.53;21.52;20.13;21.26;17041102;357294560.00
2015/10/23;21.78;22.30;21.27;21.78;23107022;506544096.00
2015/11/12;23.97;23.97;23.97;23.97;740165;17793566.00
2015/11/13;26.37;26.37;26.37;26.37;750134;19833542.00
2015/11/16;29.01;29.01;29.01;29.01;4081478;118689384.00
2015/11/17;31.92;31.92;31.92;31.92;45834246;1466237568.00
2015/11/18;31.91;32.43;29.48;30.30;73789322;2302127360.00
2015/11/19;30.93;33.34;30.14;33.34;68237640;2178370048.00
2015/11/20;34.40;36.59;33.26;33.43;85426353;2962052608.00
2015/11/23;32.33;32.93;30.11;30.83;50501570;1598954368.00
2015/11/24;31.03;31.61;30.34;31.14;28805601;896398784.00
2015/11/25;31.18;32.08;30.74;31.72;31094287;979198784.00
2015/11/26;31.93;32.78;30.74;31.39;35845062;1137623296.00
2015/11/27;31.23;31.39;28.24;28.42;29040867;865115136.00
2015/11/30;28.47;31.07;27.11;30.63;33889685;986318912.00
2015/12/01;29.93;30.18;27.56;28.16;26907048;779063360.00
2015/12/02;28.33;29.68;27.13;28.72;21995865;630485824.00
2015/12/03;29.04;30.33;28.83;29.88;24907886;740575680.00
2015/12/04;29.50;30.20;28.56;29.07;21393605;629185152.00
2015/12/07;29.83;31.33;29.08;30.67;33272770;1014006976.00
2015/12/08;30.88;32.52;30.43;31.68;43494952;1376520320.00
2015/12/09;31.05;34.43;30.96;34.08;59185421;1967962368.00
2015/12/10;33.41;33.64;31.47;31.52;39612702;1282040320.00
2015/12/11;31.09;31.09;28.93;29.27;27816715;835253824.00
2015/12/14;28.34;29.66;28.14;29.59;16829378;488454848.00
2015/12/15;29.49;30.55;29.28;29.83;20494099;614504576.00
2015/12/16;29.74;29.91;28.94;29.18;17310531;509788608.00
2015/12/17;29.72;30.53;29.51;29.99;22382913;674645312.00
2015/12/18;29.99;32.03;29.99;31.13;31965853;994100480.00
2015/12/21;31.13;31.13;29.64;30.13;19872772;600515072.00
2015/12/22;30.36;31.06;30.03;30.52;15733235;481409120.00
2015/12/23;31.51;31.93;30.68;31.09;26432311;830151808.00
2015/12/24;31.42;32.32;30.93;31.57;23593876;747626688.00
2015/12/25;31.33;32.90;31.33;32.03;23711199;766158976.00
2015/12/28;32.42;33.29;30.73;30.81;23362512;753913728.00
2015/12/29;30.69;32.11;29.81;32.11;22963673;715882048.00
2015/12/30;32.33;32.53;31.08;31.63;18262038;580267008.00
2015/12/31;31.68;34.43;31.67;32.75;36740987;1207512064.00
2016/01/04;33.14;33.92;29.47;29.47;25489850;798210880.00
2016/01/05;26.96;29.18;26.52;27.58;26888282;747134080.00
2016/01/06;27.93;28.55;26.63;28.19;18662403;519007456.00
2016/01/07;27.45;27.45;25.36;25.36;4715300;123887096.00
2016/01/08;26.13;26.33;22.84;24.59;21993797;544573632.00
2016/01/11;23.92;24.93;22.12;22.12;22149618;517571424.00
2016/01/12;22.33;23.43;22.03;22.89;23266179;532342752.00
2016/01/13;23.13;23.33;21.43;21.49;21512132;482727744.00
2016/01/14;20.43;23.65;20.43;23.63;24149976;541559680.00
2016/01/15;23.33;24.61;22.95;23.61;28740154;684889280.00
2016/01/18;22.74;24.93;22.74;24.33;21086814;507029504.00
2016/01/19;24.23;25.37;23.98;25.25;19819491;490636704.00
2016/01/20;25.32;25.88;24.48;24.81;22105579;560460160.00
2016/01/21;24.18;25.01;22.32;22.35;20883090;499342848.00
2016/01/22;22.73;23.22;21.79;22.92;16243331;368317888.00
2016/01/25;22.93;23.43;22.12;22.54;15650502;358311968.00
2016/01/26;21.99;22.23;20.28;20.28;18931369;400593824.00
2016/01/27;20.43;20.72;18.26;19.61;18177192;353492128.00
2016/01/28;19.13;19.51;17.65;17.73;14777046;276717792.00
2016/01/29;17.84;19.51;17.60;19.51;18689850;352855712.00
2016/02/01;19.43;20.37;19.21;19.98;25033144;498590944.00
2016/02/02;20.03;21.47;19.91;20.77;18805257;391065440.00
2016/02/03;20.23;21.58;19.93;21.42;19115951;399579232.00
2016/02/04;21.43;22.99;21.05;22.68;22068789;493944992.00
2016/02/05;22.86;23.08;21.69;21.93;16975345;380755776.00
2016/02/15;20.93;22.60;20.74;22.08;13398024;293850144.00
2016/02/16;22.28;23.28;22.08;23.08;17981460;409172800.00
2016/02/17;23.07;23.11;22.43;22.99;16128571;368187200.00
2016/02/18;22.95;23.77;22.53;22.58;17144153;397578432.00
2016/02/19;22.53;23.08;22.40;22.79;13775067;314052160.00
2016/02/22;23.35;23.73;22.83;23.46;17099204;399403680.00
2016/02/23;23.33;23.33;22.36;22.87;15469639;354090112.00
2016/02/24;22.87;23.25;22.43;23.18;15308049;351893504.00
2016/02/25;23.57;23.82;20.86;21.04;28607479;649168832.00
2016/02/26;21.23;21.72;19.93;21.19;16389702;348572640.00
2016/02/29;20.37;20.81;19.06;19.06;14936608;290168992.00
2016/03/01;19.02;19.73;17.91;19.33;14417056;274787232.00
2016/03/02;19.33;20.73;19.21;20.52;15549184;309929536.00
2016/03/03;20.48;21.23;20.24;20.37;15869169;329102432.00
2016/03/04;20.23;20.57;18.48;18.79;14855459;289351232.00
2016/03/07;19.20;19.99;19.04;19.37;9857243;192597984.00
2016/03/08;19.31;20.33;17.91;20.19;16777763;326895904.00
2016/03/09;19.62;20.14;19.11;19.53;10394968;205818128.00
2016/03/10;19.68;19.83;18.68;18.83;10869127;210154384.00
2016/03/11;18.43;18.92;18.20;18.67;7638562;142832720.00
2016/03/14;19.09;20.35;19.09;19.83;14666728;291282752.00
2016/03/15;19.87;21.82;19.64;21.55;40179635;864878464.00
2016/03/16;21.70;22.00;20.68;21.29;35971753;775641600.00
2016/03/17;21.58;23.43;21.46;23.43;33932495;780089472.00
2016/03/18;23.84;25.78;23.67;25.78;42737476;1062625024.00
2016/03/21;26.33;27.03;25.65;26.42;34018837;898445504.00
2016/03/22;25.83;28.42;25.63;26.93;31991458;871492480.00
2016/03/23;26.69;27.20;25.96;26.90;21970177;585316800.00
2016/03/24;26.73;28.15;26.23;26.31;32416637;887871040.00
2016/03/25;26.24;26.73;25.11;25.98;23592504;611450368.00
2016/03/28;26.53;27.86;26.03;26.62;33518698;907928576.00
2016/03/29;26.33;26.51;24.62;25.41;28252641;722888320.00
2016/03/30;25.83;27.96;25.65;27.96;31307672;838426944.00
2016/03/31;28.43;28.43;27.29;27.33;30012250;837906816.00
2016/04/01;27.07;27.73;26.53;27.44;20563787;561337984.00
2016/04/05;27.57;30.13;27.56;29.27;34959540;1013042560.00
2016/04/06;28.92;30.42;28.50;29.86;31138174;913740224.00
2016/04/07;29.64;30.54;28.93;28.96;32896245;975729408.00
2016/04/08;28.23;28.99;27.43;28.29;21961475;622558784.00
2016/04/11;28.68;29.06;27.95;28.23;22361871;641102720.00
2016/04/12;27.94;28.02;26.65;27.37;20939802;570520448.00
2016/04/13;27.73;28.11;27.45;27.47;19749303;550576064.00
2016/04/14;27.83;28.13;27.53;27.91;14505539;404339232.00
2016/04/15;27.91;28.20;27.59;28.15;13522798;378104544.00
2016/04/18;27.83;29.40;27.30;28.75;29117572;832743232.00
2016/04/19;28.63;29.51;28.53;28.88;26014653;757257152.00
2016/04/20;29.13;29.32;26.16;27.03;29364769;819486720.00
2016/04/21;26.83;26.83;24.89;24.93;22780753;592822144.00
2016/04/22;24.55;26.30;24.54;26.07;19715285;503534432.00
2016/04/25;25.73;26.13;24.93;25.92;15723076;403540128.00
2016/04/26;25.84;27.12;25.64;26.47;16261120;432981536.00
2016/04/27;26.50;28.59;26.49;27.77;29448843;821461440.00
2016/04/28;27.53;29.13;27.24;28.86;27168469;765484096.00
2016/04/29;28.93;30.21;28.69;29.44;35020679;1032323328.00
2016/05/03;29.01;30.83;28.83;30.53;33101451;996274304.00
2016/05/04;30.23;31.30;29.63;29.87;27786990;851233344.00
2016/05/05;29.61;30.76;29.61;30.59;21867445;663781184.00
2016/05/06;30.43;31.23;29.14;29.21;31836042;964615680.00
2016/05/09;28.64;29.71;28.28;29.01;25364835;739969280.00
2016/05/10;28.65;29.23;26.93;27.45;23577480;664090688.00
2016/05/11;27.79;28.40;27.29;27.33;14960051;418097632.00
2016/05/12;26.82;30.03;26.44;29.42;25932911;746147968.00
2016/05/13;28.98;32.37;28.98;32.00;48024778;1525768448.00
2016/05/16;31.62;34.81;31.29;34.43;48733795;1601600896.00
2016/05/17;34.03;35.24;32.73;32.97;38937852;1324955392.00
2016/05/18;32.72;33.73;31.34;32.83;30373730;995891456.00
2016/05/19;32.73;34.74;31.92;33.98;32936200;1106631040.00
2016/05/20;33.13;33.93;31.93;32.92;22363321;740130944.00
2016/05/23;32.92;34.56;32.41;34.56;29008973;972089088.00
2016/05/24;34.23;34.50;32.73;33.46;21491388;726229952.00
2016/05/25;33.70;35.33;32.93;33.47;24112972;823887168.00
2016/05/26;32.81;33.40;31.26;33.13;22440310;725373376.00
2016/05/27;32.84;33.23;31.63;31.88;15300635;496809248.00
2016/05/30;31.23;32.83;31.13;31.73;15111266;489070816.00
2016/05/31;31.91;34.27;31.91;33.95;20747194;690865024.00
2016/06/01;33.78;37.35;33.78;37.35;21557184;783707008.00
2016/06/02;37.94;40.53;37.74;38.73;41270672;1601550976.00
2016/06/03;39.21;41.77;38.43;39.36;37377820;1490615552.00
2016/06/06;39.14;43.30;39.14;43.30;36269416;1486786176.00
2016/06/07;42.94;45.93;42.19;44.31;36508321;1612843520.00
2016/06/08;43.93;47.91;42.41;45.18;37880495;1682724480.00
2016/06/13;43.83;45.30;40.94;41.60;30268476;1310802176.00
2016/06/14;41.92;44.78;41.91;44.43;32931872;1432021120.00
2016/06/15;43.43;48.86;43.24;48.86;37185202;1752685440.00
2016/06/16;48.03;50.78;47.54;48.01;36648640;1801705088.00
2016/06/17;48.23;48.91;45.93;46.78;29877560;1401208192.00
2016/06/20;46.85;47.78;45.05;47.43;27868064;1296030848.00
2016/06/21;48.00;48.21;44.30;44.89;28204433;1298590208.00
2016/06/22;45.20;45.39;43.20;45.00;21981793;975043136.00
2016/06/23;44.60;47.40;43.39;45.70;31905699;1454581248.00
2016/06/24;45.70;47.89;43.40;46.43;36806815;1699670272.00
2016/06/27;45.80;46.55;44.70;46.55;27318418;1248249856.00
2016/06/28;46.56;47.66;44.51;45.21;31908677;1455957376.00
2016/06/29;45.42;47.18;44.80;45.74;32063853;1482313344.00
2016/06/30;45.00;45.26;42.60;43.19;33584950;1467808256.00
2016/07/01;43.21;44.45;42.70;43.23;18265211;796109888.00
2016/07/04;42.97;45.89;42.61;44.38;24504289;1083830016.00
2016/07/05;44.45;48.55;43.20;47.64;49793641;2291023872.00
2016/07/06;46.80;49.93;46.51;47.78;41877093;2021427456.00
2016/07/07;47.61;52.16;46.65;51.85;50674475;2493757952.00
2016/07/08;51.34;51.99;49.00;49.13;35725057;1802882944.00
2016/07/11;48.88;49.80;47.68;48.31;23146284;1127680640.00
2016/07/12;48.00;48.44;44.87;46.99;27114334;1262854400.00
2016/07/13;47.10;48.02;46.10;46.88;21336766;1005796608.00
2016/07/14;47.22;48.47;46.71;47.55;19490444;928179072.00
2016/07/15;47.80;48.70;46.32;47.25;22375668;1063370816.00
2016/07/18;46.73;47.20;45.68;45.71;16356471;757362624.00
2016/07/19;45.45;46.35;44.78;45.97;13023435;595495424.00
2016/07/20;45.91;46.80;45.72;45.78;11325235;522725280.00
2016/07/21;45.40;45.99;44.80;44.82;14047953;634092416.00
2016/07/22;44.84;45.07;42.31;42.48;23843416;1031335360.00
2016/07/25;42.00;42.00;40.00;40.82;20494361;840245504.00
2016/07/26;40.71;41.86;40.51;41.52;16824181;695528960.00
2016/07/27;41.52;41.82;37.41;38.49;22509466;889680896.00
2016/07/28;38.62;38.95;37.24;38.81;20319389;777236096.00
2016/07/29;38.50;39.59;37.83;38.67;15877713;615301376.00
2016/08/01;38.20;39.95;37.11;39.35;16855096;651483200.00
2016/08/02;39.27;39.86;38.79;39.43;14288695;562775808.00
2016/08/03;39.42;39.95;38.81;38.89;11888410;467804512.00
2016/08/04;38.68;40.26;38.05;39.93;20943238;826397952.00
2016/08/05;39.56;40.05;39.10;39.17;10988133;434423744.00
2016/08/08;38.60;38.84;37.50;38.80;11732078;448821760.00
2016/08/09;38.89;39.46;38.60;39.01;11537681;450512640.00
2016/08/10;39.23;41.50;39.03;39.80;21124946;846191424.00
2016/08/11;39.48;39.75;38.27;38.29;15029351;583547200.00
2016/08/12;38.00;39.06;37.82;38.66;10722551;413708896.00
2016/08/15;38.68;40.37;38.14;39.90;19295692;761524864.00
2016/08/16;39.90;42.92;39.68;41.89;33964001;1419300480.00
2016/08/17;41.90;42.40;41.26;41.51;18866690;788449152.00
2016/08/18;41.40;42.30;41.00;41.34;13177309;548363840.00
2016/08/19;41.23;41.58;40.75;41.34;10402534;429273408.00
2016/08/22;41.29;42.18;40.66;40.68;13343199;553417088.00
2016/08/23;40.81;40.89;38.61;39.11;16501317;647994432.00
2016/08/24;39.30;39.57;38.88;39.18;7678476;300901088.00
2016/08/25;39.01;39.38;38.01;39.35;9440908;367392800.00
2016/08/26;39.36;40.21;39.10;39.10;9143968;362244544.00
2016/08/29;38.99;39.87;38.80;39.01;6824391;267822304.00
2016/08/30;39.00;39.73;39.00;39.21;5781784;227612816.00
2016/08/31;39.20;39.70;38.88;39.37;8326304;327052544.00
2016/09/01;39.40;39.52;38.82;38.92;6425378;251580512.00
2016/09/02;38.90;38.90;37.21;37.40;13259708;504362432.00
2016/09/05;37.11;37.70;37.10;37.40;7036917;263336608.00
2016/09/06;37.41;39.39;37.20;38.98;17347624;664000960.00
2016/09/07;39.05;39.48;38.02;38.09;11553721;447433152.00
2016/09/08;38.29;38.91;37.82;38.36;8250492;317354656.00
2016/09/09;38.72;39.10;37.61;38.30;11605043;446071264.00
2016/09/12;37.15;37.60;34.55;34.85;19622051;703047616.00
2016/09/13;35.00;35.38;33.47;34.25;15402040;527899936.00
2016/09/14;33.95;34.15;33.18;33.95;9862380;332625184.00
2016/09/19;34.10;34.58;34.01;34.18;6820363;233473792.00
2016/09/20;34.03;34.50;33.25;34.19;13177826;446124896.00
2016/09/21;34.00;34.28;33.80;33.82;6672919;226641632.00
2016/09/22;34.25;34.28;33.70;33.75;7225795;245554448.00
2016/09/23;33.92;34.17;33.60;33.75;8801748;298123392.00
2016/09/26;33.43;33.76;31.60;31.67;15081068;492143296.00
2016/09/27;31.81;32.49;31.80;32.46;12608611;406221024.00
2016/09/28;32.67;33.37;32.50;32.68;12059260;396966208.00
2016/09/29;32.69;32.94;32.42;32.49;7508814;244985520.00
2016/09/30;32.39;32.95;32.28;32.66;7668422;250391392.00
2016/10/10;32.33;33.78;32.33;33.78;12232169;408188256.00
2016/10/11;33.86;34.15;33.35;33.53;11771708;396518208.00
2016/10/12;33.49;33.88;33.25;33.61;8725426;293102848.00
2016/10/13;33.63;33.75;33.09;33.17;7956981;264962848.00
2016/10/14;33.10;33.50;32.92;33.41;9067270;301466976.00
2016/10/17;33.46;34.38;33.31;33.70;19376888;657416512.00
2016/10/18;33.69;36.00;33.56;35.87;31236289;1096180992.00
2016/10/19;35.87;35.88;35.03;35.27;15642465;552782080.00
2016/10/20;35.20;36.60;35.15;35.62;20119378;724138752.00
2016/10/21;35.41;35.58;34.20;34.78;13456757;468220480.00
2016/10/24;34.88;35.25;34.43;34.95;8340631;290325344.00
2016/10/25;34.97;35.50;34.54;34.83;9882319;345718624.00
2016/10/26;34.80;35.24;34.00;35.21;14020947;484036448.00
2016/10/27;35.10;35.19;34.72;34.79;9280758;324242432.00
2016/10/28;34.69;34.96;34.11;34.19;7400383;255131456.00
2016/10/31;33.90;35.19;33.66;34.87;11514647;398843296.00
2016/11/01;34.92;35.35;34.60;35.10;10241903;358588992.00
2016/11/02;34.99;35.16;34.35;34.53;7065358;245674784.00
2016/11/03;34.40;35.91;34.40;35.22;16876500;595395136.00
2016/11/04;35.10;35.84;35.05;35.23;10686753;378429056.00
2016/11/07;35.35;35.88;35.20;35.23;9661959;342780064.00
2016/11/08;35.55;35.70;34.80;35.13;8267022;290814208.00
2016/11/09;35.13;35.20;33.30;33.90;14795051;505424576.00
2016/11/10;34.32;34.39;33.86;34.03;9001893;306661984.00
2016/11/11;34.13;34.13;33.02;33.63;13895496;465085696.00
2016/11/14;33.58;33.93;33.20;33.50;9979510;335059456.00
2016/11/15;33.52;33.97;33.37;33.94;9239994;311343968.00
2016/11/16;34.04;34.58;34.04;34.23;12025584;413041632.00
2016/11/17;34.22;34.22;33.52;33.61;4340200;146404608.00
数据来源:通达信
