300052 中青宝 日线 前复权
      日期	    开盘	    最高	    最低	    收盘	    成交量	    成交额
2010/02/11;13.58;14.30;13.00;13.00;13897342;499437632.00
2010/02/12;12.77;12.79;12.23;12.71;6426468;214579760.00
2010/02/22;12.69;13.17;12.56;13.07;4748796;163173856.00
2010/02/23;13.21;13.71;13.21;13.62;5060109;181175264.00
2010/02/24;13.90;14.48;13.86;14.11;4619715;173232688.00
2010/02/25;14.31;14.86;14.31;14.86;4032320;156193392.00
2010/02/26;14.89;14.91;14.46;14.76;3273767;127323064.00
2010/03/01;14.54;15.25;14.54;15.06;2640430;103881600.00
2010/03/02;14.97;15.22;14.32;14.37;3042406;117710000.00
2010/03/03;14.34;14.91;14.23;14.36;2757785;105608760.00
2010/03/04;14.34;14.81;13.93;13.99;3478081;133164296.00
2010/03/05;13.91;14.24;13.81;14.23;2382129;88596112.00
2010/03/08;14.23;14.63;14.23;14.34;1764962;67683904.00
2010/03/09;14.34;14.84;14.01;14.71;2286672;87359024.00
2010/03/10;14.61;14.83;14.09;14.21;1664263;63581040.00
2010/03/11;14.22;15.29;13.97;15.10;3613968;141456272.00
2010/03/12;14.92;15.92;14.54;14.57;4421290;178410176.00
2010/03/15;14.52;14.60;14.16;14.35;1744927;66069180.00
2010/03/16;14.50;14.57;13.81;14.01;1546667;58005880.00
2010/03/17;14.09;14.49;13.89;14.38;1286296;48635388.00
2010/03/18;14.37;14.68;14.15;14.64;1546806;59098844.00
2010/03/19;14.54;14.67;14.33;14.42;1089095;41766016.00
2010/03/22;14.38;14.94;14.38;14.89;1577432;61645004.00
2010/03/23;14.94;15.49;14.65;14.68;1905965;75876736.00
2010/03/25;14.95;16.17;14.95;16.17;3246105;135651648.00
2010/03/26;16.11;16.11;15.04;15.38;3085581;126174368.00
2010/03/29;15.31;15.77;14.68;15.21;2030502;81281680.00
2010/03/31;15.12;16.12;15.12;15.57;2932697;121863416.00
2010/04/01;15.69;16.72;15.51;15.97;3048329;130263536.00
2010/04/02;15.72;16.46;15.66;16.27;2087935;88732056.00
2010/04/06;16.56;16.82;16.29;16.46;1663575;72558976.00
2010/04/07;16.53;17.29;16.39;17.04;2097293;94086856.00
2010/04/08;17.27;17.27;15.88;16.04;3085498;134683424.00
2010/04/09;16.19;16.57;16.08;16.54;1641087;70988616.00
2010/04/12;16.54;16.88;16.09;16.65;1993084;86544656.00
2010/04/13;16.77;16.77;14.96;15.00;3446930;140213392.00
2010/04/14;14.84;15.09;14.51;14.72;1487817;58141388.00
2010/04/15;14.73;14.77;13.87;14.15;1706573;64281136.00
2010/04/16;13.98;14.86;13.98;14.69;1581790;60966012.00
2010/04/19;14.57;15.07;14.22;14.27;1335670;51578664.00
2010/04/21;14.07;15.06;14.07;14.99;1391488;54405168.00
2010/04/22;14.96;15.56;14.74;15.31;1447931;58601720.00
2010/04/23;15.12;15.50;14.75;14.92;1038432;41504452.00
2010/04/26;14.81;14.98;14.15;14.22;1427943;54927696.00
2010/04/27;14.12;14.26;13.16;13.52;1772771;63570376.00
2010/04/28;13.42;14.04;13.41;13.96;1426355;52311444.00
2010/04/29;13.92;14.71;13.92;14.06;1515275;57875140.00
2010/04/30;14.21;14.27;13.65;14.27;956707;35454124.00
2010/05/04;14.11;14.98;13.80;14.80;1228282;47625752.00
2010/05/05;14.61;15.26;14.54;15.26;1461438;57879740.00
2010/05/06;15.11;15.31;14.24;14.27;1314135;51423624.00
2010/05/07;13.64;14.31;13.62;13.85;1287432;36212576.00
2010/05/10;13.59;13.98;12.56;12.72;1626923;42888204.00
2010/05/11;12.76;13.06;11.55;11.55;4040344;99890664.00
2010/05/12;11.40;11.63;11.07;11.38;1871012;43212668.00
2010/05/13;11.42;11.71;11.01;11.57;1814411;42074072.00
2010/05/14;11.46;11.60;11.16;11.42;1750610;40584336.00
2010/05/17;11.21;11.36;10.76;10.78;1980368;44473048.00
2010/05/18;10.80;11.15;10.61;10.99;1411979;31251502.00
2010/05/19;10.96;11.57;10.82;11.21;2230512;51204200.00
2010/05/21;10.65;11.65;10.51;11.61;2406328;54709984.00
2010/05/24;11.73;12.18;11.61;12.05;2162755;52637792.00
2010/05/25;11.88;12.03;11.55;11.71;1890115;45206884.00
2010/05/26;11.66;11.91;11.51;11.53;1465159;34783852.00
2010/05/27;11.53;11.88;11.16;11.84;2192602;51530196.00
2010/05/28;11.97;12.40;11.86;12.17;3027662;74794760.00
2010/05/31;12.06;12.75;11.80;11.83;2713342;67840840.00
2010/06/01;11.61;11.80;10.98;11.28;2492702;57573212.00
2010/06/02;11.10;11.51;10.97;11.50;1098559;25139734.00
2010/06/03;11.58;11.90;11.43;11.73;2449585;58386232.00
2010/06/04;11.60;12.11;11.51;12.01;1702961;40804920.00
2010/06/07;11.76;12.80;11.74;12.66;4353700;109287304.00
2010/06/08;12.65;13.04;12.36;12.98;4261600;109421112.00
2010/06/09;12.91;13.40;12.76;12.81;4233831;112470752.00
2010/06/10;12.81;13.29;12.71;13.12;1903852;50637500.00
2010/06/11;13.15;13.39;13.02;13.36;1852170;49843344.00
2010/06/17;13.45;13.55;12.46;12.51;1761167;46397904.00
2010/06/18;12.51;12.60;11.56;11.76;1851870;45115364.00
2010/06/21;11.67;12.35;11.46;12.28;1313895;32094780.00
2010/06/22;12.21;12.45;12.01;12.10;1161205;28897846.00
2010/06/23;11.85;12.33;11.73;12.11;1304133;31799554.00
2010/06/24;12.11;12.59;12.06;12.36;2351344;58945560.00
2010/06/25;12.21;12.23;11.70;11.81;1500792;36352988.00
2010/06/28;11.73;11.74;11.06;11.16;1779497;40995832.00
2010/06/29;11.13;11.25;10.03;10.08;2543013;54105132.00
2010/06/30;9.90;10.04;9.50;9.97;1756115;34894640.00
2010/07/01;9.83;10.01;9.56;9.58;1068217;21316410.00
2010/07/02;9.68;9.90;9.12;9.88;1821255;35741340.00
2010/07/05;9.72;10.00;9.47;9.95;1868747;37094668.00
2010/07/06;9.86;10.37;9.77;10.35;1822857;37897408.00
2010/07/07;10.35;10.40;10.06;10.28;1346008;28026132.00
2010/07/08;10.28;10.43;10.00;10.14;1198589;24942066.00
2010/07/09;10.25;10.71;10.11;10.55;1971189;41981128.00
2010/07/12;10.49;10.60;10.41;10.51;1123538;24026710.00
2010/07/13;10.41;10.85;10.24;10.70;1520585;32436154.00
2010/07/14;10.69;10.89;10.56;10.86;1917948;42026496.00
2010/07/15;10.82;10.82;10.17;10.20;1229627;26401660.00
2010/07/16;10.18;10.18;9.78;10.09;1035926;21005764.00
2010/07/19;9.95;10.35;9.84;10.28;884765;18220326.00
2010/07/20;10.40;10.65;10.27;10.63;1309293;27994160.00
2010/07/21;10.65;10.99;10.56;10.81;1883428;41456664.00
2010/07/22;10.75;10.88;10.60;10.82;1281090;28010474.00
2010/07/23;10.80;10.94;10.64;10.85;1369792;30095546.00
2010/07/26;10.87;11.21;10.74;11.16;1836414;41184188.00
2010/07/27;11.10;11.10;10.80;10.82;1596014;35463712.00
2010/07/28;10.76;11.08;10.76;11.08;1457876;32453260.00
2010/07/29;11.03;11.17;10.89;11.08;1604899;36064456.00
2010/07/30;11.06;11.13;10.86;11.13;1405418;31425190.00
2010/08/02;11.14;11.43;11.07;11.36;1912884;43879700.00
2010/08/03;11.30;11.46;11.02;11.02;2021905;46037020.00
2010/08/04;10.91;11.00;10.71;11.00;1554930;34404984.00
2010/08/05;10.98;11.25;10.91;11.06;1366962;30887962.00
2010/08/06;11.01;11.39;10.98;11.38;1678697;38370744.00
2010/08/09;11.38;11.76;11.38;11.68;1921265;45382308.00
2010/08/10;11.62;11.89;11.14;11.16;1826249;42956904.00
2010/08/11;11.30;11.55;11.21;11.55;1293591;29932374.00
2010/08/12;11.36;12.08;11.33;11.82;2715647;65405868.00
2010/08/13;12.00;12.30;11.69;11.93;2145629;52260980.00
2010/08/16;11.80;12.00;11.66;11.96;1928790;46489164.00
2010/08/17;11.97;12.20;11.81;12.03;1396898;34114416.00
2010/08/18;12.00;12.00;11.66;11.73;1660288;39666472.00
2010/08/19;11.81;11.81;11.53;11.57;1196483;28346230.00
2010/08/20;11.54;11.75;11.36;11.42;1046552;24555024.00
2010/08/23;11.40;11.54;11.33;11.42;718515;16672011.00
2010/08/24;11.45;11.65;11.27;11.58;842928;19703110.00
2010/08/25;11.51;11.56;10.81;10.85;1331129;30137174.00
2010/08/26;10.86;10.96;10.66;10.74;1060528;23226086.00
2010/08/27;10.75;10.86;10.62;10.86;722376;15859096.00
2010/08/30;10.85;11.15;10.85;11.15;998407;22391056.00
2010/08/31;11.01;11.11;10.81;11.03;1428350;31739114.00
2010/09/01;11.10;11.10;10.46;10.51;1525629;33269958.00
2010/09/02;10.58;10.74;10.43;10.61;1606942;34672024.00
2010/09/03;10.70;11.00;10.60;10.96;1965255;43349372.00
2010/09/06;10.97;11.06;10.70;10.86;1651903;36627376.00
2010/09/07;11.01;11.85;11.01;11.57;4247268;99272976.00
2010/09/08;11.45;11.61;11.35;11.56;2193098;51209896.00
2010/09/09;11.66;11.73;11.26;11.30;1992357;46479136.00
2010/09/10;11.33;11.49;11.06;11.45;1584640;36536936.00
2010/09/13;11.44;11.59;11.36;11.57;1631994;38191056.00
2010/09/14;11.51;11.63;11.41;11.52;1211392;28292444.00
2010/09/15;11.52;11.53;10.64;10.89;2030262;45995164.00
2010/09/16;10.88;10.96;10.33;10.42;1680391;36070720.00
2010/09/17;10.50;10.53;10.26;10.33;708165;14968686.00
2010/09/20;10.37;10.40;10.13;10.14;585269;12220353.00
2010/09/21;10.07;10.25;9.89;9.92;455710;9330980.00
2010/09/27;10.01;10.08;9.87;10.06;550813;11226664.00
2010/09/28;10.11;10.11;9.88;9.90;932378;18871888.00
2010/09/29;9.90;9.98;9.79;9.80;741344;14943774.00
2010/09/30;9.72;10.05;9.72;10.03;625601;12686819.00
2010/10/08;10.13;10.33;10.02;10.22;798307;16581432.00
2010/10/11;10.23;10.32;10.00;10.10;1306091;26892434.00
2010/10/12;10.06;10.23;10.00;10.13;983989;20316452.00
2010/10/13;10.10;10.42;10.04;10.39;1433049;29843024.00
2010/10/14;10.35;10.48;10.00;10.03;1098939;22929596.00
2010/10/15;10.01;10.21;9.82;9.98;1097083;22354530.00
2010/10/18;9.98;9.98;9.46;9.71;1244105;24426172.00
2010/10/19;9.70;10.55;9.63;10.43;2327281;48529208.00
2010/10/20;10.31;10.78;10.21;10.39;2120862;45396956.00
2010/10/21;10.34;10.34;10.08;10.30;1017577;21130936.00
2010/10/22;10.32;10.73;10.28;10.52;1331354;28619832.00
2010/10/25;10.55;10.69;10.47;10.65;1906294;41159652.00
2010/10/26;10.65;10.68;10.31;10.40;1625090;34452328.00
2010/10/27;10.40;10.55;10.29;10.31;1240528;26249770.00
2010/10/28;10.31;10.50;10.16;10.31;917027;19200694.00
2010/10/29;10.36;10.69;10.35;10.59;1792066;38497644.00
2010/11/01;10.67;11.05;10.59;10.95;2385172;52963800.00
2010/11/02;10.97;11.03;10.53;10.57;2163952;47172000.00
2010/11/03;10.51;10.55;10.10;10.10;1498590;31428636.00
2010/11/04;10.05;10.30;10.05;10.30;871846;18162946.00
2010/11/05;10.38;10.45;10.28;10.44;920429;19459446.00
2010/11/08;10.50;10.74;10.45;10.70;1415899;30738934.00
2010/11/09;10.75;10.84;10.54;10.84;1788443;38984148.00
2010/11/10;10.81;11.35;10.81;11.32;3772670;85750216.00
2010/11/11;11.41;11.53;11.11;11.11;3193062;73348376.00
2010/11/12;10.88;11.20;10.37;10.38;2215694;48620300.00
2010/11/15;10.41;11.34;10.41;11.26;2331285;51635116.00
2010/11/16;11.22;11.49;10.82;11.01;2951789;67459648.00
2010/11/17;10.96;12.01;10.71;11.48;5235919;122339584.00
2010/11/18;11.46;11.79;11.15;11.55;3248101;75692448.00
2010/11/19;11.48;11.91;11.31;11.83;6248912;148248064.00
2010/11/22;11.78;12.09;11.51;11.56;6875097;165584544.00
2010/11/23;11.41;11.50;11.01;11.34;3890928;88725360.00
2010/11/24;11.25;11.55;11.16;11.53;2558346;59398964.00
2010/11/25;11.62;11.75;11.13;11.22;3318385;76720744.00
2010/11/26;11.21;11.46;11.06;11.29;1986284;45552856.00
2010/11/29;11.21;11.60;11.14;11.55;2555180;59407520.00
2010/11/30;11.51;11.55;10.76;10.99;2981714;67088204.00
2010/12/01;10.90;11.02;10.83;10.89;1291864;28651570.00
2010/12/02;11.06;11.08;10.88;10.90;1141740;25496984.00
2010/12/03;10.91;11.06;10.65;10.73;1273900;28048362.00
2010/12/06;10.79;10.79;10.26;10.43;1478456;31467464.00
2010/12/07;10.38;10.57;10.26;10.49;806118;17190824.00
2010/12/08;10.44;10.57;10.36;10.42;755152;16142277.00
2010/12/09;10.42;10.45;10.25;10.26;676815;14288176.00
2010/12/10;10.28;10.59;10.21;10.55;883589;18885258.00
2010/12/13;10.76;11.55;10.76;11.31;3932755;89655952.00
2010/12/14;11.28;11.43;11.18;11.36;2296267;52850416.00
2010/12/15;11.24;11.47;11.17;11.25;1728260;39696980.00
2010/12/16;11.26;12.40;11.24;11.91;6815017;167617456.00
2010/12/17;11.71;11.81;11.53;11.72;3011645;71377424.00
2010/12/20;11.74;11.98;11.15;11.44;2765351;65046312.00
2010/12/21;11.44;11.66;11.31;11.55;1510931;35389988.00
2010/12/22;11.46;11.64;11.31;11.43;1852759;43202944.00
2010/12/23;11.40;11.48;10.91;10.93;1507523;34202276.00
2010/12/24;10.95;10.95;10.64;10.70;1055142;23138474.00
2010/12/27;10.70;11.00;10.30;10.37;1020178;22187102.00
2010/12/28;10.36;10.60;10.17;10.40;896599;18953008.00
2010/12/29;10.39;10.55;10.35;10.55;912542;19415902.00
2010/12/31;10.56;10.67;10.48;10.61;1132086;24351088.00
2011/01/04;10.65;10.69;10.37;10.68;1401381;30209486.00
2011/01/05;10.66;10.76;10.52;10.61;903372;19587312.00
2011/01/06;10.65;10.67;10.35;10.38;973198;20741844.00
2011/01/07;10.35;10.49;10.29;10.43;752163;15933307.00
2011/01/10;10.39;10.42;10.06;10.12;917844;19183074.00
2011/01/11;10.11;10.11;9.81;9.91;829487;16789100.00
2011/01/12;9.86;10.05;9.82;10.04;523084;10611909.00
2011/01/13;10.06;10.16;10.04;10.06;552183;11362929.00
2011/01/14;9.98;10.05;9.69;9.77;567733;11353821.00
2011/01/17;9.75;9.75;9.16;9.19;851601;16423266.00
2011/01/18;9.16;9.23;8.91;9.23;436368;8129506.00
2011/01/19;9.24;9.38;9.13;9.34;551604;10471077.00
2011/01/20;9.34;9.34;8.76;8.78;622722;11526854.00
2011/01/21;8.71;8.99;8.71;8.81;429623;7755957.50
2011/01/24;8.88;8.91;8.63;8.64;451122;8054646.00
2011/01/25;8.64;8.66;8.49;8.58;441347;7720526.00
2011/01/26;8.60;8.74;8.56;8.73;398717;7074704.00
2011/01/27;8.66;8.92;8.61;8.86;366299;6600575.50
2011/01/28;8.90;8.94;8.82;8.89;420796;7643541.00
2011/01/31;8.93;9.02;8.81;8.97;475444;8669071.00
2011/02/01;8.98;8.98;8.89;8.90;381590;6954688.50
2011/02/09;8.90;8.93;8.81;8.85;353340;6403605.50
2011/02/10;8.92;9.18;8.85;9.13;1163004;21562996.00
2011/02/11;9.13;9.31;9.07;9.23;846775;15930755.00
2011/02/14;9.23;9.55;9.21;9.47;957320;18326352.00
2011/02/15;9.37;9.50;9.37;9.37;793290;15254233.00
2011/02/16;9.43;9.48;9.31;9.47;810168;15562153.00
2011/02/17;9.50;9.55;9.31;9.47;920697;17701636.00
2011/02/18;9.45;9.47;9.20;9.31;823712;15615999.00
2011/02/21;9.29;9.38;9.22;9.38;615918;11700942.00
2011/02/22;9.38;9.38;9.02;9.02;790857;14827878.00
2011/02/23;9.02;9.15;8.96;9.09;571431;10584709.00
2011/02/24;9.09;9.23;9.03;9.18;541390;10094906.00
2011/02/25;9.18;9.47;9.14;9.42;1415003;27118130.00
2011/02/28;9.45;9.50;9.26;9.42;710957;13619534.00
2011/03/01;9.42;9.50;9.34;9.50;839124;16138003.00
2011/03/02;9.46;9.47;9.26;9.31;888458;16934860.00
2011/03/03;9.33;9.34;9.06;9.11;828985;15591083.00
2011/03/04;9.12;9.22;9.08;9.22;438306;8185795.50
2011/03/07;9.23;9.31;9.15;9.31;945938;17839402.00
2011/03/08;9.31;9.53;9.26;9.47;1335674;25694278.00
2011/03/09;9.51;9.51;9.34;9.42;629362;12093227.00
2011/03/10;9.45;9.60;9.44;9.53;1446445;28156848.00
2011/03/11;9.48;9.76;9.48;9.69;1923603;37983348.00
2011/03/14;9.70;9.80;9.61;9.72;1273756;25166508.00
2011/03/15;9.68;9.69;9.26;9.45;1275874;24476308.00
2011/03/16;9.35;9.56;9.34;9.54;888636;17089922.00
2011/03/17;9.48;9.48;9.25;9.41;844657;16112121.00
2011/03/18;9.38;9.49;9.31;9.38;608653;11628788.00
2011/03/21;9.20;9.25;8.97;9.03;1487449;27600222.00
2011/03/22;9.03;9.21;8.81;9.08;1039758;18940030.00
2011/03/23;9.01;9.12;8.97;9.06;764690;14121377.00
2011/03/24;9.06;9.12;9.00;9.08;590906;10930595.00
2011/03/25;9.08;9.18;9.06;9.11;854380;15901072.00
2011/03/28;9.06;9.19;9.06;9.09;694824;12943566.00
2011/03/29;9.10;9.10;8.49;8.79;961987;17397108.00
2011/03/30;8.79;8.79;8.58;8.66;490645;8715053.00
2011/03/31;8.68;8.76;8.56;8.59;543535;9624102.00
2011/04/01;8.56;8.68;8.53;8.68;534114;9418719.00
2011/04/06;8.66;8.73;8.58;8.64;511930;9021340.00
2011/04/07;8.65;8.70;8.58;8.70;557878;9880029.00
2011/04/08;8.75;8.78;8.69;8.77;428432;7662285.00
2011/04/11;8.79;8.79;8.56;8.57;628306;11103734.00
2011/04/12;8.57;8.64;8.56;8.61;363996;6395351.00
2011/04/14;8.73;8.79;8.61;8.63;577093;10219499.00
2011/04/15;8.73;8.73;8.57;8.64;442984;7821856.50
2011/04/18;8.62;8.62;8.55;8.59;493165;8647700.00
2011/04/19;8.56;8.57;8.23;8.29;907978;15512259.00
2011/04/20;8.31;8.41;8.31;8.40;452184;7743124.00
2011/04/21;8.44;8.48;8.37;8.39;380434;6548131.50
2011/04/22;8.38;8.43;8.30;8.35;436211;7442711.50
2011/04/25;8.35;8.39;8.16;8.16;421841;7113343.00
2011/04/26;8.16;8.20;7.91;7.91;628099;10289630.00
2011/04/27;7.92;7.99;7.82;7.88;427009;6921780.50
2011/04/28;7.90;7.90;7.36;7.40;798306;12576813.00
2011/04/29;7.45;7.74;7.45;7.74;493758;7696194.50
2011/05/03;7.74;7.79;7.66;7.73;506215;7897792.50
2011/05/04;7.71;7.81;7.41;7.75;497303;7752410.00
2011/05/05;7.73;7.89;7.59;7.85;581440;9186032.00
2011/05/06;7.84;7.84;7.62;7.76;436491;6826756.00
2011/05/09;7.74;7.88;7.74;7.84;307347;4864200.50
2011/05/10;7.84;7.89;7.81;7.87;270938;4306876.50
2011/05/11;7.84;7.84;7.68;7.75;311701;4888743.00
2011/05/12;7.80;7.80;7.51;7.51;353684;5495612.50
2011/05/13;7.60;7.67;7.51;7.67;307984;4732189.50
2011/05/16;7.73;7.73;7.56;7.58;221760;3424289.00
2011/05/17;7.51;7.62;7.50;7.58;333493;5090933.50
2011/05/18;7.59;7.72;7.56;7.70;386316;5976702.50
2011/05/19;7.70;7.83;7.66;7.66;281083;4415981.00
2011/05/20;7.66;7.71;7.49;7.51;360299;5515645.50
2011/05/23;7.46;7.56;7.20;7.20;501312;7425134.00
2011/05/24;7.16;7.56;7.07;7.40;731251;10832977.00
2011/05/25;7.41;7.41;7.12;7.24;430563;6363126.50
2011/05/26;7.24;7.34;7.06;7.08;245915;3571132.50
2011/05/27;7.16;7.18;6.95;7.04;276550;3956724.25
2011/05/30;7.04;7.23;7.01;7.09;397783;5772504.50
2011/05/31;7.10;7.25;7.01;7.24;401145;5823052.50
2011/06/01;7.23;7.31;7.18;7.26;349514;5130621.50
2011/06/02;7.15;7.20;6.96;7.05;445105;6352987.50
2011/06/03;7.10;7.19;7.05;7.18;452301;6541908.50
2011/06/07;7.18;7.19;7.09;7.18;274662;3976043.25
2011/06/08;7.12;7.18;7.03;7.13;277880;4005445.25
2011/06/09;7.11;7.15;7.00;7.02;333535;4769456.50
2011/06/10;6.96;7.01;6.85;6.95;383682;5394478.50
2011/06/13;6.90;7.08;6.85;7.02;366520;5196518.50
2011/06/14;7.00;7.08;6.97;7.06;264921;3790689.25
2011/06/15;7.07;7.09;6.91;6.93;212079;3013482.25
2011/06/16;6.87;7.05;6.87;6.88;339607;4775877.50
2011/06/17;6.85;6.97;6.82;6.83;216534;3017354.00
2011/06/20;6.79;6.85;6.69;6.73;284375;3894708.25
2011/06/21;6.76;6.82;6.66;6.79;280914;3844784.25
2011/06/22;6.77;6.86;6.72;6.81;249213;3428347.75
2011/06/23;6.79;7.08;6.73;7.05;819669;11609320.00
2011/06/24;7.03;7.21;6.98;7.16;899437;12971300.00
2011/06/27;7.16;7.39;7.11;7.22;741435;10896774.00
2011/06/28;7.23;7.28;7.15;7.21;360340;5244570.50
2011/06/29;7.20;7.30;7.07;7.12;477633;6956472.50
2011/06/30;7.17;7.24;7.11;7.23;483077;7041547.50
2011/07/01;7.19;7.32;7.19;7.24;548251;8074153.50
2011/07/04;7.21;7.38;7.21;7.36;688770;10199138.00
2011/07/05;7.36;7.40;7.31;7.39;581623;8671286.00
2011/07/06;7.36;7.40;7.23;7.40;561681;8318967.00
2011/07/07;7.34;7.54;7.33;7.43;860581;12983546.00
2011/07/08;7.43;7.44;7.31;7.39;367191;5467109.50
2011/07/11;7.33;7.40;7.30;7.39;469176;6993650.00
2011/07/12;7.31;7.38;7.15;7.18;475833;7001859.50
2011/07/13;7.26;7.37;7.17;7.35;729997;10772401.00
2011/07/14;7.40;7.73;7.40;7.61;1380364;21231088.00
2011/07/15;7.57;7.73;7.52;7.71;1554224;24132566.00
2011/07/18;7.78;7.78;7.60;7.63;990174;15395954.00
2011/07/19;7.59;7.74;7.59;7.60;978410;15171886.00
2011/07/20;7.63;7.73;7.54;7.67;768172;11868988.00
2011/07/21;7.68;7.75;7.56;7.69;894518;13861640.00
2011/07/22;7.67;7.72;7.56;7.61;702487;10849151.00
2011/07/25;7.56;7.61;7.12;7.14;911775;13571299.00
2011/07/26;7.10;7.13;6.99;7.09;430807;6154556.00
2011/07/27;7.03;7.20;6.99;7.18;423701;6107860.50
2011/07/28;7.11;7.20;7.01;7.18;352398;5069542.50
2011/07/29;7.18;7.26;7.11;7.11;336337;4886322.00
2011/08/01;7.10;7.25;7.03;7.14;519130;7526698.00
2011/08/02;7.06;7.11;6.75;6.94;827118;11548664.00
2011/08/03;6.87;7.32;6.81;7.19;1183015;17136848.00
2011/08/04;7.21;7.32;7.11;7.21;738139;10758749.00
2011/08/05;6.82;7.11;6.82;6.96;566421;8012798.50
2011/08/08;6.84;6.89;6.30;6.38;823134;10967800.00
2011/08/09;6.15;6.30;5.92;6.20;728231;9088642.00
2011/08/10;6.40;6.42;6.22;6.22;510097;6520421.50
2011/08/11;6.10;6.43;5.96;6.39;654667;8381369.00
2011/08/12;6.47;6.55;6.40;6.44;650404;8535299.00
2011/08/15;6.43;6.65;6.37;6.65;777322;10352927.00
2011/08/16;6.65;6.76;6.54;6.58;489870;6589833.00
2011/08/17;6.58;6.65;6.50;6.63;468211;6259445.50
2011/08/18;6.69;6.69;6.45;6.51;428068;5710358.50
2011/08/19;6.36;6.49;6.30;6.49;583616;7568693.00
2011/08/22;6.46;6.67;6.42;6.56;686643;9165927.00
2011/08/23;6.56;6.73;6.53;6.73;791750;10692625.00
2011/08/24;6.79;6.86;6.64;6.68;749108;10264652.00
2011/08/25;6.64;6.77;6.61;6.77;808393;10972296.00
2011/08/26;6.77;6.88;6.71;6.85;704906;9730900.00
2011/08/29;6.80;6.96;6.72;6.81;944024;13121385.00
2011/08/30;6.86;7.01;6.71;6.71;785554;10947339.00
2011/08/31;6.66;6.75;6.47;6.54;629501;8386255.50
2011/09/01;6.54;6.95;6.54;6.88;1823377;24879534.00
2011/09/02;6.81;6.83;6.47;6.52;1454177;19557162.00
2011/09/05;6.46;6.46;6.22;6.22;767284;9777744.00
2011/09/06;6.20;6.23;6.11;6.21;362145;4545512.50
2011/09/07;6.22;6.41;6.22;6.38;499020;6396853.50
2011/09/08;6.38;6.45;6.30;6.32;424205;5473539.00
2011/09/09;6.38;6.39;6.21;6.24;301938;3859924.25
2011/09/13;6.16;6.22;6.11;6.18;231481;2898166.50
2011/09/14;6.23;6.37;6.13;6.35;390200;4940043.00
2011/09/15;6.33;6.42;6.30;6.34;317322;4102046.75
2011/09/16;6.38;6.41;6.26;6.29;335901;4326114.50
2011/09/19;6.25;6.25;6.09;6.09;427641;5332285.00
2011/09/20;6.05;6.15;6.05;6.08;263984;3271668.75
2011/09/21;6.16;6.31;6.06;6.29;549066;6940489.00
2011/09/22;6.23;6.25;6.07;6.08;386755;4844558.00
2011/09/23;5.97;6.13;5.95;6.11;354692;4344757.00
2011/09/26;6.01;6.12;6.01;6.09;247596;3060600.25
2011/09/27;6.18;6.18;6.08;6.15;301478;3751949.00
2011/09/28;6.16;6.23;6.03;6.08;296785;3711137.25
2011/09/29;6.08;6.08;5.85;5.93;439280;5322885.50
2011/09/30;5.93;6.03;5.87;5.95;292270;3521675.00
2011/10/10;5.95;6.07;5.95;6.02;250720;3066082.50
2011/10/11;6.10;6.31;6.10;6.23;1219181;15371497.00
2011/10/12;6.23;6.57;6.18;6.57;1887136;24655012.00
2011/10/13;6.79;7.24;6.69;7.10;6709142;94891648.00
2011/10/14;6.91;6.96;6.74;6.87;5422666;75456720.00
2011/10/17;6.86;7.07;6.82;6.98;3034856;42698620.00
2011/10/18;6.83;6.95;6.58;6.58;2225610;30396658.00
2011/10/19;6.70;6.83;6.57;6.61;1971560;26723126.00
2011/10/20;6.51;6.93;6.44;6.82;3905903;53199648.00
2011/10/21;6.75;6.88;6.49;6.50;2020442;27360052.00
2011/10/24;6.37;7.01;6.36;7.01;3957657;54307580.00
2011/10/25;7.00;7.34;6.91;7.18;5595645;80964704.00
2011/10/26;7.14;7.86;7.01;7.42;6647982;100203312.00
2011/10/27;7.36;7.40;7.16;7.21;3856587;56734720.00
2011/10/28;7.32;7.65;7.21;7.36;4925460;73730712.00
2011/10/31;7.32;7.67;7.22;7.46;4204856;63326104.00
2011/11/01;7.38;7.57;7.21;7.31;3461633;51619332.00
2011/11/02;7.18;7.83;7.09;7.75;5563055;84471424.00
2011/11/03;7.78;8.04;7.61;7.72;6972953;110129080.00
2011/11/04;7.72;7.86;7.54;7.67;2927228;45560976.00
2011/11/07;7.66;7.94;7.57;7.71;2712438;42580616.00
2011/11/08;7.82;8.39;7.71;7.75;4559806;73600112.00
2011/11/09;7.91;8.54;7.91;8.54;7636925;130239240.00
2011/11/10;9.40;9.40;8.54;9.40;9132696;172803488.00
2011/11/11;9.76;10.35;9.71;9.98;16526195;333734496.00
2011/11/14;10.00;10.55;9.93;10.27;10554692;217214032.00
2011/11/15;10.11;10.48;10.04;10.33;9212345;190325104.00
2011/11/16;10.26;10.50;9.85;10.06;8248147;167862896.00
2011/11/17;10.04;10.16;9.79;9.93;5273619;105822760.00
2011/11/18;9.79;9.92;9.51;9.57;5711776;111662672.00
2011/11/21;9.53;9.56;9.06;9.36;7727840;144793904.00
2011/11/22;9.24;9.45;9.01;9.30;5414478;100996664.00
2011/11/23;9.26;9.35;9.00;9.11;4956738;91895064.00
2011/11/24;8.95;9.23;8.86;8.98;5047063;92123920.00
2011/11/25;8.87;9.30;8.66;8.68;7486178;136507536.00
2011/11/28;8.61;8.75;8.37;8.56;5573877;96689000.00
2011/11/29;8.56;8.76;8.46;8.63;4052192;70503128.00
2011/11/30;8.58;8.58;7.76;7.76;4765612;78591648.00
2011/12/01;7.89;8.05;7.66;7.67;8198905;130402552.00
2011/12/02;7.51;7.97;7.46;7.69;6197048;97026216.00
2011/12/05;7.68;7.85;7.41;7.48;4064513;63149708.00
2011/12/06;7.40;7.75;7.01;7.61;6361753;94652216.00
2011/12/07;7.43;7.88;7.32;7.77;6615372;101346472.00
2011/12/08;7.63;8.14;7.53;7.76;8383380;132978808.00
2011/12/09;7.59;7.75;7.26;7.26;5148791;78043160.00
2011/12/12;7.18;7.32;7.06;7.09;2743555;40004968.00
2011/12/13;7.02;7.33;6.72;7.09;5022280;70903648.00
2011/12/14;6.96;7.48;6.96;7.21;5970864;87922024.00
2011/12/15;7.04;7.50;6.89;7.34;5973163;88342168.00
2011/12/16;7.26;8.00;7.22;7.92;8445176;130361512.00
2011/12/19;7.71;8.23;7.62;8.09;9458881;150687152.00
2011/12/20;8.03;8.07;7.64;7.64;6075142;96520256.00
2011/12/21;7.70;7.90;7.21;7.22;5106782;78559672.00
2011/12/22;7.01;7.28;6.67;7.08;5267362;74769408.00
2011/12/23;6.91;7.08;6.72;6.76;5620453;78420840.00
2011/12/26;6.68;7.01;6.62;6.70;3348606;46351208.00
2011/12/27;6.65;6.65;6.02;6.10;4423206;56957724.00
2011/12/28;6.01;6.12;5.86;6.08;2630172;32095098.00
2011/12/29;6.06;6.18;6.01;6.08;2123029;26255728.00
2011/12/30;6.10;6.36;6.10;6.19;2225857;28152244.00
2012/01/04;6.26;6.41;5.90;5.90;2461176;31132588.00
2012/01/05;5.76;5.84;5.43;5.50;3737012;42625788.00
2012/01/06;5.41;5.63;5.38;5.59;2128428;23915066.00
2012/01/09;5.60;5.99;5.56;5.94;3416567;40424076.00
2012/01/10;5.91;6.23;5.88;6.18;4342777;53744708.00
2012/01/11;6.19;6.56;6.14;6.25;5389964;69640352.00
2012/01/12;6.21;6.30;6.09;6.12;3431208;43105556.00
2012/01/13;6.08;6.17;5.51;5.51;4610123;54083164.00
2012/01/16;5.41;5.50;5.28;5.34;2157567;23671640.00
2012/01/17;5.35;5.72;5.32;5.68;2644548;29746236.00
2012/01/18;5.68;5.83;5.35;5.38;3442157;39229668.00
2012/01/19;5.33;5.52;5.17;5.43;2817587;30757730.00
2012/01/20;5.51;5.71;5.44;5.55;2314534;26256594.00
2012/01/30;5.60;5.68;5.50;5.55;1634271;18569332.00
2012/01/31;5.48;5.54;5.26;5.53;2820307;30959734.00
2012/02/01;5.46;5.58;5.35;5.39;1744625;19388078.00
2012/02/02;5.39;5.61;5.35;5.60;2569434;28663020.00
2012/02/03;5.58;5.89;5.54;5.81;4024060;46963720.00
2012/02/06;5.79;6.05;5.74;5.93;4479137;53629692.00
2012/02/07;5.86;6.13;5.72;5.77;4769659;57382188.00
2012/02/08;5.76;6.35;5.72;6.35;3064757;38472496.00
2012/02/09;6.70;7.00;6.57;6.74;13363827;183370336.00
2012/02/10;6.71;6.98;6.63;6.90;9045841;124013792.00
2012/02/13;6.78;7.14;6.77;6.84;8336928;116549328.00
2012/02/14;6.82;7.05;6.75;6.80;4223734;58780252.00
2012/02/15;6.71;7.14;6.66;6.92;7298024;102769640.00
2012/02/16;6.82;7.34;6.82;7.18;10403393;149344640.00
2012/02/17;7.18;7.31;6.77;7.00;7865086;112020480.00
2012/02/20;7.13;7.71;7.00;7.40;15262330;233651376.00
2012/02/21;7.27;7.80;7.24;7.63;15258042;231568016.00
2012/02/22;7.53;7.78;7.47;7.73;11709528;180878976.00
2012/02/23;7.66;7.75;7.41;7.51;8557822;130817960.00
2012/02/24;7.46;7.69;7.31;7.44;7626140;115607560.00
2012/02/27;7.38;7.55;7.34;7.38;6908268;104140592.00
2012/02/28;7.34;7.40;7.12;7.30;6968044;102443600.00
2012/02/29;7.33;7.48;7.01;7.06;7471012;109841816.00
2012/03/01;7.01;7.16;6.96;7.04;4128671;59239112.00
2012/03/02;7.07;7.26;7.04;7.21;4589464;66471380.00
2012/03/05;7.21;7.40;7.11;7.29;6456428;95124064.00
2012/03/06;7.23;7.26;6.99;7.04;4602576;66240204.00
2012/03/07;6.92;7.16;6.82;7.00;5112225;72535656.00
2012/03/08;7.01;7.16;7.00;7.09;3956652;56657972.00
2012/03/09;7.10;7.41;7.05;7.37;8493988;125082168.00
2012/03/12;7.37;7.41;7.25;7.41;5819228;86515656.00
2012/03/13;7.42;7.56;7.24;7.35;5639501;83868152.00
2012/03/14;7.38;7.40;6.60;6.66;7702135;109678336.00
2012/03/15;6.61;6.75;6.35;6.37;5615657;73568696.00
2012/03/16;6.39;6.51;6.27;6.47;3476063;45251688.00
2012/03/19;6.51;6.57;6.41;6.57;3039767;40100752.00
2012/03/20;6.53;6.53;6.26;6.30;2759821;35819732.00
2012/03/21;6.36;6.38;6.13;6.30;2716998;34607900.00
2012/03/22;6.30;6.47;6.26;6.39;2368553;30689822.00
2012/03/23;6.36;6.48;6.30;6.36;1978994;25651980.00
2012/03/26;6.32;6.55;6.29;6.45;2789816;36394012.00
2012/03/27;6.51;6.78;6.45;6.61;4789475;64367608.00
2012/03/28;6.46;6.46;5.94;5.94;5569589;69261192.00
2012/03/29;5.77;5.86;5.59;5.76;2978301;34767016.00
2012/03/30;5.76;5.81;5.53;5.58;1955795;22431776.00
2012/04/05;5.52;5.75;5.52;5.74;2458933;28317812.00
2012/04/06;5.73;6.04;5.66;5.93;3498757;41703608.00
2012/04/09;5.87;5.90;5.61;5.65;2333487;27346818.00
2012/04/10;5.71;5.85;5.56;5.85;2818997;32736726.00
2012/04/11;5.75;5.87;5.71;5.82;2117597;24929790.00
2012/04/12;5.82;5.98;5.76;5.96;2944134;35169068.00
2012/04/13;5.99;6.15;5.92;6.02;3162173;38779488.00
2012/04/16;5.93;5.99;5.88;5.92;1856972;22390886.00
2012/04/17;5.93;6.04;5.83;5.91;2034306;24518518.00
2012/04/18;5.96;6.06;5.91;6.04;2332436;28448564.00
2012/04/19;6.05;6.10;5.92;5.98;1719113;20942858.00
2012/04/20;5.99;6.09;5.93;6.06;2446242;29957908.00
2012/04/23;5.86;5.91;5.45;5.45;5535399;62250248.00
2012/04/24;5.16;5.25;4.91;5.07;5588963;57763172.00
2012/04/25;5.01;5.15;4.98;5.08;2756803;28397706.00
2012/04/26;5.07;5.13;4.95;4.96;2764798;28338184.00
2012/04/27;4.97;5.20;4.97;5.09;3034203;31462742.00
2012/05/02;5.16;5.20;4.99;5.03;3090629;31907846.00
2012/05/03;5.03;5.27;5.00;5.21;5780243;61073520.00
2012/05/04;5.29;5.74;5.27;5.74;6049430;68604808.00
2012/05/07;5.96;6.15;5.85;6.07;12061361;147272752.00
2012/05/08;5.97;6.30;5.97;6.05;9496956;117730336.00
2012/05/09;5.93;6.04;5.83;5.85;5051411;60443696.00
2012/05/10;5.82;5.99;5.82;5.90;3659462;44002320.00
2012/05/11;6.01;6.08;5.73;5.78;4998141;59711160.00
2012/05/14;5.76;6.00;5.76;5.79;4541934;54157092.00
2012/05/15;5.66;5.70;5.45;5.55;4733485;53449156.00
2012/05/16;5.51;5.63;5.50;5.59;2708189;30711306.00
2012/05/17;5.68;6.13;5.66;5.96;7047709;84439360.00
2012/05/18;5.85;5.97;5.76;5.80;4009216;47771344.00
2012/05/21;5.67;5.72;5.31;5.36;5046762;56114132.00
2012/05/22;5.40;5.49;5.40;5.47;2086512;23078156.00
2012/05/23;5.46;5.46;5.32;5.40;1914315;20966842.00
2012/05/24;5.38;5.48;5.33;5.44;2410718;26556872.00
2012/05/25;5.41;5.43;5.19;5.27;2427749;26173572.00
2012/05/28;5.27;5.34;5.11;5.34;1731951;18460680.00
2012/05/29;5.34;5.49;5.31;5.46;2664233;29424580.00
2012/05/30;5.45;5.53;5.38;5.49;2164433;24038254.00
2012/05/31;5.46;5.75;5.42;5.62;4109053;46852576.00
2012/06/01;5.61;5.66;5.51;5.55;2361392;26768742.00
2012/06/04;5.41;5.51;5.31;5.31;1863895;20466710.00
2012/06/05;5.33;5.43;5.29;5.38;1336052;14579863.00
2012/06/06;5.41;5.47;5.36;5.38;1261759;13903819.00
2012/06/07;5.43;5.51;5.31;5.31;1883345;20744346.00
2012/06/08;5.37;5.85;5.32;5.85;6385053;74064552.00
2012/06/11;6.05;6.20;5.86;6.10;12285070;150571664.00
2012/06/12;5.99;6.12;5.87;5.92;6823368;83093064.00
2012/06/13;5.92;6.19;5.88;6.08;7205478;88654648.00
2012/06/14;6.02;6.17;5.86;5.89;5708027;69845432.00
2012/06/15;5.93;5.97;5.77;5.92;3496797;41780312.00
2012/06/18;5.92;6.14;5.90;6.00;4531171;55313956.00
2012/06/19;5.97;6.39;5.94;6.25;8915027;112657568.00
2012/06/20;6.19;6.46;6.11;6.22;6753282;86121576.00
2012/06/21;6.20;6.50;6.16;6.41;7846899;100595888.00
2012/06/25;6.33;6.49;5.98;6.03;5014995;63189620.00
2012/06/26;5.94;6.03;5.79;5.95;2971292;35506084.00
2012/06/27;5.96;6.13;5.87;5.98;3446789;41835640.00
2012/06/28;5.97;6.01;5.81;5.81;2731119;32730340.00
2012/06/29;5.72;5.92;5.66;5.86;2724999;31893338.00
2012/07/02;5.98;6.18;5.86;6.06;3391083;41504856.00
2012/07/03;6.03;6.31;5.99;6.20;4168925;52007944.00
2012/07/04;6.21;6.29;6.06;6.14;2889203;35954208.00
2012/07/05;6.15;6.16;5.82;5.86;2916679;34897332.00
2012/07/06;5.92;6.45;5.76;6.45;4575665;56690560.00
2012/07/09;6.56;6.93;6.47;6.51;12520307;168469728.00
2012/07/10;6.43;6.75;6.33;6.59;7509043;99859184.00
2012/07/11;6.49;6.56;6.26;6.41;5174942;66667432.00
2012/07/12;6.40;6.76;6.33;6.68;7009972;92918696.00
2012/07/13;6.59;6.63;6.01;6.01;9389418;118898496.00
2012/07/16;6.16;6.16;5.75;5.85;5750276;69331624.00
2012/07/17;5.74;6.03;5.74;5.99;3187304;38239940.00
2012/07/18;5.99;6.06;5.85;6.06;2769065;33322038.00
2012/07/19;6.05;6.21;6.01;6.07;3239364;40099104.00
2012/07/20;6.05;6.60;5.99;6.23;5976401;76566640.00
2012/07/23;6.26;6.56;6.24;6.33;4970687;64121508.00
2012/07/24;6.25;6.42;6.18;6.38;4012483;51210480.00
2012/07/25;6.38;6.93;6.35;6.72;9191442;124453896.00
2012/07/26;6.68;6.75;6.52;6.55;4946908;65989436.00
2012/07/27;6.63;6.72;6.48;6.66;6209986;82975432.00
2012/07/30;6.67;6.78;6.28;6.31;5852037;76354496.00
2012/07/31;6.31;6.53;6.01;6.43;5747335;73475008.00
2012/08/01;6.44;6.69;6.32;6.61;5793525;76723344.00
2012/08/02;6.58;6.82;6.53;6.66;6455653;87022752.00
2012/08/03;6.58;6.87;6.43;6.86;7603424;102706472.00
2012/08/06;6.74;7.09;6.73;7.02;7888207;110503088.00
2012/08/07;7.08;7.08;6.83;6.90;5793625;80999888.00
2012/08/08;6.84;6.93;6.69;6.87;4733748;65071548.00
2012/08/09;6.84;6.98;6.72;6.94;4825125;66778808.00
2012/08/10;6.91;6.92;6.71;6.72;4154630;57026312.00
2012/08/13;6.75;6.91;6.66;6.70;4003997;55032320.00
2012/08/15;6.76;6.90;6.63;6.69;4107102;56319152.00
2012/08/16;6.67;6.71;6.27;6.28;4899795;63556468.00
2012/08/17;6.27;6.41;6.24;6.39;2059635;26382910.00
2012/08/20;6.31;6.50;6.26;6.48;1774588;23040116.00
2012/08/21;6.48;6.93;6.46;6.76;4868155;66146404.00
2012/08/22;6.69;6.83;6.60;6.62;2981309;40280060.00
2012/08/23;6.64;6.84;6.62;6.72;3352017;45648420.00
2012/08/24;6.70;6.81;6.54;6.54;2778573;37516016.00
2012/08/27;6.54;6.60;6.34;6.48;2010955;26307128.00
2012/08/28;6.46;6.65;6.37;6.62;4427235;58241940.00
2012/08/29;6.55;6.83;6.50;6.69;4907815;66567892.00
2012/08/30;6.68;6.96;6.38;6.55;6577945;89116920.00
2012/08/31;6.46;6.70;6.44;6.68;2490425;33077514.00
2012/09/03;6.60;6.90;6.60;6.86;3757018;51677996.00
2012/09/04;6.93;7.02;6.78;6.85;4992121;69509896.00
2012/09/05;6.83;7.17;6.83;7.03;5910140;83793088.00
2012/09/06;7.03;7.05;6.86;6.98;3818200;53621952.00
2012/09/07;7.05;7.19;6.93;7.03;6344900;90588152.00
2012/09/10;6.98;7.22;6.87;7.18;6543528;93039000.00
2012/09/11;7.14;7.38;7.04;7.09;5964494;86741120.00
2012/09/12;7.09;7.21;6.93;7.04;4171903;59092904.00
2012/09/13;7.02;7.04;6.82;6.82;2918635;40795136.00
2012/09/14;6.88;6.93;6.76;6.83;2699442;37320188.00
2012/09/17;6.91;7.03;6.64;7.01;6348222;88245248.00
2012/09/18;7.11;7.32;6.46;6.56;11543999;161615472.00
2012/09/19;6.39;6.50;6.27;6.36;6428640;82933808.00
2012/09/20;6.34;6.41;6.01;6.01;4197139;52691252.00
2012/09/21;5.99;6.07;5.72;5.73;4162102;49592444.00
2012/09/24;5.73;5.83;5.66;5.74;2447227;28514284.00
2012/09/25;5.73;5.77;5.51;5.55;2997626;33992284.00
2012/09/26;5.54;5.63;5.35;5.37;2364727;26138458.00
2012/09/27;5.36;5.56;5.36;5.50;2664355;29518684.00
2012/09/28;5.51;5.62;5.47;5.61;1830011;20566908.00
2012/10/08;5.60;5.66;5.57;5.62;1828595;20780920.00
2012/10/09;5.62;5.85;5.60;5.81;2822642;32781134.00
2012/10/10;5.78;5.88;5.72;5.86;2717991;31863088.00
2012/10/11;5.86;5.88;5.66;5.67;2459556;28681190.00
2012/10/12;5.74;5.91;5.64;5.70;2395495;27962544.00
2012/10/15;5.62;5.62;5.14;5.30;4416697;47440276.00
2012/10/16;5.25;5.40;5.25;5.36;1898725;20531294.00
2012/10/17;5.37;5.40;5.29;5.39;1212253;13148331.00
2012/10/18;5.37;5.53;5.37;5.51;1749708;19402920.00
2012/10/19;5.44;5.60;5.44;5.50;1499512;16753066.00
2012/10/22;5.46;5.52;5.44;5.51;1090888;12125653.00
2012/10/23;5.51;5.53;5.38;5.38;1635726;18054084.00
2012/10/24;5.35;5.46;5.35;5.46;1538255;16871244.00
2012/10/25;5.47;5.48;5.36;5.44;1366927;14992107.00
2012/10/26;5.43;5.51;5.33;5.44;2754921;30396766.00
2012/10/29;5.43;5.47;5.34;5.46;1582891;17386890.00
2012/10/30;5.49;5.50;5.39;5.48;1358466;15013067.00
2012/10/31;5.49;5.49;5.35;5.39;1621851;17778956.00
2012/11/01;5.39;5.50;5.35;5.48;1737392;19152478.00
2012/11/02;5.48;5.49;5.38;5.40;2707205;29657790.00
2012/11/05;5.39;5.39;5.26;5.27;2085732;22431240.00
2012/11/06;5.26;5.29;5.12;5.23;1450066;15281147.00
2012/11/07;5.23;5.28;5.19;5.22;1137824;12051208.00
2012/11/08;5.22;5.22;5.05;5.06;1281651;13311810.00
2012/11/09;5.03;5.08;4.98;5.01;976792;9927262.00
2012/11/12;5.03;5.07;5.01;5.06;1047870;10713753.00
2012/11/13;5.04;5.05;4.94;4.95;1154857;11667465.00
2012/11/14;4.94;4.97;4.77;4.88;1628223;15997354.00
2012/11/15;4.86;4.87;4.76;4.81;804926;7860163.50
2012/11/16;4.77;4.77;4.67;4.71;1399580;13347999.00
2012/11/19;4.71;4.81;4.66;4.80;1082734;10379946.00
2012/11/20;4.82;5.08;4.78;4.89;3119735;31266092.00
2012/11/21;4.85;4.96;4.78;4.94;1796227;17699346.00
2012/11/22;4.89;4.93;4.84;4.86;832420;8242370.50
2012/11/23;4.83;4.90;4.81;4.82;731611;7202376.50
2012/11/26;4.79;4.84;4.67;4.69;1086851;10450817.00
2012/11/27;4.61;4.71;4.42;4.44;1365390;12496586.00
2012/11/28;4.41;4.46;4.35;4.38;844233;7558756.50
2012/11/29;4.38;4.48;4.36;4.39;788666;7072406.00
2012/11/30;4.39;4.48;4.34;4.46;948811;8544325.00
2012/12/03;4.47;4.47;4.24;4.24;1167650;10294968.00
2012/12/04;4.24;4.32;4.13;4.30;891670;7635691.00
2012/12/05;4.25;4.55;4.25;4.43;1623367;14605107.00
2012/12/06;4.44;4.67;4.41;4.50;2351080;21748060.00
2012/12/07;4.44;4.66;4.41;4.62;3553421;32896334.00
2012/12/10;4.66;4.80;4.58;4.79;3457102;32952684.00
2012/12/11;4.76;4.80;4.69;4.75;1998198;19271408.00
2012/12/12;4.71;4.76;4.55;4.66;1647647;15516817.00
2012/12/13;4.66;4.81;4.62;4.74;2055947;19642738.00
2012/12/14;4.71;5.04;4.64;5.01;3626043;35967268.00
2012/12/17;4.95;4.99;4.88;4.93;2062300;20659898.00
2012/12/18;4.91;4.99;4.87;4.88;1415136;14168996.00
2012/12/19;4.98;5.04;4.88;4.93;1780039;17944610.00
2012/12/20;4.93;5.03;4.89;5.01;1652911;16611769.00
2012/12/21;4.99;5.22;4.94;5.08;3171399;32483550.00
2012/12/24;5.09;5.25;5.04;5.11;2522743;26313130.00
2012/12/25;5.09;5.29;5.09;5.24;2285072;24172852.00
2012/12/26;5.21;5.54;5.21;5.46;3728003;40853136.00
2012/12/27;5.45;5.48;5.32;5.33;2294246;24997954.00
2012/12/28;5.30;5.43;5.27;5.41;1474206;16014687.00
2012/12/31;5.39;5.60;5.39;5.56;2448662;27175392.00
2013/01/04;5.59;5.68;5.43;5.46;1574965;17492084.00
2013/01/07;5.43;5.53;5.35;5.45;1270804;13989129.00
2013/01/08;5.45;5.69;5.40;5.57;3185597;35956812.00
2013/01/09;5.53;5.76;5.50;5.55;2192661;24941784.00
2013/01/10;5.54;5.73;5.51;5.60;2278593;26013544.00
2013/01/11;5.58;5.70;5.36;5.40;3116865;35134452.00
2013/01/14;5.43;5.63;5.32;5.59;2861771;32045194.00
2013/01/15;5.58;5.82;5.58;5.76;3650606;42140008.00
2013/01/16;5.76;5.82;5.57;5.69;2817996;32454690.00
2013/01/17;5.71;5.72;5.55;5.59;1922551;21905764.00
2013/01/18;5.60;5.78;5.54;5.71;2597497;29796706.00
2013/01/21;5.70;5.88;5.64;5.82;3045418;35522336.00
2013/01/22;5.78;5.84;5.43;5.58;2018511;23093782.00
2013/01/23;5.52;5.62;5.45;5.56;1220556;13682578.00
2013/01/24;5.56;5.66;5.28;5.30;1939122;21440384.00
2013/01/25;5.29;5.35;5.19;5.23;982201;10510190.00
2013/01/28;5.30;5.68;5.24;5.56;3627451;39985716.00
2013/01/29;5.54;5.72;5.49;5.57;2663393;30211458.00
2013/01/30;5.57;5.62;5.38;5.45;1775130;19707702.00
2013/01/31;5.43;5.57;5.35;5.50;3138400;34606404.00
2013/02/01;5.45;5.51;5.27;5.34;4435088;48051528.00
2013/02/04;5.31;5.31;4.98;5.01;3838969;39587100.00
2013/02/05;5.03;5.08;4.95;5.05;2980685;30373502.00
2013/02/06;5.12;5.22;5.08;5.12;2623031;27396026.00
2013/02/07;5.15;5.64;5.10;5.64;9198404;102281824.00
2013/02/08;5.56;5.83;5.49;5.65;8795372;100883808.00
2013/02/18;5.68;5.71;5.59;5.67;4177617;47713516.00
2013/02/19;5.63;5.66;5.48;5.52;3448130;38858856.00
2013/02/20;5.51;5.91;5.50;5.87;6916470;80319048.00
2013/02/21;5.82;6.02;5.64;5.73;5991345;70794160.00
2013/02/22;5.73;5.82;5.59;5.71;3700713;42719596.00
2013/02/25;5.69;5.78;5.67;5.68;3533821;40921308.00
2013/02/27;5.63;5.63;5.33;5.41;5095531;56414116.00
2013/02/28;5.53;5.96;5.48;5.96;6829044;79889480.00
2013/03/01;6.06;6.37;5.97;6.21;12722696;157749424.00
2013/03/04;6.10;6.27;6.00;6.24;9262501;114856392.00
2013/03/05;6.25;6.34;6.06;6.23;7111470;89243128.00
2013/03/06;6.27;6.52;6.27;6.39;7957100;102717480.00
2013/03/07;6.37;6.49;6.08;6.20;5903780;74860736.00
2013/03/08;6.14;6.26;6.05;6.07;2574163;32020256.00
2013/03/11;6.06;6.19;6.03;6.04;1975997;24370852.00
2013/03/12;6.06;6.11;5.65;5.79;3863974;45543928.00
2013/03/13;5.75;5.81;5.60;5.79;2126745;24531294.00
2013/03/14;5.78;5.86;5.71;5.79;1216324;14256249.00
2013/03/15;5.82;5.92;5.67;5.75;2117720;24886550.00
2013/03/18;5.68;5.70;5.51;5.57;2210158;25038380.00
2013/03/19;5.57;5.62;5.38;5.60;1618067;18081440.00
2013/03/20;5.59;5.79;5.53;5.77;2560141;29578036.00
2013/03/21;5.78;5.92;5.76;5.81;2429706;28692980.00
2013/03/22;5.78;5.85;5.72;5.73;2334938;27271400.00
2013/03/25;5.71;5.81;5.66;5.75;1629486;18929160.00
2013/03/26;5.71;5.74;5.51;5.61;2179915;24652838.00
2013/03/27;5.63;5.83;5.63;5.74;3172838;36719724.00
2013/03/28;5.66;5.66;5.43;5.48;2053690;22936090.00
2013/03/29;5.53;5.65;5.45;5.48;1932186;21738924.00
2013/04/01;5.45;5.57;5.39;5.50;1807148;20048278.00
2013/04/02;5.50;5.63;5.41;5.41;2724936;30467576.00
2013/04/03;5.39;5.45;5.12;5.16;3275179;34732188.00
2013/04/08;5.07;5.27;5.01;5.25;1850196;19342692.00
2013/04/09;5.25;5.42;5.21;5.35;2457969;26539680.00
2013/04/10;5.32;5.48;5.28;5.36;2224122;24243906.00
2013/04/11;5.37;5.41;5.25;5.25;1012595;10926242.00
2013/04/12;5.28;5.45;5.22;5.33;1600301;17308200.00
2013/04/15;5.45;5.55;5.35;5.38;2142466;23573422.00
2013/04/16;5.28;5.47;5.17;5.43;1778307;19166548.00
2013/04/17;5.43;5.71;5.41;5.64;3854105;43646584.00
2013/04/18;5.64;5.92;5.58;5.85;5340209;62371740.00
2013/04/19;5.90;6.08;5.79;5.97;6142326;73890352.00
2013/04/22;5.93;6.57;5.86;6.48;11292146;145413376.00
2013/04/23;6.33;6.50;6.09;6.17;6904702;87837832.00
2013/04/24;6.21;6.80;6.15;6.65;10641991;140825856.00
2013/04/25;6.60;6.83;6.33;6.36;9030735;120563360.00
2013/04/26;6.29;6.50;6.08;6.31;4802096;61119568.00
2013/05/02;6.27;6.61;6.18;6.49;4961224;64750416.00
2013/05/03;6.68;7.11;6.66;6.87;9998481;138251504.00
2013/05/06;6.92;7.57;6.84;7.34;13035635;192345040.00
2013/05/07;7.19;7.25;7.04;7.15;7362730;106240288.00
2013/05/08;7.18;7.61;7.18;7.38;7839877;117284520.00
2013/05/09;7.48;8.13;7.44;8.13;16042774;258149680.00
2013/05/10;7.88;8.13;7.61;7.83;9764814;154478384.00
2013/05/13;7.74;8.03;7.54;7.92;7045657;110915592.00
2013/05/14;7.92;7.92;7.12;7.14;9807836;145838880.00
2013/05/15;7.14;7.42;7.14;7.42;5415796;79728264.00
2013/05/16;7.38;7.58;7.00;7.19;7661849;112714424.00
2013/05/17;7.07;7.52;7.00;7.38;7033946;104211072.00
2013/05/20;7.43;8.13;7.32;8.13;13503766;217076864.00
2013/05/21;8.33;8.93;8.18;8.80;13333621;228643808.00
2013/05/22;8.64;8.64;8.15;8.32;8901383;149701328.00
2013/05/23;8.23;9.11;8.21;8.58;10082480;176778672.00
2013/05/24;8.64;9.44;8.63;9.44;8378749;154404400.00
2013/05/27;9.32;9.94;9.31;9.46;7772700;148704016.00
2013/05/28;9.33;9.57;8.71;8.91;6072041;109838384.00
2013/05/29;8.87;9.71;8.81;9.60;7143367;134231024.00
2013/05/30;9.53;9.87;9.42;9.59;5481238;105849344.00
2013/05/31;9.60;9.66;9.09;9.11;5992537;111965112.00
2013/06/03;9.14;9.26;8.69;8.69;4892312;87284264.00
2013/06/04;8.61;9.01;8.48;8.85;5086509;89979648.00
2013/06/05;8.89;9.74;8.85;9.74;8961889;171738528.00
2013/06/06;9.92;10.06;9.52;10.03;9274701;182256512.00
2013/06/07;9.84;10.46;9.63;10.32;8061127;162321216.00
2013/06/13;9.96;11.36;9.87;11.36;11010387;238560688.00
2013/06/14;11.56;12.50;11.56;12.50;15492242;378075040.00
2013/06/17;12.71;12.81;11.96;12.26;13555147;337785792.00
2013/06/18;12.12;13.49;12.12;13.49;12988045;335398368.00
2013/06/19;13.46;13.95;12.96;13.19;12300373;331410208.00
2013/06/20;12.86;13.91;11.99;12.59;10400471;277236480.00
2013/06/21;12.27;13.80;11.46;13.41;12961696;328442624.00
2013/06/24;13.09;13.26;12.09;12.10;10299479;262091440.00
2013/06/25;11.89;13.32;11.87;13.32;13846980;353510752.00
2013/06/26;13.96;14.65;13.82;14.65;13336973;385392576.00
2013/06/27;15.40;16.12;14.61;15.01;22153946;689620416.00
2013/06/28;14.79;16.46;14.76;16.30;18198023;574109696.00
2013/07/01;15.96;17.85;15.52;17.25;15245872;506493792.00
2013/07/02;16.91;18.55;16.75;17.05;15869820;556263360.00
2013/07/03;16.86;18.76;16.75;18.76;17193268;616015424.00
2013/07/04;18.45;18.72;17.46;18.04;13178907;480749632.00
2013/07/05;17.65;18.89;17.25;17.36;12521120;450612064.00
2013/07/08;16.71;18.01;15.79;16.67;11549682;394920736.00
2013/07/09;17.46;18.34;17.22;18.34;13689340;495794432.00
2013/07/10;18.72;20.18;18.46;19.36;18144049;707692224.00
2013/07/11;19.31;20.17;18.96;19.66;13287106;519011136.00
2013/07/12;19.79;21.42;19.79;20.97;13502813;564803200.00
2013/07/15;20.83;21.45;20.46;21.21;13395128;564288704.00
2013/07/16;20.96;21.41;19.86;20.39;12854019;527078464.00
2013/07/17;20.26;20.91;19.99;20.71;9285140;382811392.00
2013/07/18;20.51;20.76;19.97;20.07;7727373;313445280.00
2013/07/19;19.89;22.08;19.89;21.86;16899592;731704704.00
2013/07/22;21.96;22.11;21.08;21.90;12179068;527069888.00
2013/07/23;21.72;22.29;21.05;21.85;10399043;452132640.00
2013/07/24;21.96;22.02;21.25;21.44;10327412;447439936.00
2013/07/25;21.22;21.41;19.29;19.29;11908819;479711232.00
2013/07/26;19.56;20.76;19.50;19.96;10504641;423594848.00
2013/07/29;19.21;20.66;19.06;20.16;9721013;394292288.00
2013/07/30;19.88;20.35;18.47;19.05;8235529;317112768.00
2013/07/31;19.09;19.36;18.67;18.79;5647475;215159040.00
2013/08/01;18.69;20.68;18.56;20.43;10742531;425346784.00
2013/08/02;20.43;20.43;19.39;19.45;8746783;348815808.00
2013/08/05;19.21;20.21;19.20;19.87;5937931;235833008.00
2013/08/06;19.96;21.31;19.96;20.71;8279389;345641088.00
2013/08/14;21.45;22.78;20.95;22.78;14914985;656996160.00
2013/08/15;22.96;24.71;22.28;23.22;14710821;692188032.00
2013/08/16;22.95;23.58;20.96;21.32;11118174;495691488.00
2013/08/19;21.45;23.46;21.45;23.36;13219394;604988096.00
2013/08/20;23.31;24.07;22.87;23.39;9576707;449281888.00
2013/08/21;23.43;24.66;23.04;23.77;7852400;376947200.00
2013/08/22;23.96;26.15;23.81;26.15;10705360;545313472.00
2013/08/23;26.46;28.77;26.25;28.76;18741209;1058870656.00
2013/08/26;28.76;29.75;28.39;29.57;11080657;644149440.00
2013/08/27;29.31;32.53;28.96;32.53;10512355;651448192.00
2013/08/28;33.12;35.64;31.76;32.41;14214447;958201344.00
2013/08/29;32.21;35.66;32.21;35.51;17293142;1200289536.00
2013/08/30;34.70;34.70;31.95;31.95;13879942;917856960.00
2013/09/02;30.46;35.11;30.06;34.41;13223402;884673280.00
2013/09/03;35.99;37.86;33.96;37.86;12808446;924090176.00
2013/09/04;37.86;41.41;37.49;39.21;13257270;1047304192.00
2013/09/05;39.47;43.14;39.47;43.02;13145013;1090635264.00
2013/09/06;42.75;45.20;40.01;42.82;13875511;1182406272.00
2013/09/09;43.84;47.11;40.82;47.11;35355331;1586862592.00
2013/09/10;46.96;50.25;45.94;48.38;39274683;1906731776.00
2013/09/11;46.96;47.36;43.54;43.71;30689166;1372427776.00
2013/09/13;42.86;46.31;39.76;44.87;28878291;1255440640.00
2013/09/16;43.61;47.95;42.96;44.86;28755446;1312069120.00
2013/09/17;44.47;45.55;40.96;41.86;27284259;1175401856.00
2013/09/18;41.76;42.94;39.86;41.26;21029249;868424000.00
2013/09/23;40.97;42.96;40.97;42.18;19939290;842188160.00
2013/09/24;42.46;46.24;42.30;44.66;27932063;1248370944.00
2013/09/25;44.26;45.06;42.76;43.57;20483920;894565056.00
2013/09/26;43.46;44.96;41.12;41.91;17535369;756660672.00
2013/09/27;42.26;42.76;40.76;41.44;14631995;611096512.00
2013/09/30;40.92;44.51;40.67;43.81;20975176;906817088.00
2013/10/08;43.66;45.13;42.46;43.73;17389487;759572416.00
2013/10/09;43.46;48.11;43.16;48.11;37661305;1746605568.00
2013/10/10;48.16;49.46;43.66;43.66;35826741;1643331584.00
2013/10/11;42.96;43.95;40.01;42.29;24450027;1022979520.00
2013/10/14;41.96;42.59;39.96;41.93;13329153;552095168.00
2013/10/15;42.36;43.72;41.72;42.49;14052951;600366080.00
2013/10/16;43.26;43.26;38.24;38.24;18943468;743285504.00
2013/10/17;37.19;37.69;34.41;34.43;22779400;809168704.00
2013/10/18;34.16;35.50;33.97;34.55;14249741;495283648.00
2013/10/21;34.55;36.10;33.37;35.20;16919860;591020736.00
2013/10/22;34.76;34.85;31.68;31.68;24615676;810686080.00
2013/10/23;30.96;31.65;29.47;30.92;20294026;620820160.00
2013/10/24;30.67;31.52;29.76;30.34;12537069;384755040.00
2013/10/25;31.16;31.45;29.53;30.90;23506637;723771968.00
2013/10/28;30.46;31.84;29.98;31.29;18976925;594564672.00
2013/10/29;30.76;31.44;28.16;30.12;25836790;759180928.00
2013/10/30;29.51;30.94;29.27;29.73;14413804;434479168.00
2013/11/01;29.45;32.71;28.56;31.20;31068691;978375296.00
2013/11/04;29.96;30.34;28.57;28.83;19602444;578187840.00
2013/11/05;28.64;29.94;28.21;29.75;16158261;475841888.00
2013/11/06;29.36;30.93;29.21;29.38;18960939;567339968.00
2013/11/07;28.90;30.16;28.14;29.15;15036424;439600704.00
2013/11/08;28.56;29.91;28.26;29.11;13882581;404487104.00
2013/11/11;28.98;29.52;28.36;28.65;10257345;297254464.00
2013/11/12;28.36;28.81;26.77;27.61;17545685;484492928.00
2013/11/13;27.42;28.56;27.08;27.51;13903663;388037376.00
2013/11/14;27.36;28.34;26.88;28.15;15638505;435220576.00
2013/11/15;28.04;29.80;27.97;28.59;21419139;619772672.00
2013/11/18;29.06;29.12;28.52;28.83;13035678;375144480.00
2013/11/19;28.96;29.92;28.88;29.63;18506122;546606080.00
2013/11/20;29.85;29.95;28.97;29.51;13924428;410153536.00
2013/11/21;29.53;30.94;29.16;30.62;23285343;707312896.00
2013/11/22;30.86;33.62;29.96;33.33;30783550;978221824.00
2013/11/25;32.75;35.94;32.28;34.68;31153540;1071185920.00
2013/11/26;34.16;35.21;33.11;33.41;20284963;686717376.00
2013/11/27;33.13;35.54;32.58;34.20;22492470;771104320.00
2013/11/28;34.16;34.45;32.82;33.08;16055482;538131392.00
2013/11/29;32.93;33.89;32.85;33.02;13559234;452506912.00
2013/12/02;30.55;30.56;29.71;29.71;11508768;344962784.00
2013/12/03;26.84;28.60;26.74;27.87;21475073;590372544.00
2013/12/04;27.87;28.52;26.01;26.58;21375523;590529664.00
2013/12/05;26.11;26.82;25.49;26.44;16959118;443964192.00
2013/12/06;26.20;26.81;25.96;26.29;9927088;262579552.00
2013/12/09;26.50;27.54;26.24;27.16;13964272;376426656.00
2013/12/10;27.14;27.40;26.38;26.65;9311608;248889248.00
2013/12/11;26.77;27.74;26.63;27.21;13538769;368776992.00
2013/12/12;26.93;29.21;26.89;28.62;22367850;633750400.00
2013/12/13;28.26;28.46;27.67;28.15;12691041;356004800.00
2013/12/16;28.07;29.71;27.86;28.84;14799229;428537440.00
2013/12/17;28.84;28.96;26.65;27.07;12382876;341674752.00
2013/12/18;26.96;27.50;25.41;27.11;10938122;292031264.00
2013/12/19;26.26;27.58;25.76;25.88;13704373;366094944.00
2013/12/20;25.62;25.95;24.27;24.27;11838588;295772352.00
2013/12/23;24.24;24.61;23.32;24.05;8090263;193875424.00
2013/12/24;23.92;24.51;23.86;24.31;6049677;146747248.00
2013/12/25;24.36;26.17;24.15;25.87;12210828;311124448.00
2013/12/26;26.04;26.04;24.68;24.68;9000142;229328288.00
2013/12/27;24.27;25.63;24.27;25.14;7867623;197938720.00
2013/12/30;25.06;26.08;24.98;25.63;8758668;224002800.00
2013/12/31;25.36;25.46;24.31;24.73;8057670;200873888.00
2014/01/02;24.48;25.56;24.48;25.37;7509302;190558512.00
2014/01/03;25.22;27.02;25.22;26.81;16437821;435927584.00
2014/01/06;26.86;27.76;26.47;26.48;15122905;411298368.00
2014/01/07;26.06;27.56;25.91;27.46;13706234;370834496.00
2014/01/08;27.47;29.14;27.22;28.90;21775105;613950976.00
2014/01/09;28.52;30.96;28.43;28.96;32028336;957691200.00
2014/01/10;28.50;30.29;28.06;29.48;17629360;515175296.00
2014/04/14;32.43;32.43;32.43;32.43;445463;14464184.00
2014/04/15;35.68;35.68;33.24;34.02;30822522;1071944960.00
2014/04/16;33.76;33.78;31.40;31.63;22650809;733748800.00
2014/04/17;31.63;31.96;30.34;30.38;14820003;460904576.00
2014/04/18;30.36;31.69;30.31;30.90;13337453;415764608.00
2014/04/21;30.14;30.53;28.86;29.09;13294365;395485664.00
2014/04/22;29.40;29.78;27.74;28.61;10833706;311819136.00
2014/04/23;28.46;28.46;27.36;28.18;11766336;328440288.00
2014/04/24;27.96;28.12;26.81;27.44;10661040;293030080.00
2014/04/25;27.36;28.13;26.46;26.47;8022622;219424992.00
2014/04/28;26.22;26.34;24.74;24.88;8938760;226063040.00
2014/04/29;24.90;25.37;24.44;25.04;6590482;164396128.00
2014/04/30;25.10;26.09;24.91;25.66;8496679;217322800.00
2014/05/05;25.57;26.17;25.20;26.13;6584936;169869296.00
2014/05/06;26.23;28.75;25.83;28.55;19032849;529617344.00
2014/05/07;27.96;28.13;26.93;26.94;12247387;337714176.00
2014/05/08;26.48;27.43;26.04;26.06;8823652;235149232.00
2014/05/09;25.99;26.38;24.98;25.73;8335605;213700240.00
2014/05/12;25.73;27.27;25.38;26.70;8046165;212024256.00
2014/05/13;26.99;27.63;25.96;26.06;9244854;247030448.00
2014/05/14;26.05;26.58;25.78;26.27;5842253;152979584.00
2014/05/15;26.14;26.63;25.11;25.12;7391426;190504192.00
2014/05/16;25.18;25.46;24.58;25.08;5498140;137383120.00
2014/05/19;25.06;25.42;24.68;25.32;4408168;110960960.00
2014/05/20;25.78;26.17;25.40;25.56;6328223;163309184.00
2014/05/21;25.06;25.69;24.95;25.62;4196714;106556848.00
2014/05/22;25.58;26.34;25.43;25.45;7477853;193673072.00
2014/05/23;25.42;26.62;25.28;26.59;10859728;282671104.00
2014/05/26;26.86;27.18;26.36;26.87;11668494;311708960.00
2014/05/27;26.59;26.72;26.06;26.15;7023865;185348336.00
2014/05/28;26.18;27.23;26.15;26.90;10229010;273975296.00
2014/05/29;26.78;26.82;25.56;25.56;9347790;245018688.00
2014/05/30;25.55;25.94;25.33;25.63;5098335;130713856.00
2014/06/03;25.61;26.33;25.54;25.73;6639899;172014768.00
2014/06/04;25.51;26.81;25.36;26.40;10634399;278380448.00
2014/06/05;26.28;29.04;26.23;29.04;26316989;740769024.00
2014/06/06;30.16;31.48;29.71;30.15;35744778;1091269120.00
2014/06/09;30.37;32.03;29.48;31.21;28382269;878700096.00
2014/06/10;30.55;32.48;29.48;31.81;23268438;718146624.00
2014/06/11;31.18;32.26;31.06;31.13;17676197;558770688.00
2014/06/12;31.11;31.94;30.48;30.78;17106615;532097632.00
2014/06/13;31.11;31.11;29.96;30.42;14518846;443770688.00
2014/06/16;30.20;30.83;30.15;30.43;12047581;366915616.00
2014/06/17;30.48;30.50;29.11;29.38;14934941;441592672.00
2014/06/18;29.35;29.73;29.04;29.18;9404300;276878048.00
2014/06/19;29.18;29.56;26.34;26.77;16019359;445503840.00
2014/06/20;26.86;27.12;26.21;26.88;9543620;255504992.00
2014/06/23;26.89;27.70;26.88;27.25;9564165;261795776.00
2014/06/24;27.25;27.47;26.89;27.22;6861951;186417232.00
2014/06/25;26.99;27.23;26.38;26.85;6451245;172808688.00
2014/06/26;26.88;27.75;26.86;27.27;10670657;292325344.00
2014/06/27;27.32;27.68;27.20;27.22;9105433;249449120.00
2014/06/30;27.48;28.28;27.11;28.00;11740562;326339488.00
2014/07/01;27.90;28.26;27.55;27.89;8588641;239329136.00
2014/07/02;28.08;28.27;27.38;27.75;7184375;199783856.00
2014/07/03;27.71;27.96;27.50;27.57;6934387;192108976.00
2014/07/04;27.68;27.77;26.88;26.99;7873558;214121280.00
2014/07/07;26.99;27.16;26.34;27.13;8204149;219451200.00
2014/07/08;27.33;28.47;26.99;28.12;14693117;410505760.00
2014/07/09;27.89;28.04;26.94;26.98;9713720;267000208.00
2014/07/10;26.98;27.75;26.35;27.25;9924809;267167888.00
2014/07/11;27.16;27.47;26.78;26.94;4912889;133077048.00
2014/07/14;26.48;27.48;25.38;27.14;11591948;306057728.00
2014/07/15;27.68;28.08;26.56;26.88;8180411;223774256.00
2014/07/16;26.94;27.06;26.11;26.68;5226916;138765904.00
2014/07/17;26.63;26.77;26.19;26.25;3206239;84624400.00
2014/07/18;26.20;26.41;25.87;25.99;3655023;95522936.00
2014/07/21;26.17;26.73;25.78;26.39;4229616;111367800.00
2014/07/22;26.41;26.53;26.08;26.36;3647967;96078800.00
2014/07/23;26.38;26.62;25.48;25.49;5785811;149662992.00
2014/07/24;25.49;25.66;24.51;24.98;5352123;133820040.00
2014/07/25;25.05;25.26;24.88;25.18;3360053;84327640.00
2014/07/28;25.50;26.11;25.38;25.95;5317845;137356224.00
2014/07/29;25.99;26.53;25.98;26.10;5837392;153627680.00
2014/07/30;26.05;26.47;25.78;26.32;5586157;146040496.00
2014/07/31;26.49;26.85;26.18;26.62;8025756;213830976.00
2014/08/01;26.33;26.41;25.68;25.75;6449402;168524688.00
2014/08/04;25.75;26.26;25.51;26.17;4331789;111984944.00
2014/08/05;26.17;27.15;25.71;26.70;11735656;311771328.00
2014/08/06;26.49;27.22;26.38;26.83;8743094;235161248.00
2014/08/07;26.71;27.21;26.48;26.54;7032905;189181696.00
2014/08/08;26.63;27.20;26.58;26.88;7554110;204121680.00
2014/08/11;27.23;27.23;26.64;27.03;7038819;190212848.00
2014/08/12;26.98;28.09;26.91;27.80;12269994;339984800.00
2014/08/13;27.78;27.78;26.78;27.10;8802410;239428304.00
2014/08/14;27.16;28.05;26.99;27.40;10816381;299099360.00
2014/08/15;27.26;27.72;27.04;27.56;7905413;217013120.00
2014/08/18;27.58;29.98;27.48;29.30;20930348;602815872.00
2014/08/19;29.39;29.94;28.48;28.96;16192756;472591872.00
2014/08/20;29.08;29.26;28.35;28.48;10300615;295250656.00
2014/08/21;28.46;29.74;28.39;29.70;15907600;462740896.00
2014/08/22;30.23;31.26;29.40;29.47;19054546;575965504.00
2014/08/25;29.47;29.94;28.50;28.68;10910087;317025952.00
2014/08/26;28.97;29.26;28.06;28.48;8577428;245993936.00
2014/08/27;28.09;28.58;28.09;28.18;6083334;172239072.00
2014/08/28;28.13;28.33;27.33;27.38;7047831;196045376.00
2014/08/29;27.36;27.85;27.19;27.67;4459545;123040504.00
2014/09/01;27.67;28.65;27.56;28.51;5975653;169034656.00
2014/09/02;28.52;30.16;28.38;29.57;14281454;419049088.00
2014/09/03;29.73;32.46;28.99;30.97;29085095;894892928.00
2014/09/04;30.97;31.16;30.18;30.68;14195133;434927712.00
2014/09/05;30.58;31.48;30.00;30.87;14446758;440813792.00
2014/09/09;31.47;31.87;30.62;30.88;10497080;326849600.00
2014/09/10;30.58;30.66;29.79;30.28;11583493;350628864.00
2014/09/11;30.28;30.85;29.88;30.13;9741178;295325536.00
2014/09/12;30.19;31.21;30.00;30.63;8749076;268379520.00
2014/09/15;29.28;29.28;27.98;28.19;30956948;879847104.00
2014/09/16;28.38;28.57;28.01;28.04;14222255;403094368.00
2014/09/17;27.97;28.43;27.78;28.41;8488661;238633776.00
2014/09/18;28.55;28.55;28.04;28.18;5740855;162253856.00
2014/09/19;28.08;28.37;28.08;28.23;5335658;150785840.00
2014/09/22;28.58;28.65;28.19;28.28;6803091;192971520.00
2014/09/23;28.59;28.67;27.98;28.18;7524646;212438464.00
2014/09/24;28.18;28.33;27.83;28.28;8214961;231392416.00
2014/09/25;28.36;28.38;27.99;28.05;8070392;227370320.00
2014/09/26;27.88;28.13;27.71;27.77;6826880;190437232.00
2014/09/29;27.96;28.45;27.88;28.30;8686666;245512544.00
2014/09/30;28.31;28.50;28.09;28.49;8791252;249448496.00
2014/10/08;28.51;28.68;28.16;28.58;8573747;244062848.00
2014/10/09;28.51;29.85;28.41;29.25;18357745;534471456.00
2014/10/10;29.09;29.56;28.73;29.13;10278001;298941632.00
2014/10/13;28.96;28.96;28.43;28.65;6015292;172275056.00
2014/10/14;28.68;29.14;28.49;28.58;6438287;185630288.00
2014/10/15;28.64;28.82;28.03;28.34;6455345;183016176.00
2014/10/16;28.18;28.57;27.98;27.99;5335060;151071664.00
2014/10/17;27.93;27.96;26.70;26.97;7018579;191057200.00
2014/10/20;27.03;27.28;26.95;27.28;3563623;96826192.00
2014/10/21;27.27;27.94;27.09;27.64;5466124;150374768.00
2014/10/22;27.66;27.82;27.01;27.08;3600790;98917480.00
2014/10/23;26.95;26.95;26.00;26.10;4554776;120523144.00
2014/10/24;26.00;26.53;25.94;26.23;3590428;94463856.00
2014/10/27;26.24;26.32;25.49;26.05;2811991;72813224.00
2014/10/28;26.03;26.66;26.03;26.66;4052435;107315984.00
2014/10/29;26.68;27.45;26.51;27.05;6772272;183151904.00
2014/10/30;27.17;27.46;26.78;26.87;4035285;109422608.00
2014/10/31;26.89;27.07;26.41;26.83;3939510;105500328.00
2014/11/03;26.87;27.16;26.73;27.16;3607473;97340640.00
2014/11/04;27.18;27.28;26.68;26.79;2936351;79052824.00
2014/11/05;26.76;26.99;26.48;26.49;3280334;87513512.00
2014/11/06;26.67;26.84;26.50;26.58;3492576;93218120.00
2014/11/07;26.68;26.86;26.02;26.09;4152307;110081776.00
2014/11/10;25.78;26.30;25.78;26.24;4582670;119769080.00
2014/11/11;26.16;26.24;24.85;24.96;6722940;170756800.00
2014/11/12;24.98;25.43;24.96;25.18;3183651;80233480.00
2014/11/13;25.17;25.48;24.63;25.38;5664726;142947008.00
2014/11/14;25.38;25.98;25.28;25.59;4489316;115394568.00
2014/11/17;25.60;25.93;25.03;25.75;3817336;97836904.00
2014/11/18;25.75;25.75;25.30;25.37;3849250;98081256.00
2014/11/19;25.78;26.64;25.69;26.59;9881425;260014384.00
2014/11/20;26.28;26.55;26.00;26.14;5135690;134750368.00
2014/11/21;26.19;26.51;26.06;26.30;5626524;147674528.00
2014/11/24;26.77;26.77;26.08;26.33;5667017;149474448.00
2014/11/25;26.37;26.78;26.28;26.54;5643085;150088384.00
2014/11/26;26.51;26.70;26.29;26.44;6138396;162451904.00
2014/11/27;26.45;26.59;26.10;26.21;5354560;140951248.00
2014/11/28;26.26;27.13;26.23;26.80;9602860;256998832.00
2014/12/01;26.68;26.68;25.49;25.83;7043975;182736752.00
2014/12/02;25.82;26.04;25.60;25.86;4244765;109843776.00
2014/12/03;25.97;27.28;25.38;27.16;14011489;369847328.00
2014/12/04;27.13;27.54;26.70;27.18;13822810;374715872.00
2014/12/05;27.20;27.58;25.99;27.01;12548603;337640032.00
2014/12/08;26.88;27.48;26.19;26.51;10549078;282990976.00
2014/12/09;26.53;27.36;25.02;25.08;13726951;363695712.00
2014/12/10;25.26;26.12;24.90;25.73;8902179;227586048.00
2014/12/11;25.98;25.98;25.20;25.55;8565690;219021184.00
2014/12/12;25.51;26.08;25.31;26.00;8053377;207822704.00
2014/12/15;25.73;26.47;25.59;26.19;7810842;204291936.00
2014/12/16;26.11;26.37;25.78;25.90;7032894;182599072.00
2014/12/17;25.90;25.96;25.36;25.44;6087428;155627664.00
2014/12/18;25.33;25.68;25.07;25.12;5874501;148855040.00
2014/12/19;25.28;25.28;23.99;24.16;7832643;192155072.00
2014/12/22;24.06;24.06;21.74;21.74;9907043;220722480.00
2014/12/23;21.37;22.03;21.00;21.01;7565215;162342304.00
2014/12/24;21.28;21.62;21.14;21.47;5017564;107206272.00
2014/12/25;21.48;21.96;21.37;21.49;5185205;111890000.00
2014/12/26;21.67;21.67;21.28;21.42;4637816;99426800.00
2014/12/29;21.30;21.30;19.69;20.52;8046052;163464928.00
2014/12/30;20.19;20.62;19.95;20.19;4908521;99231216.00
2014/12/31;20.28;20.78;20.05;20.33;4569093;93253264.00
2015/01/05;20.39;20.65;19.64;20.56;6781982;137399936.00
2015/01/06;20.38;22.46;20.29;21.88;13051143;280848320.00
2015/01/07;21.67;21.80;21.28;21.43;6885660;148009840.00
2015/01/08;21.43;21.85;21.03;21.51;6610810;142855696.00
2015/01/09;21.39;22.18;21.30;21.52;7628845;166215536.00
2015/01/12;21.43;22.43;21.31;21.87;8335373;182982208.00
2015/01/13;21.78;22.43;21.43;22.25;10058709;221635872.00
2015/01/14;22.08;22.08;21.41;21.48;6670204;144943296.00
2015/01/15;21.38;21.84;21.21;21.27;5271835;113113928.00
2015/01/16;21.27;23.40;21.26;23.40;11618442;262897344.00
2015/01/19;23.78;25.74;23.61;25.74;34306559;859110208.00
2015/01/20;26.16;27.70;25.22;27.16;48346525;1268994688.00
2015/01/21;26.98;27.35;26.11;26.64;30193388;806398464.00
2015/01/22;26.58;27.84;26.30;26.88;23158887;628385600.00
2015/01/23;26.42;26.96;25.49;25.83;19272051;501825152.00
2015/01/26;25.83;26.54;25.71;26.17;13691519;358138048.00
2015/01/27;26.08;27.06;25.78;26.41;17059854;452596544.00
2015/01/28;26.28;26.94;25.88;26.29;14561748;385338336.00
2015/01/29;26.36;27.77;26.13;26.88;19382468;525257152.00
2015/01/30;27.06;27.72;25.26;25.30;14475171;382716832.00
2015/02/03;24.10;26.21;23.83;25.61;20381919;508405120.00
2015/02/04;25.35;25.63;24.75;24.96;13902483;348586112.00
2015/02/05;24.91;27.46;24.50;27.46;26242477;686016448.00
2015/02/06;27.58;30.10;27.36;28.48;46737987;1348506368.00
2015/02/09;28.08;29.96;26.64;27.31;29036547;820462400.00
2015/02/10;27.31;28.54;25.78;28.08;23791916;647062784.00
2015/02/11;27.76;29.98;27.53;29.71;33199136;966710592.00
2015/02/12;29.71;29.71;28.58;28.72;22214238;645918464.00
2015/02/13;29.03;29.62;28.29;29.13;23286894;675327104.00
2015/02/16;29.26;31.47;29.13;30.58;29876739;911383296.00
2015/02/17;30.28;30.58;29.28;29.68;20324009;606948352.00
2015/02/25;29.49;29.51;28.01;28.32;14796733;425715328.00
2015/02/26;27.98;29.15;27.77;28.68;15440766;441374848.00
2015/02/27;28.48;30.93;28.03;29.94;25064908;744862464.00
2015/03/02;29.09;30.78;28.86;30.09;25396381;757140352.00
2015/03/03;29.28;29.97;28.52;28.61;19588026;572178048.00
2015/03/04;28.46;29.96;28.23;29.25;16184170;474496960.00
2015/03/05;29.03;31.35;28.84;30.61;31156694;951536896.00
2015/03/06;30.60;30.68;28.85;28.93;20431540;603782016.00
2015/03/09;28.67;29.92;28.01;29.63;13437759;393686560.00
2015/03/10;29.48;31.24;29.28;30.30;25768473;787192704.00
2015/03/11;29.97;33.33;29.18;33.33;25906559;826161792.00
2015/03/12;34.48;35.11;32.39;32.58;42656411;1444767616.00
2015/03/13;32.98;34.46;31.86;33.85;26768859;894117568.00
2015/03/16;34.27;36.94;33.85;35.83;30402721;1082810368.00
2015/03/17;35.38;36.67;34.48;35.05;26563229;939668288.00
2015/03/18;35.06;35.66;33.98;35.03;20529385;713843904.00
2015/03/19;34.48;35.36;34.08;34.79;16905291;584606528.00
2015/03/20;34.80;35.87;34.00;34.29;21597268;753218752.00
2015/03/23;34.10;35.33;33.62;35.05;22053210;766603264.00
2015/03/24;35.09;36.68;33.43;36.15;34286633;1213228288.00
2015/03/25;35.98;36.16;34.79;34.96;22315565;788783104.00
2015/03/26;34.20;34.26;31.53;32.04;25226702;832792320.00
2015/03/27;31.98;33.08;31.88;32.73;11317737;368928064.00
2015/03/30;32.68;32.98;31.18;31.80;17206132;548411584.00
2015/03/31;31.83;32.78;31.80;32.27;12611565;408055104.00
2015/04/01;32.43;33.03;32.35;33.03;13703536;447857280.00
2015/04/03;32.08;33.33;31.23;33.23;17864754;579836480.00
2015/04/07;33.24;34.77;32.80;34.68;19534940;668148160.00
2015/04/08;34.73;34.96;32.26;33.36;16716894;562518976.00
2015/04/09;33.36;33.36;30.05;31.64;16168627;509955456.00
2015/04/10;30.98;32.30;30.78;31.65;11920769;379441504.00
2015/04/13;31.76;32.16;31.19;31.85;10483200;333528096.00
2015/04/14;31.69;31.95;30.67;30.75;12620513;394384832.00
2015/04/15;30.76;31.88;29.64;30.94;15537371;477922784.00
2015/04/16;29.98;31.86;29.73;30.98;9763529;303586720.00
2015/04/17;30.28;31.34;30.18;30.52;13071573;401772384.00
2015/04/20;30.08;31.85;29.64;31.75;16567316;508959840.00
2015/04/21;31.29;33.48;31.28;33.08;22552509;740123776.00
2015/04/22;33.48;34.68;32.88;33.13;21239213;711957824.00
2015/04/23;32.68;33.96;32.48;33.16;17657087;588572224.00
2015/04/24;33.07;33.27;31.96;32.18;14789040;480605600.00
2015/04/27;31.63;32.69;31.58;31.70;13036002;417022976.00
2015/04/28;31.70;31.97;29.70;29.99;13006474;397867904.00
2015/04/29;29.83;31.24;29.81;30.98;9839819;302917600.00
2015/04/30;30.83;33.93;30.83;33.03;23567711;766821504.00
2015/05/04;32.74;33.87;32.18;32.67;17898197;593315840.00
2015/05/05;32.58;32.89;31.03;31.27;11292381;360368288.00
2015/05/06;30.69;34.36;30.69;33.48;22571782;737147520.00
2015/05/07;33.38;34.84;32.98;33.47;27654326;948132928.00
2015/05/08;34.12;36.63;33.08;35.86;36553704;1291456640.00
2015/05/11;35.85;38.87;34.58;36.98;35076611;1286359040.00
2015/05/12;36.51;37.56;35.56;36.88;28672954;1048011456.00
2015/05/13;36.07;40.23;34.41;38.88;33967997;1272583296.00
2015/05/14;38.47;41.37;38.06;38.30;27903166;1105641984.00
2015/05/15;37.51;37.51;35.96;36.36;20145801;739932800.00
2015/05/18;36.68;38.51;36.62;37.92;18865098;710410624.00
2015/05/19;37.49;38.46;36.29;37.16;16792311;622610688.00
2015/05/20;37.46;39.61;37.00;38.30;21200394;817863104.00
2015/05/21;38.33;41.08;38.31;40.68;22737644;903240320.00
2015/05/22;41.44;41.88;38.43;38.95;24302730;958070080.00
2015/05/25;37.98;39.18;37.01;39.09;18892618;717395712.00
2015/05/26;39.27;43.00;38.98;42.91;24806196;1007772480.00
2015/05/27;42.18;44.48;40.97;43.80;26135163;1128420480.00
2015/05/28;43.18;45.44;39.86;39.86;22571595;963232064.00
2015/05/29;39.09;43.85;37.49;43.85;24007802;969118464.00
2015/06/01;42.98;46.83;42.58;45.58;28094014;1266309888.00
2015/06/02;44.98;46.86;44.24;46.58;22963007;1050160320.00
2015/06/03;46.76;46.78;42.99;44.31;20161839;904887552.00
2015/06/04;44.58;45.63;40.03;42.90;17266031;743820992.00
2015/06/05;42.90;45.25;41.48;43.77;19451934;849296512.00
2015/06/08;42.98;43.33;39.98;41.88;18839699;785151872.00
2015/06/09;41.68;43.98;40.91;43.98;16449797;697809728.00
2015/06/10;42.88;45.73;42.33;43.98;19691641;873656896.00
2015/06/11;43.98;48.38;42.98;48.38;34059253;1567481472.00
2015/06/12;48.98;49.10;45.98;45.98;24998248;1196359808.00
2015/06/15;45.98;46.74;43.24;43.47;17314784;771849984.00
2015/06/16;42.23;45.82;40.09;45.18;22115147;938337536.00
2015/06/17;43.98;49.48;42.53;46.88;19579130;886975488.00
2015/06/18;45.99;47.47;42.19;42.19;13310379;604402752.00
2015/06/19;40.74;41.38;38.00;38.68;13467619;538664768.00
2015/06/23;39.46;40.28;34.95;39.30;11991777;456725728.00
2015/06/24;39.12;39.90;36.98;38.49;13334242;517089376.00
2015/06/25;38.52;39.99;36.50;38.13;18638518;716505152.00
2015/06/26;37.28;37.36;34.32;34.32;10236930;366679488.00
2015/06/29;34.78;34.78;30.89;30.89;10051064;319947520.00
2015/06/30;27.98;33.10;27.80;31.88;19083442;572381504.00
2015/07/01;31.25;32.82;28.69;28.69;15817895;493042368.00
2015/07/02;26.98;28.69;25.82;25.82;12402626;327627936.00
2015/07/03;23.28;25.83;23.24;23.24;14015183;333246560.00
2015/07/06;24.98;24.98;20.91;21.98;24472466;548132352.00
2015/10/22;24.18;24.18;24.18;24.18;1829842;44282176.00
2015/10/23;26.60;26.60;26.60;26.60;259607;6910738.50
2015/10/26;29.26;29.26;27.14;27.66;48208533;1370449792.00
2015/10/27;27.37;29.08;25.58;28.45;28386790;769480384.00
2015/10/28;27.92;30.78;27.63;29.34;31405309;928335360.00
2015/10/29;28.97;31.92;28.28;30.98;29495162;874229632.00
2015/10/30;30.07;32.15;29.49;30.98;26988834;833854336.00
2015/11/02;29.78;30.38;27.88;27.88;20374698;594904256.00
2015/11/03;28.09;28.34;26.48;26.65;14464701;392699872.00
2015/11/04;26.75;29.31;26.48;29.28;18890547;531841056.00
2015/11/05;28.75;30.68;28.49;29.50;22747060;673728640.00
2015/11/06;29.50;31.18;29.48;29.95;21458879;651225216.00
2015/11/09;29.97;30.96;28.58;29.63;18971871;561718656.00
2015/11/10;29.03;30.39;28.81;29.74;20014276;593620224.00
2015/11/11;31.09;32.66;29.98;31.05;40586988;1259653120.00
2015/11/12;30.53;30.82;29.44;29.79;26339463;789522176.00
2015/11/13;29.08;29.38;28.19;28.54;13946670;402027840.00
2015/11/16;27.95;29.55;27.78;29.42;11559869;334965952.00
2015/11/17;29.53;30.43;29.19;29.80;19923750;594600256.00
2015/11/18;30.03;30.28;28.30;28.60;13009971;384684032.00
2015/11/19;28.81;29.74;28.68;29.58;11957011;349345216.00
2015/11/20;29.89;30.97;29.78;30.63;22044237;670363776.00
2015/11/23;30.98;32.42;29.91;30.07;24089285;752680320.00
2015/11/24;29.99;32.33;29.79;32.04;23033437;718044352.00
2015/11/25;31.68;32.10;31.15;31.74;22028175;698737024.00
2015/11/26;31.89;32.86;31.49;32.04;23042274;740456512.00
2015/11/27;31.98;31.98;28.83;28.83;18915867;575497536.00
2015/11/30;28.97;29.48;26.13;29.09;17427623;489833088.00
2015/12/01;28.86;29.23;28.09;28.96;10866505;312299904.00
2015/12/02;28.96;29.47;26.76;27.63;11537557;326914848.00
2015/12/03;27.03;28.91;27.03;28.91;12584939;353909440.00
2015/12/04;28.52;29.18;28.04;28.73;11281286;323056320.00
2015/12/07;28.68;29.86;28.68;29.25;13733775;403211520.00
2015/12/08;29.26;32.18;28.59;32.18;44745327;1418830080.00
2015/12/09;31.13;31.97;30.65;31.74;37586183;1182244480.00
2015/12/10;31.33;32.96;30.99;31.77;36217890;1169061632.00
2015/12/11;31.36;32.85;31.01;32.13;25125078;807965952.00
2015/12/14;32.08;34.86;31.78;33.61;28463080;950052160.00
2015/12/15;33.08;34.08;32.84;33.58;25004769;835073280.00
2015/12/16;33.38;33.57;32.53;32.56;21538309;711184832.00
2015/12/17;32.81;33.68;32.55;33.65;26429434;875868736.00
2015/12/18;33.37;33.48;32.28;32.28;19396295;635201600.00
2015/12/21;32.17;32.43;31.38;32.42;14413705;458742944.00
2015/12/22;32.58;32.64;31.68;32.29;11154119;358681472.00
2015/12/23;32.27;33.18;31.27;31.32;16059229;520569056.00
2015/12/24;30.78;31.25;30.12;30.91;12221765;374211008.00
2015/12/25;30.98;31.64;30.93;31.34;9323531;292272736.00
2015/12/28;31.53;32.18;29.64;29.64;12805429;399215296.00
2015/12/29;29.64;29.83;28.49;29.26;11693434;339355968.00
2015/12/30;29.23;29.85;29.18;29.78;9401216;278298400.00
2015/12/31;29.77;30.24;28.89;28.97;7795119;230871584.00
2016/01/04;28.61;29.25;26.07;26.07;8798740;240321856.00
2016/01/05;23.54;25.63;23.46;23.96;13170619;320345376.00
2016/01/06;24.48;24.96;23.79;24.84;10474344;256380080.00
2016/01/07;24.68;24.68;22.35;22.35;3103329;73054392.00
2016/01/08;23.25;23.61;20.66;22.90;12154064;276079104.00
2016/01/11;22.31;22.67;20.61;20.61;10372889;225799744.00
2016/01/12;20.80;21.93;20.23;21.50;10663417;226187632.00
2016/01/13;21.73;21.78;19.98;20.03;9032955;191033392.00
2016/01/14;19.15;21.84;18.94;21.81;11831216;246049120.00
2016/01/15;21.48;22.56;20.88;21.37;14719212;322720352.00
2016/01/18;20.62;22.61;20.58;22.34;12190784;268279808.00
2016/01/19;22.12;22.97;21.59;22.92;14774922;330596576.00
2016/01/20;22.33;22.84;21.98;22.13;11924266;267297712.00
2016/01/21;21.72;22.88;20.98;20.98;11704288;258910816.00
2016/01/22;21.38;21.95;20.64;21.68;9467391;202805968.00
2016/01/25;21.83;22.27;21.52;21.94;8676016;190665232.00
2016/01/26;21.52;21.78;19.74;19.74;7844107;163438656.00
2016/01/27;19.78;20.12;17.76;19.25;11292737;212016736.00
2016/01/28;18.71;18.94;17.32;17.32;8549621;155042096.00
2016/01/29;17.38;18.43;17.13;18.06;8729871;155933184.00
2016/02/01;18.18;18.20;16.66;17.28;8357902;147783600.00
2016/02/02;17.31;19.01;17.31;19.01;10590197;195964016.00
2016/02/03;18.73;19.36;18.36;19.17;12500321;235369264.00
2016/02/04;19.21;19.78;18.98;19.38;10603216;206331760.00
2016/02/05;19.43;19.56;18.48;18.60;7425946;141468320.00
2016/02/15;17.48;19.16;17.43;18.77;7286787;133170608.00
2016/02/16;19.14;20.27;18.88;19.80;10609975;209100960.00
2016/02/17;19.78;20.85;19.61;20.58;14070116;285749056.00
2016/02/18;20.59;20.89;20.05;20.15;12263553;249933424.00
2016/02/19;20.02;21.15;19.88;20.78;13771458;284174560.00
2016/02/22;21.23;21.97;20.88;21.53;14056938;301132992.00
2016/02/23;21.67;21.67;20.68;21.18;11143826;235915216.00
2016/02/24;21.01;21.27;20.25;21.19;11636298;241813104.00
2016/02/25;21.01;21.02;19.07;19.07;12408600;245792032.00
2016/02/26;19.07;19.17;17.75;18.28;9960838;184882992.00
2016/02/29;18.10;18.18;16.45;16.46;10314013;173891312.00
2016/03/01;16.58;18.11;16.00;18.11;9383261;161175024.00
2016/03/02;18.86;19.92;18.86;19.92;12455612;241148432.00
2016/03/03;21.89;21.91;21.51;21.91;10937675;239418096.00
2016/03/04;22.72;22.72;20.08;20.33;34870864;743158656.00
2016/03/07;21.09;22.37;20.43;22.37;22184321;482889216.00
2016/03/08;21.48;24.61;20.13;24.61;46483495;1035410048.00
2016/03/09;23.71;27.07;23.48;24.98;56808220;1452898176.00
2016/03/10;23.98;24.63;22.81;23.49;36232459;865119488.00
2016/03/11;23.05;24.16;22.56;23.03;25741683;597414272.00
2016/03/14;23.53;25.34;23.11;24.78;30295969;741014528.00
2016/03/15;24.20;25.53;23.89;23.95;32188215;795758976.00
2016/03/16;24.39;25.43;22.81;24.28;33167031;801869568.00
2016/03/17;24.14;26.44;23.99;25.97;38369961;973597376.00
2016/03/18;25.78;28.19;25.57;26.88;40536822;1080032896.00
2016/03/21;26.58;27.66;26.28;27.28;37995447;1022650368.00
2016/03/22;26.48;29.34;26.36;27.05;37020982;1026492672.00
2016/03/23;26.63;27.17;26.23;27.16;24081001;644663296.00
2016/03/24;26.71;26.88;25.88;25.99;22641520;598706688.00
2016/03/25;25.27;26.73;25.09;26.18;20755707;542576832.00
2016/03/28;26.45;27.45;26.00;26.29;23577942;631289216.00
2016/03/29;25.81;26.22;24.83;25.11;15990149;406931776.00
2016/03/30;25.59;26.56;25.29;26.41;17141817;445042176.00
2016/03/31;26.51;27.36;26.28;26.43;22093028;592937216.00
2016/04/01;26.00;26.13;24.99;25.53;17187251;437281248.00
2016/04/05;25.06;26.58;25.06;26.30;16343830;423881536.00
2016/04/06;25.98;26.74;25.76;26.29;13822998;362970784.00
2016/04/07;26.67;26.78;25.36;25.85;19245340;502109120.00
2016/04/08;25.43;26.53;24.98;26.08;17746301;459985728.00
2016/04/11;26.46;27.18;25.99;27.02;23352288;625094144.00
2016/04/12;26.98;27.01;25.80;26.18;15900800;418151872.00
2016/04/13;26.37;27.17;26.19;26.24;18746174;500969120.00
2016/04/14;26.28;27.48;26.28;27.08;23331215;630278720.00
2016/04/15;27.10;27.27;26.37;26.70;14409398;383840576.00
2016/04/18;26.26;26.48;25.68;25.68;11825287;307961664.00
2016/04/19;25.91;26.06;25.08;25.56;12076657;307954656.00
2016/04/20;25.59;25.76;23.00;23.00;21943968;524308160.00
2016/04/21;23.01;23.55;21.99;22.20;12348464;284249024.00
2016/04/22;21.98;22.66;21.83;22.51;8101097;181138400.00
2016/04/25;22.33;22.44;21.39;22.15;8584135;188550992.00
2016/04/26;22.23;23.13;22.16;23.08;11690055;265733872.00
2016/04/27;22.92;23.14;22.37;22.43;9865129;224019344.00
2016/04/28;22.50;22.56;21.55;22.43;8931395;197659344.00
2016/04/29;22.08;22.44;21.95;21.98;5982255;132796760.00
2016/05/03;22.03;22.96;21.78;22.92;9869736;223041040.00
2016/05/04;22.90;23.25;22.69;22.85;10094813;232372016.00
2016/05/05;22.67;23.17;22.67;23.03;7256937;166724640.00
2016/05/06;22.93;23.18;21.41;21.43;13975573;310331296.00
2016/05/09;20.80;21.08;20.01;20.44;9323791;191332432.00
2016/05/10;20.22;20.89;20.22;20.54;5771930;118987760.00
2016/05/11;20.94;20.94;19.98;20.00;6964623;142004480.00
2016/05/12;19.28;19.82;19.06;19.78;6598055;128549608.00
2016/05/13;19.68;20.05;19.20;19.38;4944784;97277480.00
2016/05/16;19.40;20.22;19.37;20.22;7664292;152789856.00
2016/05/17;20.27;21.41;19.73;20.61;12909585;265767904.00
2016/05/18;20.19;20.29;19.01;19.48;8717866;172348736.00
2016/05/19;19.77;20.76;19.65;19.92;11576696;233973968.00
2016/05/20;19.67;20.91;19.41;20.71;10013771;202691760.00
2016/05/23;20.57;20.92;20.51;20.80;9836428;204229424.00
2016/05/24;20.77;20.86;20.13;20.49;8187559;167433872.00
2016/05/25;20.69;21.18;20.44;20.49;8889380;185001472.00
2016/05/26;20.54;20.86;19.87;20.67;8485910;172580512.00
2016/05/27;20.68;21.18;20.47;20.73;10041364;209783696.00
2016/05/30;20.39;20.65;19.90;20.31;7063832;143224432.00
2016/05/31;20.40;21.67;20.35;21.59;14412050;305688352.00
2016/06/01;21.35;21.86;21.35;21.50;12789461;276244832.00
2016/06/02;21.51;21.96;21.51;21.87;11139543;242115552.00
2016/06/03;23.30;23.30;21.89;22.36;16832339;380053280.00
2016/06/06;22.27;23.00;22.15;22.55;10847016;244729904.00
2016/06/07;22.50;22.58;21.92;22.03;9674392;214100928.00
2016/09/02;22.21;23.89;22.21;22.44;20349594;463633216.00
2016/09/05;22.45;22.90;21.21;21.43;15328775;334935968.00
2016/09/06;21.35;21.45;20.60;21.45;11419285;239953328.00
2016/09/07;21.25;21.40;21.02;21.10;8056800;170888704.00
2016/09/08;21.19;21.50;21.05;21.27;6968997;148397344.00
2016/09/09;21.28;22.00;21.03;21.46;11316866;243844544.00
2016/09/12;20.70;20.87;19.90;19.90;10045985;205624336.00
2016/09/13;20.10;20.16;19.68;19.90;5253905;104590536.00
2016/09/14;19.75;20.16;19.61;19.75;4847866;96261456.00
2016/09/19;19.86;20.20;19.86;20.01;4168835;83418376.00
2016/09/20;20.02;20.16;19.87;19.89;3511553;70114896.00
2016/09/21;19.96;20.06;19.84;19.97;3270797;65317940.00
2016/09/22;20.14;20.29;20.00;20.03;4288384;86334368.00
2016/09/23;20.01;20.28;19.91;19.95;4145745;83384568.00
2016/09/26;19.91;19.98;18.90;18.91;6754463;131054992.00
2016/09/27;18.85;19.51;18.85;19.49;4837263;92537352.00
2016/09/28;19.50;19.50;19.12;19.21;3411837;65778844.00
2016/09/29;19.28;19.39;19.15;19.16;3389245;65264640.00
2016/09/30;19.11;19.23;18.85;18.92;4881128;92643080.00
2016/10/10;19.13;19.84;19.05;19.78;7293048;141936320.00
2016/10/11;19.80;19.84;19.63;19.81;5083078;100302456.00
2016/10/12;19.74;20.09;19.67;19.90;6278530;125023448.00
2016/10/13;19.85;20.10;19.81;20.03;4859512;96914888.00
2016/10/14;19.93;20.03;19.54;19.81;4317157;85262872.00
2016/10/17;19.85;19.89;19.25;19.41;4622085;90719632.00
2016/10/18;19.41;19.96;19.41;19.92;5416708;106821792.00
2016/10/19;19.96;20.78;19.71;20.14;10371746;209618464.00
2016/10/20;20.00;20.24;19.92;20.22;6582307;132112600.00
2016/10/21;20.26;20.33;19.78;20.06;5415525;108346352.00
2016/10/24;20.01;20.35;19.87;20.26;6175131;124507432.00
2016/10/25;20.20;20.43;20.11;20.19;5369671;108659880.00
2016/10/26;20.19;20.29;19.95;20.04;4640600;93025760.00
2016/10/27;20.03;20.30;20.00;20.10;4285053;86281496.00
2016/10/28;20.00;20.23;19.77;19.81;4671151;93214760.00
2016/10/31;19.61;19.85;19.33;19.62;3483643;68256904.00
2016/11/01;19.69;20.07;19.63;19.98;5437824;108198560.00
2016/11/02;19.90;20.15;19.82;20.00;5323388;106426800.00
2016/11/03;19.96;20.58;19.80;20.23;9189179;186213824.00
2016/11/04;20.38;21.27;20.20;20.80;15762990;327798688.00
2016/11/07;20.89;20.93;20.39;20.57;7891252;162066592.00
2016/11/08;20.66;20.79;20.52;20.64;6526562;134690672.00
2016/11/09;20.70;20.71;19.87;20.07;9015122;182272144.00
2016/11/10;20.20;20.60;20.18;20.47;6409395;130594032.00
2016/11/11;20.55;20.99;20.51;20.87;10689138;221878064.00
2016/11/14;20.88;21.55;20.69;20.89;11650173;246234640.00
2016/11/15;20.93;22.98;20.65;22.98;14614659;317654304.00
2016/11/16;25.28;25.28;25.28;25.28;4991298;126180016.00
2016/11/17;25.50;26.21;24.43;25.03;44458300;1130574976.00
数据来源:通达信
