300081 恒信移动 日线 前复权
      日期	    开盘	    最高	    最低	    收盘	    成交量	    成交额
2010/05/20;8.32;8.92;7.68;7.78;8398510;339262112.00
2010/05/21;7.00;7.67;6.99;7.56;4750115;174308048.00
2010/05/24;7.44;7.92;7.42;7.76;4166117;162446352.00
2010/05/25;7.62;7.65;7.28;7.49;3422645;128460944.00
2010/05/26;7.82;8.20;7.69;7.73;4553791;181722000.00
2010/05/27;7.62;8.12;7.52;8.02;3360732;133686624.00
2010/05/28;8.09;8.22;7.88;7.99;2786738;112843960.00
2010/05/31;7.92;7.92;7.43;7.43;2612395;101502656.00
2010/06/01;7.26;7.33;6.80;6.94;2264461;80711384.00
2010/06/02;6.89;7.04;6.73;7.02;1103792;38367020.00
2010/06/03;7.02;7.10;6.82;6.82;1838918;65058472.00
2010/06/04;6.73;6.95;6.73;6.94;1033469;35767888.00
2010/06/07;6.79;7.17;6.73;7.13;1897000;67468416.00
2010/06/08;7.10;7.21;7.02;7.20;1638300;59180584.00
2010/06/09;7.24;7.42;7.20;7.28;1790431;66110224.00
2010/06/10;7.24;7.51;7.24;7.48;1443089;54060260.00
2010/06/11;7.48;7.70;7.44;7.65;2176627;83134216.00
2010/06/17;7.68;7.72;7.18;7.18;1759297;66158064.00
2010/06/18;7.16;7.20;6.88;6.92;1115406;39460488.00
2010/06/21;6.92;7.22;6.84;7.21;836791;29843326.00
2010/06/22;7.20;7.38;7.12;7.26;1083923;39966488.00
2010/06/23;7.22;7.36;7.12;7.28;893490;32640192.00
2010/06/24;7.26;7.36;7.19;7.28;755169;27775972.00
2010/06/25;7.21;7.25;6.94;7.00;786635;28144650.00
2010/06/28;7.00;7.11;6.92;6.98;462793;16318617.00
2010/06/29;6.98;7.02;6.42;6.42;846858;28480554.00
2010/06/30;6.41;6.50;6.26;6.45;559913;18042738.00
2010/07/01;6.42;6.48;6.28;6.29;357434;11508440.00
2010/07/02;6.32;6.37;6.04;6.34;757063;23979428.00
2010/07/05;6.26;6.29;6.05;6.22;412461;12909608.00
2010/07/06;6.17;6.39;6.17;6.35;452382;14495542.00
2010/07/07;6.35;6.39;6.27;6.35;594025;18981948.00
2010/07/08;6.36;6.38;6.23;6.35;598429;19150368.00
2010/07/09;6.38;6.57;6.29;6.52;728440;23837602.00
2010/07/12;6.45;6.55;6.45;6.51;515769;16977676.00
2010/07/13;6.45;6.48;6.28;6.38;470853;15196642.00
2010/07/14;6.34;6.52;6.34;6.38;397247;12919529.00
2010/07/15;6.39;6.46;6.24;6.24;342556;11028367.00
2010/07/16;6.22;6.28;6.12;6.24;382016;11970955.00
2010/07/19;6.14;6.35;6.14;6.34;280311;8893197.00
2010/07/20;6.34;6.52;6.34;6.49;578424;18906364.00
2010/07/21;6.49;6.67;6.49;6.53;615563;20517784.00
2010/07/22;6.51;6.59;6.46;6.58;383927;12691720.00
2010/07/23;6.56;6.66;6.51;6.59;550819;18315556.00
2010/07/26;6.60;6.67;6.55;6.64;459608;15354889.00
2010/07/27;6.64;6.64;6.53;6.53;460222;15289324.00
2010/07/28;6.54;6.63;6.53;6.63;616981;20596842.00
2010/07/29;6.64;6.75;6.62;6.70;959724;32419204.00
2010/07/30;6.70;6.77;6.64;6.72;582988;19769426.00
2010/08/02;6.72;6.82;6.70;6.81;638358;21846326.00
2010/08/03;6.81;6.82;6.64;6.64;600642;20511246.00
2010/08/04;6.66;6.68;6.52;6.64;453906;15113269.00
2010/08/05;6.65;6.81;6.58;6.65;579567;19721504.00
2010/08/06;6.68;6.86;6.61;6.85;829805;28473980.00
2010/08/09;6.82;7.00;6.79;6.98;974965;34222496.00
2010/08/10;6.99;7.06;6.72;6.72;876662;30615922.00
2010/08/11;6.72;6.82;6.72;6.79;471107;16120658.00
2010/08/12;6.76;6.84;6.70;6.73;453269;15517764.00
2010/08/13;6.72;6.80;6.63;6.78;679471;23088568.00
2010/08/16;6.75;6.89;6.75;6.87;788932;27280040.00
2010/08/17;6.90;6.92;6.81;6.90;699274;24274646.00
2010/08/18;6.92;6.93;6.81;6.83;624684;21662456.00
2010/08/19;6.84;6.89;6.82;6.87;577580;20033372.00
2010/08/20;6.84;6.84;6.55;6.60;1539192;52135308.00
2010/08/23;6.60;6.62;6.36;6.42;1757937;57509552.00
2010/08/24;6.41;6.50;6.33;6.48;719386;23454588.00
2010/08/25;6.26;6.31;6.16;6.17;2219385;70181440.00
2010/08/26;6.16;6.23;6.16;6.22;664759;20848178.00
2010/08/27;6.23;6.28;6.18;6.28;770383;24330044.00
2010/08/30;6.30;6.42;6.28;6.40;1084530;34932012.00
2010/08/31;6.38;6.42;6.34;6.39;873063;28153772.00
2010/09/01;6.38;6.43;6.19;6.24;1000841;32054402.00
2010/09/02;6.30;6.52;6.25;6.45;1392137;44924684.00
2010/09/03;6.46;6.55;6.44;6.50;1128726;37122360.00
2010/09/06;6.50;6.50;6.36;6.39;822641;26688564.00
2010/09/07;6.38;6.46;6.38;6.46;798717;25935118.00
2010/09/08;6.45;6.45;6.38;6.44;676212;21971898.00
2010/09/09;6.45;6.49;6.32;6.33;754790;24533178.00
2010/09/10;6.34;6.40;6.28;6.37;537288;17264760.00
2010/09/13;6.36;6.45;6.34;6.42;615632;19976322.00
2010/09/14;6.48;6.48;6.36;6.37;502458;16260901.00
2010/09/15;6.36;6.37;6.05;6.16;1088334;34058268.00
2010/09/16;6.14;6.17;5.94;5.99;693777;21236888.00
2010/09/17;5.99;6.04;5.97;5.98;330308;10031729.00
2010/09/20;5.94;6.02;5.85;5.86;367891;11019427.00
2010/09/21;5.86;5.90;5.80;5.81;380582;11231614.00
2010/09/27;5.84;5.89;5.82;5.89;270221;8031374.50
2010/09/28;5.90;5.90;5.78;5.79;343100;10160999.00
2010/09/29;5.83;5.83;5.72;5.72;338105;9896839.00
2010/09/30;5.72;5.80;5.69;5.80;384925;11228060.00
2010/10/08;5.79;5.95;5.79;5.92;447627;13371286.00
2010/10/11;5.92;5.93;5.87;5.91;475532;14213498.00
2010/10/12;5.91;6.04;5.90;5.96;324598;9809076.00
2010/10/13;5.96;5.99;5.72;5.97;485152;14525875.00
2010/10/14;5.97;6.01;5.87;5.88;487516;14647664.00
2010/10/15;5.83;5.89;5.77;5.78;451203;13313210.00
2010/10/18;5.77;5.77;5.64;5.70;546056;15750822.00
2010/10/19;5.68;6.10;5.68;6.03;1188173;35986756.00
2010/10/20;5.92;6.10;5.89;6.00;895038;27240612.00
2010/10/21;5.96;6.00;5.90;5.93;528484;15918798.00
2010/10/22;5.98;6.06;5.93;6.03;711913;21714148.00
2010/10/25;6.06;6.17;6.06;6.14;951198;29440778.00
2010/10/26;6.14;6.14;6.02;6.09;539165;16569270.00
2010/10/27;6.10;6.16;6.05;6.08;628135;19419600.00
2010/10/28;5.93;6.02;5.80;5.87;1207384;36012508.00
2010/10/29;5.87;5.97;5.86;5.92;890449;26725330.00
2010/11/01;5.95;6.14;5.95;6.09;1532955;47083616.00
2010/11/02;6.17;6.18;6.00;6.02;937333;28827650.00
2010/11/03;6.02;6.03;5.90;5.92;543034;16402054.00
2010/11/04;5.95;6.01;5.92;5.98;667690;20198068.00
2010/11/05;6.01;6.09;5.97;6.07;724845;22161398.00
2010/11/08;6.08;6.24;6.06;6.22;1337794;41802372.00
2010/11/09;6.23;6.23;6.13;6.16;1000713;31269240.00
2010/11/10;6.16;6.32;6.16;6.28;1300745;41272364.00
2010/11/11;6.27;6.38;6.20;6.20;1468918;47055684.00
2010/11/15;5.92;6.29;5.88;6.28;1518587;46745648.00
2010/11/16;6.24;6.44;6.08;6.16;1658444;52925440.00
2010/11/17;6.15;6.29;6.10;6.12;998216;31343624.00
2010/11/18;6.16;6.24;6.08;6.19;632339;19727880.00
2010/11/19;6.23;6.47;6.12;6.46;1609436;51641152.00
2010/11/22;6.44;6.65;6.39;6.47;2409107;79358752.00
2010/11/23;6.46;6.46;6.31;6.44;1041372;33625668.00
2010/11/24;6.39;6.59;6.38;6.52;1049487;34606548.00
2010/11/25;6.53;6.64;6.39;6.45;1133718;37305044.00
2010/11/26;6.40;6.50;6.40;6.49;743231;24296548.00
2010/11/29;6.48;6.63;6.42;6.62;1094110;36268720.00
2010/11/30;6.62;6.68;6.29;6.48;1481243;48515848.00
2010/12/01;6.44;6.83;6.42;6.72;2249775;76029576.00
2010/12/02;6.78;6.79;6.64;6.75;1600296;54383500.00
2010/12/03;6.80;6.80;6.59;6.67;948031;31944104.00
2010/12/06;6.62;6.66;6.32;6.34;988995;32305536.00
2010/12/07;6.34;6.40;6.20;6.39;550467;17621800.00
2010/12/08;6.36;6.46;6.28;6.32;535407;17207134.00
2010/12/09;6.28;6.32;6.20;6.20;603456;19074008.00
2010/12/10;6.23;6.29;6.19;6.29;343596;10879727.00
2010/12/13;6.32;6.56;6.29;6.49;786025;25754472.00
2010/12/14;6.48;6.55;6.43;6.50;770534;25318776.00
2010/12/15;6.48;6.64;6.45;6.45;689245;22779514.00
2010/12/16;6.45;6.59;6.45;6.48;589354;19459056.00
2010/12/17;6.52;6.63;6.46;6.63;780025;25890768.00
2010/12/20;6.64;6.76;6.37;6.52;956718;31875392.00
2010/12/21;6.52;6.57;6.44;6.57;443637;14636313.00
2010/12/22;6.58;6.70;6.52;6.65;791480;26622974.00
2010/12/23;6.57;6.67;6.38;6.41;674556;22189584.00
2010/12/24;6.40;6.44;6.21;6.28;711279;22656268.00
2010/12/27;6.26;6.35;6.05;6.05;487465;15351539.00
2010/12/28;5.98;6.05;5.90;5.97;384406;11628034.00
2010/12/29;5.95;6.06;5.91;6.06;418085;12651590.00
2010/12/30;6.04;6.22;6.02;6.08;299588;9257023.00
2010/12/31;6.10;6.16;6.09;6.13;329077;10190396.00
2011/01/04;6.17;6.20;6.10;6.16;377155;11721924.00
2011/01/05;6.12;6.15;6.04;6.07;359869;11111250.00
2011/01/06;6.06;6.13;6.02;6.07;289828;8904165.00
2011/01/07;6.02;6.12;6.01;6.04;322506;9900965.00
2011/01/10;6.17;6.17;5.88;5.93;483850;14860170.00
2011/01/11;5.88;5.88;5.76;5.80;358936;10579581.00
2011/01/13;5.84;5.86;5.78;5.85;499446;14712408.00
2011/01/14;5.80;5.85;5.70;5.70;296160;8633723.00
2011/01/17;5.70;5.73;5.48;5.50;385482;10886713.00
2011/01/18;5.46;5.53;5.40;5.48;214598;5979589.50
2011/01/19;5.50;5.55;5.48;5.55;313111;8750058.00
2011/01/20;5.54;5.55;5.28;5.28;316900;8669408.00
2011/01/21;5.22;5.34;5.17;5.27;243952;6541871.00
2011/01/24;5.30;5.30;5.20;5.20;164691;4386612.50
2011/01/25;5.20;5.24;5.18;5.22;183580;4855431.00
2011/01/26;5.26;5.38;5.26;5.34;206045;5560133.00
2011/01/27;5.30;5.39;5.28;5.37;296620;8037660.50
2011/01/28;5.36;5.43;5.36;5.42;233747;6395425.00
2011/01/31;5.34;5.41;5.34;5.39;182083;4976472.00
2011/02/01;5.40;5.46;5.38;5.44;167411;4593651.00
2011/02/09;5.41;5.46;5.32;5.34;160901;4404058.00
2011/02/10;5.38;5.55;5.34;5.55;445720;12385074.00
2011/02/11;5.54;5.58;5.52;5.57;265771;7488313.00
2011/02/14;5.57;5.72;5.52;5.70;436233;12456187.00
2011/02/15;5.70;5.74;5.64;5.69;403872;11687401.00
2011/02/16;5.69;5.72;5.62;5.71;269234;7755633.50
2011/02/17;5.74;5.76;5.64;5.68;253694;7318921.50
2011/02/18;5.67;5.76;5.56;5.71;623775;17990184.00
2011/02/21;5.68;5.76;5.63;5.76;248327;7199076.00
2011/02/22;5.76;5.77;5.57;5.57;334296;9580744.00
2011/02/23;5.50;5.64;5.50;5.60;235769;6691035.50
2011/02/24;5.59;5.66;5.59;5.66;169578;4847253.00
2011/02/25;5.66;5.66;5.61;5.63;196841;5617898.50
2011/02/28;5.54;5.64;5.54;5.64;435364;12359710.00
2011/03/01;5.64;5.69;5.62;5.66;252498;7231115.50
2011/03/02;5.63;5.65;5.55;5.60;418996;11850705.00
2011/03/03;5.59;5.62;5.45;5.46;309269;8693583.00
2011/03/04;5.48;5.48;5.38;5.45;412003;11348511.00
2011/03/07;5.48;5.51;5.44;5.48;433736;12026175.00
2011/03/08;5.48;5.56;5.45;5.49;362597;10097617.00
2011/03/09;5.52;5.54;5.48;5.51;268408;7487547.50
2011/03/10;5.49;5.55;5.49;5.51;296080;8302121.00
2011/03/11;5.50;5.58;5.48;5.56;460414;12932407.00
2011/03/14;5.54;5.67;5.52;5.67;707663;20174944.00
2011/03/15;5.67;5.67;5.48;5.58;485581;13749330.00
2011/03/16;5.54;5.62;5.52;5.60;282628;8015160.50
2011/03/17;5.59;5.59;5.49;5.50;303062;8486615.00
2011/03/18;5.55;5.55;5.50;5.52;141183;3948597.00
2011/03/21;5.50;5.53;5.45;5.46;182308;5062372.50
2011/03/22;5.48;5.49;5.43;5.48;216861;6000369.00
2011/03/23;5.47;5.51;5.43;5.48;198819;5530851.00
2011/03/24;5.51;5.51;5.46;5.48;197765;5495911.50
2011/03/25;5.48;5.50;5.46;5.49;200722;5589276.50
2011/03/28;5.49;5.49;5.44;5.45;323290;8977069.00
2011/03/29;5.42;5.45;5.26;5.27;655107;17679226.00
2011/03/30;5.27;5.32;5.18;5.23;227098;6034071.00
2011/03/31;5.24;5.30;5.24;5.24;157551;4205656.50
2011/04/01;5.26;5.31;5.26;5.30;135851;3647729.25
2011/04/06;5.32;5.33;5.27;5.27;123392;3310526.25
2011/04/07;5.31;5.31;5.27;5.29;95700;2567854.00
2011/04/08;5.29;5.35;5.28;5.33;178206;4801092.00
2011/04/11;5.33;5.36;5.24;5.26;241362;6471513.00
2011/04/12;5.24;5.29;5.23;5.25;160849;4285316.00
2011/04/13;5.24;5.32;5.24;5.31;143989;3869710.00
2011/04/14;5.32;5.32;5.28;5.28;140470;3771417.50
2011/04/15;5.31;5.31;5.26;5.27;92200;2466058.00
2011/04/18;5.27;5.30;5.24;5.29;143277;3832409.75
2011/04/21;5.12;5.17;5.07;5.09;840144;21722100.00
2011/04/22;5.09;5.09;5.03;5.05;314708;8064548.00
2011/04/25;5.04;5.04;4.92;4.92;296968;7493339.50
2011/04/26;4.90;4.90;4.76;4.77;327334;7998649.00
2011/04/27;4.78;4.81;4.70;4.72;203779;4938156.50
2011/04/28;4.74;4.77;4.58;4.58;145943;3469602.00
2011/04/29;4.62;4.66;4.54;4.64;104369;2450428.75
2011/05/03;4.65;4.71;4.56;4.67;196629;4632863.00
2011/05/04;4.67;4.71;4.59;4.61;129651;3069521.50
2011/05/05;4.60;4.66;4.58;4.62;103112;2427087.00
2011/05/06;4.62;4.63;4.58;4.60;121550;2844878.50
2011/05/09;4.62;4.66;4.61;4.63;129158;3045485.50
2011/05/10;4.62;4.65;4.59;4.63;118109;2773174.00
2011/05/11;4.61;4.66;4.59;4.65;145361;3424435.75
2011/05/12;4.65;4.66;4.57;4.57;180796;4254640.50
2011/05/13;4.57;4.60;4.46;4.52;214348;4921449.00
2011/05/17;4.50;4.52;4.40;4.47;196292;4450468.50
2011/05/18;4.42;4.46;4.39;4.44;165983;3750981.50
2011/05/19;4.45;4.49;4.43;4.43;180643;4094469.25
2011/05/20;4.13;4.28;4.12;4.20;1081384;23138696.00
2011/05/23;4.10;4.17;3.99;3.99;782759;16253985.00
2011/05/24;3.96;4.17;3.94;4.10;694396;14375291.00
2011/05/25;4.08;4.10;3.94;3.96;826268;16840058.00
2011/05/26;3.96;4.00;3.88;3.89;492686;9869847.00
2011/05/27;3.88;3.98;3.84;3.92;763175;15291799.00
2011/05/30;3.92;4.08;3.91;3.99;746392;15236876.00
2011/05/31;3.99;4.06;3.94;4.06;676677;13829170.00
2011/06/01;4.06;4.09;4.03;4.05;444452;9180201.00
2011/06/02;4.02;4.02;3.92;3.96;383374;7728346.50
2011/06/03;3.95;4.03;3.95;4.03;356849;7285306.50
2011/06/07;4.00;4.03;3.98;3.99;482565;9839798.00
2011/06/08;4.01;4.01;3.90;3.96;522137;10500560.00
2011/06/09;3.96;3.96;3.88;3.89;351400;6993815.50
2011/06/10;3.89;3.90;3.79;3.84;480988;9437707.00
2011/06/13;3.80;3.90;3.77;3.85;357454;7033173.00
2011/06/14;3.84;3.90;3.84;3.90;369740;7334004.00
2011/06/15;3.90;3.91;3.83;3.84;289800;5738477.00
2011/06/16;3.85;3.85;3.74;3.75;307500;5944474.50
2011/06/17;3.77;3.78;3.66;3.68;369848;7057097.50
2011/06/20;3.71;3.71;3.60;3.62;598980;11125361.00
2011/06/21;3.65;3.67;3.61;3.67;268099;4986232.50
2011/06/22;3.67;3.69;3.63;3.64;192182;3586967.75
2011/06/23;3.65;3.79;3.61;3.76;700186;13345421.00
2011/06/24;3.72;3.86;3.72;3.84;750131;14585613.00
2011/06/27;3.84;3.94;3.82;3.87;633410;12524983.00
2011/06/28;3.84;3.89;3.84;3.88;315121;6216857.00
2011/06/29;3.85;3.91;3.85;3.85;568789;11276299.00
2011/06/30;3.86;3.91;3.83;3.88;398688;7883924.50
2011/07/01;3.88;3.95;3.87;3.91;584949;11707636.00
2011/07/04;3.94;3.97;3.92;3.97;563276;11370218.00
2011/07/05;3.97;4.00;3.95;3.97;502195;10165416.00
2011/07/06;3.96;4.00;3.91;4.00;680203;13714618.00
2011/07/07;3.96;4.11;3.95;4.01;1071122;22099196.00
2011/07/08;4.01;4.01;3.95;3.96;464883;9429556.00
2011/07/11;3.96;3.99;3.93;3.98;409242;8269965.00
2011/07/12;3.96;3.96;3.85;3.86;517025;10270614.00
2011/07/13;3.86;3.95;3.86;3.95;523636;10464773.00
2011/07/14;3.97;4.11;3.96;4.09;1413386;29177610.00
2011/07/15;3.98;4.16;3.92;4.16;3078526;63592064.00
2011/07/18;4.12;4.20;4.06;4.10;1420902;29849358.00
2011/07/19;4.05;4.08;3.97;4.01;748100;15292937.00
2011/07/20;4.00;4.05;3.98;4.03;515571;10548464.00
2011/07/21;4.03;4.03;3.91;3.93;667900;13484053.00
2011/07/22;3.93;3.99;3.93;3.96;469903;9487302.00
2011/07/25;3.96;3.97;3.70;3.71;930811;18062328.00
2011/07/26;3.71;3.76;3.65;3.75;542861;10360925.00
2011/07/27;3.74;3.79;3.70;3.78;388358;7444992.00
2011/07/28;3.75;3.78;3.68;3.73;464652;8811213.00
2011/07/29;3.71;3.74;3.68;3.69;325797;6174598.00
2011/08/01;3.69;3.75;3.68;3.72;368148;6987606.00
2011/08/02;3.72;3.80;3.56;3.80;957929;18240364.00
2011/08/03;3.76;3.95;3.75;3.89;1244845;24682064.00
2011/08/04;3.89;3.92;3.84;3.85;682834;13491042.00
2011/08/05;3.71;3.77;3.68;3.70;550908;10492790.00
2011/08/08;3.62;3.65;3.33;3.38;953377;16979264.00
2011/08/09;3.30;3.36;3.16;3.32;719772;12066684.00
2011/08/10;3.35;3.41;3.35;3.35;520231;8987719.00
2011/08/11;3.29;3.43;3.23;3.40;611527;10507092.00
2011/08/12;3.42;3.51;3.40;3.46;531344;9429341.00
2011/08/15;3.48;3.55;3.44;3.52;477694;8591558.00
2011/08/16;3.52;3.58;3.51;3.53;580928;10527407.00
2011/08/17;3.51;3.57;3.44;3.51;621887;11183199.00
2011/08/18;3.54;3.58;3.50;3.50;951439;17227994.00
2011/08/19;3.40;3.44;3.37;3.44;423580;7383879.00
2011/08/22;3.44;3.57;3.42;3.55;636759;11442661.00
2011/08/23;3.56;3.90;3.53;3.67;1427352;26595926.00
2011/08/24;3.69;3.72;3.62;3.62;990406;18533710.00
2011/08/25;3.62;3.67;3.58;3.67;684600;12718050.00
2011/08/26;3.63;3.74;3.62;3.71;701785;13250346.00
2011/08/29;3.71;3.72;3.66;3.68;425639;8028258.00
2011/08/30;3.69;3.72;3.59;3.59;548840;10270770.00
2011/08/31;3.59;3.64;3.54;3.60;461490;8432485.00
2011/09/01;3.58;3.65;3.54;3.57;399100;7367404.50
2011/09/02;3.54;3.60;3.52;3.55;320681;5820329.50
2011/09/05;3.48;3.56;3.38;3.38;236700;4170517.00
2011/09/06;3.32;3.38;3.30;3.33;283200;4821566.00
2011/09/07;3.35;3.41;3.34;3.40;391512;6770997.50
2011/09/08;3.42;3.43;3.35;3.35;268106;4669054.00
2011/09/09;3.35;3.40;3.32;3.34;205832;3534793.75
2011/09/13;3.32;3.32;3.27;3.30;155221;2615450.50
2011/09/14;3.30;3.39;3.28;3.39;411446;7040289.00
2011/09/15;3.39;3.41;3.37;3.38;201407;3503287.50
2011/09/16;3.41;3.43;3.38;3.40;264834;4620861.50
2011/09/19;3.38;3.38;3.28;3.28;173579;2949436.75
2011/09/20;3.28;3.32;3.27;3.31;120821;2038618.88
2011/09/21;3.32;3.43;3.31;3.42;251222;4353076.00
2011/09/22;3.38;3.42;3.32;3.33;229409;3955298.25
2011/09/23;3.30;3.36;3.26;3.29;200145;3364780.00
2011/09/26;3.29;3.31;3.26;3.26;141848;2385647.50
2011/09/27;3.28;3.31;3.27;3.30;166155;2803855.25
2011/09/28;3.31;3.34;3.24;3.25;252928;4270260.50
2011/09/29;3.32;3.32;3.18;3.18;211252;3483336.25
2011/09/30;3.18;3.22;3.14;3.19;152302;2480722.00
2011/10/10;3.24;3.24;3.18;3.19;116051;1897349.88
2011/10/11;3.22;3.31;3.20;3.24;318339;5304734.50
2011/10/12;3.23;3.36;3.18;3.36;332630;5643832.50
2011/10/13;3.36;3.48;3.33;3.42;567341;9937593.00
2011/10/14;3.42;3.45;3.38;3.42;321824;5628667.00
2011/10/17;3.44;3.46;3.40;3.44;250075;4404716.00
2011/10/18;3.43;3.44;3.31;3.31;311340;5363497.00
2011/10/19;3.36;3.38;3.31;3.35;270616;4626277.00
2011/10/20;3.32;3.35;3.20;3.28;293901;4917121.50
2011/10/21;3.25;3.26;3.19;3.21;162484;2686068.00
2011/10/24;3.24;3.26;3.09;3.24;339124;5507495.50
2011/10/25;3.23;3.34;3.23;3.32;385728;6502239.50
2011/10/26;3.24;3.53;3.24;3.46;1112019;19592208.00
2011/10/27;3.44;3.49;3.40;3.44;543303;9558060.00
2011/10/28;3.46;3.52;3.45;3.50;631988;11257470.00
2011/10/31;3.50;3.56;3.45;3.53;753701;13565506.00
2011/11/01;3.46;3.55;3.46;3.52;630386;11300141.00
2011/11/02;3.48;3.67;3.42;3.62;1141795;20888230.00
2011/11/03;3.63;3.75;3.60;3.60;1466596;27567664.00
2011/11/04;3.62;3.68;3.59;3.63;648001;11976294.00
2011/11/07;3.61;3.65;3.58;3.59;453949;8379284.50
2011/11/08;3.59;3.63;3.53;3.54;426751;7809701.00
2011/11/09;3.55;3.64;3.52;3.64;740060;13567520.00
2011/11/10;3.60;3.82;3.60;3.69;1935956;36835764.00
2011/11/11;3.68;3.83;3.65;3.79;1428739;27349388.00
2011/11/14;3.82;3.85;3.74;3.81;3146708;60625556.00
2011/11/15;3.76;3.78;3.71;3.75;1519980;29048014.00
2011/11/16;3.74;3.77;3.55;3.57;1625049;30223998.00
2011/11/17;3.57;3.62;3.55;3.59;938876;17198482.00
2011/11/18;3.58;3.58;3.46;3.47;1096771;19602898.00
2011/11/21;3.47;3.51;3.42;3.46;380930;6730044.50
2011/11/22;3.43;3.49;3.42;3.49;356380;6283909.50
2011/11/23;3.49;3.53;3.46;3.48;424833;7594493.00
2011/11/24;3.42;3.47;3.38;3.44;478195;8353891.00
2011/11/25;3.40;3.44;3.30;3.31;782037;13515841.00
2011/11/28;3.29;3.34;3.26;3.31;330361;5577704.50
2011/11/29;3.33;3.34;3.24;3.31;899395;15114438.00
2011/11/30;3.30;3.32;3.06;3.10;856766;13931105.00
2011/12/01;3.42;3.42;3.42;3.42;1015045;17753138.00
2011/12/02;3.51;3.63;3.44;3.44;4488848;81076648.00
2011/12/05;3.26;3.35;3.12;3.15;2256229;37149464.00
2011/12/06;3.14;3.21;3.08;3.19;1009815;16234614.00
2011/12/07;3.13;3.27;3.13;3.22;889539;14582686.00
2011/12/08;3.16;3.55;3.12;3.55;2390819;41706072.00
2011/12/09;3.60;3.91;3.58;3.91;7888573;153245360.00
2011/12/12;3.96;4.17;3.90;4.07;8663858;176937280.00
2011/12/13;4.00;4.20;3.86;4.18;7371534;150214672.00
2011/12/14;4.06;4.14;3.94;4.00;5269275;108474088.00
2011/12/15;3.95;4.31;3.84;3.86;8015054;166795280.00
2011/12/16;3.76;4.26;3.76;4.26;9400513;197399424.00
2011/12/19;4.42;4.69;4.39;4.69;9483151;218048320.00
2011/12/29;4.42;4.49;4.21;4.24;8317181;181666672.00
2011/12/30;4.29;4.43;4.19;4.26;5750614;126027192.00
2012/01/04;4.29;4.39;4.20;4.25;4551940;99111584.00
2012/01/05;4.12;4.12;3.82;3.82;6292321;126288120.00
2012/01/06;3.71;3.78;3.62;3.76;4336443;82189856.00
2012/01/09;3.72;3.95;3.70;3.90;5824315;114023368.00
2012/01/10;3.86;4.30;3.83;4.30;5240425;108448000.00
2012/01/11;4.52;4.74;4.48;4.74;9775233;231479344.00
2012/01/12;4.68;4.84;4.55;4.61;7755104;184504288.00
2012/01/16;4.31;4.58;4.22;4.36;5214201;116617976.00
2012/01/17;4.30;4.62;4.02;4.52;6737928;148041936.00
2012/01/18;4.52;4.78;4.06;4.06;7023671;159854016.00
2012/01/19;3.76;3.96;3.70;3.84;4830747;94269488.00
2012/01/20;3.81;4.02;3.80;3.83;3387004;67215720.00
2012/01/30;3.89;4.02;3.84;3.87;3473274;69596304.00
2012/01/31;3.86;3.90;3.56;3.78;3768323;71150016.00
2012/02/01;3.72;3.83;3.62;3.66;3585099;68122920.00
2012/02/02;3.66;3.83;3.64;3.83;4000187;76502856.00
2012/02/03;3.78;3.97;3.74;3.94;4600948;90529224.00
2012/02/06;3.92;3.92;3.82;3.86;3508303;69296392.00
2012/02/07;3.85;4.02;3.82;3.87;4481737;89497704.00
2012/02/08;3.81;4.00;3.76;3.96;3845810;76435328.00
2012/02/09;3.94;4.36;3.92;4.36;4354814;93640016.00
2012/02/10;4.51;4.76;4.22;4.52;9163254;206331648.00
2012/02/13;4.32;4.54;4.32;4.42;5043079;113575384.00
2012/02/14;4.42;4.65;4.36;4.38;4063725;92539528.00
2012/02/15;4.35;4.83;4.32;4.75;10428312;248935600.00
2012/02/16;4.68;4.72;4.57;4.64;5314577;125379680.00
2012/02/17;4.64;4.70;4.45;4.57;4377658;102070552.00
2012/02/20;4.63;4.80;4.52;4.59;4612994;109596048.00
2012/02/21;4.54;4.98;4.50;4.79;7271088;176137392.00
2012/02/22;4.74;4.92;4.67;4.91;5466277;132983672.00
2012/02/23;4.88;4.88;4.68;4.73;4876997;118189056.00
2012/02/24;4.68;4.77;4.61;4.71;3716685;88620768.00
2012/02/27;4.69;4.82;4.62;4.67;4150739;99534680.00
2012/02/28;4.62;4.77;4.53;4.68;3914693;92647312.00
2012/02/29;4.68;4.69;4.20;4.30;4127180;92694320.00
2012/03/01;4.30;4.44;4.27;4.36;3151932;70220944.00
2012/03/02;4.39;4.72;4.36;4.61;5396479;125373320.00
2012/03/05;4.56;4.79;4.56;4.71;5265999;125535288.00
2012/03/06;4.68;4.79;4.54;4.62;3420194;80923272.00
2012/03/07;4.56;5.09;4.48;5.07;10667843;268811456.00
2012/03/08;4.98;5.05;4.91;4.99;5705565;144023856.00
2012/03/09;5.02;5.09;4.90;4.99;4128661;104719424.00
2012/03/12;5.02;5.08;4.86;5.02;4468370;113007216.00
2012/03/13;5.09;5.09;4.86;4.91;3748620;94006544.00
2012/03/14;4.90;5.20;4.56;4.70;6813156;171102992.00
2012/03/15;4.66;4.87;4.59;4.82;4713787;114010320.00
2012/03/16;4.82;4.88;4.68;4.86;3449154;84030072.00
2012/03/20;4.85;4.85;4.52;4.53;3312449;78274392.00
2012/03/21;4.56;4.67;4.44;4.67;3064038;71449280.00
2012/03/22;4.66;4.70;4.58;4.60;1677599;39585812.00
2012/03/23;4.54;4.78;4.48;4.64;2445751;57609624.00
2012/03/26;4.58;4.90;4.56;4.80;3450050;83535808.00
2012/03/27;4.80;5.08;4.75;4.93;4400145;109899080.00
2012/03/28;4.90;4.99;4.60;4.62;3530336;86116744.00
2012/03/29;4.56;4.56;4.15;4.16;4126610;89992712.00
2012/03/30;4.14;4.24;4.03;4.08;2404853;50403504.00
2012/04/05;4.08;4.26;4.04;4.25;2189721;46778876.00
2012/04/06;4.26;4.46;4.24;4.38;3092287;68439600.00
2012/04/09;4.32;4.36;4.13;4.13;2230214;48087544.00
2012/04/10;4.10;4.39;4.05;4.38;2974183;64030956.00
2012/04/11;4.31;4.41;4.24;4.40;2885226;63590268.00
2012/04/12;4.38;4.44;4.31;4.40;1983480;44247732.00
2012/04/13;4.40;4.51;4.36;4.46;2395945;54203336.00
2012/04/16;4.39;4.40;4.30;4.36;1706076;37732892.00
2012/04/17;4.34;4.38;4.20;4.20;1345776;29259756.00
2012/04/18;4.21;4.31;4.21;4.28;1210636;26375338.00
2012/04/19;4.32;4.32;4.06;4.16;2027599;43644096.00
2012/04/20;4.12;4.25;4.06;4.20;1908099;40410728.00
2012/04/23;4.08;4.08;3.77;3.77;3083252;60104812.00
2012/04/24;3.42;3.62;3.42;3.50;3281330;58889348.00
2012/04/25;3.53;3.59;3.47;3.53;1749349;31490190.00
2012/04/26;3.56;3.56;3.34;3.40;2277544;40093080.00
2012/04/27;3.36;3.52;3.36;3.50;1853674;32944862.00
2012/05/02;3.52;3.55;3.46;3.52;1679921;30085238.00
2012/05/03;3.54;3.67;3.49;3.62;2081262;38197820.00
2012/05/04;3.60;3.71;3.58;3.64;1811254;33838216.00
2012/05/07;3.62;3.72;3.60;3.70;1577810;29516338.00
2012/05/08;3.66;4.06;3.66;3.83;3617563;71267488.00
2012/05/09;3.74;3.78;3.64;3.67;2083235;39377412.00
2012/05/10;3.67;3.76;3.67;3.69;1230778;23343128.00
2012/05/11;3.71;3.77;3.64;3.65;918748;17324334.00
2012/05/14;3.67;3.70;3.55;3.57;1180510;21868910.00
2012/05/15;3.49;3.57;3.47;3.51;840726;15060126.00
2012/05/16;3.51;3.56;3.49;3.51;794723;14329724.00
2012/05/17;3.51;3.58;3.43;3.56;1064457;19197520.00
2012/05/18;3.53;3.77;3.52;3.64;2115901;39673020.00
2012/05/21;3.62;3.75;3.56;3.75;1824542;34497776.00
2012/05/22;3.78;3.82;3.68;3.72;1590759;30285174.00
2012/05/23;3.69;3.74;3.58;3.60;1310966;24407492.00
2012/05/24;3.57;3.62;3.52;3.54;787110;14340326.00
2012/05/25;3.55;3.59;3.44;3.50;712860;12803094.00
2012/05/28;3.49;3.50;3.35;3.45;986108;17292556.00
2012/05/29;3.49;3.57;3.46;3.55;1000768;18030300.00
2012/05/30;3.53;3.62;3.52;3.59;905863;16549239.00
2012/05/31;3.58;3.71;3.53;3.64;1364627;25401138.00
2012/06/01;3.62;3.66;3.57;3.59;823204;15201944.00
2012/06/04;3.53;3.53;3.33;3.33;1295322;22648216.00
2012/06/05;3.32;3.38;3.32;3.34;694540;11924724.00
2012/06/06;3.35;3.46;3.34;3.37;870228;15184950.00
2012/06/07;3.42;3.44;3.28;3.32;744754;12832280.00
2012/06/08;3.34;3.62;3.32;3.49;2040302;36261076.00
2012/06/11;3.48;3.56;3.44;3.56;1408099;25372066.00
2012/06/12;3.53;3.54;3.46;3.47;1059232;18919910.00
2012/06/13;3.50;3.56;3.49;3.55;1064759;19181704.00
2012/06/14;3.54;3.61;3.46;3.48;1133894;20503316.00
2012/06/15;3.47;3.50;3.42;3.49;642010;11391296.00
2012/06/18;3.49;3.66;3.49;3.56;1589537;29154908.00
2012/06/19;3.55;3.71;3.52;3.64;2296591;42661788.00
2012/06/20;3.64;3.80;3.62;3.65;1916282;36246772.00
2012/06/21;3.62;3.76;3.60;3.71;2487680;46961708.00
2012/06/25;3.65;3.68;3.55;3.56;1301570;23996932.00
2012/06/26;3.50;3.55;3.38;3.46;1178571;20793848.00
2012/06/27;3.43;3.55;3.43;3.45;886055;15763999.00
2012/06/28;3.45;3.50;3.40;3.44;898436;15870642.00
2012/06/29;3.39;3.48;3.33;3.48;973149;17030342.00
2012/07/02;3.51;3.55;3.46;3.54;1073309;19315374.00
2012/07/03;3.55;3.65;3.51;3.60;1489427;27373694.00
2012/07/04;3.57;3.67;3.56;3.61;922047;17001772.00
2012/07/05;3.58;3.58;3.45;3.46;947507;16862708.00
2012/07/06;3.50;3.58;3.37;3.57;1448565;25846820.00
2012/07/09;3.54;3.63;3.42;3.49;1613904;29250430.00
2012/07/10;3.43;3.53;3.40;3.49;931622;16502924.00
2012/07/11;3.48;3.48;3.40;3.46;706611;12439548.00
2012/07/12;3.44;3.56;3.41;3.55;1164941;20855742.00
2012/07/13;3.53;3.72;3.53;3.61;2765452;51285768.00
2012/07/16;3.24;3.24;3.24;3.24;241700;4012220.00
2012/07/17;2.91;3.03;2.91;2.92;3588128;53963248.00
2012/07/18;2.88;2.93;2.86;2.93;1915197;28520730.00
2012/07/19;2.92;3.01;2.89;2.96;1608021;24370446.00
2012/07/20;2.94;3.00;2.92;2.92;1269299;19292364.00
2012/07/23;2.87;2.90;2.81;2.81;1333865;19484948.00
2012/07/24;2.78;2.85;2.76;2.83;630894;9144577.00
2012/07/25;2.80;2.87;2.80;2.82;666201;9710080.00
2012/07/26;2.83;2.86;2.79;2.80;671337;9755762.00
2012/07/27;2.81;2.98;2.78;2.91;1660424;24593106.00
2012/07/30;2.86;2.88;2.71;2.72;1339550;19193582.00
2012/07/31;2.72;2.75;2.60;2.62;961579;13136516.00
2012/08/01;2.61;2.70;2.61;2.66;595043;8140273.50
2012/08/02;2.65;2.68;2.62;2.66;574484;7835291.00
2012/08/03;2.64;2.82;2.64;2.75;1092741;15407182.00
2012/08/06;2.71;2.92;2.71;2.88;1844096;26930968.00
2012/08/07;2.83;2.90;2.83;2.88;948440;13945344.00
2012/08/08;2.88;2.91;2.82;2.83;1062499;15614943.00
2012/08/09;2.80;2.86;2.77;2.85;1276880;18499628.00
2012/08/10;2.83;2.85;2.82;2.82;613613;8929121.00
2012/08/13;2.82;2.84;2.73;2.74;476257;6836251.50
2012/08/14;2.74;2.77;2.69;2.76;720576;10139029.00
2012/08/15;2.75;2.77;2.72;2.73;515107;7267814.00
2012/08/16;2.73;2.76;2.69;2.69;372710;5223701.50
2012/08/17;2.69;2.74;2.68;2.73;382991;5356453.50
2012/08/20;2.71;2.76;2.71;2.76;290514;4105423.50
2012/08/21;2.76;3.00;2.75;2.89;2168547;32204024.00
2012/08/22;2.87;2.90;2.83;2.85;909913;13381678.00
2012/08/23;2.85;2.95;2.84;2.93;1315081;19526506.00
2012/08/24;2.92;2.92;2.80;2.81;1136004;16691730.00
2012/08/27;2.76;2.81;2.66;2.71;679619;9490727.00
2012/08/28;2.68;2.79;2.68;2.74;499147;7033398.50
2012/08/29;2.74;2.83;2.72;2.77;743815;10661844.00
2012/08/30;2.75;2.78;2.64;2.69;854497;11935579.00
2012/08/31;2.66;2.73;2.66;2.72;455328;6344202.50
2012/09/03;2.72;2.78;2.69;2.76;401099;5680554.00
2012/09/04;2.76;2.85;2.75;2.79;745134;10764206.00
2012/09/05;2.76;2.94;2.75;2.88;1613395;23818302.00
2012/09/06;2.86;3.01;2.84;2.97;2036300;30659520.00
2012/09/07;2.99;3.04;2.93;3.00;2016700;30904860.00
2012/09/10;3.01;3.06;2.95;3.02;1460791;22545744.00
2012/09/11;3.00;3.02;2.96;2.99;806626;12395289.00
2012/09/12;3.00;3.01;2.91;2.95;1207811;18319266.00
2012/09/13;2.96;2.98;2.89;2.89;918650;13905986.00
2012/09/14;2.92;2.93;2.87;2.92;613750;9152379.00
2012/09/17;2.90;2.91;2.74;2.74;1255216;18012710.00
2012/09/18;2.70;2.77;2.70;2.74;673596;9465444.00
2012/09/19;2.74;2.81;2.72;2.76;684437;9775076.00
2012/09/20;2.76;2.76;2.65;2.65;747948;10353744.00
2012/09/21;2.65;2.67;2.61;2.61;515232;7016293.00
2012/09/24;2.60;2.61;2.55;2.60;435162;5797865.00
2012/09/25;2.59;2.61;2.55;2.56;282418;3746892.00
2012/09/26;2.57;2.83;2.57;2.83;2009803;28891690.00
2012/09/27;2.96;2.96;2.69;2.78;3868865;55992600.00
2012/09/28;2.70;2.80;2.70;2.77;2023463;28663940.00
2012/10/08;2.76;2.85;2.74;2.79;1478845;21277156.00
2012/10/09;2.78;2.85;2.77;2.84;1813817;26335956.00
2012/10/10;2.83;2.88;2.81;2.85;1566117;22889288.00
2012/10/11;2.84;2.85;2.75;2.75;1214171;17478360.00
2012/10/12;2.74;2.79;2.67;2.69;1170228;16367989.00
2012/10/15;2.69;2.69;2.58;2.62;1198577;16170066.00
2012/10/16;2.63;2.67;2.62;2.65;571409;7803363.50
2012/10/17;2.67;2.68;2.62;2.65;588614;8026276.00
2012/10/18;2.67;2.71;2.65;2.70;709618;9854401.00
2012/10/19;2.70;2.77;2.69;2.74;823133;11607431.00
2012/10/22;2.73;2.77;2.68;2.74;606424;8499617.00
2012/10/23;2.75;2.77;2.69;2.70;533702;7509125.50
2012/10/24;2.66;2.71;2.66;2.67;384245;5304864.50
2012/10/25;2.70;2.73;2.67;2.73;975992;13598164.00
2012/10/26;2.73;2.74;2.62;2.67;779009;10730290.00
2012/10/29;2.64;2.68;2.64;2.65;228064;3126137.50
2012/10/30;2.64;2.69;2.64;2.67;264929;3638395.25
2012/10/31;2.67;2.69;2.65;2.66;428431;5881842.50
2012/11/01;2.67;2.72;2.67;2.72;527305;7340951.50
2012/11/02;2.73;2.78;2.70;2.75;773442;10912357.00
2012/11/05;2.76;2.77;2.73;2.74;517109;7308262.50
2012/11/06;2.74;2.74;2.66;2.70;422984;5860560.00
2012/11/07;2.68;2.75;2.68;2.70;310303;4338758.50
2012/11/08;2.65;2.67;2.63;2.63;438117;5972454.00
2012/11/09;2.65;2.65;2.60;2.62;205891;2787424.75
2012/11/12;2.64;2.66;2.63;2.66;227499;3102854.50
2012/11/13;2.66;2.66;2.62;2.62;315198;4286635.00
2012/11/14;2.64;2.64;2.61;2.63;244962;3317584.25
2012/11/15;2.62;2.63;2.56;2.56;284348;3814456.00
2012/11/16;2.56;2.58;2.53;2.56;344624;4550901.00
2012/11/19;2.57;2.59;2.55;2.58;225236;2986492.00
2012/11/20;2.60;2.60;2.57;2.57;277049;3687403.25
2012/11/21;2.64;2.84;2.64;2.84;2410573;34905388.00
2012/11/22;2.85;2.94;2.82;2.84;4810185;71138256.00
2012/11/23;2.80;2.84;2.76;2.84;2083027;30026678.00
2012/11/26;2.84;2.84;2.70;2.72;1724164;24441104.00
2012/11/27;2.72;2.72;2.58;2.62;1115501;15075100.00
2012/11/28;2.59;2.67;2.55;2.66;1012162;13599194.00
2012/11/29;2.64;2.66;2.48;2.49;1302228;17404356.00
2012/11/30;2.47;2.50;2.43;2.48;1068415;13587711.00
2012/12/03;2.48;2.48;2.32;2.36;951399;11853157.00
2012/12/04;2.33;2.39;2.29;2.38;747002;9027613.00
2012/12/05;2.38;2.50;2.36;2.46;976529;12344978.00
2012/12/06;2.46;2.61;2.44;2.48;1285322;16742786.00
2012/12/07;2.50;2.57;2.43;2.54;932912;12099183.00
2012/12/10;2.51;2.59;2.50;2.57;1639758;21468302.00
2012/12/11;2.57;2.58;2.53;2.55;727850;9583229.00
2012/12/12;2.54;2.57;2.51;2.55;770407;10078221.00
2012/12/13;2.56;2.61;2.52;2.53;651896;8607265.00
2012/12/14;2.53;2.63;2.51;2.62;1066444;14237932.00
2012/12/17;2.62;2.67;2.58;2.63;927603;12551781.00
2012/12/18;2.63;2.66;2.59;2.60;686843;9266801.00
2012/12/19;2.60;2.68;2.59;2.62;907145;12324596.00
2012/12/20;2.60;2.66;2.59;2.64;762864;10330752.00
2012/12/21;2.63;2.74;2.60;2.67;1362069;18659818.00
2012/12/24;2.67;2.78;2.67;2.74;1380503;19406312.00
2012/12/25;2.74;2.79;2.72;2.78;1383185;19663222.00
2012/12/26;2.77;2.90;2.76;2.85;1573743;22866570.00
2012/12/27;2.86;2.87;2.77;2.77;1107229;15974720.00
2012/12/28;2.76;2.82;2.74;2.79;903923;12910517.00
2012/12/31;2.81;2.81;2.76;2.78;913347;13023322.00
2013/01/04;2.79;2.80;2.70;2.74;792354;11216444.00
2013/01/07;2.73;2.86;2.72;2.83;1585267;22891036.00
2013/01/08;2.81;3.05;2.80;2.94;2419463;36450784.00
2013/01/09;2.92;3.00;2.89;2.94;1750242;26509768.00
2013/01/10;2.98;3.05;2.94;2.97;1849028;28368218.00
2013/01/11;3.01;3.28;3.00;3.11;4506516;73536920.00
2013/01/14;3.06;3.18;3.03;3.15;2571847;40979608.00
2013/01/15;3.13;3.30;3.09;3.22;2540199;41423688.00
2013/01/16;3.35;3.44;3.23;3.26;4634690;79199688.00
2013/01/17;3.23;3.23;3.08;3.08;2594857;41556668.00
2013/01/18;3.09;3.14;3.07;3.13;1242608;19804402.00
2013/01/21;3.12;3.13;3.05;3.09;1191348;18871122.00
2013/01/22;3.10;3.11;2.95;2.96;1535081;23857248.00
2013/01/23;2.96;3.03;2.93;3.02;1487581;22781770.00
2013/01/24;3.00;3.04;2.88;2.89;1146729;17506554.00
2013/01/25;2.90;2.93;2.87;2.92;756410;11272679.00
2013/01/28;2.95;3.02;2.91;3.01;691619;10583046.00
2013/01/29;3.00;3.08;3.00;3.06;891675;13954309.00
2013/01/30;3.05;3.08;2.97;3.01;725811;11229316.00
2013/01/31;3.08;3.08;2.96;2.98;615312;9463556.00
2013/02/01;2.97;3.02;2.92;3.01;589584;9046986.00
2013/02/04;3.02;3.03;2.90;2.95;593519;9023382.00
2013/02/05;2.95;3.02;2.93;3.02;482448;7402695.50
2013/02/06;3.06;3.11;3.04;3.06;920936;14520126.00
2013/02/07;3.08;3.15;3.07;3.11;970620;15443322.00
2013/02/08;3.10;3.17;3.10;3.14;1136702;18272510.00
2013/02/18;3.14;3.16;3.11;3.14;728467;11722644.00
2013/02/19;3.14;3.14;3.02;3.04;1139057;17835364.00
2013/02/20;3.03;3.14;3.03;3.14;1202591;19153026.00
2013/02/21;3.12;3.12;3.04;3.06;993474;15720021.00
2013/02/22;3.07;3.18;3.06;3.13;1091011;17463218.00
2013/02/25;3.16;3.21;3.13;3.18;996881;16195285.00
2013/02/26;3.18;3.18;3.09;3.10;1003620;16164742.00
2013/02/27;3.11;3.19;3.11;3.13;929166;15020660.00
2013/02/28;3.42;3.45;3.18;3.30;4535704;76834752.00
2013/03/01;3.30;3.41;3.27;3.34;2784790;47437400.00
2013/03/04;3.29;3.31;3.10;3.16;2362470;39100360.00
2013/03/05;3.16;3.25;3.15;3.23;1264113;20831752.00
2013/03/06;3.26;3.36;3.22;3.32;1911533;32370714.00
2013/03/07;3.33;3.38;3.19;3.24;1994482;33725364.00
2013/03/08;3.24;3.26;3.19;3.20;877005;14518770.00
2013/03/11;3.21;3.23;3.18;3.20;591864;9718873.00
2013/03/12;3.19;3.24;3.05;3.10;1175326;18892106.00
2013/03/13;3.09;3.11;3.04;3.07;523677;8244209.00
2013/03/14;3.08;3.11;3.07;3.09;494432;7827766.50
2013/03/15;3.12;3.18;3.10;3.13;929676;15017331.00
2013/03/18;3.13;3.16;3.05;3.05;704004;11204202.00
2013/03/19;3.04;3.08;2.97;3.04;541448;8410955.00
2013/03/20;3.03;3.13;3.03;3.13;720482;11408507.00
2013/03/21;3.13;3.19;3.12;3.15;770777;12459631.00
2013/03/22;3.15;3.16;3.10;3.14;550228;8834671.00
2013/03/25;3.13;3.16;3.13;3.14;492113;7941811.50
2013/03/26;3.13;3.27;3.09;3.24;1489922;24337654.00
2013/03/27;3.20;3.24;3.18;3.22;915958;15050710.00
2013/03/28;3.21;3.33;3.09;3.24;2621848;43359844.00
2013/03/29;3.21;3.22;3.13;3.15;1232852;20050250.00
2013/04/01;3.15;3.28;3.13;3.25;1229991;20395262.00
2013/04/02;3.41;3.51;3.30;3.31;3938207;68228656.00
2013/04/03;3.25;3.44;3.23;3.44;3504785;60374160.00
2013/04/08;3.36;3.77;3.31;3.64;4175946;75206456.00
2013/04/09;3.59;3.88;3.55;3.78;4682861;88713600.00
2013/04/10;3.72;3.78;3.64;3.66;2751036;51820116.00
2013/04/11;3.68;3.80;3.61;3.65;2489486;47015484.00
2013/04/12;3.60;3.67;3.50;3.55;1822532;33396952.00
2013/04/15;3.54;3.60;3.50;3.58;1198691;21823280.00
2013/04/16;3.50;3.56;3.42;3.54;1869788;33408416.00
2013/04/17;3.54;3.69;3.50;3.69;2598028;47858644.00
2013/04/18;3.66;3.81;3.63;3.72;3282333;62743052.00
2013/04/19;3.71;3.82;3.68;3.77;2413032;46271624.00
2013/04/22;3.75;4.00;3.72;3.93;2670441;53011644.00
2013/04/23;3.93;3.97;3.74;3.81;2830314;55341144.00
2013/04/24;3.82;4.08;3.74;4.04;4399926;88497672.00
2013/04/25;4.04;4.04;3.78;3.79;3290663;66034992.00
2013/04/26;3.78;3.89;3.74;3.75;1896291;36908188.00
2013/05/02;3.70;3.85;3.64;3.80;1525863;29431824.00
2013/05/03;3.91;4.19;3.91;4.19;2715369;56949620.00
2013/05/06;4.52;4.61;4.45;4.61;3540738;81926088.00
2013/05/07;5.02;5.08;4.86;5.08;10449235;265384416.00
2013/05/08;5.04;5.60;5.03;5.60;8192201;219624096.00
2013/05/09;5.64;6.16;5.62;6.16;18903128;281970784.00
2013/05/10;6.28;6.36;5.76;5.92;19469351;290970528.00
2013/05/13;5.75;5.86;5.60;5.80;15052140;216688864.00
2013/05/14;5.64;5.71;5.30;5.41;16649791;229425616.00
2013/05/15;5.42;5.58;5.38;5.54;13725411;189386192.00
2013/05/16;5.47;5.62;5.28;5.38;16044925;221107472.00
2013/05/17;5.32;5.54;5.28;5.53;12054261;165231072.00
2013/05/20;5.48;5.83;5.44;5.72;17339304;246588992.00
2013/05/21;5.60;6.28;5.50;6.06;19783827;288721344.00
2013/05/22;5.76;5.84;5.45;5.49;14080115;199512848.00
2013/05/23;5.47;5.66;5.42;5.49;7181960;100137744.00
2013/05/24;5.58;5.73;5.50;5.63;7213368;102376432.00
2013/05/27;5.52;5.73;5.48;5.57;7655832;107818176.00
2013/05/28;5.45;5.54;5.14;5.19;9082954;120615736.00
2013/05/29;5.19;5.27;5.18;5.24;3649345;48099208.00
2013/05/30;5.22;5.34;5.19;5.27;3883814;51570948.00
2013/05/31;5.25;5.41;5.23;5.26;4626175;61868000.00
2013/06/03;5.20;5.47;5.14;5.38;6476109;86949616.00
2013/06/04;5.32;5.36;5.12;5.32;4387765;57970652.00
2013/06/05;5.32;5.51;5.20;5.48;7431993;100679632.00
2013/06/06;5.40;5.60;5.28;5.40;7047842;96563584.00
2013/06/07;5.30;5.47;5.20;5.20;4282897;57570224.00
2013/06/13;5.00;5.01;4.68;4.76;3865840;46767844.00
2013/06/14;4.79;5.06;4.79;4.92;5029410;62936832.00
2013/06/17;5.07;5.20;4.98;5.02;4405690;56566116.00
2013/06/18;4.92;5.30;4.77;5.30;7504235;96202608.00
2013/06/19;5.22;5.28;5.06;5.22;4273698;55896016.00
2013/06/20;5.11;5.34;4.84;4.88;4447025;57526272.00
2013/06/21;4.80;5.22;4.61;5.09;4988179;61525420.00
2013/06/24;5.07;5.12;4.64;4.76;4442191;54883548.00
2013/06/25;4.74;4.99;4.32;4.94;5576083;66900152.00
2013/06/26;4.94;5.44;4.83;5.41;11071936;145667840.00
2013/06/27;5.34;5.63;5.19;5.52;13316610;181721296.00
2013/06/28;5.42;5.72;5.32;5.48;9648791;134384848.00
2013/07/01;5.38;5.63;5.34;5.60;8418860;116561568.00
2013/07/02;5.54;5.91;5.49;5.73;11722611;168645728.00
2013/07/03;5.61;5.92;5.36;5.86;13603355;195645024.00
2013/07/04;5.76;5.82;5.47;5.52;9788156;139191968.00
2013/07/05;5.48;5.70;5.30;5.31;8537108;118500992.00
2013/07/08;5.16;5.18;4.78;4.79;7059736;87676376.00
2013/07/09;4.76;5.00;4.68;4.97;4961819;60702112.00
2013/07/10;4.96;5.10;4.88;4.98;5849734;73771392.00
2013/07/11;5.02;5.14;4.82;5.10;7953101;100212328.00
2013/07/12;5.03;5.61;5.02;5.40;14369273;195845104.00
2013/07/15;5.60;5.94;5.48;5.94;18778819;272689856.00
2013/07/16;6.14;6.20;5.87;6.04;17111051;259012976.00
2013/07/17;6.34;6.65;6.19;6.65;15905002;259156688.00
2013/07/18;6.84;6.91;6.53;6.65;20971562;355232352.00
2013/07/19;6.65;6.82;5.98;5.98;21635331;353058048.00
2013/07/22;5.78;6.27;5.76;6.22;14682252;224732208.00
2013/07/23;6.17;6.32;5.96;6.30;14683610;227757024.00
2013/07/24;6.18;6.58;6.07;6.54;16829778;269373440.00
2013/07/25;6.62;7.14;6.32;6.73;25133534;429576448.00
2013/07/26;6.45;6.78;6.06;6.36;14324505;231111376.00
2013/07/29;6.06;6.35;5.96;5.98;7425110;114924464.00
2013/07/30;5.96;6.14;5.56;5.74;7264538;106478080.00
2013/07/31;5.76;6.12;5.69;5.94;6488699;96485152.00
2013/08/01;5.88;6.25;5.81;6.24;7188603;110389120.00
2013/08/02;6.26;6.49;6.05;6.07;8477118;134022112.00
2013/08/05;5.99;6.18;5.92;6.12;5992932;91241408.00
2013/08/06;6.14;6.48;6.10;6.39;9682461;153617104.00
2013/08/07;6.35;6.36;5.96;6.01;8808329;135658448.00
2013/08/08;6.12;6.19;5.99;6.09;5114273;78295096.00
2013/08/09;6.08;6.13;5.76;5.87;6381153;95086592.00
2013/08/12;5.79;5.93;5.65;5.82;4817998;70076880.00
2013/08/13;5.77;5.93;5.72;5.87;3871695;57051632.00
2013/08/14;5.84;6.12;5.74;6.03;8251311;123854512.00
2013/08/15;6.06;6.24;5.93;6.07;9429040;144631952.00
2013/08/16;5.99;6.02;5.64;5.66;7586090;111561600.00
2013/08/19;5.66;6.04;5.65;6.02;6077872;90380272.00
2013/08/20;6.04;6.33;6.03;6.12;10000383;155354240.00
2013/08/21;6.44;6.74;6.44;6.74;7075201;119446608.00
2013/08/22;7.34;7.42;7.06;7.16;31739700;580065856.00
2013/08/23;6.88;6.95;6.44;6.68;23105960;388802816.00
2013/08/26;6.52;6.79;6.51;6.70;14054160;234674480.00
2013/08/27;6.57;6.76;6.42;6.75;11733118;195033424.00
2013/08/28;6.60;6.67;6.32;6.32;10549055;172752656.00
2013/08/29;6.24;6.56;6.24;6.48;8651437;140511808.00
2013/08/30;6.41;6.44;5.88;5.96;9543657;146878976.00
2013/09/02;5.90;6.17;5.90;6.15;4665876;71582056.00
2013/09/03;6.06;6.26;6.04;6.24;4884227;75668768.00
2013/09/04;6.19;6.21;6.08;6.10;3681259;56810540.00
2013/09/05;6.07;6.51;6.04;6.46;10046117;161662128.00
2013/09/06;6.38;6.62;6.28;6.51;8195059;133471816.00
2013/09/09;6.54;6.55;6.28;6.40;6642194;106391024.00
2013/09/10;6.40;6.54;6.12;6.22;6798747;107735616.00
2013/09/11;6.24;6.24;5.78;5.83;6305860;93803600.00
2013/09/12;5.84;6.07;5.84;5.91;3327995;49828392.00
2013/09/13;5.90;6.02;5.78;6.00;3262477;48746344.00
2013/09/16;5.98;6.24;5.96;6.14;4915776;76003496.00
2013/09/17;6.15;6.46;5.96;6.26;9077123;142903904.00
2013/09/18;6.27;6.28;5.96;6.00;6563757;100100272.00
2013/09/23;6.04;6.24;5.84;6.22;6771266;103091528.00
2013/09/24;6.17;6.45;6.13;6.37;8057419;127874376.00
2013/09/25;6.32;6.56;6.25;6.28;8238497;132591128.00
2013/09/26;6.20;6.39;5.96;5.98;6096153;94396592.00
2013/09/27;5.90;6.04;5.86;5.89;4204144;62661620.00
2013/09/30;5.88;6.08;5.87;6.02;2838080;42892196.00
2013/10/08;6.03;6.30;5.97;6.27;5132621;80394520.00
2013/10/09;6.18;6.90;6.18;6.74;19010258;320240320.00
2013/10/10;6.67;6.74;6.34;6.42;11973216;196796368.00
2013/10/11;6.44;6.90;6.35;6.82;13227148;221621456.00
2013/10/14;6.72;7.34;6.66;7.06;14284814;252364560.00
2013/10/15;6.94;6.94;6.40;6.52;13356237;223244992.00
2013/10/16;6.46;6.61;5.88;6.09;8067481;127009144.00
2013/10/17;6.05;6.29;5.99;6.12;4895152;75987760.00
2013/10/18;6.14;6.34;6.10;6.33;3965210;62483300.00
2013/10/21;6.33;6.56;6.32;6.48;5458424;88878664.00
2013/10/22;6.48;6.48;6.03;6.06;7314718;114217416.00
2013/10/23;6.04;6.19;5.90;6.08;3854826;58563920.00
2013/10/24;6.07;6.07;5.72;5.80;4135169;60959868.00
2013/10/25;5.73;5.87;5.22;5.38;5584539;76410736.00
2013/10/28;5.40;5.42;5.16;5.23;3146200;41641192.00
2013/10/29;5.25;5.33;4.72;5.00;4351004;54833428.00
2013/10/30;5.00;5.13;4.88;5.11;2692815;34062008.00
2013/10/31;5.11;5.11;4.86;5.08;2871498;36069408.00
2013/11/01;5.12;5.12;4.89;4.98;2280517;28560184.00
2013/11/04;4.90;5.06;4.90;4.94;2061975;25825986.00
2013/11/05;4.96;5.08;4.89;5.08;2404917;30365716.00
2013/11/06;5.10;5.36;5.02;5.20;4387976;57394700.00
2013/11/07;5.17;5.17;4.99;4.99;2270265;28964480.00
2013/11/08;4.94;5.04;4.88;4.95;1511488;18937540.00
2013/11/11;4.92;5.02;4.88;5.00;1198712;14992791.00
2013/11/12;5.00;5.10;4.97;5.06;1687612;21433280.00
2013/11/13;5.06;5.06;4.84;4.84;2009065;25082670.00
2013/11/14;4.78;4.98;4.76;4.94;2093649;25755348.00
2013/11/15;4.95;5.20;4.94;5.08;3712757;47545472.00
2013/11/18;5.05;5.35;5.05;5.28;4392299;57637180.00
2013/11/19;5.29;5.34;5.20;5.28;3431254;45479588.00
2013/11/20;5.26;5.42;5.26;5.38;4211323;56592560.00
2013/11/21;5.38;5.53;5.30;5.38;5213303;71294744.00
2013/11/22;5.34;5.38;5.18;5.22;3364353;44548492.00
2013/11/25;5.24;5.31;5.21;5.23;1924293;25511974.00
2013/11/26;5.21;5.27;5.12;5.22;2729983;35807232.00
2013/11/27;5.24;5.49;5.21;5.44;5060239;68966416.00
2013/11/28;5.42;5.60;5.34;5.36;4745532;65171808.00
2013/11/29;5.36;5.55;5.31;5.54;5316832;73080344.00
2013/12/02;5.24;5.25;4.98;4.98;4805812;61573224.00
2013/12/03;4.75;4.90;4.48;4.83;4159811;49013068.00
2013/12/04;4.83;4.98;4.77;4.82;3039226;37364168.00
2013/12/05;4.83;4.89;4.58;4.61;4048238;47896196.00
2013/12/06;4.55;4.66;4.55;4.63;1825689;21262352.00
2013/12/09;4.63;4.76;4.63;4.74;2097283;24926214.00
2013/12/10;4.74;4.75;4.56;4.59;3271602;38150088.00
2013/12/11;4.61;4.66;4.56;4.64;2093478;24359406.00
2013/12/12;4.63;4.79;4.63;4.73;3102140;36875280.00
2013/12/13;4.69;4.71;4.64;4.67;2214949;26101572.00
2013/12/16;4.67;4.72;4.60;4.62;1651591;19382072.00
2013/12/17;4.62;4.63;4.50;4.52;1901690;21754586.00
2013/12/18;4.52;4.63;4.44;4.62;1481718;17018516.00
2013/12/19;4.62;4.72;4.54;4.54;1626282;19022710.00
2013/12/20;4.54;4.58;4.44;4.46;1413023;16050190.00
2013/12/23;4.48;4.48;4.28;4.30;2481082;27266246.00
2013/12/24;4.31;4.45;4.30;4.40;1587677;17597000.00
2013/12/25;4.42;4.54;4.38;4.53;2089450;23640028.00
2013/12/26;4.55;4.61;4.44;4.49;3173220;36249072.00
2013/12/27;4.47;4.71;4.44;4.67;3993244;46460156.00
2013/12/30;4.69;4.70;4.59;4.69;3022856;35422568.00
2013/12/31;4.64;4.70;4.58;4.61;2025514;23598144.00
2014/01/02;4.60;4.78;4.57;4.72;3127530;37100464.00
2014/01/03;4.69;4.96;4.69;4.85;5958342;72526920.00
2014/01/06;4.80;4.81;4.56;4.62;3336383;39324132.00
2014/01/07;4.56;4.74;4.53;4.72;2255076;26559806.00
2014/01/08;4.76;4.95;4.70;4.83;5617214;68576168.00
2014/01/09;4.84;4.95;4.64;4.68;5120242;62445632.00
2014/01/10;4.64;4.67;4.28;4.36;3997073;45336448.00
2014/01/13;4.38;4.46;4.34;4.40;1841272;20401668.00
2014/01/14;4.40;4.53;4.39;4.53;1742976;19677302.00
2014/01/15;4.53;4.68;4.50;4.67;2978581;34596252.00
2014/01/16;4.67;4.70;4.53;4.57;2686717;31101306.00
2014/01/17;4.58;4.74;4.56;4.72;4055853;47909432.00
2014/01/20;4.80;4.82;4.59;4.62;2832134;33485342.00
2014/01/21;4.65;4.84;4.64;4.84;4839704;58142576.00
2014/01/22;4.64;5.22;4.64;4.94;10326735;126645424.00
2014/01/23;4.89;5.44;4.89;5.44;15047894;197874208.00
2014/01/24;5.32;5.41;5.24;5.35;11094046;148986544.00
2014/01/27;5.28;5.66;5.28;5.38;9913958;135490864.00
2014/01/28;5.36;5.43;5.08;5.21;5515586;72635704.00
2014/01/29;5.22;5.39;5.19;5.30;4468827;59502360.00
2014/01/30;5.26;5.40;5.17;5.19;4841763;64774988.00
2014/02/07;5.22;5.68;5.22;5.56;9105727;126314296.00
2014/02/10;5.52;5.67;5.43;5.60;9152557;128231216.00
2014/02/11;5.61;5.85;5.52;5.78;10603495;153209792.00
2014/02/12;5.70;5.82;5.57;5.74;6046023;86743856.00
2014/02/13;5.66;5.71;5.40;5.40;6212370;87109664.00
2014/02/14;5.35;5.55;5.32;5.54;3935109;53940220.00
2014/02/17;5.55;5.97;5.50;5.91;8515468;124290936.00
2014/02/18;5.84;5.94;5.76;5.84;5782718;85196544.00
2014/02/19;5.82;5.93;5.70;5.82;4621015;67215864.00
2014/02/20;5.82;5.88;5.62;5.67;3906985;56352828.00
2014/02/21;5.67;5.93;5.65;5.79;4884746;71458552.00
2014/02/24;5.66;5.72;5.52;5.68;4111442;58087724.00
2014/02/25;5.67;5.78;5.12;5.12;5350996;73686560.00
2014/02/26;5.11;5.11;4.78;4.99;3877924;48287584.00
2014/02/27;4.99;5.09;4.79;4.80;4018316;49970980.00
2014/02/28;4.80;4.92;4.69;4.88;2723498;33078942.00
2014/03/03;4.86;5.03;4.79;5.02;2861466;35496536.00
2014/03/04;4.98;5.00;4.89;4.98;2172524;27061928.00
2014/03/05;4.98;5.09;4.93;4.99;2702798;34153432.00
2014/03/06;5.00;5.00;4.81;4.94;1841403;22743196.00
2014/03/07;4.92;4.98;4.86;4.90;1439197;17838044.00
2014/03/10;4.88;4.88;4.52;4.52;2230247;26240054.00
2014/03/11;4.52;4.60;4.44;4.55;1865881;21349648.00
2014/03/12;4.54;4.60;4.38;4.46;1970647;22319926.00
2014/03/13;4.50;4.56;4.46;4.55;1493264;17043252.00
2014/03/14;4.53;4.63;4.48;4.54;1235475;14144602.00
2014/03/17;4.59;4.70;4.49;4.69;1782191;20829560.00
2014/03/18;4.69;4.81;4.68;4.69;1876606;22415066.00
2014/03/19;4.68;4.90;4.62;4.84;3708925;44826976.00
2014/03/20;4.80;4.87;4.58;4.62;2407197;28895502.00
2014/03/21;4.56;4.67;4.42;4.65;3513090;40205728.00
2014/03/24;4.62;4.85;4.57;4.81;4061381;48519788.00
2014/03/25;4.76;4.90;4.73;4.81;3056668;37018988.00
2014/03/26;4.82;4.85;4.72;4.81;2358285;28539614.00
2014/03/27;4.81;4.95;4.73;4.79;4498527;55070648.00
2014/03/28;4.75;4.78;4.43;4.47;3727268;42870968.00
2014/03/31;4.49;4.52;4.36;4.37;1369132;15303210.00
2014/04/01;4.38;4.49;4.38;4.48;992862;11175481.00
2014/04/02;4.49;4.53;4.38;4.44;1333714;14898366.00
2014/04/03;4.46;4.56;4.39;4.55;1882883;21387638.00
2014/04/04;4.54;4.61;4.47;4.57;1425127;16358708.00
2014/04/08;4.55;4.57;4.44;4.55;1236130;14096335.00
2014/04/09;4.58;4.67;4.55;4.62;1727509;20097052.00
2014/04/10;4.56;4.66;4.55;4.56;2230675;25935356.00
2014/04/11;4.50;4.51;4.42;4.48;1916404;21539004.00
2014/04/14;4.48;4.58;4.45;4.58;1451588;16604513.00
2014/04/15;4.56;4.62;4.53;4.53;1196726;13780599.00
2014/04/16;4.53;4.55;4.46;4.50;1359888;15409336.00
2014/04/17;4.47;4.54;4.46;4.46;1257126;14263468.00
2014/04/18;4.52;4.54;4.46;4.51;1216556;13825721.00
2014/04/21;4.46;4.51;4.40;4.42;1616915;18157576.00
2014/04/22;4.40;4.46;4.28;4.36;1780171;19484896.00
2014/04/23;4.36;4.38;4.27;4.31;928440;10126066.00
2014/04/24;4.27;4.34;4.16;4.20;1648671;17590040.00
2014/04/25;4.21;4.22;3.91;3.93;2798326;28502656.00
2014/04/28;3.88;3.88;3.71;3.72;1845733;17638418.00
2014/04/29;3.73;3.82;3.73;3.82;1161703;11130611.00
2014/04/30;3.86;3.89;3.82;3.88;998778;9759587.00
2014/05/05;3.90;3.91;3.84;3.90;984331;9633519.00
2014/05/06;3.88;4.04;3.88;3.99;1608245;16183490.00
2014/05/07;3.92;3.98;3.84;3.84;945159;9367989.00
2014/05/08;3.85;4.23;3.85;4.23;2491655;26172886.00
2014/05/09;4.32;4.32;4.08;4.13;4464464;47554792.00
2014/05/12;4.12;4.23;4.09;4.17;2573918;27003206.00
2014/05/13;4.12;4.26;4.12;4.19;2204734;23396380.00
2014/05/14;4.22;4.56;4.20;4.37;4706460;52475224.00
2014/05/15;4.30;4.37;4.17;4.17;2429588;26192838.00
2014/05/16;4.15;4.17;4.02;4.11;1691786;17467428.00
2014/05/19;4.04;4.47;4.03;4.34;3458745;37433876.00
2014/05/20;4.34;4.42;4.28;4.35;3288860;36092188.00
2014/05/21;4.32;4.37;4.24;4.35;2013592;21879258.00
2014/05/22;4.34;4.46;4.32;4.35;2451177;27115346.00
2014/05/23;4.31;4.40;4.26;4.40;2266864;24771914.00
2014/05/26;4.41;4.47;4.36;4.40;2503250;27779572.00
2014/05/27;4.39;4.39;4.27;4.28;1924626;20946508.00
2014/05/28;4.29;4.44;4.28;4.42;2761468;30498114.00
2014/05/29;4.38;4.56;4.38;4.48;4610325;52257180.00
2014/05/30;4.48;4.52;4.37;4.44;2294521;25610224.00
2014/06/03;4.44;4.48;4.38;4.39;1379680;15337140.00
2014/06/04;4.34;4.42;4.24;4.35;1840475;20027892.00
2014/06/05;4.34;4.56;4.31;4.52;3916880;44280140.00
2014/06/06;4.54;4.55;4.42;4.45;2104441;23765938.00
2014/06/09;4.44;4.60;4.44;4.50;2987676;34117536.00
2014/06/10;4.49;4.62;4.44;4.56;3154404;36136468.00
2014/06/11;4.54;4.83;4.53;4.66;4946957;58743736.00
2014/06/12;4.63;4.82;4.59;4.79;4373867;52359376.00
2014/06/13;4.75;5.07;4.75;4.98;7239284;90395560.00
2014/06/16;4.96;4.99;4.84;4.94;3962202;49153220.00
2014/06/17;4.92;5.03;4.80;4.84;3280142;40556260.00
2014/06/18;4.86;4.89;4.63;4.63;3512614;41883888.00
2014/06/19;4.65;4.72;4.37;4.48;3276967;37610424.00
2014/06/20;4.50;4.54;4.42;4.53;1474092;16735349.00
2014/06/23;4.56;4.68;4.53;4.60;2061338;23982090.00
2014/06/24;4.58;4.70;4.58;4.65;1622592;19011968.00
2014/06/25;4.66;4.66;4.54;4.56;1705990;19672632.00
2014/06/26;4.56;4.79;4.56;4.70;3318595;39490972.00
2014/06/27;4.72;4.96;4.70;4.92;4639591;56881368.00
2014/06/30;4.95;5.06;4.88;4.90;4165739;52134376.00
2014/07/01;4.90;5.02;4.86;5.00;2612820;32601920.00
2014/07/02;5.01;5.14;4.97;5.10;4015482;51341748.00
2014/07/03;5.06;5.14;5.01;5.05;3176813;40751644.00
2014/07/04;5.06;5.12;4.85;4.97;3079906;38888988.00
2014/07/07;4.97;5.15;4.96;5.12;4321799;55076508.00
2014/07/08;5.09;5.18;5.03;5.12;1991155;25558612.00
2014/07/09;5.09;5.63;4.97;5.40;12753312;175100208.00
2014/07/10;5.48;5.78;5.46;5.63;12302773;173781856.00
2014/07/11;5.58;5.88;5.53;5.84;7611322;110339840.00
2014/07/14;5.77;5.94;5.56;5.73;5022225;72554696.00
2014/07/15;5.64;5.64;5.37;5.43;4995754;68915096.00
2014/07/16;5.42;5.60;5.33;5.34;2934297;40389556.00
2014/07/17;5.37;5.54;5.29;5.50;2588123;35610792.00
2014/07/18;5.44;5.76;5.44;5.54;2851662;40313800.00
2014/07/21;5.54;5.80;5.43;5.75;3350628;47626716.00
2014/07/22;5.73;5.78;5.69;5.74;2409920;34833828.00
2014/07/23;5.74;5.74;5.24;5.42;2947462;41049316.00
2014/07/24;5.42;5.42;5.10;5.22;1957113;25752658.00
2014/07/25;5.21;5.31;4.92;5.21;3541420;45730128.00
2014/07/28;5.16;5.19;5.03;5.19;5963915;76418880.00
2014/07/29;5.14;5.26;5.13;5.21;3472369;45465148.00
2014/07/30;5.22;5.25;5.12;5.24;2477202;32413062.00
2014/07/31;5.23;5.25;5.13;5.25;2695310;35272688.00
2014/08/01;5.22;5.26;5.17;5.18;2099535;27539946.00
2014/08/04;5.17;5.22;5.16;5.20;2085225;27253900.00
2014/08/05;5.20;5.42;5.16;5.40;4522876;60918952.00
2014/08/06;5.35;5.50;5.35;5.44;2112446;28840956.00
2014/08/07;5.45;5.61;5.36;5.38;2543528;35234940.00
2014/08/08;5.35;5.44;5.34;5.40;2441664;33034960.00
2014/08/11;5.43;5.49;5.36;5.45;1944026;26542534.00
2014/08/12;5.45;5.76;5.41;5.69;4843459;68207984.00
2014/08/13;5.68;5.75;5.52;5.66;2763247;39060392.00
2014/08/14;5.63;5.73;5.58;5.66;3420772;48667400.00
2014/08/15;5.67;5.84;5.64;5.80;4232893;61198344.00
2014/08/18;5.79;6.00;5.75;5.93;5176870;76674696.00
2014/08/19;5.91;6.36;5.86;6.04;6835337;105522160.00
2014/08/20;6.01;6.31;5.97;6.02;5469995;84481576.00
2014/08/21;5.99;6.05;5.67;6.01;7294677;107361424.00
2014/08/22;6.04;6.59;5.90;6.42;8745256;137627136.00
2014/08/25;6.46;6.56;6.23;6.56;7292185;117706880.00
2014/08/26;6.48;6.62;6.19;6.30;4773909;76463560.00
2014/08/27;6.35;6.53;6.23;6.42;2364925;38002924.00
2014/08/28;6.43;6.71;6.32;6.62;4426978;72755416.00
2014/08/29;6.60;6.70;6.35;6.55;3666941;60208812.00
2014/09/01;6.45;6.87;6.35;6.82;5540616;92985936.00
2014/09/02;6.81;7.07;6.70;6.84;3359423;58435532.00
2014/09/03;6.82;7.03;6.73;6.96;3793981;65686032.00
2014/09/04;6.92;6.92;6.75;6.83;3079078;52777596.00
2014/09/05;6.87;6.87;6.69;6.73;2221003;37702008.00
2014/09/09;6.68;6.80;6.56;6.79;2861655;47885360.00
2014/09/10;6.73;6.76;6.60;6.65;2405856;40356344.00
2014/09/11;6.61;6.70;6.47;6.52;4534400;74977512.00
2014/09/12;6.56;6.74;6.55;6.63;4368079;73120760.00
2014/09/15;6.64;6.73;6.60;6.68;2336078;39148520.00
2014/09/16;6.67;6.69;6.14;6.14;3723026;60105856.00
2014/09/17;6.12;6.19;5.84;6.04;4067411;61743848.00
2014/09/18;6.03;6.17;5.96;6.15;2516838;38635900.00
2014/09/19;6.15;6.18;5.99;6.12;2899119;44363156.00
2014/09/22;6.08;6.42;6.00;6.30;4311686;67918384.00
2014/09/23;6.28;6.48;6.24;6.44;3199542;51441824.00
2014/09/24;6.43;6.49;6.37;6.45;2587775;41865600.00
2014/09/25;6.42;6.68;6.31;6.54;4853058;78668176.00
2014/09/26;6.48;7.20;6.20;7.20;10610797;184021744.00
2014/09/29;7.32;7.32;7.00;7.11;5784763;103007208.00
2014/09/30;7.10;7.20;6.89;7.12;4652389;81968288.00
2014/10/08;7.05;7.15;6.92;7.02;3545163;62461592.00
2014/10/09;7.00;7.03;6.79;6.89;5308793;92333544.00
2014/10/10;6.88;6.98;6.73;6.80;3071825;52848972.00
2014/10/13;6.85;6.86;6.59;6.86;2705007;45840204.00
2014/10/14;6.83;6.92;6.71;6.77;2238634;38356584.00
2014/10/15;6.72;6.81;6.66;6.70;2050066;34613676.00
2014/10/16;6.70;6.79;6.59;6.59;2164924;36302656.00
2014/10/17;6.58;6.68;6.24;6.33;2881725;46402396.00
2014/10/20;6.38;6.54;6.37;6.46;1882844;30539746.00
2014/10/21;6.45;6.79;6.42;6.73;4290396;71632872.00
2014/10/22;6.70;6.90;6.59;6.60;3585301;61253484.00
2014/10/23;6.60;6.82;6.50;6.62;2969428;49940600.00
2014/10/24;6.62;6.90;6.60;6.80;3073669;52340072.00
2014/10/27;6.78;6.78;6.40;6.61;3474220;58070100.00
2014/10/28;6.54;6.84;6.54;6.80;4323545;72379600.00
2014/10/29;6.78;7.44;6.72;7.34;10188310;181937408.00
2014/10/30;7.18;7.40;7.08;7.11;4473567;81137016.00
2014/10/31;7.10;7.10;6.76;6.87;3832350;66440144.00
2014/11/03;6.88;7.00;6.83;6.92;2861649;49558064.00
2014/11/04;6.92;6.92;6.79;6.82;2084246;35967260.00
2014/11/05;6.80;7.12;6.76;7.06;3344839;58680252.00
2014/11/06;7.07;7.15;6.96;7.14;2828489;50276780.00
2014/11/07;7.15;7.25;7.06;7.15;3736012;67381304.00
2014/11/10;7.23;7.28;7.08;7.19;2375279;42808808.00
2014/11/11;7.26;7.56;7.08;7.51;7546630;138718176.00
2014/11/12;7.38;7.45;7.20;7.34;3097334;56922492.00
2014/11/13;7.34;7.46;6.92;7.02;6240772;111354048.00
2014/11/14;6.96;6.96;6.64;6.81;3831704;65211652.00
2014/11/17;6.77;7.19;6.67;7.10;3013296;53104856.00
2014/11/18;7.16;7.28;7.06;7.16;1731281;31106740.00
2014/11/19;7.16;7.26;7.05;7.10;2167693;38890292.00
2014/11/20;7.05;7.18;7.00;7.12;1586809;28282054.00
2014/11/21;7.08;7.28;7.08;7.28;1981883;35863220.00
2014/11/24;7.37;7.68;7.36;7.40;4065244;76770920.00
2014/11/25;7.57;8.14;7.57;8.14;6873005;138557984.00
2014/11/26;8.14;8.96;7.91;8.79;8079783;172281552.00
2014/11/27;8.61;9.18;8.57;9.02;8813452;198184528.00
2014/11/28;9.24;9.90;9.01;9.62;7866227;185081744.00
2014/12/01;9.44;9.56;8.76;9.04;6845656;157275808.00
2014/12/02;8.88;9.50;8.88;9.34;4793722;111716232.00
2014/12/03;9.34;9.64;8.77;9.64;4963049;115473936.00
2014/12/04;9.54;10.53;9.52;10.14;4016307;101197752.00
2015/03/05;11.16;11.16;11.16;11.16;32030;896840.00
2015/03/06;12.28;12.28;12.28;12.28;36618;1127834.38
2015/03/09;13.51;13.51;13.16;13.51;9387742;317960736.00
2015/03/10;14.87;14.87;14.45;14.87;4799948;178676464.00
2015/03/11;16.36;16.36;16.26;16.36;6571307;269414336.00
2015/03/12;17.56;17.96;15.78;16.78;24823689;1055143680.00
2015/03/13;17.16;18.47;17.16;18.47;10204255;462852512.00
2015/03/16;19.77;20.32;19.72;20.32;2366158;118963312.00
2015/03/17;22.11;22.15;18.76;19.08;16424574;833251392.00
2015/03/18;19.36;19.86;18.20;19.47;11188249;532985440.00
2015/03/19;18.73;19.16;18.36;18.95;7817617;366568800.00
2015/03/20;18.76;20.85;18.76;20.85;12870689;656947584.00
2015/03/23;21.55;22.20;20.00;21.00;13433637;706261568.00
2015/03/24;21.46;23.11;20.41;22.60;13101783;718140160.00
2015/03/25;21.96;24.86;21.56;23.76;14509239;859503104.00
2015/03/26;23.37;24.88;21.38;22.66;12742167;729428992.00
2015/04/10;23.16;24.44;20.76;22.76;17395324;964074368.00
2015/04/13;21.96;22.21;20.48;21.29;13968320;741598976.00
2015/04/14;20.71;21.28;20.09;20.09;7467616;382901280.00
2015/04/15;19.98;20.08;18.08;18.08;6554042;310627904.00
2015/04/16;17.58;18.96;17.28;18.00;5815780;263938672.00
2015/04/17;18.24;19.19;18.16;18.81;5863751;275166624.00
2015/04/20;18.64;20.44;18.12;19.10;4229200;207622448.00
2015/04/21;19.28;20.15;18.96;19.96;2763752;136444352.00
2015/04/22;19.91;20.52;19.08;20.16;4477581;223852224.00
2015/04/23;20.28;21.96;20.21;21.88;5372055;285127904.00
2015/04/24;21.16;21.90;20.28;21.37;4368629;230562256.00
2015/04/27;21.00;21.35;19.80;19.97;4315401;220698912.00
2015/04/28;20.04;20.27;18.24;19.72;4058746;191865456.00
2015/04/29;18.96;20.84;18.92;20.23;3104958;156615104.00
2015/04/30;20.23;21.07;19.16;20.76;4797483;244227680.00
2015/05/04;20.56;20.83;19.96;20.02;2415413;123767952.00
2015/05/05;19.91;19.92;18.92;19.15;3595843;172782000.00
2015/05/06;19.18;19.94;19.08;19.08;2311367;112977696.00
2015/05/07;18.96;19.36;18.56;18.56;2260000;107439568.00
2015/05/08;18.96;20.42;18.96;20.42;5774053;290744160.00
2015/05/11;20.84;22.47;20.76;22.47;8113931;447203424.00
2015/05/12;24.56;24.72;23.96;24.72;2574902;158982304.00
2015/05/13;27.20;27.20;26.36;27.20;3618649;245339536.00
2015/05/14;29.56;29.92;27.16;27.35;13004764;949577792.00
2015/05/15;25.96;29.56;24.61;28.96;6562712;443785824.00
2015/05/18;29.00;30.04;27.68;28.62;6601147;473862528.00
2015/05/19;28.36;29.07;27.36;27.90;4728442;330897824.00
2015/05/20;28.20;30.70;27.76;30.70;3516090;254521120.00
2015/05/21;33.77;33.78;32.36;33.78;1559039;131750824.00
2015/05/22;37.16;37.16;31.27;33.17;8299581;691513856.00
2015/05/25;31.16;31.51;29.85;29.85;6865585;517199872.00
2015/05/26;29.76;31.19;29.56;30.84;5064919;383068000.00
2015/05/27;30.96;30.96;27.96;28.80;5559641;405616416.00
2015/05/28;28.36;28.68;27.16;27.48;3936557;275827584.00
2015/05/29;27.89;29.68;26.36;28.96;4934667;351288832.00
2015/06/01;29.04;30.32;27.96;30.28;5226859;385782784.00
2015/06/02;29.97;30.16;28.76;30.16;3507282;259433216.00
2015/06/03;29.98;30.16;28.16;29.32;4207686;306096864.00
2015/06/04;29.32;30.25;27.80;29.96;4223274;311889664.00
2015/06/05;30.04;32.76;30.04;31.27;4910739;388371712.00
2015/06/08;30.38;30.38;28.56;29.16;3149651;230870016.00
2015/06/09;29.16;29.56;28.36;28.37;2021445;145971120.00
2015/06/10;28.28;29.40;28.00;29.23;1901327;137031360.00
2015/06/11;29.44;32.16;28.89;32.16;4171301;321714752.00
2015/06/12;32.17;33.98;30.99;31.95;4157696;336925760.00
2015/06/15;31.95;34.96;30.76;32.45;5497138;456274112.00
2015/06/16;32.92;33.16;29.20;31.08;4733742;356576288.00
2015/06/17;31.06;31.96;28.09;31.08;2885519;217730768.00
2015/06/18;31.08;31.87;29.08;30.16;2938335;225246512.00
2015/06/19;28.28;30.16;28.28;28.72;2033603;147524000.00
2015/06/23;29.12;29.52;25.84;26.54;2835835;190952528.00
2015/06/24;26.08;27.15;25.56;25.96;4632761;304926912.00
2015/06/25;25.96;26.32;23.36;23.36;5038197;308230048.00
2015/06/26;21.88;21.88;21.02;21.02;6198956;327064512.00
2015/06/29;20.76;21.14;18.91;18.91;3012114;145932448.00
2015/06/30;17.02;19.56;17.02;18.68;4886817;224286192.00
2015/07/01;18.00;19.20;16.81;16.81;6088822;273758528.00
2015/07/02;15.56;15.88;15.12;15.12;3336911;127184960.00
2015/07/03;13.61;14.66;13.61;13.61;6786141;233135680.00
2015/07/06;14.88;14.88;12.24;12.24;6743943;224192880.00
2015/08/05;13.47;13.47;13.47;13.47;7914613;267355632.00
2015/08/06;13.40;14.82;12.62;14.82;22945739;791443840.00
2015/08/07;14.96;16.20;14.20;15.68;20950063;795289408.00
2015/08/10;15.36;16.52;14.82;15.92;22029611;863346752.00
2015/08/11;15.96;16.68;15.64;16.16;18467410;748198976.00
2015/08/12;15.74;16.19;15.16;15.21;11773470;460472896.00
2015/08/13;14.92;16.10;14.92;16.00;13810395;543817536.00
2015/08/14;16.00;16.24;15.75;15.77;10071436;402274400.00
2015/08/17;15.56;15.78;15.00;15.54;7841644;301543392.00
2015/08/18;15.39;15.76;13.98;13.98;8663976;326585728.00
2015/08/19;12.76;14.20;12.58;13.90;9652765;317410592.00
2015/08/20;13.56;13.70;12.77;12.86;7068463;236252128.00
2015/08/21;12.44;12.64;11.57;11.57;7254682;220883760.00
2015/08/24;11.04;11.04;10.41;10.41;2642102;69690584.00
2015/08/25;9.37;9.68;9.37;9.37;8048428;189815104.00
2015/08/26;9.16;9.74;8.48;8.48;9624017;220422544.00
2015/08/27;8.75;9.20;7.93;9.08;13053061;287331904.00
2015/08/28;9.32;9.89;8.88;9.84;17032071;395986880.00
2015/08/31;9.72;9.76;9.16;9.16;11809685;282229408.00
2015/09/01;8.92;9.11;8.24;8.24;9518315;205867616.00
2015/09/02;7.53;9.07;7.49;7.93;7919412;162840864.00
2015/09/07;8.08;8.73;8.07;8.65;10787268;230573472.00
2015/09/08;8.38;9.52;8.31;9.52;11270043;251045232.00
2015/09/09;9.64;10.34;9.64;10.16;12901105;324140928.00
2015/09/10;9.80;10.12;9.58;9.66;6994780;173325952.00
2015/09/11;9.58;9.96;9.56;9.88;5857612;143912704.00
2015/09/14;9.92;10.04;8.89;8.89;4328808;101841216.00
2015/09/15;8.01;8.35;8.00;8.00;9168223;186070896.00
2015/09/16;8.06;8.80;7.88;8.80;9138829;192325936.00
2015/09/17;8.86;9.56;8.64;8.76;10865753;245911872.00
2015/09/18;8.76;9.16;8.50;9.11;7868200;173532704.00
2015/09/21;8.77;10.03;8.75;10.03;11829781;284501408.00
2015/09/22;10.04;10.20;9.60;9.90;12871330;320327936.00
2015/09/23;9.57;10.28;9.56;10.04;10279488;255622112.00
2015/09/24;10.04;10.55;10.04;10.26;10726189;276392000.00
2015/09/25;10.36;10.56;9.37;9.88;11499716;290298080.00
2015/09/28;9.96;10.87;9.62;10.87;9777289;253834496.00
2015/09/29;10.60;11.20;10.38;10.92;10910655;295735584.00
2015/09/30;10.89;11.08;10.46;10.54;5751908;153809360.00
2015/10/08;10.86;11.40;10.77;10.94;10254527;283810656.00
2015/10/09;10.82;11.00;10.70;10.84;8902067;241922832.00
2015/10/12;10.88;11.76;10.76;11.56;12020217;340085632.00
2015/10/13;11.29;12.32;11.29;11.98;12288331;361821632.00
2015/10/14;11.88;11.88;11.32;11.35;11917871;345252384.00
2015/10/15;11.05;12.04;11.00;11.92;11209688;327158688.00
2015/10/16;11.96;12.28;11.63;12.18;12825933;383584320.00
2015/10/19;12.18;12.31;11.46;11.66;11214751;335028000.00
2015/10/20;11.57;12.45;11.57;12.32;13922761;423574752.00
2015/10/21;12.48;13.56;12.46;13.56;28084447;943249152.00
2015/10/22;14.23;14.92;13.91;14.92;10128754;367723168.00
2015/10/23;16.41;16.41;15.48;15.95;36021234;1459298048.00
2015/10/26;15.13;15.48;14.35;14.35;22924083;841461312.00
2015/10/27;13.58;15.04;13.52;14.78;19232510;689278784.00
2015/10/28;14.37;14.50;13.32;13.38;16218824;565210752.00
2015/10/29;13.40;14.07;13.32;13.52;11092800;380135552.00
2015/10/30;13.56;13.90;12.68;13.56;12130031;406707712.00
2015/11/02;12.80;13.72;12.77;12.90;8501819;282483936.00
2015/11/03;12.96;13.94;12.95;13.37;9432060;316711328.00
2015/11/04;13.61;14.52;13.52;14.48;12573523;439704448.00
2015/11/05;14.28;14.42;13.65;13.85;13385208;469305760.00
2015/11/06;13.95;14.28;13.86;14.11;10900629;385903328.00
2015/11/09;13.82;14.68;13.40;14.46;13797032;485887392.00
2015/11/10;14.30;15.09;14.20;14.94;15447549;565710464.00
2015/11/11;14.95;16.33;14.77;15.56;15614558;602944000.00
2015/11/12;16.04;16.04;14.82;15.08;12079657;462935872.00
2015/11/13;15.08;16.59;14.98;16.59;18252380;743972288.00
2015/11/16;16.36;17.67;16.08;17.30;22298347;947946048.00
2015/11/17;17.38;18.12;16.64;17.44;18247100;798314112.00
2015/11/18;17.16;18.96;16.91;18.10;18047596;824672960.00
2015/11/19;18.36;19.54;17.36;18.87;17464890;805694656.00
2015/11/20;18.56;20.76;18.56;20.76;14249547;712004736.00
2015/11/23;21.32;21.84;18.68;18.68;17504500;886181760.00
2015/11/24;19.11;19.35;17.80;19.08;12940474;600617152.00
2015/11/25;18.72;19.12;18.36;19.10;11660824;544655360.00
2016/03/25;19.10;20.54;17.18;17.48;23116976;1054110912.00
2016/03/28;17.67;19.23;17.67;19.23;23692014;1123138048.00
2016/03/29;19.16;19.50;18.16;18.51;19842034;933306560.00
2016/03/30;18.72;20.32;18.44;20.04;19891244;964341248.00
2016/03/31;20.27;22.05;20.16;22.05;15333229;818987520.00
2016/04/01;21.96;23.84;21.37;21.94;21504536;1216903296.00
2016/04/05;22.31;22.91;21.60;22.30;15369918;856455296.00
2016/04/06;22.04;23.95;22.00;23.48;16175469;925025600.00
2016/04/07;23.16;23.32;21.57;21.92;13362105;760203328.00
2016/04/08;22.36;22.36;20.96;21.48;10766283;583897216.00
2016/04/11;21.80;23.08;21.40;21.66;11650157;647891136.00
2016/04/12;21.20;22.06;20.96;21.72;10746284;579592512.00
2016/04/13;21.72;22.88;21.40;21.93;11055732;612260992.00
2016/04/14;21.76;22.72;21.76;22.04;6694235;371115360.00
2016/04/15;22.28;23.95;21.70;23.43;11735721;667012160.00
2016/04/18;22.88;23.40;22.28;22.40;8307837;470992096.00
2016/04/19;22.64;22.75;21.56;21.80;6655550;365993376.00
2016/04/20;21.85;22.07;19.62;19.62;9372385;476747328.00
2016/04/21;19.20;19.46;17.65;17.72;10025773;463651360.00
2016/04/22;17.66;18.15;17.24;18.10;6508851;289922944.00
2016/04/25;17.87;18.95;17.36;18.82;7691312;349919232.00
2016/04/26;18.67;19.03;18.41;18.91;4580338;214998368.00
2016/04/27;18.88;19.70;18.57;18.57;5368891;258165488.00
2016/04/28;18.71;18.93;17.80;18.88;3807159;176269168.00
2016/04/29;18.56;19.24;18.46;18.61;3025423;143053200.00
2016/05/03;18.56;19.96;18.40;19.76;5598167;272484704.00
2016/05/04;19.60;20.29;19.46;19.68;4817416;239050608.00
2016/05/05;19.80;20.60;19.48;20.48;6228041;311750176.00
2016/05/06;20.36;20.75;18.72;18.72;8256378;406175008.00
2016/05/09;18.36;18.36;16.85;16.85;8642329;375676640.00
2016/05/10;16.82;16.94;16.09;16.52;6868173;284007680.00
2016/05/11;16.62;16.73;14.86;14.88;12738735;491739168.00
2016/05/12;14.01;14.57;13.46;14.40;8147521;285275552.00
2016/05/13;13.97;14.44;13.72;13.92;8510259;298823808.00
2016/05/16;14.33;15.31;14.33;15.31;12339018;184738144.00
2016/05/17;16.84;16.84;16.40;16.84;14937589;251351616.00
2016/05/18;17.30;17.69;15.16;15.45;46637386;760321216.00
2016/05/19;15.18;16.53;15.01;15.78;40479985;641034368.00
2016/05/20;15.30;15.56;14.65;15.43;27798403;422767520.00
2016/05/23;15.50;16.28;15.32;15.65;26126394;412707136.00
2016/05/24;15.30;15.97;14.87;15.75;23845691;366613888.00
2016/05/25;15.82;16.59;15.65;15.82;33802941;543996864.00
2016/05/26;15.55;15.76;14.79;15.74;22840201;349174080.00
2016/05/27;15.69;16.10;15.41;15.46;21484634;338473088.00
2016/05/30;15.04;15.33;14.80;14.81;16820261;252758912.00
2016/05/31;14.85;15.87;14.85;15.73;21985640;340292544.00
2016/06/01;15.92;17.30;15.92;17.30;21748659;367738560.00
2016/06/02;17.25;18.76;17.10;18.19;49727505;885551808.00
2016/06/03;17.88;18.10;17.50;17.75;30784116;546912000.00
2016/06/06;17.69;18.68;17.69;17.96;23919486;432548512.00
2016/06/07;17.76;17.80;17.31;17.65;18193560;318705568.00
2016/06/08;17.50;17.60;17.03;17.31;13754193;238322320.00
2016/06/13;16.99;17.53;15.58;15.58;17324457;290938336.00
2016/06/14;15.20;15.64;15.15;15.47;14416192;221660256.00
2016/06/15;15.06;16.38;15.01;16.08;16326964;260024496.00
2016/06/16;16.05;16.48;15.51;15.68;15532968;248761792.00
2016/06/17;15.75;16.24;15.55;15.88;14616564;233029264.00
2016/06/20;15.96;15.96;15.10;15.60;12941456;199886624.00
2016/06/21;15.78;15.88;15.00;15.17;13198005;203701712.00
2016/06/22;15.19;16.69;15.00;16.69;20437828;324103104.00
2016/06/23;16.55;17.11;16.11;16.68;24643842;407669248.00
2016/06/24;16.50;16.88;15.10;16.14;19650133;318396032.00
2016/06/27;15.87;17.28;15.87;16.91;21803391;365353888.00
2016/06/28;16.76;17.48;16.65;17.34;23382797;400859232.00
2016/06/29;17.45;17.64;16.90;17.16;17291086;296023392.00
2016/06/30;17.20;17.25;16.72;17.00;13725289;232239376.00
2016/07/01;17.05;17.16;16.58;16.71;12446831;210153680.00
2016/07/04;16.49;17.28;16.46;17.19;15539557;263931536.00
2016/07/05;17.19;17.38;16.82;17.00;14240361;243480416.00
2016/07/06;16.90;16.95;16.55;16.70;12081146;201914512.00
2016/07/07;16.73;16.87;16.25;16.54;12015309;198854208.00
2016/07/08;16.53;16.90;16.41;16.62;11225589;187596480.00
2016/07/11;18.00;18.28;17.50;18.28;14853266;269381344.00
2016/07/12;18.69;20.11;18.51;19.18;61497707;1191213312.00
2016/07/13;19.00;21.10;18.45;21.10;46575718;922851712.00
2016/07/14;21.50;23.21;21.21;22.07;70745621;1575652608.00
2016/07/20;22.11;24.28;21.22;23.01;73096479;1691684992.00
2016/07/21;22.19;22.86;21.63;22.20;59977995;1329879296.00
2016/07/22;22.10;22.38;21.33;21.40;35069833;761586752.00
2016/07/25;21.09;21.59;20.17;20.71;34962006;732489280.00
2016/07/26;20.94;21.09;20.39;20.89;24677611;511832128.00
2016/07/27;20.79;20.79;18.80;18.80;40865355;804114240.00
2016/07/28;18.88;19.20;18.35;19.10;30779720;581464384.00
2016/07/29;18.80;18.92;18.36;18.72;17806177;332610304.00
2016/08/01;18.74;18.74;17.88;18.50;16055667;293393408.00
2016/08/02;18.43;18.81;18.40;18.58;14935412;277732512.00
2016/08/03;18.56;19.10;18.20;18.99;27039169;507093632.00
2016/08/04;18.90;19.28;18.52;18.80;25627399;484939776.00
2016/08/05;18.82;19.79;18.62;19.46;37011671;713007104.00
2016/08/08;19.18;19.24;18.61;19.21;20577673;390006336.00
2016/08/09;19.28;20.44;19.05;20.11;36452962;721747904.00
2016/08/10;19.86;21.77;19.80;20.57;43369754;901792768.00
2016/08/11;20.12;20.56;19.67;19.67;26719714;536480576.00
2016/08/12;19.50;19.65;18.92;19.32;19838968;382690656.00
2016/08/15;19.55;20.28;18.86;20.02;23508361;462680288.00
2016/08/16;19.94;21.16;19.84;20.80;29284425;601613696.00
2016/08/17;20.60;21.95;20.15;21.15;31663350;661570240.00
2016/08/18;21.02;22.48;21.00;21.42;39516144;857523392.00
2016/08/19;21.12;21.58;20.65;20.76;23294088;489094880.00
2016/08/22;20.45;20.61;19.84;19.96;18072089;363920032.00
2016/08/23;19.93;20.56;19.82;20.25;15024742;303709984.00
2016/08/24;20.39;21.05;20.10;20.70;19847520;409360512.00
2016/08/25;20.45;20.47;19.70;20.10;16462949;330923104.00
2016/08/26;20.13;20.53;19.89;19.91;10970455;221821824.00
2016/08/29;19.78;19.78;18.80;18.86;19045178;362948192.00
2016/08/30;19.00;19.33;18.93;19.08;8991823;171780272.00
2016/08/31;19.01;19.13;18.65;19.13;9972802;188912992.00
2016/09/01;19.15;19.16;18.80;18.81;7966193;151270160.00
2016/09/02;18.65;18.93;18.46;18.62;7453871;139393664.00
2016/09/05;18.74;19.16;18.67;19.06;9671563;183341120.00
2016/09/06;19.12;19.17;18.62;19.14;10912760;206533456.00
2016/09/07;19.11;19.23;18.72;18.80;9092580;172911312.00
2016/09/08;19.03;20.68;19.02;20.17;34607432;692908288.00
2016/09/09;19.50;19.89;19.41;19.47;19526214;383159520.00
2016/09/12;18.90;18.90;17.71;17.80;15600789;288177184.00
2016/09/13;17.88;18.10;17.53;17.89;11619446;206622672.00
2016/09/14;17.56;17.85;17.55;17.55;7186127;126913512.00
2016/09/19;17.74;17.88;17.60;17.76;6559469;116307016.00
2016/09/20;17.72;17.72;17.16;17.33;8301060;144157920.00
2016/09/21;17.33;17.70;17.30;17.62;8110514;142145920.00
2016/09/29;18.30;19.00;17.88;17.96;17965377;331099552.00
2016/09/30;17.48;18.60;17.48;18.42;13041325;238192288.00
2016/10/10;18.38;19.00;18.34;18.85;11600904;216832176.00
2016/10/11;18.80;18.89;18.42;18.70;12002629;223560000.00
2016/10/12;18.55;19.09;18.53;18.83;10175401;191874512.00
2016/10/13;18.84;19.20;18.72;18.86;10101606;191764096.00
2016/10/14;18.85;18.85;18.52;18.54;6577233;122521048.00
2016/10/17;18.51;18.61;17.78;17.79;12870823;232115904.00
2016/10/18;17.66;18.10;17.66;18.05;7107838;127402536.00
2016/10/19;18.09;18.26;17.93;18.03;6099201;110391976.00
2016/10/20;18.03;18.37;17.93;18.19;7371458;133935256.00
2016/10/21;18.23;18.25;17.60;18.11;8457617;151457808.00
2016/10/24;17.99;18.45;17.80;18.36;10418891;190104400.00
2016/10/25;18.30;18.45;18.04;18.25;7165457;130810888.00
2016/10/26;18.24;18.26;17.91;17.92;6816874;122945712.00
2016/10/27;17.86;18.19;17.80;18.01;5128679;92373864.00
2016/10/28;18.00;18.88;17.80;18.20;12114148;222107344.00
2016/10/31;17.99;18.43;17.70;18.25;8533642;154237104.00
2016/11/01;18.26;18.33;17.95;18.21;8848616;160294032.00
2016/11/02;18.08;18.24;17.70;17.73;7303207;131172160.00
2016/11/03;17.71;18.08;17.63;17.76;7719467;137442416.00
2016/11/04;17.80;17.96;17.50;17.56;5883710;104267568.00
2016/11/07;17.59;17.96;17.50;17.80;6532017;115886016.00
2016/11/08;17.68;17.92;17.65;17.79;6994390;124512440.00
2016/11/09;17.81;18.06;17.50;17.80;7303677;130123368.00
2016/11/10;17.88;18.04;17.72;18.01;9446803;169019776.00
2016/11/11;19.20;19.60;18.63;18.74;40796073;774646784.00
2016/11/14;18.45;19.58;18.10;19.40;28641323;541468416.00
2016/11/15;19.03;19.99;18.90;19.63;23548548;456788608.00
2016/11/16;19.55;19.76;19.08;19.08;14449638;280135712.00
2016/11/17;18.81;18.98;18.60;18.78;5338600;100176600.00
数据来源:通达信
