300019 硅宝科技 日线 前复权
      日期	    开盘	    最高	    最低	    收盘	    成交量	    成交额
2009/10/30;5.37;9.59;4.59;6.51;9077495;390027168.00
2009/11/02;5.80;6.13;5.80;5.80;2880657;117904424.00
2009/11/03;5.46;5.65;5.18;5.28;2738945;103621896.00
2009/11/04;5.48;5.57;5.34;5.49;1819907;69898984.00
2009/11/05;5.49;5.91;5.43;5.66;2380365;95388440.00
2009/11/06;5.68;5.99;5.60;5.75;2296697;93790952.00
2009/11/09;5.79;5.87;5.57;5.85;1574433;63444156.00
2009/11/10;5.87;5.87;5.60;5.60;1613103;64887120.00
2009/11/11;5.58;5.82;5.49;5.75;1369278;54622216.00
2009/11/12;5.76;5.99;5.64;5.99;2529459;104176488.00
2009/11/13;5.99;6.65;5.95;6.65;2455522;110503904.00
2009/11/16;6.83;7.01;6.68;6.95;3493817;165990000.00
2009/11/17;6.92;7.09;6.79;6.92;2448888;117540024.00
2009/11/18;6.91;7.63;6.89;7.48;2870107;143963232.00
2009/11/19;7.32;8.25;7.29;7.71;4049382;215463680.00
2009/11/20;7.54;7.68;7.32;7.49;2321314;119567648.00
2009/11/23;7.43;7.65;7.35;7.47;1708451;87608544.00
2009/11/24;7.47;7.55;6.66;6.67;2433324;119297016.00
2009/11/25;6.67;7.13;6.54;7.04;1695875;80782896.00
2009/11/26;6.99;7.20;6.68;6.99;1853514;89461536.00
2009/11/27;6.98;7.29;6.76;7.15;1682575;82299448.00
2009/11/30;7.13;7.32;6.81;7.24;1669653;82137024.00
2009/12/01;7.21;7.32;7.06;7.19;1140852;56566400.00
2009/12/02;7.19;7.73;7.19;7.50;2182404;112604808.00
2009/12/03;7.42;7.87;7.32;7.79;2498390;132408496.00
2009/12/04;7.53;7.68;6.95;7.09;2475265;123321152.00
2009/12/07;7.09;7.35;7.09;7.25;985676;49105184.00
2009/12/08;7.25;7.59;7.14;7.47;1591403;80942768.00
2009/12/09;7.40;7.85;7.33;7.53;2354257;124023600.00
2009/12/10;7.79;8.02;7.60;7.75;2474235;133005256.00
2009/12/11;7.62;7.69;7.14;7.32;1930949;98390368.00
2009/12/14;7.24;7.24;6.70;6.99;1158785;56014368.00
2009/12/15;7.08;7.20;6.95;7.05;951322;46523332.00
2009/12/16;7.09;7.09;6.73;6.76;875645;41400244.00
2009/12/17;6.80;6.80;6.23;6.27;1159523;51766916.00
2009/12/18;6.22;6.52;5.84;6.29;1208439;52160180.00
2009/12/21;6.34;6.45;6.15;6.37;634409;28107336.00
2009/12/22;6.40;6.41;5.97;5.99;679606;29101966.00
2009/12/23;6.00;6.27;5.95;6.19;742255;32029578.00
2009/12/24;6.10;6.38;6.01;6.38;879926;38479148.00
2009/12/25;6.35;6.37;6.01;6.12;675776;29081428.00
2009/12/28;6.03;6.25;6.03;6.12;477676;20541958.00
2009/12/29;6.13;6.18;6.00;6.10;558272;23756638.00
2009/12/30;6.12;6.36;6.09;6.20;846219;36890240.00
2009/12/31;6.19;6.30;6.13;6.27;486854;21145978.00
2010/01/04;6.33;6.55;6.28;6.45;1027932;45879920.00
2010/01/05;6.45;6.49;6.29;6.43;682628;30392000.00
2010/01/06;6.43;6.57;6.38;6.38;873111;39484804.00
2010/01/07;6.31;6.38;6.09;6.12;678977;29641038.00
2010/01/08;6.12;6.21;5.85;5.97;695582;29226300.00
2010/01/11;5.84;6.12;5.84;6.10;538902;22649048.00
2010/01/12;6.10;6.38;6.08;6.38;873083;38473300.00
2010/01/13;6.35;6.60;6.31;6.52;1035782;46782252.00
2010/01/14;6.52;6.86;6.52;6.74;1042253;48629508.00
2010/01/15;6.75;6.83;6.51;6.78;948783;43840104.00
2010/01/18;6.72;6.84;6.70;6.78;684148;32144330.00
2010/01/19;6.78;6.78;6.53;6.54;667680;30598834.00
2010/01/20;6.53;6.56;6.01;6.05;966117;41863564.00
2010/01/21;6.13;6.20;6.02;6.16;366905;15718184.00
2010/01/22;6.10;6.10;5.70;5.80;504651;20646694.00
2010/01/25;5.68;5.86;5.45;5.72;747280;29575468.00
2010/01/26;5.92;5.99;5.68;5.74;630734;25891944.00
2010/01/27;5.74;5.74;5.49;5.49;514301;20370524.00
2010/01/28;5.44;5.47;5.19;5.27;643338;24071386.00
2010/01/29;5.20;5.47;5.20;5.34;523503;19902524.00
2010/02/01;4.90;5.34;4.81;4.99;2473623;87749968.00
2010/02/02;4.99;5.13;4.95;4.98;1113250;39970204.00
2010/02/03;5.01;5.33;4.72;5.30;1363123;48428872.00
2010/02/04;5.21;5.50;5.21;5.33;1254280;47712596.00
2010/02/05;5.26;5.81;5.26;5.74;1624504;63874928.00
2010/02/08;5.79;5.95;5.68;5.87;1418006;58039656.00
2010/02/10;6.46;6.51;6.19;6.51;3886041;172519824.00
2010/02/11;6.65;7.18;6.57;6.76;4414172;208775168.00
2010/02/12;6.71;7.48;6.71;7.25;2748994;133806800.00
2010/02/22;7.22;7.41;7.06;7.13;1966136;97948280.00
2010/02/23;7.13;7.46;7.07;7.43;2006612;100453568.00
2010/02/24;7.56;7.56;7.33;7.42;1959974;100336168.00
2010/02/25;7.40;7.69;7.29;7.42;2469607;126689784.00
2010/02/26;7.32;7.38;7.17;7.22;1778997;89258888.00
2010/03/01;7.24;7.45;7.14;7.30;1346051;68092248.00
2010/03/02;7.28;7.58;7.22;7.39;2228426;113921472.00
2010/03/03;7.33;7.37;7.13;7.17;1800939;89756024.00
2010/03/04;7.18;7.24;6.67;6.72;1984769;95548712.00
2010/03/05;6.78;6.92;6.75;6.78;1309433;62111232.00
2010/03/08;6.81;7.05;6.75;6.96;1179269;56656476.00
2010/03/09;6.91;6.96;6.74;6.93;938698;44625660.00
2010/03/10;6.93;7.08;6.78;6.85;879637;42098260.00
2010/03/11;6.85;7.37;6.78;7.27;2165701;105479216.00
2010/03/12;7.24;7.63;7.15;7.20;3358327;171610672.00
2010/03/15;7.09;7.32;7.02;7.32;1136551;56344692.00
2010/03/16;7.30;7.32;6.79;6.96;1266238;61636092.00
2010/03/17;7.01;7.24;6.88;7.22;1078739;52987724.00
2010/03/18;7.22;7.22;7.08;7.12;732763;36146404.00
2010/03/19;7.10;7.24;7.10;7.17;746334;37028060.00
2010/03/22;7.17;7.39;7.05;7.36;1065959;53473568.00
2010/03/23;7.33;7.61;7.22;7.55;2059641;105695080.00
2010/03/24;7.55;7.89;7.50;7.62;2158261;114022392.00
2010/03/25;7.62;8.11;7.56;7.95;2293234;123938592.00
2010/03/26;7.71;7.79;7.39;7.53;1741917;90687696.00
2010/03/29;7.54;7.59;7.21;7.42;1219523;62079444.00
2010/03/30;7.40;7.59;7.31;7.48;1196499;61724916.00
2010/03/31;7.40;7.85;7.40;7.71;1701640;89788144.00
2010/04/01;7.72;8.18;7.71;7.74;2767296;151193152.00
2010/04/02;7.60;7.87;7.57;7.73;1191088;63109596.00
2010/04/06;7.79;8.40;7.79;8.34;2484295;137926448.00
2010/04/07;8.32;8.55;8.10;8.49;2035585;116248680.00
2010/04/08;8.46;8.51;8.03;8.03;1867778;106056376.00
2010/04/09;8.03;8.56;8.03;8.51;1966116;111782400.00
2010/04/12;8.60;8.96;8.50;8.89;2184514;129856488.00
2010/04/13;8.81;8.93;7.94;7.94;2750012;154694640.00
2010/04/14;7.88;8.10;7.71;7.87;1110197;59924876.00
2010/04/15;7.88;7.89;7.11;7.22;1659099;85125664.00
2010/04/16;7.21;7.55;7.18;7.49;955485;48842044.00
2010/04/19;7.48;7.65;7.27;7.31;1011553;51967864.00
2010/04/20;7.32;7.40;6.60;7.22;827810;40146400.00
2010/04/21;7.09;7.62;7.09;7.57;993435;51219856.00
2010/04/22;7.54;7.98;7.52;7.88;1462837;78413320.00
2010/04/23;7.83;8.00;7.44;7.66;1165501;61960992.00
2010/04/26;7.37;7.37;6.84;6.85;1592230;77266304.00
2010/04/28;6.46;6.84;6.23;6.38;872582;39147712.00
2010/04/29;6.37;6.53;6.10;6.10;557349;24691918.00
2010/04/30;6.05;6.18;5.84;5.98;523149;21932172.00
2010/05/04;5.91;6.10;5.82;6.02;424758;17769384.00
2010/05/05;6.09;6.67;6.07;6.67;1398914;63406896.00
2010/05/06;6.84;6.85;6.42;6.43;1050875;48126616.00
2010/05/07;6.15;6.54;6.13;6.43;628201;27719404.00
2010/05/10;6.40;6.46;5.73;5.74;936863;38609856.00
2010/05/11;5.85;5.96;5.28;5.28;1356126;26273090.00
2010/05/12;5.10;5.37;5.03;5.19;952473;17383100.00
2010/05/13;5.23;5.31;4.97;5.25;927652;16860858.00
2010/05/14;5.17;5.30;5.08;5.18;1030820;18864762.00
2010/05/17;5.09;5.15;4.68;4.71;960239;16821694.00
2010/05/18;4.60;4.93;4.48;4.75;1053131;17463482.00
2010/05/19;4.71;5.06;4.67;4.87;1147211;19867482.00
2010/05/20;4.87;5.00;4.74;4.77;793943;13750596.00
2010/05/21;4.63;5.13;4.53;5.05;1424023;24789666.00
2010/05/24;5.05;5.39;5.05;5.36;1549568;28867816.00
2010/05/25;5.29;5.45;5.14;5.26;1503861;27978224.00
2010/05/26;5.24;5.37;5.21;5.37;1159399;21643960.00
2010/05/27;5.34;5.70;5.24;5.65;1921644;37176600.00
2010/05/28;5.65;5.91;5.60;5.73;1992169;40028912.00
2010/05/31;5.68;5.75;5.36;5.36;1706674;33279334.00
2010/06/01;5.21;5.33;4.84;5.03;1218556;21996274.00
2010/06/02;4.99;5.21;4.90;5.20;841329;15046991.00
2010/06/03;5.25;5.46;5.18;5.23;1460062;27361678.00
2010/06/04;5.20;5.74;5.05;5.65;2072532;39355800.00
2010/06/07;5.52;6.27;5.45;6.27;5120900;108053696.00
2010/06/08;6.34;6.79;6.20;6.71;5884000;132604392.00
2010/06/09;6.90;7.08;6.42;6.59;5085130;118905824.00
2010/06/10;6.53;6.90;6.53;6.82;3596491;84101704.00
2010/06/11;6.76;6.92;6.65;6.82;2849043;66873768.00
2010/06/17;6.85;6.90;6.26;6.26;2577508;58396700.00
2010/06/18;6.18;6.24;5.63;5.70;1957452;40351036.00
2010/06/21;5.54;6.32;5.52;6.32;2228114;46284436.00
2010/06/22;6.35;6.59;6.25;6.27;2660723;59288700.00
2010/06/23;6.19;6.49;6.09;6.41;1908598;42042660.00
2010/06/24;6.39;6.52;6.24;6.34;1112202;24449820.00
2010/06/25;6.27;6.40;5.85;5.98;1325159;28031952.00
2010/06/28;5.98;6.09;5.71;5.86;1042358;21443854.00
2010/06/29;5.86;5.96;5.34;5.34;1571251;30491518.00
2010/06/30;5.24;5.64;4.96;5.49;1422765;26585314.00
2010/07/01;5.46;5.59;5.15;5.20;926125;17320880.00
2010/07/02;5.20;5.40;4.87;5.32;1356578;24656872.00
2010/07/05;5.15;5.31;4.96;5.21;868218;15841316.00
2010/07/06;5.12;5.46;5.12;5.41;1188733;22506180.00
2010/07/07;5.47;5.55;5.32;5.48;980513;18801810.00
2010/07/08;5.48;5.56;5.27;5.34;908755;17256540.00
2010/07/09;5.34;5.59;5.19;5.48;1290059;24675496.00
2010/07/12;5.48;5.56;5.43;5.56;1236286;23861806.00
2010/07/13;5.50;6.15;5.42;6.06;3196922;65076456.00
2010/07/14;5.96;6.18;5.82;6.03;2540144;52805120.00
2010/07/15;5.96;6.05;5.56;5.61;1421535;28986010.00
2010/07/16;5.56;5.71;5.36;5.63;1300050;25145138.00
2010/07/19;5.60;5.79;5.40;5.73;1044032;20684094.00
2010/07/20;5.71;6.03;5.70;5.98;1712303;35368300.00
2010/07/21;5.98;6.18;5.91;5.93;2116249;44553644.00
2010/07/22;5.93;6.02;5.75;5.98;1368445;28221700.00
2010/07/23;5.97;6.27;5.97;6.11;2427977;51834368.00
2010/07/26;6.08;6.13;5.99;6.09;1574824;33277078.00
2010/07/27;6.11;6.11;5.92;5.95;1281431;26761222.00
2010/07/28;5.92;6.09;5.87;6.06;1204096;25266888.00
2010/07/29;6.06;6.22;6.00;6.11;1615949;34377696.00
2010/07/30;6.08;6.33;6.04;6.30;2828203;61264676.00
2010/08/02;6.23;6.52;6.23;6.43;2537430;56337536.00
2010/08/03;6.45;6.46;6.23;6.24;2107862;46174400.00
2010/08/04;6.18;6.31;5.98;6.18;1572118;33421468.00
2010/08/05;6.18;6.31;6.12;6.20;1306480;28324152.00
2010/08/06;6.19;6.41;6.19;6.37;1524200;33419716.00
2010/08/09;6.37;6.58;6.35;6.57;2693984;60446320.00
2010/08/10;6.59;6.82;6.37;6.67;4325175;99006504.00
2010/08/11;6.62;6.65;6.48;6.60;2393952;54409000.00
2010/08/12;6.48;6.57;6.33;6.35;1591162;35541160.00
2010/08/13;6.34;6.49;6.29;6.47;1152089;25629908.00
2010/08/16;6.55;6.63;6.46;6.58;1598469;36199204.00
2010/08/17;6.59;6.60;6.43;6.51;1662356;37391896.00
2010/08/19;6.53;6.53;6.25;6.33;1823243;40184524.00
2010/08/20;6.33;6.33;5.96;6.02;1764978;37538860.00
2010/08/23;6.02;6.10;5.94;5.99;841757;17706212.00
2010/08/24;6.00;6.09;5.87;6.08;1025481;21462648.00
2010/08/25;5.99;6.08;5.71;5.71;1318051;27076918.00
2010/08/26;5.71;5.83;5.62;5.69;885562;17626038.00
2010/08/27;5.64;5.81;5.63;5.78;841318;16846786.00
2010/08/30;5.78;5.95;5.78;5.92;872261;17907798.00
2010/08/31;5.87;5.95;5.75;5.83;1104095;22500122.00
2010/09/01;5.81;5.84;5.52;5.57;1389277;27590018.00
2010/09/02;5.57;5.78;5.57;5.70;1055268;20976846.00
2010/09/03;5.70;5.98;5.63;5.87;1413656;28920142.00
2010/09/06;5.87;5.90;5.65;5.81;1280412;25835998.00
2010/09/07;5.81;5.81;5.68;5.75;829701;16604807.00
2010/09/08;5.72;5.82;5.68;5.81;1026538;20756166.00
2010/09/09;5.87;5.96;5.84;5.93;2189275;45236256.00
2010/09/10;5.92;6.47;5.92;6.34;4033259;87052384.00
2010/09/13;6.26;6.39;6.09;6.34;2317539;50597756.00
2010/09/14;6.36;6.37;6.14;6.23;1820290;39402612.00
2010/09/15;6.22;6.23;5.69;5.74;2283955;47048872.00
2010/09/16;5.72;5.80;5.45;5.50;1515733;29542456.00
2010/09/17;5.53;5.58;5.49;5.54;745392;14475904.00
2010/09/20;5.55;5.58;5.25;5.25;991257;18714470.00
2010/09/21;5.25;5.30;5.02;5.10;621972;11263606.00
2010/09/27;5.10;5.24;5.03;5.22;630660;11463763.00
2010/09/28;5.23;5.23;5.03;5.07;664665;12018639.00
2010/09/29;5.09;5.16;4.99;5.00;525770;9444032.00
2010/09/30;4.93;5.08;4.93;5.05;525564;9372420.00
2010/10/08;5.14;5.24;5.10;5.22;748080;13729190.00
2010/10/11;5.24;5.40;5.15;5.38;1186171;22058458.00
2010/10/12;5.38;5.49;5.25;5.31;1061181;20015782.00
2010/10/13;5.31;5.43;5.18;5.42;1073691;20049224.00
2010/10/14;5.46;5.55;5.34;5.37;1583037;30329700.00
2010/10/15;5.31;5.36;5.18;5.19;1068423;19777548.00
2010/10/18;5.18;5.19;4.92;4.99;967719;17122592.00
2010/10/19;5.03;5.54;5.03;5.54;1029607;19845090.00
2010/10/20;6.15;6.15;6.05;6.15;4865674;104039792.00
2010/10/21;6.20;6.20;5.76;5.86;5348640;111581040.00
2010/10/22;5.88;6.50;5.88;6.50;3746012;82856280.00
2010/10/25;6.65;7.21;6.34;7.21;8267353;199855088.00
2010/10/26;7.59;7.96;7.28;7.77;8764143;228071152.00
2010/10/27;7.74;7.74;7.28;7.46;4570976;117572288.00
2010/10/28;7.32;7.51;7.15;7.20;3553650;88784216.00
2010/10/29;7.32;7.95;7.32;7.39;5256402;137040704.00
2010/11/01;7.73;7.91;7.50;7.72;4324191;113993632.00
2010/11/02;7.59;7.60;7.31;7.34;3992493;101553264.00
2010/11/03;7.19;7.27;6.65;6.79;3366309;80255440.00
2010/11/04;6.78;6.89;6.61;6.89;2296079;53721964.00
2010/11/05;7.08;7.15;6.81;6.93;1848609;44126756.00
2010/11/08;6.90;7.27;6.82;7.22;2612351;64168300.00
2010/11/09;7.20;7.20;7.01;7.07;1991419;48419096.00
2010/11/10;6.98;7.34;6.98;7.31;2334327;57841868.00
2010/11/11;7.26;7.45;7.02;7.05;2771429;69609400.00
2010/11/12;6.98;7.05;6.31;6.46;2436813;56256040.00
2010/11/15;6.51;6.94;6.51;6.93;2019114;46995008.00
2010/11/16;6.95;7.28;6.65;6.98;2638705;64188540.00
2010/11/17;6.84;7.12;6.53;6.60;1578979;37009396.00
2010/11/18;6.75;6.84;6.54;6.68;1071793;24817002.00
2010/11/19;6.78;7.26;6.68;7.23;2886964;69793072.00
2010/11/22;7.23;7.68;7.17;7.45;4006322;102127288.00
2010/11/23;7.43;7.43;7.03;7.28;1672371;41426872.00
2010/11/24;7.17;7.43;7.12;7.42;1528810;38430000.00
2010/11/25;7.52;7.65;7.18;7.30;1677896;42318088.00
2010/11/26;7.28;7.65;7.19;7.62;3216241;82727200.00
2010/11/29;7.60;7.64;7.28;7.43;1883275;48289776.00
2010/11/30;7.34;7.49;6.63;6.89;2718587;64998372.00
2010/12/01;6.78;6.89;6.68;6.78;780339;18312576.00
2010/12/02;6.90;6.94;6.78;6.78;845720;20022092.00
2010/12/03;6.74;6.86;6.56;6.71;698199;16085322.00
2010/12/06;6.71;6.78;6.51;6.55;660969;15141186.00
2010/12/07;6.54;6.71;6.38;6.65;816250;18649590.00
2010/12/08;6.65;6.75;6.53;6.59;901504;20634692.00
2010/12/09;6.54;6.66;6.41;6.46;751309;16987964.00
2010/12/10;6.44;6.49;6.27;6.42;1305363;28894202.00
2010/12/13;6.49;6.93;6.43;6.82;1957012;45525540.00
2010/12/14;6.81;6.82;6.69;6.78;1084975;25348840.00
2010/12/15;6.81;6.88;6.74;6.74;1193829;28102752.00
2010/12/16;6.72;7.08;6.68;6.94;2078661;49931360.00
2010/12/17;6.86;7.23;6.85;7.07;1795491;43899516.00
2010/12/20;6.99;7.10;6.53;6.72;1734730;40739284.00
2010/12/21;6.72;6.84;6.65;6.78;884928;20608240.00
2010/12/22;6.82;6.82;6.57;6.65;987817;22773876.00
2010/12/23;6.68;6.75;6.58;6.64;511128;11750651.00
2010/12/24;6.63;6.63;6.34;6.39;717964;16096490.00
2010/12/27;6.39;6.53;6.22;6.25;659564;14651433.00
2010/12/28;6.21;6.23;6.03;6.03;632612;13386745.00
2010/12/29;6.03;6.13;6.03;6.12;429364;9103437.00
2010/12/30;6.18;6.20;6.06;6.13;362871;7730778.50
2010/12/31;6.18;6.29;6.17;6.26;555814;12043502.00
2011/01/04;6.25;6.49;6.20;6.42;630415;14000567.00
2011/01/05;6.31;6.49;6.31;6.42;564980;12540992.00
2011/01/06;6.51;6.51;6.31;6.31;457952;10109332.00
2011/01/07;6.31;6.37;6.19;6.23;418656;9146845.00
2011/01/10;6.12;6.23;5.98;5.99;429345;9127184.00
2011/01/11;5.93;6.12;5.81;6.04;389467;8091427.00
2011/01/12;6.02;6.17;6.00;6.13;410699;8695470.00
2011/01/13;6.18;6.18;6.02;6.02;320734;6783486.00
2011/01/14;6.02;6.08;5.76;5.77;534365;10865912.00
2011/01/17;5.75;5.75;5.46;5.48;403993;7896905.00
2011/01/18;5.49;5.54;5.41;5.49;291386;5599480.00
2011/01/19;5.49;5.64;5.49;5.64;245792;4810315.50
2011/01/20;5.64;5.64;5.37;5.37;314059;6091621.00
2011/01/21;5.33;5.47;5.31;5.42;431236;8180285.50
2011/01/24;5.42;5.45;5.24;5.31;272827;5148272.50
2011/01/25;5.22;5.30;5.14;5.24;320862;5898414.00
2011/01/26;5.27;5.40;5.23;5.35;362280;6797504.50
2011/01/27;5.31;5.45;5.28;5.40;354643;6731788.50
2011/01/28;5.46;5.96;5.46;5.74;951185;19152428.00
2011/01/31;5.67;5.77;5.53;5.71;582464;11545860.00
2011/02/01;5.68;5.76;5.67;5.73;398903;7988053.50
2011/02/09;5.68;5.70;5.49;5.53;364414;7155330.50
2011/02/10;5.55;6.14;5.49;6.14;1276384;26722022.00
2011/02/11;6.39;6.41;6.15;6.16;1810534;39304180.00
2011/02/14;6.12;6.24;6.03;6.19;1102318;23530692.00
2011/02/15;6.16;6.26;6.11;6.19;954018;20549296.00
2011/02/16;6.17;6.25;6.11;6.23;822050;17735802.00
2011/02/17;6.27;6.30;6.09;6.26;793247;17100992.00
2011/02/18;6.18;6.25;6.06;6.09;583442;12446582.00
2011/02/21;6.09;6.28;6.03;6.26;616625;13200821.00
2011/02/22;6.27;6.39;5.99;5.99;985374;21198864.00
2011/02/23;5.90;6.11;5.89;6.08;535403;11288647.00
2011/02/24;6.08;6.12;5.93;6.01;601792;12606058.00
2011/02/25;6.00;6.09;5.99;6.02;568140;11956025.00
2011/02/28;6.06;6.11;5.97;6.08;539721;11374787.00
2011/03/01;6.12;6.22;6.06;6.15;600957;12840448.00
2011/03/02;6.10;6.53;6.09;6.46;1870378;41355120.00
2011/03/03;6.46;6.49;6.21;6.21;1097807;24106364.00
2011/03/04;6.25;6.25;6.07;6.19;546949;11664686.00
2011/03/07;6.23;6.28;6.12;6.28;701737;15131393.00
2011/03/08;6.28;6.51;6.25;6.43;1253172;27877980.00
2011/03/09;6.44;6.46;6.21;6.36;983784;21555540.00
2011/03/10;6.35;6.43;6.30;6.33;846648;18690392.00
2011/03/11;6.34;6.39;6.22;6.23;677575;14791053.00
2011/03/14;6.24;6.35;6.12;6.30;785476;17165832.00
2011/03/15;6.21;6.30;5.92;6.02;1051106;22126542.00
2011/03/16;6.02;6.07;5.96;6.04;702746;14740493.00
2011/03/17;5.99;6.00;5.74;5.76;721023;14768272.00
2011/03/18;5.77;5.87;5.77;5.82;327874;6670338.50
2011/03/21;5.75;5.91;5.75;5.84;363988;7444624.00
2011/03/22;5.84;5.89;5.76;5.89;277490;5661540.50
2011/03/23;5.89;5.99;5.83;5.99;473837;9769923.00
2011/03/24;5.99;5.99;5.88;5.89;377347;7785952.50
2011/03/25;5.90;5.96;5.83;5.92;504956;10403839.00
2011/03/28;5.92;5.99;5.87;5.94;454859;9394507.00
2011/03/29;5.91;5.92;5.61;5.63;901292;18037844.00
2011/03/30;5.59;5.69;5.51;5.62;413738;8110393.50
2011/03/31;5.67;5.81;5.53;5.59;488000;9681355.00
2011/04/01;5.59;5.64;5.45;5.56;456427;8856268.00
2011/04/06;5.58;5.60;5.50;5.59;357196;6961561.00
2011/04/07;5.60;5.68;5.54;5.68;604588;11864567.00
2011/04/08;5.68;5.74;5.62;5.73;594107;11805102.00
2011/04/11;5.72;5.72;5.53;5.56;550487;10814152.00
2011/04/12;5.53;5.59;5.48;5.49;405294;7864588.00
2011/04/13;5.52;5.60;5.48;5.58;510002;9948996.00
2011/04/14;5.59;5.59;5.49;5.53;526764;10217626.00
2011/04/15;5.52;5.54;5.38;5.45;511776;9812230.00
2011/04/18;5.45;5.45;5.36;5.37;439225;8329189.50
2011/04/19;5.38;5.43;5.24;5.35;737976;13841838.00
2011/04/20;5.36;5.50;5.32;5.48;752172;14389904.00
2011/04/21;5.43;5.52;5.43;5.45;456318;8757870.00
2011/04/22;5.45;5.53;5.41;5.48;577958;11095438.00
2011/04/25;5.47;5.47;5.20;5.23;538881;10052805.00
2011/04/26;5.24;5.28;5.06;5.09;503527;9162497.00
2011/04/27;5.12;5.17;4.92;4.94;399438;7116848.00
2011/04/28;4.94;5.03;4.73;4.74;459799;7952577.00
2011/04/29;4.75;4.91;4.75;4.89;344801;5935900.00
2011/05/03;4.89;4.98;4.89;4.96;261054;4574336.50
2011/05/04;4.95;4.95;4.78;4.80;353967;6069843.00
2011/05/05;4.76;5.06;4.76;4.96;585296;10345025.00
2011/05/06;4.92;5.02;4.85;4.98;308860;5433190.00
2011/05/09;5.02;5.09;4.96;4.99;353060;6275174.50
2011/05/10;5.04;5.04;4.89;4.96;330693;5802001.50
2011/05/11;5.01;5.01;4.92;4.95;219183;3858218.75
2011/05/12;4.91;4.93;4.80;4.81;335223;5782988.00
2011/05/13;4.81;4.86;4.70;4.79;532219;9032531.00
2011/05/16;4.79;4.85;4.74;4.77;261250;4457719.50
2011/05/18;4.75;4.82;4.62;4.80;173150;2946632.75
2011/05/19;4.79;4.81;4.69;4.71;232350;3939590.25
2011/05/20;4.71;4.79;4.68;4.73;155990;2631830.75
2011/05/23;4.70;4.76;4.53;4.55;304550;5042716.00
2011/05/24;4.52;4.90;4.40;4.83;847351;14312870.00
2011/05/25;4.78;4.82;4.64;4.66;376746;6339572.00
2011/05/26;4.67;4.74;4.58;4.58;214010;3526446.50
2011/05/27;4.57;4.70;4.49;4.55;294532;4787407.50
2011/05/30;4.55;4.82;4.48;4.67;630948;10480829.00
2011/05/31;4.78;4.79;4.51;4.71;436172;7169033.50
2011/06/01;4.72;4.75;4.67;4.73;317799;5285344.50
2011/06/02;4.68;4.68;4.54;4.61;278531;4523944.50
2011/06/03;4.58;5.12;4.58;4.95;631047;10730587.00
2011/06/07;4.90;4.95;4.81;4.88;366321;6290582.50
2011/06/08;4.83;4.88;4.78;4.85;309021;5255182.50
2011/06/09;4.85;4.91;4.71;4.71;251432;4265490.00
2011/06/10;4.71;4.72;4.51;4.63;328999;5357804.50
2011/06/13;4.63;4.73;4.55;4.64;238201;3898809.50
2011/06/14;4.65;4.75;4.63;4.70;261743;4340212.00
2011/06/15;4.69;4.72;4.58;4.58;294008;4838662.00
2011/06/16;4.58;5.08;4.58;4.75;1144701;19610372.00
2011/06/17;4.75;4.78;4.64;4.70;550969;9144573.00
2011/06/20;4.68;5.04;4.67;4.95;1325854;23038874.00
2011/06/21;4.95;5.00;4.82;4.98;953522;16485455.00
2011/06/22;4.95;5.00;4.87;4.93;602509;10444831.00
2011/06/23;4.91;5.13;4.83;5.07;1200036;21169540.00
2011/06/24;5.04;5.21;5.01;5.14;1054716;18946836.00
2011/06/27;5.13;5.21;5.07;5.08;880836;15806041.00
2011/06/28;5.08;5.09;4.98;5.06;725729;12819197.00
2011/06/29;5.01;5.13;4.99;5.00;579322;10274931.00
2011/06/30;4.98;5.08;4.98;5.05;430152;7613600.50
2011/07/04;5.14;5.19;5.06;5.19;784878;14158941.00
2011/07/05;5.18;5.23;5.12;5.19;545235;9855366.00
2011/07/06;5.19;5.20;5.10;5.20;496904;8979722.00
2011/07/07;5.14;5.29;5.12;5.19;884910;16158751.00
2011/07/08;5.20;5.20;5.00;5.06;681681;12101727.00
2011/07/11;5.06;5.10;5.00;5.08;442196;7848061.00
2011/07/12;5.06;5.06;4.88;4.89;636812;11086049.00
2011/07/13;4.92;5.01;4.89;4.99;529100;9215043.00
2011/07/14;5.01;5.18;4.99;5.17;1125509;20071720.00
2011/07/15;5.15;5.28;5.12;5.27;1336732;24518956.00
2011/07/18;5.29;5.38;5.15;5.19;842639;15428849.00
2011/07/19;5.17;5.23;5.02;5.07;762590;13603501.00
2011/07/20;5.12;5.17;5.03;5.09;434677;7770852.00
2011/07/21;5.12;5.12;4.99;5.07;442371;7830471.00
2011/07/22;5.07;5.10;5.01;5.03;312849;5545512.00
2011/07/25;5.03;5.03;4.67;4.76;787044;13338862.00
2011/07/26;4.74;4.78;4.64;4.71;367942;6101906.50
2011/07/27;4.71;4.78;4.65;4.76;424750;7125823.50
2011/07/28;4.74;4.74;4.67;4.73;394413;6552289.00
2011/07/29;4.70;5.03;4.68;4.82;847466;14631755.00
2011/08/01;4.67;4.90;4.67;4.83;440096;7453598.00
2011/08/02;4.79;4.83;4.64;4.80;743922;12371633.00
2011/08/03;4.74;5.00;4.68;4.96;1122314;19430820.00
2011/08/04;5.02;5.07;4.88;4.89;643790;11223127.00
2011/08/05;4.74;4.78;4.68;4.70;713197;11915172.00
2011/08/08;4.67;4.68;4.18;4.22;1039001;16160899.00
2011/08/09;4.07;4.20;3.88;4.14;716719;10383343.00
2011/08/10;4.20;4.30;4.20;4.23;483711;7336783.50
2011/08/11;4.18;4.38;4.09;4.34;542841;8294021.00
2011/08/12;4.39;4.44;4.34;4.35;597584;9300446.00
2011/08/15;4.34;4.46;4.34;4.45;793605;12447717.00
2011/08/16;4.46;4.46;4.38;4.38;510597;8008569.00
2011/08/17;4.35;4.42;4.31;4.38;446514;6936226.50
2011/08/18;4.40;4.43;4.27;4.28;327720;5047932.00
2011/08/19;4.13;4.23;4.10;4.23;399086;5946467.00
2011/08/22;4.23;4.35;4.22;4.29;447549;6850133.00
2011/08/23;4.28;4.47;4.25;4.46;729905;11430219.00
2011/08/24;4.49;4.62;4.46;4.51;928762;14951734.00
2011/08/25;4.49;4.54;4.41;4.51;592531;9400803.00
2011/08/26;4.45;4.60;4.45;4.58;518313;8378967.50
2011/08/29;4.53;4.66;4.52;4.58;636111;10381082.00
2011/08/30;4.65;4.65;4.43;4.43;611432;9880377.00
2011/08/31;4.43;4.44;4.28;4.37;368313;5710172.50
2011/09/01;4.34;4.44;4.31;4.35;242697;3772168.00
2011/09/02;4.36;4.54;4.28;4.53;709930;11154584.00
2011/09/05;4.49;4.70;4.45;4.57;1431580;23292252.00
2011/09/06;4.57;4.58;4.40;4.48;791543;12618399.00
2011/09/07;4.48;4.73;4.42;4.69;1376133;22491630.00
2011/09/08;4.71;4.94;4.67;4.82;2365834;40441480.00
2011/09/09;4.77;4.93;4.73;4.85;1412634;24086912.00
2011/09/13;4.81;4.81;4.56;4.58;1117971;18406514.00
2011/09/14;4.58;4.93;4.49;4.93;1383913;22993860.00
2011/09/15;4.88;5.00;4.87;4.90;1739127;30226990.00
2011/09/16;4.90;5.05;4.86;5.00;1546167;26959998.00
2011/09/19;4.92;4.97;4.76;4.81;982499;16851750.00
2011/09/20;4.81;4.87;4.71;4.85;942407;15962384.00
2011/09/21;4.83;5.05;4.76;5.00;1469915;25444222.00
2011/09/22;4.95;4.99;4.74;4.74;1187427;20315594.00
2011/09/23;4.61;4.66;4.48;4.51;1106028;17859752.00
2011/09/26;4.48;4.54;4.25;4.28;995049;15554587.00
2011/09/27;4.35;4.40;4.26;4.31;506011;7789171.50
2011/09/28;4.40;4.40;4.14;4.16;564038;8546788.00
2011/09/29;4.15;4.15;3.95;4.00;401804;5825161.00
2011/09/30;4.01;4.07;3.97;4.05;260830;3772293.50
2011/10/10;4.05;4.10;3.98;4.03;216628;3133775.25
2011/10/11;4.15;4.20;4.01;4.01;355966;5222661.50
2011/10/12;4.01;4.21;3.96;4.19;505343;7489708.50
2011/10/13;4.16;4.32;4.16;4.30;679040;10353050.00
2011/10/14;4.30;4.30;4.20;4.25;325215;4915230.00
2011/10/17;4.29;4.34;4.22;4.28;232676;3544402.25
2011/10/18;4.22;4.41;4.18;4.18;543423;8334872.00
2011/10/19;4.16;4.23;4.14;4.15;279715;4172142.00
2011/10/20;4.14;4.14;3.91;3.95;390909;5587966.50
2011/10/21;3.95;3.99;3.87;3.89;332304;4686897.50
2011/10/24;3.93;3.98;3.78;3.97;342137;4809662.00
2011/10/25;3.97;4.10;3.93;4.06;376039;5426751.00
2011/10/26;4.09;4.23;4.08;4.18;761907;11322523.00
2011/10/27;4.17;4.22;4.12;4.13;482780;7194603.00
2011/10/28;4.21;4.28;4.17;4.28;713255;10758887.00
2011/10/31;4.28;4.31;4.24;4.28;574792;8757952.00
2011/11/01;4.29;4.29;4.16;4.21;539899;8145627.00
2011/11/02;4.16;4.34;4.10;4.34;957794;14480234.00
2011/11/03;4.39;4.54;4.34;4.34;1403336;22109426.00
2011/11/04;4.36;4.45;4.31;4.41;865809;13496143.00
2011/11/07;4.43;4.56;4.38;4.49;919746;14598803.00
2011/11/08;4.51;4.53;4.31;4.31;640549;10029632.00
2011/11/09;4.35;4.57;4.33;4.54;1037451;16406162.00
2011/11/10;4.46;4.69;4.43;4.58;2188188;35513008.00
2011/11/11;4.59;4.66;4.50;4.54;1026969;16660209.00
2011/11/14;4.59;4.73;4.54;4.67;1307469;21558034.00
2011/11/15;4.67;4.68;4.55;4.63;1083966;17656040.00
2011/11/16;4.59;4.63;4.39;4.43;942314;15060600.00
2011/11/17;4.41;4.56;4.38;4.46;567477;9010376.00
2011/11/18;4.40;4.45;4.20;4.23;657492;10103704.00
2011/11/21;4.23;4.28;4.13;4.20;305980;4569529.50
2011/11/22;4.18;4.23;4.13;4.23;258671;3864553.00
2011/11/23;4.24;4.26;4.18;4.20;271601;4098490.25
2011/11/24;4.16;4.24;4.10;4.18;278164;4141813.25
2011/11/25;4.17;4.26;4.15;4.16;233410;3500426.75
2011/11/28;4.24;4.24;4.11;4.15;196619;2921987.25
2011/11/29;4.18;4.62;4.18;4.62;1188782;19186320.00
2011/11/30;4.73;4.94;4.58;4.70;6193736;103659528.00
2011/12/01;4.76;4.90;4.60;4.71;4611011;77823944.00
2011/12/02;4.58;4.63;4.23;4.26;2936632;45771968.00
2011/12/05;4.17;4.18;3.88;3.88;1973507;28165496.00
2011/12/06;3.90;4.01;3.85;3.98;1021702;14560527.00
2011/12/07;3.98;4.01;3.87;3.97;1016623;14393800.00
2011/12/08;3.96;4.06;3.85;3.99;1138032;16202553.00
2011/12/09;3.94;3.96;3.89;3.93;522560;7379073.00
2011/12/12;3.95;4.01;3.91;3.92;474579;6747743.50
2011/12/13;3.89;3.90;3.67;3.68;808220;10875855.00
2011/12/14;3.68;3.71;3.60;3.64;449381;5985253.00
2011/12/15;3.62;3.62;3.51;3.51;613405;7937188.50
2011/12/16;3.51;3.67;3.48;3.65;493335;6407992.00
2011/12/19;3.65;3.71;3.53;3.69;651084;8538505.00
2011/12/20;3.65;3.77;3.63;3.69;609227;8189158.50
2011/12/21;3.72;3.73;3.51;3.51;491247;6527410.00
2011/12/22;3.46;3.47;3.26;3.39;631986;7788890.50
2011/12/23;3.39;3.47;3.35;3.41;448313;5597637.50
2011/12/26;3.40;3.46;3.36;3.36;339670;4229545.50
2011/12/27;3.32;3.32;3.17;3.17;364833;4348484.50
2011/12/28;3.14;3.15;3.01;3.09;604091;6862628.00
2011/12/29;3.06;3.13;3.05;3.08;280725;3216627.75
2011/12/30;3.13;3.44;3.08;3.44;1273728;15753581.00
2012/01/04;3.63;3.63;3.39;3.45;2386692;30614746.00
2012/01/05;3.36;3.51;3.19;3.37;1415237;17461204.00
2012/01/06;3.27;3.47;3.22;3.46;1304321;16059044.00
2012/01/09;3.42;3.61;3.28;3.55;2190047;27874470.00
2012/01/10;3.51;3.68;3.47;3.63;2070031;26985646.00
2012/01/11;3.63;3.65;3.53;3.58;1413334;18402050.00
2012/01/12;3.53;3.62;3.47;3.52;1091541;14123949.00
2012/01/13;3.48;3.60;3.20;3.23;1165015;14446390.00
2012/01/16;3.15;3.19;3.06;3.14;598058;6938436.50
2012/01/17;3.12;3.38;3.10;3.34;685499;8258548.00
2012/01/18;3.28;3.37;3.12;3.16;853440;10261749.00
2012/01/19;3.15;3.27;3.13;3.25;576972;6847964.50
2012/01/20;3.28;3.47;3.25;3.38;848945;10492382.00
2012/01/30;3.34;3.44;3.31;3.34;570350;7052523.00
2012/01/31;3.31;3.34;3.20;3.30;377817;4546975.00
2012/02/01;3.28;3.38;3.26;3.26;401551;4899168.00
2012/02/02;3.26;3.37;3.26;3.36;404648;4937323.50
2012/02/03;3.36;3.47;3.33;3.45;915523;11444652.00
2012/02/06;3.44;3.48;3.40;3.47;773292;9747138.00
2012/02/07;3.45;3.45;3.34;3.38;721061;8962048.00
2012/02/08;3.40;3.56;3.36;3.53;969740;12292679.00
2012/02/09;3.50;3.64;3.50;3.54;1375210;17912462.00
2012/02/10;3.49;3.57;3.47;3.53;1017362;13049699.00
2012/02/13;3.47;3.63;3.45;3.59;1036411;13511609.00
2012/02/14;3.59;3.64;3.53;3.55;716579;9307103.00
2012/02/15;3.54;3.63;3.53;3.63;1028430;13456829.00
2012/02/16;3.63;3.70;3.57;3.62;1080965;14268662.00
2012/02/17;3.63;3.65;3.54;3.57;797905;10382257.00
2012/02/20;3.60;3.65;3.56;3.57;637629;8355051.50
2012/02/21;3.53;3.65;3.46;3.65;1036565;13498067.00
2012/02/22;3.65;3.78;3.63;3.77;1727667;23330084.00
2012/02/23;3.79;3.79;3.70;3.76;1209961;16414647.00
2012/02/24;3.76;3.97;3.73;3.82;1745990;24272098.00
2012/02/27;3.82;3.87;3.74;3.76;1786772;24547034.00
2012/02/28;3.73;3.74;3.64;3.70;1060601;14193462.00
2012/02/29;3.67;3.75;3.65;3.69;609744;8180308.00
2012/03/01;3.66;3.74;3.64;3.68;489471;6573180.00
2012/03/02;3.68;3.77;3.68;3.76;576458;7810527.00
2012/03/05;3.79;3.81;3.73;3.75;627286;8529323.00
2012/03/06;3.73;3.76;3.65;3.70;568216;7589032.00
2012/03/07;3.66;3.74;3.64;3.68;503124;6755180.00
2012/03/08;3.70;3.79;3.67;3.78;892610;12065666.00
2012/03/09;3.79;3.87;3.78;3.86;1005376;13873161.00
2012/03/12;3.88;3.89;3.83;3.88;816934;11389630.00
2012/03/13;3.88;3.97;3.84;3.93;947255;13327748.00
2012/03/14;3.93;3.96;3.64;3.68;1275604;17698582.00
2012/03/15;3.68;3.73;3.57;3.66;678600;8984404.00
2012/03/16;3.68;3.83;3.67;3.81;674944;9183064.00
2012/03/19;3.81;3.92;3.76;3.90;880233;12313732.00
2012/03/20;3.89;3.93;3.77;3.79;701883;9677940.00
2012/03/21;3.82;4.07;3.76;4.03;2648844;37723900.00
2012/03/22;3.88;3.96;3.82;3.96;2408538;33798332.00
2012/03/23;3.90;3.94;3.68;3.68;1304855;17829406.00
2012/03/26;3.68;3.68;3.57;3.63;779029;10237083.00
2012/03/27;3.63;3.68;3.57;3.61;550706;7254162.50
2012/03/28;3.59;3.59;3.38;3.39;703091;8895915.00
2012/03/29;3.36;3.47;3.19;3.33;1026854;12392459.00
2012/03/30;3.33;3.34;3.19;3.26;331156;3990229.75
2012/04/05;3.25;3.35;3.24;3.35;456609;5556445.50
2012/04/06;3.35;3.38;3.29;3.38;432498;5308941.50
2012/04/09;3.36;3.37;3.29;3.30;375304;4577072.50
2012/04/10;3.28;3.35;3.21;3.35;347497;4187835.50
2012/04/11;3.29;3.36;3.28;3.34;325757;3972511.75
2012/04/12;3.35;3.72;3.34;3.72;3214557;43054884.00
2012/04/13;3.77;3.87;3.70;3.73;3655262;49759724.00
2012/04/16;3.64;3.73;3.60;3.67;1366327;18147740.00
2012/04/17;3.67;3.68;3.57;3.57;996310;13078518.00
2012/04/18;3.54;3.65;3.54;3.63;735949;9649492.00
2012/04/20;3.63;3.66;3.57;3.65;765047;10108704.00
2012/04/23;3.66;3.68;3.26;3.37;1426611;17713548.00
2012/04/24;3.31;3.38;3.18;3.34;848649;10321601.00
2012/04/25;3.36;3.39;3.29;3.39;471263;5800978.00
2012/04/26;3.40;3.77;3.35;3.54;1379382;17903760.00
2012/04/27;3.49;3.53;3.40;3.47;645185;8165419.50
2012/05/02;3.52;3.54;3.48;3.52;411922;5287675.00
2012/05/03;3.54;3.73;3.53;3.60;881202;11643505.00
2012/05/04;3.58;3.60;3.54;3.60;544326;7076821.50
2012/05/07;3.58;3.64;3.58;3.64;448016;5878940.50
2012/05/08;3.67;3.69;3.58;3.59;497451;6518519.00
2012/05/09;3.58;3.58;3.48;3.48;401466;5143883.00
2012/05/10;3.44;3.54;3.44;3.52;323966;4144637.25
2012/05/11;3.49;3.54;3.48;3.52;263949;3385732.00
2012/05/14;3.54;3.59;3.51;3.53;218850;2821751.00
2012/05/15;3.45;3.62;3.42;3.61;350583;4520748.50
2012/05/16;3.60;3.62;3.53;3.55;362510;4705254.00
2012/05/17;3.63;3.63;3.54;3.57;350660;4485525.00
2012/05/18;3.56;3.57;3.43;3.44;342328;4315706.00
2012/05/21;3.44;3.48;3.40;3.43;304651;3756448.00
2012/05/22;3.45;3.48;3.43;3.47;224435;2793581.75
2012/05/23;3.46;3.49;3.35;3.38;356939;4373719.00
2012/05/24;3.38;3.41;3.36;3.39;273332;3335057.50
2012/05/25;3.37;3.41;3.31;3.35;353866;4281450.50
2012/05/28;3.33;3.35;3.12;3.35;423206;4977102.00
2012/05/29;3.38;3.43;3.33;3.43;462040;5642263.50
2012/05/30;3.43;3.48;3.40;3.44;403636;5000180.00
2012/05/31;3.41;3.52;3.40;3.47;578481;7227583.00
2012/06/01;3.48;3.51;3.44;3.45;332951;4160989.00
2012/06/04;3.40;3.40;3.29;3.30;304012;3677430.75
2012/06/05;3.29;3.36;3.29;3.32;146772;1757319.00
2012/06/06;3.35;3.38;3.22;3.23;271142;3235287.25
2012/06/07;3.30;3.31;3.22;3.24;268924;3165154.25
2012/06/08;3.27;3.29;3.20;3.23;192808;2270692.50
2012/06/11;3.20;3.33;3.20;3.32;233898;2785838.00
2012/06/12;3.29;3.32;3.27;3.31;115891;1382994.75
2012/06/13;3.32;3.38;3.32;3.38;308081;3731934.75
2012/06/14;3.38;3.41;3.33;3.33;307100;3735694.00
2012/06/15;3.33;3.39;3.31;3.38;255309;3094126.75
2012/06/18;3.39;3.46;3.39;3.40;375712;4621079.00
2012/06/19;3.42;3.42;3.36;3.38;237359;2896868.75
2012/06/20;3.38;3.45;3.38;3.41;438905;5403641.00
2012/06/21;3.43;3.43;3.33;3.34;235443;2848449.00
2012/06/25;3.37;3.37;3.25;3.25;270401;3208238.00
2012/06/26;3.23;3.28;3.22;3.26;143892;1692781.13
2012/06/27;3.28;3.32;3.26;3.28;143052;1699022.88
2012/06/28;3.31;3.31;3.24;3.29;177050;2097493.75
2012/06/29;3.28;3.36;3.23;3.36;297852;3560946.50
2012/07/02;3.33;3.41;3.33;3.39;366797;4476030.00
2012/07/03;3.42;3.46;3.37;3.42;564496;6963868.00
2012/07/04;3.40;3.46;3.38;3.41;297206;3653479.00
2012/07/05;3.43;3.43;3.26;3.26;344881;4147290.75
2012/07/06;3.26;3.35;3.16;3.32;467251;5495387.50
2012/07/09;3.28;3.30;3.19;3.20;277607;3265971.50
2012/07/10;3.20;3.27;3.18;3.23;157681;1842930.00
2012/07/11;3.20;3.26;3.20;3.25;157700;1843294.00
2012/07/12;3.26;3.31;3.21;3.30;210599;2490754.00
2012/07/13;3.32;3.44;3.31;3.38;668028;8129321.00
2012/07/16;3.40;3.40;3.23;3.23;371461;4429818.00
2012/07/17;3.23;3.32;3.18;3.32;290811;3427289.25
2012/07/18;3.29;3.40;3.26;3.40;368045;4433888.50
2012/07/19;3.40;3.71;3.38;3.54;2392781;30464386.00
2012/07/20;3.53;3.57;3.49;3.49;578684;7316012.50
2012/07/23;3.48;3.52;3.43;3.49;454327;5671108.50
2012/07/24;3.50;3.53;3.43;3.52;516917;6492931.50
2012/07/25;3.52;3.55;3.47;3.49;222971;2806004.75
2012/07/26;3.49;3.60;3.47;3.50;663563;8449611.00
2012/07/27;3.51;3.54;3.43;3.45;316375;3943791.25
2012/07/30;3.46;3.49;3.39;3.40;238151;2937582.75
2012/07/31;3.37;3.43;3.22;3.22;331414;3943675.00
2012/08/01;3.20;3.32;3.20;3.29;383578;4533911.50
2012/08/02;3.29;3.31;3.23;3.25;232436;2747234.75
2012/08/03;3.25;3.36;3.20;3.34;495545;5906985.00
2012/08/06;3.32;3.41;3.28;3.41;635166;7685753.00
2012/08/07;3.43;3.53;3.39;3.45;669888;8335291.00
2012/08/08;3.41;3.47;3.38;3.40;453600;5583666.00
2012/08/09;3.41;3.52;3.35;3.48;874465;10850891.00
2012/08/10;3.48;3.48;3.42;3.44;387130;4792993.00
2012/08/13;3.48;3.50;3.42;3.43;590515;7340506.50
2012/08/14;3.45;3.63;3.42;3.60;1318189;16801556.00
2012/08/15;3.55;3.60;3.51;3.52;669848;8517597.00
2012/08/16;3.50;3.51;3.38;3.43;426357;5291393.00
2012/08/17;3.43;3.48;3.41;3.47;405944;5039806.50
2012/08/20;3.47;3.60;3.44;3.59;954219;12138790.00
2012/08/21;3.55;3.65;3.55;3.61;1070440;13825706.00
2012/08/22;3.58;3.61;3.51;3.52;658509;8396316.00
2012/08/23;3.52;3.63;3.50;3.62;1013407;13019634.00
2012/08/24;3.62;3.63;3.48;3.51;590372;7509396.00
2012/08/27;3.50;3.52;3.31;3.32;659852;8085137.00
2012/08/28;3.33;3.41;3.27;3.36;640478;7708765.50
2012/08/29;3.34;3.42;3.31;3.32;546902;6616988.50
2012/08/30;3.32;3.38;2.95;3.01;2535923;28695788.00
2012/08/31;2.98;3.05;2.96;3.03;616449;6783159.50
2012/09/03;3.06;3.09;2.98;3.08;558788;6233579.50
2012/09/04;3.09;3.10;3.04;3.04;614764;6869607.50
2012/09/05;3.03;3.13;3.02;3.12;555692;6263259.50
2012/09/06;3.11;3.18;3.09;3.17;517600;5895111.00
2012/09/07;3.19;3.29;3.16;3.27;1168300;13714682.00
2012/09/10;3.25;3.29;3.23;3.25;734873;8697844.00
2012/09/11;3.23;3.26;3.20;3.24;632360;7412925.00
2012/09/12;3.25;3.48;3.01;3.39;2256810;27292444.00
2012/09/13;3.33;3.37;3.22;3.23;1257592;15033657.00
2012/09/14;3.24;3.29;3.18;3.24;670074;7840482.50
2012/09/17;3.23;3.24;3.13;3.13;515732;5914982.50
2012/09/18;3.16;3.16;3.07;3.10;349366;3943988.25
2012/09/19;3.09;3.14;3.08;3.13;202698;2294644.25
2012/09/20;3.13;3.23;3.02;3.04;348538;3927208.50
2012/09/21;3.04;3.04;2.96;2.96;647559;7085067.00
2012/09/24;2.95;2.98;2.91;2.97;278561;3012661.50
2012/09/25;2.95;3.00;2.95;2.98;160082;1745344.25
2012/09/26;2.97;2.99;2.84;2.85;221987;2373121.50
2012/09/27;2.87;2.96;2.87;2.94;255984;2748116.00
2012/09/28;2.93;2.98;2.89;2.98;349682;3780604.75
2012/10/08;3.01;3.04;2.96;2.97;196701;2152166.25
2012/10/09;2.98;3.06;2.98;3.06;463645;5131626.50
2012/10/10;3.04;3.08;3.03;3.08;514518;5736244.00
2012/10/11;3.08;3.08;2.99;2.99;346856;3838790.50
2012/10/12;2.98;3.05;2.98;3.00;321944;3542517.75
2012/10/15;3.01;3.09;3.01;3.06;677758;7531129.50
2012/10/16;3.06;3.09;3.03;3.05;445431;4970948.00
2012/10/17;3.05;3.06;3.02;3.04;535660;5938087.50
2012/10/18;3.04;3.11;3.04;3.10;710544;7984358.50
2012/10/19;3.10;3.10;3.07;3.08;365000;4099705.00
2012/10/22;3.12;3.13;3.08;3.13;660647;7475299.00
2012/10/23;3.17;3.17;3.07;3.07;694089;7845173.50
2012/10/24;3.05;3.08;3.01;3.02;512398;5702062.00
2012/10/25;3.04;3.05;2.99;3.01;509585;5625907.00
2012/10/26;3.02;3.02;2.90;2.93;381078;4117480.00
2012/10/29;2.94;2.94;2.89;2.90;247150;2646349.25
2012/10/30;2.89;3.01;2.89;2.99;588094;6417459.50
2012/10/31;2.99;3.04;2.98;3.01;419310;4606870.00
2012/11/01;2.98;3.07;2.98;3.05;648933;7194539.00
2012/11/02;3.05;3.07;3.03;3.05;350458;3887063.25
2012/11/05;3.03;3.09;3.03;3.07;477352;5338261.00
2012/11/06;3.06;3.07;2.99;3.03;374675;4136510.50
2012/11/07;3.03;3.05;3.01;3.03;141578;1567048.63
2012/11/08;3.02;3.02;2.93;2.93;392872;4259370.00
2012/11/09;2.97;2.97;2.90;2.95;134168;1441567.13
2012/11/12;2.97;3.00;2.91;3.00;144472;1567278.13
2012/11/13;2.96;3.00;2.92;2.92;257400;2791942.00
2012/11/14;2.92;2.97;2.92;2.95;181670;1958565.38
2012/11/15;2.93;3.00;2.88;2.95;450990;4890292.00
2012/11/16;2.94;2.95;2.90;2.95;177269;1905715.50
2012/11/19;2.95;3.02;2.94;3.02;222401;2419987.25
2012/11/20;3.02;3.04;2.97;2.99;193990;2130851.75
2012/11/21;2.97;3.04;2.97;3.04;234620;2589816.75
2012/11/22;3.02;3.06;2.98;3.02;306700;3400050.00
2012/11/23;3.01;3.07;3.01;3.06;381497;4251305.00
2012/11/26;3.05;3.08;2.99;3.01;231311;2555596.75
2012/11/27;3.00;3.02;2.88;2.88;352934;3770069.00
2012/11/28;2.87;2.90;2.57;2.70;402349;4116677.50
2012/11/29;2.73;2.73;2.59;2.59;342552;3381287.75
2012/11/30;2.59;2.67;2.57;2.62;184768;1804923.63
2012/12/03;2.63;2.66;2.50;2.51;311334;2969364.25
2012/12/04;2.54;2.56;2.46;2.56;225061;2124088.00
2012/12/05;2.55;2.75;2.55;2.68;498756;4941031.00
2012/12/06;2.67;2.71;2.66;2.70;198277;1974433.88
2012/12/07;2.73;2.79;2.69;2.78;406442;4140196.00
2012/12/10;2.79;2.85;2.75;2.82;503593;5178994.00
2012/12/11;2.78;2.81;2.76;2.77;416397;4272277.50
2012/12/12;2.72;2.78;2.67;2.74;363704;3661567.75
2012/12/13;2.71;2.74;2.68;2.68;252326;2535053.00
2012/12/14;2.69;2.83;2.67;2.81;648200;6653270.50
2012/12/17;2.81;2.86;2.81;2.84;704410;7348500.00
2012/12/18;2.85;2.98;2.83;2.83;658109;6989741.00
2012/12/19;2.83;2.86;2.82;2.84;273524;2862812.25
2012/12/20;2.85;2.92;2.83;2.90;622560;6580401.50
2012/12/21;2.90;3.02;2.87;2.99;1062352;11488161.00
2012/12/24;2.97;3.12;2.97;3.08;1159250;13002164.00
2012/12/25;3.06;3.17;3.04;3.14;1023471;11607561.00
2012/12/26;3.19;3.25;3.08;3.22;1444524;16524175.00
2012/12/27;3.22;3.24;3.08;3.09;1342584;15287472.00
2012/12/28;3.09;3.16;3.05;3.13;875139;9917699.00
2012/12/31;3.14;3.26;3.10;3.26;1104377;12663960.00
2013/01/04;3.24;3.24;3.14;3.18;694300;8020033.50
2013/01/07;3.18;3.21;3.12;3.19;1147558;13165413.00
2013/01/08;3.17;3.35;3.17;3.29;1507781;17891608.00
2013/01/09;3.29;3.31;3.21;3.24;1138027;13435894.00
2013/01/10;3.26;3.28;3.20;3.22;637602;7487578.00
2013/01/11;3.38;3.58;3.34;3.58;4601953;58104560.00
2013/01/14;3.63;3.93;3.59;3.85;6330055;84461920.00
2013/01/15;3.77;3.91;3.77;3.85;3676879;50002420.00
2013/01/16;3.79;3.84;3.68;3.76;2569735;34590184.00
2013/01/17;3.76;3.79;3.65;3.69;1898141;25038664.00
2013/01/18;3.70;3.76;3.67;3.73;1211312;16051339.00
2013/01/21;3.73;3.78;3.67;3.75;1323658;17586996.00
2013/01/22;3.75;3.78;3.57;3.63;1338868;17673858.00
2013/01/23;3.58;3.66;3.49;3.61;989751;12668461.00
2013/01/24;3.61;3.63;3.45;3.47;1195636;15157796.00
2013/01/25;3.47;3.57;3.45;3.53;695047;8772397.00
2013/01/28;3.53;3.70;3.51;3.70;1036109;13456328.00
2013/01/29;3.73;3.73;3.67;3.68;880764;11649028.00
2013/01/30;3.68;3.73;3.61;3.65;843932;11045814.00
2013/01/31;3.67;3.74;3.64;3.74;984839;12969571.00
2013/02/01;3.72;3.78;3.69;3.71;834334;11080081.00
2013/02/04;3.73;3.75;3.62;3.66;681068;8922898.00
2013/02/05;3.66;3.71;3.58;3.69;938234;12299140.00
2013/02/06;3.68;3.75;3.66;3.72;711990;9429596.00
2013/02/07;3.74;3.79;3.70;3.73;698164;9327815.00
2013/02/08;3.73;3.79;3.72;3.78;854942;11457347.00
2013/02/18;3.79;4.20;3.79;4.04;2642566;37690608.00
2013/02/19;4.04;4.04;3.87;3.92;1408646;19728154.00
2013/02/20;3.91;4.04;3.89;4.04;945534;13352276.00
2013/02/21;4.02;4.02;3.82;3.85;1147008;15859444.00
2013/02/22;3.83;3.88;3.74;3.82;1081285;14661781.00
2013/02/25;3.84;3.88;3.80;3.87;743639;10150894.00
2013/02/26;3.85;4.04;3.83;3.90;1933279;27251912.00
2013/02/27;3.90;3.98;3.79;3.84;870728;11970418.00
2013/02/28;3.82;3.96;3.82;3.94;828759;11481166.00
2013/03/01;3.92;4.07;3.92;4.03;1342562;18941226.00
2013/03/04;3.95;4.03;3.82;3.84;1500576;20740610.00
2013/03/05;3.85;3.96;3.78;3.95;770754;10649869.00
2013/03/06;4.00;4.08;3.92;4.03;1217362;17300836.00
2013/03/07;4.03;4.03;3.92;3.97;944681;13301956.00
2013/03/08;3.95;4.04;3.95;3.98;568673;8019691.50
2013/03/11;3.98;4.09;3.95;4.04;891396;12724268.00
2013/03/12;4.04;4.45;4.04;4.20;4661280;69612440.00
2013/03/13;4.31;4.40;4.23;4.35;3994298;60644876.00
2013/03/14;4.34;4.51;4.20;4.35;3924924;60693984.00
2013/03/15;4.35;4.63;4.33;4.60;3913681;61597032.00
2013/03/18;4.54;5.11;4.51;5.10;7189644;123662248.00
2013/03/19;5.14;5.37;4.86;5.03;5159718;91560704.00
2013/03/20;4.95;5.13;4.82;4.96;4424148;76246736.00
2013/03/21;4.88;5.16;4.85;5.01;3707584;64924940.00
2013/03/22;4.94;4.98;4.76;4.80;3209100;54006632.00
2013/03/25;4.80;4.97;4.80;4.93;2486470;42329812.00
2013/03/26;4.92;4.94;4.74;4.89;1589280;26735304.00
2013/03/27;4.84;4.92;4.78;4.83;1362645;23001154.00
2013/03/28;4.78;4.78;4.51;4.55;2342471;37889232.00
2013/03/29;4.57;4.67;4.55;4.62;1245007;20054228.00
2013/04/01;4.60;4.77;4.57;4.75;1415264;23207258.00
2013/04/02;4.76;4.81;4.31;4.33;2545497;40240088.00
2013/04/03;4.33;4.38;4.06;4.13;2565873;37902620.00
2013/04/08;4.13;4.38;4.09;4.33;1434094;21416488.00
2013/04/09;4.34;4.40;4.29;4.32;962654;14699089.00
2013/04/10;4.37;4.41;4.21;4.32;897476;13660234.00
2013/04/11;4.32;4.35;4.25;4.30;647221;9806005.00
2013/04/12;4.27;4.37;4.27;4.33;583068;8861379.00
2013/04/15;4.33;4.43;4.28;4.31;962137;14766562.00
2013/04/16;4.31;4.43;4.22;4.43;905961;13813528.00
2013/04/17;4.41;4.59;4.41;4.57;1378567;21881012.00
2013/04/18;4.53;4.64;4.50;4.54;1033791;16560368.00
2013/04/19;4.52;4.73;4.52;4.70;1293042;21036966.00
2013/04/22;4.80;4.81;4.70;4.81;1370561;22758804.00
2013/04/23;4.81;4.82;4.60;4.63;1146033;18716774.00
2013/04/24;4.66;4.80;4.62;4.73;1263492;20731024.00
2013/04/25;4.71;4.71;4.49;4.49;1594374;25587810.00
2013/04/26;4.49;4.49;4.21;4.23;1181878;17999116.00
2013/05/02;4.20;4.20;4.08;4.15;2602412;37835344.00
2013/05/03;4.17;4.40;4.17;4.35;1280581;19465130.00
2013/05/06;4.38;4.51;4.38;4.43;1037081;16155715.00
2013/05/07;4.45;4.47;4.36;4.41;865053;13379078.00
2013/05/08;4.41;4.59;4.41;4.56;1166384;18344096.00
2013/05/09;4.56;4.69;4.52;4.66;1807774;29234246.00
2013/05/10;4.64;4.67;4.48;4.60;1504088;24072584.00
2013/05/13;4.60;4.71;4.56;4.66;1086530;17634964.00
2013/05/14;4.66;4.69;4.51;4.51;856640;13652899.00
2013/05/15;4.52;4.65;4.51;4.64;887805;14226885.00
2013/05/16;4.62;4.73;4.52;4.56;2019328;32651980.00
2013/05/17;4.53;4.78;4.52;4.76;2069508;33816996.00
2013/05/20;4.81;4.99;4.76;4.98;2675410;45522680.00
2013/05/21;4.99;5.13;4.92;5.04;2119656;36962864.00
2013/05/22;4.95;5.06;4.83;4.86;1838781;31389034.00
2013/05/23;4.79;5.03;4.79;4.91;1383565;23688322.00
2013/05/24;4.88;5.13;4.88;5.10;1689971;29410288.00
2013/05/27;5.10;5.17;4.99;5.10;2141206;37653612.00
2013/05/28;5.13;5.13;4.80;4.88;2636777;27796672.00
2013/05/29;4.88;5.08;4.83;4.94;2393099;25408252.00
2013/05/30;4.86;4.95;4.84;4.88;1444900;15114215.00
2013/05/31;4.88;5.02;4.86;4.87;1820440;19229962.00
2013/06/03;4.87;4.90;4.64;4.66;2722655;27606052.00
2013/06/04;4.66;4.66;4.47;4.51;1428251;14021757.00
2013/06/05;4.50;4.60;4.50;4.57;823768;8061890.50
2013/06/06;4.54;4.60;4.50;4.50;767577;7492259.00
2013/06/07;4.50;4.68;4.48;4.55;1253498;12288632.00
2013/06/13;4.51;4.51;4.26;4.34;1323504;12489101.00
2013/06/14;4.33;4.58;4.33;4.51;1773295;17002020.00
2013/06/17;4.51;4.55;4.40;4.42;1386039;13347469.00
2013/06/18;4.42;4.45;4.23;4.29;1472983;13712933.00
2013/06/19;4.28;4.28;4.16;4.27;779166;7104564.50
2013/06/20;4.26;4.26;4.15;4.17;859084;7820232.00
2013/06/21;4.10;4.14;3.98;4.11;883868;7778692.00
2013/06/24;4.07;4.08;3.67;3.72;1615862;13588910.00
2013/06/25;3.66;3.83;3.46;3.81;1638684;13212072.00
2013/06/26;3.81;3.94;3.73;3.94;1400565;11726289.00
2013/06/27;3.94;3.98;3.73;3.75;1440179;12099367.00
2013/06/28;3.74;3.82;3.56;3.61;1009441;8149787.00
2013/07/01;3.66;3.76;3.56;3.76;757579;6092314.50
2013/07/02;3.80;3.89;3.76;3.89;1587615;13292505.00
2013/07/03;3.89;3.97;3.73;3.90;1588280;13262319.00
2013/07/04;3.87;3.95;3.77;3.85;1282703;10787422.00
2013/07/05;3.85;3.88;3.75;3.75;1222241;10152400.00
2013/07/08;3.69;3.69;3.46;3.48;1111888;8664630.00
2013/07/09;3.48;3.57;3.46;3.51;601231;4667252.50
2013/07/10;3.58;3.90;3.58;3.90;1486478;12414549.00
2013/07/11;4.09;4.09;3.88;4.00;3583177;31145480.00
2013/07/12;3.97;4.34;3.91;4.23;3957234;35499512.00
2013/07/15;4.18;4.30;4.12;4.27;2479465;22730016.00
2013/07/16;4.23;4.28;4.14;4.26;2064115;18858226.00
2013/07/17;4.26;4.26;4.06;4.09;1594101;14386274.00
2013/07/18;4.05;4.30;4.00;4.28;2212653;20224632.00
2013/07/19;4.27;4.37;4.08;4.08;2317293;21288008.00
2013/07/22;4.10;4.27;3.98;4.23;1414304;12663737.00
2013/07/23;4.25;4.50;4.21;4.50;3550139;33273772.00
2013/07/24;4.45;4.55;4.36;4.50;3139530;30062706.00
2013/07/25;4.53;4.53;4.20;4.22;2197373;20562042.00
2013/07/26;4.20;4.26;4.09;4.15;982219;8867772.00
2013/07/29;4.22;4.40;4.15;4.24;2160035;20084848.00
2013/07/30;4.20;4.30;4.11;4.25;1373243;12527048.00
2013/07/31;4.27;4.31;4.22;4.23;1533409;14142285.00
2013/08/01;4.24;4.52;4.21;4.51;3435650;32714084.00
2013/08/02;4.55;4.75;4.47;4.51;4142287;40989040.00
2013/08/05;4.51;4.62;4.40;4.61;3060621;29614832.00
2013/08/06;4.55;4.65;4.51;4.57;2203558;21717012.00
2013/08/07;4.54;4.56;4.32;4.32;2250369;21425896.00
2013/08/08;4.31;4.41;4.31;4.36;1391776;13094278.00
2013/08/09;4.36;4.40;4.25;4.33;1313401;12274590.00
2013/08/12;4.33;4.40;4.30;4.40;1709297;16065785.00
2013/08/13;4.41;4.52;4.36;4.52;1885115;18210786.00
2013/08/14;4.53;4.59;4.45;4.58;2472979;24157246.00
2013/08/15;4.55;4.58;4.39;4.39;1614819;15588820.00
2013/08/16;4.36;4.48;4.24;4.28;1648455;15544672.00
2013/08/19;4.25;4.39;4.24;4.35;1938845;17999690.00
2013/08/20;4.35;4.54;4.33;4.46;2710181;26060160.00
2013/08/21;4.50;4.52;4.41;4.50;1409509;13583483.00
2013/08/22;4.47;4.57;4.45;4.54;1617899;15729996.00
2013/08/23;4.54;4.71;4.50;4.68;4252812;42243016.00
2013/08/26;4.68;4.81;4.65;4.76;3043203;30893258.00
2013/08/27;4.75;4.75;4.59;4.70;2234693;22362702.00
2013/08/28;4.69;4.69;4.51;4.56;2312966;22705642.00
2013/08/29;4.54;4.60;4.51;4.58;967494;9503648.00
2013/08/30;4.59;4.59;4.27;4.30;1943885;18466756.00
2013/09/02;4.31;4.38;4.29;4.38;752060;7059881.50
2013/09/03;4.36;4.44;4.36;4.43;527583;5016866.00
2013/09/04;4.43;4.44;4.34;4.38;650968;6136288.50
2013/09/05;4.41;4.48;4.35;4.37;1108155;10572141.00
2013/09/06;4.39;4.51;4.36;4.49;1521762;14612098.00
2013/09/09;4.50;4.67;4.50;4.63;3157426;31209454.00
2013/09/10;4.63;4.78;4.57;4.75;3115346;31478794.00
2013/09/11;4.75;4.79;4.59;4.68;2388270;23926586.00
2013/09/12;4.66;4.70;4.59;4.61;1022836;10178384.00
2013/09/13;4.58;4.73;4.57;4.73;1466303;14641965.00
2013/09/16;4.63;4.79;4.63;4.69;1785353;18120940.00
2013/09/17;4.72;4.75;4.52;4.55;1317026;13093668.00
2013/09/18;4.53;4.64;4.47;4.64;820328;8082484.50
2013/09/23;4.64;4.74;4.61;4.73;2060507;20794876.00
2013/09/24;4.73;4.75;4.60;4.68;1255518;12597751.00
2013/09/25;4.65;4.71;4.61;4.71;1081298;10820070.00
2013/09/26;4.75;5.22;4.74;5.22;2764638;30222136.00
2013/09/27;5.70;5.70;4.91;5.01;7148740;79603296.00
2013/09/30;4.83;4.98;4.82;4.92;3001605;31482814.00
2013/10/08;4.89;5.13;4.82;5.10;2733295;28923366.00
2013/10/09;5.01;5.19;5.01;5.13;2474021;26962272.00
2013/10/10;5.17;5.18;4.94;5.03;2022627;21775932.00
2013/10/11;5.01;5.10;4.99;5.08;1498180;16179246.00
2013/10/14;5.14;5.34;5.06;5.33;2841924;31378998.00
2013/10/15;5.35;5.52;5.20;5.33;3058913;34885768.00
2013/10/16;5.33;5.33;4.98;5.06;1989924;21605764.00
2013/10/17;5.08;5.16;5.01;5.06;1318220;14269858.00
2013/10/18;5.07;5.13;4.99;5.10;1162120;12598855.00
2013/10/21;5.13;5.29;5.07;5.25;1912033;21200896.00
2013/10/22;5.26;5.27;4.98;5.05;2785544;30329230.00
2013/10/23;5.05;5.08;4.75;4.80;1967384;20598188.00
2013/10/24;4.80;4.87;4.73;4.77;853790;8756449.00
2013/10/25;4.76;4.90;4.75;4.81;1656514;17111670.00
2013/10/28;4.81;4.88;4.78;4.85;764720;7928584.50
2013/10/29;4.81;4.88;4.42;4.54;1406406;14040300.00
2013/10/30;4.55;4.61;4.51;4.60;711141;6994568.00
2013/10/31;4.61;4.61;4.50;4.55;459191;4498085.00
2013/11/01;4.55;4.57;4.48;4.54;319424;3112712.00
2013/11/04;4.55;4.60;4.52;4.60;418186;4121011.50
2013/11/05;4.56;4.72;4.55;4.71;714146;7136711.00
2013/11/06;4.72;4.92;4.71;4.79;1621735;16791324.00
2013/11/07;4.79;4.93;4.69;4.85;1278984;13205279.00
2013/11/08;4.80;4.91;4.73;4.75;720559;7413488.00
2013/11/11;4.75;4.86;4.71;4.85;654335;6744133.50
2013/11/12;4.84;5.02;4.79;4.99;1276586;13475078.00
2013/11/13;4.99;4.99;4.76;4.76;895619;9350058.00
2013/11/14;4.79;5.00;4.67;4.95;1344441;13991174.00
2013/11/15;4.94;5.15;4.94;5.03;2368185;25625416.00
2013/11/18;5.03;5.30;5.00;5.26;2853024;31805458.00
2013/11/19;5.29;5.32;5.17;5.26;2491649;27860600.00
2013/11/20;5.28;5.33;5.20;5.28;1477358;16534643.00
2013/11/21;5.31;5.31;5.09;5.25;1504507;16589938.00
2013/11/22;5.20;5.21;5.11;5.13;1056775;11613232.00
2013/11/25;5.11;5.23;5.05;5.16;1361083;15046909.00
2013/11/26;5.16;5.43;5.12;5.37;3215910;36413980.00
2013/11/27;5.34;5.49;5.29;5.48;3117261;35832628.00
2013/11/28;5.50;5.56;5.43;5.51;2929189;34354104.00
2013/11/29;5.51;5.64;5.46;5.63;2672258;31543180.00
2013/12/02;5.47;5.47;5.03;5.05;4105782;45488212.00
2013/12/03;4.99;5.31;4.87;5.26;2565089;28023782.00
2013/12/04;5.24;5.43;5.20;5.27;2483776;28257274.00
2013/12/05;5.24;5.30;5.20;5.27;1313736;14711852.00
2013/12/06;5.30;5.30;5.19;5.21;1053400;11757560.00
2013/12/09;5.18;5.27;5.18;5.27;1041420;11616105.00
2013/12/10;5.26;5.28;5.21;5.25;794439;8878144.00
2013/12/11;5.22;5.22;5.05;5.13;1165023;12773625.00
2013/12/12;5.10;5.25;5.10;5.22;1334766;14765143.00
2013/12/13;5.20;5.40;5.10;5.39;1934489;21826770.00
2013/12/16;5.39;5.45;5.23;5.33;1209941;13723025.00
2013/12/17;5.30;5.53;5.25;5.48;3274012;37906460.00
2013/12/18;5.46;5.54;5.42;5.49;1837475;21432094.00
2013/12/19;5.44;5.53;5.33;5.43;1349727;15541341.00
2013/12/20;5.34;5.62;5.34;5.50;2067501;24207392.00
2013/12/23;5.48;5.83;5.41;5.70;5539925;66588444.00
2013/12/24;5.65;6.30;5.61;6.30;10616221;135941072.00
2013/12/25;6.34;6.34;6.01;6.21;9096403;117442256.00
2013/12/26;6.10;6.16;5.91;5.95;5250568;67252904.00
2013/12/27;5.93;6.15;5.76;6.15;5034011;63894896.00
2013/12/30;6.09;6.22;5.90;6.03;3876163;49438176.00
2013/12/31;5.94;6.00;5.66;5.71;3579241;43817836.00
2014/01/02;5.70;5.89;5.68;5.84;2494593;30846356.00
2014/01/03;5.83;6.08;5.75;6.07;3994626;50362240.00
2014/01/06;6.03;6.06;5.72;5.80;3019624;37804280.00
2014/01/07;5.72;5.99;5.72;5.96;2268598;28291070.00
2014/01/08;6.00;6.14;5.91;6.01;3859112;49101192.00
2014/01/09;5.98;6.00;5.69;5.70;2915745;36172076.00
2014/01/10;5.69;5.69;5.30;5.40;2399616;27842990.00
2014/01/13;5.40;5.49;5.35;5.43;1281239;14822153.00
2014/01/14;5.46;5.60;5.33;5.58;1683141;19622964.00
2014/01/15;5.56;5.70;5.54;5.69;1819786;21818348.00
2014/01/16;5.74;5.74;5.50;5.57;2413242;28669428.00
2014/01/17;5.57;5.69;5.48;5.59;1681112;19880262.00
2014/01/20;5.59;5.63;5.46;5.48;1050247;12345004.00
2014/01/21;5.46;5.69;5.46;5.69;1714036;20305120.00
2014/01/22;5.71;5.83;5.63;5.83;2578434;31382152.00
2014/01/23;5.83;5.94;5.79;5.83;2785561;34596424.00
2014/01/24;5.81;5.98;5.81;5.98;3004615;37721368.00
2014/01/27;5.95;6.05;5.84;5.89;3027322;38270076.00
2014/01/28;5.88;5.95;5.71;5.80;1877513;23037988.00
2014/01/29;5.80;6.09;5.77;6.09;2686370;33880900.00
2014/01/30;6.06;6.13;5.94;5.95;1400749;17854032.00
2014/02/07;5.95;6.10;5.83;6.05;1868229;23767566.00
2014/02/10;6.06;6.44;6.06;6.42;4788856;63417792.00
2014/02/11;6.42;6.45;6.11;6.24;3996845;52728000.00
2014/02/12;6.24;6.34;6.09;6.30;2652051;34892740.00
2014/02/13;6.29;6.29;5.96;5.99;3187618;41382380.00
2014/02/14;5.91;6.17;5.91;6.15;2553386;32632172.00
2014/02/17;6.15;6.39;6.11;6.36;3156398;42029312.00
2014/02/18;6.30;6.65;6.20;6.51;4776834;65383144.00
2014/02/19;6.50;6.60;6.33;6.50;3008493;40940312.00
2014/02/20;6.46;6.51;6.20;6.24;2580926;34430128.00
2014/02/21;6.21;6.39;6.18;6.24;1670813;22089514.00
2014/02/24;6.25;6.34;6.16;6.30;1512278;19928122.00
2014/02/25;6.33;6.60;5.92;5.96;3798445;50535208.00
2014/02/26;5.91;5.91;5.55;5.85;1819150;22341048.00
2014/02/27;5.84;6.12;5.70;5.70;2373162;29735038.00
2014/02/28;5.72;5.87;5.60;5.86;1171575;14250394.00
2014/03/03;5.84;5.97;5.81;5.96;1144293;14354557.00
2014/03/04;5.91;5.92;5.69;5.85;1486023;18311336.00
2014/03/05;5.89;5.89;5.75;5.84;1060855;13100510.00
2014/03/06;5.81;5.85;5.65;5.77;1147358;13960713.00
2014/03/07;5.76;5.85;5.71;5.78;883879;10851634.00
2014/03/10;5.78;6.02;5.69;5.70;2911353;36216644.00
2014/03/11;5.72;6.20;5.69;5.94;4043979;51239212.00
2014/03/12;5.94;6.14;5.87;6.13;3763788;47934104.00
2014/03/13;6.11;6.29;6.08;6.22;3242267;42243116.00
2014/03/14;6.17;6.23;6.06;6.18;1846903;23986188.00
2014/03/17;6.18;6.39;6.11;6.38;2858917;38007320.00
2014/03/18;6.38;6.38;6.21;6.30;2096457;27808740.00
2014/03/19;6.31;6.31;6.13;6.23;1742766;22774490.00
2014/03/20;6.17;6.24;5.91;5.93;1662203;21384336.00
2014/03/21;5.90;5.98;5.65;5.95;1537034;18937218.00
2014/03/24;5.95;5.95;5.76;5.86;1454096;17978588.00
2014/03/25;5.85;5.91;5.77;5.81;964631;11895874.00
2014/03/26;5.81;5.93;5.78;5.85;890719;11066077.00
2014/03/27;5.82;5.85;5.56;5.58;1599933;19247528.00
2014/03/28;5.59;5.63;5.21;5.30;1876044;21546982.00
2014/03/31;5.32;5.39;5.25;5.32;625314;7096339.00
2014/04/01;5.32;5.44;5.32;5.44;491807;5665866.50
2014/04/02;5.41;5.49;5.36;5.36;417340;4796155.50
2014/04/03;5.39;5.48;5.34;5.43;630996;7241552.00
2014/04/04;5.40;5.47;5.38;5.47;588920;6815644.00
2014/04/08;5.46;5.53;5.40;5.53;1012410;11755819.00
2014/04/09;5.54;5.63;5.51;5.61;994959;11821914.00
2014/04/10;5.58;5.70;5.58;5.64;947763;11356268.00
2014/04/11;5.62;5.62;5.46;5.51;658052;7707392.50
2014/04/14;5.51;5.67;5.45;5.66;894726;10632553.00
2014/04/15;5.63;5.79;5.62;5.72;1324916;16042790.00
2014/04/16;5.70;5.71;5.59;5.64;713295;8532647.00
2014/04/17;5.57;5.57;5.33;5.39;2305514;26481238.00
2014/04/18;5.44;5.69;5.36;5.58;1757993;20738386.00
2014/04/21;5.59;5.67;5.48;5.58;1702412;20323468.00
2014/04/22;5.58;5.65;5.53;5.61;751281;8890851.00
2014/04/23;5.61;5.71;5.48;5.70;1869697;22373824.00
2014/04/24;5.71;5.71;5.55;5.69;948959;11357909.00
2014/04/25;5.68;5.87;5.62;5.78;2066107;25331170.00
2014/04/28;5.76;6.09;5.76;5.81;2023320;25308224.00
2014/04/29;5.74;6.10;5.43;5.96;3561832;43917764.00
2014/04/30;5.85;6.26;5.85;6.07;3227831;41903748.00
2014/05/05;6.08;6.09;5.94;6.08;1552755;19728238.00
2014/05/06;6.05;6.05;5.86;5.94;2064998;25973334.00
2014/05/07;5.88;5.95;5.63;5.63;1897816;23061886.00
2014/05/08;5.64;5.72;5.43;5.48;1846430;21801874.00
2014/05/09;5.43;5.52;5.15;5.22;2056684;23092096.00
2014/05/12;5.27;5.28;5.10;5.26;2093668;23289412.00
2014/05/13;5.28;5.38;5.26;5.35;1550481;17258376.00
2014/05/14;5.35;5.35;5.29;5.33;912448;10162044.00
2014/05/15;5.35;5.37;5.23;5.23;1246852;13892586.00
2014/05/16;5.24;5.24;4.91;4.98;1745467;18330882.00
2014/05/19;4.99;5.02;4.93;4.99;605830;6307728.00
2014/05/20;5.02;5.08;4.94;4.95;1338595;14090393.00
2014/05/21;4.97;5.05;4.91;5.03;732219;7660486.00
2014/05/22;5.03;5.13;5.01;5.03;899343;9562634.00
2014/05/23;5.05;5.11;4.98;5.11;514419;5460862.50
2014/05/26;5.10;5.19;5.08;5.16;1194418;12871406.00
2014/05/27;5.17;5.20;5.11;5.13;594321;6409952.00
2014/05/28;5.15;5.23;5.10;5.21;1418053;15407660.00
2014/05/29;5.19;5.22;5.02;5.03;1152310;12344934.00
2014/05/30;5.02;5.12;5.02;5.08;733018;7811076.50
2014/06/03;5.09;5.15;5.05;5.10;512431;5488937.00
2014/06/04;5.08;5.10;4.97;4.99;667662;7042959.50
2014/06/05;5.03;5.13;4.99;5.13;765486;8159654.50
2014/06/06;5.11;5.15;5.03;5.10;709942;7588083.00
2014/06/09;5.10;5.10;5.02;5.04;558753;5920002.50
2014/06/10;5.02;5.13;5.02;5.10;578278;6166421.50
2014/06/11;5.10;5.20;5.07;5.18;1172387;12660640.00
2014/06/12;5.16;5.18;5.11;5.14;511837;5513921.00
2014/06/13;5.12;5.24;5.12;5.20;1032145;11251396.00
2014/06/16;5.22;5.28;5.19;5.23;905115;9915604.00
2014/06/17;5.23;5.23;5.14;5.16;776699;8409051.00
2014/06/18;5.14;5.18;5.03;5.03;866018;9234364.00
2014/06/19;5.05;5.21;5.01;5.06;1129135;12074069.00
2014/06/20;5.06;5.27;5.05;5.25;1401672;15214968.00
2014/06/23;5.25;5.34;5.20;5.25;1185146;13087726.00
2014/06/24;5.24;5.30;5.21;5.28;965769;10652226.00
2014/06/25;5.28;5.28;5.21;5.26;650035;7120297.00
2014/06/26;5.26;5.50;5.26;5.49;2971446;33702012.00
2014/06/27;5.46;5.57;5.40;5.43;2058351;23550758.00
2014/06/30;5.43;5.56;5.36;5.50;1387615;15902267.00
2014/07/01;5.48;5.53;5.45;5.50;931494;10678048.00
2014/07/02;5.54;5.55;5.43;5.54;1060341;12193941.00
2014/07/03;5.51;5.81;5.51;5.73;2292665;27251894.00
2014/07/04;5.68;6.09;5.66;6.00;4607389;57053804.00
2014/07/07;5.96;6.59;5.96;6.45;8015233;105441384.00
2014/07/08;6.38;6.48;6.13;6.40;4771340;62629560.00
2014/07/09;6.35;6.41;6.15;6.15;3756555;48906896.00
2014/07/10;6.12;6.79;6.09;6.26;4932154;64866176.00
2014/07/11;6.23;6.29;6.18;6.23;1373188;17795190.00
2014/07/14;6.19;6.34;6.15;6.33;1905782;24736494.00
2014/07/15;6.34;6.35;5.89;6.19;2147629;27573034.00
2014/07/16;6.18;6.18;5.83;5.86;2200876;27194632.00
2014/07/17;5.88;5.95;5.83;5.86;924961;11333866.00
2014/07/18;5.86;5.90;5.70;5.72;1458792;17668762.00
2014/07/21;5.78;5.93;5.69;5.89;954738;11585635.00
2014/07/22;5.89;5.94;5.83;5.88;1359249;16654659.00
2014/07/23;5.88;5.89;5.64;5.70;817446;9810406.00
2014/07/24;5.69;5.78;5.66;5.74;701468;8383446.50
2014/07/25;5.72;5.87;5.72;5.84;690659;8384667.00
2014/07/28;5.87;6.33;5.81;6.26;2866153;36639084.00
2014/07/29;6.22;6.35;6.15;6.25;1728225;22356736.00
2014/07/30;6.25;6.40;6.13;6.33;1750698;22903464.00
2014/07/31;6.33;6.40;6.25;6.34;1598012;20972090.00
2014/08/01;6.34;6.34;6.22;6.28;836527;10899789.00
2014/08/04;6.25;6.25;6.05;6.21;1258773;16105437.00
2014/08/05;6.21;6.26;6.08;6.26;1490035;19138296.00
2014/08/06;6.25;6.45;6.11;6.32;2081626;27351006.00
2014/08/07;6.25;6.43;6.23;6.35;1690363;22312340.00
2014/08/08;6.31;6.44;6.29;6.38;1650875;21887584.00
2014/08/11;6.38;6.47;6.24;6.35;2111933;27713806.00
2014/08/12;6.35;6.36;6.23;6.23;2860054;37292760.00
2014/08/13;6.23;6.23;6.05;6.12;2044918;26061064.00
2014/08/14;6.08;6.40;6.08;6.38;5134358;67154368.00
2014/08/15;6.39;6.62;6.25;6.45;4575413;61437228.00
2014/08/18;6.42;6.68;6.38;6.68;6058839;82764608.00
2014/08/19;6.68;6.78;6.54;6.61;4754374;65728868.00
2014/08/20;6.65;6.74;6.58;6.65;2373890;32745778.00
2014/08/21;6.65;6.69;6.51;6.67;1776647;24388648.00
2014/08/22;6.67;6.78;6.62;6.65;1331760;18460716.00
2014/08/25;6.68;6.77;6.63;6.71;1456248;20193484.00
2014/08/26;6.71;6.71;6.44;6.46;1944552;26298524.00
2014/08/27;6.50;6.50;6.27;6.27;1172440;15601925.00
2014/08/28;6.56;6.92;6.54;6.92;13834138;197408528.00
2014/08/29;6.88;6.88;6.36;6.50;13059157;176986592.00
2014/09/01;6.40;6.49;6.23;6.46;7965592;105200080.00
2014/09/02;6.44;6.66;6.42;6.66;7622231;103825792.00
2014/09/03;6.67;6.85;6.52;6.71;7152227;98895984.00
2014/09/04;6.70;6.80;6.62;6.71;4530696;63127104.00
2014/09/05;6.81;6.89;6.69;6.75;4737013;66456320.00
2014/09/09;6.79;6.80;6.66;6.73;3782176;52546608.00
2014/09/10;6.70;6.89;6.63;6.87;4290604;60362076.00
2014/09/11;6.86;6.97;6.74;6.83;4720772;66929484.00
2014/09/12;6.83;7.03;6.78;6.96;3581640;51349300.00
2014/09/15;6.92;7.14;6.90;7.07;4072597;59248768.00
2014/09/16;7.03;7.24;6.78;6.78;4933944;71666600.00
2014/09/17;6.76;7.00;6.69;7.00;3050345;43517844.00
2014/09/18;6.99;7.03;6.89;6.98;3694223;53036676.00
2014/09/19;6.98;7.13;6.94;7.08;1586527;23183710.00
2014/09/22;7.05;7.30;7.00;7.26;4413782;65694412.00
2014/09/23;7.24;7.48;7.19;7.44;3016550;45943608.00
2014/09/24;7.48;7.49;7.34;7.43;2459559;37584864.00
2014/09/25;7.43;7.49;7.35;7.39;2161316;33119148.00
2014/09/26;7.38;7.43;7.21;7.30;1478692;22356322.00
2014/09/29;7.32;7.46;7.32;7.38;1709364;26137982.00
2014/09/30;7.36;7.44;7.31;7.38;1613159;24564304.00
2014/10/08;7.40;7.54;7.40;7.50;1864034;28774974.00
2014/10/09;7.52;7.57;7.23;7.36;2607092;39674936.00
2014/10/10;7.30;7.35;7.25;7.32;1302741;19638642.00
2014/10/13;7.22;7.58;7.22;7.58;2180753;33520802.00
2014/10/14;7.59;7.65;7.39;7.43;2202679;34151200.00
2014/10/15;7.42;7.94;7.31;7.77;3783066;59910592.00
2014/10/16;7.75;8.55;7.69;7.99;4575528;75831632.00
2014/10/17;7.99;8.40;7.90;8.27;4102813;69386704.00
2014/10/20;8.25;8.25;8.02;8.17;2513235;42062588.00
2014/10/21;8.17;8.59;8.08;8.17;3001960;51532028.00
2014/10/22;8.15;8.17;7.84;7.85;2363490;38838044.00
2014/10/23;7.76;7.89;7.59;7.61;1978425;31432556.00
2014/10/24;7.68;7.85;7.63;7.76;1422194;22809442.00
2014/10/27;7.81;7.98;7.76;7.86;994320;16215545.00
2014/10/28;7.98;8.29;7.90;8.24;1708939;28753424.00
2014/10/29;8.33;8.40;8.18;8.28;1631718;27817172.00
2014/10/30;8.28;8.36;8.09;8.20;1329114;22426406.00
2014/10/31;8.21;8.24;8.01;8.13;1147414;19196478.00
2014/11/03;8.14;8.40;8.14;8.28;973891;16576933.00
2014/11/04;8.24;8.34;8.11;8.14;1048843;17776558.00
2014/11/05;8.15;8.35;8.03;8.31;1352481;22857026.00
2014/11/06;8.31;9.03;8.31;8.89;4737681;85179400.00
2014/11/07;8.89;9.35;8.70;8.75;3818808;70702056.00
2014/11/10;8.80;8.89;8.62;8.79;1284337;23011322.00
2014/11/11;8.79;8.95;8.51;8.67;2364719;42655808.00
2014/11/12;8.65;8.93;8.53;8.85;1977445;35801536.00
2014/11/13;8.86;8.86;8.56;8.68;1757877;31389070.00
2014/11/14;8.89;8.89;8.59;8.66;1232431;22010234.00
2014/11/17;8.85;8.85;8.51;8.79;1471279;26451036.00
2014/11/18;8.89;9.29;8.75;8.88;3926000;73088680.00
2014/11/19;8.80;8.85;8.52;8.56;7309935;129194152.00
2014/11/20;8.50;8.73;8.48;8.70;1702403;30276050.00
2014/11/21;8.70;8.70;8.49;8.68;1960263;34686188.00
2014/11/24;8.68;8.90;8.57;8.75;1853514;33384304.00
2014/11/25;8.78;8.98;8.68;8.74;2418332;43821356.00
2014/11/26;8.69;8.88;8.69;8.85;2475214;44725088.00
2014/11/27;8.87;9.13;8.65;8.82;2555660;46910964.00
2014/11/28;8.72;9.09;8.72;9.03;2690981;49338736.00
2014/12/01;9.08;9.50;8.83;9.47;4493045;85165080.00
2014/12/02;9.45;9.55;9.25;9.39;1937273;37391528.00
2014/12/03;9.35;9.55;8.94;9.20;3160025;59037328.00
2014/12/04;9.20;9.25;9.01;9.16;1471002;27660482.00
2014/12/05;9.08;9.11;8.72;8.74;3358126;61033056.00
2014/12/08;8.71;8.95;8.39;8.95;2084049;37257864.00
2014/12/09;8.95;9.30;8.58;8.65;3824164;70938576.00
2014/12/10;8.70;9.18;8.58;9.07;1526974;28173144.00
2014/12/11;9.00;9.24;8.91;9.15;1086685;20223494.00
2014/12/12;9.19;9.23;9.05;9.15;766447;14395671.00
2014/12/15;9.14;9.22;8.97;9.14;897012;16792392.00
2014/12/16;9.18;9.25;8.72;8.86;2275480;41851576.00
2014/12/17;8.86;8.90;8.45;8.48;1609290;28338250.00
2014/12/18;8.50;8.73;8.50;8.58;934815;16622777.00
2014/12/19;8.58;8.64;8.34;8.54;815511;14207702.00
2014/12/22;8.53;8.58;7.66;8.43;1701861;28797240.00
2014/12/23;8.25;8.55;8.19;8.54;988881;17156496.00
2014/12/24;8.55;8.85;8.25;8.45;1025900;17764744.00
2014/12/25;8.29;8.48;8.29;8.46;432004;7446349.50
2014/12/26;8.45;8.50;8.22;8.49;1069661;18396830.00
2014/12/29;8.45;8.45;8.05;8.26;854063;14542861.00
2014/12/30;8.11;8.20;7.41;7.65;2605449;40782064.00
2014/12/31;7.51;7.65;7.35;7.63;1343874;20680972.00
2015/01/05;7.54;7.63;7.36;7.51;1611134;24955090.00
2015/01/06;7.50;7.68;7.40;7.66;1705988;26747138.00
2015/01/07;7.67;7.70;7.35;7.54;1768293;27357330.00
2015/01/08;7.51;7.73;7.43;7.66;1602686;25148288.00
2015/01/09;7.53;7.75;7.53;7.55;1313809;20723954.00
2015/01/12;7.56;7.64;7.38;7.58;726986;11285206.00
2015/01/13;7.60;7.84;7.45;7.79;1184105;18873604.00
2015/01/14;7.79;7.99;7.69;7.75;913957;14753199.00
2015/01/15;7.75;7.89;7.65;7.77;1026569;16423536.00
2015/01/16;7.75;8.08;7.75;8.04;1252057;20600188.00
2015/01/19;8.04;8.48;7.85;8.25;2512524;42920864.00
2015/01/20;8.31;8.45;8.28;8.40;815223;14031771.00
2015/01/21;8.44;8.47;8.31;8.39;1129561;19465306.00
2015/01/22;8.41;8.53;8.29;8.40;1053815;18238182.00
2015/01/23;8.48;8.53;8.26;8.29;953485;16403407.00
2015/01/26;8.31;8.45;8.31;8.38;643718;11106438.00
2015/01/27;8.33;8.47;8.26;8.33;751210;12887556.00
2015/01/28;8.34;8.50;8.30;8.44;1071696;18638488.00
2015/01/29;8.43;8.68;8.35;8.50;1209245;21252130.00
2015/01/30;8.50;8.75;8.46;8.63;982986;17395312.00
2015/02/02;8.65;8.94;8.56;8.91;1478395;26730996.00
2015/02/03;8.95;9.18;8.77;8.79;1251643;23004596.00
2015/02/04;8.78;8.99;8.71;8.94;896682;16395871.00
2015/02/05;8.97;9.32;8.90;9.15;3291070;61938772.00
2015/02/06;9.19;9.19;8.65;8.71;1050782;19278128.00
2015/02/09;8.62;9.04;8.62;8.93;1605071;29155454.00
2015/02/10;8.95;9.14;8.80;9.01;543934;10053046.00
2015/02/11;9.24;9.24;8.94;9.01;591644;11022841.00
2015/02/12;9.10;9.40;9.07;9.25;2014558;38304052.00
2015/02/13;9.33;9.90;9.11;9.59;4343778;84350800.00
2015/02/16;9.60;9.60;9.26;9.41;2276996;43925784.00
2015/02/17;9.44;9.74;9.21;9.27;1630957;31456492.00
2015/02/25;9.29;9.32;8.90;9.24;2203667;41014280.00
2015/02/26;9.11;9.19;8.92;9.09;1580063;29413134.00
2015/02/27;9.00;9.20;9.00;9.13;1192182;22345440.00
2015/03/02;9.15;9.24;9.08;9.19;1862852;35059856.00
2015/03/03;9.24;9.30;9.06;9.11;2170585;40924568.00
2015/03/04;9.08;9.61;9.08;9.33;2823401;54108080.00
2015/03/05;9.32;9.34;9.09;9.11;1670494;31495232.00
2015/03/06;9.15;9.24;8.74;8.80;1710549;31486142.00
2015/03/09;8.76;9.00;8.66;8.90;1492256;27201372.00
2015/03/10;8.90;9.04;8.82;9.00;1545394;28433170.00
2015/03/11;9.00;9.09;8.86;8.97;1330100;24519894.00
2015/03/12;8.97;9.36;8.97;9.30;4110322;77820048.00
2015/03/13;9.33;9.50;9.20;9.30;3338732;64356588.00
2015/03/16;9.34;10.24;8.35;10.14;7739504;152188256.00
2015/03/17;10.14;10.78;10.04;10.53;5539221;118065784.00
2015/03/18;10.38;11.00;10.15;10.96;6044020;132047088.00
2015/03/19;10.75;11.00;10.66;11.00;3308758;73360224.00
2015/03/20;11.06;11.49;10.96;11.48;3813347;87723424.00
2015/03/23;12.30;12.48;11.60;11.93;8620354;211325184.00
2015/03/24;11.94;12.15;11.53;11.83;5474055;131781800.00
2015/03/25;11.65;12.47;11.58;12.33;5601267;139474720.00
2015/03/26;12.25;12.25;11.53;11.53;4981419;120320784.00
2015/03/27;11.40;11.75;11.40;11.54;2611000;62093516.00
2015/03/30;11.63;11.66;11.19;11.35;3566923;83007376.00
2015/03/31;11.32;11.85;11.23;11.61;3884298;91683216.00
2015/04/01;11.62;12.04;11.59;11.92;3766099;91339280.00
2015/04/02;11.95;12.16;11.77;12.10;4467556;109684536.00
2015/04/03;12.01;12.64;11.90;12.55;6966117;176512160.00
2015/04/07;12.73;13.83;12.66;13.83;9190078;251631056.00
2015/04/08;14.20;14.20;13.03;13.80;9807824;274153216.00
2015/04/09;13.60;14.80;13.09;14.73;7464558;212642176.00
2015/04/10;14.65;16.20;14.55;15.79;7303042;232332048.00
2015/04/13;16.00;16.08;15.36;15.79;5006625;159955392.00
2015/04/14;15.50;15.80;15.16;15.31;3977084;124907656.00
2015/04/15;15.27;15.48;13.82;13.98;4310583;126809432.00
2015/04/16;13.69;14.64;13.51;13.88;3805089;108566832.00
2015/04/17;13.88;14.15;13.40;13.72;4039101;112968208.00
2015/04/20;13.72;14.19;13.25;13.93;3736828;105494424.00
2015/04/21;13.91;15.23;13.91;15.03;4346140;129709760.00
2015/04/22;15.00;15.45;14.80;15.18;4354157;134035160.00
2015/04/23;15.11;15.29;14.65;14.72;4143739;125700920.00
2015/04/24;14.65;14.70;13.89;14.32;2755701;79992640.00
2015/04/27;14.30;15.00;14.25;14.60;2805041;83225680.00
2015/04/28;14.65;14.74;13.61;13.79;2466900;69964096.00
2015/04/29;13.75;14.05;13.63;13.90;1646054;46648976.00
2015/04/30;14.15;14.16;13.89;13.93;1518182;43402548.00
2015/05/04;14.14;14.50;14.00;14.43;2514440;73148240.00
2015/05/05;14.43;14.67;13.78;14.21;1885815;54890556.00
2015/05/06;14.06;14.65;14.06;14.10;1878736;54987208.00
2015/05/07;14.01;14.26;13.51;13.70;2067972;58961400.00
2015/05/08;13.85;14.83;13.73;14.80;5726440;82697096.00
2015/05/11;15.05;16.30;15.04;16.04;10972205;174905760.00
2015/05/12;16.33;16.34;15.18;15.70;10533439;166603712.00
2015/05/13;15.65;15.65;14.96;15.26;7189004;110846968.00
2015/05/14;15.28;16.73;15.24;16.46;14186983;230324032.00
2015/05/15;16.64;16.67;15.70;16.09;8085797;130792688.00
2015/05/18;16.05;16.90;15.80;16.55;11296451;189237344.00
2015/05/19;16.94;17.60;16.40;16.84;9233662;156899216.00
2015/05/20;16.85;17.63;16.85;17.22;12779596;223443664.00
2015/05/21;17.23;18.96;17.20;18.96;15337803;278386368.00
2015/05/22;19.85;19.87;17.85;18.50;15190498;288916096.00
2015/05/25;18.20;18.37;17.60;18.10;12081065;220354816.00
2015/05/26;18.20;19.70;18.20;19.00;14652668;278737728.00
2015/05/27;19.01;20.92;18.35;20.92;19257992;381164800.00
2015/05/28;21.10;23.03;20.85;20.86;23603704;525289600.00
2015/05/29;20.43;22.35;18.78;21.83;13973725;297859360.00
2015/06/01;22.71;22.84;21.85;22.33;12227627;274710048.00
2015/06/02;22.34;23.93;21.86;23.63;11935792;269138368.00
2015/06/03;23.63;25.84;23.05;25.65;16200354;397472128.00
2015/06/04;25.69;27.71;23.21;26.86;13272885;345453024.00
2015/06/05;27.15;27.45;25.45;26.41;9689444;259774288.00
2015/06/08;26.00;26.85;24.28;26.68;18826687;481266240.00
2015/06/09;26.47;26.85;24.00;24.00;16018769;400561376.00
2015/06/10;23.99;25.15;21.85;23.95;13781454;322937984.00
2015/06/11;23.85;23.85;22.86;23.25;8934601;209421520.00
2015/06/12;23.64;23.73;23.22;23.40;6805148;160485536.00
2015/06/15;23.37;23.37;22.05;22.10;8711986;198194016.00
2015/06/16;22.10;22.14;20.15;20.31;8122776;169423680.00
2015/06/17;20.30;21.24;20.05;21.00;6608482;138172304.00
2015/06/18;21.00;21.45;19.85;19.91;6039622;126014264.00
2015/06/19;18.40;19.70;17.90;17.90;5203820;96662864.00
2015/06/23;17.80;18.32;16.21;17.74;5810357;103036296.00
2015/06/24;18.15;19.15;18.15;19.07;7226703;135282128.00
2015/06/25;19.08;19.35;17.27;17.67;5744580;108055136.00
2015/06/26;17.35;17.37;15.89;15.89;5071356;83796104.00
2015/06/29;16.20;16.20;14.29;14.29;5639536;83877136.00
2015/06/30;13.26;15.60;12.85;15.05;9473563;132019032.00
2015/07/01;15.05;15.40;13.53;13.53;7836502;117006472.00
2015/07/02;13.45;13.50;12.16;12.16;7930514;100508272.00
2015/07/03;11.06;12.43;10.93;10.93;8437173;96108096.00
2015/07/06;12.03;12.03;9.82;9.82;12607598;136409840.00
2015/07/07;9.35;9.35;8.82;8.82;4833652;43679072.00
2015/07/21;9.72;9.72;9.72;9.72;32095;316777.66
2015/07/22;10.71;10.71;10.71;10.71;48888;530923.69
2015/07/23;11.80;11.80;11.80;11.80;256046;3059749.75
2015/07/24;13.00;13.00;13.00;13.00;1399152;18398848.00
2015/07/27;14.32;14.32;13.38;13.55;20557796;294491008.00
2015/07/28;12.45;14.92;12.22;14.92;34780330;481937088.00
2015/07/29;14.52;15.38;13.60;15.19;25957731;384525376.00
2015/07/30;14.82;15.01;13.66;13.71;18907037;277003168.00
2015/07/31;13.08;13.59;12.35;12.63;10834969;142596112.00
2015/08/03;12.37;12.38;11.35;11.35;8581813;101183616.00
2015/08/04;11.14;12.40;11.14;12.40;10142982;121623896.00
2015/08/05;12.52;13.20;11.93;12.47;13164596;168310272.00
2015/08/06;11.85;12.46;11.85;12.12;6072869;74768088.00
2015/08/07;12.16;13.34;12.16;13.22;12571443;163545120.00
2015/08/10;13.38;14.35;13.38;14.10;11702776;164344928.00
2015/08/11;14.00;14.40;13.71;14.15;12412313;177308128.00
2015/08/12;14.04;14.30;13.65;13.65;7326940;103138352.00
2015/08/13;13.35;14.18;13.27;14.11;7660459;106255896.00
2015/08/14;14.13;14.35;13.87;14.00;8355058;119125344.00
2015/08/17;14.00;14.36;13.50;14.27;7917504;111296792.00
2015/08/18;14.32;14.74;12.83;12.83;11675634;164077968.00
2015/08/19;11.95;13.32;11.66;13.01;7951232;100834680.00
2015/08/20;12.99;13.32;12.55;12.71;5587149;72878880.00
2015/08/21;11.97;12.60;11.44;11.46;5573707;68135480.00
2015/08/24;11.03;11.25;10.30;10.30;3560200;37699728.00
2015/08/25;9.26;9.60;9.26;9.26;4641976;43748588.00
2015/08/26;9.27;9.63;8.32;8.46;7906470;72069576.00
2015/08/27;8.60;8.95;8.01;8.77;6295216;55170544.00
2015/08/28;8.95;9.65;8.89;9.60;6781641;63307244.00
2015/08/31;9.65;9.72;8.85;8.86;5781540;54415704.00
2015/09/01;8.87;9.07;7.96;8.00;5553340;47674700.00
2015/09/02;7.86;8.54;7.45;7.92;4402301;35998980.00
2015/09/07;8.14;8.62;8.14;8.33;5217574;44402664.00
2015/09/08;8.39;9.13;8.15;9.05;5291041;46141336.00
2015/09/09;9.05;9.60;9.05;9.52;7984555;76163552.00
2015/09/10;9.38;9.89;9.18;9.65;6664522;64905944.00
2015/09/11;9.69;9.83;9.35;9.55;5182301;50458364.00
2015/09/14;9.55;9.63;8.58;8.58;4493049;40944828.00
2015/09/15;8.15;8.45;7.71;7.71;4584118;37193920.00
2015/09/16;7.79;8.50;7.41;8.50;8739393;69839656.00
2015/09/17;8.32;8.91;8.20;8.25;8760297;76314344.00
2015/09/18;8.30;8.50;8.18;8.40;4901698;41594968.00
2015/09/21;8.30;8.99;8.23;8.90;5824871;51043712.00
2015/09/22;9.00;9.24;8.87;9.12;7473703;69016600.00
2015/09/23;8.95;9.17;8.86;9.02;5649828;51803028.00
2015/09/24;9.08;9.34;9.03;9.22;5356284;49936876.00
2015/09/25;9.23;9.30;8.35;8.70;5369278;48317940.00
2015/09/28;8.75;9.35;8.55;9.33;7240149;67360944.00
2015/09/29;9.20;9.24;8.85;9.04;4275748;39358664.00
2015/09/30;9.08;9.19;8.91;9.09;3071457;28422634.00
2015/10/08;9.45;9.79;9.28;9.69;7796614;76215304.00
2015/10/09;9.62;9.99;9.61;9.91;5454372;54196840.00
2015/10/12;9.94;10.60;9.87;10.51;8261843;86425048.00
2015/10/13;10.36;10.82;10.26;10.71;7174745;76717776.00
2015/10/14;10.61;10.98;10.38;10.40;7169035;77654408.00
2015/10/15;10.39;10.85;10.26;10.85;6638584;71794896.00
2015/10/16;10.94;11.19;10.77;11.14;9744079;108773688.00
2015/10/19;11.19;11.30;10.73;10.94;7082000;78705488.00
2015/10/20;10.95;11.24;10.75;11.24;8682550;97138744.00
2015/10/21;11.26;11.43;10.10;10.10;10793240;118421488.00
2015/10/22;10.01;10.64;10.01;10.62;7411050;78141640.00
2015/10/23;10.75;11.70;10.66;11.70;11634939;132784712.00
2015/10/26;11.95;12.89;11.95;12.29;18453340;232071616.00
2015/10/27;12.14;13.32;12.01;13.18;16990271;216570080.00
2015/10/28;12.87;13.44;12.23;12.49;14700094;192489472.00
2015/10/29;12.64;12.83;12.24;12.56;7568214;96330336.00
2015/10/30;12.39;12.63;12.05;12.30;6124965;76732608.00
2015/11/02;11.95;12.57;11.53;11.76;6320634;77036952.00
2015/11/03;11.96;12.02;11.68;11.92;4604620;55362376.00
2015/11/04;11.92;12.91;11.92;12.87;9410706;119698512.00
2015/11/05;13.00;13.32;12.42;12.57;10673205;137782224.00
2015/11/06;12.60;12.94;12.60;12.81;8646615;111846816.00
2015/11/09;12.55;14.11;12.48;13.66;15017700;202067104.00
2015/11/10;13.37;14.35;13.35;14.27;14922646;211831632.00
2015/11/11;14.27;15.71;14.27;15.71;15665181;237898288.00
2015/11/12;16.25;16.92;15.05;15.73;17375677;279768640.00
2015/11/13;15.55;15.55;14.66;15.05;14092609;214720192.00
2015/11/16;14.37;15.35;14.35;15.23;14935275;220455264.00
2015/11/17;15.22;16.05;14.75;14.78;15108897;235848080.00
2015/11/18;14.77;14.92;13.97;14.04;8858828;129605680.00
2015/11/19;14.15;15.11;14.15;15.11;7657602;113479896.00
2015/11/20;15.05;15.85;14.86;15.56;9704217;150657408.00
2015/11/23;15.43;17.13;15.38;16.67;22491995;377854144.00
2015/11/24;16.60;17.98;16.35;17.43;14665039;255862608.00
2015/11/25;17.65;17.78;16.91;17.57;9671678;168344576.00
2015/11/26;17.48;17.85;17.00;17.05;7554960;131548496.00
2015/11/27;17.05;17.05;15.33;15.36;10210327;165258336.00
2015/11/30;15.35;15.69;13.98;15.46;10787474;163736304.00
2015/12/01;15.25;15.44;14.74;14.96;8138139;123769168.00
2015/12/02;14.90;15.33;13.95;15.23;7617348;113136304.00
2015/12/03;15.45;15.60;14.95;15.45;6784059;105299920.00
2015/12/04;15.45;15.72;15.11;15.19;5763500;89926752.00
2015/12/07;15.25;15.33;14.71;15.07;8168141;123227784.00
2015/12/08;14.94;14.96;14.15;14.32;6125601;90187088.00
2015/12/09;14.16;14.80;14.16;14.41;3919152;57466108.00
2015/12/10;14.27;15.17;14.23;14.85;5590792;83063456.00
2015/12/11;14.73;15.27;14.56;15.13;7075141;107690736.00
2015/12/14;14.95;15.36;14.87;15.36;5060384;77496536.00
2015/12/15;15.43;15.94;15.21;15.31;5579347;88179432.00
2015/12/16;15.32;15.72;15.21;15.31;4385359;68633664.00
2015/12/17;15.45;16.18;15.45;16.09;8043655;128517032.00
2015/12/18;16.05;16.23;15.56;15.88;5973136;95372632.00
2015/12/21;15.80;16.34;15.70;16.08;6125410;99427536.00
2015/12/22;16.13;16.20;15.63;15.88;5084860;81458792.00
2015/12/23;15.88;15.88;15.21;15.24;5815114;90824992.00
2015/12/24;15.15;15.15;14.66;14.99;4583257;68709544.00
2015/12/25;15.10;15.51;14.99;15.15;3263675;50133532.00
2015/12/28;15.45;15.55;14.71;14.78;4326125;66256316.00
2015/12/29;14.75;14.98;14.56;14.95;3593961;53672068.00
2015/12/30;14.91;15.25;14.85;15.12;4175789;63416944.00
2015/12/31;15.12;15.24;14.75;14.76;4462668;67342992.00
2016/01/04;14.76;14.78;13.29;13.30;2920583;41354956.00
2016/01/05;11.96;13.15;11.96;12.86;6332692;81193752.00
2016/01/06;12.86;13.58;12.76;13.43;4119347;55054120.00
2016/01/07;13.15;13.25;12.07;12.12;973600;12372439.00
2016/01/08;12.42;12.65;11.57;12.21;3862874;47593236.00
2016/01/11;12.05;12.05;10.97;10.98;4106091;47683520.00
2016/01/12;11.25;11.25;10.62;11.00;3022244;33597024.00
2016/01/13;11.13;11.37;10.63;10.65;3040963;34225136.00
2016/01/14;10.35;11.35;10.21;11.32;3894284;42941116.00
2016/01/15;11.27;11.52;10.94;11.19;4155145;47453540.00
2016/01/18;11.25;11.84;10.85;11.51;3619963;41779316.00
2016/01/19;11.53;11.95;11.25;11.90;3979185;46710924.00
2016/01/20;11.74;11.98;11.56;11.63;2527998;30073832.00
2016/01/21;11.47;11.88;10.85;11.30;2905592;33704932.00
2016/01/22;11.40;11.52;10.85;11.33;2141706;24396512.00
2016/01/25;11.34;11.73;11.28;11.39;2147137;24969896.00
2016/01/26;11.30;11.33;10.24;10.24;3307499;36191044.00
2016/01/27;10.24;10.45;9.20;9.65;8132194;78024040.00
2016/01/28;9.54;9.65;8.67;8.88;3683803;34645968.00
2016/01/29;8.93;9.77;8.88;9.73;3931373;37400252.00
2016/02/01;9.66;10.07;9.56;9.65;3531418;35169908.00
2016/02/02;9.85;10.23;9.74;10.20;4313519;44122768.00
2016/02/03;10.05;10.27;9.88;10.23;2710368;27642976.00
2016/02/04;10.34;10.53;10.17;10.44;2961050;31239750.00
2016/02/05;10.49;10.55;10.25;10.31;2085600;22020960.00
2016/02/15;9.95;10.42;9.66;10.32;2448772;25102904.00
2016/02/16;10.42;11.00;10.33;10.85;3087572;33621476.00
2016/02/17;10.86;11.25;10.66;11.07;3822480;42419264.00
2016/02/18;11.06;11.15;10.70;10.80;3781804;42042176.00
2016/02/19;10.74;11.12;10.66;11.02;4455516;49377184.00
2016/02/22;11.10;11.37;11.07;11.32;4011895;45804524.00
2016/02/23;11.32;11.32;10.92;11.10;3179193;35727220.00
2016/02/24;10.99;11.18;10.69;11.08;3077635;34121040.00
2016/02/25;11.04;11.04;9.96;9.96;4408472;46694240.00
2016/02/26;10.05;10.24;9.48;9.88;3080784;31096140.00
2016/02/29;9.82;10.02;9.10;9.56;3013772;29208736.00
2016/03/01;9.60;10.53;9.35;10.25;3811568;38751472.00
2016/03/02;10.17;10.84;10.17;10.63;4650973;49725664.00
2016/03/03;10.63;10.88;10.51;10.53;3436370;37189764.00
2016/03/04;10.49;10.73;9.81;9.91;3025717;31470426.00
2016/03/07;10.00;10.38;9.91;10.12;2719547;28042228.00
2016/03/08;10.12;10.41;9.25;10.28;3189880;31962450.00
2016/03/09;10.05;10.35;9.89;10.03;2155470;22066290.00
2016/03/10;10.03;10.29;9.86;9.92;1951677;19930858.00
2016/03/11;9.80;9.97;9.63;9.81;1841263;18331992.00
2016/03/14;10.04;10.43;9.90;10.34;3607633;37681772.00
2016/03/15;10.35;10.80;10.21;10.63;4937967;53112932.00
2016/03/16;10.89;11.00;10.43;10.57;3584654;38996948.00
2016/03/17;10.70;11.13;10.55;11.10;5703879;63047216.00
2016/03/18;11.22;11.64;11.10;11.45;6061773;70034312.00
2016/03/21;11.98;12.10;11.40;11.75;8562018;101649672.00
2016/06/24;12.93;12.93;12.93;12.93;1626024;21024490.00
2016/06/27;14.00;14.22;13.82;14.22;11220042;158571200.00
2016/06/28;15.09;15.64;14.71;15.64;11906750;183105712.00
2016/06/29;17.20;17.20;16.90;17.20;8149875;140102640.00
2016/06/30;17.81;18.50;16.71;17.99;34683640;607786368.00
2016/07/01;18.00;18.00;16.96;17.05;20449323;356331008.00
2016/07/04;16.65;17.99;16.65;17.66;22520995;390535872.00
2016/07/05;17.65;19.43;17.51;17.80;27683010;507154816.00
2016/07/06;17.35;19.58;17.35;19.58;26113530;492455232.00
2016/07/07;20.00;20.10;18.11;18.50;28814001;542510080.00
2016/07/08;18.21;19.65;18.21;18.96;22107151;420918176.00
2016/07/11;18.64;20.18;18.15;19.15;23008714;443563136.00
2016/07/12;19.37;19.88;17.79;18.44;19703692;363576768.00
2016/07/13;18.10;18.41;17.70;18.30;11620326;209533440.00
2016/07/14;18.35;18.60;17.80;18.43;10889783;198585056.00
2016/07/15;16.59;17.11;16.59;16.59;9030000;149879712.00
2016/07/18;16.00;16.89;15.30;15.57;20293289;318738624.00
2016/07/19;15.56;15.85;15.40;15.64;8718489;136241952.00
2016/07/20;15.80;15.88;15.35;15.64;10034740;156866336.00
2016/07/21;15.52;15.67;15.16;15.61;10114744;156535056.00
2016/07/22;15.65;15.83;15.27;15.37;6529303;101754384.00
2016/07/25;14.90;15.15;14.68;14.89;9521609;141354496.00
2016/07/26;14.90;15.13;14.87;14.96;7093832;106223536.00
2016/07/27;15.03;15.08;13.60;13.93;14190541;203639088.00
2016/07/28;13.90;14.08;13.63;13.97;6491549;90347928.00
2016/07/29;13.95;14.12;13.65;14.00;6110513;85170552.00
2016/08/01;13.80;14.17;13.39;14.05;6716029;92787232.00
2016/08/02;14.05;14.29;13.89;14.24;7441871;105017392.00
2016/08/03;14.14;14.14;13.77;13.99;9683687;134971088.00
2016/08/04;13.95;14.40;13.76;14.40;12681971;179493216.00
2016/08/05;14.30;14.30;13.80;13.86;8771549;123238920.00
2016/08/08;13.75;14.05;13.41;14.01;7066272;96961792.00
2016/08/09;14.03;14.34;13.90;14.33;8690246;123056168.00
2016/08/10;14.35;14.55;14.15;14.39;10862820;155919488.00
2016/08/11;14.32;14.34;13.84;13.84;10107198;141573296.00
2016/08/12;13.74;14.19;13.72;14.10;6632913;92594536.00
2016/08/15;14.20;14.69;13.90;14.66;14910780;214870784.00
2016/08/16;14.66;15.16;14.52;14.80;16237911;240304160.00
2016/08/17;14.80;15.02;14.51;14.97;14004409;206931520.00
2016/08/18;14.89;14.95;14.68;14.77;8314924;122854448.00
2016/08/19;14.81;14.89;14.49;14.57;6697864;97885592.00
2016/08/22;14.64;14.68;14.13;14.18;5376877;77711712.00
2016/08/23;14.17;14.39;14.10;14.39;4365951;62133412.00
2016/08/24;14.36;14.75;14.32;14.61;9362915;136864432.00
2016/08/25;14.43;14.48;13.82;14.10;9692939;136070016.00
2016/08/26;14.11;14.39;14.04;14.10;6544187;93045528.00
2016/08/29;14.10;14.25;13.98;14.05;4753951;67030116.00
2016/08/30;13.98;14.16;13.85;13.97;4259344;59613304.00
2016/08/31;14.00;14.38;13.53;14.19;8922479;124649032.00
2016/09/01;14.15;15.24;14.03;14.85;22202508;327460224.00
2016/09/02;14.72;14.77;14.34;14.63;11103238;161812768.00
2016/09/05;14.47;16.09;14.44;16.09;21042073;320057056.00
2016/09/06;15.99;16.77;15.45;16.36;29891296;487627840.00
2016/09/07;16.34;16.41;15.80;15.90;17080677;274582560.00
2016/09/08;15.80;16.12;15.45;15.66;11870812;185933568.00
2016/09/09;15.73;16.85;15.45;16.38;19316384;312029856.00
2016/09/12;15.98;15.99;14.95;15.12;13711383;212753472.00
2016/09/13;15.20;15.67;15.03;15.59;9459097;145515856.00
2016/09/14;15.38;15.44;14.74;15.09;8182056;123646280.00
2016/09/19;15.12;15.35;14.96;15.30;6242480;94603552.00
2016/09/20;15.30;15.38;14.78;14.87;7935725;118902752.00
2016/09/21;14.75;14.87;14.20;14.40;8231375;119421808.00
2016/09/22;14.51;14.65;14.38;14.54;5407849;78350696.00
2016/09/23;14.50;14.62;14.12;14.12;5844636;83958840.00
2016/09/26;14.00;14.30;13.73;13.74;4622804;64877580.00
2016/09/27;13.85;13.88;13.20;13.78;5760949;78384032.00
2016/09/28;13.70;13.82;13.51;13.68;3331220;45581580.00
2016/09/29;13.69;14.03;13.68;14.03;5002106;69618720.00
2016/09/30;14.01;14.16;13.94;14.00;3724158;52312260.00
2016/10/10;14.07;14.31;14.00;14.26;4460690;63244532.00
2016/10/11;14.33;14.33;14.13;14.24;3908485;55479400.00
2016/10/12;14.20;14.21;14.07;14.16;3270176;46217108.00
2016/10/13;14.13;14.25;14.01;14.14;3450550;48772572.00
2016/10/14;14.09;14.09;13.75;13.92;4679724;65002876.00
2016/10/17;13.85;14.05;13.70;13.78;3269265;45457884.00
2016/10/18;13.78;14.13;13.75;14.10;4131809;57707284.00
2016/10/19;14.12;14.19;13.99;14.07;3954342;55700704.00
2016/10/20;14.10;15.48;14.05;15.48;16881913;252543632.00
2016/10/21;15.74;15.86;14.88;15.21;19756168;302232832.00
2016/10/24;15.15;15.42;14.93;15.33;10185890;155053104.00
2016/10/25;15.36;15.36;15.11;15.30;6243000;95152720.00
2016/10/26;15.31;15.37;14.61;14.75;9823404;145673408.00
2016/10/27;14.67;14.94;14.49;14.88;6211905;91463504.00
2016/10/28;14.80;15.02;14.30;14.39;7798176;113685968.00
2016/10/31;14.38;14.38;14.01;14.23;3835768;54443684.00
2016/11/01;14.24;14.64;14.23;14.58;5600540;81159944.00
2016/11/02;14.42;14.76;14.30;14.35;4393100;63893572.00
2016/11/03;14.20;14.64;14.20;14.50;4474714;64751076.00
2016/11/04;14.52;15.81;14.40;15.10;15405349;234895968.00
2016/11/07;15.00;15.26;14.80;15.24;8980308;134992400.00
2016/11/08;14.95;14.96;14.50;14.63;12932359;190051632.00
2016/11/09;14.63;14.72;14.02;14.17;10038156;144299344.00
2016/11/10;14.29;14.45;14.24;14.42;6004509;86114624.00
2016/11/11;14.42;14.52;14.25;14.48;4957271;71252296.00
2016/11/14;14.46;14.65;14.25;14.62;6881228;99832248.00
2016/11/15;14.67;14.78;14.38;14.76;7350730;107206728.00
2016/11/16;14.77;16.24;14.77;16.24;24389580;388487488.00
2016/11/17;16.00;16.00;15.47;15.65;17196800;269603008.00
数据来源:通达信
