002588 史丹利 日线 前复权
      日期	    开盘	    最高	    最低	    收盘	    成交量	    成交额
2011/06/10;3.10;3.36;3.06;3.16;5010125;156320144.00
2011/06/13;3.02;3.06;2.90;2.97;2385608;70025720.00
2011/06/14;2.94;2.99;2.92;2.97;1453884;42597596.00
2011/06/15;2.94;3.03;2.94;2.96;1150908;33995488.00
2011/06/16;2.94;2.96;2.86;2.86;1035187;29705034.00
2011/06/17;2.85;2.89;2.80;2.80;876554;24773196.00
2011/06/20;2.76;2.79;2.69;2.76;1098931;29983906.00
2011/06/21;2.73;2.89;2.73;2.88;1343707;37703376.00
2011/06/22;2.86;2.86;2.80;2.82;755204;21260430.00
2011/06/23;2.82;2.96;2.76;2.93;1362124;39024220.00
2011/06/24;2.94;3.03;2.92;2.98;1595212;47107500.00
2011/06/27;3.05;3.25;3.05;3.11;1893728;58182436.00
2011/06/28;3.12;3.12;3.03;3.08;908799;27481630.00
2011/06/29;3.07;3.18;3.04;3.09;1446106;44367628.00
2011/06/30;3.08;3.18;3.05;3.17;1265990;39024776.00
2011/07/01;3.21;3.23;3.16;3.18;873254;27375234.00
2011/07/04;3.18;3.38;3.18;3.30;1385436;44495976.00
2011/07/05;3.29;3.37;3.23;3.28;980496;31680752.00
2011/07/06;3.25;3.43;3.25;3.39;1303897;42917972.00
2011/07/07;3.40;3.62;3.40;3.61;3722197;128817904.00
2011/07/08;3.57;3.60;3.50;3.57;1193525;41263456.00
2011/07/11;3.56;3.63;3.53;3.60;952761;33153278.00
2011/07/12;3.64;3.64;3.50;3.52;2284316;79142016.00
2011/07/13;3.55;3.63;3.52;3.60;2073890;72185656.00
2011/07/14;3.61;3.65;3.57;3.64;2599444;91223400.00
2011/07/15;3.65;3.73;3.60;3.69;3288490;117218176.00
2011/07/18;3.67;3.71;3.59;3.62;1741104;61413680.00
2011/07/19;3.61;3.61;3.45;3.48;2114132;72016120.00
2011/07/20;3.51;3.58;3.43;3.58;1352766;46239212.00
2011/07/21;3.57;3.64;3.55;3.59;1405737;49072980.00
2011/07/22;3.61;3.63;3.56;3.60;843662;29455278.00
2011/07/25;3.55;3.59;3.40;3.42;1400068;47564908.00
2011/07/26;3.40;3.50;3.39;3.47;859628;28942708.00
2011/07/27;3.47;3.73;3.43;3.68;2772091;97825280.00
2011/07/28;3.64;3.78;3.62;3.66;2655387;95204296.00
2011/07/29;3.69;3.78;3.66;3.71;3041285;109618096.00
2011/08/01;3.72;4.05;3.72;3.94;6652303;251289888.00
2011/08/02;3.88;4.24;3.82;4.20;6153422;238187440.00
2011/08/03;4.13;4.31;4.09;4.12;4701838;188396112.00
2011/08/04;4.10;4.21;4.01;4.16;3599852;142011120.00
2011/08/05;4.01;4.18;3.96;3.98;3646382;142035776.00
2011/08/08;3.95;4.05;3.75;3.86;3451930;130208088.00
2011/08/09;3.76;4.28;3.76;4.18;6075531;237384832.00
2011/08/10;4.25;4.33;4.12;4.17;5135953;207986304.00
2011/08/11;4.11;4.46;4.09;4.42;4830766;198686416.00
2011/08/12;4.42;4.55;4.36;4.48;3695695;156515232.00
2011/08/15;4.48;4.69;4.45;4.49;3474179;150822896.00
2011/08/16;4.48;4.52;4.39;4.41;2529753;107220768.00
2011/08/17;4.39;4.57;4.39;4.50;2399595;102627560.00
2011/08/18;4.49;4.52;4.36;4.37;1843533;77544232.00
2011/08/19;4.28;4.34;4.14;4.24;2649100;107253488.00
2011/08/22;4.25;4.46;4.21;4.34;2159991;89466504.00
2011/08/23;4.33;4.71;4.30;4.71;3633022;156433584.00
2011/08/24;4.71;4.75;4.57;4.60;2803396;124417904.00
2011/08/25;4.60;4.67;4.50;4.62;2220168;96611728.00
2011/08/26;4.60;4.82;4.55;4.69;2477000;110968528.00
2011/08/29;4.65;4.72;4.58;4.63;1668160;73431152.00
2011/08/31;4.51;4.54;4.38;4.48;2118935;89688680.00
2011/09/01;4.47;4.60;4.41;4.49;1734548;74363272.00
2011/09/02;4.48;4.50;4.34;4.37;1286966;53971548.00
2011/09/05;4.29;4.29;4.06;4.09;1931931;77268824.00
2011/09/06;4.03;4.15;4.00;4.05;1293914;50471400.00
2011/09/07;4.09;4.19;4.08;4.19;1644519;65218600.00
2011/09/08;4.20;4.20;3.97;3.98;1656229;64864956.00
2011/09/09;3.96;4.12;3.95;4.01;1194790;46411844.00
2011/09/13;3.94;4.12;3.83;3.86;2928931;111318232.00
2011/09/14;3.93;4.03;3.83;4.01;3542719;133075944.00
2011/09/15;3.98;4.04;3.97;4.00;2247294;86543384.00
2011/09/16;4.02;4.06;3.91;3.91;1548936;59349028.00
2011/09/19;3.86;3.86;3.68;3.69;2387518;86359216.00
2011/09/20;3.69;3.80;3.68;3.72;1488587;53695028.00
2011/09/21;3.71;3.98;3.70;3.94;2475799;92153984.00
2011/09/22;3.89;3.98;3.78;3.78;2422873;90830232.00
2011/09/23;3.68;3.79;3.65;3.75;2042703;73294168.00
2011/09/26;3.71;3.85;3.69;3.74;1687052;61587192.00
2011/09/27;3.79;3.81;3.63;3.69;1962945;70675880.00
2011/09/28;3.75;3.75;3.60;3.61;1517424;54032296.00
2011/09/29;3.56;3.58;3.44;3.49;1889340;64464516.00
2011/09/30;3.50;3.54;3.38;3.44;1361643;45731580.00
2011/10/10;3.47;3.56;3.45;3.50;1136521;38707900.00
2011/10/11;3.64;3.66;3.48;3.58;2044202;71218048.00
2011/10/12;3.53;3.91;3.47;3.86;3233285;117097328.00
2011/10/13;3.86;3.92;3.81;3.90;2518739;94144912.00
2011/10/14;3.86;4.06;3.84;4.04;3259402;124598920.00
2011/10/17;4.04;4.10;3.96;3.99;2078335;80217992.00
2011/10/19;3.84;4.05;3.78;4.01;3144365;117637680.00
2011/10/20;3.95;4.00;3.77;3.84;2263497;84158616.00
2011/10/21;3.85;3.93;3.73;3.75;2337657;86719880.00
2011/10/24;3.78;3.99;3.61;3.96;2568989;94143776.00
2011/10/25;3.94;4.16;3.92;4.11;3473848;134792304.00
2011/10/26;4.06;4.14;4.02;4.03;2697974;105747752.00
2011/10/27;4.04;4.20;4.04;4.06;2710658;107021016.00
2011/10/28;4.15;4.19;4.11;4.18;2486727;98837328.00
2011/10/31;4.16;4.26;4.14;4.18;1982675;79724496.00
2011/11/01;4.14;4.19;4.04;4.10;2030100;80003752.00
2011/11/02;4.02;4.21;3.98;4.18;2570230;100572384.00
2011/11/03;4.19;4.24;4.10;4.11;2746557;109850768.00
2011/11/04;4.13;4.20;4.10;4.17;1975731;78601736.00
2011/11/07;4.16;4.19;4.07;4.09;1615324;63839260.00
2011/11/08;4.10;4.20;4.07;4.13;2051363;81482464.00
2011/11/09;4.14;4.35;4.12;4.34;2877820;117059112.00
2011/11/10;4.30;4.34;4.23;4.24;2468024;100950048.00
2011/11/11;4.25;4.31;4.21;4.25;1451798;59157760.00
2011/11/14;4.34;4.47;4.29;4.44;2581688;108560536.00
2011/11/15;4.42;4.55;4.41;4.44;2508317;106856776.00
2011/11/16;4.44;4.45;4.26;4.28;2641497;109811008.00
2011/11/17;4.28;4.61;4.28;4.52;3407276;144889776.00
2011/11/18;4.47;4.57;4.41;4.44;2902022;123962816.00
2011/11/21;4.45;4.61;4.37;4.60;2298238;97994896.00
2011/11/22;4.53;4.68;4.49;4.65;2532977;109954056.00
2011/11/23;4.70;4.77;4.62;4.65;3191287;142009296.00
2011/11/24;4.59;4.86;4.54;4.86;3670570;164634496.00
2011/11/25;4.81;4.91;4.75;4.86;3192435;145981328.00
2011/11/28;4.83;4.86;4.71;4.79;2214471;100242152.00
2011/11/29;4.84;4.85;4.64;4.67;3174995;141680560.00
2011/11/30;4.67;4.67;4.23;4.36;4336531;183724560.00
2011/12/01;4.52;4.68;4.38;4.38;4852444;209370816.00
2011/12/02;4.29;4.37;4.20;4.35;2227982;91245736.00
2011/12/05;4.29;4.35;4.17;4.18;1852883;75388440.00
2011/12/06;4.17;4.35;4.15;4.32;2491042;101878688.00
2011/12/07;4.29;4.39;4.28;4.35;1962278;81457448.00
2011/12/08;4.32;4.49;4.21;4.45;2912740;121737912.00
2011/12/09;4.41;4.54;4.38;4.46;1941077;82743040.00
2011/12/12;4.44;4.50;4.34;4.35;1525176;64115364.00
2011/12/13;4.29;4.32;4.14;4.18;1880132;75567504.00
2011/12/14;4.15;4.24;4.00;4.02;1630946;64392476.00
2011/12/15;3.93;4.12;3.93;4.03;1825784;70662296.00
2011/12/16;4.06;4.11;3.80;4.09;2185027;84051248.00
2011/12/19;4.02;4.13;3.89;4.12;2116463;81372240.00
2011/12/20;4.08;4.16;4.04;4.04;1571514;61668476.00
2011/12/21;4.08;4.08;3.83;3.83;1779560;67957864.00
2011/12/22;3.75;3.87;3.63;3.79;1646493;59594480.00
2011/12/23;3.76;3.91;3.73;3.84;1343113;49705188.00
2011/12/26;3.82;3.91;3.78;3.78;842010;31229170.00
2011/12/27;3.74;3.77;3.58;3.60;1504883;53384884.00
2011/12/28;3.55;3.63;3.45;3.60;1429632;49116776.00
2011/12/29;3.58;3.70;3.55;3.68;1347893;47451732.00
2011/12/30;3.73;3.80;3.71;3.72;1590490;57650360.00
2012/01/04;3.76;3.76;3.52;3.53;1770577;62420828.00
2012/01/05;3.47;3.55;3.39;3.42;1472227;49689172.00
2012/01/06;3.42;3.62;3.39;3.60;1683536;57367524.00
2012/01/09;3.58;3.82;3.52;3.80;2354348;84286496.00
2012/01/10;3.78;3.93;3.76;3.87;2443639;90625184.00
2012/01/11;3.85;3.94;3.83;3.85;1670621;62256072.00
2012/01/12;3.82;3.92;3.82;3.84;1287029;47971364.00
2012/01/13;3.84;3.88;3.58;3.67;1929799;69621488.00
2012/01/16;3.63;3.77;3.60;3.62;1451682;51689100.00
2012/01/17;3.63;3.97;3.63;3.94;1784184;65459260.00
2012/01/18;3.95;3.95;3.73;3.74;1878798;69720256.00
2012/01/19;3.73;3.85;3.70;3.81;996781;36478880.00
2012/01/20;3.81;3.90;3.80;3.81;1132570;42125324.00
2012/01/30;3.83;3.93;3.73;3.84;1282754;47681140.00
2012/01/31;3.84;3.87;3.79;3.84;906146;33386440.00
2012/02/01;3.86;3.96;3.86;3.88;1619962;61057064.00
2012/02/02;3.88;3.95;3.86;3.94;1313948;49420704.00
2012/02/03;3.94;4.06;3.93;4.01;1827674;70142296.00
2012/02/06;4.01;4.04;3.95;4.01;1444290;55312380.00
2012/02/07;3.99;3.99;3.86;3.88;1187276;44625648.00
2012/02/08;3.88;4.00;3.86;4.00;1281911;48561568.00
2012/02/09;3.99;4.02;3.93;3.96;1393400;53295400.00
2012/02/10;3.97;4.06;3.96;4.01;1299669;50094800.00
2012/02/13;3.96;4.08;3.96;4.04;1416060;54812940.00
2012/02/14;4.03;4.08;3.99;4.08;1329606;51610740.00
2012/02/15;4.07;4.14;4.06;4.11;1351090;53149580.00
2012/02/16;4.11;4.12;3.99;4.04;1257524;48992384.00
2012/02/17;4.04;4.06;3.99;4.04;952112;36769468.00
2012/02/20;4.10;4.10;3.98;3.99;1199264;46514996.00
2012/02/21;3.99;4.05;3.97;4.05;1127942;43479028.00
2012/02/22;4.08;4.23;4.05;4.20;2517702;100618592.00
2012/02/23;4.21;4.23;4.14;4.18;1336440;53535712.00
2012/02/24;4.22;4.24;4.19;4.24;1223024;49372060.00
2012/02/27;4.21;4.33;4.20;4.20;1589014;64688724.00
2012/02/28;4.18;4.28;4.13;4.27;1503366;60195660.00
2012/02/29;4.22;4.26;4.15;4.16;1270298;50900908.00
2012/03/01;4.14;4.19;4.11;4.15;860893;34211664.00
2012/03/02;4.18;4.26;4.17;4.25;1118336;45167156.00
2012/03/05;4.27;4.40;4.22;4.33;2048554;83942416.00
2012/03/06;4.30;4.47;4.27;4.37;2110816;88172440.00
2012/03/07;4.31;4.40;4.29;4.29;1356618;56063068.00
2012/03/08;4.31;4.36;4.29;4.33;1088011;44898608.00
2012/03/09;4.33;4.40;4.29;4.39;1165542;48507680.00
2012/03/12;4.37;4.46;4.35;4.43;1163086;48930864.00
2012/03/13;4.41;4.47;4.38;4.45;1193148;50310620.00
2012/03/14;4.46;4.48;4.15;4.18;2570043;106176504.00
2012/03/15;4.19;4.23;4.09;4.14;1787285;71283576.00
2012/03/16;4.17;4.27;4.17;4.26;1462695;59012980.00
2012/03/19;4.26;4.46;4.26;4.45;1954204;82018848.00
2012/03/20;4.43;4.44;4.36;4.37;1306490;54766264.00
2012/03/21;4.39;4.44;4.22;4.35;1280762;53072948.00
2012/03/22;4.34;4.54;4.30;4.49;2125497;90597752.00
2012/03/23;4.49;4.54;4.39;4.46;1716438;72935072.00
2012/03/26;4.47;4.49;3.98;4.02;3961452;156168528.00
2012/03/27;3.99;4.04;3.86;3.92;3248682;123194464.00
2012/03/28;3.89;3.92;3.80;3.82;2193546;81364728.00
2012/03/29;3.79;3.84;3.64;3.81;1604188;58526900.00
2012/03/30;3.77;3.83;3.69;3.70;948646;34333932.00
2012/04/05;3.71;3.80;3.70;3.79;1116169;40637216.00
2012/04/06;3.79;3.83;3.76;3.78;973005;35561956.00
2012/04/09;3.77;3.79;3.70;3.71;1006936;36459436.00
2012/04/10;3.70;3.74;3.55;3.69;900906;31718786.00
2012/04/11;3.61;3.83;3.58;3.83;1445434;52539172.00
2012/04/12;3.82;3.86;3.78;3.86;939589;34723528.00
2012/04/13;3.86;3.87;3.82;3.84;1021630;37861900.00
2012/04/16;3.82;3.88;3.78;3.84;685031;25347886.00
2012/04/17;3.88;3.88;3.79;3.79;720346;26521646.00
2012/04/18;3.80;3.88;3.79;3.87;1108082;41184716.00
2012/04/20;3.89;3.92;3.87;3.90;1050452;39477504.00
2012/04/23;3.90;3.91;3.79;3.79;1008236;37421972.00
2012/04/24;3.72;3.81;3.58;3.69;974374;34630880.00
2012/04/25;3.67;3.69;3.60;3.67;794018;28145652.00
2012/04/26;3.68;3.74;3.68;3.72;556426;19988336.00
2012/04/27;3.73;3.76;3.71;3.72;451612;16321811.00
2012/05/02;3.79;3.80;3.72;3.77;991521;27560076.00
2012/05/03;3.77;3.79;3.74;3.77;707005;19661768.00
2012/05/04;3.75;3.97;3.75;3.95;1791984;51382164.00
2012/05/07;3.91;4.01;3.89;3.96;1472563;42820832.00
2012/05/08;3.99;3.99;3.89;3.92;1118737;32306730.00
2012/05/09;3.86;3.89;3.79;3.81;1070505;30325974.00
2012/05/10;3.78;3.88;3.78;3.88;673131;19122806.00
2012/05/11;3.87;3.89;3.80;3.80;696209;19707910.00
2012/05/14;3.85;3.97;3.82;3.92;1911181;55077652.00
2012/05/15;3.89;3.98;3.85;3.94;1139189;32913040.00
2012/05/16;3.94;3.97;3.87;3.87;757648;21794954.00
2012/05/17;3.84;3.92;3.84;3.90;572196;16406237.00
2012/05/18;3.85;3.88;3.79;3.80;738642;20859838.00
2012/05/21;3.79;3.87;3.79;3.83;621224;17585618.00
2012/05/22;3.81;3.95;3.81;3.94;1014959;29343794.00
2012/05/23;3.93;3.94;3.87;3.90;538342;15456858.00
2012/05/24;3.87;3.96;3.87;3.91;540743;15614516.00
2012/05/25;3.91;3.92;3.84;3.86;359401;10235678.00
2012/05/28;3.84;3.90;3.65;3.87;1049437;29310210.00
2012/05/29;3.85;3.89;3.79;3.87;998209;28308042.00
2012/05/30;3.85;3.87;3.82;3.83;601037;17027010.00
2012/05/31;3.78;3.82;3.77;3.78;779672;21822998.00
2012/06/01;3.79;3.84;3.75;3.77;568013;15899677.00
2012/06/04;3.70;3.70;3.62;3.62;1030484;27940000.00
2012/06/05;3.61;3.66;3.56;3.57;708035;18833612.00
2012/06/06;3.57;3.60;3.51;3.52;546031;14419036.00
2012/06/07;3.55;3.57;3.43;3.47;1049943;27157402.00
2012/06/08;3.49;3.49;3.44;3.45;492623;12721056.00
2012/06/11;3.42;3.55;3.42;3.54;529581;13844107.00
2012/06/12;3.51;3.54;3.50;3.52;324514;8485171.00
2012/06/13;3.53;3.64;3.53;3.58;1123769;29935570.00
2012/06/14;3.58;3.61;3.55;3.55;540645;14360641.00
2012/06/15;3.57;3.60;3.50;3.53;409095;10755735.00
2012/06/18;3.55;3.61;3.55;3.59;478442;12723384.00
2012/06/19;3.59;3.60;3.53;3.58;538414;14284569.00
2012/06/20;3.60;3.60;3.57;3.57;406958;10805601.00
2012/06/21;3.57;3.57;3.48;3.50;412936;10787890.00
2012/06/25;3.46;3.51;3.46;3.46;343823;8903661.00
2012/06/26;3.45;3.50;3.45;3.48;300219;7752864.00
2012/06/27;3.48;3.53;3.47;3.49;280798;7301028.00
2012/06/28;3.52;3.52;3.44;3.44;269278;6957954.00
2012/06/29;3.44;3.51;3.42;3.51;460332;11921744.00
2012/07/02;3.54;3.64;3.54;3.64;1207506;32421380.00
2012/07/03;3.65;3.84;3.61;3.81;2053642;57248660.00
2012/07/04;3.82;3.82;3.74;3.76;912027;25386020.00
2012/07/05;3.75;3.88;3.73;3.81;1440651;40457456.00
2012/07/06;3.80;3.83;3.73;3.81;1034311;28919806.00
2012/07/09;3.81;3.93;3.76;3.77;1858382;52959076.00
2012/07/10;3.73;3.87;3.73;3.80;1105349;31037740.00
2012/07/11;3.83;3.94;3.79;3.91;1415845;40596832.00
2012/07/12;3.91;3.98;3.88;3.94;1513561;43873800.00
2012/07/13;3.92;3.94;3.87;3.89;996615;28673728.00
2012/07/16;3.89;3.92;3.73;3.73;1150457;32167910.00
2012/07/17;3.70;3.85;3.69;3.85;795692;22254054.00
2012/07/18;3.83;3.99;3.83;3.98;2325437;67570328.00
2012/07/19;3.99;4.11;3.97;4.04;2032469;60611808.00
2012/07/20;4.04;4.08;3.95;4.01;1277969;37762144.00
2012/07/23;3.99;4.19;3.96;4.03;1953382;58872080.00
2012/07/24;4.03;4.08;3.97;4.06;823800;24406834.00
2012/07/25;4.01;4.16;4.01;4.06;1124480;33868988.00
2012/07/26;4.04;4.09;3.95;4.00;1145694;33690252.00
2012/07/27;4.02;4.05;3.89;3.96;1092121;31608932.00
2012/07/30;3.96;3.98;3.88;3.97;1020536;29604462.00
2012/07/31;3.89;3.89;3.62;3.62;1555985;42812456.00
2012/08/01;3.61;3.81;3.60;3.73;1234022;34267344.00
2012/08/02;3.73;3.83;3.73;3.79;1092008;30455640.00
2012/08/03;3.81;3.87;3.77;3.84;817739;23045834.00
2012/08/06;3.81;4.00;3.80;4.00;1380133;39917656.00
2012/08/07;4.03;4.04;3.95;4.02;897533;26351472.00
2012/08/08;4.02;4.07;3.96;3.99;708815;20888734.00
2012/08/09;3.99;4.09;3.96;4.07;890657;26438356.00
2012/08/10;4.04;4.08;3.99;4.00;675467;19973222.00
2012/08/13;3.96;4.12;3.96;4.04;1860027;55591796.00
2012/08/14;4.03;4.31;4.03;4.28;2734702;83618472.00
2012/08/15;4.28;4.28;4.17;4.20;1167564;35973008.00
2012/08/16;4.20;4.36;4.20;4.32;2086829;65823304.00
2012/08/17;4.26;4.34;4.26;4.31;1066638;33561784.00
2012/08/20;4.31;4.33;4.19;4.29;781255;24210172.00
2012/08/21;4.29;4.35;4.24;4.27;969033;30437682.00
2012/08/22;4.27;4.38;4.21;4.31;1330315;41846352.00
2012/08/23;4.29;4.36;4.21;4.36;1035192;32436796.00
2012/08/24;4.35;4.36;4.20;4.22;1253704;39287284.00
2012/08/27;4.19;4.25;4.10;4.22;1204473;36933152.00
2012/08/28;4.21;4.27;4.00;4.10;2083875;62626676.00
2012/08/29;4.07;4.14;4.03;4.08;729689;21887290.00
2012/08/30;4.08;4.13;3.97;4.09;954089;28292926.00
2012/08/31;4.09;4.11;4.04;4.10;463958;13907999.00
2012/09/03;4.10;4.26;4.08;4.24;1022681;31476772.00
2012/09/04;4.24;4.30;4.19;4.25;1261672;39201684.00
2012/09/05;4.31;4.31;4.09;4.09;1622935;49927840.00
2012/09/06;4.10;4.20;4.10;4.20;772500;23609348.00
2012/09/07;4.22;4.38;4.22;4.35;1313800;41433524.00
2012/09/10;4.35;4.35;4.28;4.29;1479592;46638052.00
2012/09/11;4.30;4.35;4.25;4.30;761526;23926818.00
2012/09/12;4.32;4.38;4.26;4.35;840251;26532462.00
2012/09/13;4.34;4.34;4.26;4.27;1247481;39075988.00
2012/09/14;4.25;4.31;4.12;4.16;1238151;37974760.00
2012/09/17;4.17;4.18;3.99;4.01;1659785;49209816.00
2012/09/18;3.99;4.05;3.99;4.04;465216;13754248.00
2012/09/19;4.04;4.06;4.01;4.04;260881;7736093.00
2012/09/20;4.06;4.10;3.94;3.99;1211974;35890516.00
2012/09/21;3.99;4.03;3.87;3.91;573789;16620176.00
2012/09/24;3.88;3.95;3.87;3.91;287711;8303537.00
2012/09/25;3.93;3.93;3.84;3.85;330610;9477477.00
2012/09/26;3.83;3.86;3.73;3.75;560989;15602471.00
2012/09/27;3.74;3.89;3.74;3.87;453432;12818683.00
2012/09/28;3.85;3.92;3.82;3.91;285828;8193887.00
2012/10/08;3.92;3.99;3.89;3.92;328209;9537626.00
2012/10/09;3.94;4.05;3.92;4.04;528941;15611073.00
2012/10/10;4.03;4.06;4.00;4.03;343560;10163847.00
2012/10/11;4.01;4.04;3.98;3.98;354794;10453318.00
2012/10/12;3.98;4.11;3.98;4.09;802043;23880598.00
2012/10/15;4.09;4.11;4.04;4.07;386217;11550572.00
2012/10/16;4.05;4.10;4.00;4.04;791695;23484032.00
2012/10/17;4.06;4.06;4.00;4.04;306902;9102706.00
2012/10/18;4.03;4.07;4.02;4.05;628726;18720534.00
2012/10/19;4.05;4.10;4.05;4.08;553885;16595181.00
2012/10/22;4.06;4.06;3.99;4.03;589680;17416254.00
2012/10/23;4.04;4.04;3.87;3.88;672674;19540960.00
2012/10/24;3.79;3.97;3.79;3.90;1287107;36736032.00
2012/10/25;3.87;3.93;3.84;3.84;328796;9387511.00
2012/10/26;3.84;3.84;3.74;3.76;666874;18611852.00
2012/10/29;3.75;3.83;3.74;3.77;478559;13373762.00
2012/10/30;3.79;3.86;3.78;3.83;463871;13098485.00
2012/10/31;3.83;3.92;3.82;3.91;581191;16602427.00
2012/11/01;3.91;4.00;3.90;3.98;881818;25665758.00
2012/11/02;4.00;4.00;3.94;3.97;670348;19572964.00
2012/11/05;3.94;3.98;3.94;3.97;358042;10441062.00
2012/11/06;3.95;3.97;3.85;3.90;422658;12096550.00
2012/11/07;3.91;3.96;3.85;3.86;388557;11170193.00
2012/11/08;3.85;3.86;3.78;3.78;553154;15566901.00
2012/11/09;3.78;3.82;3.78;3.81;297475;8349443.50
2012/11/12;3.82;3.87;3.78;3.80;332349;9388068.00
2012/11/13;3.81;3.85;3.79;3.80;319870;8998361.00
2012/11/14;3.83;3.83;3.77;3.81;266650;7481326.00
2012/11/15;3.79;3.82;3.74;3.75;400199;11161255.00
2012/11/16;3.75;3.77;3.64;3.69;377395;10291856.00
2012/11/19;3.70;3.73;3.64;3.72;175922;4784638.00
2012/11/20;3.73;3.76;3.72;3.75;176183;4862468.50
2012/11/21;3.75;3.79;3.69;3.78;277607;7684197.00
2012/11/22;3.76;3.80;3.70;3.74;268961;7477196.00
2012/11/23;3.75;3.83;3.72;3.79;278539;7819912.50
2012/11/26;3.79;3.82;3.77;3.78;190831;5353445.50
2012/11/27;3.71;3.73;3.59;3.61;469544;12721379.00
2012/11/28;3.61;3.64;3.48;3.48;493681;12944909.00
2012/11/29;3.53;3.53;3.46;3.46;262269;6825203.50
2012/11/30;3.47;3.55;3.46;3.51;588977;15300912.00
2012/12/03;3.51;3.53;3.48;3.48;585028;15275889.00
2012/12/04;3.48;3.53;3.45;3.51;331123;8606858.00
2012/12/05;3.51;3.66;3.50;3.58;1744550;46677532.00
2012/12/06;3.63;3.63;3.50;3.53;1701411;45080324.00
2012/12/07;3.54;3.68;3.51;3.67;1138365;30537210.00
2012/12/10;3.67;3.86;3.67;3.85;1876138;52534452.00
2012/12/11;3.85;3.85;3.77;3.81;677398;19017184.00
2012/12/12;3.82;3.88;3.77;3.83;747573;21163016.00
2012/12/13;3.82;3.91;3.82;3.87;996932;28534724.00
2012/12/14;3.84;4.00;3.84;3.97;952278;27705920.00
2012/12/17;3.97;3.99;3.92;3.96;965247;28116438.00
2012/12/18;3.97;3.99;3.87;3.91;791779;22964148.00
2012/12/19;3.91;3.93;3.88;3.91;388608;11181499.00
2012/12/20;3.90;4.04;3.88;3.98;852064;24894670.00
2012/12/21;4.01;4.05;3.93;4.04;909080;26740018.00
2012/12/24;4.01;4.07;3.99;4.01;1100672;32474214.00
2012/12/25;4.01;4.16;4.00;4.14;1484206;44852752.00
2012/12/26;4.12;4.23;4.12;4.21;1209697;37185476.00
2012/12/27;4.23;4.28;4.13;4.13;940130;28839210.00
2012/12/28;4.13;4.28;4.09;4.26;2190289;67107904.00
2012/12/31;4.26;4.31;4.24;4.25;1246070;38899172.00
2013/01/04;4.30;4.32;4.24;4.31;1547648;48457624.00
2013/01/07;4.27;4.35;4.25;4.31;1205436;37842564.00
2013/01/08;4.29;4.29;4.21;4.27;1083821;33736672.00
2013/01/09;4.26;4.26;4.18;4.24;1026469;31761350.00
2013/01/10;4.23;4.26;4.19;4.24;828185;25682872.00
2013/01/11;4.26;4.26;4.14;4.14;961405;29536756.00
2013/01/14;4.13;4.59;4.13;4.59;3573392;116906752.00
2013/01/15;4.56;4.78;4.55;4.75;4349874;148199952.00
2013/01/16;4.68;4.86;4.65;4.86;2417344;83003736.00
2013/01/17;4.86;4.90;4.70;4.81;1557967;54159404.00
2013/01/18;4.82;4.87;4.78;4.85;1000576;35069180.00
2013/01/21;4.84;4.97;4.68;4.84;978723;34483752.00
2013/01/22;4.83;4.86;4.63;4.68;1056238;36189376.00
2013/01/23;4.65;4.71;4.59;4.69;544269;18414630.00
2013/01/24;4.69;4.85;4.48;4.56;1354651;46135612.00
2013/01/25;4.53;4.60;4.53;4.58;591866;19689538.00
2013/01/28;4.58;4.97;4.57;4.96;1256562;43742856.00
2013/01/29;4.91;5.09;4.91;5.05;1520617;55114836.00
2013/01/30;5.03;5.10;4.99;4.99;1041896;37895560.00
2013/01/31;5.00;5.05;4.90;4.92;748847;26820566.00
2013/02/01;4.95;5.06;4.86;4.96;790587;28243874.00
2013/02/04;4.96;5.00;4.70;4.75;1273998;44206612.00
2013/02/05;4.75;4.98;4.69;4.88;1238355;43734164.00
2013/02/06;4.88;4.95;4.86;4.89;846660;29996244.00
2013/02/07;4.88;4.88;4.78;4.81;761683;26573956.00
2013/02/08;4.85;5.05;4.82;5.04;1003465;36218432.00
2013/02/18;5.03;5.12;4.99;5.06;875624;31997304.00
2013/02/19;5.06;5.08;4.94;4.99;778916;28124284.00
2013/02/20;5.00;5.21;4.96;5.19;1188895;43656340.00
2013/02/21;5.15;5.15;4.97;5.05;1060846;38753616.00
2013/02/22;5.01;5.09;4.98;5.01;631445;22913350.00
2013/02/25;5.01;5.09;4.90;5.05;844482;30604680.00
2013/02/26;4.98;5.06;4.93;4.93;514543;18561614.00
2013/02/27;4.93;5.01;4.70;4.75;1457423;50460288.00
2013/02/28;4.78;4.87;4.68;4.87;1004439;34931116.00
2013/03/01;4.86;4.97;4.81;4.91;920948;32577648.00
2013/03/04;4.88;4.93;4.68;4.73;1196752;41738376.00
2013/03/05;4.73;4.81;4.69;4.81;921135;31705378.00
2013/03/06;4.83;5.06;4.81;5.04;1530803;55136268.00
2013/03/07;5.06;5.06;4.89;4.95;1322215;47382920.00
2013/03/08;4.96;5.01;4.79;4.81;713874;25398390.00
2013/03/11;4.78;4.78;4.57;4.62;2387570;80692672.00
2013/03/12;4.62;4.70;4.44;4.49;1325912;43764856.00
2013/03/13;4.49;4.49;4.36;4.43;1322714;42698112.00
2013/03/14;4.43;4.58;4.43;4.52;1351048;44413656.00
2013/03/15;4.52;4.68;4.40;4.62;2271817;75878640.00
2013/03/18;4.59;4.60;4.41;4.46;895245;29407686.00
2013/03/19;4.38;4.50;4.35;4.45;599983;19270426.00
2013/03/20;4.46;4.71;4.46;4.68;1052043;35297280.00
2013/03/21;4.70;4.90;4.70;4.71;1972731;68726352.00
2013/03/22;4.85;4.89;4.75;4.86;2059613;72165840.00
2013/03/25;4.97;4.97;4.83;4.87;1159147;41047196.00
2013/03/26;4.84;4.93;4.76;4.88;1105196;38786784.00
2013/03/27;4.90;5.09;4.89;5.00;1633908;59169532.00
2013/03/28;4.93;4.96;4.78;4.84;1544439;54383228.00
2013/03/29;4.84;5.06;4.84;5.01;1681526;60563544.00
2013/04/01;5.00;5.25;4.95;5.20;2091771;77837088.00
2013/04/02;5.20;5.37;5.09;5.11;2643270;100185592.00
2013/04/03;5.12;5.18;4.95;5.12;1676271;61313380.00
2013/04/08;4.99;5.36;4.95;5.36;2135199;80367008.00
2013/04/09;5.40;5.55;5.33;5.49;2188958;86178808.00
2013/04/10;5.46;5.54;5.33;5.35;1729120;67571792.00
2013/04/11;5.35;5.43;5.30;5.35;647298;24990348.00
2013/04/12;5.36;5.41;5.17;5.19;1307802;49565540.00
2013/04/15;5.18;5.19;4.95;5.00;1573024;57290628.00
2013/04/16;4.95;5.37;4.92;5.37;1470232;54625192.00
2013/04/17;5.34;5.61;5.31;5.42;2227958;87968880.00
2013/04/18;5.51;5.57;5.37;5.49;1429003;56240584.00
2013/04/19;5.52;5.67;5.51;5.51;1671870;67168488.00
2013/04/22;5.50;5.71;5.43;5.65;2080033;83608784.00
2013/04/23;5.64;5.76;5.56;5.57;1321435;53427356.00
2013/04/24;5.58;5.94;5.58;5.94;1942613;80887992.00
2013/04/25;5.99;6.05;5.75;5.80;1576583;66837720.00
2013/04/26;5.80;5.90;5.74;5.74;865267;35971768.00
2013/05/02;5.68;5.92;5.64;5.83;840738;35029756.00
2013/05/03;5.83;5.94;5.75;5.79;1570050;65496668.00
2013/05/06;5.77;5.91;5.76;5.87;2145037;89324856.00
2013/05/07;5.86;5.86;5.54;5.58;2529323;102547632.00
2013/05/08;5.64;5.79;5.45;5.70;2482955;77180960.00
2013/05/09;5.64;5.72;5.51;5.62;1946360;59876960.00
2013/05/10;5.63;5.71;5.53;5.63;1565801;48332572.00
2013/05/13;5.67;5.67;5.49;5.55;1488921;45541232.00
2013/05/14;5.55;5.65;5.47;5.50;1712516;52323116.00
2013/05/15;5.50;5.77;5.50;5.76;2363264;73812720.00
2013/05/16;5.76;5.81;5.70;5.73;1751195;55336536.00
2013/05/17;5.73;5.76;5.57;5.68;2000779;62026872.00
2013/05/20;5.66;6.09;5.64;6.02;3072912;99380600.00
2013/05/21;6.00;6.00;5.89;6.00;2127142;69312584.00
2013/05/22;5.97;6.10;5.93;5.95;1848641;60925700.00
2013/05/23;5.91;5.98;5.84;5.84;1453541;47066420.00
2013/05/24;5.90;5.97;5.80;5.95;1306487;42142628.00
2013/05/27;5.91;6.00;5.84;5.97;1759016;57229940.00
2013/05/28;5.94;5.97;5.66;5.74;2362079;74623984.00
2013/05/29;5.76;5.80;5.67;5.73;1924997;60637644.00
2013/05/30;5.70;5.70;5.51;5.63;2955398;90989576.00
2013/05/31;5.60;5.64;5.56;5.59;1990798;61280336.00
2013/06/03;5.59;5.64;5.48;5.60;1219262;37217352.00
2013/06/04;5.56;5.60;5.37;5.40;1759888;52831712.00
2013/06/05;5.39;5.48;5.35;5.43;1213184;36261924.00
2013/06/06;5.43;5.45;5.16;5.20;2010855;58640856.00
2013/06/07;5.23;5.26;5.03;5.11;1686819;47727704.00
2013/06/13;5.02;5.02;4.74;4.89;2900130;78086696.00
2013/06/14;4.92;5.19;4.91;5.17;2151981;60085368.00
2013/06/17;5.17;5.31;5.10;5.27;2206204;63312696.00
2013/06/18;5.29;5.44;5.17;5.28;1862190;54685484.00
2013/06/19;5.23;5.25;5.06;5.15;1059523;30056764.00
2013/06/20;5.07;5.15;4.97;4.99;808462;22661022.00
2013/06/21;4.91;5.09;4.88;5.03;777583;21410330.00
2013/06/24;5.04;5.06;4.72;4.80;1046775;28264562.00
2013/06/25;4.74;4.90;4.43;4.85;1594551;41779644.00
2013/06/26;4.80;4.95;4.75;4.94;1352534;36382016.00
2013/06/27;4.95;5.17;4.90;4.97;1757337;49057276.00
2013/06/28;4.89;5.12;4.86;4.99;807064;22433128.00
2013/07/01;5.00;5.12;5.00;5.11;1037931;29091064.00
2013/07/02;5.16;5.19;5.06;5.18;1520771;43077224.00
2013/07/03;5.16;5.25;5.09;5.20;1198847;34254680.00
2013/07/04;5.23;5.31;5.16;5.25;1072591;31049834.00
2013/07/05;5.22;5.25;5.12;5.14;916262;26162698.00
2013/07/08;5.07;5.07;4.83;4.83;1052288;28742702.00
2013/07/09;4.83;4.91;4.81;4.83;471705;12692193.00
2013/07/10;4.83;5.01;4.83;5.01;749089;20425832.00
2013/07/11;5.00;5.25;4.97;5.18;1450636;41152428.00
2013/07/12;5.18;5.30;5.12;5.12;1370164;39443548.00
2013/07/15;5.11;5.24;5.10;5.21;1164037;33257942.00
2013/07/16;5.18;5.29;5.14;5.29;1446467;41761692.00
2013/07/17;5.27;5.29;5.11;5.13;1130504;32423836.00
2013/07/18;5.12;5.25;5.06;5.18;1019171;29071806.00
2013/07/19;5.12;5.25;5.09;5.09;897974;25684658.00
2013/07/22;5.00;5.18;4.91;5.17;938902;26362634.00
2013/07/23;5.17;5.32;5.17;5.30;1590036;46268532.00
2013/07/24;5.31;5.47;5.22;5.45;1756004;51778020.00
2013/07/25;5.44;5.58;5.39;5.48;1621057;48988620.00
2013/07/26;5.45;5.53;5.28;5.40;1461023;43216588.00
2013/07/29;5.41;5.43;5.27;5.35;1571588;46334432.00
2013/07/30;5.35;5.44;5.23;5.38;1588830;46891084.00
2013/07/31;5.40;5.44;5.22;5.23;1424704;41817292.00
2013/08/01;5.23;5.36;5.21;5.35;1821635;53309532.00
2013/08/02;5.34;5.45;5.33;5.40;1801799;53650192.00
2013/08/05;5.42;5.69;5.42;5.67;3312590;101632592.00
2013/08/06;5.64;5.77;5.52;5.55;3013966;93461608.00
2013/08/07;5.54;5.75;5.54;5.62;3531032;109761392.00
2013/08/08;5.61;5.72;5.55;5.60;1714469;53133656.00
2013/08/09;5.60;5.64;5.46;5.56;2580748;78568896.00
2013/08/12;5.56;5.71;5.52;5.70;2010797;62349856.00
2013/08/13;5.71;5.76;5.63;5.74;1827886;57222464.00
2013/08/14;5.75;5.75;5.60;5.61;1582365;49179800.00
2013/08/15;5.60;5.64;5.42;5.43;1749662;52990324.00
2013/08/16;5.41;5.51;5.18;5.20;2432522;71508984.00
2013/08/19;5.20;5.34;5.16;5.31;1738571;50231396.00
2013/08/20;5.29;5.34;5.16;5.25;1951054;56511088.00
2013/08/21;5.22;5.30;5.18;5.28;965908;27960002.00
2013/08/22;5.28;5.41;5.27;5.37;1851902;54851972.00
2013/08/23;5.38;5.48;5.26;5.29;1830582;54259852.00
2013/08/26;5.30;5.44;5.30;5.43;1562504;46355192.00
2013/08/27;5.43;5.47;5.38;5.43;1104154;33033828.00
2013/08/28;5.39;5.41;5.22;5.22;1893869;55385816.00
2013/08/29;5.20;5.28;5.12;5.15;1228672;35119572.00
2013/08/30;5.15;5.16;5.08;5.09;908176;25613528.00
2013/09/02;5.13;5.19;5.10;5.15;861974;24553264.00
2013/09/03;5.17;5.23;5.13;5.19;1351192;38587288.00
2013/09/04;5.20;5.44;5.20;5.42;4132081;122166896.00
2013/09/05;5.41;5.52;5.34;5.38;1946491;58027640.00
2013/09/06;5.45;5.62;5.38;5.61;4307843;131326552.00
2013/09/09;5.60;5.63;5.50;5.58;2387981;72851176.00
2013/09/10;5.60;5.60;5.33;5.35;3198672;95595744.00
2013/09/11;5.37;5.43;5.18;5.23;2410437;70076192.00
2013/09/12;5.24;5.29;5.16;5.29;1923306;55326040.00
2013/09/13;5.28;5.28;5.19;5.24;1120606;32298258.00
2013/09/16;5.24;5.35;5.24;5.29;1049593;30590074.00
2013/09/17;5.33;5.33;5.17;5.18;1179107;33930088.00
2013/09/18;5.20;5.20;5.08;5.14;1170790;33198490.00
2013/09/23;5.18;5.28;5.12;5.27;1739148;50007772.00
2013/09/24;5.27;5.27;5.15;5.20;1326835;38118136.00
2013/09/25;5.15;5.22;5.11;5.12;1092545;31088836.00
2013/09/26;5.14;5.15;4.95;4.95;1932882;53806508.00
2013/09/27;4.97;4.97;4.87;4.96;1994943;54169320.00
2013/09/30;4.97;4.99;4.88;4.94;1875786;51227572.00
2013/10/08;4.93;4.98;4.83;4.98;2152454;58512600.00
2013/10/09;4.94;5.05;4.91;5.02;2496575;69245752.00
2013/10/10;5.03;5.06;4.89;4.92;1780810;48839064.00
2013/10/11;4.94;5.07;4.93;5.06;2122149;58752168.00
2013/10/14;5.06;5.17;5.04;5.13;2026824;57227552.00
2013/10/15;5.13;5.14;5.03;5.08;1406228;39429076.00
2013/10/16;5.08;5.08;4.86;4.86;1955568;53309140.00
2013/10/17;4.93;4.98;4.87;4.88;2130814;57964944.00
2013/10/18;4.89;4.97;4.87;4.92;1080014;29423300.00
2013/10/21;4.93;5.12;4.90;5.11;2037880;56749932.00
2013/10/22;5.10;5.15;5.03;5.05;1962044;55149668.00
2013/10/23;5.06;5.11;4.93;4.94;1516828;41964196.00
2013/10/24;4.93;5.12;4.91;5.09;2160067;60404792.00
2013/10/25;5.16;5.16;5.00;5.01;2038268;57015260.00
2013/10/28;5.03;5.16;5.03;5.12;2116550;59789388.00
2013/10/29;5.12;5.15;4.85;5.02;2544234;70344744.00
2013/10/30;5.03;5.07;4.93;5.06;1682271;46571640.00
2013/10/31;5.03;5.18;4.94;5.16;3209726;90400544.00
2013/11/01;5.15;5.16;5.04;5.09;1699117;48022724.00
2013/11/04;5.09;5.25;5.09;5.15;1921395;54975904.00
2013/11/05;5.16;5.21;5.09;5.18;1602523;45715920.00
2013/11/06;5.20;5.25;5.11;5.11;1848055;52955412.00
2013/11/07;5.10;5.13;4.97;4.98;1417561;39591708.00
2013/11/08;4.97;4.99;4.89;4.95;1135063;31054026.00
2013/11/11;4.93;4.96;4.89;4.95;1286062;35107224.00
2013/11/12;4.95;5.02;4.95;5.01;1045010;28834126.00
2013/11/13;4.98;4.98;4.87;4.89;1380303;37629244.00
2013/11/14;4.89;5.21;4.89;5.18;3635030;102614176.00
2013/11/15;5.20;5.39;5.20;5.31;4790862;140428592.00
2013/11/18;5.39;5.51;5.31;5.45;4847685;145222224.00
2013/11/19;5.47;5.51;5.39;5.43;3221018;96421112.00
2013/11/20;5.43;5.50;5.34;5.45;2926992;87201240.00
2013/11/21;5.43;5.46;5.29;5.45;2957241;87765464.00
2013/11/22;5.50;6.03;5.50;6.03;5458289;176616192.00
2013/11/25;6.31;6.31;5.95;6.02;11465517;386012704.00
2013/11/26;5.96;6.59;5.87;6.40;8233113;280636544.00
2013/11/27;6.32;6.52;6.24;6.27;10614522;368522656.00
2013/11/28;6.30;6.52;6.29;6.39;9665301;337598368.00
2013/11/29;6.43;6.94;6.35;6.71;12196064;436518720.00
2013/12/02;6.29;6.63;6.10;6.31;10427949;365537984.00
2013/12/03;6.41;6.97;6.33;6.91;11087464;403434912.00
2013/12/04;6.80;7.53;6.79;6.97;14529891;568079488.00
2013/12/05;6.99;7.29;6.87;7.05;8026382;309733664.00
2013/12/06;7.03;7.13;6.78;7.02;7418315;279302912.00
2013/12/09;6.98;7.37;6.93;7.23;8706225;338801984.00
2013/12/10;7.21;7.31;6.99;7.12;5313526;205589008.00
2013/12/11;7.06;7.08;6.87;6.99;5808165;219668768.00
2013/12/12;6.97;7.06;6.78;6.96;6551220;246487040.00
2013/12/13;6.84;6.94;6.78;6.91;4389640;163936656.00
2013/12/16;6.97;6.98;6.53;6.54;6509785;237604208.00
2013/12/17;6.50;6.68;6.50;6.54;3209529;115135728.00
2013/12/18;6.55;6.59;6.33;6.34;3754283;131433320.00
2013/12/19;6.41;6.45;6.31;6.33;2770297;96481544.00
2013/12/20;6.34;6.60;6.31;6.53;4249334;150336304.00
2013/12/23;6.51;6.60;6.33;6.53;2998065;106216960.00
2013/12/24;6.51;6.71;6.46;6.64;4465301;161234464.00
2013/12/25;6.66;6.93;6.56;6.91;5520614;204773232.00
2013/12/26;6.89;6.98;6.53;6.56;4679556;172574864.00
2013/12/27;6.52;6.69;6.48;6.62;3097074;111572736.00
2013/12/30;6.66;6.87;6.64;6.75;3187118;117754632.00
2013/12/31;6.72;6.83;6.66;6.77;2614234;96219272.00
2014/01/02;6.74;6.78;6.70;6.76;2695742;98933152.00
2014/01/03;6.72;6.73;6.37;6.39;7203383;254392928.00
2014/01/06;6.43;6.48;6.13;6.19;4582603;155968928.00
2014/01/07;6.16;6.27;6.09;6.16;2759992;93243872.00
2014/01/08;6.18;6.28;6.11;6.23;2708524;92019936.00
2014/01/09;6.23;6.40;6.21;6.22;2944246;101471312.00
2014/01/10;6.16;6.17;5.98;6.01;2895903;96019280.00
2014/01/13;6.02;6.14;6.00;6.07;1946655;64546944.00
2014/01/14;6.09;6.22;6.03;6.22;2245143;75394456.00
2014/01/15;6.21;6.35;6.17;6.34;2749567;94240896.00
2014/01/16;6.34;6.37;6.23;6.27;2177012;74798736.00
2014/01/17;6.22;6.31;6.15;6.24;1712683;58249376.00
2014/01/20;6.27;6.40;6.12;6.16;2172455;74382448.00
2014/01/21;6.22;6.43;6.20;6.40;3670845;127033248.00
2014/01/22;6.41;6.58;6.41;6.51;3539674;125892864.00
2014/01/23;6.56;6.58;6.49;6.51;3094988;110134472.00
2014/01/24;6.49;6.62;6.46;6.56;2570729;92068776.00
2014/01/27;6.49;6.54;6.38;6.41;2561238;89967784.00
2014/01/28;6.39;6.48;6.34;6.40;1759136;61578740.00
2014/01/29;6.41;6.52;6.40;6.52;1574415;55629216.00
2014/01/30;6.54;6.54;6.39;6.41;1473133;51882948.00
2014/02/07;6.31;6.64;6.29;6.60;2419632;86029528.00
2014/02/10;6.66;6.77;6.56;6.71;3667137;133298512.00
2014/02/11;6.70;6.73;6.57;6.62;3073788;111438136.00
2014/02/12;6.62;7.03;6.58;6.96;5942182;222249600.00
2014/02/13;6.92;6.92;6.68;6.69;3687884;136738208.00
2014/02/14;6.69;6.83;6.61;6.79;2558038;93919608.00
2014/02/17;6.83;6.95;6.83;6.86;2518083;94265144.00
2014/02/18;6.88;6.92;6.75;6.79;2492553;92330160.00
2014/02/19;6.76;6.94;6.70;6.83;2821430;104701144.00
2014/02/20;6.79;6.84;6.58;6.60;2732055;99477264.00
2014/02/21;6.58;6.64;6.47;6.51;2171102;77673168.00
2014/02/24;6.44;6.51;6.37;6.40;2155784;75476056.00
2014/02/25;6.42;6.46;6.03;6.08;3662283;124652816.00
2014/02/26;6.08;6.08;5.88;5.96;4585909;150079808.00
2014/02/27;5.97;6.23;5.96;5.98;3349020;112037760.00
2014/02/28;6.03;6.14;5.97;6.12;1766872;58626908.00
2014/03/03;6.06;6.25;6.06;6.21;1852983;62664680.00
2014/03/04;6.15;6.19;6.01;6.10;1615288;53866164.00
2014/03/05;6.19;6.22;6.10;6.10;1325738;44619168.00
2014/03/06;6.08;6.08;5.95;6.00;1532168;50480444.00
2014/03/07;6.01;6.18;6.01;6.09;1550933;51794796.00
2014/03/10;6.03;6.03;5.79;5.80;1864770;60245528.00
2014/03/11;5.80;5.82;5.68;5.73;2800447;88144376.00
2014/03/12;5.71;5.78;5.63;5.77;1615280;50723196.00
2014/03/13;5.77;5.85;5.74;5.79;1477879;46988732.00
2014/03/14;5.78;5.82;5.74;5.78;1031410;32718458.00
2014/03/17;5.78;5.89;5.77;5.88;1357353;43560944.00
2014/03/18;5.91;6.15;5.91;6.02;2437436;80767144.00
2014/03/19;6.00;6.01;5.91;6.01;1352001;44151712.00
2014/03/20;6.00;6.06;5.93;5.93;1174999;38594316.00
2014/03/21;5.90;6.08;5.79;6.07;1789400;58290220.00
2014/03/24;6.08;6.19;6.05;6.09;2113590;70958456.00
2014/03/25;6.03;6.03;5.77;5.81;3328630;107362712.00
2014/03/26;5.82;5.85;5.77;5.80;1545022;49245080.00
2014/03/27;5.79;5.85;5.74;5.74;1306044;41580584.00
2014/03/28;5.68;5.76;5.62;5.62;1653395;51487460.00
2014/03/31;5.63;5.68;5.59;5.63;805994;24928880.00
2014/04/01;5.63;5.76;5.62;5.75;1034272;32415430.00
2014/04/02;5.75;5.78;5.64;5.70;1133238;35447492.00
2014/04/03;5.70;5.73;5.59;5.60;1439909;44806300.00
2014/04/04;5.61;5.69;5.59;5.67;900083;27936474.00
2014/04/08;5.69;5.76;5.65;5.74;1518258;47651304.00
2014/04/09;5.75;5.78;5.74;5.76;1346493;42587156.00
2014/04/10;5.75;5.83;5.75;5.79;1437947;45755580.00
2014/04/11;5.78;5.78;5.69;5.74;1296724;40721856.00
2014/04/14;5.73;5.78;5.71;5.78;971337;30621706.00
2014/04/15;5.77;5.81;5.71;5.78;1249912;39523160.00
2014/04/16;5.78;5.78;5.71;5.75;864648;27275500.00
2014/04/17;5.76;5.91;5.76;5.84;1971841;63320584.00
2014/04/18;5.83;5.88;5.80;5.87;995943;31887488.00
2014/04/21;5.83;5.83;5.70;5.73;1602082;50750380.00
2014/04/22;5.72;5.75;5.65;5.68;1130903;35298532.00
2014/04/23;5.71;5.75;5.68;5.70;617657;19374876.00
2014/04/24;5.70;5.70;5.60;5.63;761129;23582544.00
2014/04/25;5.62;5.63;5.44;5.44;1849664;55970400.00
2014/04/28;5.43;5.45;5.13;5.13;1514212;43602352.00
2014/04/29;5.14;5.23;5.14;5.22;936026;26757040.00
2014/04/30;5.22;5.31;5.20;5.30;834176;24277598.00
2014/05/05;5.30;5.37;5.28;5.37;639127;18799522.00
2014/05/06;5.40;5.44;5.36;5.40;801129;23824438.00
2014/05/07;5.39;5.40;5.28;5.30;774609;22681582.00
2014/05/08;5.30;5.40;5.26;5.28;911796;26786750.00
2014/05/09;5.22;5.28;5.07;5.09;1228790;26295752.00
2014/05/12;5.16;5.22;5.09;5.19;1045435;22552410.00
2014/05/13;5.21;5.25;5.17;5.18;749486;16262705.00
2014/05/14;5.17;5.18;5.13;5.15;870888;18697154.00
2014/05/15;5.13;5.33;5.10;5.22;2449431;53727768.00
2014/05/16;5.17;5.20;5.08;5.10;1265621;27102958.00
2014/05/19;5.09;5.11;5.02;5.04;834455;17568878.00
2014/05/20;5.10;5.14;5.03;5.07;674639;14342614.00
2014/05/21;5.10;5.14;5.03;5.13;759495;16161378.00
2014/05/22;5.14;5.21;5.08;5.09;906258;19491948.00
2014/05/23;5.11;5.15;5.06;5.14;728757;15524135.00
2014/05/26;5.14;5.19;5.09;5.18;1182260;25394052.00
2014/05/27;5.17;5.17;5.13;5.13;959449;20601612.00
2014/05/28;5.15;5.17;5.08;5.15;1445364;30936374.00
2014/05/29;5.15;5.18;5.09;5.09;1368462;29378888.00
2014/05/30;5.09;5.11;4.91;4.93;2283060;47550904.00
2014/06/03;4.96;4.97;4.93;4.93;925408;19126286.00
2014/06/04;4.93;4.96;4.89;4.92;966857;19888346.00
2014/06/05;4.83;4.92;4.82;4.91;1464562;29853362.00
2014/06/06;4.92;4.94;4.85;4.88;956030;19591354.00
2014/06/09;4.88;4.88;4.81;4.85;1109313;22493336.00
2014/06/10;4.87;5.04;4.87;5.03;2311669;48220088.00
2014/06/11;5.05;5.05;4.98;5.01;1156843;24209252.00
2014/06/12;5.01;5.01;4.95;4.97;1084654;22585316.00
2014/06/13;4.97;5.07;4.94;5.06;1807812;37983268.00
2014/06/16;5.06;5.08;5.03;5.06;1338935;28252134.00
2014/06/17;5.06;5.07;4.97;4.99;1211781;25338550.00
2014/06/18;4.99;4.99;4.84;4.84;1771121;36276344.00
2014/06/19;4.86;4.87;4.67;4.70;1528275;30645646.00
2014/06/20;4.70;4.77;4.68;4.76;893151;17704522.00
2014/06/23;4.75;4.80;4.74;4.76;881251;17605800.00
2014/06/24;4.76;4.87;4.74;4.85;1151353;23190924.00
2014/06/25;4.85;4.85;4.77;4.80;783491;15696543.00
2014/06/26;4.79;4.87;4.79;4.85;1352095;27402990.00
2014/06/27;4.87;4.94;4.83;4.91;1552114;31772436.00
2014/06/30;4.92;4.95;4.87;4.90;1148212;23545964.00
2014/07/01;4.93;5.04;4.89;5.03;2702925;56290496.00
2014/07/02;5.03;5.04;4.95;5.03;1928053;40317928.00
2014/07/03;5.03;5.11;4.99;5.09;2038054;43122388.00
2014/07/04;5.11;5.11;5.03;5.05;1476757;31149660.00
2014/07/07;5.05;5.09;5.00;5.08;1558554;32863140.00
2014/07/08;5.07;5.09;5.02;5.09;1583296;33446288.00
2014/07/09;5.08;5.14;5.00;5.01;2071431;43926748.00
2014/07/10;5.01;5.06;4.98;5.05;1528025;32135738.00
2014/07/11;5.03;5.15;5.02;5.14;1795140;38249040.00
2014/07/14;5.15;5.34;5.14;5.32;2944546;64785168.00
2014/07/15;5.30;5.37;5.23;5.31;2169827;47995832.00
2014/07/16;5.31;5.36;5.25;5.26;1403409;30911982.00
2014/07/17;5.23;5.30;5.18;5.24;1263809;27627134.00
2014/07/18;5.22;5.27;5.22;5.24;779877;17069256.00
2014/07/21;5.23;5.24;5.09;5.14;1258518;27034932.00
2014/07/22;5.10;5.24;5.10;5.23;1316653;28423378.00
2014/07/23;5.23;5.37;5.16;5.37;2709549;59805696.00
2014/07/24;5.35;5.39;5.21;5.30;1707018;37711792.00
2014/07/25;5.33;5.34;5.28;5.31;1104908;24427738.00
2014/07/28;5.33;5.44;5.33;5.43;2102963;47264924.00
2014/07/29;5.46;5.62;5.43;5.56;4021042;92707648.00
2014/07/30;5.55;5.58;5.49;5.56;2474325;57081144.00
2014/07/31;5.56;5.86;5.56;5.84;5645679;135474960.00
2014/08/01;5.88;6.34;5.88;6.13;11273096;288318112.00
2014/08/04;6.13;6.27;6.05;6.24;6109253;156624608.00
2014/08/05;6.20;6.23;6.11;6.18;3877396;99028736.00
2014/08/06;6.20;6.42;6.18;6.31;5791065;151499840.00
2014/08/07;6.31;6.35;6.05;6.06;4813863;123180752.00
2014/08/08;6.09;6.13;5.98;6.09;2938165;73782152.00
2014/08/11;6.11;6.29;6.04;6.23;3568880;91725760.00
2014/08/12;6.24;6.28;6.15;6.25;3011824;77546896.00
2014/08/13;6.24;6.24;6.09;6.15;2142848;54603900.00
2014/08/14;6.15;6.15;5.94;5.95;3736261;93275296.00
2014/08/15;5.95;6.03;5.95;6.00;1734861;43208024.00
2014/08/18;6.01;6.14;6.01;6.14;2215309;56061436.00
2014/08/19;6.16;6.21;6.07;6.16;2432354;62074192.00
2014/08/20;6.17;6.21;6.09;6.11;2219495;56627040.00
2014/08/21;6.11;6.16;6.03;6.10;1747289;44242416.00
2014/08/22;6.11;6.14;6.04;6.13;1637508;41412556.00
2014/08/25;6.13;6.25;6.13;6.21;2947504;75789280.00
2014/08/26;6.20;6.20;5.92;5.95;3345094;83887792.00
2014/08/27;5.98;6.01;5.89;5.91;1720857;42325360.00
2014/08/28;5.91;5.91;5.75;5.80;2420815;58376260.00
2014/08/29;5.79;5.86;5.77;5.86;1030426;24942554.00
2014/09/01;5.86;5.96;5.84;5.96;1373885;33714336.00
2014/09/02;5.99;6.01;5.96;6.01;2270439;56349792.00
2014/09/03;6.02;6.02;5.90;6.00;4517621;111985752.00
2014/09/04;5.95;6.09;5.95;6.08;3071572;76969624.00
2014/09/05;6.12;6.13;6.02;6.07;1879178;47236436.00
2014/09/09;6.07;6.07;5.99;6.03;2123054;53042092.00
2014/09/10;5.99;6.22;5.97;6.19;4566694;115766800.00
2014/09/11;6.16;6.27;6.14;6.25;5551206;143031424.00
2014/09/12;6.30;6.50;6.28;6.50;6740138;179625392.00
2014/09/15;6.53;6.54;6.38;6.47;4802103;128206880.00
2014/09/16;6.46;6.46;6.15;6.15;5214232;136542880.00
2014/09/17;6.15;6.20;6.06;6.18;1889526;48078240.00
2014/09/18;6.16;6.19;6.08;6.18;1689557;43050572.00
2014/09/19;6.17;6.50;6.15;6.44;4538540;120016632.00
2014/09/22;6.46;6.61;6.40;6.51;4809754;129608632.00
2014/09/23;6.46;6.75;6.44;6.70;5277427;145852000.00
2014/09/24;6.71;6.77;6.63;6.72;3310347;91937568.00
2014/09/25;6.75;6.78;6.64;6.66;2556044;70660624.00
2014/09/26;6.64;6.78;6.60;6.74;3379504;93533000.00
2014/09/29;6.78;6.80;6.70;6.80;2988283;83426840.00
2014/09/30;6.82;6.92;6.62;6.64;3765473;104815624.00
2014/10/08;6.64;6.69;6.60;6.68;2170270;59560000.00
2014/10/09;6.66;6.95;6.48;6.95;5085142;140685744.00
2014/10/10;6.85;7.09;6.83;7.08;5355958;154741312.00
2014/10/13;7.00;7.06;6.90;6.98;1888046;54361844.00
2014/10/14;6.99;7.07;6.85;7.03;2314474;66766816.00
2014/10/15;7.02;7.10;6.94;7.08;2169927;62980288.00
2014/10/17;7.03;7.53;6.88;7.46;4226209;124020128.00
2014/10/20;7.45;7.81;7.37;7.79;5281180;167303984.00
2014/10/21;7.78;7.81;7.58;7.68;2401973;75898520.00
2014/10/22;7.68;7.90;7.58;7.79;2087644;65934144.00
2014/10/23;7.75;7.75;7.29;7.66;3217196;99914104.00
2014/10/24;7.55;7.78;7.46;7.63;1767053;55620636.00
2014/10/27;7.55;7.80;7.55;7.71;1282783;40635120.00
2014/10/28;7.68;8.05;7.68;8.02;3334431;108953368.00
2014/10/29;8.06;8.11;7.90;8.03;1871109;61611608.00
2014/10/30;8.02;8.17;7.89;7.91;1682360;55434672.00
2014/10/31;7.95;8.01;7.71;7.73;2441396;78314608.00
2014/11/03;7.75;7.75;7.60;7.60;2142487;67440936.00
2014/11/04;7.60;7.76;7.50;7.68;3018606;95324328.00
2014/11/05;7.68;7.68;7.55;7.57;1521484;47462160.00
2014/11/06;7.59;7.92;7.58;7.91;2919686;92838480.00
2014/11/07;7.91;7.92;7.67;7.71;1783022;57223972.00
2014/11/10;7.67;7.75;7.53;7.56;1886436;59078796.00
2014/11/11;7.60;7.65;7.18;7.37;3517091;105887752.00
2014/11/12;7.28;7.57;7.28;7.54;2328086;71459408.00
2014/11/13;7.54;7.81;7.45;7.59;2869163;90625280.00
2014/11/14;7.53;7.61;7.33;7.38;1293445;39620528.00
2014/11/17;7.38;7.68;7.33;7.63;1386331;43220820.00
2014/11/18;7.55;7.77;7.55;7.75;1710636;54225372.00
2014/11/19;7.69;7.86;7.69;7.79;1438379;46116804.00
2014/11/20;7.77;8.15;7.75;8.07;3663648;120601816.00
2014/11/21;8.03;8.13;7.87;8.09;2364095;77578528.00
2014/11/24;8.09;8.11;7.93;8.00;2292083;75191744.00
2014/11/25;7.96;8.07;7.93;8.02;1444745;47415092.00
2014/11/26;8.01;8.10;7.94;7.97;1553507;51087812.00
2014/11/27;7.98;8.40;7.97;8.37;3423850;116055672.00
2014/11/28;8.37;8.49;8.28;8.43;2450540;84325368.00
2014/12/01;8.33;8.45;8.07;8.35;2075858;70544064.00
2014/12/02;8.28;8.48;8.25;8.43;1524955;52574924.00
2014/12/03;8.44;8.47;8.23;8.47;2398846;82375984.00
2014/12/04;8.47;8.63;8.36;8.52;1476602;51608228.00
2014/12/05;8.53;8.58;8.03;8.28;3603599;121788128.00
2014/12/08;8.09;8.25;7.89;8.16;4370075;143636560.00
2014/12/09;8.06;8.14;7.88;8.08;2923865;96135464.00
2014/12/10;8.91;8.91;8.53;8.91;8046290;290824320.00
2014/12/11;9.25;9.83;9.03;9.78;7979442;313669568.00
2014/12/12;9.53;9.78;9.37;9.54;4704069;183027440.00
2014/12/15;9.53;9.74;9.23;9.63;4392184;171338864.00
2014/12/16;9.53;9.55;9.30;9.42;3663869;141483632.00
2014/12/17;9.18;9.37;9.04;9.15;3663968;137224080.00
2014/12/18;9.12;9.33;9.05;9.11;2253758;85033376.00
2014/12/19;9.19;9.24;8.90;9.18;2723960;101267744.00
2014/12/22;9.20;9.20;8.75;9.06;2681594;98229424.00
2014/12/23;9.10;9.32;8.95;9.23;2830144;106108816.00
2014/12/24;9.24;10.17;9.24;10.17;8903984;358896512.00
2014/12/25;10.40;10.78;9.87;10.13;9086584;385071168.00
2014/12/26;9.89;10.17;9.75;9.93;4673297;189348048.00
2014/12/29;9.85;9.93;9.54;9.93;3507860;139216512.00
2014/12/30;9.78;9.78;9.17;9.56;8131505;314483680.00
2014/12/31;9.26;9.52;9.15;9.51;4732237;179900976.00
2015/01/05;9.45;9.45;8.97;9.10;5628032;210433488.00
2015/01/06;8.98;8.98;8.70;8.85;7107232;257167664.00
2015/01/07;8.85;9.15;8.74;9.05;5215635;191182768.00
2015/01/08;9.03;9.14;8.81;8.99;3471415;127884000.00
2015/01/09;8.95;9.17;8.90;8.97;3421511;127218040.00
2015/01/12;8.97;9.02;8.57;8.62;3536995;126916616.00
2015/01/13;8.61;8.91;8.59;8.88;3375829;121255128.00
2015/01/14;8.86;9.14;8.70;9.06;4412918;162660080.00
2015/01/15;9.02;9.38;8.98;9.07;4849627;182789072.00
2015/01/16;9.07;9.19;8.90;9.15;2760988;102813584.00
2015/01/19;8.97;9.48;8.78;9.03;5365348;202090304.00
2015/01/20;9.05;9.60;9.05;9.59;5992646;228473376.00
2015/01/21;9.61;9.77;9.48;9.65;6132737;240824336.00
2015/01/22;9.64;9.75;9.48;9.70;4451783;174946016.00
2015/01/23;9.70;9.85;9.53;9.57;4007480;158983456.00
2015/01/26;9.56;9.64;9.40;9.60;2941513;114899200.00
2015/01/27;9.60;9.84;9.53;9.84;6238190;248049600.00
2015/01/28;9.78;9.78;9.48;9.50;4665212;183494560.00
2015/01/29;9.28;9.40;8.99;9.01;5434963;203186240.00
2015/01/30;9.01;9.11;8.86;8.89;3535495;130406272.00
2015/02/02;9.02;9.02;8.59;8.71;6217861;223346368.00
2015/02/03;9.08;9.60;9.08;9.37;8516119;324810880.00
2015/02/04;9.28;9.67;9.27;9.58;6294456;246618064.00
2015/02/05;9.58;9.71;9.45;9.45;4024090;158213536.00
2015/02/06;9.43;9.60;9.03;9.07;3756301;143903744.00
2015/02/09;9.03;9.25;8.98;9.21;1798079;67617336.00
2015/02/10;9.04;9.35;9.04;9.33;1242955;46989660.00
2015/02/11;9.36;9.61;9.36;9.58;2656646;103491984.00
2015/02/12;9.56;9.59;9.40;9.59;2121415;82733256.00
2015/02/13;9.59;9.83;9.59;9.75;3761899;150061152.00
2015/02/16;9.75;9.81;9.65;9.75;1899613;75587168.00
2015/02/17;9.78;9.92;9.78;9.78;2476746;99733952.00
2015/02/25;9.77;9.78;9.55;9.55;1528259;60315004.00
2015/02/26;9.55;9.68;9.53;9.65;1478307;58190128.00
2015/02/27;9.63;9.76;9.55;9.76;2056017;81103040.00
2015/03/02;9.78;9.83;9.70;9.80;2752025;109757672.00
2015/03/03;9.78;10.36;9.70;10.14;4583353;188075056.00
2015/03/04;10.03;11.02;10.03;10.82;6992754;303120896.00
2015/03/05;11.28;11.32;10.53;10.75;4170793;183940016.00
2015/03/06;10.78;10.82;10.26;10.55;4323568;185855088.00
2015/03/09;10.40;10.99;10.20;10.88;2696042;117397800.00
2015/03/10;10.88;10.94;10.65;10.89;2122292;93970600.00
2015/03/11;10.89;10.89;10.47;10.55;1996561;86730376.00
2015/03/12;10.55;10.74;10.30;10.45;1728897;73945384.00
2015/03/13;10.44;10.68;10.36;10.63;1362604;58500032.00
2015/03/16;10.68;11.07;10.65;10.96;2847413;126416896.00
2015/03/17;10.90;11.29;10.88;11.00;2806497;126856640.00
2015/03/18;11.03;12.12;11.00;12.08;5522482;262999600.00
2015/03/19;12.08;12.53;11.83;11.98;3227431;159083024.00
2015/03/20;11.98;12.34;11.83;12.20;3186361;157198016.00
2015/03/23;12.20;12.74;12.15;12.63;3226166;163301696.00
2015/03/24;12.65;12.65;11.88;12.35;4054359;202448544.00
2015/03/25;12.28;12.73;11.95;12.62;3161599;160410736.00
2015/03/26;12.38;12.43;11.90;12.17;2468205;122768224.00
2015/03/27;12.16;12.65;12.00;12.52;2583078;129760144.00
2015/03/30;12.60;13.18;12.34;12.65;3562567;184420864.00
2015/03/31;12.67;12.69;12.15;12.28;3772776;189401616.00
2015/04/01;12.32;12.53;12.03;12.33;4909601;244495024.00
2015/04/02;12.43;13.10;12.26;13.01;7158586;369547680.00
2015/04/03;12.97;13.53;12.83;13.47;5523449;300150592.00
2015/04/07;13.59;14.28;13.28;14.25;5160887;290344576.00
2015/04/08;14.25;15.50;13.67;15.28;7298031;440639616.00
2015/04/09;15.36;15.36;13.78;14.83;4912831;293226688.00
2015/04/10;14.65;15.85;14.51;15.56;5063131;313024032.00
2015/04/13;15.51;16.32;15.16;15.79;3927075;251007696.00
2015/04/14;15.78;15.78;14.77;14.79;5630338;344464448.00
2015/04/15;14.65;14.65;13.30;13.50;3895051;223710160.00
2015/04/16;13.39;14.03;12.89;13.60;4657726;257822656.00
2015/04/17;13.78;14.02;13.20;13.49;4305790;236133760.00
2015/04/20;13.50;13.50;12.86;12.87;4277246;229421568.00
2015/04/21;12.88;14.04;12.88;13.99;4614951;253283456.00
2015/04/22;14.20;14.98;13.78;14.72;5803264;335676160.00
2015/04/23;14.80;15.03;14.41;14.46;3648694;216793744.00
2015/04/24;14.46;15.02;14.22;14.80;4993681;298048704.00
2015/04/27;14.90;16.07;14.90;15.34;5384965;337921920.00
2015/04/28;15.35;15.47;13.78;14.10;6945523;404326784.00
2015/04/29;13.93;14.37;13.79;14.20;2803772;161681488.00
2015/04/30;14.23;14.37;13.90;13.96;3729655;212715680.00
2015/05/04;13.97;14.09;13.15;13.18;8245590;221873264.00
2015/05/05;13.19;13.65;13.19;13.22;7360084;198479792.00
2015/05/06;13.44;13.53;12.80;12.98;5347047;143705936.00
2015/05/07;12.98;12.99;12.40;12.68;6585744;168597600.00
2015/05/08;12.71;13.68;12.71;13.58;7714461;206483168.00
2015/05/11;13.65;14.40;13.64;14.34;10637166;301431136.00
2015/05/12;14.40;14.51;13.92;14.47;8886525;254962384.00
2015/05/13;14.60;15.31;14.60;14.93;13453561;406969344.00
2015/05/14;15.00;15.48;14.51;15.12;10690179;322320288.00
2015/05/15;15.05;15.05;14.51;14.64;8979611;264851728.00
2015/05/18;14.40;15.05;14.14;15.04;10256669;303296736.00
2015/05/19;15.14;15.43;14.78;15.13;13724491;413706144.00
2015/05/20;15.08;16.15;14.90;15.83;17106462;539344704.00
2015/05/21;16.25;17.42;16.25;17.42;19706822;680176704.00
2015/05/22;18.45;18.61;16.90;17.39;23983097;859144704.00
2015/05/25;17.10;17.90;16.53;17.40;16815901;577155648.00
2015/05/26;17.40;17.90;17.18;17.73;15156494;538821440.00
2015/05/27;17.73;18.39;17.63;18.07;17224590;621346176.00
2015/05/28;18.08;18.08;16.25;16.25;16963022;587008128.00
2015/05/29;16.14;16.55;14.62;15.90;12920675;410632224.00
2015/06/01;15.85;16.60;15.85;16.57;10112821;330567520.00
2015/06/02;16.90;17.38;16.60;17.34;11758541;401389280.00
2015/06/03;17.34;17.36;16.40;16.78;10623746;359449888.00
2015/06/04;16.64;16.64;15.25;16.00;11133564;355846144.00
2015/06/05;16.20;16.56;16.01;16.31;9099907;298851040.00
2015/06/08;16.34;16.40;15.70;16.20;8045125;258397344.00
2015/06/09;16.11;16.70;15.76;16.57;9287508;306734240.00
2015/06/10;16.54;18.05;16.25;17.63;17914435;627121664.00
2015/06/11;17.63;19.40;17.58;19.08;20282589;745030528.00
2015/06/12;19.08;19.43;18.50;19.03;16814441;641620480.00
2015/06/15;19.02;19.02;17.45;17.52;16242856;591997376.00
2015/06/16;17.25;18.25;16.58;17.52;10121799;349954656.00
2015/06/17;17.40;17.89;16.83;17.68;7790950;272244192.00
2015/06/18;17.68;17.95;16.58;16.70;7445044;261029616.00
2015/06/26;15.02;15.02;15.02;15.02;1523000;46040288.00
2015/06/29;14.63;14.63;13.51;13.51;10884282;299950272.00
2015/06/30;12.40;14.48;12.15;14.28;11923336;317588064.00
2015/07/01;13.90;14.35;12.84;12.84;10009597;274938080.00
2015/07/02;12.98;12.98;11.55;11.55;7911453;189817808.00
2015/07/03;11.06;11.40;10.38;10.38;9861641;210822080.00
2015/07/06;11.43;11.43;9.51;10.75;12487304;263479104.00
2015/07/07;10.40;10.72;9.67;9.67;8685430;175751904.00
2015/07/08;8.69;9.84;8.69;9.57;29574725;541717056.00
2015/07/09;9.58;10.54;9.58;10.54;10631980;221214544.00
2015/07/10;11.49;11.60;11.10;11.60;4142194;96271968.00
2015/07/13;12.44;12.77;12.25;12.77;9288024;236694288.00
2015/07/14;13.15;13.89;12.84;12.92;13751833;368910112.00
2015/07/15;12.57;13.10;11.62;11.62;8944641;221284896.00
2015/07/16;11.62;12.65;10.85;12.19;9418246;227152912.00
2015/07/17;12.31;13.30;12.30;13.23;6796342;176450416.00
2015/07/20;13.30;14.03;13.16;13.65;9783362;269613184.00
2015/07/21;13.40;13.66;13.20;13.50;6320559;171343824.00
2015/07/22;13.51;13.74;12.85;13.33;8311704;222207600.00
2015/07/23;13.17;14.40;13.17;14.21;10744687;299128992.00
2015/07/24;14.20;14.59;13.71;13.80;9081809;260643520.00
2015/07/27;13.50;13.69;12.41;12.41;8817899;232236000.00
2015/07/28;12.10;13.03;11.16;12.57;12423334;302578816.00
2015/07/29;12.50;13.05;12.32;13.05;6036188;154044160.00
2015/07/30;13.21;13.50;12.54;12.59;6068425;160847856.00
2015/07/31;12.39;12.84;12.34;12.74;4484734;113705400.00
2015/08/03;12.43;12.88;11.77;12.35;4594014;114199688.00
2015/08/04;12.40;13.17;12.28;13.15;6463669;166753584.00
2015/08/05;13.18;13.29;12.86;12.94;5307896;139645056.00
2015/08/06;12.45;12.92;12.45;12.75;2673100;68610832.00
2015/08/07;12.78;13.11;12.78;13.08;3525146;92312216.00
2015/08/10;13.25;13.80;13.25;13.65;6387531;173904704.00
2015/08/11;13.70;13.79;13.14;13.42;6145174;166998928.00
2015/08/12;13.34;13.70;13.15;13.18;4323686;116926400.00
2015/08/13;13.15;13.39;12.80;13.37;4257243;112768664.00
2015/08/14;13.55;14.05;13.43;13.49;6046459;167508832.00
2015/08/17;13.44;13.74;13.05;13.59;5046486;134923200.00
2015/08/18;13.55;13.58;12.26;12.38;6157181;160562768.00
2015/08/19;12.30;12.74;11.89;12.64;4434272;110140760.00
2015/08/20;12.63;12.63;12.16;12.23;2868401;71690096.00
2015/08/21;12.02;12.08;11.09;11.16;5308888;123335536.00
2015/08/24;10.46;10.63;10.03;10.03;9835087;200657648.00
2015/08/25;9.40;10.42;9.21;9.35;6582886;129769832.00
2015/08/26;9.90;10.08;9.40;9.65;5711043;112642112.00
2015/08/27;10.00;10.40;9.69;10.39;3795241;76772592.00
2015/08/28;10.50;11.44;10.50;11.44;5705102;127606688.00
2015/08/31;11.40;11.40;10.90;10.95;3722478;83526096.00
2015/09/01;10.91;10.95;9.90;10.40;4285459;90004184.00
2015/09/02;9.90;11.11;9.80;11.11;6619091;143417440.00
2015/09/07;11.24;11.63;9.99;10.23;15528721;331248448.00
2015/09/08;10.15;10.68;9.81;10.65;4360560;90971904.00
2015/09/09;10.67;11.20;10.51;10.59;15382576;332994208.00
2015/09/10;10.55;10.76;10.40;10.52;5356155;114939824.00
2015/09/11;10.43;10.59;10.23;10.47;5418163;113800920.00
2015/09/14;10.49;10.61;9.60;10.05;5934440;121574904.00
2015/09/15;9.75;10.00;9.33;9.40;5042449;98076680.00
2015/09/16;9.58;10.35;9.35;10.11;4940871;97705360.00
2015/09/17;10.10;10.28;9.95;9.95;4066298;83195712.00
2015/09/18;9.98;10.10;9.86;9.96;2422044;48769828.00
2015/09/21;9.90;10.55;9.85;10.40;4357605;90251464.00
2015/09/22;10.53;10.74;10.42;10.49;4032476;86074472.00
2015/09/23;10.35;10.73;10.21;10.66;4369336;93345120.00
2015/09/24;10.66;10.80;10.55;10.65;3348142;72100984.00
2015/09/25;10.68;10.81;10.38;10.48;4080541;87819832.00
2015/09/28;10.50;10.73;10.40;10.73;2454280;52574408.00
2015/09/29;10.63;10.86;10.48;10.65;2669050;57510584.00
2015/09/30;10.67;10.87;10.65;10.80;2257256;49071008.00
2015/10/08;11.20;11.75;11.20;11.29;5376365;124181416.00
2015/10/09;11.29;11.65;11.15;11.57;3345782;77394888.00
2015/10/12;11.68;12.64;11.66;12.39;6805354;167401008.00
2015/10/13;12.44;12.85;12.20;12.53;5170815;130918136.00
2015/10/14;12.57;12.86;12.36;12.41;4573545;116366624.00
2015/10/15;12.44;12.70;12.04;12.67;6357488;158807232.00
2015/10/16;12.73;12.74;12.20;12.58;6194678;155568736.00
2015/10/19;12.50;12.55;12.15;12.28;3378053;83903264.00
2015/10/20;12.39;12.65;12.28;12.63;4260105;107517512.00
2015/10/21;12.63;12.65;11.40;11.61;4783105;116309824.00
2015/10/22;11.60;12.04;11.60;11.98;3020079;72288616.00
2015/10/23;11.98;12.12;11.78;12.06;5193483;125489824.00
2015/10/26;12.27;13.28;12.16;13.07;15552653;402141248.00
2015/10/27;12.80;13.18;12.34;13.14;8637295;222567856.00
2015/10/28;12.90;13.38;12.63;12.73;4858659;127579232.00
2015/10/29;12.78;13.15;12.63;12.88;4895403;127280144.00
2015/10/30;12.88;13.14;12.55;12.85;5327071;138410736.00
2015/11/02;12.65;13.70;12.46;13.32;8921949;238360832.00
2015/11/03;13.41;13.90;13.41;13.88;9901005;273839136.00
2015/11/04;13.88;14.25;13.50;14.19;8255305;231509056.00
2015/11/05;14.03;14.30;13.72;13.88;6384443;179322432.00
2015/11/06;13.82;14.14;13.74;14.03;5750180;161739808.00
2015/11/09;13.90;13.99;13.59;13.89;5334583;148129408.00
2015/11/10;14.00;14.44;13.80;14.07;8274410;234913888.00
2015/11/11;14.29;14.29;13.84;14.09;4491315;126909936.00
2015/11/12;14.09;14.13;13.87;13.93;7606714;213570272.00
2015/11/13;13.90;13.90;13.23;13.57;5276925;144352944.00
2015/11/16;13.40;13.69;13.29;13.69;3946674;107510368.00
2015/11/17;13.83;14.75;13.80;14.45;9735599;282106208.00
2015/11/18;14.45;15.18;14.21;14.93;10473238;310601728.00
2015/11/19;14.95;15.68;14.77;15.00;6973027;212052000.00
2015/11/20;14.79;15.00;14.56;14.83;5368165;159606256.00
2015/11/23;14.74;16.10;14.61;15.71;7145309;222348672.00
2015/11/24;15.42;16.38;15.40;16.08;6921132;222924608.00
2015/11/25;16.23;16.33;15.70;16.10;4861886;157308528.00
2015/11/26;15.91;16.03;15.36;15.60;5073790;160929568.00
2015/11/27;15.44;15.59;14.55;14.65;5235681;160183456.00
2015/11/30;14.80;15.84;14.50;15.48;6980931;213827808.00
2015/12/01;15.48;16.24;15.26;16.15;8790697;281877920.00
2015/12/02;16.16;16.35;14.80;16.09;5591958;176472128.00
2015/12/03;15.79;16.29;15.75;16.13;3891041;126246032.00
2015/12/04;16.13;17.08;15.93;16.88;8381549;281777888.00
2015/12/07;16.80;17.33;16.51;16.73;6130448;208356352.00
2015/12/08;16.45;16.73;15.80;16.05;4920304;161036256.00
2015/12/09;16.05;17.15;15.95;17.15;7142614;241004656.00
2015/12/10;17.18;17.50;16.70;16.97;4354088;149604496.00
2015/12/11;16.90;17.46;16.70;17.24;4529813;156656080.00
2015/12/14;16.99;17.58;16.86;17.19;3850650;133537984.00
2015/12/15;17.10;17.46;17.00;17.24;3179504;110031144.00
2015/12/16;17.13;17.37;16.74;16.78;3881181;132452696.00
2015/12/17;16.85;17.23;16.85;17.10;4471970;152909760.00
2015/12/18;17.09;18.65;16.68;17.68;8257311;291610368.00
2015/12/21;17.55;18.15;17.31;17.54;5355905;189788112.00
2015/12/22;17.64;17.87;17.45;17.55;3997389;141611392.00
2015/12/23;17.55;17.55;17.10;17.22;3675589;127952160.00
2015/12/24;17.05;17.35;16.99;17.30;2438994;84343840.00
2015/12/25;17.40;17.69;17.03;17.14;4036547;140805296.00
2015/12/28;17.12;17.23;15.90;16.03;9652062;320862560.00
2015/12/29;16.04;16.39;15.41;16.38;4948586;157987280.00
2015/12/30;16.57;16.57;16.04;16.23;2717965;88734072.00
2015/12/31;16.20;16.44;15.70;16.17;4528398;146108944.00
2016/01/04;16.16;16.17;14.59;14.64;2866619;90499376.00
2016/01/05;14.20;15.42;13.64;15.33;5508056;166058016.00
2016/01/06;15.26;15.49;14.91;15.48;3344768;103106856.00
2016/01/07;15.16;15.20;13.92;13.97;807341;23579490.00
2016/01/08;14.50;14.87;13.44;14.65;5200859;150752256.00
2016/01/11;14.40;15.00;14.30;14.36;4265266;125597840.00
2016/01/12;14.45;14.68;14.21;14.35;3996107;115804520.00
2016/01/13;14.34;14.49;13.52;13.78;4329298;122054480.00
2016/01/14;12.91;14.09;12.91;13.80;3830045;105272800.00
2016/01/15;13.65;13.75;13.10;13.17;3373182;90971000.00
2016/01/18;12.87;13.48;12.81;13.16;3028152;80344104.00
2016/01/19;13.14;14.00;13.01;13.85;5463194;150245632.00
2016/01/20;13.75;14.60;13.67;14.00;5072729;145136864.00
2016/01/21;13.54;14.27;13.54;13.99;3885052;109174488.00
2016/01/22;14.01;14.25;13.66;14.03;2726767;76510544.00
2016/01/25;14.36;14.44;13.89;13.99;2044884;58118656.00
2016/01/26;13.82;13.98;12.99;13.21;3028394;82127728.00
2016/01/27;13.52;13.52;12.20;12.97;3437033;88572968.00
2016/01/28;13.05;13.45;12.71;12.81;3539417;93368720.00
2016/01/29;12.80;13.42;12.71;13.16;2804105;74009488.00
2016/02/01;13.15;13.23;12.65;12.90;2871116;75063112.00
2016/02/02;12.90;13.47;12.85;13.33;3071015;82276952.00
2016/02/03;13.10;13.65;13.08;13.59;2160081;58277888.00
2016/02/04;13.65;13.99;13.50;13.89;2079525;58103912.00
2016/02/05;13.90;14.03;13.80;14.01;1945846;54681888.00
2016/02/15;13.41;14.07;13.41;13.96;1428576;39617640.00
2016/02/16;14.04;14.43;13.91;14.36;2975044;85345736.00
2016/02/17;14.39;14.39;14.03;14.29;2408881;68919952.00
2016/02/18;14.28;14.37;14.10;14.13;1915428;54910172.00
2016/02/19;14.00;14.22;13.95;14.18;1908353;54167520.00
2016/02/22;14.35;14.38;14.15;14.33;2303704;66180512.00
2016/02/23;14.55;14.55;14.08;14.29;1930962;55644228.00
2016/02/24;14.24;14.29;13.84;14.08;1826844;51697448.00
2016/02/25;14.02;14.02;12.66;12.69;3821681;102021520.00
2016/02/26;12.89;13.05;12.62;12.73;1982821;51152784.00
2016/02/29;12.79;12.79;11.70;11.86;2266585;55073744.00
2016/03/01;11.90;12.54;11.70;12.53;2917073;71027152.00
2016/03/02;12.52;13.03;12.37;12.93;2989711;76847784.00
2016/03/03;13.07;13.07;12.80;12.87;2180978;56858500.00
2016/03/04;12.81;12.90;12.19;12.38;2247754;56651220.00
2016/03/07;12.40;12.70;12.34;12.45;1618957;40897096.00
2016/03/08;12.45;12.59;11.99;12.49;1963887;48577576.00
2016/03/09;12.36;12.46;12.06;12.17;2007644;49356708.00
2016/03/10;12.15;12.29;11.91;11.96;1189629;29026164.00
2016/03/11;11.96;12.01;11.70;11.84;2110817;50417756.00
2016/03/14;12.02;12.50;12.00;12.24;3224005;79992128.00
2016/03/15;12.18;12.33;12.09;12.12;1426518;35043720.00
2016/03/16;12.20;12.32;11.93;11.99;1776213;43280988.00
2016/03/17;11.99;12.41;11.99;12.38;2621905;64986584.00
2016/03/18;12.39;12.98;12.39;12.80;3264987;83731912.00
2016/03/21;13.07;13.12;12.83;13.03;2938250;76725584.00
2016/03/22;12.86;13.09;12.80;13.03;3139097;81670864.00
2016/03/23;12.91;13.88;12.75;13.88;4829603;128436208.00
2016/03/24;13.85;14.10;13.44;13.60;7822127;218377776.00
2016/03/25;13.47;13.53;12.85;13.13;5021572;133746336.00
2016/03/28;13.15;13.57;13.10;13.18;3315352;88976384.00
2016/03/29;13.18;13.18;12.75;12.83;2424583;63022044.00
2016/03/30;12.95;13.40;12.93;13.31;2835837;74942904.00
2016/03/31;13.30;13.45;13.16;13.45;3395537;91228064.00
2016/04/01;13.35;13.41;13.10;13.41;3325742;88956288.00
2016/04/05;13.54;13.71;13.28;13.63;4089252;111891136.00
2016/04/06;13.59;13.75;13.31;13.45;3861434;105178248.00
2016/04/07;13.47;13.58;13.10;13.11;3744649;99971504.00
2016/04/08;13.11;13.27;12.90;13.18;3415034;90274160.00
2016/04/11;13.29;13.49;13.26;13.35;3023352;81510344.00
2016/04/12;14.29;14.29;13.53;13.73;18479603;514529088.00
2016/04/13;13.80;14.09;13.62;13.83;12611453;351871808.00
2016/04/14;13.89;13.92;13.66;13.81;6584168;182388384.00
2016/04/15;13.84;13.84;13.69;13.78;3969195;109916056.00
2016/04/18;13.73;13.73;13.30;13.34;6392649;172338736.00
2016/04/19;13.40;13.58;13.18;13.33;4600333;123518192.00
2016/04/20;13.30;13.41;12.33;12.52;6643839;171878528.00
2016/04/21;12.55;12.64;12.40;12.41;3353436;84567464.00
2016/04/22;12.40;12.53;12.26;12.50;2407440;60165100.00
2016/04/25;12.49;12.49;12.19;12.37;3146169;78079336.00
2016/04/26;12.37;12.55;12.34;12.55;2247173;56269656.00
2016/04/27;12.57;12.68;12.38;12.42;3135807;79174960.00
2016/04/28;12.42;12.55;12.31;12.53;2120813;53163088.00
2016/04/29;12.48;12.53;12.34;12.36;3381410;84608896.00
2016/05/03;12.24;12.65;12.24;12.63;4682704;117983544.00
2016/05/04;12.60;12.92;12.55;12.82;5109607;130957840.00
2016/05/05;12.67;12.90;12.65;12.86;3772678;96976928.00
2016/05/06;12.81;12.95;12.45;12.50;4190545;107302648.00
2016/05/09;12.48;12.48;12.02;12.10;2882908;70994032.00
2016/05/10;12.10;12.23;12.07;12.10;1624100;39692528.00
2016/05/11;12.22;12.35;12.10;12.27;2268104;55942124.00
2016/05/12;12.10;12.29;11.90;12.22;2487140;60855656.00
2016/05/13;12.19;12.35;12.12;12.23;2488903;61387192.00
2016/05/16;12.20;12.63;12.15;12.60;3890497;97888592.00
2016/05/17;12.53;12.65;12.46;12.55;2366067;59844360.00
2016/05/18;12.49;12.49;12.05;12.19;2663844;65554164.00
2016/05/19;12.19;12.34;12.08;12.13;1974380;48639364.00
2016/05/20;12.09;12.20;11.99;12.19;1503431;36683020.00
2016/05/23;12.20;12.38;12.14;12.25;2304401;56999228.00
2016/05/24;12.38;12.45;12.21;12.37;3220911;79985120.00
2016/05/25;12.37;12.50;12.31;12.37;2856806;71498936.00
2016/05/26;12.33;12.38;12.00;12.21;2904008;70946336.00
2016/05/27;12.20;12.20;12.05;12.09;2499594;60998456.00
2016/05/30;12.09;12.09;11.93;11.95;2491572;60263840.00
2016/05/31;12.00;12.32;11.95;12.31;9437984;115144344.00
2016/06/01;12.33;12.38;12.19;12.23;7368897;90296232.00
2016/06/02;12.23;12.26;11.97;12.12;10098238;121969984.00
2016/06/03;12.13;12.32;12.06;12.31;11601662;141573232.00
2016/06/06;12.35;12.57;12.28;12.48;11615818;144181744.00
2016/06/07;12.45;12.45;12.28;12.32;6149337;75860704.00
2016/06/08;12.30;12.30;12.08;12.15;7277133;88472272.00
2016/06/13;12.00;12.00;11.62;11.66;7781009;91808552.00
2016/06/14;11.58;11.73;11.49;11.63;4273678;49652016.00
2016/06/15;11.51;11.85;11.46;11.76;8274205;97113224.00
2016/06/16;11.73;11.79;11.50;11.54;6717571;78081416.00
2016/06/17;11.58;11.80;11.57;11.75;6667764;78068832.00
2016/06/20;11.75;12.86;11.66;12.64;22929086;285262528.00
2016/06/21;12.69;13.14;12.55;12.67;19177841;247427520.00
2016/06/22;12.70;12.91;12.57;12.78;11832178;151241824.00
2016/06/23;12.73;13.05;12.50;12.82;11024087;141647008.00
2016/06/24;12.80;12.98;12.00;12.37;11793370;147987952.00
2016/06/27;12.23;12.52;11.98;12.44;12218381;150147744.00
2016/06/28;12.40;12.64;12.28;12.54;7353050;91928736.00
2016/06/29;12.56;12.68;12.35;12.41;7470455;93019544.00
2016/06/30;12.41;12.47;12.21;12.35;6890815;84926248.00
2016/07/01;12.39;12.46;12.32;12.40;5488416;68080424.00
2016/07/04;12.41;12.69;12.35;12.58;10843346;136497408.00
2016/07/05;12.59;13.04;12.50;12.98;17527729;225326000.00
2016/07/06;12.90;12.92;12.70;12.86;8167447;104456936.00
2016/07/07;12.88;12.88;12.70;12.79;7504411;95950344.00
2016/07/08;12.80;12.94;12.74;12.85;4884285;62633196.00
2016/07/11;12.80;12.94;12.50;12.71;7959098;102277976.00
2016/07/12;12.71;12.84;12.55;12.82;8401895;106536064.00
2016/07/13;12.92;14.10;12.88;14.10;41637094;576945408.00
2016/07/14;14.13;14.13;13.56;13.60;29601647;407357536.00
2016/07/15;13.70;14.09;13.41;13.82;25919545;356314080.00
2016/07/18;13.68;13.95;13.60;13.81;13592880;187167056.00
2016/07/19;13.71;13.78;13.48;13.53;14050096;190912128.00
2016/07/20;13.55;13.68;13.47;13.55;6512459;88287040.00
2016/07/21;13.60;14.08;13.59;13.74;15887524;220007952.00
2016/07/22;13.75;13.78;13.54;13.55;6616946;89907104.00
2016/07/25;13.55;13.56;13.31;13.46;6765202;90842392.00
2016/07/26;13.43;13.80;13.36;13.77;7714751;105205520.00
2016/07/27;13.73;13.77;12.88;13.23;11148678;148753968.00
2016/07/28;13.23;13.49;13.21;13.38;7633817;101867696.00
2016/07/29;13.38;13.38;13.05;13.06;7466156;98384984.00
2016/08/01;13.06;13.15;12.79;12.86;5234018;67697000.00
2016/08/02;12.95;13.12;12.86;13.00;6167075;80015048.00
2016/08/03;12.93;13.09;12.91;13.02;3872288;50372448.00
2016/08/04;13.03;13.12;12.72;12.92;8658689;111340312.00
2016/08/05;12.86;12.92;12.78;12.85;5012014;64383844.00
2016/08/08;12.75;12.90;12.69;12.86;7772912;99396704.00
2016/08/09;12.84;13.05;12.78;13.04;8723420;113005352.00
2016/08/10;13.05;13.05;12.92;12.93;5382129;69762048.00
2016/08/11;12.91;12.91;12.70;12.77;5909096;75520352.00
2016/08/12;12.75;12.88;12.70;12.85;7412689;94562368.00
2016/08/15;12.86;13.19;12.82;13.18;10657184;139182304.00
2016/08/16;13.15;13.29;13.06;13.18;6421206;84597712.00
2016/08/17;13.23;13.39;13.12;13.25;5925789;78398264.00
2016/08/18;13.22;13.25;13.08;13.11;5593376;73489496.00
2016/08/19;13.07;13.14;13.06;13.12;3779161;49508128.00
2016/08/22;13.13;13.19;12.80;12.82;6188149;80140976.00
2016/08/23;12.82;12.95;12.75;12.87;4330964;55692864.00
2016/08/24;12.88;13.04;12.84;12.92;3635272;47095384.00
2016/08/25;12.88;12.88;12.58;12.70;9556473;121197264.00
2016/08/26;12.72;12.85;12.69;12.79;5471093;69806776.00
2016/08/29;12.72;12.84;12.71;12.79;2702854;34575300.00
2016/08/30;12.78;12.87;12.70;12.70;6022824;77031048.00
2016/08/31;12.75;12.77;12.60;12.75;6291945;79673352.00
2016/09/01;12.73;12.98;12.66;12.94;8281888;106379200.00
2016/09/02;12.96;13.14;12.82;12.95;8218911;106890152.00
2016/09/05;12.95;13.00;12.84;12.87;4619112;59727408.00
2016/09/06;12.87;13.07;12.65;13.00;6999381;90090344.00
2016/09/07;12.97;13.05;12.86;12.87;5154422;66756432.00
2016/09/08;12.81;12.98;12.81;12.95;3225952;41588384.00
2016/09/09;12.97;13.10;12.82;12.82;3593083;46390984.00
2016/09/12;12.61;12.72;12.48;12.56;6033902;75823144.00
2016/09/13;12.60;12.65;12.42;12.51;3889283;48688976.00
2016/09/14;12.42;12.54;12.39;12.41;2851156;35476760.00
2016/09/19;12.44;12.56;12.44;12.55;2663853;33350188.00
2016/09/20;12.58;12.59;12.38;12.49;3392910;42300668.00
2016/09/21;12.53;12.53;12.40;12.46;2385839;29723824.00
2016/09/22;12.51;12.54;12.46;12.51;2998668;37496648.00
2016/09/23;12.50;12.54;12.38;12.39;3212357;39900884.00
2016/09/26;12.41;12.41;11.97;12.02;9772175;118337064.00
2016/09/27;12.02;12.09;11.93;12.08;2779643;33359410.00
2016/09/28;12.08;12.22;12.07;12.10;3462573;42041196.00
2016/09/29;12.17;12.17;12.06;12.11;2807984;34009668.00
2016/09/30;12.13;12.23;12.00;12.20;3257803;39418592.00
2016/10/10;12.23;12.49;12.22;12.47;3968903;49238748.00
2016/10/11;12.41;12.49;12.40;12.47;3510978;43698476.00
2016/10/12;12.32;12.40;11.98;12.15;26293128;317292064.00
2016/10/13;11.94;11.94;11.70;11.79;27291402;321375072.00
2016/10/14;11.77;11.83;11.68;11.74;13981411;164309648.00
2016/10/17;11.77;11.80;11.65;11.70;12443158;145773680.00
2016/10/18;11.70;11.78;11.62;11.77;16721283;195513216.00
2016/10/19;11.78;11.80;11.69;11.71;11755982;137766528.00
2016/10/20;11.71;11.76;11.63;11.74;11615033;135680160.00
2016/10/21;11.72;11.79;11.66;11.71;10196107;119578784.00
2016/10/24;11.71;11.75;11.65;11.71;10570209;123697224.00
2016/10/25;11.72;11.83;11.70;11.82;13604596;160315600.00
2016/10/26;11.82;11.82;11.69;11.75;10278136;120543888.00
2016/10/27;11.75;11.75;11.67;11.73;8271798;96693016.00
2016/10/28;11.70;11.75;11.67;11.67;6494103;75969040.00
2016/10/31;11.67;11.69;11.49;11.53;10567124;121898704.00
2016/11/01;11.51;11.59;11.51;11.59;6063321;70022704.00
2016/11/02;11.55;11.57;11.49;11.51;7248427;83497144.00
2016/11/03;11.47;11.59;11.46;11.54;7277535;83947704.00
2016/11/04;11.52;11.59;11.49;11.53;6064560;70000520.00
2016/11/07;11.55;11.55;11.42;11.44;7603763;87137584.00
2016/11/08;11.48;11.51;11.42;11.47;8889623;101795168.00
2016/11/09;11.47;11.48;11.19;11.30;9847305;111761440.00
2016/11/10;11.34;11.48;11.32;11.45;13592110;154614688.00
2016/11/11;11.45;11.78;11.42;11.72;27972540;326779008.00
2016/11/14;11.69;11.80;11.62;11.72;15985178;187167264.00
2016/11/15;11.70;11.85;11.62;11.80;16110417;189808544.00
2016/11/16;11.78;12.17;11.77;11.95;24092529;288751872.00
2016/11/17;11.90;11.90;11.76;11.80;5081500;60023180.00
数据来源:通达信
