002560 通达股份 日线 前复权
      日期	    开盘	    最高	    最低	    收盘	    成交量	    成交额
2011/03/03;7.45;8.19;7.43;8.02;12787631;408777632.00
2011/03/04;7.62;7.89;7.60;7.70;5505854;171580368.00
2011/03/07;7.70;7.70;7.48;7.58;3552046;108606688.00
2011/03/08;7.53;7.63;7.49;7.59;1979254;60448096.00
2011/03/09;7.57;7.71;7.51;7.70;2566386;79024112.00
2011/03/10;7.65;7.66;7.53;7.53;1730780;53210096.00
2011/03/11;7.51;7.57;7.46;7.51;1472309;44904320.00
2011/03/14;7.53;7.66;7.50;7.63;1435455;44127944.00
2011/03/15;7.62;7.71;7.48;7.57;1445043;44281100.00
2011/03/16;7.55;7.65;7.49;7.63;1646009;50560324.00
2011/03/17;7.55;7.88;7.53;7.68;2504749;78193256.00
2011/03/18;7.72;7.77;7.60;7.66;1345418;41797380.00
2011/03/21;7.68;7.73;7.56;7.69;1310520;40521744.00
2011/03/22;7.81;8.49;7.78;8.49;4402792;145506992.00
2011/03/23;8.67;8.75;8.28;8.54;4881892;167118880.00
2011/03/24;8.41;8.52;8.28;8.30;3389547;114663792.00
2011/03/25;8.28;8.39;8.21;8.31;2228861;74686784.00
2011/03/28;8.33;8.38;7.99;8.03;2427458;79771456.00
2011/03/29;7.98;7.99;7.63;7.70;2282894;71854136.00
2011/03/30;7.68;7.78;7.57;7.69;1294117;40134132.00
2011/03/31;7.66;7.76;7.58;7.59;940206;29198946.00
2011/04/01;7.63;7.72;7.55;7.69;998352;30866952.00
2011/04/06;7.60;7.68;7.35;7.38;1526605;46085980.00
2011/04/07;7.37;7.49;7.37;7.49;1033487;31159090.00
2011/04/08;7.48;7.55;7.43;7.52;802443;24378714.00
2011/04/11;7.54;7.68;7.41;7.52;1043651;31728416.00
2011/04/12;7.51;7.55;7.43;7.45;762824;23126352.00
2011/04/13;7.45;7.56;7.43;7.55;645947;19660128.00
2011/04/14;7.55;7.55;7.40;7.42;821540;24835714.00
2011/04/15;7.39;7.41;7.15;7.24;1199671;35364228.00
2011/04/18;7.25;7.29;7.20;7.27;483922;14223850.00
2011/04/19;7.27;7.27;7.06;7.11;732562;21154400.00
2011/04/20;7.09;7.18;7.07;7.18;445524;12870174.00
2011/04/21;7.20;7.20;7.15;7.18;503306;14647481.00
2011/04/22;7.20;7.22;7.07;7.08;666971;19305338.00
2011/04/25;7.08;7.08;6.87;6.88;633270;17883282.00
2011/04/26;6.88;7.02;6.85;6.98;467339;13141082.00
2011/04/28;6.94;6.94;6.54;6.55;622926;16990420.00
2011/04/29;6.56;6.72;6.54;6.71;303629;8226824.00
2011/05/03;6.64;6.78;6.64;6.74;243068;6652863.00
2011/05/04;6.76;6.89;6.66;6.75;342857;9454017.00
2011/05/05;6.75;6.80;6.64;6.72;167841;4593127.00
2011/05/06;6.66;6.73;6.60;6.70;252450;6850288.00
2011/05/09;6.70;6.72;6.63;6.65;276834;5735027.50
2011/05/10;6.71;6.71;6.61;6.64;197845;4075187.75
2011/05/11;6.69;6.71;6.60;6.70;287808;5959845.00
2011/05/12;6.70;6.71;6.53;6.54;329871;6771726.00
2011/05/13;6.54;6.57;6.37;6.45;464034;9276427.00
2011/05/16;6.45;6.70;6.44;6.64;501698;10299946.00
2011/05/17;6.60;6.65;6.49;6.60;260121;5322622.50
2011/05/18;6.53;6.63;6.51;6.54;169321;3449740.00
2011/05/19;6.57;6.57;6.40;6.40;253385;5105828.00
2011/05/20;6.40;6.53;6.29;6.33;305305;6045351.00
2011/05/23;6.29;6.37;5.88;5.88;498626;9402910.00
2011/05/24;5.87;5.93;5.65;5.87;409364;7382421.00
2011/05/25;5.87;5.96;5.65;5.69;282853;5098236.50
2011/05/26;5.74;5.83;5.66;5.66;221635;3957858.75
2011/05/27;5.66;5.70;5.49;5.50;268748;4657687.00
2011/05/30;5.49;5.59;5.49;5.49;341344;5900665.50
2011/05/31;5.49;5.67;5.49;5.64;262451;4585749.50
2011/06/01;5.59;5.73;5.57;5.72;420057;7460776.50
2011/06/02;5.65;5.65;5.45;5.53;404024;6976899.50
2011/06/03;5.56;5.66;5.49;5.64;254859;4458264.50
2011/06/07;5.64;5.65;5.54;5.58;255675;4456617.00
2011/06/08;5.59;5.61;5.51;5.59;284732;4944979.50
2011/06/09;5.59;5.62;5.43;5.44;311695;5361408.00
2011/06/10;5.40;5.44;5.23;5.31;405010;6724695.50
2011/06/13;5.24;5.29;5.16;5.23;274404;4481340.50
2011/06/14;5.23;5.33;5.23;5.31;409377;6790618.50
2011/06/15;5.32;5.42;5.29;5.29;350309;5866269.50
2011/06/16;5.23;5.23;5.14;5.14;252538;4101082.25
2011/06/17;5.14;5.20;5.12;5.12;281228;4545483.50
2011/06/20;5.08;5.22;5.02;5.12;204514;3275170.25
2011/06/21;5.26;5.29;5.13;5.22;210879;3436689.50
2011/06/22;5.21;5.27;5.16;5.25;298016;4876406.00
2011/06/23;5.24;5.40;5.22;5.40;715578;11980244.00
2011/06/24;5.37;5.59;5.34;5.51;973428;16652287.00
2011/06/27;5.51;5.59;5.47;5.50;709444;12256628.00
2011/06/28;5.47;5.58;5.47;5.57;579839;10004772.00
2011/06/29;5.60;5.86;5.51;5.62;1160645;20612696.00
2011/06/30;5.58;5.70;5.58;5.61;685151;12054633.00
2011/07/01;5.62;5.67;5.59;5.60;468557;8234347.50
2011/07/04;5.59;5.95;5.59;5.80;935488;16821822.00
2011/07/05;5.83;5.83;5.74;5.80;646346;11644597.00
2011/07/06;5.80;6.40;5.77;6.40;4142546;79942992.00
2011/07/07;6.33;6.37;6.19;6.29;2985085;58263792.00
2011/07/08;6.17;6.30;6.13;6.17;1169153;22535662.00
2011/07/11;6.09;6.23;6.09;6.17;924007;17784546.00
2011/07/12;6.11;6.29;6.04;6.21;1310452;25300296.00
2011/07/13;6.21;6.29;6.05;6.28;1266944;24483028.00
2011/07/14;6.25;6.50;6.25;6.34;1380172;27337090.00
2011/07/15;6.37;6.43;6.30;6.37;1084240;21431236.00
2011/07/18;6.42;6.44;6.30;6.31;841937;16621595.00
2011/07/19;6.26;6.26;6.03;6.04;921001;17550754.00
2011/07/20;6.16;6.62;6.16;6.32;1884371;37362092.00
2011/07/22;6.17;6.30;6.10;6.13;770110;14830571.00
2011/07/25;6.10;6.13;5.64;5.72;848885;15600724.00
2011/07/26;5.71;5.76;5.67;5.74;380914;6796348.00
2011/07/27;5.74;5.87;5.64;5.83;482938;8705854.00
2011/07/28;5.77;5.83;5.69;5.82;412137;7404240.00
2011/07/29;5.82;5.89;5.72;5.76;339951;6117627.50
2011/08/01;5.79;5.79;5.59;5.78;356279;6375946.50
2011/08/02;5.74;5.79;5.61;5.78;409991;7309168.00
2011/08/03;5.73;5.97;5.67;5.97;988035;18102040.00
2011/08/04;5.97;6.04;5.88;6.00;742619;13812501.00
2011/08/05;5.66;5.80;5.62;5.70;668755;11961892.00
2011/08/08;5.60;5.68;5.13;5.23;906518;15334946.00
2011/08/09;5.16;5.25;4.85;5.17;633928;10066730.00
2011/08/10;5.28;5.35;5.23;5.30;593469;9843363.00
2011/08/11;5.11;5.55;5.11;5.53;718382;12200593.00
2011/08/12;5.57;5.65;5.48;5.58;562608;9801011.00
2011/08/15;5.55;5.69;5.55;5.66;674100;11878098.00
2011/08/16;5.66;5.72;5.57;5.57;429596;7531038.50
2011/08/17;5.54;5.60;5.48;5.56;344461;5967823.00
2011/08/18;5.56;5.57;5.45;5.45;379536;6538505.00
2011/08/19;5.43;5.44;5.31;5.36;385646;6470607.00
2011/08/23;5.43;5.63;5.43;5.55;887032;15416373.00
2011/08/24;6.07;6.13;6.07;6.13;1908673;36410364.00
2011/08/25;6.40;6.60;6.23;6.52;7433359;148072672.00
2011/08/26;6.33;6.46;6.28;6.37;3401214;67354992.00
2011/08/29;6.30;6.53;6.23;6.45;3172391;63159800.00
2011/08/30;6.46;7.03;6.46;6.68;5620544;118609104.00
2011/08/31;6.61;6.63;6.28;6.40;2914105;58164432.00
2011/09/01;6.48;6.58;6.22;6.43;2072968;41288176.00
2011/09/02;6.33;6.46;6.23;6.42;1516532;29885688.00
2011/09/05;6.33;6.40;5.97;6.02;1812940;34636460.00
2011/09/06;5.91;6.27;5.91;6.18;1886429;35961236.00
2011/09/07;6.12;6.49;6.12;6.46;3060092;60338808.00
2011/09/08;6.38;6.46;6.17;6.17;2207210;43353376.00
2011/09/09;6.18;6.43;6.06;6.43;2454134;48090576.00
2011/09/13;6.32;6.96;6.22;6.76;5728595;117973112.00
2011/09/14;6.73;6.73;6.51;6.67;3295541;67833984.00
2011/09/15;6.67;6.99;6.65;6.65;4211916;89361576.00
2011/09/16;6.65;6.74;6.44;6.44;2732095;55458128.00
2011/09/19;6.37;6.40;6.10;6.12;1862674;36087924.00
2011/09/20;6.10;6.30;6.04;6.21;1484800;28510984.00
2011/09/21;6.22;6.60;6.17;6.54;2334411;46279612.00
2011/09/22;6.48;6.63;6.21;6.26;2078480;41368128.00
2011/09/23;6.10;6.21;6.00;6.13;1152402;21828158.00
2011/09/26;6.07;6.17;5.75;5.80;1378276;25506728.00
2011/09/27;5.90;5.90;5.63;5.71;1014830;18159230.00
2011/09/28;5.76;5.83;5.63;5.75;655413;11686152.00
2011/09/29;5.70;5.84;5.59;5.61;865973;15490546.00
2011/09/30;5.61;5.70;5.15;5.30;1039234;17373194.00
2011/10/10;5.31;5.38;5.12;5.38;555119;9177130.00
2011/10/11;5.46;5.58;5.33;5.42;1024771;17618628.00
2011/10/12;5.34;5.65;5.28;5.64;884051;15348409.00
2011/10/13;5.64;5.82;5.60;5.70;693846;12353063.00
2011/10/14;5.70;5.74;5.47;5.62;678500;11850387.00
2011/10/17;5.73;5.83;5.54;5.81;1346185;23983118.00
2011/10/18;5.74;5.74;5.40;5.42;946526;16574050.00
2011/10/19;5.44;5.53;5.37;5.41;455940;7780535.50
2011/10/20;5.40;5.43;5.14;5.23;434955;7183849.00
2011/10/21;5.28;5.33;5.13;5.15;375375;6116138.00
2011/10/24;5.15;5.30;5.06;5.25;488404;7944244.50
2011/10/25;5.25;5.45;5.22;5.43;755447;12680849.00
2011/10/26;5.36;5.54;5.33;5.42;827509;14082916.00
2011/10/27;5.43;5.50;5.38;5.42;666894;11329798.00
2011/10/28;5.53;5.62;5.40;5.60;1090705;18759292.00
2011/10/31;5.61;5.61;5.51;5.56;691667;12011179.00
2011/11/01;5.52;5.60;5.45;5.56;828861;14306270.00
2011/11/02;5.44;5.73;5.41;5.67;1107900;19270266.00
2011/11/03;5.67;6.26;5.67;6.11;3913832;73481432.00
2011/11/04;6.26;6.44;6.04;6.08;3472026;67310616.00
2011/11/07;6.05;6.11;5.93;6.02;1026036;19229318.00
2011/11/08;6.02;6.25;6.01;6.05;1295821;24737404.00
2011/11/09;6.06;6.20;5.98;6.16;1044444;19771616.00
2011/11/10;6.03;6.14;5.94;6.03;949511;17878910.00
2011/11/11;6.02;6.09;5.90;5.92;836510;15579687.00
2011/11/14;5.95;6.53;5.95;6.37;3532929;69589856.00
2011/11/15;6.33;6.40;6.20;6.31;2128915;41665348.00
2011/11/16;6.31;6.31;5.97;5.98;1538528;29377906.00
2011/11/17;5.98;6.15;5.98;6.05;848931;16038467.00
2011/11/18;5.98;6.10;5.83;5.89;784248;14617220.00
2011/11/21;5.95;5.95;5.77;5.85;530449;9680858.00
2011/11/22;5.78;5.86;5.67;5.80;528244;9510825.00
2011/11/23;5.78;5.86;5.74;5.75;544158;9851168.00
2011/11/24;5.63;5.70;5.46;5.59;923743;16067242.00
2011/11/25;5.51;5.63;5.51;5.55;405554;7050208.50
2011/11/28;5.59;5.60;5.53;5.57;389981;6781972.50
2011/11/29;5.63;5.82;5.63;5.76;740951;13232408.00
2011/11/30;5.80;5.81;5.20;5.29;959500;16417418.00
2011/12/01;5.53;5.65;5.37;5.39;694011;11904286.00
2011/12/02;5.41;5.47;5.29;5.34;353778;5945062.00
2011/12/05;5.30;5.40;5.25;5.25;302356;5039671.00
2011/12/06;5.29;5.33;5.17;5.33;374780;6171800.00
2011/12/07;5.33;5.43;5.28;5.43;324445;5452503.00
2011/12/08;5.36;5.57;5.33;5.47;495566;8426246.00
2011/12/09;5.42;5.50;5.33;5.39;234076;3965617.00
2011/12/12;5.39;5.39;5.29;5.29;178520;2984303.00
2011/12/13;5.29;5.29;5.04;5.05;383248;6152166.50
2011/12/14;5.03;5.14;5.02;5.04;328163;5223243.50
2011/12/15;5.04;5.05;4.87;4.88;433519;6710946.00
2011/12/16;4.87;5.14;4.87;5.09;321649;5016045.50
2011/12/19;5.06;5.11;4.92;5.08;374513;5899315.50
2011/12/20;5.07;5.15;4.97;4.99;280747;4468732.50
2011/12/21;5.05;5.11;4.90;4.90;353782;5587142.00
2011/12/22;4.89;4.89;4.56;4.65;455243;6697740.00
2011/12/23;4.70;4.79;4.64;4.73;256219;3808571.00
2011/12/26;4.64;4.76;4.62;4.68;215808;3206898.75
2011/12/27;4.67;4.67;4.47;4.48;356228;5124345.50
2011/12/28;4.44;4.49;4.31;4.41;355301;4927285.00
2011/12/29;4.35;4.47;4.35;4.39;200417;2798523.25
2011/12/30;4.44;4.53;4.39;4.48;196119;2775610.50
2012/01/04;4.56;4.60;4.33;4.33;242281;3417375.00
2012/01/05;4.23;4.37;4.13;4.17;315922;4258913.50
2012/01/06;4.17;4.30;4.11;4.22;331371;4397559.50
2012/01/09;4.21;4.37;4.17;4.37;408408;5571945.00
2012/01/10;4.40;4.57;4.37;4.56;502458;7138043.00
2012/01/11;4.56;4.61;4.52;4.56;482008;6934090.00
2012/01/12;4.52;4.60;4.52;4.52;333817;4785456.50
2012/01/13;4.53;4.56;4.30;4.30;569048;7903049.50
2012/01/16;4.28;4.32;4.21;4.21;134695;1816377.50
2012/01/17;4.28;4.48;4.18;4.47;376877;5215369.00
2012/01/18;4.50;4.54;4.31;4.35;357536;5038309.00
2012/01/19;4.39;4.43;4.29;4.39;254827;3529422.50
2012/01/20;4.32;4.50;4.32;4.49;240543;3386570.00
2012/01/30;4.52;4.56;4.47;4.49;223499;3184190.25
2012/01/31;4.45;4.52;4.44;4.47;113568;1601237.63
2012/02/01;4.52;4.56;4.45;4.46;277667;3953024.25
2012/02/02;4.46;4.51;4.42;4.50;310995;4388376.00
2012/02/03;4.55;4.57;4.48;4.56;375675;5376679.50
2012/02/06;4.56;4.66;4.56;4.59;503896;7307779.00
2012/02/07;4.59;4.59;4.47;4.48;312351;4435826.00
2012/02/08;4.49;4.59;4.47;4.58;601346;8592211.00
2012/02/09;4.58;4.66;4.57;4.60;652423;9507202.00
2012/02/10;4.59;5.03;4.59;5.00;1485393;22347952.00
2012/02/13;4.91;5.16;4.84;4.99;2067078;32593892.00
2012/02/14;4.92;4.99;4.84;4.95;911870;14037270.00
2012/02/15;4.92;4.99;4.86;4.97;713306;11066474.00
2012/02/16;4.97;5.05;4.89;4.92;672282;10465905.00
2012/02/17;4.89;4.96;4.84;4.87;377037;5780355.00
2012/02/20;4.94;4.97;4.88;4.90;533510;8267452.50
2012/02/21;4.88;4.95;4.84;4.95;410566;6323315.00
2012/02/22;5.03;5.03;4.95;5.02;790290;12387724.00
2012/02/23;5.03;5.14;4.98;5.09;1139883;18157824.00
2012/02/24;5.09;5.14;5.03;5.08;637153;10121114.00
2012/02/27;5.08;5.15;5.03;5.06;964411;15413639.00
2012/02/28;5.04;5.05;4.91;4.94;619674;9697564.00
2012/02/29;4.94;4.98;4.88;4.89;407457;6295513.50
2012/03/01;4.86;5.09;4.86;4.99;917906;14355841.00
2012/03/02;4.97;5.06;4.92;5.02;824281;12927719.00
2012/03/05;5.02;5.15;5.00;5.12;1230018;19658128.00
2012/03/06;5.15;5.19;5.01;5.05;1045975;16684567.00
2012/03/07;4.97;5.01;4.92;4.93;643643;10024074.00
2012/03/08;4.93;5.05;4.93;5.00;526282;8251133.00
2012/03/09;5.01;5.27;5.00;5.18;1457977;23512440.00
2012/03/12;5.15;5.22;5.06;5.10;959583;15401032.00
2012/03/13;5.09;5.24;5.09;5.21;1077039;17502512.00
2012/03/14;5.22;5.26;4.83;4.90;1109528;17759680.00
2012/03/15;4.83;4.93;4.74;4.75;726615;10993567.00
2012/03/16;4.76;4.87;4.74;4.86;432539;6545014.00
2012/03/19;4.81;4.95;4.81;4.95;598695;9199900.00
2012/03/20;4.96;5.00;4.89;4.97;766535;11911619.00
2012/03/21;4.97;5.01;4.85;4.91;852746;13234027.00
2012/03/22;4.92;4.94;4.81;4.86;342393;5249702.50
2012/03/23;4.84;4.88;4.77;4.84;525331;7985434.50
2012/03/26;4.84;4.95;4.81;4.95;341716;5245046.50
2012/03/27;4.97;5.35;4.92;5.34;2599819;42026968.00
2012/03/28;5.25;5.58;5.15;5.36;5034787;84857856.00
2012/03/29;5.15;5.23;4.80;4.84;2003744;31095258.00
2012/03/30;4.84;5.35;4.81;5.35;1822533;29789106.00
2012/04/05;5.57;5.69;5.42;5.64;3841587;66833708.00
2012/04/06;5.51;5.64;5.48;5.61;2468763;42895336.00
2012/04/09;5.52;5.55;5.40;5.44;1873789;32009472.00
2012/04/10;5.38;5.44;5.12;5.36;1978306;32802018.00
2012/04/11;5.25;5.43;5.21;5.41;1469991;24575556.00
2012/04/12;5.40;5.42;5.17;5.32;1975989;32792482.00
2012/04/13;5.30;5.52;5.28;5.47;2373558;40302324.00
2012/04/16;5.49;5.49;5.27;5.33;1361937;22817776.00
2012/04/17;5.27;5.34;5.06;5.12;1265444;20465962.00
2012/04/18;5.13;5.25;5.09;5.22;1197110;19451304.00
2012/04/19;5.19;5.31;5.18;5.29;899230;14777535.00
2012/04/20;5.29;5.33;5.10;5.20;1428613;23245228.00
2012/04/23;5.25;5.58;5.15;5.47;2539452;42558336.00
2012/04/24;5.40;5.70;5.21;5.69;3602541;62383308.00
2012/04/25;5.73;5.73;5.49;5.56;2479211;43194428.00
2012/04/26;6.14;6.14;5.57;5.65;4881906;90109608.00
2012/04/27;5.63;5.63;5.18;5.26;3154469;52384888.00
2012/05/02;5.25;5.34;5.23;5.27;1296989;21466552.00
2012/05/03;5.27;5.30;5.09;5.30;1525436;24801006.00
2012/05/04;5.27;5.33;5.21;5.31;1151806;19001220.00
2012/05/07;5.30;5.43;5.25;5.38;1408090;23530248.00
2012/05/08;5.65;5.65;5.29;5.33;2464851;41491416.00
2012/05/09;5.27;5.32;5.14;5.19;1446614;23515168.00
2012/05/10;5.19;5.24;5.17;5.23;758800;12392784.00
2012/05/11;5.25;5.26;5.17;5.17;503042;8209054.00
2012/05/14;5.18;5.23;5.15;5.17;475887;7734501.00
2012/05/15;5.17;5.17;4.86;4.96;1170095;18270514.00
2012/05/16;4.89;5.00;4.85;4.85;491368;7593229.00
2012/05/18;4.91;4.93;4.77;4.78;736819;11246884.00
2012/05/21;4.64;4.78;4.64;4.77;610127;9026740.00
2012/05/22;4.77;4.84;4.75;4.81;537057;8112184.00
2012/05/23;4.84;4.84;4.68;4.81;496524;7453021.00
2012/05/24;4.77;4.82;4.75;4.77;341027;5128160.00
2012/05/25;4.72;4.80;4.57;4.60;355327;5238110.00
2012/05/28;4.62;4.76;4.44;4.73;776156;11350788.00
2012/05/29;4.75;4.83;4.65;4.81;904088;13574619.00
2012/05/30;4.81;4.87;4.76;4.82;643535;9761384.00
2012/05/31;4.84;4.85;4.74;4.82;542646;8113723.50
2012/06/01;4.84;4.98;4.82;4.90;1377581;21048500.00
2012/06/04;4.82;4.91;4.68;4.74;593071;8872977.00
2012/06/05;4.74;4.79;4.68;4.68;272155;4010949.00
2012/06/06;4.73;4.76;4.69;4.74;211387;3110356.25
2012/06/07;4.80;4.80;4.67;4.71;336890;4971485.50
2012/06/08;4.80;4.80;4.66;4.68;218569;3200120.00
2012/06/11;4.60;4.75;4.56;4.74;437886;6397348.50
2012/06/12;4.72;4.72;4.64;4.67;171651;2502409.75
2012/06/13;4.74;4.97;4.66;4.97;1887710;28513510.00
2012/06/14;4.87;5.06;4.85;5.02;1385688;21363392.00
2012/06/15;5.00;5.11;4.93;5.00;2715975;42484456.00
2012/06/18;5.01;5.02;4.89;4.89;989063;15125695.00
2012/06/19;4.84;4.95;4.84;4.89;513769;7827677.50
2012/06/20;4.86;4.93;4.86;4.89;370753;5630097.50
2012/06/21;4.86;4.86;4.74;4.74;394458;5869946.50
2012/06/25;4.74;4.74;4.58;4.67;399893;5807309.50
2012/06/26;4.59;4.70;4.55;4.64;295333;4253012.00
2012/06/27;4.62;4.81;4.62;4.70;747511;11021069.00
2012/06/28;4.69;4.74;4.59;4.65;333822;4839476.00
2012/06/29;4.58;4.68;4.58;4.67;229640;3325950.25
2012/07/02;4.75;4.75;4.67;4.71;251322;3678431.50
2012/07/03;4.69;4.75;4.69;4.70;341839;5031255.50
2012/07/04;4.71;4.74;4.68;4.72;307350;4517964.50
2012/07/05;4.72;4.72;4.58;4.63;307439;4419033.50
2012/07/06;4.63;4.63;4.46;4.61;891310;12654958.00
2012/07/09;4.58;4.59;4.43;4.43;392300;5516453.50
2012/07/10;4.44;4.44;4.31;4.35;313474;4261485.00
2012/07/11;4.35;4.75;4.29;4.74;1805151;25447166.00
2012/07/12;4.68;4.79;4.62;4.77;1685626;24770820.00
2012/07/13;4.72;4.80;4.64;4.66;1332077;19688594.00
2012/07/16;4.65;4.65;4.35;4.36;864486;11978777.00
2012/07/17;4.35;4.42;4.33;4.41;276988;3800272.75
2012/07/18;4.40;4.44;4.29;4.39;339807;4631502.00
2012/07/19;4.43;4.53;4.38;4.43;496593;6913802.00
2012/07/20;4.44;4.47;4.38;4.39;270337;3733306.25
2012/07/23;4.38;4.41;4.30;4.33;217175;2950836.75
2012/07/24;4.31;4.38;4.29;4.33;310962;4214330.00
2012/07/25;4.33;4.48;4.30;4.35;601853;8295301.00
2012/07/26;4.35;4.43;4.33;4.35;280660;3841806.00
2012/07/27;4.39;4.39;4.25;4.31;250954;3395044.25
2012/07/30;4.28;4.34;4.15;4.17;318428;4213178.00
2012/07/31;4.16;4.21;4.02;4.03;277100;3538784.00
2012/08/01;4.02;4.17;4.02;4.09;180407;2314263.75
2012/08/02;4.04;4.10;4.02;4.03;166698;2116860.75
2012/08/03;4.03;4.11;3.92;4.10;308675;3923839.75
2012/08/06;4.12;4.20;4.07;4.19;361124;4698133.00
2012/08/07;4.18;4.23;4.16;4.19;425175;5566779.00
2012/08/08;4.15;4.21;4.15;4.18;446891;5852100.00
2012/08/09;4.19;4.24;4.14;4.22;318907;4199545.00
2012/08/10;4.23;4.23;4.18;4.20;426665;5613091.00
2012/08/13;4.20;4.20;4.09;4.09;296310;3839444.25
2012/08/14;4.11;4.22;4.10;4.21;555788;7274640.50
2012/08/15;4.19;4.20;4.08;4.09;483622;6237110.00
2012/08/16;4.09;4.12;4.03;4.06;233366;2980584.00
2012/08/17;4.01;4.11;4.01;4.09;279147;3557077.75
2012/08/20;4.09;4.16;4.03;4.15;304572;3919921.25
2012/08/21;4.15;4.21;4.11;4.20;528241;6923847.00
2012/08/22;4.21;4.21;4.13;4.17;318102;4157326.25
2012/08/23;4.14;4.60;4.11;4.60;2538535;34769824.00
2012/08/24;4.50;4.50;4.32;4.38;2281345;31596478.00
2012/08/27;4.25;4.35;4.18;4.25;758876;10080536.00
2012/08/28;4.22;4.37;4.22;4.35;1050203;14217419.00
2012/08/29;4.30;4.36;4.23;4.27;636481;8574555.00
2012/08/30;4.24;4.28;4.06;4.08;700241;9098095.00
2012/08/31;4.10;4.13;4.04;4.10;383343;4896733.00
2012/09/03;4.10;4.24;4.10;4.18;587511;7683740.50
2012/09/04;4.18;4.24;4.17;4.20;525522;6919906.00
2012/09/05;4.21;4.32;4.18;4.26;766456;10192543.00
2012/09/06;4.26;4.33;4.24;4.31;675300;9056304.00
2012/09/07;4.33;4.48;4.28;4.41;1350800;18561990.00
2012/09/10;4.42;4.48;4.37;4.46;1047208;14423506.00
2012/09/11;4.43;4.43;4.33;4.39;666338;9116291.00
2012/09/12;4.42;4.42;4.35;4.40;435531;5971001.00
2012/09/13;4.40;4.42;4.32;4.32;502955;6862583.00
2012/09/14;4.34;4.38;4.30;4.33;560020;7590960.50
2012/09/17;4.45;4.79;4.41;4.79;4566559;67530424.00
2012/09/18;4.78;5.01;4.64;4.70;7080419;106590552.00
2012/09/19;4.59;4.72;4.50;4.72;3949841;56429140.00
2012/09/20;4.62;4.71;4.52;4.68;3116571;44859708.00
2012/09/21;4.65;4.67;4.44;4.46;1801194;25768764.00
2012/09/24;4.36;4.36;4.08;4.30;1620441;21637188.00
2012/09/25;4.29;4.33;4.15;4.21;1646823;21781550.00
2012/09/26;4.24;4.24;4.05;4.06;891916;11485299.00
2012/09/27;4.06;4.22;4.03;4.12;764393;9916385.00
2012/09/28;4.07;4.18;4.07;4.18;799442;10393771.00
2012/10/08;4.19;4.21;4.14;4.16;691210;9015489.00
2012/10/09;4.16;4.31;4.13;4.29;1625203;21586000.00
2012/10/10;4.29;4.34;4.23;4.33;1036616;13936560.00
2012/10/11;4.33;4.33;4.15;4.20;1034718;13767846.00
2012/10/12;4.22;4.26;4.12;4.18;597206;7824712.00
2012/10/15;4.16;4.27;4.16;4.23;953217;12611080.00
2012/10/16;4.46;4.68;4.43;4.68;3327878;48098204.00
2012/10/17;4.81;4.81;4.41;4.43;4904039;69825368.00
2012/10/18;4.39;4.51;4.39;4.49;2542785;35438592.00
2012/10/19;4.49;4.55;4.40;4.41;1514220;21109156.00
2012/10/22;4.35;4.44;4.32;4.42;1163515;15871704.00
2012/10/23;4.40;4.46;4.39;4.43;1088994;15034106.00
2012/10/24;4.43;4.43;4.35;4.36;883307;12084376.00
2012/10/25;4.35;4.45;4.32;4.35;888942;12209137.00
2012/10/26;4.32;4.37;4.24;4.26;1143440;15414287.00
2012/10/29;4.25;4.25;4.16;4.20;589761;7768677.50
2012/10/30;4.23;4.28;4.20;4.25;534412;7100060.50
2012/10/31;4.26;4.28;4.23;4.27;402100;5355067.00
2012/11/01;4.27;4.38;4.26;4.36;909180;12350746.00
2012/11/02;4.38;4.40;4.32;4.38;792011;10801576.00
2012/11/05;4.34;4.47;4.34;4.43;774306;10669765.00
2012/11/06;4.43;4.45;4.28;4.34;681058;9245831.00
2012/11/07;4.34;4.40;4.30;4.40;532440;7248019.00
2012/11/08;4.33;4.39;4.21;4.21;636539;8570541.00
2012/11/09;4.20;4.26;4.17;4.25;345544;4573764.00
2012/11/12;4.25;4.32;4.15;4.27;510772;6829850.00
2012/11/13;4.33;4.35;4.19;4.22;522987;7001848.00
2012/11/14;4.22;4.40;4.22;4.40;1038772;14075994.00
2012/11/15;4.35;4.46;4.31;4.35;1196618;16384048.00
2012/11/16;4.44;4.55;4.35;4.38;1583540;21929826.00
2012/11/19;4.35;4.36;4.18;4.25;919016;12183709.00
2012/11/20;4.34;4.45;4.33;4.37;1248575;17115956.00
2012/11/21;4.30;4.37;4.22;4.36;773591;10386324.00
2012/11/22;4.33;4.33;4.22;4.28;466011;6241638.00
2012/11/23;4.31;4.33;4.25;4.28;403790;5430135.00
2012/11/26;4.28;4.30;4.22;4.23;274363;3641884.50
2012/11/27;4.21;4.22;3.99;4.00;777097;9939835.00
2012/11/28;3.98;3.98;3.82;3.84;556887;6741842.00
2012/11/29;3.84;3.90;3.79;3.79;371931;4489479.00
2012/11/30;3.79;3.85;3.78;3.82;232245;2784374.50
2012/12/03;3.83;3.89;3.77;3.79;373034;4502110.50
2012/12/04;3.78;3.80;3.62;3.77;377235;4400191.50
2012/12/05;3.72;3.99;3.72;3.99;894101;10956398.00
2012/12/06;3.94;4.10;3.91;4.09;1239965;15632283.00
2012/12/07;4.08;4.14;4.05;4.10;1028489;13176971.00
2012/12/10;4.10;4.13;4.02;4.11;922034;11800611.00
2012/12/11;4.08;4.10;4.04;4.05;687894;8761081.00
2012/12/12;4.02;4.07;3.95;3.99;696923;8706574.00
2012/12/13;3.99;4.01;3.92;3.93;351670;4375184.50
2012/12/14;3.93;4.12;3.92;4.10;1082574;13775607.00
2012/12/17;4.10;4.15;4.07;4.11;690204;8864479.00
2012/12/18;4.12;4.12;4.07;4.09;528280;6781456.00
2012/12/19;4.07;4.12;4.07;4.10;461418;5920460.50
2012/12/20;4.08;4.10;4.03;4.08;553117;7045125.00
2012/12/21;4.10;4.20;4.07;4.10;769756;9970063.00
2012/12/24;4.10;4.18;4.09;4.16;963030;12529838.00
2012/12/25;4.13;4.30;4.09;4.27;2128510;28246412.00
2012/12/26;4.25;4.36;4.22;4.35;2001904;26745368.00
2012/12/27;4.34;4.43;4.26;4.28;1856900;25191490.00
2012/12/28;4.30;4.36;4.23;4.34;1094069;14729545.00
2012/12/31;4.33;4.37;4.27;4.35;1129232;15250095.00
2013/01/04;4.39;4.40;4.25;4.30;933753;12559917.00
2013/01/07;4.28;4.35;4.28;4.35;994483;13425344.00
2013/01/08;4.35;4.45;4.33;4.42;1618275;22243170.00
2013/01/16;4.88;4.88;4.88;4.88;3466025;52614260.00
2013/01/17;4.91;4.91;4.55;4.58;5651541;82818920.00
2013/01/18;4.50;4.58;4.44;4.50;2383332;33540478.00
2013/01/21;4.53;4.56;4.46;4.51;1499699;21117034.00
2013/01/22;4.58;4.58;4.39;4.42;1840570;25843178.00
2013/01/23;4.35;4.44;4.32;4.36;1585545;21627976.00
2013/01/24;4.37;4.43;4.28;4.30;1389934;18909090.00
2013/01/25;4.32;4.33;4.27;4.30;465831;6265543.50
2013/01/28;4.37;4.45;4.27;4.43;1712228;23453750.00
2013/01/29;4.43;4.46;4.37;4.43;1370365;18901158.00
2013/01/30;4.44;4.45;4.35;4.40;959957;13211057.00
2013/01/31;4.41;4.43;4.28;4.30;1065892;14417979.00
2013/02/01;4.32;4.42;4.28;4.41;770885;10502263.00
2013/02/04;4.41;4.41;4.30;4.34;864553;11751688.00
2013/02/05;4.32;4.39;4.31;4.38;569419;7772442.00
2013/02/06;4.39;4.46;4.39;4.44;913379;12631200.00
2013/02/07;4.43;4.45;4.38;4.42;487077;6719661.00
2013/02/08;4.42;4.50;4.41;4.47;665388;9272631.00
2013/02/18;4.47;4.58;4.45;4.55;1369446;19360784.00
2013/02/19;4.55;4.78;4.49;4.50;1703814;24480668.00
2013/02/20;4.48;4.51;4.38;4.51;1368234;18977652.00
2013/02/21;4.48;4.49;4.40;4.43;831043;11547428.00
2013/02/22;4.43;4.50;4.39;4.42;529509;7359976.50
2013/02/25;4.42;4.46;4.40;4.45;491389;6804975.00
2013/02/26;4.44;4.46;4.32;4.34;682214;9399153.00
2013/02/27;4.36;4.38;4.30;4.34;656875;8911236.00
2013/02/28;4.36;4.47;4.32;4.41;1023155;14076025.00
2013/03/01;4.43;4.49;4.42;4.49;987934;13765875.00
2013/03/04;4.47;4.54;4.32;4.37;924029;12843249.00
2013/03/05;4.37;4.52;4.36;4.51;804763;11203250.00
2013/03/06;4.47;4.64;4.47;4.57;1599580;22777762.00
2013/03/07;4.57;4.63;4.53;4.55;1600441;22851476.00
2013/03/08;4.58;4.58;4.46;4.50;773957;10885206.00
2013/03/11;4.51;4.51;4.47;4.49;420685;5897334.00
2013/03/12;4.48;4.49;4.31;4.35;1233679;16894376.00
2013/03/13;4.32;4.39;4.30;4.35;626397;8486905.00
2013/03/14;4.33;4.38;4.33;4.36;372715;5079499.50
2013/03/15;4.35;4.41;4.32;4.35;412835;5644128.50
2013/03/18;4.35;4.35;4.19;4.20;605292;8063459.50
2013/03/19;4.20;4.24;4.16;4.22;423249;5574481.50
2013/03/20;4.23;4.33;4.21;4.32;519886;6960539.00
2013/03/21;4.32;4.38;4.30;4.37;554099;7534621.50
2013/03/22;4.33;4.41;4.33;4.40;375212;5141337.00
2013/03/25;4.40;4.50;4.40;4.48;1654063;23098882.00
2013/03/26;4.32;4.32;4.23;4.26;1609699;21502284.00
2013/03/27;4.25;4.31;4.24;4.29;642087;8593584.00
2013/03/28;4.27;4.27;4.08;4.10;810072;10545360.00
2013/03/29;4.11;4.13;4.07;4.08;399285;5128310.50
2013/04/01;4.08;4.10;4.06;4.08;420927;5377929.00
2013/04/02;4.09;4.15;4.07;4.10;383399;4932701.50
2013/04/03;4.12;4.12;4.00;4.06;364864;4632571.50
2013/04/08;4.02;4.25;3.95;4.14;545144;6991194.50
2013/04/09;4.09;4.17;4.09;4.14;400939;5198731.50
2013/04/10;4.14;4.14;4.06;4.11;215451;2767668.25
2013/04/11;4.16;4.16;4.07;4.09;192301;2472717.50
2013/04/12;4.06;4.10;4.03;4.05;156800;1999189.00
2013/04/15;4.05;4.05;4.00;4.03;154463;1949081.13
2013/04/16;3.99;4.05;3.99;4.03;153470;1935295.00
2013/04/17;4.03;4.10;4.02;4.10;222706;2825861.25
2013/04/18;4.05;4.13;4.04;4.08;130036;1663638.88
2013/04/19;4.08;4.17;4.08;4.14;406468;5270428.50
2013/04/22;4.13;4.16;4.11;4.16;321549;4172509.00
2013/04/23;4.16;4.16;4.04;4.06;239367;3072032.75
2013/04/24;4.06;4.17;4.06;4.16;555339;7205746.00
2013/04/25;4.03;4.03;3.86;3.89;1498062;18411124.00
2013/04/26;3.88;3.96;3.86;3.91;845218;10430504.00
2013/05/02;3.90;3.96;3.75;3.96;279360;3411871.25
2013/05/03;3.95;4.02;3.92;3.99;340850;4268203.00
2013/05/06;3.96;4.14;3.96;4.08;588263;7483875.00
2013/05/07;4.05;4.18;4.05;4.13;828165;10713995.00
2013/05/08;4.13;4.13;4.05;4.09;428145;5480123.00
2013/05/09;4.10;4.12;4.02;4.08;480892;6139539.50
2013/05/10;4.08;4.14;4.05;4.13;564959;7289262.50
2013/05/21;4.56;4.56;4.27;4.34;3828253;52472980.00
2013/05/22;4.30;4.45;4.29;4.31;1453756;19795448.00
2013/05/23;4.26;4.37;4.24;4.26;733900;9866685.00
2013/05/24;4.26;4.30;4.23;4.28;494816;6606313.50
2013/05/27;4.31;4.32;4.23;4.28;1494481;19973228.00
2013/05/28;4.25;4.28;4.19;4.21;785007;10384637.00
2013/05/29;4.21;4.29;4.20;4.26;848849;11308328.00
2013/05/30;4.25;4.30;4.25;4.28;665823;8910965.00
2013/05/31;4.26;4.30;4.21;4.21;603334;8029149.50
2013/06/03;4.22;4.25;4.18;4.22;489057;6459882.50
2013/06/04;4.22;4.26;4.14;4.17;520478;6829306.00
2013/06/05;4.16;4.19;4.15;4.18;315797;4120266.50
2013/06/06;4.19;4.20;4.16;4.18;333418;4360425.50
2013/06/07;4.22;4.22;4.05;4.05;490482;6199023.50
2013/06/13;4.03;4.03;3.90;3.94;250902;3050592.00
2013/06/14;3.94;4.05;3.92;3.99;485476;5982036.00
2013/06/17;3.99;4.03;3.96;3.99;411692;5063475.50
2013/06/18;3.93;4.03;3.93;4.01;150663;1858278.25
2013/06/19;4.00;4.28;3.95;4.20;921965;11694464.00
2013/06/20;4.16;4.38;4.12;4.34;3474792;46319684.00
2013/06/21;4.33;4.45;4.18;4.28;5026700;67594160.00
2013/06/24;4.31;4.31;3.84;3.88;2396988;29721470.00
2013/06/25;3.66;3.81;3.48;3.67;1429482;16048982.00
2013/06/26;3.67;3.69;3.59;3.63;927667;10397555.00
2013/06/27;3.59;3.66;3.52;3.53;753064;8426514.00
2013/06/28;3.53;3.60;3.44;3.52;374621;4076553.75
2013/07/01;3.45;3.61;3.42;3.59;454202;5007334.00
2013/07/02;3.59;3.66;3.55;3.65;461309;5174207.00
2013/07/03;3.62;3.65;3.54;3.59;422484;4677962.50
2013/07/04;3.58;3.64;3.56;3.63;428043;4782624.00
2013/07/05;3.61;3.64;3.61;3.62;389962;4383172.00
2013/07/08;3.62;3.62;3.48;3.57;419124;4617010.50
2013/07/09;3.55;3.71;3.46;3.67;645090;7277668.50
2013/07/10;3.64;3.74;3.64;3.73;461661;5295714.50
2013/07/11;3.75;3.83;3.73;3.79;531564;6226146.50
2013/07/12;3.79;3.81;3.74;3.78;458112;5354465.50
2013/07/15;3.76;3.92;3.58;3.91;999470;11800693.00
2013/07/16;3.88;3.99;3.86;3.98;965396;11744956.00
2013/07/17;3.98;4.11;3.94;4.05;4067679;50795852.00
2013/07/18;4.00;4.00;3.79;3.89;1394848;16752194.00
2013/07/19;3.88;3.91;3.74;3.74;953241;11286751.00
2013/07/22;3.74;3.81;3.68;3.78;588426;6796728.00
2013/07/23;3.85;3.85;3.75;3.83;763742;9020298.00
2013/07/24;3.85;3.85;3.76;3.80;511320;5986881.00
2013/07/25;3.80;3.91;3.75;3.91;1408375;16733758.00
2013/07/26;3.89;3.94;3.84;3.90;725937;8702003.00
2013/07/29;3.88;4.00;3.83;4.00;1991168;24250504.00
2013/07/30;3.97;4.02;3.94;4.02;928732;11451662.00
2013/07/31;4.03;4.08;3.98;4.01;1074833;13437561.00
2013/08/01;3.99;4.06;3.99;4.04;754704;9367160.00
2013/08/02;4.04;4.05;4.00;4.01;550792;6834715.50
2013/08/05;4.00;4.04;4.00;4.03;330483;4110268.00
2013/08/06;4.02;4.11;4.01;4.08;833948;10449398.00
2013/08/07;4.07;4.15;3.93;4.09;987353;12436328.00
2013/08/08;4.11;4.25;4.06;4.22;2136539;27509464.00
2013/08/09;4.21;4.32;4.18;4.30;2270502;29848998.00
2013/08/12;4.22;4.40;4.22;4.36;3216686;43130932.00
2013/08/13;4.36;4.47;4.26;4.30;1915334;25552168.00
2013/08/14;4.32;4.38;4.17;4.17;2769989;36644864.00
2013/08/15;4.18;4.18;4.12;4.12;1149289;14690568.00
2013/08/16;4.08;4.19;4.08;4.12;984565;12625408.00
2013/08/19;4.09;4.15;4.08;4.15;405056;5155445.50
2013/08/20;4.15;4.16;4.12;4.15;443467;5672792.50
2013/08/21;4.09;4.17;4.09;4.17;545866;6986692.50
2013/08/22;4.18;4.20;4.14;4.18;529490;6823285.00
2013/08/23;4.18;4.20;4.06;4.10;558144;7123183.50
2013/08/26;4.11;4.17;4.08;4.17;547579;7016516.00
2013/08/27;4.17;4.20;4.16;4.20;720846;9287883.00
2013/08/28;4.16;4.23;4.11;4.13;511793;6536433.50
2013/08/29;4.13;4.13;4.07;4.08;490201;6187831.50
2013/08/30;4.04;4.10;4.03;4.03;433003;5422464.50
2013/09/02;3.99;4.06;3.99;4.05;468643;5827907.50
2013/09/03;4.05;4.11;4.00;4.08;525894;6576775.50
2013/09/04;4.06;4.11;4.05;4.08;397925;5004733.50
2013/09/05;4.07;4.09;4.02;4.04;330125;4128333.25
2013/09/06;4.03;4.09;4.03;4.07;213866;2684496.25
2013/09/09;4.10;4.17;4.07;4.15;870794;11091697.00
2013/09/10;4.14;4.17;4.12;4.15;454673;5811154.00
2013/09/11;4.18;4.20;4.13;4.18;733353;9431462.00
2013/09/12;4.18;4.26;4.15;4.23;758323;9874815.00
2013/09/13;4.23;4.23;4.12;4.18;613460;7890177.00
2013/09/16;4.15;4.45;4.15;4.34;2534171;33659136.00
2013/09/17;4.28;4.37;4.19;4.19;969484;12754809.00
2013/09/18;4.17;4.25;4.12;4.21;316261;4083310.50
2013/09/23;4.19;4.29;4.18;4.27;418324;5488164.50
2013/09/24;4.24;4.37;4.23;4.32;693568;9191461.00
2013/09/25;4.27;4.36;4.22;4.33;822127;10880136.00
2013/09/26;4.31;4.34;4.22;4.22;385900;5075964.00
2013/09/27;4.21;4.27;4.05;4.13;291541;3751569.75
2013/09/30;4.15;4.20;4.12;4.20;264510;3400938.50
2013/10/08;4.23;4.31;4.23;4.25;349448;4591931.00
2013/10/09;4.30;4.35;4.22;4.27;695277;9192111.00
2013/10/10;4.29;4.31;4.25;4.27;494913;6522633.50
2013/10/11;4.27;4.33;4.27;4.28;573794;7605691.00
2013/10/14;4.30;4.35;4.27;4.35;1010129;13422742.00
2013/10/15;4.35;4.43;4.33;4.43;1717842;23265688.00
2013/10/16;4.41;4.41;4.28;4.33;662089;8831316.00
2013/10/17;4.29;4.41;4.29;4.34;679672;9124903.00
2013/10/18;4.32;4.58;4.31;4.48;1391994;19043532.00
2013/10/21;4.49;4.94;4.46;4.80;2919519;42353920.00
2013/10/22;4.80;5.05;4.68;4.68;3093002;45520704.00
2013/10/23;4.75;4.88;4.55;4.72;2369147;34352232.00
2013/10/24;4.72;4.75;4.69;4.72;1030340;14948057.00
2013/10/25;4.72;4.72;4.59;4.61;1137982;16220865.00
2013/10/28;4.62;4.70;4.62;4.67;580006;8316150.00
2013/10/29;4.68;4.73;4.38;4.53;991613;13940712.00
2013/10/30;4.54;4.67;4.46;4.64;802620;11307704.00
2013/10/31;4.62;4.80;4.60;4.74;1273310;18495062.00
2013/11/01;4.72;4.83;4.65;4.69;896846;13071830.00
2013/11/04;4.70;4.72;4.59;4.69;618295;8841136.00
2013/11/05;4.63;4.74;4.60;4.74;841311;12171723.00
2013/11/06;4.74;4.81;4.68;4.69;975226;14241270.00
2013/11/07;4.66;4.78;4.64;4.73;1098625;15937499.00
2013/11/08;4.72;4.72;4.49;4.52;833086;11767041.00
2013/11/11;4.54;4.70;4.43;4.69;826199;11743585.00
2013/11/12;4.70;4.93;4.69;4.71;3466060;51025164.00
2013/11/13;4.65;4.80;4.63;4.72;1725491;25123168.00
2013/11/14;4.71;5.01;4.65;4.86;7494842;112023784.00
2013/11/15;4.90;5.35;4.88;5.35;7113983;113162792.00
2013/11/18;5.54;5.78;5.40;5.57;10660723;181154912.00
2013/11/19;5.47;5.73;5.39;5.72;7931027;135571536.00
2013/11/20;5.65;5.77;5.52;5.59;4907408;84480400.00
2013/11/21;5.54;5.54;5.31;5.39;5037486;83333408.00
2013/11/22;5.39;5.51;5.33;5.39;2465728;40922420.00
2013/11/25;5.38;5.54;5.32;5.46;3025621;50651588.00
2013/11/26;5.43;5.67;5.43;5.52;3747672;63835828.00
2013/11/27;5.50;5.56;5.43;5.52;2292643;38533228.00
2013/11/28;5.50;5.83;5.50;5.83;5438624;95246800.00
2013/11/29;5.79;6.38;5.79;6.18;6356013;118435216.00
2013/12/02;5.72;5.90;5.55;5.55;4325683;75170048.00
2013/12/03;5.45;5.69;5.15;5.59;3447658;57768540.00
2013/12/04;5.56;5.98;5.54;5.74;4315373;76569392.00
2013/12/05;5.68;5.86;5.62;5.80;2409356;42356596.00
2013/12/06;5.77;5.90;5.49;5.51;2806667;48763568.00
2013/12/09;5.50;5.71;5.50;5.68;2190490;37686520.00
2013/12/10;5.81;5.82;5.61;5.61;2439053;42694848.00
2013/12/11;5.58;5.58;5.37;5.42;2290104;38152296.00
2013/12/12;5.35;5.57;5.35;5.51;1347252;22699168.00
2013/12/13;5.47;5.85;5.45;5.80;3532551;61846340.00
2013/12/16;5.82;6.04;5.72;5.86;3609658;65006084.00
2013/12/17;5.90;5.95;5.57;5.58;2090574;36453140.00
2013/12/18;5.59;5.65;5.42;5.57;1219892;20680308.00
2013/12/19;5.65;6.07;5.58;5.74;3423488;61001680.00
2013/12/20;5.69;6.21;5.66;6.06;5904461;108308168.00
2013/12/23;6.06;6.10;5.78;5.92;3655631;66031640.00
2013/12/24;5.99;6.48;5.99;6.27;6052784;115597664.00
2013/12/25;6.29;6.91;6.29;6.91;8065469;162979904.00
2013/12/26;6.75;6.85;6.42;6.45;6501781;132247408.00
2013/12/27;6.52;7.10;6.52;7.10;5339592;112837232.00
2013/12/30;7.32;7.42;6.84;7.05;8582505;185040176.00
2013/12/31;6.78;6.81;6.33;6.38;8342121;164184112.00
2014/01/02;6.27;6.42;6.10;6.36;5095957;97969072.00
2014/01/03;6.32;6.36;6.17;6.19;4498654;85848696.00
2014/01/06;6.27;6.27;5.83;5.83;3784546;69721112.00
2014/01/07;5.73;6.00;5.73;5.86;3033748;54355084.00
2014/01/08;5.89;6.01;5.84;5.94;2862231;51891292.00
2014/01/09;5.93;5.93;5.53;5.57;3238187;56931876.00
2014/01/10;5.55;5.64;5.52;5.55;2263743;38708472.00
2014/01/13;5.58;5.77;5.58;5.73;2879061;50358380.00
2014/01/14;5.76;5.91;5.61;5.88;2789005;49362964.00
2014/01/15;5.91;5.96;5.77;5.88;2727013;48892928.00
2014/01/16;5.84;6.03;5.83;5.96;3117294;56505732.00
2014/01/17;5.90;5.94;5.66;5.72;2232426;39445380.00
2014/01/20;5.65;5.68;5.28;5.41;2486983;41667212.00
2014/01/21;5.46;5.58;5.36;5.56;1582539;26498966.00
2014/01/22;5.55;5.68;5.47;5.65;1730895;29702278.00
2014/01/23;5.65;5.74;5.62;5.68;2121290;36963608.00
2014/01/24;5.67;5.77;5.59;5.72;1957762;34202340.00
2014/01/27;5.67;5.84;5.64;5.76;1980020;34781724.00
2014/01/28;5.75;5.81;5.58;5.60;1569172;27141094.00
2014/01/29;5.59;5.68;5.55;5.63;1232822;21194944.00
2014/01/30;5.62;5.69;5.55;5.63;839262;14500031.00
2014/02/07;5.63;5.81;5.56;5.79;1688410;29458614.00
2014/02/10;5.82;6.25;5.82;6.25;4627611;85784160.00
2014/02/11;6.22;6.31;6.09;6.21;4016187;76034984.00
2014/02/12;6.18;6.43;6.17;6.36;2965642;56975396.00
2014/02/13;6.33;6.33;6.02;6.03;3586254;67580808.00
2014/02/14;6.01;6.15;6.01;6.14;1619931;30192666.00
2014/02/17;6.14;6.34;6.12;6.27;2890153;55274892.00
2014/02/18;6.27;6.30;6.09;6.17;2482614;46779596.00
2014/02/19;6.13;6.28;6.12;6.18;1815559;34388912.00
2014/02/20;6.18;6.20;5.95;5.98;1879774;34664048.00
2014/02/21;5.96;6.02;5.90;5.96;1047761;19095020.00
2014/02/24;5.97;6.02;5.82;6.01;1071567;19394226.00
2014/02/25;6.01;6.11;5.42;5.52;1854464;33113232.00
2014/02/26;5.54;5.61;5.35;5.49;1004513;16855678.00
2014/02/27;5.50;5.70;5.50;5.53;1300694;22306646.00
2014/02/28;5.51;5.60;5.37;5.58;745271;12637640.00
2014/03/03;5.53;5.79;5.52;5.78;1129042;19643996.00
2014/03/04;5.73;5.75;5.62;5.72;1052345;18265756.00
2014/03/05;5.69;5.76;5.65;5.66;625227;10928257.00
2014/03/06;5.65;5.76;5.54;5.75;1150090;19876846.00
2014/03/07;5.75;5.81;5.68;5.79;1144539;20170742.00
2014/03/10;5.76;5.88;5.66;5.79;2115597;37727916.00
2014/03/11;5.83;6.12;5.79;6.11;4432588;81491192.00
2014/03/12;6.08;6.08;5.78;5.93;1947076;35399352.00
2014/03/13;5.88;5.96;5.80;5.88;1079000;19366710.00
2014/03/14;5.87;5.88;5.52;5.53;1716829;29800742.00
2014/03/17;5.54;5.63;5.35;5.62;1258729;21432170.00
2014/03/18;5.62;5.64;5.56;5.62;699237;11974879.00
2014/03/19;5.60;5.60;5.45;5.54;826982;13945396.00
2014/03/20;5.51;5.60;5.39;5.40;917274;15452159.00
2014/03/21;5.36;5.53;5.24;5.51;1196386;19648980.00
2014/03/24;5.47;5.51;5.39;5.45;618057;10325183.00
2014/03/25;5.42;5.51;5.42;5.48;474875;7947638.00
2014/03/26;5.48;5.51;5.43;5.45;527886;8833022.00
2014/03/27;5.48;5.48;5.25;5.26;945180;15486233.00
2014/03/28;5.31;5.31;4.90;4.97;879551;13714394.00
2014/03/31;4.98;5.08;4.96;4.99;425703;6544674.50
2014/04/01;5.01;5.10;5.01;5.10;442841;6900502.50
2014/04/02;5.14;5.14;5.04;5.06;390049;6076098.00
2014/04/03;5.04;5.16;5.04;5.15;481624;7532586.50
2014/04/04;5.12;5.18;5.07;5.14;391470;6156382.50
2014/04/08;5.14;5.18;5.12;5.18;518604;8203369.00
2014/04/09;5.18;5.25;5.15;5.25;619311;9895717.00
2014/04/10;5.22;5.30;5.19;5.27;631246;10138072.00
2014/04/11;5.22;5.23;5.17;5.22;538859;8595050.00
2014/04/14;5.15;5.46;5.15;5.45;1484892;24428714.00
2014/04/15;5.44;5.52;5.37;5.51;1113650;18563298.00
2014/04/16;5.50;5.77;5.41;5.75;1353059;22973644.00
2014/07/23;6.13;6.14;5.42;5.65;4508655;78756992.00
2014/07/24;5.54;5.59;5.35;5.36;1859745;30565318.00
2014/07/25;5.44;5.44;5.29;5.40;957937;15486293.00
2014/07/28;5.41;5.73;5.30;5.62;1904738;31816686.00
2014/07/29;5.63;5.64;5.52;5.56;1723059;29111208.00
2014/07/30;5.55;5.62;5.51;5.58;1201720;20235878.00
2014/07/31;5.53;5.58;5.51;5.55;1160541;19441076.00
2014/08/01;5.53;5.59;5.49;5.49;882389;14807051.00
2014/08/04;5.47;5.53;5.45;5.52;745690;12410105.00
2014/08/05;5.55;5.90;5.50;5.89;2677529;46059796.00
2014/08/06;5.82;5.98;5.75;5.87;3532290;62880096.00
2014/08/07;5.88;5.88;5.72;5.72;1408632;24611162.00
2014/08/08;5.72;5.79;5.70;5.75;831757;14465947.00
2014/08/11;5.77;5.78;5.73;5.77;823278;14348796.00
2014/08/12;5.78;5.80;5.71;5.74;830081;14399320.00
2014/08/13;5.72;5.78;5.70;5.77;830883;14427574.00
2014/08/14;5.77;5.85;5.75;5.76;1233686;21660036.00
2014/08/15;5.81;5.81;5.72;5.80;975080;16983366.00
2014/08/18;5.78;5.91;5.78;5.88;1812686;31999940.00
2014/08/19;5.90;5.90;5.80;5.83;1289871;22802924.00
2014/08/20;5.82;5.87;5.79;5.84;1246461;22037912.00
2014/08/21;5.85;5.85;5.74;5.78;986517;17243484.00
2014/08/22;5.79;5.82;5.73;5.81;913134;15967350.00
2014/08/25;5.83;5.83;5.75;5.75;744372;13000020.00
2014/08/26;5.75;5.76;5.52;5.55;1060047;18067582.00
2014/08/27;5.53;5.59;5.53;5.56;499055;8395076.00
2014/08/28;5.58;5.61;5.53;5.55;519988;8763457.00
2014/08/29;5.53;5.61;5.53;5.61;486049;8204741.00
2014/09/01;5.67;5.82;5.62;5.78;1328367;23142942.00
2014/09/02;5.80;5.85;5.76;5.82;1282253;22561024.00
2014/09/03;5.81;5.86;5.80;5.83;1452551;25641630.00
2014/09/04;5.83;5.93;5.82;5.91;1951236;34821912.00
2014/09/05;5.92;5.99;5.89;5.94;2158062;38744460.00
2014/09/09;5.98;5.98;5.87;5.90;1396584;24941240.00
2014/09/10;5.90;6.21;5.85;6.14;3568642;65617736.00
2014/09/11;6.08;6.16;6.01;6.08;2514467;46335108.00
2014/09/12;6.08;6.43;6.06;6.33;3995147;75895576.00
2014/09/15;6.33;6.39;6.22;6.33;2873125;54609488.00
2014/09/16;6.36;6.36;6.10;6.12;2712712;51037788.00
2014/09/17;6.18;6.24;6.02;6.13;1446538;26724160.00
2014/09/18;6.14;6.74;6.08;6.53;5126201;100934568.00
2014/09/19;6.38;6.71;6.35;6.55;4026434;79609904.00
2014/09/22;6.38;6.48;6.31;6.37;2209956;42631620.00
2014/09/23;6.38;6.42;6.21;6.31;2472831;47006128.00
2014/09/24;6.28;6.68;6.28;6.65;4304920;83860080.00
2014/09/25;6.60;6.78;6.51;6.59;3339568;66965672.00
2014/09/26;6.54;6.78;6.52;6.59;1879595;37812640.00
2014/09/29;6.59;6.68;6.59;6.59;1497327;29941258.00
2014/09/30;6.59;6.65;6.55;6.63;1682937;33491400.00
2014/10/08;6.63;6.67;6.58;6.66;1180406;23621348.00
2014/10/09;6.67;7.18;6.65;6.77;2769582;57151532.00
2014/10/10;6.72;6.99;6.72;6.83;2630601;54561880.00
2014/10/13;6.78;6.78;6.65;6.77;1272955;25869094.00
2014/10/14;6.70;6.76;6.51;6.55;2052205;41123728.00
2014/10/15;6.55;6.61;6.31;6.39;2161480;41983544.00
2014/10/16;6.39;6.47;6.32;6.36;1612747;31214432.00
2014/10/17;6.33;6.43;6.08;6.22;1645692;30925500.00
2014/10/20;6.24;6.34;6.15;6.29;1508468;28533544.00
2014/10/21;6.29;6.58;6.26;6.55;3098930;59927264.00
2014/10/22;6.57;6.59;6.36;6.38;3378664;66546324.00
2014/10/23;6.32;6.32;6.11;6.12;1399297;26198582.00
2014/10/24;6.13;6.22;6.08;6.12;745415;13869192.00
2014/10/27;6.17;6.18;6.05;6.16;626930;11639643.00
2014/10/28;6.19;6.38;6.19;6.37;1145836;21840858.00
2014/10/29;6.37;6.46;6.37;6.39;1582844;30643398.00
2014/10/30;6.34;6.44;6.34;6.35;1265554;24432278.00
2014/10/31;6.35;6.61;6.29;6.61;2774719;54319932.00
2014/11/03;6.65;6.86;6.59;6.70;4101887;83212984.00
2014/11/04;6.70;6.70;6.53;6.57;2162108;43101092.00
2014/11/05;6.58;6.64;6.50;6.61;1281760;25458904.00
2014/11/06;6.63;6.79;6.58;6.76;2762521;56130252.00
2014/11/07;6.76;6.89;6.57;6.61;2973437;60814388.00
2014/11/10;6.60;6.74;6.51;6.69;1693563;34085116.00
2014/11/11;6.72;6.72;6.26;6.28;2146473;41745472.00
2014/11/12;6.23;6.75;6.23;6.73;2284807;44935580.00
2014/11/13;6.75;6.78;6.51;6.54;2635163;52763404.00
2014/11/14;6.48;6.52;6.33;6.37;1347428;26159766.00
2014/11/17;6.38;6.56;6.30;6.47;1309432;25533536.00
2014/11/18;6.47;6.55;6.40;6.52;1249787;24391550.00
2014/11/19;6.52;6.62;6.45;6.56;1588091;31408320.00
2014/11/20;6.49;6.61;6.49;6.61;1239666;24602844.00
2014/11/21;6.61;6.73;6.58;6.67;1689432;34113272.00
2014/11/24;6.77;6.78;6.62;6.66;1771025;35833884.00
2014/11/25;6.66;6.88;6.62;6.88;2453385;49852460.00
2014/11/26;6.84;6.97;6.78;6.91;3214763;66851120.00
2014/11/27;6.96;7.08;6.86;6.95;2314157;48651760.00
2014/11/28;6.94;7.17;6.87;7.13;4208529;89486928.00
2014/12/01;7.10;7.10;6.80;7.03;3013286;63521812.00
2014/12/02;7.05;7.45;7.00;7.27;4975633;108112944.00
2014/12/03;7.38;7.61;7.17;7.40;4478305;99098488.00
2014/12/04;7.30;7.60;7.30;7.47;4566013;102964376.00
2014/12/05;7.47;7.61;6.79;7.21;3666814;79927280.00
2014/12/08;7.11;7.12;6.75;6.75;3348167;69766392.00
2014/12/09;6.66;6.66;6.07;6.07;5108859;97302840.00
2014/12/10;6.07;6.27;6.02;6.23;2157283;40295508.00
2014/12/11;6.25;6.32;6.17;6.27;1536247;28978420.00
2014/12/12;6.32;6.55;6.22;6.55;2551704;49121068.00
2014/12/15;6.52;6.57;6.44;6.51;2377100;46793952.00
2014/12/16;6.51;6.52;6.35;6.41;1496985;29052684.00
2014/12/17;6.41;6.41;6.16;6.18;1581083;29798528.00
2014/12/18;6.17;6.29;6.08;6.22;1232212;23171596.00
2014/12/19;6.22;6.27;5.90;6.04;1675743;30584504.00
2014/12/22;6.04;6.04;5.56;5.76;2065188;35674004.00
2014/12/23;5.69;6.10;5.68;5.90;1710032;30520198.00
2014/12/24;5.90;6.11;5.88;6.08;1822155;33220682.00
2014/12/25;6.08;6.24;6.05;6.22;1717527;31962774.00
2014/12/26;6.22;6.25;6.05;6.11;1291934;23922692.00
2014/12/29;6.07;6.11;5.81;5.86;1111195;19832830.00
2014/12/30;5.86;6.03;5.82;5.98;1583738;28588550.00
2014/12/31;5.97;6.03;5.85;5.98;1010617;18143258.00
2015/01/05;5.97;5.98;5.70;5.82;1254320;21991200.00
2015/01/06;5.82;6.02;5.74;6.01;1327693;23722498.00
2015/01/07;5.98;6.01;5.88;5.95;902460;16190280.00
2015/01/08;5.95;6.08;5.91;6.00;1344180;24427922.00
2015/01/09;6.01;6.07;5.87;5.88;1065949;19316672.00
2015/01/12;5.82;5.83;5.68;5.69;883489;15345996.00
2015/01/13;5.69;5.83;5.69;5.82;420218;7340125.00
2015/01/14;5.91;5.91;5.73;5.81;495844;8681282.00
2015/01/15;5.77;5.88;5.77;5.80;509586;8980187.00
2015/01/16;5.83;5.93;5.81;5.91;791332;14050476.00
2015/01/19;5.87;6.30;5.74;6.12;3992227;73761592.00
2015/01/20;5.95;6.35;5.95;6.33;3182836;59878840.00
2015/01/21;6.29;6.38;6.25;6.32;2650188;50501936.00
2015/01/22;6.29;6.39;6.28;6.34;1745621;33498346.00
2015/01/23;6.36;6.36;6.19;6.19;1798755;33935568.00
2015/01/26;6.19;6.28;6.19;6.28;899859;17003154.00
2015/01/27;6.27;6.35;6.19;6.32;1259710;23891868.00
2015/01/28;6.32;6.44;6.25;6.41;1815248;34990340.00
2015/03/13;6.42;6.68;6.14;6.44;9696605;186810096.00
2015/03/16;6.41;6.67;6.38;6.61;9204504;182352160.00
2015/03/17;6.62;6.78;6.56;6.67;7296473;147200560.00
2015/03/18;6.70;6.82;6.68;6.75;6697023;136609856.00
2015/03/19;6.75;6.88;6.72;6.84;5711495;117570736.00
2015/03/20;6.85;7.33;6.80;7.12;7028732;148156560.00
2015/03/23;7.13;7.20;7.05;7.17;6369791;137359040.00
2015/03/24;7.18;7.18;6.78;7.07;6936382;146943760.00
2015/03/25;6.88;7.02;6.78;6.95;7884785;163802224.00
2015/03/26;6.97;7.07;6.87;7.05;5850730;123633816.00
2015/03/27;7.01;7.26;6.95;7.24;5847381;125785384.00
2015/03/30;7.25;7.47;7.15;7.24;6360122;140851168.00
2015/03/31;7.17;7.28;7.10;7.12;4514855;98003352.00
2015/04/01;7.12;7.34;7.09;7.30;5090927;111546616.00
2015/04/02;7.40;7.78;7.36;7.76;8296238;190712688.00
2015/04/03;7.67;8.04;7.63;7.84;7114025;169310976.00
2015/04/07;7.94;8.00;7.74;7.97;6138090;145402672.00
2015/04/08;8.00;8.20;7.62;7.71;4692189;110771624.00
2015/04/09;7.71;7.80;7.28;7.57;5858638;133236136.00
2015/04/10;7.55;7.94;7.43;7.91;5075686;118700432.00
2015/04/13;7.86;8.18;7.85;8.02;5887401;142647072.00
2015/04/14;7.95;8.03;7.77;7.89;6038023;143848512.00
2015/04/15;7.86;7.87;7.45;7.45;5105491;117319344.00
2015/04/16;7.35;7.78;7.29;7.60;3166894;71866928.00
2015/04/17;7.60;7.67;7.52;7.52;4225738;96699000.00
2015/04/20;7.51;7.52;7.21;7.22;4559836;101262176.00
2015/04/21;7.22;7.44;7.17;7.44;3958698;87911968.00
2015/04/22;7.48;7.85;7.46;7.83;9815146;224897616.00
2015/04/23;7.77;7.90;7.66;7.80;5970665;139704480.00
2015/04/24;7.68;7.95;7.62;7.95;6081340;142867888.00
2015/04/27;7.96;8.12;7.84;7.95;6996708;168654560.00
2015/04/28;7.94;7.94;7.51;7.59;4747930;110474072.00
2015/04/29;7.58;8.27;7.52;8.22;8837011;213540592.00
2015/04/30;8.02;8.60;8.02;8.19;8145104;205327408.00
2015/05/04;8.26;8.60;8.16;8.49;7097984;180433632.00
2015/05/05;8.39;8.55;7.89;8.08;6171974;152831888.00
2015/05/06;8.08;8.29;7.81;7.84;5080678;124533320.00
2015/05/07;7.84;8.13;7.64;7.81;3397113;80464152.00
2015/05/08;7.86;8.28;7.86;8.22;5128519;124952320.00
2015/05/11;8.34;8.50;8.20;8.44;7779990;196584768.00
2015/05/12;8.42;9.17;8.40;9.06;14153993;371706144.00
2015/05/13;8.88;9.00;8.62;8.72;8017487;212876608.00
2015/05/14;8.73;9.05;8.68;9.05;6935971;185580896.00
2015/05/15;8.95;9.04;8.70;8.88;4750215;127249128.00
2015/05/18;8.78;9.08;8.69;8.89;5455599;146471392.00
2015/05/19;8.82;9.27;8.72;9.18;7112601;193131808.00
2015/05/20;9.29;9.62;9.18;9.35;8403264;237685376.00
2015/05/21;9.38;10.10;9.25;9.88;8714683;250359200.00
2015/05/22;10.12;10.12;9.55;9.98;9874673;292478048.00
2015/05/25;9.98;10.18;9.73;10.16;8133571;244138272.00
2015/05/26;10.15;10.45;10.11;10.40;7219044;224914672.00
2015/05/27;10.42;10.43;9.95;10.17;7822983;239494800.00
2015/05/28;10.17;10.44;9.29;9.32;9079341;274690496.00
2015/05/29;9.33;9.68;8.58;9.42;6871960;193642112.00
2015/06/01;9.42;10.10;9.42;10.04;5948900;177173920.00
2015/06/02;10.10;10.95;10.02;10.88;8035823;255172496.00
2015/06/03;11.06;11.22;10.28;11.01;5881913;193846736.00
2015/06/04;11.02;11.02;9.95;10.65;5150085;163751792.00
2015/06/05;10.72;11.32;10.62;10.92;5199697;172385200.00
2015/06/08;10.98;11.35;10.80;11.05;6372142;213521280.00
2015/06/09;11.17;11.17;10.62;10.74;5081734;165396704.00
2015/06/10;10.62;11.15;10.52;11.02;5138034;169658672.00
2015/06/11;11.02;11.78;10.95;11.76;6870354;236102096.00
2015/06/12;11.83;12.85;11.82;12.60;7875151;295222080.00
2015/06/15;12.67;12.83;12.17;12.39;5412641;203413072.00
2015/06/16;11.99;12.33;11.62;11.69;5261116;189134928.00
2015/06/17;11.72;12.59;11.72;12.43;5415781;196599744.00
2015/06/18;12.49;13.13;11.96;11.96;6179401;236012688.00
2015/06/19;11.80;11.80;10.80;11.11;5442113;184612064.00
2015/06/23;11.32;11.46;10.00;10.69;6038422;191533408.00
2015/06/24;10.87;11.15;10.43;11.13;6277376;205961120.00
2015/06/25;11.10;11.10;10.07;10.27;5049416;162572048.00
2015/06/26;9.93;9.93;9.24;9.24;5776759;163365344.00
2015/06/29;9.34;9.47;8.32;8.32;6979805;183075696.00
2015/06/30;8.13;8.86;7.49;8.69;9755854;236977904.00
2015/07/01;8.50;8.94;7.82;7.82;8050855;207076656.00
2015/07/02;7.83;7.99;7.04;7.04;7821528;172222448.00
2015/07/03;6.80;7.45;6.35;6.47;8369599;168504784.00
2015/07/06;7.11;7.11;5.82;6.00;10405739;199501344.00
2015/07/07;5.83;5.90;5.40;5.40;5808388;96975200.00
2015/08/04;5.94;5.94;5.94;5.94;39267;700130.63
2015/08/05;6.54;6.54;6.54;6.54;29900;586339.00
2015/08/06;7.19;7.19;7.00;7.19;15414430;332305024.00
2015/08/07;7.20;7.77;7.12;7.46;20151561;446708640.00
2015/08/10;7.37;8.16;7.37;7.90;17119489;398192608.00
2015/08/11;7.78;7.92;7.64;7.75;12425984;289809952.00
2015/08/12;7.73;7.86;7.63;7.68;7765704;181114544.00
2015/08/13;7.64;8.10;7.63;8.06;8806157;207235344.00
2015/08/14;8.30;8.66;8.06;8.42;9918367;252457632.00
2015/08/17;8.35;8.83;8.34;8.57;7625516;196921216.00
2015/08/18;8.62;8.97;7.85;8.05;11891446;303461632.00
2015/08/19;7.83;8.50;7.50;8.46;8927743;214080912.00
2015/08/20;8.29;8.67;8.21;8.26;6841159;172933152.00
2015/08/21;8.17;8.42;7.67;7.79;6578673;158326256.00
2015/08/24;7.13;7.40;7.01;7.01;6647310;140928768.00
2015/08/25;6.32;6.63;6.31;6.31;6853138;131593832.00
2015/08/26;6.38;6.73;5.85;6.04;7635131;144056704.00
2015/08/27;6.17;6.64;6.09;6.64;6937110;131067880.00
2015/08/28;6.84;7.30;6.69;7.22;6486144;134950880.00
2015/08/31;7.03;7.26;6.87;6.93;5494460;115977904.00
2015/09/01;6.93;7.10;6.33;6.33;5044514;100533296.00
2015/09/02;6.12;6.83;5.85;5.99;4882325;90453112.00
2015/09/07;6.13;6.58;6.12;6.23;4050733;76792696.00
2015/09/08;6.20;6.60;5.61;6.56;3607143;67518104.00
2015/09/09;6.50;7.21;6.48;6.93;5876470;120891648.00
2015/09/10;6.75;6.92;6.70;6.78;3395463;69573992.00
2015/09/11;6.78;7.03;6.77;6.86;3068330;63488392.00
2015/09/14;6.73;6.92;6.18;6.18;3993173;77727448.00
2015/09/15;6.00;6.29;5.67;5.80;5063565;91693208.00
2015/09/16;5.93;6.38;5.83;6.37;4414033;80922456.00
2015/09/17;6.25;6.66;6.15;6.25;5129090;98534440.00
2015/09/18;6.27;6.50;6.25;6.48;3828219;73220072.00
2015/09/21;6.39;6.82;6.33;6.77;4001913;79759344.00
2015/09/22;6.81;6.81;6.62;6.63;2892528;58165948.00
2015/09/23;6.57;6.96;6.53;6.67;3715568;74695344.00
2015/09/24;6.63;6.88;6.63;6.71;2843182;57538660.00
2015/09/25;6.67;6.75;6.37;6.41;2532243;49733816.00
2015/09/28;6.52;6.58;6.29;6.57;2172513;42277492.00
2015/09/29;6.47;7.20;6.38;6.75;4702646;95858776.00
2015/09/30;6.77;7.04;6.68;6.80;2656926;54504452.00
2015/10/08;6.92;7.48;6.92;7.48;4715302;103118216.00
2015/10/09;7.73;8.16;7.73;7.93;6823367;161856192.00
2015/10/12;7.98;8.47;7.97;8.27;5979907;146770032.00
2015/10/13;8.10;8.55;8.00;8.18;4664102;114921408.00
2015/10/14;8.07;8.41;8.07;8.34;5365641;132638024.00
2015/10/15;8.37;8.76;8.27;8.63;5393925;138520656.00
2015/10/16;8.72;8.79;8.37;8.57;4548931;116562832.00
2015/10/19;8.61;9.42;8.31;9.42;7948381;213708672.00
2015/10/20;9.20;9.93;9.06;9.65;8031235;227547744.00
2015/10/21;9.66;9.66;8.68;8.68;7100618;192917088.00
2015/10/22;8.66;9.05;8.43;8.94;8540826;225004048.00
2015/10/23;9.00;9.26;8.63;9.00;6801026;180886368.00
2015/10/26;9.07;9.53;9.03;9.29;7439633;208063008.00
2015/10/27;9.23;9.48;8.67;9.40;9668692;261207744.00
2015/10/28;9.39;9.75;9.17;9.57;9102045;261865056.00
2015/10/29;9.67;9.69;9.25;9.57;5539541;157313712.00
2015/10/30;9.53;9.77;9.17;9.56;3988059;113460840.00
2015/11/02;9.50;10.00;9.35;9.58;4636741;135131440.00
2015/11/03;9.73;9.77;9.00;9.20;7757258;215712448.00
2015/11/04;9.17;9.46;9.12;9.39;6410056;178133920.00
2015/11/05;9.43;10.33;9.37;10.22;15148834;458754944.00
2015/11/06;10.01;10.45;10.00;10.20;7549285;231689408.00
2015/11/09;10.17;10.92;10.17;10.77;6005604;191539136.00
2015/11/10;10.50;11.18;10.43;10.69;4469388;144136592.00
2015/11/11;10.67;11.36;10.57;11.19;4885591;160630848.00
2015/11/12;11.15;12.10;11.00;11.98;7020444;244472768.00
2015/11/13;11.87;12.33;11.14;11.57;6327318;222634096.00
2015/11/16;11.14;11.70;11.07;11.70;3229227;110092728.00
2015/11/17;11.77;12.48;11.77;12.23;6790512;248176784.00
2015/11/18;12.33;12.47;11.67;11.71;3877181;139040656.00
2015/11/19;11.73;12.07;11.50;11.98;3537846;125155664.00
2015/11/20;11.98;12.11;11.77;11.98;3869641;138439168.00
2015/11/23;12.67;12.67;10.92;11.15;13150839;462806656.00
2015/11/24;11.04;11.55;10.67;11.50;8143539;272592800.00
2015/11/25;11.50;12.65;11.33;12.32;9910618;359685728.00
2015/11/26;12.43;12.43;11.84;12.00;8386438;304503840.00
2015/11/27;12.07;13.05;11.95;12.18;13702323;518288224.00
2015/11/30;12.40;13.40;12.15;13.39;13626047;522859456.00
2015/12/01;13.14;13.82;12.65;12.84;10265664;410257568.00
2015/12/02;12.72;13.03;11.67;12.48;6150766;226016160.00
2015/12/03;12.50;12.76;12.14;12.60;5065210;189587920.00
2015/12/04;12.50;12.60;12.00;12.23;5199645;191746272.00
2015/12/07;12.23;12.48;11.97;12.38;4519115;165774672.00
2015/12/08;12.27;12.47;11.91;12.45;6133620;224124464.00
2015/12/09;12.28;12.65;12.10;12.34;4356503;162423504.00
2015/12/10;12.39;12.44;12.00;12.03;3616747;133064000.00
2015/12/11;11.89;11.96;11.62;11.62;3439183;121042240.00
2015/12/14;11.90;12.79;11.67;12.79;8817783;333419008.00
2015/12/15;14.07;14.07;14.07;14.07;1177511;49690964.00
2015/12/16;15.00;15.47;14.70;15.47;22841630;1045644928.00
2015/12/17;16.10;17.02;16.00;17.02;16433036;821053056.00
2015/12/18;17.67;18.15;16.60;16.60;30049967;1554429184.00
2015/12/21;16.63;16.96;16.33;16.57;15483072;772057472.00
2015/12/22;16.55;16.57;15.91;16.22;12527857;608549952.00
2015/12/23;16.27;16.53;15.87;16.26;10353310;503386912.00
2015/12/24;16.00;16.67;15.48;16.37;9899860;483175104.00
2015/12/25;16.33;16.66;16.02;16.36;7315596;358300928.00
2015/12/28;16.37;16.77;15.66;15.67;9827153;474258336.00
2015/12/29;15.79;15.93;14.75;15.11;11352942;514230176.00
2015/12/30;15.02;15.49;14.91;15.20;6912054;312946688.00
2015/12/31;15.08;15.20;14.37;14.50;6035193;268561600.00
2016/01/04;14.66;15.06;13.33;13.37;7247329;315756992.00
2016/01/05;12.55;14.12;12.55;13.89;9441492;384421536.00
2016/01/06;13.77;15.08;13.56;14.90;10992037;474136768.00
2016/01/07;14.56;14.56;13.41;13.41;2212800;92513544.00
2016/01/08;13.67;14.33;12.75;14.22;10052313;416606816.00
2016/01/11;13.80;13.80;12.80;12.80;9369970;369641280.00
2016/01/12;12.41;12.73;11.74;12.13;6639253;244077728.00
2016/01/13;12.33;12.71;11.33;11.43;5599527;205533024.00
2016/01/14;10.83;11.96;10.70;11.79;6020629;205897424.00
2016/01/15;11.77;11.99;10.85;11.03;5338881;184738416.00
2016/01/18;10.73;12.13;10.63;11.98;8075459;284181632.00
2016/01/19;11.83;12.79;11.78;12.65;7889532;289362592.00
2016/01/20;12.50;13.50;12.33;12.77;9777080;381395968.00
2016/01/21;12.34;12.96;11.60;11.60;9073063;338139936.00
2016/01/22;11.96;12.38;11.63;12.27;6546547;236342576.00
2016/01/25;12.52;12.87;12.33;12.59;5872927;221503168.00
2016/01/26;12.27;12.33;11.33;11.33;6661397;236513216.00
2016/01/27;11.38;11.50;10.33;11.15;5799624;190609264.00
2016/01/28;10.83;11.06;10.04;10.04;5249353;165854080.00
2016/01/29;9.99;10.77;9.74;10.52;5319961;164649952.00
2016/02/01;10.40;10.47;9.60;9.90;5071817;154249424.00
2016/02/02;9.86;10.51;9.86;10.35;5200610;160860192.00
2016/02/03;10.19;10.53;9.99;10.44;4156496;127635032.00
2016/02/04;10.50;10.98;10.50;10.77;5025252;162388640.00
2016/02/05;10.80;11.11;10.57;10.59;3876988;125704824.00
2016/02/15;9.88;10.55;9.88;10.44;3325020;102471312.00
2016/02/16;10.55;11.22;10.53;11.11;5351417;175524528.00
2016/02/17;11.04;12.00;11.00;11.95;9340837;320480320.00
2016/02/18;11.86;12.33;11.69;11.91;8486124;305130112.00
2016/02/19;11.85;12.08;11.77;12.00;5173449;185531424.00
2016/02/22;12.26;12.77;12.13;12.57;7906535;295495616.00
2016/02/23;12.57;12.74;11.96;12.29;8279851;308757888.00
2016/02/24;12.17;12.38;11.69;12.04;5645335;203368128.00
2016/02/25;11.99;12.00;10.84;10.84;6390407;215638048.00
2016/02/26;10.90;11.10;10.24;10.53;3901025;124933152.00
2016/02/29;10.43;10.59;9.47;9.60;4847001;141812464.00
2016/03/01;9.67;10.16;9.30;10.05;5006650;146787872.00
2016/03/02;9.91;10.71;9.90;10.66;4796611;148647696.00
2016/03/03;10.60;10.86;10.47;10.48;4650778;148884448.00
2016/03/04;10.38;10.47;9.50;9.65;4825540;144207088.00
2016/03/07;9.69;10.11;9.69;9.77;3936443;117128144.00
2016/03/08;9.67;10.01;9.12;9.87;4527169;128246456.00
2016/03/09;9.60;9.75;9.39;9.59;2909354;83636224.00
2016/03/10;9.63;9.89;9.46;9.65;3462213;101037768.00
2016/03/11;9.53;9.90;9.43;9.81;3161004;91998560.00
2016/03/14;10.07;10.66;10.05;10.44;4731806;148007568.00
2016/03/15;10.49;10.49;10.07;10.14;4069429;125278640.00
2016/03/16;10.26;10.35;9.90;9.93;3096616;93769392.00
2016/03/17;10.02;10.50;9.97;10.41;4909368;151335104.00
2016/03/18;10.52;11.45;10.46;11.19;7262847;239162864.00
2016/03/21;11.37;11.66;11.20;11.62;7875864;269245504.00
2016/03/22;11.50;12.43;11.41;12.16;9278992;332468192.00
2016/03/23;12.06;13.31;11.93;13.08;10582819;396968736.00
2016/03/24;12.97;14.39;12.80;13.82;15762270;651253760.00
2016/03/25;13.83;13.97;12.58;12.95;16554681;652190656.00
2016/03/28;13.00;13.32;12.50;12.67;9578734;373235488.00
2016/03/29;12.75;13.02;12.33;12.86;7920296;301843040.00
2016/03/30;12.94;14.15;12.87;14.15;14170104;582390656.00
2016/03/31;14.27;14.57;13.74;13.78;15168100;644256512.00
2016/04/01;13.62;14.29;13.37;14.09;10701372;445587680.00
2016/04/05;14.13;15.05;14.03;14.77;10694240;469740928.00
2016/04/06;14.60;16.00;14.57;15.71;11081946;506785248.00
2016/04/07;15.68;15.68;15.10;15.28;10444886;483099264.00
2016/04/08;14.96;15.53;14.28;14.90;10465306;469321760.00
2016/04/11;15.22;15.73;15.02;15.02;9054734;417615200.00
2016/04/12;14.85;15.12;13.55;13.77;11703601;493305056.00
2016/04/13;13.90;14.67;13.90;14.26;9487698;407159168.00
2016/04/14;14.41;14.59;13.77;14.41;7043407;299870336.00
2016/04/15;14.33;14.49;14.02;14.14;4255122;181510736.00
2016/04/18;14.00;14.13;13.67;14.04;4624457;193503136.00
2016/04/19;14.18;14.44;14.04;14.28;6639780;284869056.00
2016/04/20;14.33;14.33;12.85;13.33;11470601;462623872.00
2016/04/21;13.10;13.26;12.65;12.66;5193686;202369552.00
2016/04/22;12.48;13.32;12.34;13.32;5817365;225417504.00
2016/04/25;13.09;13.10;12.66;12.96;4656349;180074496.00
2016/04/26;12.87;13.47;12.87;13.46;6279624;249950320.00
2016/04/27;13.39;13.53;13.00;13.17;6448148;256380656.00
2016/04/28;13.00;13.00;12.45;12.84;7953679;302635712.00
2016/04/29;12.79;13.52;12.67;13.10;7171151;284829248.00
2016/05/03;13.19;13.95;13.07;13.88;7768580;317207200.00
2016/05/04;13.83;14.66;13.70;14.13;10247447;437431328.00
2016/05/05;14.13;15.55;14.02;15.55;18267920;821325184.00
2016/05/06;15.96;15.96;14.11;14.24;21159406;949061376.00
2016/05/09;13.76;13.90;12.82;12.82;22509978;294937600.00
2016/05/10;12.22;12.37;11.62;12.00;31565172;376895072.00
2016/05/11;12.05;12.12;11.11;11.19;26689013;306185984.00
2016/05/12;10.82;11.00;10.55;10.94;21191597;228681584.00
2016/05/13;11.09;11.14;10.56;10.65;19775053;214743536.00
2016/05/16;10.60;11.09;10.51;10.91;15931036;173305824.00
2016/05/17;10.99;10.99;10.64;10.86;16401130;177131040.00
2016/05/18;10.65;10.75;9.77;9.89;25398457;256771136.00
2016/05/19;9.84;10.30;9.84;9.97;17070968;172183904.00
2016/05/20;9.89;10.22;9.67;10.15;14469293;144959072.00
2016/05/23;10.25;10.48;10.16;10.40;16536304;170790032.00
2016/05/24;10.37;10.39;9.91;10.02;14106120;142301936.00
2016/05/25;10.28;10.33;9.95;10.03;11342733;114756424.00
2016/05/26;10.04;10.13;9.70;10.08;12152835;120437728.00
2016/05/27;10.09;10.12;9.95;10.00;9256172;92691784.00
2016/05/30;10.00;10.09;9.81;9.95;8351718;83316040.00
2016/05/31;9.96;10.59;9.96;10.55;20997045;217181696.00
2016/06/01;10.62;11.00;10.62;10.88;22774495;247749696.00
2016/06/02;10.96;11.28;10.75;10.93;22365850;245140272.00
2016/06/03;10.89;11.10;10.71;10.94;17425708;189890496.00
2016/06/06;11.00;11.04;10.73;10.81;12060363;130680856.00
2016/06/07;10.69;10.87;10.60;10.72;9897500;105796824.00
2016/06/08;10.80;10.98;10.53;10.84;16981982;183306128.00
2016/06/13;10.63;10.91;10.06;10.16;14829485;157352640.00
2016/06/14;10.15;10.18;9.81;9.94;11847357;118178128.00
2016/06/15;9.73;10.38;9.65;10.33;12956710;131951832.00
2016/06/16;10.40;10.40;10.00;10.12;12801954;130044016.00
2016/06/17;10.22;10.33;10.05;10.15;9917152;101094544.00
2016/06/20;10.24;10.27;9.92;10.17;9156383;92576128.00
2016/06/21;10.27;10.34;10.00;10.02;10710306;108679856.00
2016/06/22;10.09;10.17;9.98;10.15;7471141;75235840.00
2016/06/23;10.18;10.47;10.01;10.39;15606543;159891936.00
2016/06/24;10.43;10.43;9.80;10.10;15060472;152729152.00
2016/06/27;10.02;10.79;9.94;10.59;21935644;228207840.00
2016/06/28;10.45;11.65;10.40;11.65;47583532;536253120.00
2016/06/29;11.90;11.98;11.40;11.67;38663717;449863104.00
2016/06/30;11.66;11.84;11.44;11.59;21462276;249634080.00
2016/07/01;11.52;11.70;11.32;11.36;17992284;206245456.00
2016/07/04;11.22;12.24;11.13;12.14;34493560;406019104.00
2016/07/05;12.14;12.84;11.96;12.23;37730311;467567136.00
2016/07/06;12.20;12.69;11.91;12.57;31642558;392623296.00
2016/07/07;12.48;12.48;12.00;12.23;27521684;335502240.00
2016/07/08;12.17;12.45;12.02;12.17;16469742;202251744.00
2016/07/11;12.26;12.36;12.02;12.05;15473109;188445248.00
2016/07/12;12.05;12.19;11.53;11.99;16595296;196816528.00
2016/07/13;12.10;12.20;11.95;12.06;11708597;141130576.00
2016/07/14;12.10;12.50;11.90;12.49;22412990;275096608.00
2016/07/15;12.43;12.43;12.10;12.17;13781499;168617376.00
2016/07/18;12.05;12.13;11.88;11.93;9616027;115037640.00
2016/07/19;11.90;12.02;11.87;12.00;6700066;80082248.00
2016/07/20;12.04;12.13;11.96;11.97;7336845;88269728.00
2016/07/21;11.96;12.07;11.89;11.93;7918063;94893944.00
2016/07/22;12.01;12.09;11.83;11.84;8122450;97147792.00
2016/07/25;11.82;11.84;11.57;11.66;7714702;90213904.00
2016/07/26;11.67;11.90;11.67;11.89;6295037;74437048.00
2016/07/27;11.99;12.35;11.40;11.75;24743757;297466688.00
2016/07/28;11.54;11.82;11.08;11.34;14500624;165936752.00
2016/07/29;11.35;11.44;11.00;11.08;7756701;86598560.00
2016/08/01;11.08;11.08;10.32;10.53;9417767;99349248.00
2016/08/02;10.53;10.63;10.44;10.62;4885309;51463644.00
2016/08/03;10.60;10.66;10.50;10.60;5621250;59419936.00
2016/08/04;10.63;10.66;10.50;10.66;4993460;52900360.00
2016/08/05;10.65;10.66;10.52;10.53;4128606;43664740.00
2016/08/08;10.54;10.72;10.32;10.72;6511920;68761184.00
2016/08/09;10.67;10.87;10.67;10.81;5439789;58621820.00
2016/08/10;10.81;10.87;10.74;10.76;4933212;53226104.00
2016/08/11;10.72;10.82;10.49;10.51;5330763;56776092.00
2016/08/12;10.50;10.77;10.47;10.70;4883563;51806908.00
2016/08/15;10.80;10.96;10.61;10.92;8425124;91407568.00
2016/08/16;10.92;10.98;10.84;10.89;7893570;86069744.00
2016/08/17;10.93;11.39;10.89;11.31;14047174;157607520.00
2016/08/18;11.23;11.34;11.11;11.19;8187917;91531032.00
2016/08/19;11.19;11.22;11.03;11.15;5691260;63171016.00
2016/08/22;11.15;11.17;10.75;10.75;9189423;100387664.00
2016/08/23;10.75;10.98;10.74;10.96;7503980;81783416.00
2016/08/24;11.11;11.21;10.92;11.12;8986869;99744808.00
2016/08/25;11.02;11.40;10.84;11.32;14938485;167595584.00
2016/08/26;11.28;11.37;11.19;11.21;10348373;116586144.00
2016/08/29;11.26;11.27;10.98;11.09;6984466;77653440.00
2016/08/30;11.08;11.39;11.06;11.24;9235684;103886672.00
2016/08/31;11.26;11.30;11.03;11.19;5478423;61096064.00
2016/09/01;11.14;11.27;11.14;11.22;6147759;68902168.00
2016/09/02;11.18;11.85;11.09;11.45;19915826;230425888.00
2016/09/05;11.45;11.65;11.25;11.33;12054581;138128096.00
2016/09/06;11.28;11.86;11.00;11.81;27193386;312450592.00
2016/09/07;11.73;11.98;11.59;11.61;21988610;259596208.00
2016/09/08;11.59;11.80;11.55;11.69;10600639;123421104.00
2016/09/09;11.75;11.78;11.42;11.45;10096811;117424896.00
2016/09/12;11.18;11.42;11.11;11.30;10063460;113489312.00
2016/09/13;11.39;11.97;11.25;11.82;15990742;185643712.00
2016/09/14;11.77;12.14;11.66;11.89;26336281;314191872.00
2016/09/19;11.89;11.96;11.75;11.88;11056970;131126928.00
2016/09/20;11.88;12.15;11.70;11.90;17643089;210578592.00
2016/09/21;11.96;12.48;11.87;12.32;32137840;392588096.00
2016/09/22;12.30;12.39;12.10;12.17;19007995;231791744.00
2016/09/23;12.13;12.22;11.89;11.99;14433059;173286336.00
2016/09/26;11.84;11.96;11.30;11.31;15215064;176613408.00
2016/09/27;11.22;11.37;11.08;11.32;11399304;127763480.00
2016/09/28;11.28;11.55;11.25;11.41;10357290;118366536.00
2016/09/29;11.50;11.50;11.20;11.24;7288665;82695056.00
2016/09/30;11.26;11.65;11.20;11.52;9480702;108812256.00
2016/10/10;11.58;12.67;11.58;12.67;34746910;426664992.00
2016/10/25;12.80;13.86;12.67;12.84;53749715;701035776.00
2016/10/26;12.95;13.17;12.52;13.02;38349050;494328448.00
2016/10/27;12.90;12.92;12.51;12.60;19182014;242912112.00
2016/10/28;12.63;12.69;12.11;12.16;19355371;238936432.00
2016/10/31;12.18;12.38;12.09;12.35;11870278;145838896.00
2016/11/01;12.20;12.44;12.10;12.35;17942756;220127088.00
2016/11/02;12.28;12.28;11.91;11.94;16269444;196693248.00
2016/11/03;11.93;12.18;11.86;11.99;11943894;143882304.00
2016/11/04;11.94;12.15;11.92;12.06;9441511;113564296.00
2016/11/07;12.07;12.08;11.88;11.98;7193800;86034376.00
2016/11/08;12.02;12.24;12.02;12.24;12229542;148617984.00
2016/11/09;12.20;12.23;11.75;11.96;11556264;138687136.00
2016/11/10;12.08;12.50;12.04;12.40;20467210;252138000.00
2016/11/11;12.29;12.38;12.14;12.25;13768572;168478608.00
2016/11/14;12.18;13.40;12.13;13.02;44017531;564545088.00
2016/11/15;12.88;13.02;12.59;12.88;25908577;330181568.00
2016/11/16;12.80;13.02;12.65;12.82;15838121;202932048.00
2016/11/17;12.69;12.69;12.45;12.57;7590300;95176240.00
数据来源:通达信
