002542 中化岩土 日线 前复权
      日期	    开盘	    最高	    最低	    收盘	    成交量	    成交额
2011/01/28;1.93;1.98;1.84;1.92;3128070;111653376.00
2011/01/31;1.87;1.89;1.82;1.86;1291529;44949528.00
2011/02/01;1.85;2.05;1.85;2.05;3827900;143722656.00
2011/02/09;2.12;2.27;2.10;2.27;5926994;240928112.00
2011/02/10;2.31;2.37;2.26;2.36;5672017;243575952.00
2011/02/11;2.28;2.33;2.22;2.30;3987458;169269280.00
2011/02/14;2.30;2.34;2.26;2.31;3361834;144103632.00
2011/02/15;2.31;2.41;2.22;2.33;3912736;167028272.00
2011/02/16;2.31;2.38;2.27;2.36;2954903;128097112.00
2011/02/17;2.34;2.50;2.33;2.42;3278174;148057200.00
2011/02/18;2.38;2.42;2.28;2.28;2586469;112661912.00
2011/02/21;2.25;2.32;2.25;2.30;1356042;57838536.00
2011/02/22;2.27;2.31;2.12;2.13;2655454;108369560.00
2011/02/23;2.11;2.17;2.11;2.14;1089438;43485652.00
2011/02/24;2.13;2.20;2.13;2.17;1060222;42884396.00
2011/02/25;2.15;2.16;2.08;2.14;1259840;49751800.00
2011/02/28;2.14;2.21;2.12;2.21;1376838;55790368.00
2011/03/01;2.20;2.20;2.13;2.15;1307029;52948712.00
2011/03/02;2.14;2.16;2.11;2.16;932718;37076292.00
2011/03/03;2.15;2.15;2.08;2.12;1118192;43994996.00
2011/03/04;2.10;2.18;2.10;2.14;854011;34118164.00
2011/03/08;2.14;2.16;2.08;2.12;893780;35135140.00
2011/03/09;2.13;2.22;2.11;2.20;1625486;65827136.00
2011/03/10;2.20;2.20;2.15;2.16;930614;37527048.00
2011/03/11;2.14;2.17;2.12;2.13;765058;30534276.00
2011/03/14;2.10;2.16;2.10;2.15;670568;26842692.00
2011/03/15;2.15;2.17;2.07;2.09;889044;34766132.00
2011/03/16;2.10;2.12;2.09;2.11;584915;23008450.00
2011/03/17;2.08;2.10;2.04;2.05;715399;27683988.00
2011/03/18;2.06;2.08;2.04;2.06;417594;16032232.00
2011/03/21;2.06;2.08;2.04;2.08;502163;19336142.00
2011/03/22;2.08;2.25;2.04;2.20;1745044;70542512.00
2011/03/23;2.17;2.19;2.14;2.17;961466;38756776.00
2011/03/24;2.18;2.25;2.15;2.21;1282168;52820368.00
2011/03/25;2.21;2.24;2.17;2.19;897495;36693776.00
2011/03/28;2.18;2.21;2.08;2.09;1066103;42463484.00
2011/03/29;2.09;2.11;2.03;2.03;757829;29056242.00
2011/03/30;2.03;2.06;2.00;2.01;464234;17494910.00
2011/03/31;2.00;2.03;1.98;2.01;277017;10427430.00
2011/04/01;2.01;2.03;2.01;2.02;298822;11288845.00
2011/04/06;2.02;2.02;1.92;1.95;616104;22537098.00
2011/04/07;1.95;1.97;1.93;1.96;341490;12496742.00
2011/04/11;1.98;2.00;1.95;1.95;472269;17403716.00
2011/04/12;1.94;1.95;1.92;1.93;387679;14018477.00
2011/04/13;1.92;1.99;1.92;1.98;555693;20399568.00
2011/04/14;1.98;1.99;1.96;1.98;313870;11583574.00
2011/04/15;1.99;1.99;1.94;1.96;406484;14948082.00
2011/04/18;1.93;1.95;1.92;1.93;438004;15820365.00
2011/04/19;1.93;1.94;1.89;1.94;443624;15972647.00
2011/04/20;1.93;1.98;1.93;1.95;361241;13226379.00
2011/04/21;1.95;2.06;1.93;2.03;914040;34157020.00
2011/04/22;2.04;2.04;1.97;1.98;833633;31099178.00
2011/04/25;1.94;1.96;1.92;1.92;470582;17014904.00
2011/04/26;1.90;1.95;1.90;1.93;207466;7494193.50
2011/04/27;1.93;1.94;1.87;1.88;320305;11443505.00
2011/04/28;1.90;1.90;1.75;1.75;838389;28266890.00
2011/04/29;1.75;1.78;1.75;1.77;400747;13282475.00
2011/05/03;1.78;1.78;1.72;1.76;346805;11390356.00
2011/05/04;1.76;1.77;1.72;1.72;547669;17937466.00
2011/05/05;1.72;1.75;1.72;1.74;234316;7667129.50
2011/05/09;1.77;1.79;1.75;1.76;280476;9325300.00
2011/05/10;1.76;1.78;1.75;1.77;297526;9860357.00
2011/05/11;1.79;1.79;1.75;1.77;314308;10457090.00
2011/05/12;1.77;1.78;1.73;1.78;420579;13841741.00
2011/05/13;1.78;1.78;1.75;1.78;421611;13999615.00
2011/05/16;1.78;1.79;1.74;1.75;340084;11294976.00
2011/05/17;1.75;1.76;1.70;1.74;413000;13449899.00
2011/05/18;1.74;1.76;1.73;1.75;205628;6753992.00
2011/05/19;1.75;1.79;1.75;1.75;325834;10847609.00
2011/05/20;1.75;1.75;1.72;1.72;230523;4985031.50
2011/05/23;1.72;1.72;1.59;1.61;566410;11655664.00
2011/05/24;1.59;1.59;1.53;1.58;456346;8966255.00
2011/05/25;1.57;1.57;1.51;1.52;431481;8387469.50
2011/05/26;1.52;1.54;1.49;1.51;363007;6900549.00
2011/05/27;1.50;1.52;1.48;1.49;254540;4805930.00
2011/05/30;1.49;1.52;1.47;1.49;246542;4651105.00
2011/05/31;1.54;1.65;1.53;1.65;930628;18929372.00
2011/06/01;1.69;1.82;1.69;1.82;3667769;80425360.00
2011/06/02;1.76;1.80;1.74;1.78;2130090;46940964.00
2011/06/03;1.76;1.79;1.75;1.78;1503184;33260776.00
2011/06/07;1.78;1.89;1.77;1.79;1910152;43498500.00
2011/06/08;1.82;1.87;1.78;1.83;1815093;41177900.00
2011/06/09;1.82;1.82;1.73;1.73;1602183;35349376.00
2011/06/10;1.70;1.73;1.64;1.68;1128589;23701188.00
2011/06/13;1.66;1.68;1.61;1.67;716045;14745967.00
2011/06/14;1.68;1.81;1.67;1.80;1845032;40619908.00
2011/06/15;1.78;1.80;1.73;1.73;1153412;25484952.00
2011/06/16;1.72;1.72;1.65;1.68;819274;17186424.00
2011/06/17;1.65;1.71;1.64;1.64;603403;12662153.00
2011/06/20;1.62;1.70;1.62;1.70;903173;18839290.00
2011/06/21;1.68;1.88;1.68;1.88;2774234;62770520.00
2011/06/22;1.94;1.97;1.88;1.96;4737223;113876096.00
2011/06/23;1.93;2.05;1.90;2.00;4464349;109690448.00
2011/06/24;1.98;2.06;1.95;1.99;4003774;100191696.00
2011/06/27;1.98;2.09;1.97;2.09;3611970;90786696.00
2011/06/28;2.07;2.07;2.02;2.03;2468771;62546776.00
2011/06/29;2.04;2.12;1.97;2.08;2979123;75789800.00
2011/06/30;2.03;2.13;2.03;2.07;2885020;74932816.00
2011/07/01;2.06;2.13;2.04;2.08;2251664;58421648.00
2011/07/04;2.09;2.13;2.06;2.11;2424387;63089312.00
2011/07/05;2.10;2.21;2.08;2.16;2818438;75372048.00
2011/07/06;2.16;2.22;2.14;2.21;3380501;91895080.00
2011/07/07;2.21;2.21;2.15;2.16;2517823;67934696.00
2011/07/08;2.15;2.15;2.06;2.08;2357423;61031088.00
2011/07/11;2.07;2.12;2.05;2.10;1447629;37567164.00
2011/07/12;2.06;2.09;2.04;2.06;1462018;37442760.00
2011/07/13;2.08;2.27;2.08;2.27;3818803;104436656.00
2011/07/14;2.31;2.33;2.24;2.26;4037420;113623728.00
2011/07/15;2.25;2.31;2.22;2.30;2699357;75627448.00
2011/07/18;2.29;2.32;2.23;2.23;1978982;55358032.00
2011/07/19;2.19;2.26;2.17;2.20;1411580;38339452.00
2011/07/20;2.21;2.23;2.18;2.23;1279997;35109508.00
2011/07/21;2.21;2.30;2.21;2.22;1810822;50697532.00
2011/07/22;2.20;2.23;2.16;2.20;1283216;34785152.00
2011/07/25;2.21;2.21;1.97;1.99;2314218;59067716.00
2011/07/26;1.99;2.03;1.93;2.01;1248996;30964316.00
2011/07/27;1.99;2.06;1.95;2.04;1190189;30058674.00
2011/07/28;2.00;2.04;1.98;2.01;768959;19179800.00
2011/07/29;2.00;2.06;1.97;1.98;1015181;25463224.00
2011/08/01;1.96;2.02;1.94;2.02;1049781;25915508.00
2011/08/02;2.01;2.12;1.96;2.11;2000130;51497072.00
2011/08/03;2.09;2.13;2.06;2.13;1426872;37327844.00
2011/08/04;2.13;2.20;2.13;2.14;1524866;40869432.00
2011/08/05;1.99;2.08;1.98;2.02;1114676;28333636.00
2011/08/08;1.99;2.00;1.81;1.86;1462923;34628788.00
2011/08/09;1.79;1.89;1.72;1.85;1242988;28068240.00
2011/08/10;1.91;1.93;1.86;1.86;951026;22488784.00
2011/08/11;1.82;1.92;1.79;1.91;814702;19045792.00
2011/08/12;1.92;2.11;1.91;2.11;1870965;47792732.00
2011/08/15;2.17;2.24;2.11;2.21;4334830;117074664.00
2011/08/16;2.18;2.28;2.17;2.21;3869476;106631768.00
2011/08/17;2.20;2.26;2.18;2.23;2648932;73365136.00
2011/08/18;2.23;2.25;2.13;2.15;2130389;57319332.00
2011/08/19;2.06;2.10;2.01;2.06;2434369;62143056.00
2011/08/22;2.05;2.14;2.05;2.09;1770071;45902996.00
2011/08/23;2.08;2.26;2.07;2.22;3474264;94305776.00
2011/08/24;2.22;2.25;2.17;2.17;2682777;73230384.00
2011/08/25;2.15;2.24;2.14;2.22;2156862;58537100.00
2011/08/26;2.20;2.35;2.19;2.28;5116374;145171504.00
2011/08/29;2.24;2.27;2.20;2.22;2595368;71626128.00
2011/08/30;2.23;2.25;2.12;2.13;2056281;55696964.00
2011/08/31;2.14;2.22;2.07;2.21;2042568;54295084.00
2011/09/01;2.19;2.30;2.16;2.22;2893485;80285864.00
2011/09/02;2.21;2.21;2.14;2.16;1316033;35336092.00
2011/09/05;2.08;2.14;2.07;2.09;1082724;28117182.00
2011/09/06;2.08;2.13;2.03;2.11;876446;22787364.00
2011/09/07;2.10;2.20;2.10;2.19;1447087;38842324.00
2011/09/08;2.19;2.21;2.12;2.12;1293102;34692564.00
2011/09/09;2.12;2.17;2.04;2.05;1449087;37496952.00
2011/09/13;1.99;2.03;1.97;2.01;793188;19698698.00
2011/09/14;2.01;2.05;1.96;2.04;1028228;25642108.00
2011/09/15;2.04;2.07;2.01;2.02;849568;21515296.00
2011/09/16;2.04;2.04;1.99;1.99;658021;16443838.00
2011/09/19;1.96;1.98;1.84;1.85;1138516;26869280.00
2011/09/20;1.84;1.89;1.84;1.86;626915;14622037.00
2011/09/21;1.87;1.97;1.85;1.95;1342206;32219028.00
2011/09/22;1.93;1.95;1.86;1.86;1075521;25529726.00
2011/09/23;1.80;1.87;1.79;1.87;728692;16742041.00
2011/09/26;1.89;1.94;1.86;1.87;838744;19799246.00
2011/09/27;1.91;1.91;1.84;1.87;590022;13827448.00
2011/09/28;1.89;1.91;1.80;1.81;685064;15758272.00
2011/09/29;1.81;1.83;1.70;1.71;667678;14526799.00
2011/09/30;1.71;1.74;1.68;1.71;427430;9118187.00
2011/10/10;1.71;1.75;1.71;1.71;353793;7637580.00
2011/10/11;1.76;1.78;1.68;1.69;534708;11596001.00
2011/10/12;1.69;1.83;1.68;1.82;1468372;32604362.00
2011/10/13;1.80;1.87;1.80;1.84;1238443;28378418.00
2011/10/14;1.83;1.85;1.80;1.81;711065;16136104.00
2011/10/17;1.81;1.95;1.80;1.89;1708428;40325528.00
2011/10/18;1.86;1.90;1.81;1.82;1149414;26532124.00
2011/10/19;1.82;1.86;1.80;1.82;698825;15943470.00
2011/10/20;1.83;1.83;1.72;1.74;1084672;23928438.00
2011/10/21;1.74;1.75;1.66;1.67;781493;16536607.00
2011/10/24;1.68;1.69;1.56;1.68;1019257;20817980.00
2011/10/25;1.68;1.75;1.64;1.74;1164623;24849894.00
2011/10/26;1.72;1.81;1.71;1.73;1351950;29737588.00
2011/10/27;1.73;1.76;1.71;1.71;966524;20897230.00
2011/10/28;1.73;1.78;1.73;1.77;1094481;23987456.00
2011/10/31;1.76;1.83;1.75;1.83;1340975;30016560.00
2011/11/01;1.79;1.83;1.76;1.80;1094773;24612358.00
2011/11/02;1.76;1.87;1.75;1.85;1492204;33764072.00
2011/11/03;1.86;1.92;1.83;1.83;1593940;37057848.00
2011/11/04;1.84;1.91;1.83;1.87;1479693;34432356.00
2011/11/07;1.85;1.89;1.83;1.83;998115;22982294.00
2011/11/08;1.83;1.86;1.79;1.80;770771;17511352.00
2011/11/09;1.80;1.85;1.78;1.85;854924;19425838.00
2011/11/10;1.83;1.88;1.81;1.85;1268413;29236850.00
2011/11/11;1.85;1.91;1.84;1.86;1396690;32730470.00
2011/11/14;1.87;1.92;1.87;1.91;1339316;31799674.00
2011/11/15;1.91;1.92;1.88;1.89;1082560;25603654.00
2011/11/16;1.89;1.91;1.80;1.81;1368971;31424488.00
2011/11/17;1.81;1.83;1.78;1.79;874780;19614828.00
2011/11/18;1.75;1.79;1.71;1.71;849372;18471496.00
2011/11/21;1.70;1.73;1.70;1.72;395267;8467500.00
2011/11/22;1.71;1.74;1.69;1.74;382796;8211191.00
2011/11/23;1.74;1.75;1.72;1.72;337616;7327206.50
2011/11/24;1.70;1.74;1.66;1.72;358826;7616513.50
2011/11/25;1.72;1.73;1.67;1.67;320137;6825005.00
2011/11/28;1.69;1.70;1.65;1.66;323679;6781518.00
2011/11/29;1.70;1.74;1.68;1.73;808988;17265842.00
2011/11/30;1.73;1.74;1.60;1.62;887231;18551318.00
2011/12/01;1.68;1.70;1.66;1.66;673294;14182259.00
2011/12/02;1.60;1.66;1.60;1.61;440635;8934993.00
2011/12/05;1.61;1.61;1.56;1.56;272850;5416447.00
2011/12/06;1.56;1.59;1.55;1.57;308188;6060062.00
2011/12/07;1.56;1.59;1.55;1.57;241664;4770470.00
2011/12/08;1.57;1.64;1.56;1.62;557886;11219629.00
2011/12/09;1.60;1.62;1.59;1.60;300772;6042199.00
2011/12/12;1.59;1.61;1.55;1.56;347892;6852983.00
2011/12/13;1.54;1.54;1.49;1.49;562905;10676363.00
2011/12/14;1.47;1.52;1.46;1.47;250567;4682143.50
2011/12/15;1.46;1.48;1.43;1.43;321100;5851506.00
2011/12/16;1.43;1.48;1.42;1.48;293676;5375331.50
2011/12/19;1.48;1.48;1.41;1.45;544040;9846553.00
2011/12/20;1.44;1.47;1.44;1.45;325037;5980828.00
2011/12/21;1.47;1.47;1.40;1.40;458028;8293515.50
2011/12/22;1.40;1.40;1.30;1.35;582162;9828598.00
2011/12/23;1.34;1.39;1.34;1.35;399272;6873108.00
2011/12/26;1.35;1.36;1.31;1.32;289562;4896834.00
2011/12/27;1.31;1.31;1.25;1.26;313200;5092064.50
2011/12/28;1.26;1.26;1.19;1.24;376898;5840931.00
2011/12/29;1.23;1.25;1.22;1.22;268838;4200408.00
2011/12/30;1.23;1.26;1.23;1.25;382816;6090209.00
2012/01/04;1.27;1.38;1.27;1.28;1195321;20162864.00
2012/01/05;1.26;1.42;1.24;1.42;3563311;62245568.00
2012/01/06;1.39;1.45;1.38;1.44;2973023;53346684.00
2012/01/10;1.50;1.54;1.45;1.51;3475239;65294560.00
2012/01/11;1.48;1.51;1.47;1.50;1956935;36759860.00
2012/01/12;1.47;1.53;1.47;1.49;1769645;33443502.00
2012/01/13;1.50;1.50;1.40;1.44;1694490;30914628.00
2012/01/16;1.43;1.47;1.40;1.44;998857;18138196.00
2012/01/17;1.44;1.51;1.29;1.49;2183797;39324484.00
2012/01/18;1.47;1.47;1.37;1.38;1736402;31351298.00
2012/01/19;1.34;1.42;1.29;1.34;1063300;18174358.00
2012/01/20;1.36;1.36;1.32;1.36;824807;14103764.00
2012/01/30;1.36;1.49;1.36;1.44;1561727;28413168.00
2012/01/31;1.41;1.47;1.40;1.46;1112201;20250602.00
2012/02/01;1.46;1.50;1.41;1.42;1503323;27745282.00
2012/02/02;1.43;1.47;1.41;1.46;1024652;18707080.00
2012/02/03;1.46;1.50;1.45;1.49;1606975;30038774.00
2012/02/06;1.55;1.59;1.50;1.53;3039947;59094144.00
2012/02/07;1.49;1.49;1.46;1.46;1369734;25457954.00
2012/02/08;1.46;1.59;1.45;1.55;2428423;46969868.00
2012/02/09;1.54;1.59;1.52;1.56;2259609;44098068.00
2012/02/10;1.54;1.57;1.52;1.54;1432342;27777916.00
2012/02/13;1.53;1.58;1.53;1.58;1627879;31909096.00
2012/02/14;1.58;1.58;1.54;1.55;1167750;22757378.00
2012/02/15;1.54;1.57;1.53;1.57;1186009;23187202.00
2012/02/16;1.56;1.58;1.53;1.54;1035350;20164536.00
2012/02/17;1.54;1.56;1.51;1.52;839339;16137941.00
2012/02/20;1.54;1.59;1.53;1.57;1948604;38259328.00
2012/02/21;1.57;1.64;1.56;1.63;2842902;57499604.00
2012/02/22;1.61;1.64;1.60;1.63;2198854;44629980.00
2012/02/23;1.66;1.66;1.61;1.62;1509868;30756100.00
2012/02/24;1.62;1.65;1.60;1.64;1572923;32029636.00
2012/02/27;1.64;1.66;1.61;1.61;1774014;36221800.00
2012/02/28;1.61;1.61;1.55;1.58;1370040;27109014.00
2012/02/29;1.57;1.60;1.56;1.57;713421;14150895.00
2012/03/01;1.58;1.59;1.56;1.58;656545;12986658.00
2012/03/02;1.59;1.63;1.58;1.63;1207867;24440872.00
2012/03/05;1.63;1.65;1.60;1.60;1092954;22080142.00
2012/03/06;1.59;1.60;1.54;1.54;1022292;20002892.00
2012/03/07;1.53;1.56;1.51;1.53;834683;16017204.00
2012/03/08;1.52;1.57;1.52;1.56;642975;12534366.00
2012/03/09;1.57;1.63;1.55;1.62;1248364;24907828.00
2012/03/12;1.62;1.62;1.57;1.59;878933;17559862.00
2012/03/13;1.59;1.62;1.59;1.62;1136834;22828122.00
2012/03/14;1.63;1.65;1.51;1.54;2114084;42605556.00
2012/03/15;1.53;1.56;1.47;1.49;1115473;21201996.00
2012/03/16;1.48;1.53;1.48;1.53;1020629;19423330.00
2012/03/19;1.53;1.57;1.51;1.56;1002324;19473258.00
2012/03/20;1.56;1.57;1.50;1.51;783753;15033065.00
2012/03/21;1.50;1.53;1.49;1.52;643051;12202239.00
2012/03/22;1.52;1.52;1.49;1.50;425980;8087092.50
2012/03/23;1.51;1.51;1.41;1.42;808000;14777854.00
2012/03/26;1.45;1.45;1.41;1.41;291538;5207548.00
2012/03/27;1.43;1.45;1.41;1.42;378258;6813194.50
2012/03/28;1.41;1.42;1.36;1.37;676985;11740603.00
2012/03/29;1.35;1.39;1.35;1.38;532665;9212277.00
2012/03/30;1.38;1.47;1.34;1.44;767943;13558802.00
2012/04/05;1.43;1.45;1.41;1.44;1179889;21193070.00
2012/04/06;1.44;1.45;1.42;1.45;630582;11439990.00
2012/04/09;1.44;1.45;1.39;1.39;478320;8603948.00
2012/04/10;1.39;1.39;1.32;1.37;668379;11428472.00
2012/04/11;1.35;1.38;1.34;1.36;427378;7343496.50
2012/04/12;1.36;1.40;1.35;1.40;507951;8838874.00
2012/04/13;1.40;1.41;1.39;1.40;448229;7926655.50
2012/04/16;1.38;1.41;1.38;1.39;397402;6979187.50
2012/04/17;1.39;1.51;1.38;1.45;1206184;22053164.00
2012/04/18;1.45;1.48;1.44;1.47;1123051;20690660.00
2012/04/19;1.46;1.47;1.45;1.45;593605;10901432.00
2012/04/20;1.51;1.60;1.50;1.60;1579132;31538472.00
2012/04/23;1.69;1.77;1.68;1.77;6814320;147280112.00
2012/04/24;1.87;1.87;1.68;1.76;5129462;112674232.00
2012/04/25;1.74;1.81;1.68;1.76;4564366;99157448.00
2012/04/26;1.72;1.72;1.66;1.67;2756557;58378684.00
2012/04/27;1.66;1.71;1.65;1.67;2222395;46897332.00
2012/05/02;1.70;1.75;1.66;1.72;2442378;52023808.00
2012/05/03;1.69;1.71;1.65;1.71;1970886;41505316.00
2012/05/04;1.69;1.83;1.69;1.75;3892697;86195376.00
2012/05/07;1.76;1.93;1.71;1.93;5483452;126976224.00
2012/05/08;1.93;2.13;1.89;2.03;7113260;177207872.00
2012/05/09;1.98;1.99;1.92;1.93;3651707;88623384.00
2012/05/11;1.94;2.10;1.94;1.97;4433913;111686648.00
2012/05/14;2.02;2.17;1.96;2.17;6573784;172275248.00
2012/05/15;2.14;2.19;2.04;2.14;5266683;137792832.00
2012/05/16;2.12;2.12;2.00;2.00;3347624;85341648.00
2012/05/17;2.01;2.13;2.00;2.06;4151314;106193632.00
2012/05/18;1.95;2.17;1.94;2.02;8907374;114679728.00
2012/05/21;1.97;2.15;1.87;2.11;8598946;107695520.00
2012/05/22;2.11;2.16;2.07;2.11;6786197;88272112.00
2012/05/23;2.10;2.25;2.02;2.21;11731078;155149248.00
2012/05/24;2.17;2.21;2.10;2.13;7292014;97445536.00
2012/05/25;2.10;2.22;2.10;2.13;6905337;92384192.00
2012/05/28;2.14;2.35;2.14;2.35;13296600;186957312.00
2012/05/29;2.40;2.60;2.38;2.60;18084108;280967872.00
2012/05/30;2.67;2.85;2.65;2.72;24617708;414502816.00
2012/05/31;2.70;2.84;2.64;2.71;16445980;277173280.00
2012/06/01;2.67;2.70;2.56;2.59;14067442;226664096.00
2012/06/04;2.52;2.69;2.50;2.68;14904633;238325120.00
2012/06/05;2.64;2.90;2.59;2.80;17955613;302535456.00
2012/06/06;2.75;2.90;2.69;2.71;13917808;238428176.00
2012/06/07;2.74;2.82;2.62;2.72;10657759;177648368.00
2012/06/08;2.73;2.80;2.68;2.74;9484759;159037072.00
2012/06/11;2.70;2.70;2.46;2.65;18861869;301019840.00
2012/06/12;2.57;2.63;2.49;2.55;10791450;168910496.00
2012/06/13;2.55;2.60;2.50;2.58;11256135;177331520.00
2012/06/14;2.56;2.57;2.47;2.50;8981523;138838384.00
2012/06/15;2.50;2.57;2.42;2.53;13142322;202687920.00
2012/06/18;2.52;2.79;2.48;2.79;22303959;365510496.00
2012/06/19;2.79;2.96;2.77;2.82;21813854;383076096.00
2012/06/20;2.81;2.81;2.68;2.71;12625850;211957216.00
2012/06/21;2.69;2.71;2.53;2.57;10308347;163716688.00
2012/06/25;2.54;2.63;2.49;2.57;6818920;108263192.00
2012/06/26;2.54;2.83;2.51;2.77;14905395;247921712.00
2012/06/27;2.73;2.84;2.69;2.75;14360064;244419840.00
2012/06/28;2.70;2.88;2.69;2.72;15335120;262664192.00
2012/07/02;2.75;2.87;2.68;2.87;15989060;273432992.00
2012/07/03;2.89;3.17;2.89;3.06;20372971;382040576.00
2012/07/04;3.00;3.03;2.88;2.90;14137483;255448800.00
2012/07/05;2.84;2.88;2.74;2.80;9212694;159080848.00
2012/07/06;2.82;2.99;2.80;2.94;12556728;223095904.00
2012/07/09;2.94;2.94;2.75;2.76;8772310;153402704.00
2012/07/10;2.73;2.73;2.57;2.60;8890686;144119456.00
2012/07/11;2.57;2.71;2.55;2.68;6813436;111595664.00
2012/07/12;2.68;2.72;2.59;2.69;6747932;110557008.00
2012/07/13;2.66;2.73;2.64;2.65;5483964;90329920.00
2012/07/16;2.65;2.74;2.59;2.60;7083687;116340760.00
2012/07/17;2.55;2.60;2.44;2.54;6431348;99003736.00
2012/07/18;2.54;2.63;2.50;2.62;6615033;104966288.00
2012/07/19;2.64;2.70;2.58;2.59;6330969;102982080.00
2012/07/20;2.57;2.66;2.52;2.60;6489675;103879800.00
2012/07/23;2.56;2.58;2.45;2.48;5300872;82042744.00
2012/07/24;2.44;2.55;2.44;2.50;4015909;61847716.00
2012/07/25;2.50;2.51;2.43;2.44;4412752;66837968.00
2012/07/26;2.43;2.46;2.19;2.32;5224076;76661272.00
2012/07/27;2.32;2.33;2.19;2.20;4927502;68239992.00
2012/07/30;2.20;2.23;2.07;2.10;3607990;47805732.00
2012/07/31;2.09;2.17;2.03;2.14;4534773;59474516.00
2012/08/01;2.12;2.21;2.10;2.17;4094399;54801816.00
2012/08/02;2.29;2.35;2.20;2.22;7100629;98840664.00
2012/08/03;2.16;2.27;2.16;2.24;4457053;61273456.00
2012/08/06;2.22;2.43;2.21;2.38;8336260;119168952.00
2012/08/07;2.37;2.56;2.34;2.51;10871860;165618528.00
2012/08/08;2.47;2.50;2.38;2.45;7651948;115269232.00
2012/08/09;2.47;2.52;2.44;2.49;6746823;103137856.00
2012/08/10;2.48;2.48;2.40;2.42;5287273;79310512.00
2012/08/13;2.39;2.45;2.33;2.33;3737821;55029244.00
2012/08/14;2.31;2.51;2.26;2.49;8110646;120532184.00
2012/08/15;2.47;2.49;2.38;2.39;5165263;77270760.00
2012/08/16;2.35;2.38;2.29;2.29;2952165;42461824.00
2012/08/17;2.29;2.34;2.27;2.31;2120756;30245124.00
2012/08/20;2.29;2.35;2.24;2.34;2444963;34869948.00
2012/08/21;2.34;2.41;2.32;2.36;3430612;50301844.00
2012/08/22;2.35;2.52;2.34;2.44;7467942;112408648.00
2012/08/23;2.42;2.50;2.40;2.41;6375103;96001224.00
2012/08/24;2.38;2.40;2.28;2.28;4378171;62705208.00
2012/08/27;2.27;2.31;2.19;2.26;2943205;41014592.00
2012/08/28;2.25;2.30;2.22;2.28;1896088;26566706.00
2012/08/29;2.29;2.29;2.21;2.21;1768035;24593914.00
2012/08/30;2.17;2.22;2.04;2.12;2757757;36435360.00
2012/08/31;2.11;2.18;2.09;2.15;1817299;24087754.00
2012/09/03;2.14;2.20;2.12;2.19;2465041;33030842.00
2012/09/04;2.19;2.23;2.15;2.16;2497600;33802312.00
2012/09/05;2.14;2.17;2.12;2.14;1622975;21472860.00
2012/09/06;2.16;2.27;2.15;2.23;4275400;58781852.00
2012/09/07;2.30;2.39;2.25;2.34;6488200;93312728.00
2012/09/10;2.34;2.38;2.30;2.38;5685712;82513752.00
2012/09/11;2.35;2.35;2.29;2.32;3996893;57151552.00
2012/09/12;2.32;2.38;2.32;2.37;4292982;62197516.00
2012/09/13;2.37;2.37;2.30;2.30;3205489;46193748.00
2012/09/14;2.32;2.35;2.25;2.28;2514687;35526440.00
2012/09/17;2.30;2.30;2.17;2.17;2619761;35731268.00
2012/09/18;2.17;2.20;2.15;2.17;1197610;16079974.00
2012/09/19;2.17;2.20;2.17;2.19;1137376;15345616.00
2012/09/20;2.21;2.21;2.07;2.07;1861556;24449086.00
2012/09/21;2.07;2.13;2.06;2.08;1379719;17829764.00
2012/09/24;2.06;2.11;2.03;2.10;1189162;15320255.00
2012/09/25;2.10;2.13;2.08;2.10;1214388;15806842.00
2012/09/26;2.10;2.10;1.96;1.96;1793511;22456846.00
2012/09/27;2.01;2.02;1.94;2.01;1774494;21906140.00
2012/09/28;1.99;2.05;1.99;2.04;1632998;20459412.00
2012/10/08;2.04;2.14;2.04;2.13;3690345;48145780.00
2012/10/09;2.11;2.20;2.11;2.18;3758899;50036568.00
2012/10/10;2.16;2.18;2.13;2.16;2884001;38309460.00
2012/10/11;2.14;2.15;2.06;2.07;2666991;34737732.00
2012/10/12;2.07;2.12;2.02;2.07;1574664;20205406.00
2012/10/15;2.09;2.09;2.02;2.04;1298545;16320553.00
2012/10/16;2.05;2.07;2.02;2.04;1207323;15293586.00
2012/10/17;2.04;2.06;2.03;2.05;1417816;17927136.00
2012/10/18;2.05;2.10;2.05;2.09;2323797;29885650.00
2012/10/19;2.07;2.10;2.06;2.07;1342798;17265164.00
2012/10/22;2.05;2.16;2.04;2.16;4070456;53581680.00
2012/10/23;2.15;2.17;2.10;2.10;2529647;33228338.00
2012/10/24;2.07;2.09;2.05;2.05;1623401;20792506.00
2012/10/25;2.06;2.10;2.04;2.06;1394461;17824308.00
2012/10/26;2.06;2.08;1.95;1.95;2288989;28251836.00
2012/10/29;1.95;2.00;1.95;1.97;1079305;13167143.00
2012/10/30;1.97;1.99;1.95;1.98;748681;9178735.00
2012/10/31;1.98;1.99;1.94;1.95;1011032;12252911.00
2012/11/01;1.96;2.08;1.96;2.05;3548906;44520556.00
2012/11/02;2.05;2.05;2.00;2.02;2132077;26712752.00
2012/11/05;2.01;2.05;1.98;2.03;1799196;22472414.00
2012/11/06;2.02;2.10;2.02;2.09;4459440;57229732.00
2012/11/07;2.08;2.08;2.04;2.04;2007333;25427974.00
2012/11/08;2.00;2.02;1.96;1.96;1813572;22213194.00
2012/11/09;1.95;1.98;1.93;1.94;1211408;14646431.00
2012/11/12;1.94;1.97;1.94;1.97;704430;8545521.00
2012/11/13;1.97;1.97;1.88;1.88;1599967;19000738.00
2012/11/14;1.88;1.91;1.88;1.90;888502;10437735.00
2012/11/15;1.88;1.88;1.80;1.81;1469521;16776618.00
2012/11/16;1.81;1.82;1.71;1.78;1861186;20239492.00
2012/11/19;1.77;1.80;1.74;1.79;898671;9881046.00
2012/11/20;1.81;1.81;1.77;1.77;798915;8877734.00
2012/11/21;1.81;1.96;1.80;1.88;4011489;46891884.00
2012/11/22;1.84;1.86;1.82;1.83;1753546;20020610.00
2012/11/23;1.81;1.85;1.81;1.81;1299717;14748880.00
2012/11/26;1.82;1.85;1.82;1.82;972774;11069676.00
2012/11/27;1.79;1.79;1.69;1.70;1867932;19974224.00
2012/11/28;1.73;1.80;1.70;1.72;2056008;22287630.00
2012/11/29;1.64;1.71;1.60;1.62;1637544;16950812.00
2012/11/30;1.62;1.66;1.60;1.65;1142248;11641722.00
2012/12/03;1.63;1.65;1.55;1.55;1883263;18748032.00
2012/12/04;1.56;1.59;1.48;1.58;2149069;20487948.00
2012/12/05;1.56;1.74;1.55;1.74;3338210;35465916.00
2012/12/06;1.85;1.85;1.76;1.78;6946392;77447112.00
2012/12/07;1.77;1.91;1.75;1.84;6917419;79233400.00
2012/12/10;1.82;1.90;1.78;1.88;5994211;69009608.00
2012/12/11;1.85;1.88;1.82;1.83;3549712;40653056.00
2012/12/12;1.84;1.93;1.81;1.88;5809835;67891904.00
2012/12/13;1.87;1.87;1.79;1.81;3399578;38524916.00
2012/12/14;1.79;1.97;1.79;1.93;7217266;84808200.00
2012/12/17;1.91;2.05;1.90;2.01;8271380;101110992.00
2012/12/18;1.98;2.02;1.94;1.96;4954915;60686052.00
2012/12/19;1.95;2.00;1.94;1.96;3403790;41633568.00
2012/12/20;1.95;1.98;1.91;1.98;3536586;42754860.00
2012/12/21;2.00;2.01;1.94;1.95;3766716;45938048.00
2012/12/24;1.95;1.97;1.94;1.95;2250538;27230872.00
2012/12/25;1.95;2.04;1.95;2.00;5350124;66436524.00
2012/12/26;1.99;2.15;1.98;2.11;8405184;108162280.00
2012/12/27;2.12;2.13;2.04;2.04;6091901;77832552.00
2012/12/28;2.03;2.06;2.00;2.05;2881763;36286792.00
2012/12/31;2.07;2.08;2.00;2.03;2951393;37008164.00
2013/01/04;2.05;2.08;2.01;2.04;2893590;36620872.00
2013/01/07;2.04;2.06;2.02;2.06;2793855;35347272.00
2013/01/08;2.06;2.13;2.03;2.09;4786303;61530412.00
2013/01/09;2.09;2.15;2.07;2.12;5332484;69834824.00
2013/01/10;2.12;2.13;2.08;2.10;2743293;35585860.00
2013/01/11;2.11;2.12;2.00;2.01;3609785;45665144.00
2013/01/14;2.02;2.08;2.00;2.07;3787236;48099944.00
2013/01/15;2.07;2.25;2.06;2.16;8131460;108694464.00
2013/01/16;2.14;2.15;2.08;2.11;5150711;67366288.00
2013/01/17;2.11;2.21;2.07;2.16;7025206;93671416.00
2013/01/18;2.15;2.18;2.12;2.17;4121901;54952672.00
2013/01/21;2.18;2.30;2.15;2.28;9397981;130029872.00
2013/01/22;2.26;2.27;2.18;2.21;5554234;76171640.00
2013/01/23;2.20;2.24;2.14;2.18;3436452;46351180.00
2013/01/24;2.19;2.24;2.10;2.12;4572718;61496728.00
2013/01/25;2.10;2.17;2.10;2.13;2747666;36233864.00
2013/01/28;2.13;2.19;2.12;2.18;2941888;39208692.00
2013/01/29;2.17;2.23;2.16;2.21;4024324;54524688.00
2013/01/30;2.22;2.22;2.14;2.17;2892116;38825564.00
2013/01/31;2.16;2.18;2.11;2.13;2442805;32218716.00
2013/02/01;2.12;2.15;2.11;2.13;2090034;27443184.00
2013/02/04;2.12;2.14;2.08;2.08;2683227;34878600.00
2013/02/05;2.07;2.13;2.06;2.11;1694363;22037076.00
2013/02/06;2.11;2.13;2.10;2.12;1520642;19961120.00
2013/02/07;2.15;2.23;2.14;2.17;4775978;64715600.00
2013/02/08;2.14;2.19;2.14;2.19;2835645;38112500.00
2013/02/18;2.20;2.38;2.17;2.31;8589170;121013504.00
2013/02/19;2.30;2.30;2.23;2.25;4605847;64233664.00
2013/02/20;2.24;2.29;2.24;2.28;3170703;44455168.00
2013/02/21;2.27;2.27;2.20;2.20;3446937;47236228.00
2013/02/22;2.22;2.23;2.16;2.17;2274177;30718502.00
2013/02/25;2.17;2.21;2.16;2.20;1765110;23811330.00
2013/02/26;2.17;2.19;2.13;2.13;2111445;28160406.00
2013/02/27;2.13;2.17;2.13;2.14;1107496;14660319.00
2013/02/28;2.17;2.25;2.14;2.24;4211168;57425016.00
2013/03/01;2.22;2.26;2.21;2.25;3839342;52968148.00
2013/03/04;2.24;2.24;2.14;2.17;2986234;40256312.00
2013/03/05;2.17;2.21;2.09;2.20;2401769;32094864.00
2013/03/06;2.20;2.24;2.19;2.24;3312012;45380612.00
2013/03/07;2.24;2.25;2.17;2.19;2414705;32915478.00
2013/03/08;2.19;2.23;2.16;2.21;3017010;41143124.00
2013/03/11;2.22;2.24;2.19;2.23;2373140;32511534.00
2013/03/12;2.24;2.24;2.13;2.16;3196145;43008368.00
2013/03/13;2.16;2.17;2.08;2.09;2059088;26913354.00
2013/03/14;2.09;2.13;2.09;2.09;978179;12749414.00
2013/03/15;2.09;2.11;2.03;2.06;1612801;20683670.00
2013/03/18;2.06;2.08;1.98;1.99;1255822;15715685.00
2013/03/19;1.98;2.01;1.97;1.99;1032721;12742681.00
2013/03/20;2.02;2.20;2.02;2.20;4008571;52930860.00
2013/03/21;2.27;2.33;2.25;2.28;11625333;163146816.00
2013/03/22;2.27;2.37;2.26;2.32;10083075;143769808.00
2013/03/25;2.30;2.31;2.25;2.28;5212029;73326576.00
2013/03/26;2.28;2.33;2.20;2.30;5297146;74400320.00
2013/03/27;2.28;2.33;2.25;2.27;4238105;59558820.00
2013/03/28;2.25;2.25;2.18;2.18;3278023;44657164.00
2013/03/29;2.18;2.20;2.11;2.11;2689687;35612908.00
2013/04/01;2.10;2.15;2.09;2.14;1484308;19488524.00
2013/04/02;2.15;2.16;2.10;2.10;1782492;23381476.00
2013/04/03;2.11;2.12;2.04;2.06;1872561;23986482.00
2013/04/08;2.03;2.08;1.99;2.08;1729940;21630420.00
2013/04/09;2.08;2.13;2.06;2.10;1547186;20108280.00
2013/04/10;2.11;2.13;2.02;2.08;1581684;20320336.00
2013/04/11;2.10;2.10;2.05;2.05;921378;11803051.00
2013/04/12;2.04;2.09;2.02;2.06;1158327;14769721.00
2013/04/15;2.05;2.05;2.00;2.01;885389;11028912.00
2013/04/16;1.99;2.05;1.97;2.05;891510;11089444.00
2013/04/17;2.05;2.08;2.04;2.07;1245047;15889639.00
2013/04/18;2.06;2.10;2.04;2.07;1327741;17033126.00
2013/04/19;2.07;2.12;2.06;2.11;2168060;28147652.00
2013/04/22;2.09;2.12;2.08;2.12;1860047;24151188.00
2013/04/23;2.11;2.12;1.99;1.99;2241081;28351740.00
2013/04/24;2.01;2.05;1.99;2.03;1282966;16066734.00
2013/04/25;2.03;2.05;2.00;2.00;1209119;15130829.00
2013/04/26;2.00;2.02;1.93;1.93;1262478;15433457.00
2013/05/02;1.93;1.94;1.89;1.91;1147034;13584636.00
2013/05/03;1.93;1.98;1.91;1.97;953411;11579839.00
2013/05/06;1.98;2.01;1.97;2.00;1068054;13214774.00
2013/05/07;2.00;2.03;1.98;2.01;1299657;16139014.00
2013/05/08;2.01;2.04;2.01;2.03;1571548;19726808.00
2013/05/09;2.01;2.04;1.99;2.03;1326512;16579442.00
2013/05/10;2.03;2.12;2.01;2.08;3350692;43200916.00
2013/05/13;2.08;2.09;2.04;2.07;1911394;24364090.00
2013/05/14;2.06;2.09;2.01;2.01;1377434;17284972.00
2013/05/15;2.02;2.05;2.00;2.04;1175486;14723762.00
2013/05/16;2.03;2.12;2.02;2.12;4183932;54172764.00
2013/05/17;2.17;2.22;2.14;2.16;6207778;83262288.00
2013/05/20;2.14;2.19;2.12;2.17;4135337;55115632.00
2013/05/21;2.17;2.21;2.14;2.21;4663579;62465548.00
2013/05/22;2.21;2.21;2.15;2.15;3121311;41731696.00
2013/05/23;2.14;2.27;2.13;2.21;5715044;77794400.00
2013/05/24;2.21;2.28;2.16;2.25;4811365;65719172.00
2013/05/27;2.24;2.35;2.21;2.32;8037290;112690416.00
2013/05/28;2.31;2.33;2.26;2.30;4583586;64528856.00
2013/05/29;2.30;2.31;2.26;2.28;3311472;46328776.00
2013/05/30;2.28;2.31;2.26;2.29;3257436;45736452.00
2013/05/31;2.29;2.29;2.21;2.21;3846732;53191452.00
2013/06/03;2.21;2.23;2.16;2.18;2583755;34782252.00
2013/06/04;2.18;2.21;2.14;2.16;2456394;32796746.00
2013/06/05;2.16;2.19;2.15;2.19;1737358;23227656.00
2013/06/06;2.18;2.18;2.12;2.12;1815482;23897380.00
2013/06/07;2.12;2.15;2.03;2.04;2021495;25883940.00
2013/06/13;2.00;2.00;1.91;1.95;2021050;24189666.00
2013/06/14;1.95;1.99;1.95;1.97;1360729;16489931.00
2013/06/17;1.97;1.98;1.94;1.95;1288037;15535159.00
2013/06/18;1.95;1.97;1.94;1.97;1172363;14122423.00
2013/06/19;1.95;1.95;1.89;1.93;1439896;16997664.00
2013/06/20;1.92;1.93;1.85;1.86;1390180;16169905.00
2013/06/21;1.84;1.86;1.78;1.85;1307137;14677937.00
2013/06/24;1.86;1.86;1.68;1.71;1436563;15628801.00
2013/06/25;1.70;1.72;1.54;1.66;1897483;19266742.00
2013/06/26;1.66;1.76;1.62;1.74;2399928;25146152.00
2013/06/27;1.75;1.78;1.67;1.69;2199725;23661510.00
2013/06/28;1.70;1.74;1.63;1.72;1203561;12715849.00
2013/07/01;1.70;1.89;1.66;1.78;1847877;20293540.00
2013/07/02;1.77;1.80;1.76;1.79;1461762;16091926.00
2013/07/03;1.76;1.79;1.73;1.77;1707605;18521056.00
2013/07/04;1.75;1.81;1.73;1.79;1988037;21907378.00
2013/07/05;1.79;1.81;1.77;1.81;2017808;22373224.00
2013/07/08;1.79;1.79;1.67;1.67;1527631;16321480.00
2013/07/09;1.67;1.70;1.65;1.66;920301;9495115.00
2013/07/10;1.66;1.72;1.66;1.72;1024620;10739494.00
2013/07/11;1.70;1.79;1.70;1.77;2121734;23166390.00
2013/07/12;1.79;1.81;1.76;1.77;1502917;16544472.00
2013/07/15;1.78;1.81;1.77;1.80;1355213;15021248.00
2013/07/16;1.80;1.83;1.78;1.83;1677799;18711216.00
2013/07/17;1.83;1.84;1.76;1.76;1629125;18021778.00
2013/07/18;1.76;1.76;1.72;1.73;1513897;16242129.00
2013/07/19;1.71;1.74;1.67;1.67;1529768;16136933.00
2013/07/22;1.67;1.74;1.58;1.73;1652915;17402674.00
2013/07/23;1.74;1.78;1.72;1.77;1996045;21634964.00
2013/07/24;1.78;1.78;1.72;1.76;1667250;18080700.00
2013/07/25;1.75;1.83;1.75;1.77;2154257;23806346.00
2013/07/26;1.76;1.79;1.70;1.73;1303669;14020283.00
2013/07/29;1.70;1.72;1.68;1.69;895433;9380558.00
2013/07/30;1.65;1.80;1.65;1.80;2154383;23259892.00
2013/07/31;1.78;1.82;1.74;1.76;1665629;18211668.00
2013/08/01;1.76;1.82;1.75;1.81;2511829;27912754.00
2013/08/02;1.84;1.85;1.79;1.80;2013381;22568048.00
2013/08/05;1.80;1.86;1.80;1.86;2869744;32545742.00
2013/08/06;1.86;1.87;1.82;1.85;2231374;25399696.00
2013/08/07;1.84;1.86;1.81;1.81;2038040;22961758.00
2013/08/08;1.80;1.84;1.80;1.83;1283935;14467611.00
2013/08/09;1.83;1.87;1.82;1.85;2032656;23170922.00
2013/08/12;1.85;1.90;1.84;1.90;3284772;37890332.00
2013/08/13;1.88;1.89;1.86;1.88;1885181;21810718.00
2013/08/14;1.89;1.90;1.84;1.85;2320349;26666766.00
2013/08/15;1.83;1.85;1.80;1.80;1714150;19270896.00
2013/08/16;1.78;1.83;1.76;1.76;1767256;19591276.00
2013/08/19;1.74;1.80;1.74;1.79;969392;10629980.00
2013/08/20;1.79;1.82;1.79;1.80;1076304;11996240.00
2013/08/21;1.78;1.86;1.77;1.85;2359870;26642034.00
2013/08/22;1.84;1.84;1.81;1.81;1275875;14355925.00
2013/08/23;1.82;1.84;1.75;1.78;1338684;14880677.00
2013/08/26;1.78;1.82;1.76;1.82;1184324;13211640.00
2013/08/27;1.82;1.86;1.81;1.85;1467724;16669827.00
2013/08/28;1.82;1.85;1.80;1.81;1470826;16591725.00
2013/08/29;1.81;1.94;1.81;1.89;4551543;53122656.00
2013/08/30;1.88;1.89;1.84;1.85;2595387;29761236.00
2013/09/02;1.84;1.85;1.80;1.85;1786202;20054428.00
2013/09/03;1.85;1.89;1.82;1.88;2079563;23941936.00
2013/09/04;1.88;1.89;1.85;1.88;1516812;17467530.00
2013/09/05;1.87;1.92;1.87;1.88;2138706;25005936.00
2013/09/06;1.88;1.89;1.86;1.86;1753644;20161148.00
2013/09/09;1.87;1.90;1.86;1.89;1973740;22941454.00
2013/09/10;1.89;1.90;1.86;1.89;2055389;23867900.00
2013/09/11;1.89;1.96;1.88;1.94;4531592;53825056.00
2013/09/12;1.94;2.02;1.91;1.99;5842253;71771096.00
2013/09/13;1.98;1.99;1.93;1.95;3181050;38213128.00
2013/09/16;1.94;1.98;1.91;1.93;1778279;21196860.00
2013/09/17;1.92;1.95;1.91;1.91;1622627;19311308.00
2013/09/18;1.92;2.02;1.91;2.00;3488871;42514100.00
2013/09/23;2.00;2.04;1.98;2.00;2885734;35607732.00
2013/09/24;2.00;2.02;1.95;1.98;2386958;29012468.00
2013/09/25;1.97;2.16;1.96;2.12;5530791;69889224.00
2013/09/26;2.08;2.11;2.02;2.03;3697012;46957908.00
2013/09/27;2.03;2.05;2.00;2.02;1929481;24007808.00
2013/09/30;2.03;2.05;2.00;2.04;1538973;19224362.00
2013/10/08;2.03;2.03;1.96;2.02;1835203;22677058.00
2013/10/09;2.02;2.02;1.97;2.00;2410349;29513996.00
2013/10/10;2.00;2.04;1.99;2.01;1962558;24312620.00
2013/10/11;2.01;2.03;1.99;2.01;1855813;22965024.00
2013/10/14;2.03;2.04;1.99;2.03;2187311;27173680.00
2013/10/15;2.04;2.05;1.96;1.97;2344310;28755798.00
2013/10/16;1.96;1.97;1.87;1.89;2453592;28853848.00
2013/10/17;1.90;1.92;1.88;1.88;1450172;16998400.00
2013/10/18;1.88;1.91;1.88;1.89;1171334;13672810.00
2013/10/21;1.89;1.95;1.89;1.94;1291803;15357234.00
2013/10/22;1.94;1.97;1.92;1.93;1763318;21125684.00
2013/10/23;1.93;1.95;1.86;1.87;1642544;19221470.00
2013/10/24;1.86;1.87;1.82;1.83;2036042;23119922.00
2013/10/25;1.83;1.84;1.80;1.82;967129;10825868.00
2013/10/28;1.84;1.84;1.80;1.81;699649;7847219.00
2013/10/29;1.80;1.84;1.67;1.71;1859254;19768372.00
2013/10/30;1.71;1.76;1.71;1.76;1184223;12716852.00
2013/10/31;1.75;1.82;1.75;1.76;1537957;16966972.00
2013/11/01;1.78;1.81;1.76;1.79;890681;9792753.00
2013/11/04;1.77;1.85;1.77;1.81;1100128;12277118.00
2013/11/05;1.80;1.85;1.78;1.84;1482953;16650085.00
2013/11/06;1.83;1.98;1.82;1.87;3666809;43128000.00
2013/11/07;1.85;1.89;1.81;1.82;2056331;23373554.00
2013/11/08;1.82;1.89;1.81;1.86;2056682;23491898.00
2013/11/11;1.86;1.92;1.83;1.91;1842506;21604748.00
2013/11/12;1.90;1.93;1.89;1.92;1494204;17659822.00
2013/11/13;1.91;1.91;1.88;1.88;1327742;15521102.00
2013/11/14;1.87;1.94;1.87;1.93;1167987;13766075.00
2013/11/15;1.92;1.98;1.90;1.91;1785885;21378194.00
2013/11/18;1.91;1.96;1.91;1.94;1298642;15517677.00
2013/11/19;1.94;1.97;1.93;1.96;1520890;18352852.00
2013/11/20;1.96;2.00;1.94;1.99;2423910;29404578.00
2013/11/21;1.99;2.00;1.96;1.99;1837396;22361196.00
2013/11/22;1.99;2.00;1.95;1.95;1207499;14656909.00
2013/11/25;1.96;1.96;1.91;1.92;1318859;15751198.00
2013/11/26;1.92;1.96;1.90;1.95;1343442;15990310.00
2013/11/27;1.97;1.98;1.95;1.96;1169635;14160121.00
2013/11/28;1.96;1.99;1.93;1.97;1542968;18729528.00
2013/11/29;1.96;2.02;1.96;2.01;2202011;27042478.00
2013/12/02;1.98;1.98;1.84;1.85;2861827;33724124.00
2013/12/03;1.86;1.89;1.80;1.88;1698906;19337376.00
2013/12/04;1.88;1.94;1.86;1.91;1185188;14002074.00
2013/12/05;1.91;1.94;1.91;1.92;975632;11527881.00
2013/12/06;1.91;1.93;1.90;1.91;782034;9249100.00
2013/12/09;1.91;2.11;1.91;2.00;4270605;52890772.00
2013/12/10;2.02;2.02;1.97;2.01;1861551;22862278.00
2013/12/11;2.01;2.01;1.95;1.97;1295314;15747355.00
2013/12/12;1.97;2.02;1.97;2.00;1797945;22165082.00
2013/12/13;2.00;2.09;1.98;2.06;4071278;51324320.00
2014/03/10;2.27;2.27;2.27;2.27;1432627;19999472.00
2014/03/11;2.51;2.51;2.33;2.45;17951102;270353152.00
2014/03/12;2.51;2.70;2.48;2.70;12782380;207166768.00
2014/03/13;2.76;2.91;2.56;2.58;18416911;307669984.00
2014/03/14;2.50;2.66;2.42;2.60;12026687;186414320.00
2014/03/17;2.56;2.87;2.53;2.87;14651019;246947648.00
2014/03/18;2.95;3.00;2.77;2.81;16376483;289044704.00
2014/03/19;2.75;2.92;2.73;2.89;13608841;234906272.00
2014/03/20;2.86;3.03;2.74;2.74;12755730;225009904.00
2014/03/21;2.67;2.81;2.65;2.78;7140249;119831360.00
2014/03/24;2.81;3.03;2.76;2.89;12010411;214659536.00
2014/03/25;2.80;2.86;2.66;2.70;9564469;160924944.00
2014/03/26;2.71;2.77;2.66;2.71;5540758;91962456.00
2014/03/27;2.68;2.71;2.53;2.54;6829279;109347952.00
2014/03/28;2.52;2.55;2.42;2.43;5789407;87805608.00
2014/03/31;2.42;2.51;2.41;2.46;3107794;46910940.00
2014/04/01;2.44;2.52;2.44;2.52;2714772;41461084.00
2014/04/02;2.52;2.57;2.44;2.48;3408395;52062544.00
2014/04/03;2.47;2.56;2.43;2.50;2922710;44685368.00
2014/04/04;2.50;2.59;2.46;2.58;3899785;60508772.00
2014/04/08;2.58;2.62;2.55;2.59;3401967;54002980.00
2014/04/09;2.59;2.71;2.58;2.65;4781268;77675080.00
2014/04/10;2.62;2.66;2.58;2.58;3952970;63329964.00
2014/04/11;2.57;2.59;2.51;2.56;2459316;38395332.00
2014/04/14;2.56;2.73;2.53;2.70;6086290;99271880.00
2014/04/15;2.66;2.68;2.60;2.64;3712407;59810500.00
2014/04/16;2.71;2.77;2.66;2.70;6294946;104504264.00
2014/04/17;2.70;2.76;2.64;2.73;4345597;71776136.00
2014/04/18;2.75;2.77;2.69;2.71;3488329;58114408.00
2014/04/21;2.71;2.78;2.65;2.69;4351123;72396600.00
2014/04/22;2.69;2.72;2.48;2.53;4223444;66493368.00
2014/04/23;2.56;2.79;2.53;2.67;17977710;147326368.00
2014/04/24;2.65;2.93;2.50;2.83;27937721;233945968.00
2014/04/25;2.77;2.91;2.63;2.66;20359205;173458768.00
2014/04/28;2.63;2.66;2.39;2.41;14614821;110265800.00
2014/04/29;2.36;2.47;2.35;2.47;7406347;54720804.00
2014/04/30;2.46;2.52;2.39;2.41;6463067;48331216.00
2014/05/05;2.39;2.56;2.36;2.56;9262321;69820328.00
2014/05/06;2.54;2.64;2.50;2.55;11082392;86801528.00
2014/05/07;2.53;2.73;2.46;2.73;14809114;117718784.00
2014/05/08;2.68;2.78;2.64;2.70;12645760;104167608.00
2014/05/09;2.69;2.92;2.65;2.86;20572851;175425232.00
2014/05/12;2.86;2.89;2.75;2.86;17203843;148135584.00
2014/05/13;2.86;3.12;2.80;3.04;29180053;266908864.00
2014/05/14;3.00;3.12;2.95;3.06;20457028;188886032.00
2014/05/15;3.04;3.08;2.83;2.85;19649994;174616944.00
2014/05/16;2.83;2.89;2.67;2.72;12478688;104490856.00
2014/05/19;2.72;2.79;2.65;2.76;8890654;74121536.00
2014/05/20;2.76;2.81;2.67;2.70;9749293;80548144.00
2014/05/21;2.69;2.73;2.66;2.71;6409994;52433676.00
2014/05/22;2.72;2.79;2.71;2.72;8794140;73392560.00
2014/05/23;2.71;2.76;2.68;2.70;6516432;53719112.00
2014/05/26;2.71;2.97;2.71;2.94;17336083;150004160.00
2014/05/28;2.99;3.20;2.94;3.02;23750441;220006624.00
2014/05/29;3.00;3.30;2.98;3.20;34017772;326195104.00
2014/05/30;3.16;3.17;3.06;3.15;20430841;193013680.00
2014/06/03;3.14;3.26;3.07;3.08;16350369;157225904.00
2014/06/04;3.09;3.23;2.97;3.21;16235600;152628512.00
2014/06/05;3.18;3.28;3.10;3.19;13716895;132620592.00
2014/06/06;3.22;3.39;3.16;3.32;23793285;236483936.00
2014/06/09;3.27;3.35;3.21;3.25;13882531;137543712.00
2014/06/10;3.23;3.35;3.15;3.27;13691385;134831760.00
2014/06/11;3.26;3.27;3.18;3.20;11371550;111231536.00
2014/06/12;3.16;3.18;3.08;3.11;12582276;118993672.00
2014/06/13;3.10;3.15;3.07;3.14;8415365;79636336.00
2014/06/16;3.24;3.45;3.21;3.44;26004734;266401568.00
2014/06/17;3.36;3.42;3.32;3.38;12846581;131348632.00
2014/06/18;3.36;3.51;3.35;3.35;14949127;155172016.00
2014/06/19;3.30;3.47;3.24;3.41;16684275;170576976.00
2014/06/20;3.41;3.46;3.30;3.37;9502862;97162992.00
2014/06/23;3.37;3.40;3.31;3.35;9367328;95045248.00
2014/06/24;3.35;3.43;3.30;3.43;11208058;114318152.00
2014/07/04;3.71;3.77;3.53;3.77;15757711;174944448.00
2014/07/07;3.93;4.13;3.80;4.00;28593303;344681728.00
2014/07/08;4.02;4.02;3.83;3.94;16795190;199714928.00
2014/07/09;3.87;4.09;3.81;4.03;21885738;264032800.00
2014/07/10;3.91;4.05;3.90;3.92;10550038;126582792.00
2014/07/11;3.88;3.96;3.83;3.83;8339365;98248248.00
2014/07/14;3.83;4.02;3.78;4.02;9318001;109351336.00
2014/07/15;3.99;4.08;3.90;3.92;8729672;105382064.00
2014/07/16;3.91;4.13;3.83;4.01;12767238;154057040.00
2014/07/17;3.99;4.05;3.86;3.91;7088921;84658256.00
2014/07/18;3.87;4.02;3.86;3.92;5497005;65493856.00
2014/07/21;3.90;3.94;3.63;3.63;10845188;123841504.00
2014/07/22;3.58;3.69;3.54;3.65;7480627;82323480.00
2014/07/23;3.63;3.68;3.46;3.50;8985746;96491064.00
2014/07/24;3.53;3.54;3.39;3.41;6599471;69279840.00
2014/07/25;3.40;3.48;3.37;3.45;5194648;54123360.00
2014/07/28;3.45;3.80;3.45;3.80;12400760;140025488.00
2014/07/29;3.96;4.18;3.86;4.09;32165709;394259744.00
2014/07/30;4.00;4.20;3.96;4.20;26824333;331516960.00
2014/07/31;4.07;4.11;4.01;4.07;17883719;219883936.00
2014/08/01;4.09;4.09;3.97;3.99;10712689;129903096.00
2014/08/04;4.00;4.02;3.94;4.01;6770976;81939960.00
2014/08/05;4.00;4.05;3.89;4.02;7665577;92239800.00
2014/08/06;4.00;4.06;3.94;3.96;8856758;106800784.00
2014/08/07;3.93;4.00;3.91;3.97;6812688;81722648.00
2014/08/08;3.97;3.98;3.90;3.94;5788256;68869864.00
2014/08/11;3.95;4.02;3.92;4.01;7556276;91092792.00
2014/08/12;4.01;4.02;3.93;3.98;6243387;75007032.00
2014/08/13;4.01;4.21;4.00;4.13;18080272;225464320.00
2014/08/14;4.10;4.10;3.97;3.97;11254541;136692096.00
2014/08/15;4.00;4.00;3.92;3.96;5999372;71858544.00
2014/08/19;4.15;4.23;4.06;4.08;16219371;203150240.00
2014/08/20;4.11;4.13;3.97;3.98;8305953;100638384.00
2014/08/21;3.95;3.99;3.90;3.98;5907247;70669312.00
2014/08/22;3.98;3.99;3.92;3.97;4069422;48794188.00
2014/08/25;3.98;3.99;3.81;3.87;7628738;89867880.00
2014/08/26;3.82;3.92;3.80;3.80;5467961;63731708.00
2014/08/27;3.77;3.84;3.77;3.80;3427213;39395964.00
2014/08/28;3.77;3.84;3.76;3.76;3342405;38325416.00
2014/08/29;3.76;3.84;3.70;3.83;3296885;37716788.00
2014/09/01;3.84;3.94;3.84;3.92;4799249;56453964.00
2014/09/02;3.89;4.12;3.89;4.08;13915371;170660672.00
2014/09/03;4.08;4.13;4.03;4.13;11418766;141296048.00
2014/09/04;4.15;4.54;4.15;4.41;29121979;388932960.00
2014/09/05;4.43;4.51;4.30;4.41;16426001;218348400.00
2014/09/09;4.39;4.39;4.28;4.33;11697825;152837776.00
2014/09/10;4.33;4.38;4.26;4.33;7322924;96077984.00
2014/09/11;4.32;4.38;4.25;4.34;8538107;111578808.00
2014/09/12;4.34;4.42;4.30;4.38;7585351;100164416.00
2014/09/15;4.42;4.51;4.36;4.42;7943156;106385456.00
2014/09/16;4.46;4.48;4.20;4.20;7207038;94495216.00
2014/09/17;4.20;4.26;4.07;4.16;5987457;75299608.00
2014/09/18;4.17;4.23;4.13;4.22;3883068;49316008.00
2014/09/19;4.21;4.41;4.17;4.38;5781936;75595232.00
2014/09/22;4.36;4.46;4.19;4.46;10828028;142765968.00
2014/09/23;4.41;4.52;4.35;4.47;9433659;126621456.00
2014/09/24;4.47;4.49;4.42;4.43;6553346;88056600.00
2014/09/25;4.43;4.46;4.30;4.33;6895547;91249888.00
2014/09/26;4.33;4.40;4.31;4.37;4161163;54745952.00
2014/09/29;4.37;4.45;4.34;4.37;3582588;47392444.00
2014/09/30;4.37;4.41;4.34;4.40;4016042;53242544.00
2014/10/08;4.36;4.52;4.35;4.50;7914287;107005976.00
2014/10/09;4.50;4.51;4.40;4.44;5960282;80020824.00
2014/10/10;4.44;4.44;4.33;4.36;4767487;62846164.00
2014/10/13;4.34;4.38;4.31;4.34;3432023;44998832.00
2014/10/14;4.34;4.36;4.28;4.29;3654303;47846340.00
2014/10/15;4.27;4.31;4.23;4.24;4002171;51601332.00
2014/10/16;4.25;4.33;4.22;4.22;4531415;58595724.00
2014/10/17;4.23;4.27;4.07;4.13;3994783;50018128.00
2014/10/20;4.13;4.16;4.11;4.13;4068852;50945536.00
2014/10/21;4.16;4.18;4.02;4.02;4100010;50695272.00
2014/10/22;4.02;4.06;3.88;3.93;4022485;48406504.00
2014/10/23;3.92;3.96;3.73;3.77;3861619;44692812.00
2014/10/24;3.77;3.83;3.73;3.75;2493946;28539398.00
2014/10/27;3.76;3.90;3.67;3.90;3920714;44981228.00
2014/10/28;3.89;3.97;3.87;3.95;3554005;42389308.00
2014/10/29;3.97;4.02;3.91;3.97;4161127;49956756.00
2014/10/30;4.00;4.13;3.98;4.00;6652946;81708696.00
2014/10/31;4.00;4.03;3.91;3.91;4012446;47890728.00
2014/11/03;3.90;4.03;3.90;4.02;4479822;54209808.00
2014/11/04;4.02;4.05;3.95;3.96;3143527;38078200.00
2014/11/05;3.97;4.08;3.93;4.01;3808109;46432072.00
2014/11/06;4.00;4.02;3.92;3.97;3479121;41753600.00
2014/11/07;3.99;4.00;3.91;3.93;3222197;38570364.00
2014/11/10;3.93;3.97;3.86;3.94;3130812;37101780.00
2014/11/11;3.95;3.99;3.73;3.79;4833117;56109996.00
2014/11/12;3.78;3.89;3.73;3.87;2247174;26122450.00
2014/11/13;3.91;3.91;3.73;3.76;3898787;44655480.00
2014/11/14;3.76;3.79;3.67;3.71;2414372;27080634.00
2014/11/17;3.71;3.91;3.71;3.88;4264795;49544036.00
2014/11/18;3.88;4.08;3.80;4.08;11662980;139984944.00
2014/11/19;4.06;4.18;4.00;4.18;13052198;161001728.00
2014/11/20;4.15;4.19;4.07;4.14;11188762;139754416.00
2014/11/21;4.13;4.47;4.08;4.42;18440298;234434784.00
2014/11/24;4.46;4.46;4.30;4.35;20620488;271012960.00
2014/11/25;4.32;4.51;4.17;4.48;23950049;317188384.00
2014/11/26;4.45;4.58;4.35;4.50;27170513;366492512.00
2014/11/27;4.48;4.53;4.39;4.47;21245984;286735456.00
2014/11/28;4.43;4.92;4.42;4.89;36477856;508192416.00
2014/12/01;4.82;4.89;4.66;4.78;30050295;433572800.00
2014/12/02;4.76;4.83;4.73;4.80;23818573;343254784.00
2014/12/03;4.79;4.80;4.61;4.73;20022236;283548640.00
2014/12/04;4.65;4.80;4.65;4.67;17584582;249619552.00
2014/12/05;4.66;4.66;4.21;4.31;16647307;221252416.00
2014/12/08;4.32;4.38;4.21;4.27;10691827;138428960.00
2014/12/09;4.21;4.29;3.87;3.96;11843412;148679840.00
2014/12/10;4.04;4.36;3.90;4.36;20989402;271579520.00
2014/12/11;4.36;4.51;4.31;4.46;18370287;244334096.00
2014/12/12;4.44;4.50;4.36;4.42;13098831;175211040.00
2014/12/15;4.33;4.52;4.33;4.48;12270792;165435888.00
2014/12/16;4.77;4.94;4.60;4.60;23853099;341634240.00
2014/12/17;4.62;4.70;4.44;4.47;13141104;180186368.00
2014/12/18;4.51;4.56;4.36;4.56;10076694;135770944.00
2014/12/19;4.55;4.55;4.34;4.39;6771956;90552616.00
2014/12/22;4.38;4.39;4.02;4.07;7646295;96099128.00
2014/12/23;4.06;4.17;4.01;4.05;4056431;50322288.00
2014/12/24;4.06;4.24;4.05;4.21;4811688;60663344.00
2014/12/25;4.20;4.33;4.18;4.23;5274603;68011808.00
2014/12/26;4.25;4.32;4.17;4.21;4786683;61435388.00
2014/12/29;4.17;4.17;4.03;4.10;5896599;72725576.00
2014/12/30;4.10;4.12;4.00;4.05;3449541;42256648.00
2014/12/31;4.04;4.18;4.04;4.09;3849340;47995724.00
2015/01/05;4.09;4.15;4.05;4.13;3907182;48624300.00
2015/01/06;4.13;4.17;4.05;4.16;4682718;58286876.00
2015/01/07;4.16;4.25;4.13;4.18;3959560;50118284.00
2015/01/08;4.18;4.22;4.14;4.15;2684429;33843404.00
2015/01/09;4.15;4.17;4.04;4.04;3302100;40944860.00
2015/01/12;4.04;4.08;3.89;3.96;3848335;46126880.00
2015/01/13;3.96;4.15;3.96;4.10;6783362;83744904.00
2015/01/14;4.08;4.13;3.99;4.02;5018354;61556020.00
2015/01/15;4.02;4.04;3.90;3.96;5821426;69588928.00
2015/01/16;3.94;3.98;3.91;3.96;3465504;41345004.00
2015/01/19;3.88;3.95;3.63;3.83;4066571;47571076.00
2015/01/20;3.81;3.93;3.80;3.93;3161192;37329628.00
2015/01/21;3.92;4.04;3.92;4.01;3791631;45898888.00
2015/01/22;4.00;4.08;4.00;4.08;3987145;48780692.00
2015/01/23;4.08;4.09;4.02;4.02;4901668;60032972.00
2015/01/26;4.01;4.06;3.99;4.05;3687395;45014972.00
2015/01/27;4.06;4.06;3.99;4.04;3480210;42460880.00
2015/01/28;4.03;4.28;4.00;4.28;12094181;152712240.00
2015/01/29;4.26;4.34;4.20;4.24;7986121;103010528.00
2015/01/30;4.21;4.34;4.20;4.25;8391986;109098808.00
2015/02/02;4.25;4.46;4.20;4.39;10185161;134031408.00
2015/02/03;4.40;4.47;4.31;4.39;7242985;95939344.00
2015/02/04;4.39;4.39;4.25;4.25;5700744;74221528.00
2015/02/05;4.26;4.31;4.18;4.18;3459524;44437336.00
2015/02/06;4.17;4.21;4.05;4.06;3744979;46642304.00
2015/02/09;4.06;4.11;4.05;4.08;1969860;24355040.00
2015/02/10;4.09;4.12;4.02;4.10;1887158;23256748.00
2015/02/11;4.12;4.22;4.09;4.12;4437067;55933980.00
2015/02/12;4.12;4.53;4.12;4.46;13767695;183272864.00
2015/02/13;4.43;4.56;4.41;4.47;13009748;176426544.00
2015/02/16;4.48;4.56;4.47;4.52;7005574;95822048.00
2015/02/17;4.55;4.56;4.43;4.55;5563668;75948472.00
2015/03/03;5.01;5.01;5.01;5.01;2735433;41414456.00
2015/03/04;5.13;5.50;5.05;5.24;26888928;425130912.00
2015/03/05;5.17;5.19;5.00;5.02;14877038;227373760.00
2015/03/06;5.03;5.06;4.74;4.78;12143546;178127232.00
2015/03/09;4.76;4.89;4.64;4.85;6870384;99380528.00
2015/03/10;4.85;5.05;4.78;5.00;9969646;150105952.00
2015/03/11;4.98;5.11;4.79;4.84;8885136;131367928.00
2015/03/12;4.83;4.87;4.72;4.76;5509846;79546296.00
2015/03/13;4.76;4.89;4.76;4.85;6012867;87933720.00
2015/03/16;4.96;5.12;4.91;5.08;9612469;147011728.00
2015/03/17;5.05;5.15;5.00;5.07;9933389;152086800.00
2015/03/18;5.08;5.12;5.01;5.11;8386885;128573648.00
2015/03/19;5.11;5.35;5.09;5.27;12726916;202027376.00
2015/03/20;5.31;5.33;5.18;5.26;7955097;126333096.00
2015/03/23;5.26;5.29;5.20;5.28;8594330;136127120.00
2015/03/24;5.30;5.30;5.03;5.14;10400992;161934240.00
2015/03/25;5.13;5.29;5.06;5.28;9774721;153598368.00
2015/03/26;5.30;5.46;5.23;5.43;14158774;229815552.00
2015/03/27;5.42;5.97;5.36;5.97;19896459;349218336.00
2015/03/30;5.99;6.57;5.93;6.23;21554014;406575744.00
2015/03/31;6.36;6.36;6.06;6.19;13315257;250134224.00
2015/04/01;6.19;6.60;6.19;6.50;12291704;236896400.00
2015/04/02;6.52;7.03;6.50;6.75;11485038;232194384.00
2015/04/03;6.63;6.77;6.50;6.70;7760479;155717424.00
2015/04/07;6.73;6.83;6.53;6.65;9504261;190128384.00
2015/04/08;6.65;6.65;6.42;6.52;7495286;147294704.00
2015/04/09;6.51;6.51;5.96;6.20;8377161;156931376.00
2015/04/10;6.26;6.41;6.16;6.36;4955932;94767136.00
2015/04/13;6.42;6.61;6.06;6.45;6831711;131846624.00
2015/04/14;6.43;6.43;6.25;6.36;5395564;103365496.00
2015/04/15;6.38;6.40;6.12;6.17;6118692;114997296.00
2015/04/16;6.13;6.53;6.04;6.45;5965053;114516856.00
2015/04/17;6.48;6.73;6.48;6.58;7602961;150682288.00
2015/04/20;7.10;7.16;6.76;6.87;18171361;380831872.00
2015/04/21;6.80;7.06;6.66;7.06;10053567;208223264.00
2015/04/22;7.20;7.77;7.20;7.77;15206832;345610784.00
2015/04/23;7.95;7.95;7.54;7.60;11069308;255813264.00
2015/04/24;7.54;7.54;7.23;7.39;7207212;160675280.00
2015/04/27;7.40;7.55;7.15;7.24;10063964;221088640.00
2015/04/28;7.41;7.97;7.30;7.97;24040010;567939008.00
2015/04/29;7.98;7.99;7.30;7.66;12380670;285828000.00
2015/04/30;7.63;7.79;7.45;7.46;6787301;155574272.00
2015/05/04;7.70;8.21;7.70;8.21;16871961;410854560.00
2015/05/05;8.22;8.23;7.47;7.59;14131797;333289280.00
2015/05/06;7.47;7.81;7.40;7.47;9605422;220189296.00
2015/05/07;7.52;7.73;7.20;7.30;6523280;146522400.00
2015/05/08;7.37;7.69;7.30;7.65;8343291;188688304.00
2015/05/11;7.75;8.24;7.74;7.91;9558010;229857296.00
2015/05/12;7.90;8.05;7.73;7.96;10215794;242717840.00
2015/05/13;8.57;8.76;8.36;8.68;22173274;576174208.00
2015/05/14;8.47;8.59;8.30;8.36;11861929;300214784.00
2015/05/15;8.34;8.34;8.00;8.11;8032540;196622064.00
2015/05/18;8.10;8.48;7.95;8.39;8105383;203691584.00
2015/05/19;8.51;8.51;8.20;8.43;7948770;199545456.00
2015/05/20;8.42;9.28;8.33;9.11;16162260;428452320.00
2015/05/21;9.06;9.70;8.91;9.56;15977537;454789984.00
2015/05/22;9.58;9.68;9.13;9.46;11372509;323597248.00
2015/05/25;9.45;9.89;9.21;9.71;9126952;266422896.00
2015/05/26;9.73;10.49;9.73;10.28;11318645;344450400.00
2015/05/27;10.29;10.42;9.86;10.17;9910359;301819584.00
2015/05/28;10.13;10.52;9.43;9.43;11242581;342166720.00
2015/05/29;9.83;10.38;9.44;10.38;16675288;508560640.00
2015/06/01;10.73;11.42;10.63;11.42;11777230;398512256.00
2015/06/02;12.13;12.56;11.66;12.56;14433828;533372992.00
2015/06/03;13.13;13.63;12.30;13.00;15773825;624760128.00
2015/06/04;13.01;13.01;11.69;12.60;13433125;496058848.00
2015/06/05;12.99;13.63;12.03;12.45;34130312;656795712.00
2015/06/08;12.46;12.64;11.58;11.65;31921216;571038976.00
2015/06/10;12.43;12.43;11.88;12.28;26457171;489394688.00
2015/06/11;12.21;12.21;11.75;12.14;20762259;374058080.00
2015/06/12;12.20;13.27;12.20;12.91;31700310;610259200.00
2015/06/15;12.91;13.61;12.55;13.28;33815567;662517568.00
2015/06/16;13.11;13.11;12.21;12.43;20716572;394140256.00
2015/06/17;12.42;12.43;11.21;12.05;20374779;361581600.00
2015/06/18;11.98;12.01;11.51;11.58;13427517;236354032.00
2015/06/19;10.99;11.23;10.42;10.42;13321712;213431648.00
2015/06/23;10.31;10.41;9.37;10.19;18723498;272989728.00
2015/06/24;10.26;10.65;10.17;10.49;15785632;246480656.00
2015/06/25;10.50;10.53;9.44;9.70;16366826;245915280.00
2015/06/26;9.31;9.31;8.73;8.73;12277209;163854112.00
2015/06/29;9.29;9.29;7.85;7.92;20593721;262096880.00
2015/06/30;7.78;8.60;7.13;8.59;22781183;268355472.00
2015/07/01;8.61;9.01;7.85;8.07;20658840;269212000.00
2015/07/02;7.76;8.22;7.27;7.32;15596086;181237536.00
2015/07/03;7.17;7.64;6.59;6.63;15979955;165177680.00
2015/07/06;7.29;7.29;6.00;6.29;17370382;173076112.00
2015/07/07;6.23;6.24;5.65;5.65;8201390;71753000.00
2015/07/08;5.09;6.08;5.09;5.98;35998823;297077952.00
2015/07/09;5.55;6.58;5.51;6.58;14877403;142184112.00
2015/07/10;7.01;7.24;7.01;7.24;6714914;72245864.00
2015/07/13;7.91;7.97;7.31;7.97;17135557;203159968.00
2015/07/14;8.77;8.77;8.19;8.77;31361451;405944416.00
2015/07/15;8.51;8.77;7.89;7.89;19010868;234848720.00
2015/07/16;7.89;8.34;7.12;8.17;16031203;191392048.00
2015/07/17;8.23;8.98;8.23;8.91;15916331;208679120.00
2015/07/20;8.92;9.80;8.88;9.80;24040514;339467744.00
2015/07/21;9.80;10.78;9.31;10.65;30711803;483673728.00
2015/07/22;10.31;11.33;10.25;10.79;29686284;481875168.00
2015/07/23;10.59;10.91;10.37;10.65;24398331;388359264.00
2015/07/24;10.61;10.77;9.98;10.15;22211758;348837632.00
2015/07/27;9.91;10.41;9.13;9.13;20646286;306188352.00
2015/07/28;8.38;9.65;8.22;8.26;25199218;325679744.00
2015/07/29;8.56;9.09;8.28;9.09;18268994;237229888.00
2015/07/30;9.29;10.00;9.12;9.48;29295627;427270016.00
2015/07/31;9.30;10.16;9.30;9.81;22715202;330492832.00
2015/08/03;9.78;9.81;8.83;8.83;18640434;255376864.00
2015/08/04;8.80;9.67;8.78;9.64;15064945;210565344.00
2015/08/05;9.78;10.05;9.38;9.59;20017640;293408896.00
2015/08/06;9.25;9.56;9.12;9.23;11198690;157126912.00
2015/08/07;9.45;9.98;9.39;9.87;17410239;253933584.00
2015/08/10;9.90;10.78;9.90;10.46;22494023;348411392.00
2015/08/11;10.49;10.51;10.09;10.18;20131076;311353088.00
2015/08/12;9.98;10.41;9.91;10.31;14661254;225962400.00
2015/08/13;10.19;10.37;10.02;10.36;13501262;207516160.00
2015/08/14;10.47;10.51;10.08;10.12;11396551;175216560.00
2015/08/17;10.05;10.78;9.91;10.69;18814844;297046144.00
2015/08/18;10.63;10.77;9.61;9.61;19293349;292725856.00
2015/08/19;9.31;9.89;8.71;9.70;12487680;173893472.00
2015/08/20;9.61;9.97;9.38;9.69;10521933;153573840.00
2015/08/21;9.51;9.68;8.93;9.02;7304966;102576576.00
2015/08/24;8.58;8.63;8.11;8.11;6391026;78874632.00
2015/08/25;7.30;7.69;7.30;7.30;8476040;94072168.00
2015/08/26;7.31;7.85;6.75;7.08;10647102;118123072.00
2015/08/27;7.29;7.55;6.81;7.35;8993338;98369576.00
2015/08/28;7.59;8.06;7.37;8.02;10568600;120835376.00
2015/08/31;8.02;8.02;7.31;7.33;9326191;107023112.00
2015/09/01;7.38;7.53;6.59;6.59;9810025;104062984.00
2015/09/02;6.21;6.89;5.99;6.23;7262824;69230032.00
2015/09/07;6.37;6.75;5.91;6.04;14423306;135182272.00
2015/09/08;6.05;6.38;5.83;6.33;8004313;73748904.00
2015/09/09;6.39;6.75;6.23;6.59;24809685;240816064.00
2015/09/10;6.45;6.55;6.33;6.34;11033027;106751928.00
2015/09/11;6.33;6.47;6.29;6.42;6642565;63882724.00
2015/09/14;6.51;6.58;5.77;5.77;9580753;87495760.00
2015/09/15;5.58;5.62;5.19;5.26;7828819;63457412.00
2015/09/16;5.30;5.79;5.30;5.79;7702249;64351712.00
2015/09/17;5.81;6.15;5.65;5.71;11347748;100831968.00
2015/09/18;5.72;5.91;5.69;5.83;6247945;54472692.00
2015/09/21;5.72;6.10;5.70;6.07;8137401;73707520.00
2015/09/22;6.09;6.55;6.05;6.54;15941966;150911760.00
2015/09/23;6.37;6.49;6.18;6.28;9484029;90548704.00
2015/09/24;6.41;6.62;6.25;6.59;11597263;113131480.00
2015/09/25;6.59;6.61;6.18;6.51;10056905;97276600.00
2015/09/28;6.51;6.63;6.27;6.57;5159497;50387384.00
2015/09/29;6.43;6.51;6.23;6.45;4813126;46356480.00
2015/09/30;6.48;6.91;6.41;6.88;10138400;102183048.00
2015/10/08;7.05;7.30;6.98;7.00;9727929;104449312.00
2015/10/09;6.95;7.26;6.87;7.11;8578267;92246656.00
2015/10/12;7.18;7.83;7.17;7.79;13155572;150250400.00
2015/10/13;7.55;7.95;7.38;7.86;12156311;142343392.00
2015/10/14;7.87;7.87;7.49;7.53;8045537;92715816.00
2015/10/15;7.48;7.74;7.43;7.68;7918590;90843928.00
2015/10/16;7.80;7.88;7.54;7.69;9016405;104336016.00
2015/10/19;7.63;7.78;7.38;7.45;8524166;97352112.00
2015/10/20;7.52;8.05;7.52;7.85;14662864;171858272.00
2015/10/21;7.91;8.13;7.06;7.10;16244085;189321664.00
2015/10/22;7.03;7.65;6.97;7.57;11605848;126822352.00
2015/10/23;7.57;7.87;7.45;7.79;10932601;126110592.00
2015/10/26;8.05;8.51;7.82;8.27;15978862;197198784.00
2015/10/27;8.18;8.38;7.69;8.38;9965954;120926608.00
2015/10/28;8.26;8.51;8.05;8.09;8601818;106710000.00
2015/10/29;8.17;8.25;7.98;8.13;6295627;77041832.00
2015/10/30;8.16;8.16;7.85;7.95;6316209;75883296.00
2015/11/02;7.90;7.91;7.38;7.47;9287837;107436760.00
2015/11/03;7.52;7.57;7.33;7.39;4242119;47535608.00
2015/11/04;7.45;7.98;7.45;7.90;7890579;92110960.00
2015/11/05;7.91;8.10;7.85;7.91;10387070;124560280.00
2015/11/06;7.94;8.33;7.94;8.16;10621058;129997688.00
2015/11/09;7.98;8.28;7.97;8.23;14545583;177815568.00
2015/11/10;8.23;8.36;8.05;8.26;12682329;156873168.00
2015/11/11;8.34;9.09;8.30;8.97;27404695;361514112.00
2015/11/12;8.97;9.13;8.79;9.01;20098794;270246336.00
2015/11/13;8.88;8.88;8.55;8.68;10865554;142312352.00
2015/11/16;8.42;9.04;8.38;8.91;11487511;152458048.00
2015/11/17;8.99;9.28;8.75;8.77;14113359;191383184.00
2015/11/18;8.77;8.87;8.60;8.67;6859873;89919672.00
2015/11/19;8.69;8.91;8.58;8.87;6063386;79670368.00
2015/11/20;8.89;9.02;8.74;8.91;9918714;132162792.00
2015/11/23;8.91;9.23;8.87;9.01;10179960;138687968.00
2015/11/24;8.85;8.97;8.63;8.82;7196430;95206768.00
2015/11/25;8.88;8.97;8.79;8.91;7075106;94456736.00
2015/11/26;9.11;9.81;8.95;9.71;21371405;298454432.00
2015/11/27;9.45;9.51;8.74;8.74;18520563;254649424.00
2015/11/30;8.70;8.79;8.00;8.57;9846204;124806840.00
2015/12/01;8.51;8.83;8.45;8.61;6317760;82566104.00
2015/12/02;8.65;9.47;8.65;9.16;22924338;316861216.00
2015/12/03;8.95;9.35;8.83;9.27;14148756;194550608.00
2015/12/04;9.26;9.26;8.89;9.04;8887477;121275480.00
2015/12/07;9.01;9.31;9.01;9.29;12595941;174156144.00
2015/12/08;9.25;9.31;8.75;8.80;11512000;154874816.00
2015/12/09;8.71;8.89;8.65;8.83;5192279;68632376.00
2015/12/10;8.81;8.96;8.75;8.83;5421895;72283440.00
2015/12/11;8.83;9.09;8.79;8.94;6648517;89015632.00
2015/12/14;8.85;9.26;8.73;9.25;9224969;125779448.00
2015/12/15;9.23;9.45;9.11;9.19;10745409;149542208.00
2015/12/16;9.20;9.35;9.07;9.13;8622966;119290528.00
2015/12/17;9.16;9.35;9.16;9.31;10864821;151167120.00
2015/12/18;9.27;9.41;9.19;9.25;8566966;119526376.00
2015/12/21;9.25;9.35;9.18;9.29;7961886;110869784.00
2015/12/22;9.30;9.67;9.28;9.58;12962027;185062848.00
2015/12/23;9.58;9.58;9.23;9.25;9618268;135162128.00
2015/12/24;9.30;9.30;8.76;9.01;7333427;98993384.00
2015/12/25;8.83;9.09;8.65;9.04;5970505;80272552.00
2016/05/25;8.14;8.54;8.14;8.14;32688197;269799008.00
2016/05/26;7.59;7.84;7.37;7.70;24055536;182017424.00
2016/05/27;7.58;7.62;7.41;7.46;12011402;90297776.00
2016/05/30;7.40;7.54;7.20;7.35;11461217;84631344.00
2016/05/31;7.33;7.61;7.32;7.58;15534812;116431312.00
2016/06/01;7.59;7.95;7.59;7.74;15731510;122645568.00
2016/06/02;7.74;7.75;7.60;7.70;10902008;83531760.00
2016/06/03;7.73;7.74;7.52;7.67;11591849;88452232.00
2016/06/06;7.66;7.98;7.56;7.87;15456580;120620200.00
2016/06/07;7.88;7.94;7.69;7.82;9587396;74544000.00
2016/06/08;7.95;8.16;7.86;8.06;17015507;136118080.00
2016/06/13;7.91;8.01;7.72;7.72;12564597;99195640.00
2016/06/14;7.70;7.79;7.60;7.74;5743762;44210660.00
2016/06/15;7.63;7.98;7.62;7.95;8664680;68356272.00
2016/06/16;7.90;7.98;7.81;7.85;6400217;50402112.00
2016/06/17;7.87;7.98;7.77;7.80;6731106;53045708.00
2016/06/20;7.80;7.85;7.64;7.70;5137784;39547656.00
2016/06/21;7.73;7.78;7.55;7.56;7458250;57163264.00
2016/06/22;7.55;7.63;7.49;7.62;5425450;40909920.00
2016/06/23;7.62;7.62;7.48;7.49;5339700;40143892.00
2016/06/24;7.53;7.59;7.00;7.36;6934713;51266116.00
2016/06/27;7.29;7.48;7.23;7.46;5441641;40333624.00
2016/06/28;7.59;7.94;7.58;7.68;12818077;99229296.00
2016/06/29;7.63;7.71;7.60;7.67;7997988;61258676.00
2016/06/30;7.72;7.73;7.55;7.58;5458141;41462724.00
2016/07/01;7.55;7.63;7.55;7.60;4098681;31141526.00
2016/07/04;7.58;7.66;7.51;7.65;7680298;58413384.00
2016/07/05;7.70;7.70;7.61;7.63;6236887;47645908.00
2016/07/06;7.63;7.77;7.58;7.76;7404581;56753744.00
2016/07/07;7.98;8.54;7.98;8.37;34301289;285714688.00
2016/07/08;8.20;8.27;8.06;8.14;20806202;169322432.00
2016/07/11;8.06;8.19;7.95;7.96;12140444;98023424.00
2016/07/12;7.95;8.16;7.95;8.14;10909207;87870256.00
2016/07/13;8.14;8.16;7.99;8.08;11710730;94429088.00
2016/07/14;8.12;8.21;8.01;8.21;9701694;78449976.00
2016/07/15;8.20;8.37;8.14;8.34;16423298;135702032.00
2016/07/18;8.34;8.35;7.99;8.08;16943976;137358016.00
2016/07/19;8.07;8.15;8.02;8.08;5779397;46584712.00
2016/07/20;8.09;8.10;8.02;8.04;5650457;45534600.00
2016/07/21;8.04;8.08;8.00;8.02;5008488;40269056.00
2016/07/22;8.03;8.08;7.99;8.08;4769770;38272712.00
2016/07/25;8.08;8.14;8.00;8.06;6594780;53273104.00
2016/07/26;8.06;8.10;8.06;8.10;4665495;37689560.00
2016/07/27;8.11;8.13;7.51;7.66;9699396;75956920.00
2016/07/28;7.68;7.74;7.45;7.70;7362011;56099480.00
2016/07/29;7.70;7.70;7.50;7.57;4046761;30608316.00
2016/08/01;7.55;7.56;7.40;7.46;2923625;21763798.00
2016/08/02;7.47;7.53;7.40;7.48;2015947;15081012.00
2016/08/03;7.48;7.49;7.40;7.41;3780144;28080366.00
2016/08/04;7.42;7.46;7.37;7.43;2416970;17945240.00
2016/08/05;7.49;7.70;7.40;7.63;4837688;36426376.00
2016/08/08;7.54;7.66;7.51;7.64;4054142;30798824.00
2016/08/09;7.66;7.73;7.60;7.71;4087801;31293150.00
2016/08/10;7.67;7.75;7.63;7.63;2934450;22514128.00
2016/08/11;7.60;7.65;7.40;7.45;3336800;25163244.00
2016/08/12;7.47;7.58;7.45;7.51;2336775;17511276.00
2016/08/15;7.52;7.77;7.47;7.75;6156268;47120688.00
2016/08/16;7.76;7.90;7.70;7.89;8470972;65971584.00
2016/08/17;7.89;7.94;7.76;7.86;6394723;50216248.00
2016/08/18;7.90;7.93;7.81;7.86;4146305;32624668.00
2016/08/19;7.85;7.87;7.75;7.80;3392403;26420098.00
2016/08/22;7.80;7.85;7.71;7.73;3263615;25359692.00
2016/08/23;7.73;7.77;7.68;7.73;2103001;16248054.00
2016/08/24;7.84;7.85;7.74;7.77;3720236;29007714.00
2016/08/25;7.75;7.75;7.61;7.63;4351885;33291994.00
2016/08/26;7.64;7.72;7.61;7.66;3858791;29573542.00
2016/08/29;7.61;7.70;7.61;7.65;2392486;18309892.00
2016/08/30;7.63;8.28;7.63;7.90;21497133;171886624.00
2016/08/31;7.90;7.90;7.67;7.76;8485259;65863412.00
2016/09/01;7.75;8.00;7.71;7.83;9067084;71459952.00
2016/09/02;7.79;7.88;7.58;7.66;8686996;66751484.00
2016/09/05;7.67;7.73;7.67;7.68;3444725;26541228.00
2016/09/06;7.65;7.97;7.60;7.93;8363234;65086772.00
2016/09/07;7.92;8.71;7.86;8.42;45121840;376632096.00
2016/09/08;8.30;8.78;8.25;8.52;25768478;220239648.00
2016/09/09;8.50;8.63;8.34;8.46;13149408;110660104.00
2016/09/12;8.23;8.68;8.20;8.32;16666388;140464416.00
2016/09/13;8.39;8.47;8.23;8.35;7284458;60707144.00
2016/09/14;8.27;8.28;8.10;8.16;7757437;63301084.00
2016/09/19;8.14;8.24;8.14;8.20;4238438;34748652.00
2016/09/20;8.17;8.40;8.17;8.29;7250752;60211468.00
2016/09/21;8.27;8.35;8.16;8.19;5204112;42780704.00
2016/09/22;8.25;8.29;8.15;8.18;4572239;37437548.00
2016/09/23;8.17;8.18;7.99;8.00;10489257;84423560.00
2016/09/26;8.01;8.08;7.84;7.84;6277800;49879964.00
2016/09/27;7.85;7.90;7.77;7.89;3742380;29282156.00
2016/09/28;7.96;7.96;7.85;7.93;4625423;36561124.00
2016/09/29;7.94;7.96;7.87;7.90;2765583;21859548.00
2016/09/30;7.91;7.92;7.80;7.91;4019337;31546906.00
2016/10/10;7.93;8.04;7.90;8.04;5138555;40935900.00
2016/10/11;8.04;8.31;7.97;8.23;8281972;67414360.00
2016/10/12;8.18;8.26;8.07;8.10;5348419;43510720.00
2016/10/13;8.10;8.13;8.03;8.08;4243470;34221140.00
2016/10/14;8.08;8.08;7.96;8.02;4293145;34345424.00
2016/10/17;7.97;8.10;7.97;7.98;3492974;28043504.00
2016/10/18;8.00;8.09;7.97;8.09;3751070;30176388.00
2016/10/19;8.10;8.11;8.01;8.03;3430287;27621834.00
2016/10/20;8.03;8.22;8.02;8.21;11033747;90076800.00
2016/10/21;8.22;8.29;8.10;8.29;11102647;91025784.00
2016/10/24;8.29;8.31;8.19;8.22;11197837;92281408.00
2016/10/25;8.19;8.55;8.19;8.43;15037781;125395632.00
2016/10/26;8.36;8.57;8.24;8.54;22238892;188064080.00
2016/11/03;8.56;8.58;8.21;8.47;20466652;172169744.00
2016/11/04;8.34;8.41;8.28;8.31;9534663;79443512.00
2016/11/07;8.30;8.35;8.14;8.20;7192175;59122480.00
2016/11/08;8.26;8.35;8.18;8.35;6502219;53845220.00
2016/11/09;8.28;8.32;8.11;8.24;6753144;55449728.00
2016/11/10;8.26;8.42;8.26;8.32;7442734;62022312.00
2016/11/11;8.32;8.33;8.24;8.31;6213488;51476524.00
2016/11/14;8.31;8.36;8.22;8.30;6324081;52399384.00
2016/11/15;8.30;8.39;8.21;8.37;5828894;48365576.00
2016/11/16;8.32;8.42;8.32;8.34;5856574;48987332.00
2016/11/17;8.32;8.32;8.21;8.26;2852300;23509574.00
数据来源:通达信
