002712 思美传媒 日线 前复权
      日期	    开盘	    最高	    最低	    收盘	    成交量	    成交额
2014/01/23;9.87;11.99;9.87;11.99;1802070;65055008.00
2014/01/24;13.21;13.21;13.21;13.21;1260038;50703928.00
2014/01/27;14.55;14.55;14.55;14.55;590873;26152038.00
2014/01/28;16.03;16.03;16.03;16.03;1346974;65584164.00
2014/02/07;16.03;17.63;15.37;17.04;12693671;629276224.00
2014/02/10;16.83;18.76;16.69;18.76;8449745;451672864.00
2014/02/11;18.57;19.99;18.26;19.10;7825302;449135264.00
2014/02/12;18.90;20.55;18.47;19.40;6628912;391107424.00
2014/02/13;19.07;19.52;18.57;18.80;4427194;254703952.00
2014/02/14;18.97;19.97;18.63;19.86;5290297;311991680.00
2014/02/17;20.17;20.63;19.46;20.19;4593182;276932544.00
2014/02/18;20.12;20.13;19.32;19.42;4710201;281118784.00
2014/02/19;19.50;19.63;18.07;18.72;3970420;225720944.00
2014/02/20;18.71;19.23;18.13;18.40;3555484;200819232.00
2014/02/21;18.37;20.26;18.20;20.26;7302094;435382592.00
2014/02/24;20.33;20.52;19.57;20.47;5049550;308432928.00
2014/02/25;20.28;21.02;18.40;18.40;7172619;432025792.00
2014/02/26;17.73;18.03;16.66;17.56;4047456;213483920.00
2014/02/27;17.66;17.89;16.09;16.30;4120730;211136464.00
2014/02/28;16.25;17.33;15.97;17.19;3152848;160701552.00
2014/03/03;16.97;18.61;16.64;18.47;4005636;215639328.00
2014/03/04;18.03;19.40;17.47;18.10;4574552;255758000.00
2014/03/05;18.00;18.13;17.19;17.33;2561975;137040480.00
2014/03/06;17.24;19.00;16.47;18.43;3822831;207781520.00
2014/03/07;18.63;19.47;18.07;18.72;4640217;263948832.00
2014/03/10;17.66;18.13;16.83;17.37;2598935;138882448.00
2014/03/11;17.36;17.98;17.10;17.66;1828199;97356808.00
2014/03/12;17.50;17.86;16.64;17.30;2175034;114418960.00
2014/03/13;17.13;18.12;16.97;18.03;2194962;117779344.00
2014/03/14;17.86;18.61;17.70;18.09;2330247;128301896.00
2014/03/17;17.97;18.56;17.76;18.46;1744088;96183312.00
2014/03/18;18.37;19.06;18.23;18.28;2720889;153802688.00
2014/03/19;17.97;18.00;17.13;17.50;2675123;142282320.00
2014/03/20;17.46;17.62;17.02;17.02;1536561;80781936.00
2014/03/21;16.76;17.44;16.63;17.29;1021819;52893128.00
2014/03/24;17.15;17.38;16.03;16.08;1785598;89945448.00
2014/03/25;15.91;16.49;15.64;15.93;1208044;58666116.00
2014/03/26;15.94;16.15;15.81;15.95;809772;39360692.00
2014/03/27;15.92;15.92;15.04;15.07;1463879;68442224.00
2014/03/28;15.07;15.62;14.77;15.07;1192430;54975624.00
2014/03/31;15.13;15.33;14.56;14.80;922462;41855120.00
2014/04/01;14.80;15.23;14.72;15.17;832710;38130364.00
2014/04/02;15.17;15.53;14.69;15.45;1347729;61964228.00
2014/04/03;15.31;15.75;15.14;15.35;1198165;56456352.00
2014/04/04;15.26;15.45;14.99;15.24;892430;41281436.00
2014/04/08;14.80;15.50;14.76;15.41;1074533;49490672.00
2014/04/09;15.47;15.96;15.44;15.76;1752369;83923896.00
2014/04/10;15.73;16.13;15.66;15.73;1858611;89525928.00
2014/04/11;15.57;15.58;15.17;15.18;1026352;47972968.00
2014/04/14;15.09;15.47;15.09;15.30;580554;26936502.00
2014/04/15;15.27;15.35;15.18;15.34;645496;29982988.00
2014/04/16;15.23;15.33;14.80;14.84;817670;37189772.00
2014/04/17;14.87;16.11;14.87;15.77;2088006;99419168.00
2014/04/18;15.20;15.33;15.02;15.07;1512977;69893784.00
2014/04/21;14.95;15.53;14.84;15.19;1370114;63644232.00
2014/04/22;15.14;15.40;14.64;14.80;1049619;47728500.00
2014/04/23;14.78;15.35;14.69;15.11;982434;45134952.00
2014/04/24;15.13;15.17;14.80;15.05;762522;34748020.00
2014/04/25;15.05;15.05;14.47;14.47;762589;34226576.00
2014/04/28;14.15;14.17;13.01;13.01;1614780;65590208.00
2014/04/29;12.88;13.20;12.77;13.11;1004792;39782744.00
2014/04/30;13.13;13.22;12.98;13.07;656890;26163158.00
2014/05/05;12.99;13.46;12.91;13.41;939307;37940372.00
2014/05/06;13.45;13.92;13.34;13.73;827922;34664952.00
2014/05/07;13.63;14.32;13.53;13.93;1150854;48627420.00
2014/05/08;13.78;13.97;13.59;13.60;795721;33312310.00
2014/05/09;13.60;13.72;13.00;13.22;753420;30415182.00
2014/05/12;13.35;13.69;13.14;13.69;614421;25135842.00
2014/05/13;13.69;14.00;13.55;13.57;593633;24845462.00
2014/05/14;13.30;13.86;13.30;13.77;783356;32504600.00
2014/05/15;13.73;14.11;13.59;13.63;1191396;50200076.00
2014/05/16;13.60;13.60;12.92;13.14;1069609;42982864.00
2014/05/19;13.07;13.26;12.97;13.13;451502;18020730.00
2014/05/20;13.60;14.47;13.53;14.47;4093954;178364432.00
2014/05/21;14.40;14.87;14.07;14.86;2574416;113500096.00
2014/05/22;14.74;15.01;14.47;14.47;1725001;76952800.00
2014/05/23;14.53;15.46;14.37;15.28;2174102;99192552.00
2014/05/26;15.28;15.39;15.14;15.28;1274855;59166448.00
2014/05/27;15.28;16.83;15.17;15.91;4408669;218725888.00
2014/05/28;15.63;15.97;15.35;15.93;3391838;161014496.00
2014/05/29;15.76;15.80;15.35;15.42;1529904;72322112.00
2014/05/30;15.50;15.80;15.13;15.20;1288964;60645820.00
2014/06/03;15.10;15.67;14.94;15.49;1419975;66398780.00
2014/06/04;15.43;15.79;15.31;15.53;1195220;56458940.00
2014/06/05;15.58;16.09;15.35;16.05;1790058;85674152.00
2014/06/06;16.05;16.46;15.69;15.84;1399886;68163152.00
2014/06/09;15.87;15.99;15.30;15.36;863643;41071352.00
2014/06/10;15.36;16.00;15.25;15.95;1103090;52640168.00
2014/06/11;15.93;16.06;15.69;16.05;836318;40336076.00
2014/06/12;16.03;16.17;15.80;15.87;834563;40504424.00
2014/06/13;15.88;16.31;15.80;16.12;1080364;52931128.00
2014/06/16;16.14;16.63;16.04;16.40;1377442;68449080.00
2014/06/17;16.39;16.43;15.96;16.03;821866;40421772.00
2014/06/18;15.90;16.13;15.43;15.47;1050859;50113808.00
2014/06/19;15.43;15.63;14.28;14.44;1314870;59181928.00
2014/06/20;14.45;14.95;14.40;14.87;669904;29636410.00
2014/06/23;15.06;16.37;15.00;16.15;3364032;163623712.00
2014/06/24;16.07;16.27;15.97;16.17;1404840;68325568.00
2014/06/25;16.13;16.79;16.00;16.36;2587148;127858152.00
2014/06/26;16.31;17.74;16.27;17.27;4043591;208909376.00
2014/06/27;17.37;17.66;17.03;17.37;2687460;140847344.00
2014/06/30;17.36;17.50;16.68;16.90;2552601;130863904.00
2014/07/01;16.88;17.03;16.47;16.87;2317253;117022104.00
2014/07/02;16.88;16.98;16.27;16.77;2285862;114360096.00
2014/07/03;16.57;16.84;16.26;16.68;1483009;74411960.00
2014/07/04;16.73;17.16;16.73;16.99;2013727;103163304.00
2014/07/07;16.90;16.90;16.34;16.50;1400461;69796864.00
2014/07/08;16.49;17.40;16.46;17.13;2391645;123131632.00
2014/07/09;16.93;16.93;16.28;16.36;1959571;98204936.00
2014/07/10;16.38;16.73;16.20;16.36;1072296;53243500.00
2014/07/11;16.21;16.53;15.67;15.92;1711455;83161560.00
2014/07/14;15.90;16.16;15.77;16.16;1036230;49929408.00
2014/07/15;16.06;16.06;15.47;15.63;1352429;63975392.00
2014/07/16;15.57;15.70;14.90;15.25;1230841;56932980.00
2014/07/17;15.17;15.37;14.90;15.17;651553;29735282.00
2014/07/18;15.08;15.35;15.08;15.26;524905;24175448.00
2014/07/21;15.20;15.46;14.93;15.44;731373;33690512.00
2014/07/22;15.38;15.56;15.29;15.51;612310;28605076.00
2014/07/23;15.47;15.47;14.55;14.58;1248647;56048540.00
2014/07/24;14.59;14.80;14.40;14.63;686663;30349814.00
2014/07/25;14.67;14.79;14.51;14.67;397726;17595794.00
2014/07/28;14.71;15.20;14.67;15.13;672146;30392112.00
2014/07/29;15.13;15.27;15.00;15.17;613608;28103478.00
2014/07/30;15.18;15.23;15.00;15.22;540920;24743438.00
2014/07/31;15.22;15.39;15.07;15.29;990471;45556084.00
2014/08/01;15.19;15.23;14.81;14.83;828478;37622972.00
2014/08/04;14.77;15.05;14.73;14.93;599818;26911818.00
2014/08/05;14.90;15.66;14.78;15.63;1943721;89965528.00
2014/08/06;15.57;15.89;15.48;15.64;1045217;49428220.00
2014/08/07;15.67;15.89;15.47;15.70;1064230;50486108.00
2014/08/08;15.70;16.16;15.63;16.10;1279478;61654728.00
2014/08/11;16.10;16.11;15.93;16.02;760702;36726172.00
2014/08/12;16.03;16.03;15.56;15.73;1284240;61066536.00
2014/08/13;15.70;15.70;15.17;15.31;1467923;68116864.00
2014/08/14;15.30;15.38;15.17;15.20;1074290;49494168.00
2014/08/15;15.25;15.44;15.18;15.44;943071;43625340.00
2014/08/18;15.45;15.87;15.39;15.86;1395537;66061120.00
2014/08/19;16.18;16.43;15.80;15.97;2121883;103219888.00
2014/08/20;15.89;16.06;15.67;15.94;1227684;58728276.00
2014/08/21;15.90;16.56;15.80;16.47;2409228;117717040.00
2014/08/22;16.48;16.48;16.07;16.26;1666159;81858792.00
2014/08/25;15.89;15.89;15.38;15.38;2730482;128053912.00
2014/08/26;15.36;15.48;15.18;15.27;1009855;46727516.00
2014/08/27;15.27;15.40;15.20;15.33;540860;24985414.00
2014/08/28;15.33;15.37;14.90;14.96;862007;39439028.00
2014/08/29;14.97;15.14;14.96;15.11;460070;20915352.00
2014/09/01;15.14;15.47;15.14;15.40;674862;31273232.00
2014/09/02;15.48;15.62;15.37;15.58;1239690;58070640.00
2014/09/03;15.63;15.83;15.44;15.73;1750511;82771736.00
2014/09/04;15.69;17.32;15.67;17.32;4578660;231280832.00
2014/09/05;17.43;17.55;16.86;17.19;3429069;178049888.00
2014/09/09;17.16;17.16;16.79;17.03;2228143;114101984.00
2014/09/10;16.91;17.37;16.86;17.07;1826865;94327912.00
2014/09/11;17.03;17.34;16.74;16.87;1758464;90326592.00
2014/09/12;16.80;16.92;16.57;16.88;1015640;51495644.00
2014/09/15;16.96;17.25;16.74;17.07;1693003;87066696.00
2014/09/16;17.01;17.38;16.16;16.17;2113557;107464296.00
2014/09/17;16.16;16.34;15.90;16.23;1459204;70990032.00
2014/09/18;16.33;16.52;16.17;16.51;993179;49058460.00
2014/09/19;16.57;16.66;16.35;16.50;809940;40416916.00
2014/09/22;16.40;16.43;16.12;16.23;764781;37458248.00
2014/09/23;16.18;16.57;16.18;16.50;918567;45636264.00
2014/09/24;16.50;16.67;16.34;16.66;1352849;67595952.00
2014/09/25;16.71;16.77;16.51;16.53;1365638;68564616.00
2014/09/26;16.46;16.80;16.41;16.79;972059;48841076.00
2014/09/29;16.99;16.99;16.67;16.76;1442484;73081688.00
2014/09/30;16.82;16.88;16.70;16.85;1004727;50889836.00
2014/10/08;16.80;16.95;16.61;16.95;1150638;58336680.00
2014/10/09;16.96;17.47;16.85;17.27;2240200;116295536.00
2014/10/10;17.03;17.20;16.82;16.85;1236919;63593388.00
2014/10/13;16.67;17.58;16.48;17.45;2027225;104038048.00
2014/10/14;17.30;17.54;17.03;17.12;1354339;70802744.00
2014/10/15;17.14;18.03;16.97;17.83;2833259;150178672.00
2014/10/16;17.57;18.28;17.50;17.62;2357050;127149080.00
2014/10/17;17.55;19.13;17.50;18.75;3787108;210776272.00
2014/10/20;18.57;19.07;18.32;18.92;2291894;129471064.00
2014/10/21;18.83;19.30;18.57;18.70;2085015;118732504.00
2014/10/22;18.72;18.73;17.83;17.83;2057186;113295792.00
2014/10/23;17.74;17.79;17.24;17.45;1631513;86496512.00
2014/10/24;17.51;17.73;17.24;17.36;1386775;73404072.00
2014/10/27;17.03;17.03;16.23;16.85;1589407;80295496.00
2014/10/28;16.77;17.37;16.77;17.35;917531;47647144.00
2014/10/29;17.41;17.80;17.19;17.25;1579516;83457696.00
2014/10/30;17.24;17.53;17.03;17.23;1366343;71249784.00
2014/10/31;17.21;17.52;16.81;17.44;1330059;68954088.00
2014/11/03;17.41;17.99;17.41;17.94;1415447;75728272.00
2014/11/04;17.94;18.06;17.47;17.53;994695;53085732.00
2014/11/05;17.27;17.73;17.27;17.41;633022;33398760.00
2014/11/06;17.41;18.08;17.41;18.07;1378279;74211064.00
2014/11/07;18.32;18.54;17.85;17.96;2104361;116061880.00
2014/11/10;17.88;18.40;17.69;18.40;1521335;82961904.00
2014/11/11;18.23;18.72;17.73;18.24;2152575;118634112.00
2014/11/12;18.24;19.50;18.08;19.20;3022742;173202832.00
2014/11/13;18.73;18.86;18.27;18.35;2056381;115163672.00
2014/11/14;18.17;18.33;17.07;17.30;1992232;105089896.00
2014/11/17;17.12;17.73;17.10;17.45;920675;48654236.00
2014/11/18;17.50;17.63;17.32;17.50;653179;34495704.00
2014/11/19;17.53;17.83;17.43;17.64;1062635;56653216.00
2014/11/20;17.53;17.57;17.27;17.53;670569;35341284.00
2014/11/21;17.55;18.20;17.50;17.80;1572814;84999656.00
2014/11/24;18.00;18.10;17.57;17.92;1178440;63503232.00
2014/11/25;17.82;18.07;17.74;17.97;1076346;58147492.00
2014/11/26;17.93;18.39;16.90;18.08;1354805;73959800.00
2014/11/27;18.09;18.76;17.90;18.25;1535333;84783240.00
2014/11/28;18.38;18.72;18.17;18.43;1510466;84015200.00
2014/12/01;18.46;20.23;18.23;19.64;3416217;197799744.00
2014/12/02;19.45;19.98;19.23;19.52;2225789;131379336.00
2014/12/03;19.49;20.50;18.96;19.90;3004987;178718736.00
2014/12/04;20.20;20.37;19.57;19.91;2444543;147174464.00
2014/12/05;19.83;19.83;18.42;18.47;2783648;158009344.00
2014/12/08;18.35;18.83;17.80;17.98;1859232;102001672.00
2014/12/09;17.85;18.60;17.33;17.37;1878702;101952168.00
2014/12/10;17.39;18.53;17.39;18.34;1754005;95839784.00
2014/12/11;18.34;18.49;17.97;18.16;1061893;58229020.00
2014/12/12;18.10;18.48;18.10;18.35;865415;47748644.00
2014/12/17;18.96;20.12;18.80;19.14;3260942;189649024.00
2014/12/18;18.88;20.19;18.79;19.57;2175688;128989368.00
2014/12/19;19.30;19.30;17.84;18.13;1681135;93557720.00
2014/12/22;17.90;18.10;16.31;16.31;1694084;86614344.00
2014/12/23;16.30;16.72;15.90;16.24;678191;33428538.00
2014/12/24;16.50;16.97;16.38;16.89;704990;35573552.00
2014/12/25;16.86;17.22;16.73;16.98;548770;28076164.00
2014/12/26;16.90;17.06;16.63;16.80;731448;37269388.00
2014/12/29;16.57;16.60;15.73;15.90;1119504;53842892.00
2014/12/30;15.73;16.06;15.23;15.57;709979;33315178.00
2014/12/31;15.57;15.79;14.91;15.24;1033970;47581296.00
2015/01/05;15.27;15.40;14.57;14.99;873186;39183296.00
2015/01/06;14.92;15.86;14.77;15.72;905941;42178608.00
2015/01/07;15.70;15.72;15.10;15.29;702325;32605532.00
2015/01/08;15.30;15.66;15.23;15.43;679432;31706936.00
2015/01/09;15.43;15.66;15.26;15.29;659819;30839308.00
2015/01/12;15.23;15.27;14.92;15.12;397184;18111890.00
2015/01/13;15.22;15.96;15.11;15.81;1051617;49794472.00
2015/01/14;15.81;16.23;15.50;16.10;923532;44398036.00
2015/01/15;16.00;16.09;15.66;15.76;436561;20845188.00
2015/01/16;15.76;16.75;15.67;16.73;1432876;70618216.00
2015/01/19;16.23;17.95;16.20;16.70;1690118;87090120.00
2015/01/20;16.92;17.53;16.57;17.37;1052074;54322944.00
2015/01/21;17.33;17.71;17.10;17.42;939802;49491332.00
2015/01/22;17.23;17.73;17.23;17.47;572678;30217130.00
2015/01/23;17.57;17.73;16.55;16.72;916246;47105792.00
2015/01/26;17.02;18.40;16.75;18.40;1939030;104784088.00
2015/01/27;18.50;19.23;18.24;18.90;2537004;143225408.00
2015/01/28;18.73;20.80;18.63;20.74;4111476;250438080.00
2015/01/29;20.74;21.10;20.08;20.37;1990996;122726784.00
2015/01/30;20.52;20.84;19.60;19.60;1554726;95132856.00
2015/02/02;19.57;20.08;19.08;19.83;1516957;89691536.00
2015/02/03;19.68;20.73;19.57;19.99;2721287;165775152.00
2015/02/04;19.90;20.80;19.20;20.46;2269673;136941536.00
2015/02/05;20.23;22.52;20.19;21.40;2967119;193368880.00
2015/02/06;21.75;22.87;21.63;22.00;2224216;148952496.00
2015/02/09;21.93;22.39;20.93;21.38;1124649;73108368.00
2015/02/10;21.38;22.57;20.75;22.29;842352;55170592.00
2015/02/11;22.29;24.27;21.94;24.26;1681070;118517832.00
2015/02/12;24.15;24.40;23.53;23.76;642952;46368104.00
2015/02/13;23.93;24.40;23.59;24.03;879192;63332776.00
2015/02/16;24.07;25.36;23.57;25.17;1333339;97758768.00
2015/02/17;25.17;25.29;24.24;24.47;525823;38976432.00
2015/02/25;23.90;24.39;22.07;22.56;1360734;94809184.00
2015/02/26;22.53;23.07;21.90;22.43;1271440;85888064.00
2015/02/27;22.49;23.60;22.41;23.24;967286;67136960.00
2015/03/02;22.95;23.56;22.61;23.46;654967;45429408.00
2015/03/03;23.45;23.45;22.37;22.40;747410;51111976.00
2015/03/04;22.46;23.23;22.01;22.92;1535063;104692264.00
2015/03/05;22.67;22.87;22.20;22.37;773472;52473020.00
2015/03/06;22.40;23.07;21.23;21.99;995098;65805760.00
2015/03/09;21.86;22.65;21.26;22.57;837841;55802456.00
2015/03/10;22.62;23.15;22.18;22.73;757137;51996600.00
2015/03/11;23.13;23.13;22.40;22.80;441254;30131606.00
2015/03/12;22.72;23.10;21.67;22.27;549630;37116296.00
2015/03/13;22.35;22.80;21.86;22.46;760398;50957100.00
2015/03/16;22.45;23.85;22.45;23.56;1077814;75424944.00
2015/03/17;23.55;24.18;23.35;23.73;879702;62961288.00
2015/03/18;23.71;24.23;23.23;24.19;588851;42449660.00
2015/07/31;21.98;23.28;21.76;21.76;2200099;145051120.00
2015/08/03;19.58;19.58;19.58;19.58;369500;21763550.00
2015/08/04;17.95;19.62;17.62;19.38;7439616;407928256.00
2015/08/05;18.58;18.98;17.88;18.13;4346438;242055856.00
2015/08/06;17.89;19.08;17.65;18.70;3162796;177224944.00
2015/08/07;18.99;20.45;18.99;19.36;4031207;237585152.00
2015/08/10;19.62;21.30;19.58;21.30;3358934;206836544.00
2015/08/11;20.97;21.93;20.96;21.25;2522246;163217184.00
2015/08/12;20.96;23.10;20.85;21.59;1977784;130429480.00
2015/08/13;21.60;22.78;21.47;22.36;1979892;131994112.00
2015/08/14;22.65;23.07;21.85;22.24;1619461;108652840.00
2015/08/17;21.97;22.62;21.13;21.89;1318469;86965664.00
2015/08/18;21.90;22.07;19.69;19.69;1765361;111311424.00
2015/08/19;18.78;20.17;17.72;19.92;2531991;141524208.00
2015/08/20;19.34;19.90;18.46;18.65;1630013;94329496.00
2015/08/21;17.95;18.55;17.45;18.12;1617550;87767712.00
2015/08/24;17.64;17.65;16.31;16.31;1621361;81102288.00
2015/08/25;14.92;15.94;14.67;14.68;2439423;111126728.00
2015/08/26;14.95;16.15;14.39;15.52;2727448;128255096.00
2015/08/27;15.95;17.07;15.52;17.07;2211401;108134648.00
2015/08/28;17.27;18.14;16.45;18.02;2217800;114450400.00
2015/08/31;17.62;17.66;17.00;17.08;1045701;54482060.00
2015/09/01;16.98;16.98;15.37;15.37;1885052;90352536.00
2015/09/02;14.79;16.28;14.57;15.09;1136728;52749900.00
2015/09/07;15.88;16.45;15.45;15.64;1088146;52642872.00
2015/09/08;15.62;17.02;15.52;16.79;833156;40518036.00
2015/09/09;16.79;18.05;16.79;18.02;1390692;73350696.00
2015/09/10;17.55;17.95;17.45;17.49;647201;34452848.00
2015/09/11;17.71;18.34;17.35;18.10;865514;46559224.00
2015/09/14;18.10;18.31;16.31;16.31;984384;51331872.00
2015/09/15;15.94;17.51;15.94;16.88;778729;39651152.00
2015/09/16;17.21;18.55;16.63;18.19;1141998;59963636.00
2015/09/17;17.92;19.03;17.65;18.02;1704951;94474296.00
2015/09/18;18.28;18.37;17.52;18.01;690391;37271792.00
2015/09/21;17.91;19.82;17.63;19.82;1318603;75779792.00
2015/09/22;19.63;20.11;19.30;20.04;1055914;62638460.00
2015/09/23;19.49;20.75;19.45;19.74;509459;30641298.00
2015/09/24;19.73;20.80;19.73;19.84;735627;44936968.00
2015/09/25;19.70;20.01;18.75;19.21;645579;37305328.00
2015/09/28;19.28;20.54;18.59;20.45;1008794;60106052.00
2015/09/29;19.95;20.94;19.72;20.12;567210;34835408.00
2015/09/30;20.28;20.48;19.21;19.71;565511;33460352.00
2015/10/08;20.35;21.11;20.05;20.64;809046;50486292.00
2015/10/09;20.77;21.59;20.55;21.19;611254;38639556.00
2015/10/12;21.29;21.92;21.22;21.28;1963630;127290400.00
2015/10/13;21.22;21.43;20.75;21.34;1261733;79946288.00
2015/10/14;21.30;21.55;20.47;20.62;682696;43191748.00
2015/10/15;20.55;22.21;20.46;22.06;1298072;83186968.00
2015/10/16;21.96;22.21;20.95;21.71;1698269;109529784.00
2015/10/19;21.68;22.42;21.13;22.32;1348856;88494128.00
2015/10/20;22.26;23.65;22.02;23.16;1477066;101736576.00
2015/10/21;23.08;23.21;21.02;21.38;1353065;90849440.00
2015/10/22;21.65;23.53;21.65;23.53;2502035;172983424.00
2015/10/23;23.39;24.35;22.92;24.27;1353366;96291680.00
2015/10/26;24.17;26.12;24.17;25.28;1435767;108264464.00
2015/10/27;24.96;25.91;24.02;25.35;1101485;82422824.00
2015/10/28;24.82;26.25;24.69;25.06;1108122;84597144.00
2015/10/29;25.32;25.34;24.15;24.95;880711;65342576.00
2015/10/30;24.88;27.45;24.63;27.45;1161514;92179848.00
2015/11/02;27.28;30.20;26.95;28.61;2793546;241645408.00
2015/11/03;28.28;28.91;27.87;28.04;1169959;99288240.00
2015/11/04;28.28;30.19;28.05;29.54;1395906;121318776.00
2015/11/05;29.28;30.20;28.72;29.62;1356133;119754232.00
2015/11/06;31.83;32.59;30.34;31.57;2847977;265831984.00
2015/11/09;31.02;34.38;30.62;33.62;2734221;268728736.00
2015/11/10;33.28;34.70;32.53;33.89;1494931;150954752.00
2015/11/11;33.17;36.62;33.14;36.12;2284431;239018752.00
2015/11/12;35.33;35.95;34.32;34.62;2272336;238503488.00
2015/11/13;33.94;33.94;31.15;31.15;3229733;310116512.00
2015/11/16;29.95;31.48;29.95;31.44;2454255;227870640.00
2015/11/17;31.28;32.91;29.62;29.68;2447145;228685248.00
2015/11/18;29.73;31.15;29.58;29.61;1762482;159839728.00
2015/11/19;30.11;32.50;29.69;32.15;2295344;216647968.00
2015/11/20;32.50;35.18;30.82;34.87;2854131;281153536.00
2015/11/23;34.62;35.91;32.62;33.45;2449218;251041792.00
2015/11/24;33.02;36.12;33.02;35.61;2197722;228828224.00
2015/11/25;35.15;37.45;34.73;36.14;2139432;232030880.00
2015/11/26;35.77;37.28;33.54;34.45;2291464;242932256.00
2015/11/27;34.21;35.24;32.18;32.88;1798507;182882656.00
2015/11/30;32.95;35.55;32.13;35.26;2072095;209707504.00
2015/12/01;35.27;37.28;33.00;34.45;1795102;190059872.00
2015/12/02;33.29;34.27;31.65;33.38;1483798;147163344.00
2015/12/03;33.32;34.61;33.01;34.42;1228143;125737464.00
2015/12/04;34.18;34.95;33.28;33.60;1070793;109517760.00
2015/12/07;33.60;36.28;33.32;35.57;2267465;239068384.00
2015/12/08;35.27;36.17;34.28;35.75;1431405;151533632.00
2015/12/09;35.48;39.33;35.15;39.33;3122818;363576576.00
2015/12/10;39.61;39.94;36.99;37.29;2037015;237052752.00
2015/12/11;36.35;37.10;34.63;35.28;1684315;181296880.00
2015/12/14;35.05;36.59;34.39;36.43;1225224;131343136.00
2015/12/15;36.43;37.39;36.17;36.53;952719;105285656.00
2015/12/16;36.35;38.61;36.35;37.56;1049165;119228080.00
2015/12/17;37.90;41.32;37.65;41.32;2017802;240522400.00
2015/12/18;40.62;42.52;39.28;41.58;1717510;210293200.00
2015/12/21;40.95;43.24;40.46;40.61;1361171;171126592.00
2015/12/22;40.58;44.68;39.95;44.68;1629063;208738736.00
2015/12/23;43.95;47.43;43.51;45.22;1902308;260169680.00
2015/12/24;45.22;47.41;44.55;45.18;1243848;170690240.00
2015/12/25;45.03;48.10;43.98;46.85;1774135;247426816.00
2015/12/28;46.30;50.28;46.30;49.22;1633149;238890528.00
2015/12/29;48.55;49.24;44.29;44.60;2541812;348770912.00
2015/12/30;43.99;46.28;43.21;44.74;1892789;252852992.00
2015/12/31;44.73;44.74;41.95;42.62;1534364;198138400.00
2016/01/04;42.32;43.23;38.35;38.35;865459;105696832.00
2016/01/05;35.95;38.21;34.51;35.91;2964948;316249920.00
2016/01/06;36.01;37.01;33.55;36.58;3103662;328828672.00
2016/01/07;34.95;34.95;32.92;32.92;675386;68520832.00
2016/01/08;33.62;34.13;30.62;32.61;2368702;235804928.00
2016/01/11;31.38;33.11;29.35;29.35;2015970;189992544.00
2016/01/12;29.40;32.22;29.40;31.04;1966458;182693696.00
2016/01/13;31.88;33.28;31.18;32.41;2491299;241272256.00
2016/01/14;30.95;34.61;30.32;34.32;1485748;146309856.00
2016/01/15;33.95;35.44;32.45;33.22;1495804;152428848.00
2016/01/25;34.05;36.28;33.35;34.62;1421082;148615184.00
2016/01/26;33.72;34.28;31.15;31.15;1148099;110900528.00
2016/01/27;30.45;30.45;28.03;29.31;1569849;137305536.00
2016/01/28;29.09;29.32;26.37;26.37;1016251;84558616.00
2016/01/29;26.28;28.42;25.36;27.65;1078502;87814816.00
2016/02/01;27.48;28.80;26.79;27.53;1489625;126076184.00
2016/02/02;27.53;30.29;27.13;30.29;1249140;111256080.00
2016/02/03;29.82;33.33;29.58;33.12;1378477;131586408.00
2016/02/04;32.75;34.76;32.38;34.28;1148257;116574824.00
2016/02/05;34.28;35.45;32.97;33.62;825849;84924824.00
2016/02/15;32.48;34.54;32.29;33.62;658690;66434680.00
2016/02/16;34.13;36.78;33.98;36.00;800038;85080160.00
2016/02/17;35.62;38.24;35.28;36.51;885338;97564304.00
2016/02/18;36.28;37.69;34.99;37.28;1053443;115376256.00
2016/02/19;37.25;37.45;36.39;36.88;579676;63961344.00
2016/02/22;37.05;37.95;35.27;36.12;1329523;143180112.00
2016/02/23;39.73;39.73;35.62;37.34;3589900;404856928.00
2016/02/24;36.54;36.55;33.62;34.82;1914625;200824640.00
2016/02/25;34.15;34.82;31.33;31.33;1497174;146443328.00
2016/02/26;31.40;31.80;29.62;30.45;1115856;102979104.00
2016/02/29;30.43;30.43;27.40;27.40;1076226;89590832.00
2016/03/01;27.28;29.54;25.69;28.82;1824658;149219312.00
2016/03/02;28.58;30.62;28.31;29.95;1586294;140916896.00
2016/03/03;29.90;30.28;28.63;29.12;1983902;175856128.00
2016/03/04;28.95;28.95;26.20;26.20;2342307;189598048.00
2016/03/07;26.78;27.78;25.73;26.40;2033531;164100304.00
2016/03/08;26.17;28.85;23.96;28.08;3139379;248463376.00
2016/03/09;27.31;29.17;26.98;28.05;1980830;168331136.00
2016/03/10;27.63;28.18;26.23;26.62;1539877;125241440.00
2016/03/11;25.95;27.28;25.36;26.45;1057331;83865040.00
2016/03/14;27.27;28.67;26.65;28.27;1760584;148624352.00
2016/03/15;28.09;28.78;27.80;27.82;1490835;126842104.00
2016/03/16;28.11;28.65;26.71;27.17;1346691;112352688.00
2016/03/17;27.25;29.89;27.10;29.89;3324486;286709600.00
2016/03/18;29.82;32.88;29.82;31.54;2619032;248718576.00
2016/03/21;32.12;32.28;31.01;32.08;2476238;234560016.00
2016/03/22;31.45;32.12;31.15;31.44;1969731;186745888.00
2016/03/23;31.48;32.82;31.29;32.48;2106919;202876144.00
2016/03/24;32.17;34.55;31.63;32.62;2306868;228472688.00
2016/03/25;32.28;32.81;31.34;31.83;1531312;146713216.00
2016/03/28;32.15;33.04;31.62;31.77;1473310;142825008.00
2016/03/29;31.77;31.88;29.62;30.02;1436082;131569624.00
2016/03/30;30.12;33.03;30.12;33.03;2132102;204243648.00
2016/03/31;33.03;34.15;32.81;33.30;2307021;232015664.00
2016/04/01;32.95;36.12;32.62;35.21;2900368;301586112.00
2016/04/05;34.78;36.04;34.12;35.36;1931802;203987584.00
2016/04/06;35.02;36.54;34.91;36.24;2045067;221014512.00
2016/04/07;35.95;38.11;34.99;36.78;2618485;286917120.00
2016/04/08;36.62;38.78;36.53;38.02;2674133;302872928.00
2016/08/17;41.82;41.82;35.57;41.82;31952023;1253156608.00
2016/08/18;40.57;42.38;39.20;39.92;23846847;965870080.00
2016/08/19;38.90;39.75;36.81;36.92;18049202;686522752.00
2016/08/22;37.59;40.61;37.08;40.61;15935476;621802432.00
2016/08/23;41.40;42.50;38.10;38.32;24089459;963647360.00
2016/08/24;37.40;37.89;36.67;37.20;13207475;489470112.00
2016/08/25;36.62;36.75;35.21;35.39;11769354;419948416.00
2016/08/26;35.50;36.38;34.80;35.05;7567345;269369664.00
2016/08/29;34.61;35.99;34.51;35.09;5809797;204977216.00
2016/08/30;35.05;35.19;34.18;34.30;6607487;228209120.00
2016/08/31;34.59;35.58;34.36;34.88;6481927;227146160.00
2016/09/01;35.13;35.13;34.25;34.26;5004898;172472944.00
2016/09/02;34.19;34.70;33.71;34.56;5288998;181894672.00
2016/09/05;34.60;35.97;34.51;35.51;6486352;230225584.00
2016/09/06;35.38;35.39;34.12;35.21;4793601;166873216.00
2016/09/07;34.89;35.79;34.80;34.83;3815600;134197832.00
2016/09/08;35.03;35.09;34.42;34.55;2968035;102622080.00
2016/09/09;34.96;34.96;34.12;34.30;2942500;101047088.00
2016/09/12;33.21;33.76;32.06;32.20;4407227;145407536.00
2016/09/13;32.36;32.69;31.78;32.45;2934992;94173096.00
2016/09/14;32.10;33.08;31.70;32.28;2788885;90589728.00
2016/09/19;32.28;33.16;32.28;32.60;2515990;82449040.00
2016/09/20;32.49;33.09;32.30;32.89;2441232;80028688.00
2016/09/21;32.60;33.08;32.60;32.68;1535294;50304860.00
2016/09/22;32.70;33.04;32.70;32.95;2286090;75331896.00
2016/09/23;32.78;33.20;32.50;32.52;1855994;60748724.00
2016/09/26;32.51;33.01;31.75;31.75;2028946;65512388.00
2016/09/27;31.25;32.10;31.25;32.07;1353587;43052396.00
2016/09/28;32.13;32.13;31.62;31.80;1231338;39114556.00
2016/09/29;31.66;32.80;31.66;32.68;3150342;102184064.00
2016/09/30;32.43;34.43;32.43;33.56;3926311;132276056.00
2016/10/10;33.53;35.00;33.00;34.92;4214401;144227792.00
2016/10/11;34.85;35.00;34.35;34.61;2176554;75490536.00
2016/10/12;34.50;34.55;34.03;34.17;1789584;61245640.00
2016/10/13;34.10;34.95;34.10;34.56;2203635;76267168.00
2016/10/14;34.39;34.39;33.58;33.62;1565990;53081272.00
2016/10/17;33.05;33.92;33.00;33.35;1609822;54059404.00
2016/10/18;33.64;33.98;33.18;33.59;1631388;54888576.00
2016/10/19;33.59;34.75;33.56;34.71;3034911;103901424.00
2016/10/20;34.78;36.47;34.78;36.13;7373385;264591888.00
2016/10/21;35.79;35.88;34.70;35.14;4611511;162588896.00
2016/10/24;34.90;35.97;34.81;35.75;3786927;134942240.00
2016/10/25;35.75;35.96;35.22;35.40;2526619;89604160.00
2016/10/26;35.22;35.53;33.88;34.23;3153704;108609920.00
2016/10/27;34.26;34.97;34.04;34.62;2263133;78395168.00
2016/10/28;34.59;34.89;33.78;33.78;2506972;85764104.00
2016/10/31;33.80;33.99;32.88;32.99;2327624;77315664.00
2016/11/01;32.99;33.93;32.99;33.55;2570994;86001664.00
2016/11/02;34.18;34.18;33.20;33.58;2232151;74980344.00
2016/11/03;33.25;33.58;32.86;33.03;2858283;94706184.00
2016/11/04;33.10;33.90;33.00;33.56;2935916;98617392.00
2016/11/07;33.55;33.85;32.88;33.09;2544932;84082832.00
2016/11/08;33.14;34.18;32.50;34.15;4966114;164873168.00
2016/11/09;33.88;34.08;32.62;33.04;4291314;142488160.00
2016/11/10;33.29;33.39;33.04;33.13;2188392;72668640.00
2016/11/11;33.14;33.44;32.88;33.17;1909120;63253120.00
2016/11/14;33.18;33.28;32.68;32.74;2759576;90947976.00
2016/11/15;32.90;33.55;32.56;33.45;2697842;89354248.00
2016/11/16;33.41;36.80;33.40;36.80;7427500;268031216.00
2016/11/17;36.80;36.80;36.80;36.80;0;0.00
数据来源:通达信
