002799 环球印务 日线 前复权
      日期	    开盘	    最高	    最低	    收盘	    成交量	    成交额
2016/06/08;10.54;11.49;10.54;11.49;9700;111358.00
2016/06/13;12.64;12.64;12.64;12.64;4511;57019.04
2016/06/14;13.90;13.90;13.90;13.90;6628;92129.20
2016/06/15;15.29;15.29;15.29;15.29;6100;93269.00
2016/06/16;16.82;16.82;16.82;16.82;3265;54917.30
2016/06/17;18.50;18.50;18.50;18.50;14645;270932.50
2016/06/20;20.35;20.35;20.35;20.35;20028;407569.81
2016/06/21;22.39;22.39;22.39;22.39;16555;370666.44
2016/06/22;24.63;24.63;24.63;24.63;13200;325116.00
2016/06/23;27.09;27.09;27.09;27.09;30074;814704.69
2016/06/24;29.80;29.80;29.80;29.80;54124;1612895.25
2016/06/27;32.78;32.78;32.78;32.78;29000;950620.00
2016/06/28;36.06;36.06;36.06;36.06;31200;1125072.00
2016/06/29;39.67;39.67;39.67;39.67;52450;2080691.50
2016/06/30;43.64;43.64;43.64;43.64;181529;7921925.50
2016/07/01;48.00;48.00;48.00;48.00;132059;6338832.00
2016/07/04;52.80;52.80;52.80;52.80;112580;5944224.00
2016/07/05;58.08;58.08;58.08;58.08;111110;6453269.00
2016/07/06;63.89;63.89;63.89;63.89;58900;3763121.00
2016/07/07;70.28;70.28;70.28;70.28;148798;10457523.00
2016/07/08;77.31;77.31;77.31;77.31;248600;19219266.00
2016/07/11;85.04;85.04;85.04;85.04;477903;40640872.00
2016/07/12;80.50;85.50;76.54;81.40;14703509;1170902912.00
2016/07/13;77.77;88.10;76.55;83.31;13201994;1082252800.00
2016/07/14;80.05;83.30;79.00;80.61;7806049;629574208.00
2016/07/15;80.73;86.80;79.80;82.14;8699716;724975872.00
2016/07/18;82.64;86.90;81.32;85.66;9915532;840562240.00
2016/07/19;83.25;84.00;79.25;81.36;7983039;647718016.00
2016/07/20;80.64;80.64;78.01;78.23;5629002;443568672.00
2016/07/21;76.50;77.99;73.50;73.72;6235650;471176864.00
2016/07/22;73.80;75.57;70.00;70.49;5574153;404351232.00
2016/07/25;70.30;74.80;68.31;73.51;5801563;415231552.00
2016/07/26;72.00;75.50;71.91;73.28;4764447;351610720.00
2016/07/27;72.90;72.90;66.15;67.25;5668933;391492064.00
2016/07/28;66.05;67.25;63.52;65.10;3605547;235423712.00
2016/07/29;65.21;67.31;64.75;65.35;3350968;221382640.00
2016/08/01;64.00;64.00;59.00;59.02;3406810;205867136.00
2016/08/02;59.05;60.11;57.77;59.11;2547484;150477296.00
2016/08/03;59.17;61.80;59.00;61.50;3968343;240936560.00
2016/08/04;61.52;63.50;61.06;61.78;3383163;210407344.00
2016/08/05;61.18;61.93;59.50;59.98;2671248;162120608.00
2016/08/08;58.77;62.90;56.75;62.77;3910181;235631408.00
2016/08/09;62.20;64.06;61.89;63.70;3867778;244202880.00
2016/08/10;63.80;67.48;63.10;65.23;4983271;327537920.00
2016/08/11;63.88;64.92;63.15;63.27;3015853;193029200.00
2016/08/12;62.50;66.15;62.03;65.80;3664885;236637728.00
2016/08/15;65.40;68.49;65.00;67.15;4145316;276104832.00
2016/08/16;67.45;68.00;66.50;66.66;3461213;232427200.00
2016/08/17;66.66;67.40;65.58;66.55;3392935;224771152.00
2016/08/18;66.05;69.55;65.65;68.79;5868904;396281760.00
2016/08/19;68.14;68.44;66.01;66.06;3944982;264027520.00
2016/08/22;65.20;65.60;61.70;61.71;3231084;205287248.00
2016/08/23;61.68;63.14;61.51;62.24;1586815;98883872.00
2016/08/24;62.49;62.96;62.18;62.66;1353385;84699064.00
2016/08/25;62.02;62.99;60.10;62.30;1750420;107785904.00
2016/08/26;62.30;62.85;61.00;61.46;1286383;79951208.00
2016/08/29;61.45;61.66;60.20;60.60;1021796;62362716.00
2016/08/30;60.58;61.40;60.58;60.75;815682;49698036.00
2016/08/31;60.75;63.37;60.75;62.90;2629161;163961296.00
2016/09/01;62.98;63.00;61.18;61.30;1529461;95055104.00
2016/09/02;60.99;61.10;59.88;59.98;1370445;82757136.00
2016/09/05;60.04;60.98;59.00;59.70;853733;51508732.00
2016/09/06;59.10;60.70;58.61;60.30;1364982;81341288.00
2016/09/07;60.40;60.61;59.20;59.48;1174274;70187952.00
2016/09/08;59.48;59.81;59.05;59.30;830578;49251296.00
2016/09/09;59.29;59.49;58.80;58.90;824911;48709024.00
2016/09/12;57.18;57.67;55.78;55.82;1510567;85495488.00
2016/09/13;56.58;56.76;55.83;56.01;964205;54231240.00
2016/09/14;55.19;56.89;55.19;56.11;835332;47033112.00
2016/09/19;56.22;56.80;56.20;56.40;589968;33305956.00
2016/09/20;56.42;56.60;56.09;56.13;525027;29545892.00
2016/09/21;56.49;56.49;55.75;56.26;667602;37505452.00
2016/09/22;56.39;56.85;56.02;56.15;815326;46042192.00
2016/09/23;56.48;56.48;54.00;54.49;1116669;61855512.00
2016/09/26;54.24;54.26;51.28;51.38;1436017;76157880.00
2016/09/27;51.18;52.96;51.08;52.77;1267292;66458376.00
2016/09/28;52.48;53.58;52.26;52.90;783381;41458576.00
2016/09/29;52.85;53.58;52.56;53.38;694224;36966640.00
2016/09/30;53.21;53.75;53.16;53.34;1119086;59889008.00
2016/10/10;53.64;55.32;53.07;54.93;1027166;55877996.00
2016/10/11;54.94;55.38;54.40;55.15;844039;46272724.00
2016/10/12;55.10;56.50;54.67;55.73;1160832;64931596.00
2016/10/13;55.60;56.67;55.14;56.38;1000222;56260932.00
2016/10/14;55.88;56.68;55.50;56.48;1139519;63950408.00
2016/10/17;56.48;56.86;54.53;55.21;1023045;57025816.00
2016/10/18;55.00;57.50;54.22;57.50;2694966;153237600.00
2016/10/19;57.71;59.88;57.70;58.73;5171486;303817472.00
2016/10/20;57.80;58.03;57.00;57.03;1978520;113399296.00
2016/10/21;57.00;57.64;56.49;57.10;1200454;68406224.00
2016/10/24;56.76;57.56;56.40;57.32;1408778;80296352.00
2016/10/25;57.11;58.39;57.10;57.94;1739473;100346416.00
2016/10/26;57.50;58.87;57.50;57.66;1631715;94784760.00
2016/10/27;57.49;58.26;56.90;58.02;1348719;78029208.00
2016/10/28;57.98;58.89;57.67;57.79;1766246;102900424.00
2016/10/31;56.55;57.60;55.32;56.99;1750729;98405384.00
2016/11/01;56.89;62.69;56.51;62.69;6288234;381113632.00
2016/11/02;62.00;64.28;61.00;61.80;5661178;353393760.00
2016/11/03;61.16;62.98;61.11;62.79;4497454;280309312.00
2016/11/04;62.49;65.50;62.17;64.21;6302237;402718944.00
2016/11/07;63.51;65.10;62.85;63.21;3112617;197688768.00
2016/11/08;63.20;63.83;62.50;63.64;2228424;140634368.00
2016/11/09;63.50;63.73;61.31;62.60;2944009;184060352.00
2016/11/10;63.15;65.37;62.50;64.10;3729171;239357440.00
2016/11/11;63.50;64.57;62.67;62.78;2483831;157336432.00
2016/11/14;62.90;63.46;61.51;62.35;1680141;104909224.00
2016/11/15;62.44;63.00;61.50;62.78;1505139;93427352.00
2016/11/16;62.64;63.09;61.38;61.38;1477261;91544864.00
2016/11/17;61.38;61.38;59.21;59.85;1110700;66730928.00
数据来源:通达信
