002539 云图控股 日线 前复权
      日期	    开盘	    最高	    最低	    收盘	    成交量	    成交额
2011/01/18;5.48;5.90;5.30;5.42;8632457;262194880.00
2011/01/19;5.41;5.60;5.30;5.55;4620011;138230640.00
2011/01/20;5.50;5.50;5.31;5.32;2947173;86475016.00
2011/01/21;5.28;5.40;5.18;5.32;2097678;60534252.00
2011/01/24;5.30;5.38;5.17;5.17;1579163;45664676.00
2011/01/25;5.17;5.20;5.03;5.18;1330971;37439836.00
2011/01/26;5.16;5.29;5.16;5.26;1003235;28801446.00
2011/01/27;5.20;5.43;5.17;5.42;1874216;54518024.00
2011/01/28;5.38;5.41;5.30;5.34;1045996;30588150.00
2011/01/31;5.34;5.48;5.32;5.46;1061603;31443430.00
2011/02/01;5.45;5.47;5.36;5.41;843602;24890050.00
2011/02/09;5.35;5.45;5.29;5.31;870820;25513738.00
2011/02/10;5.37;5.66;5.34;5.63;2952380;89380440.00
2011/02/11;5.57;5.63;5.53;5.62;1685694;51267908.00
2011/02/14;5.58;5.68;5.55;5.65;1773918;54371680.00
2011/02/15;5.65;5.77;5.59;5.60;1963824;60615504.00
2011/02/16;5.60;5.72;5.60;5.72;1427009;44015716.00
2011/02/17;5.72;5.74;5.59;5.66;1153216;35482920.00
2011/02/18;5.68;5.71;5.62;5.67;937384;28908018.00
2011/02/21;5.67;5.81;5.64;5.80;1617060;50578944.00
2011/02/22;5.84;5.84;5.56;5.57;1617997;49847484.00
2011/02/23;5.65;5.82;5.65;5.71;1548473;48241016.00
2011/02/24;5.77;5.77;5.62;5.68;936841;28965108.00
2011/02/25;5.62;5.68;5.58;5.62;856237;26129604.00
2011/03/01;5.69;5.73;5.67;5.68;1157629;35877632.00
2011/03/02;5.62;5.68;5.61;5.65;638854;19613156.00
2011/03/03;5.65;5.68;5.53;5.54;765787;23318576.00
2011/03/04;5.54;5.60;5.52;5.59;409001;12372046.00
2011/03/07;5.60;5.65;5.57;5.63;596237;18255422.00
2011/03/08;5.62;5.64;5.58;5.61;474886;14501495.00
2011/03/09;5.62;5.70;5.62;5.68;915122;28193804.00
2011/03/10;5.67;5.80;5.65;5.75;1794837;56095136.00
2011/03/11;5.75;5.84;5.72;5.72;1384967;43607336.00
2011/03/14;5.70;5.80;5.68;5.78;789441;24735320.00
2011/03/15;5.77;5.81;5.60;5.71;1137605;35323432.00
2011/03/16;5.68;5.77;5.68;5.73;477958;14902055.00
2011/03/17;5.76;6.10;5.76;5.93;3007914;97201912.00
2011/03/18;6.00;6.00;5.80;5.85;1063438;33846292.00
2011/03/21;5.86;5.90;5.73;5.80;802650;25282542.00
2011/03/22;5.78;5.84;5.72;5.80;599926;18791088.00
2011/03/23;5.74;5.82;5.74;5.82;376886;11840441.00
2011/03/24;5.84;5.94;5.80;5.88;770859;24589570.00
2011/03/25;5.88;5.97;5.83;5.88;762524;24420020.00
2011/03/28;5.94;6.04;5.88;6.01;1410103;45701276.00
2011/03/29;5.96;6.03;5.82;5.82;1225860;39413988.00
2011/03/30;5.72;5.78;5.43;5.54;1849279;56010916.00
2011/03/31;5.52;5.58;5.46;5.49;447230;13415188.00
2011/04/01;5.49;5.52;5.42;5.51;260012;7782782.00
2011/04/06;5.50;5.55;5.46;5.53;330731;9953538.00
2011/04/07;5.58;5.69;5.58;5.65;529441;16268728.00
2011/04/08;5.64;5.69;5.62;5.66;346293;10656434.00
2011/04/11;5.69;5.69;5.58;5.60;409146;12559091.00
2011/04/12;5.59;5.61;5.52;5.53;370477;11233442.00
2011/04/13;5.53;5.57;5.48;5.57;460916;13880364.00
2011/04/14;5.60;5.69;5.56;5.66;687733;21145190.00
2011/04/15;5.68;5.77;5.64;5.73;866892;26930298.00
2011/04/18;5.72;5.96;5.71;5.86;1682550;53606792.00
2011/04/19;5.84;5.97;5.77;5.92;1651662;52984064.00
2011/04/21;5.89;5.95;5.79;5.81;1360147;43041092.00
2011/04/22;5.82;5.87;5.73;5.74;949409;29853728.00
2011/04/25;5.72;5.74;5.55;5.61;1099461;33598128.00
2011/04/26;5.61;5.66;5.53;5.64;584894;17828016.00
2011/04/27;5.68;5.79;5.61;5.66;756881;23512582.00
2011/04/28;5.64;5.72;5.49;5.52;730961;22270450.00
2011/04/29;5.51;5.64;5.50;5.58;475671;14427549.00
2011/05/03;5.58;5.66;5.54;5.65;486395;14878595.00
2011/05/04;5.65;5.65;5.48;5.50;660672;19978490.00
2011/05/05;5.48;5.54;5.48;5.51;295916;8891132.00
2011/05/06;5.50;5.67;5.48;5.60;657499;20049704.00
2011/05/09;5.68;5.73;5.62;5.65;594837;18365576.00
2011/05/10;5.66;5.82;5.63;5.81;1253509;39188612.00
2011/05/11;5.74;5.86;5.74;5.79;929720;29300382.00
2011/05/12;5.76;5.86;5.70;5.71;638913;20061558.00
2011/05/13;5.72;5.85;5.70;5.80;508824;15881680.00
2011/05/16;5.82;5.88;5.76;5.80;410715;12966731.00
2011/05/17;5.80;5.86;5.70;5.81;604183;19098194.00
2011/05/18;5.78;5.78;5.70;5.71;459316;14316073.00
2011/05/19;5.73;5.77;5.60;5.62;441251;13670640.00
2011/05/20;5.58;5.63;5.55;5.61;716330;21764610.00
2011/05/23;5.58;5.62;5.32;5.34;916721;27414356.00
2011/05/24;5.34;5.40;5.28;5.38;444221;12988594.00
2011/05/25;5.38;5.40;5.28;5.28;338318;9838723.00
2011/05/26;5.34;5.45;5.34;5.36;602379;17588310.00
2011/05/27;5.37;5.39;5.16;5.16;345240;9938935.00
2011/05/30;5.17;5.22;5.10;5.12;297704;8347089.00
2011/05/31;5.12;5.22;5.00;5.22;351632;9802021.00
2011/06/01;5.23;5.24;5.17;5.22;257927;7298052.50
2011/06/02;5.16;5.16;5.00;5.08;383075;10543706.00
2011/06/03;5.08;5.21;5.08;5.18;245152;6850890.00
2011/06/07;5.19;5.26;5.18;5.24;232661;6596424.50
2011/06/08;5.22;5.23;5.12;5.18;346589;9711819.00
2011/06/09;5.16;5.17;5.04;5.04;334140;9263860.00
2011/06/10;5.05;5.10;4.98;5.06;398290;10866905.00
2011/06/13;4.99;5.08;4.99;5.06;242902;6671956.00
2011/06/14;5.08;5.28;5.06;5.21;465989;13140518.00
2011/06/15;5.20;5.23;5.16;5.20;325616;9170100.00
2011/06/16;5.16;5.18;5.09;5.11;398550;11111559.00
2011/06/17;5.11;5.12;5.02;5.04;193970;5336271.00
2011/06/20;5.04;5.09;5.02;5.04;465789;12803740.00
2011/06/21;5.04;5.07;4.98;5.00;824596;22425704.00
2011/06/22;5.01;5.01;4.84;4.88;619623;16615896.00
2011/06/23;4.86;5.03;4.84;5.01;495791;13383135.00
2011/06/24;4.98;5.18;4.98;5.17;1068932;29741838.00
2011/06/27;5.23;5.63;5.22;5.50;2577452;76586832.00
2011/06/28;5.50;5.60;5.36;5.46;1076478;31987584.00
2011/06/29;5.46;5.51;5.40;5.47;905238;26691650.00
2011/06/30;5.46;5.58;5.45;5.54;793154;23699104.00
2011/07/01;5.55;5.59;5.50;5.50;858781;25707548.00
2011/07/04;5.53;5.59;5.53;5.58;631904;18983746.00
2011/07/05;5.58;5.66;5.57;5.59;811488;24540596.00
2011/07/06;5.60;5.66;5.56;5.65;851170;25812046.00
2011/07/07;5.68;5.80;5.62;5.73;1238902;38167552.00
2011/07/08;5.73;5.77;5.63;5.68;698104;21366786.00
2011/07/11;5.65;5.70;5.60;5.68;608197;18535674.00
2011/07/12;5.64;5.66;5.55;5.56;940251;28469818.00
2011/07/13;5.68;6.12;5.66;5.92;2699667;85767912.00
2011/07/14;5.92;6.11;5.90;6.06;2427683;78366544.00
2011/07/15;6.09;6.45;6.06;6.31;6056565;203707568.00
2011/07/18;6.30;6.36;6.25;6.30;3269791;110239720.00
2011/07/19;6.25;6.29;6.14;6.18;1480654;49173208.00
2011/07/20;6.26;6.33;6.08;6.16;1757968;58481192.00
2011/07/21;6.15;6.29;6.12;6.25;1376673;45688188.00
2011/07/22;6.26;6.32;6.21;6.26;1304201;43715292.00
2011/07/25;6.28;6.35;5.96;5.99;1857580;60879212.00
2011/07/26;6.01;6.04;5.83;5.93;1498509;47574348.00
2011/07/27;5.93;6.18;5.85;6.14;2001961;65004080.00
2011/07/28;6.08;6.34;6.00;6.30;2089268;69539248.00
2011/07/29;6.28;6.32;6.02;6.04;1842853;60720644.00
2011/08/01;6.10;6.44;6.04;6.44;5431479;184092032.00
2011/08/02;6.40;6.44;6.21;6.43;3177590;107656176.00
2011/08/03;6.32;6.45;6.30;6.35;2124334;72192424.00
2011/08/04;6.38;6.40;6.23;6.30;1750273;58904224.00
2011/08/05;6.06;6.26;5.98;6.15;1913155;62927000.00
2011/08/08;6.10;6.20;5.64;5.98;2957385;94449272.00
2011/08/09;5.79;6.34;5.68;6.34;3390743;110187760.00
2011/08/10;6.56;6.72;6.40;6.44;8702958;303722336.00
2011/08/11;6.30;6.82;6.28;6.74;7399619;262311696.00
2011/08/12;6.76;6.85;6.69;6.81;5623237;202866976.00
2011/08/15;6.82;6.86;6.73;6.82;3680224;132993720.00
2011/08/16;6.81;6.83;6.63;6.66;3171326;113436032.00
2011/08/17;6.66;6.77;6.63;6.69;2181502;77954752.00
2011/08/18;6.70;6.70;6.52;6.58;2103614;73820600.00
2011/08/19;6.42;6.54;6.40;6.48;1888756;65070772.00
2011/08/22;6.52;6.70;6.47;6.48;2803950;98501104.00
2011/08/23;6.53;6.79;6.49;6.76;2803351;99269424.00
2011/08/24;6.78;6.80;6.69;6.70;2262918;81248840.00
2011/08/25;6.72;6.78;6.57;6.67;2376033;84348392.00
2011/08/29;6.74;6.89;6.70;6.86;4288709;155170512.00
2011/08/30;6.88;6.90;6.52;6.56;3155402;112995600.00
2011/08/31;6.52;6.60;6.39;6.48;2048599;70804000.00
2011/09/01;6.48;6.59;6.43;6.53;1904786;66256000.00
2011/09/02;6.52;6.55;6.25;6.28;2605410;88242168.00
2011/09/05;6.22;6.22;6.07;6.08;1610712;52746020.00
2011/09/06;6.04;6.14;5.98;6.09;1362130;44352932.00
2011/09/07;6.14;6.36;6.09;6.30;3038892;101238824.00
2011/09/08;6.33;6.34;6.09;6.09;2067045;68923968.00
2011/09/09;6.06;6.22;5.96;5.99;1296284;42161060.00
2011/09/13;5.89;6.06;5.85;6.02;1548271;49469180.00
2011/09/14;6.04;6.09;5.85;6.03;1416003;45358120.00
2011/09/15;6.08;6.24;6.06;6.07;2039048;67130456.00
2011/09/16;6.12;6.15;5.93;5.96;1397926;45246084.00
2011/09/19;5.96;6.01;5.88;5.88;1000671;31828860.00
2011/09/20;5.86;6.00;5.86;5.95;949530;30244202.00
2011/09/21;5.96;6.25;5.91;6.23;2405932;78700960.00
2011/09/22;6.16;6.19;5.85;5.85;2629844;84831296.00
2011/09/23;5.56;5.75;5.54;5.62;3146126;47813324.00
2011/09/26;5.52;5.63;5.32;5.35;2291672;33736968.00
2011/09/27;5.44;5.55;5.38;5.42;1658714;24436232.00
2011/09/28;5.48;5.54;5.18;5.21;2021593;29325524.00
2011/09/29;5.16;5.24;4.98;5.03;1668215;22999238.00
2011/09/30;5.04;5.13;4.98;5.08;1425177;19621034.00
2011/10/10;5.15;5.15;5.04;5.10;947932;13118838.00
2011/10/11;5.26;5.39;5.11;5.16;3137890;44703632.00
2011/10/12;5.19;5.66;5.16;5.61;5162411;76381696.00
2011/10/13;5.64;5.88;5.58;5.70;6742440;103990832.00
2011/10/14;5.64;5.94;5.59;5.93;5494258;85809344.00
2011/10/17;5.96;6.02;5.80;5.98;4594992;72751720.00
2011/10/18;5.89;6.04;5.81;5.82;3707928;58699124.00
2011/10/19;5.76;5.80;5.28;5.44;5490735;81874200.00
2011/10/20;5.40;5.40;5.12;5.20;3261077;46106692.00
2011/10/21;5.19;5.33;5.16;5.16;1926732;27268338.00
2011/10/24;5.18;5.41;5.09;5.40;2514204;35956380.00
2011/10/25;5.44;5.60;5.29;5.50;4108598;60669528.00
2011/10/26;5.44;5.55;5.40;5.44;3586461;53146632.00
2011/10/27;5.44;5.54;5.37;5.42;2162365;31932028.00
2011/10/28;5.52;5.60;5.44;5.59;3181712;47448520.00
2011/10/31;5.59;5.63;5.50;5.54;2306397;34605872.00
2011/11/01;5.48;5.60;5.43;5.50;2462794;36667796.00
2011/11/02;5.38;5.58;5.33;5.56;2962027;43626176.00
2011/11/03;5.57;5.78;5.57;5.65;4686534;71946336.00
2011/11/04;5.66;5.73;5.59;5.67;2825015;43053220.00
2011/11/07;5.64;5.74;5.62;5.70;2382948;36559628.00
2011/11/08;5.70;5.91;5.67;5.80;5025992;78551696.00
2011/11/09;5.79;5.95;5.72;5.92;4115986;64687672.00
2011/11/10;5.85;5.88;5.73;5.74;3486599;54239756.00
2011/11/11;5.73;5.78;5.56;5.61;2766233;42157452.00
2011/11/14;5.69;5.82;5.67;5.81;3059150;47357292.00
2011/11/15;5.82;5.86;5.74;5.76;2144505;33326166.00
2011/11/16;5.76;5.79;5.50;5.53;2713463;41165440.00
2011/11/17;5.56;5.56;5.40;5.44;1961775;29019260.00
2011/11/18;5.39;5.39;5.23;5.24;2661729;38092364.00
2011/11/21;5.24;5.42;5.24;5.42;2019971;29133542.00
2011/11/22;5.36;5.40;5.29;5.36;1108338;16019796.00
2011/11/23;5.36;5.38;5.28;5.28;1244856;17904182.00
2011/11/24;5.21;5.34;5.17;5.27;990629;14095213.00
2011/11/25;5.30;5.42;5.26;5.32;1923015;27918410.00
2011/11/28;5.37;5.54;5.33;5.47;1832817;26932952.00
2011/11/29;5.52;5.55;5.39;5.49;1665500;24551630.00
2011/11/30;5.50;5.50;5.08;5.15;2240273;31885556.00
2011/12/01;5.32;5.42;5.23;5.24;1848333;26669244.00
2011/12/02;5.23;5.23;5.11;5.18;1090759;15321989.00
2011/12/05;5.14;5.16;4.92;4.96;1081389;14795435.00
2011/12/06;4.98;4.98;4.74;4.88;1840778;24142692.00
2011/12/07;4.88;4.91;4.80;4.89;982252;13048142.00
2011/12/08;4.89;4.95;4.75;4.82;1150213;15178894.00
2011/12/09;4.82;4.86;4.74;4.76;909164;11852465.00
2011/12/12;4.76;4.81;4.70;4.71;743400;9657426.00
2011/12/13;4.69;4.71;4.40;4.44;1310310;16185441.00
2011/12/14;4.44;4.48;4.37;4.42;636949;7759598.50
2011/12/15;4.37;4.42;4.24;4.27;979850;11699080.00
2011/12/16;4.31;4.44;4.28;4.43;912337;10926989.00
2011/12/19;4.42;4.42;4.26;4.41;963193;11500604.00
2011/12/20;4.40;4.50;4.36;4.42;833325;10190424.00
2011/12/21;4.48;4.50;4.29;4.29;945732;11474841.00
2011/12/22;4.27;4.27;3.96;4.09;1703071;19128394.00
2011/12/23;4.08;4.17;4.07;4.12;994839;11343261.00
2011/12/26;4.14;4.14;4.02;4.03;1010865;11411561.00
2011/12/27;4.07;4.07;3.72;3.74;1654251;17800732.00
2011/12/28;3.71;3.71;3.56;3.68;1291071;13151963.00
2011/12/29;3.66;3.72;3.60;3.63;903075;9282806.00
2011/12/30;3.64;3.78;3.64;3.76;1115314;11606795.00
2012/01/04;3.80;3.84;3.62;3.62;975531;10228029.00
2012/01/05;3.61;3.67;3.50;3.52;1271630;12794091.00
2012/01/06;3.53;3.58;3.41;3.57;1004575;9858743.00
2012/01/09;3.58;3.80;3.52;3.78;1990968;20587026.00
2012/01/10;3.78;4.02;3.76;4.01;2868132;31264718.00
2012/01/11;4.00;4.06;3.94;4.04;2288815;25440656.00
2012/01/12;3.98;4.12;3.98;4.02;2079155;23373686.00
2012/01/13;4.04;4.06;3.78;3.80;2333272;25208840.00
2012/01/16;3.71;3.74;3.55;3.56;1616881;16420357.00
2012/01/17;3.58;3.83;3.55;3.81;1982638;20598456.00
2012/01/18;3.82;3.92;3.77;3.80;2406513;25839596.00
2012/01/19;3.73;3.86;3.68;3.84;1787301;18864174.00
2012/01/20;3.84;3.99;3.84;3.96;1925386;20980708.00
2012/01/30;3.98;4.04;3.86;3.89;1776453;19408288.00
2012/01/31;3.89;3.94;3.85;3.92;1237994;13418165.00
2012/02/01;3.90;4.04;3.88;3.96;2217213;24477100.00
2012/02/02;3.99;4.15;3.99;4.14;3086661;34722876.00
2012/02/03;4.11;4.25;4.09;4.22;3391749;39151488.00
2012/02/06;4.24;4.28;4.16;4.25;2963829;34425016.00
2012/02/07;4.21;4.23;4.07;4.14;2525575;29019062.00
2012/02/08;4.14;4.28;4.08;4.28;2646055;30716370.00
2012/02/09;4.26;4.34;4.24;4.25;2598949;30810218.00
2012/02/10;4.22;4.28;4.21;4.26;1803561;21149902.00
2012/02/13;4.21;4.35;4.19;4.33;2221164;26320676.00
2012/02/14;4.32;4.46;4.30;4.42;3787892;45890136.00
2012/02/15;4.42;4.48;4.35;4.47;2689343;32774330.00
2012/02/16;4.47;4.52;4.36;4.43;2504006;30587040.00
2012/02/17;4.42;4.44;4.32;4.38;1854436;22338568.00
2012/02/20;4.47;4.47;4.40;4.42;2502890;30477726.00
2012/02/21;4.41;4.54;4.32;4.54;2889089;35191248.00
2012/02/22;4.52;4.80;4.50;4.78;4719660;60117552.00
2012/02/23;4.76;4.84;4.72;4.80;3304651;43137744.00
2012/02/24;4.80;5.15;4.76;5.10;4691990;62809140.00
2012/02/27;5.19;5.32;5.04;5.20;7112371;99965480.00
2012/02/28;5.08;5.20;4.84;5.19;10194673;139824528.00
2012/02/29;5.16;5.26;5.07;5.12;5382387;75349064.00
2012/03/01;5.12;5.12;4.94;4.98;3144344;42758572.00
2012/03/02;4.98;5.19;4.97;5.12;3817639;52618284.00
2012/03/05;5.11;5.27;5.07;5.23;7262111;102360384.00
2012/03/06;5.23;5.35;5.15;5.29;9756048;139344400.00
2012/03/07;5.22;5.45;5.18;5.32;10219441;147767456.00
2012/03/08;5.36;5.44;5.24;5.34;7818100;112844544.00
2012/03/09;5.35;5.51;5.29;5.32;7207699;104353792.00
2012/03/12;5.35;5.35;5.12;5.28;5436192;76866432.00
2012/03/13;5.26;5.55;5.22;5.55;12341702;180886544.00
2012/03/14;5.56;5.84;5.35;5.54;14533470;219502352.00
2012/03/15;5.52;5.73;5.48;5.64;13621928;206268944.00
2012/03/16;5.69;5.91;5.62;5.74;14928928;231423488.00
2012/03/19;5.77;5.82;5.52;5.68;8247912;125565304.00
2012/03/20;5.68;5.76;5.37;5.56;8433340;126762496.00
2012/03/22;5.56;5.60;5.39;5.44;4308466;64019676.00
2012/03/23;5.44;5.44;5.14;5.41;4880657;69948992.00
2012/03/26;5.37;5.49;5.23;5.42;4682040;68143896.00
2012/03/27;5.44;5.47;5.20;5.27;5400825;78198816.00
2012/03/28;5.22;5.22;4.76;4.76;4120305;55556088.00
2012/03/29;4.74;4.76;4.40;4.60;4558395;57367684.00
2012/03/30;4.63;4.66;4.47;4.58;2344747;29282566.00
2012/04/05;4.58;4.84;4.55;4.84;4099005;52721308.00
2012/04/06;4.80;5.05;4.78;4.98;6820544;91978368.00
2012/04/09;4.96;4.97;4.64;4.68;5368063;70769640.00
2012/04/10;4.66;4.66;4.24;4.47;5802399;70437824.00
2012/04/11;4.38;4.55;4.30;4.51;3994157;48870932.00
2012/04/12;4.55;4.59;4.43;4.59;3651037;45406716.00
2012/04/13;4.62;4.74;4.54;4.72;4661314;58079488.00
2012/04/16;4.66;4.78;4.63;4.66;3032095;38158612.00
2012/04/17;4.66;4.72;4.54;4.56;2470131;30765224.00
2012/04/18;4.57;4.70;4.57;4.68;2799065;34872576.00
2012/04/19;4.68;4.88;4.66;4.84;4512699;58006304.00
2012/04/20;4.82;5.00;4.82;4.94;4161913;54784188.00
2012/04/23;4.99;4.99;4.79;4.80;3032740;39496720.00
2012/04/24;4.80;4.80;4.52;4.67;3255765;40577748.00
2012/04/25;4.66;4.78;4.56;4.78;2756363;34506696.00
2012/04/26;4.78;4.90;4.74;4.81;2603219;33509382.00
2012/04/27;4.81;4.89;4.67;4.71;1594133;20242676.00
2012/05/02;4.78;4.92;4.73;4.83;2837079;36706620.00
2012/05/03;4.81;4.91;4.81;4.90;2131102;27741192.00
2012/05/04;4.90;5.00;4.88;4.98;2966098;39236336.00
2012/05/07;4.90;4.98;4.88;4.92;2640428;34736332.00
2012/05/08;4.92;4.98;4.71;4.75;5279892;68710656.00
2012/05/09;4.70;4.70;4.54;4.59;4123453;51045604.00
2012/05/10;4.59;4.68;4.59;4.63;1827447;22775526.00
2012/05/14;4.63;4.68;4.56;4.57;1501513;18590978.00
2012/05/15;4.54;4.55;4.38;4.44;2402056;28597910.00
2012/05/16;4.41;4.48;4.34;4.35;976529;11592044.00
2012/05/17;4.35;4.47;4.32;4.44;1399098;16627851.00
2012/05/18;4.39;4.42;4.30;4.30;1265449;14897240.00
2012/05/21;4.32;4.36;4.30;4.31;1034564;12068240.00
2012/05/22;4.33;4.45;4.33;4.42;1491833;17695528.00
2012/05/23;4.42;4.43;4.32;4.33;1453701;17082676.00
2012/05/24;4.36;4.36;4.19;4.22;2421692;27857116.00
2012/05/25;4.19;4.24;3.99;4.04;1835135;20413316.00
2012/05/28;4.02;4.16;3.91;4.14;1688679;18496430.00
2012/05/29;4.16;4.25;4.12;4.22;1424720;16206371.00
2012/05/30;4.20;4.31;4.19;4.22;1499667;17199394.00
2012/05/31;4.20;4.32;4.17;4.23;1428890;16394887.00
2012/06/01;4.29;4.29;4.16;4.18;1499972;17082236.00
2012/06/04;4.12;4.12;3.94;3.95;1831381;19969730.00
2012/06/05;3.94;4.02;3.94;3.96;753033;8110149.00
2012/06/06;3.95;4.02;3.95;3.98;662977;7166437.00
2012/06/07;4.03;4.21;4.03;4.10;2331020;25983074.00
2012/06/08;4.11;4.18;4.10;4.13;1291166;14432503.00
2012/06/11;4.13;4.18;4.06;4.16;1114847;12480703.00
2012/06/12;4.06;4.14;4.06;4.09;1106606;12240983.00
2012/06/13;4.12;4.20;4.08;4.19;1596204;17933242.00
2012/06/14;4.20;4.28;4.15;4.21;1863576;21324690.00
2012/06/15;4.25;4.27;4.14;4.23;1298426;14748654.00
2012/06/18;4.22;4.26;4.20;4.21;1219262;13905330.00
2012/06/19;4.21;4.24;4.17;4.20;655471;7432713.00
2012/06/20;4.21;4.38;4.21;4.31;1822184;21217594.00
2012/06/21;4.26;4.34;4.25;4.29;1541861;17817154.00
2012/06/25;4.29;4.35;4.24;4.26;1632450;18915412.00
2012/06/26;4.22;4.22;3.93;4.18;1781965;19666010.00
2012/06/27;4.09;4.25;4.09;4.21;879370;10005959.00
2012/06/28;4.21;4.32;4.18;4.22;882811;10112585.00
2012/06/29;4.15;4.32;4.09;4.24;1332419;15194476.00
2012/07/02;4.29;4.35;4.21;4.32;1601158;18626790.00
2012/07/03;4.35;4.41;4.28;4.34;1563095;18400764.00
2012/07/04;4.34;4.38;4.26;4.30;749199;8708155.00
2012/07/05;4.34;4.34;4.19;4.30;908292;10435100.00
2012/07/06;4.28;4.35;4.22;4.34;1037684;12035267.00
2012/07/09;4.29;4.35;4.16;4.24;2226031;25413502.00
2012/07/10;4.20;4.22;4.06;4.06;855393;9495961.00
2012/07/11;3.99;4.06;3.95;4.03;1318397;14328176.00
2012/07/12;3.99;4.11;3.93;4.10;1302853;14184978.00
2012/07/13;4.06;4.12;4.01;4.10;977309;10774744.00
2012/07/16;4.10;4.24;4.02;4.18;2168986;24256226.00
2012/07/17;4.17;4.26;4.07;4.22;3530395;40187328.00
2012/07/18;4.22;4.24;4.15;4.23;1489623;16900420.00
2012/07/19;4.23;4.28;4.20;4.26;2418358;27671894.00
2012/07/20;4.26;4.26;4.14;4.15;1000911;11376767.00
2012/07/23;4.13;4.13;3.94;4.05;1030489;11260854.00
2012/07/24;4.06;4.13;4.00;4.12;648130;7141480.00
2012/07/25;4.06;4.12;4.06;4.11;762630;8434174.00
2012/07/26;4.10;4.27;4.02;4.16;1539420;17269612.00
2012/07/27;4.10;4.13;4.06;4.08;829297;9182490.00
2012/07/30;4.07;4.21;4.07;4.08;1196119;13409442.00
2012/07/31;4.08;4.10;3.96;3.96;562730;6095495.00
2012/08/01;3.92;4.03;3.90;4.00;563984;6100555.50
2012/08/02;4.03;4.03;3.96;3.97;341478;3692896.25
2012/08/03;3.96;4.04;3.96;4.04;492167;5346686.50
2012/08/06;4.03;4.17;4.01;4.16;885711;9841165.00
2012/08/07;4.12;4.23;4.12;4.22;1003211;11346452.00
2012/08/08;4.19;4.25;4.14;4.17;530200;6009843.50
2012/08/09;4.17;4.24;4.13;4.22;757500;8605037.00
2012/08/10;4.23;4.29;4.22;4.25;1048978;12059558.00
2012/08/13;4.25;4.25;4.09;4.12;823754;9280386.00
2012/08/14;4.12;4.34;4.11;4.33;1506642;17183168.00
2012/08/15;4.30;4.38;4.20;4.21;996900;11489719.00
2012/08/16;4.22;4.34;4.22;4.30;1242716;14362695.00
2012/08/17;4.35;4.57;4.35;4.46;3728771;44705028.00
2012/08/20;4.46;4.80;4.46;4.78;6399704;80033608.00
2012/08/21;4.78;4.78;4.64;4.76;3935651;49675164.00
2012/08/22;4.71;4.73;4.62;4.66;2308431;28871448.00
2012/08/23;4.62;4.69;4.51;4.65;2550657;31599836.00
2012/08/24;4.62;4.62;4.44;4.44;1835035;22318228.00
2012/08/27;4.41;4.57;4.39;4.43;1439103;17348814.00
2012/08/28;4.45;4.52;4.35;4.51;1824229;21808040.00
2012/08/29;4.49;4.51;4.39;4.42;949770;11361824.00
2012/08/30;4.42;4.51;4.27;4.31;1187512;14006060.00
2012/08/31;4.33;4.37;4.25;4.31;825795;9565393.00
2012/09/03;4.30;4.40;4.30;4.36;862325;10130728.00
2012/09/04;4.38;4.40;4.28;4.31;839304;9818264.00
2012/09/05;4.28;4.38;4.14;4.35;1646279;18884290.00
2012/09/06;4.36;4.41;4.32;4.38;623900;7337796.00
2012/09/07;4.41;4.57;4.39;4.51;2088600;25205428.00
2012/09/10;4.52;4.54;4.47;4.52;1110134;13428175.00
2012/09/11;4.50;4.50;4.40;4.46;1066988;12747251.00
2012/09/12;4.46;4.50;4.41;4.46;1071320;12833414.00
2012/09/13;4.49;4.49;4.29;4.29;1250529;14757217.00
2012/09/14;4.33;4.36;4.22;4.25;885610;10235491.00
2012/09/17;4.27;4.31;4.10;4.10;725090;8197505.00
2012/09/18;4.10;4.17;4.09;4.10;569410;6350195.00
2012/09/19;4.14;4.17;4.11;4.16;527733;5913161.00
2012/09/20;4.13;4.16;3.99;4.00;615427;6765987.50
2012/09/21;4.06;4.06;3.94;3.96;451813;4895576.00
2012/09/24;3.94;4.03;3.94;4.02;319862;3458582.00
2012/09/25;4.02;4.04;3.94;4.00;248800;2698619.50
2012/09/26;4.02;4.02;3.94;3.96;278337;2992959.50
2012/09/27;3.95;4.06;3.95;4.01;525560;5729853.50
2012/09/28;4.00;4.13;3.98;4.12;646949;7179924.50
2012/10/08;4.12;4.17;4.05;4.07;326603;3625061.25
2012/10/09;4.06;4.16;4.05;4.15;751779;8395356.00
2012/10/10;4.12;4.16;4.10;4.14;550033;6145451.50
2012/10/11;4.12;4.14;4.05;4.06;519500;5766112.00
2012/10/12;4.05;4.11;4.02;4.06;321212;3534737.50
2012/10/15;4.08;4.08;3.96;4.00;357926;3902703.75
2012/10/16;4.00;4.07;3.96;4.00;283325;3091529.75
2012/10/17;4.05;4.13;4.00;4.12;850777;9413443.00
2012/10/18;4.12;4.16;4.08;4.14;787400;8793169.00
2012/10/19;4.10;4.16;4.10;4.15;733397;8185419.50
2012/10/22;4.14;4.27;4.03;4.16;3192555;35618956.00
2012/10/23;4.14;4.17;3.99;4.03;2196930;24222598.00
2012/10/24;4.00;4.12;3.98;4.00;1313361;14288705.00
2012/10/25;3.98;3.99;3.92;3.93;1107137;11882623.00
2012/10/26;3.93;3.96;3.63;3.63;2315100;23728854.00
2012/10/29;3.63;3.66;3.53;3.57;1550685;15144027.00
2012/10/30;3.58;3.72;3.55;3.66;1612217;15990489.00
2012/10/31;3.60;3.71;3.60;3.64;633274;6316190.50
2012/11/01;3.63;3.69;3.63;3.65;1778496;17779174.00
2012/11/02;3.66;3.68;3.57;3.58;1657363;16326741.00
2012/11/05;3.60;3.65;3.56;3.62;1452727;14297735.00
2012/11/06;3.62;3.62;3.55;3.57;737401;7206027.50
2012/11/07;3.58;3.60;3.56;3.58;655697;6431053.50
2012/11/08;3.56;3.56;3.44;3.49;1603694;15431484.00
2012/11/09;3.49;3.53;3.44;3.45;479486;4571964.50
2012/11/12;3.40;3.48;3.40;3.44;422250;3982417.00
2012/11/13;3.44;3.45;3.32;3.34;658650;6119404.50
2012/11/14;3.32;3.36;3.31;3.34;420280;3858984.50
2012/11/15;3.33;3.36;3.30;3.30;482720;4426169.00
2012/11/16;3.30;3.33;3.24;3.26;475052;4279096.00
2012/11/19;3.28;3.29;3.24;3.29;319946;2888182.25
2012/11/20;3.29;3.33;3.28;3.30;409985;3736669.00
2012/11/21;3.30;3.33;3.24;3.32;519402;4716017.00
2012/11/22;3.32;3.34;3.28;3.29;340698;3102417.75
2012/11/23;3.26;3.34;3.26;3.32;375113;3430672.50
2012/11/26;3.30;3.34;3.30;3.31;336400;3075475.50
2012/11/27;3.31;3.31;3.03;3.06;706219;6182327.00
2012/11/28;3.04;3.05;2.89;2.90;1025917;8370961.00
2012/11/29;2.90;2.98;2.90;2.90;419221;3427878.25
2012/11/30;2.90;2.94;2.88;2.92;343282;2786081.50
2012/12/03;2.93;2.93;2.77;2.78;393277;3147175.25
2012/12/04;2.78;2.84;2.70;2.82;515421;3994984.00
2012/12/05;2.79;2.96;2.79;2.94;901218;7344151.50
2012/12/06;2.91;2.96;2.91;2.92;458720;3753926.75
2012/12/07;2.92;3.00;2.90;3.00;927612;7697471.00
2012/12/10;2.98;3.14;2.97;3.11;1264340;10828010.00
2012/12/11;3.10;3.15;3.06;3.12;1159814;10006578.00
2012/12/12;3.12;3.13;3.02;3.06;830067;7048365.00
2012/12/13;3.05;3.06;2.98;2.99;727261;6087684.00
2012/12/14;2.95;3.18;2.95;3.14;1396182;12067841.00
2012/12/17;3.17;3.23;3.12;3.21;1287215;11367680.00
2012/12/18;3.21;3.30;3.18;3.19;1778204;15947752.00
2012/12/19;3.19;3.22;3.16;3.18;758967;6708697.50
2012/12/20;3.21;3.25;3.18;3.22;829681;7377090.50
2012/12/21;3.36;3.54;3.29;3.30;2397473;22225070.00
2012/12/24;3.26;3.37;3.23;3.30;1114229;10158951.00
2012/12/25;3.30;3.40;3.27;3.35;1412061;13000091.00
2012/12/26;3.38;3.39;3.32;3.37;1635409;15101197.00
2012/12/27;3.37;3.41;3.32;3.32;1349243;12475491.00
2012/12/28;3.30;3.34;3.26;3.34;1070044;9776332.00
2012/12/31;3.34;3.36;3.31;3.34;1964404;18056432.00
2013/01/04;3.36;3.36;3.24;3.29;1572049;14313597.00
2013/01/07;3.44;3.45;3.33;3.38;2681461;24947410.00
2013/01/08;3.45;3.66;3.41;3.55;5227459;50675584.00
2013/01/09;3.50;3.51;3.44;3.48;3204891;30511886.00
2013/01/10;3.47;3.48;3.38;3.42;4046033;38112704.00
2013/01/11;3.42;3.44;3.29;3.31;3540060;32710128.00
2013/01/14;3.30;3.44;3.30;3.43;3580797;33285126.00
2013/01/15;3.45;3.55;3.43;3.54;5702768;54580936.00
2013/01/16;3.54;3.60;3.45;3.52;5164077;49870760.00
2013/01/17;3.50;3.53;3.42;3.46;2957631;28168096.00
2013/01/18;3.45;3.53;3.45;3.51;2420299;23238060.00
2013/01/21;3.51;3.56;3.50;3.56;2504007;24281300.00
2013/01/22;3.58;3.59;3.44;3.47;3241674;31276472.00
2013/01/23;3.45;3.50;3.38;3.43;1885337;17788268.00
2013/01/24;3.45;3.51;3.32;3.34;2664054;24962134.00
2013/01/25;3.34;3.36;3.32;3.35;1072613;9866388.00
2013/01/28;3.34;3.44;3.34;3.43;1532343;14299254.00
2013/01/29;3.43;3.49;3.41;3.48;1623593;15398480.00
2013/01/30;3.49;3.51;3.40;3.44;1410586;13327297.00
2013/01/31;3.43;3.54;3.36;3.54;3428731;32688354.00
2013/02/01;3.50;3.57;3.48;3.49;3988465;38543784.00
2013/02/04;3.44;3.51;3.44;3.47;1939156;18475044.00
2013/02/05;3.46;3.51;3.42;3.51;1528650;14551447.00
2013/02/06;3.51;3.54;3.50;3.52;1847444;17842528.00
2013/02/07;3.52;3.53;3.47;3.50;1255692;12048670.00
2013/02/08;3.49;3.58;3.49;3.58;2702874;26347230.00
2013/02/18;3.58;3.68;3.58;3.66;4274324;42453312.00
2013/02/19;3.65;3.66;3.54;3.56;2483660;24356168.00
2013/02/20;3.55;3.61;3.52;3.61;2513651;24591132.00
2013/02/21;3.61;3.61;3.48;3.50;2730728;26498476.00
2013/02/22;3.52;3.53;3.48;3.49;1378866;13242196.00
2013/02/25;3.50;3.56;3.49;3.55;1409815;13624981.00
2013/02/26;3.52;3.56;3.46;3.46;1461677;14105785.00
2013/02/27;3.45;3.50;3.42;3.47;1397775;13273256.00
2013/02/28;3.46;3.48;3.37;3.46;3253310;30522112.00
2013/03/01;3.46;3.53;3.44;3.53;2734684;26172448.00
2013/03/04;3.54;3.54;3.38;3.40;2584584;24500778.00
2013/03/05;3.42;3.52;3.40;3.52;2886945;27464654.00
2013/03/06;3.52;3.63;3.50;3.63;5289511;51896768.00
2013/03/07;3.68;3.82;3.62;3.64;6748466;68363128.00
2013/03/08;3.62;3.71;3.58;3.60;2843573;28318412.00
2013/03/11;3.61;3.64;3.52;3.54;2263874;22196206.00
2013/03/12;3.54;3.57;3.38;3.41;2556149;24323096.00
2013/03/13;3.39;3.42;3.26;3.30;1820606;16634859.00
2013/03/14;3.29;3.33;3.28;3.31;900104;8199997.00
2013/03/15;3.32;3.37;3.30;3.32;962292;8847847.00
2013/03/18;3.28;3.32;3.25;3.26;847507;7654187.00
2013/03/19;3.25;3.28;3.19;3.24;856175;7634242.00
2013/03/20;3.24;3.32;3.22;3.32;1152600;10452026.00
2013/03/21;3.32;3.36;3.32;3.34;1277311;11761876.00
2013/03/22;3.34;3.36;3.32;3.34;824569;7573322.00
2013/03/25;3.34;3.36;3.31;3.34;967604;8890119.00
2013/03/26;3.34;3.36;3.27;3.30;1015425;9237110.00
2013/03/27;3.30;3.33;3.29;3.32;850787;7755573.00
2013/03/28;3.30;3.30;3.12;3.13;1613344;14211347.00
2013/03/29;3.13;3.16;3.12;3.14;449638;3914554.75
2013/04/01;3.14;3.17;3.13;3.15;494907;4321329.50
2013/04/02;3.21;3.21;3.13;3.14;526298;4617277.00
2013/04/03;3.10;3.15;3.10;3.12;426001;3681877.50
2013/04/08;3.11;3.11;2.96;3.08;560694;4720007.50
2013/04/09;3.09;3.11;3.08;3.08;610600;5245259.00
2013/04/10;3.08;3.09;3.04;3.06;599653;5102752.00
2013/04/11;3.08;3.12;3.03;3.04;537869;4571435.50
2013/04/12;3.04;3.08;3.01;3.01;775950;6563200.00
2013/04/15;3.00;3.01;2.94;2.95;652508;5391793.50
2013/04/16;2.94;3.00;2.93;2.99;538734;4456383.50
2013/04/17;3.01;3.08;3.00;3.04;823000;6950517.00
2013/04/18;3.04;3.06;3.02;3.05;693128;5860884.50
2013/04/19;3.03;3.13;3.03;3.13;1155640;9952771.00
2013/04/22;3.10;3.10;3.05;3.09;1046953;8935872.00
2013/04/23;3.09;3.10;2.95;2.98;1006506;8472147.00
2013/04/24;2.96;3.05;2.96;3.03;624384;5223564.00
2013/04/25;3.00;3.03;2.95;2.95;981299;8174108.00
2013/04/26;2.96;3.01;2.91;2.92;647393;5306395.50
2013/05/02;2.92;2.95;2.91;2.94;333189;2718941.50
2013/05/03;2.95;3.00;2.94;2.99;683301;5674868.00
2013/05/06;3.01;3.10;3.01;3.10;1960060;16724353.00
2013/05/07;3.09;3.13;3.06;3.13;1334059;11476742.00
2013/05/08;3.13;3.16;3.12;3.13;832377;7226395.50
2013/05/09;3.14;3.14;3.07;3.10;898810;7725881.00
2013/05/10;3.08;3.14;3.06;3.13;1610429;13831515.00
2013/05/13;3.14;3.14;3.09;3.12;1127755;9474945.00
2013/05/14;3.11;3.14;3.08;3.13;998807;8352082.00
2013/05/15;3.13;3.20;3.13;3.19;1152219;9843801.00
2013/05/16;3.20;3.22;3.16;3.20;1235125;10596602.00
2013/05/17;3.20;3.23;3.16;3.23;1636086;14078235.00
2013/05/20;3.22;3.30;3.22;3.27;2177611;19069874.00
2013/05/21;3.26;3.37;3.24;3.36;3312721;29375786.00
2013/05/22;3.36;3.48;3.32;3.46;4326058;39428208.00
2013/05/23;3.42;3.56;3.40;3.54;7921034;73828544.00
2013/05/24;3.46;3.52;3.45;3.50;4234513;39366544.00
2013/05/27;3.49;3.50;3.43;3.45;2635609;24309406.00
2013/05/28;3.45;3.46;3.38;3.44;2138770;19563376.00
2013/05/29;3.43;3.48;3.42;3.47;2054936;18956768.00
2013/05/30;3.45;3.50;3.43;3.49;2268712;20979902.00
2013/05/31;3.50;3.51;3.40;3.42;1776151;16443495.00
2013/06/03;3.40;3.42;3.32;3.32;2108066;18981376.00
2013/06/04;3.35;3.35;3.22;3.24;1561860;13695657.00
2013/06/05;3.22;3.27;3.22;3.25;870897;7603968.50
2013/06/06;3.24;3.28;3.22;3.23;731513;6386133.50
2013/06/07;3.23;3.25;3.11;3.12;1346848;11440993.00
2013/06/13;3.06;3.08;2.97;3.01;1325761;10769758.00
2013/06/14;2.98;3.06;2.98;3.04;658288;5381075.00
2013/06/17;3.06;3.06;2.97;3.01;735626;5970403.00
2013/06/18;3.00;3.06;2.98;3.02;509525;4165113.25
2013/06/19;3.02;3.02;2.97;3.01;616887;4983725.00
2013/06/20;3.16;3.34;3.11;3.20;5674833;49542016.00
2013/06/21;3.08;3.22;3.00;3.20;2921107;24518198.00
2013/06/24;3.16;3.16;2.85;2.90;2282376;18615240.00
2013/06/25;2.88;2.89;2.64;2.82;2132329;16137003.00
2013/06/26;2.80;2.85;2.69;2.76;4557912;33914508.00
2013/06/27;2.76;2.79;2.64;2.64;4310448;31821476.00
2013/06/28;2.63;2.67;2.55;2.62;2017667;14384639.00
2013/07/01;2.62;2.66;2.60;2.66;1080243;7762367.50
2013/07/02;2.66;2.72;2.64;2.71;1767290;12881395.00
2013/07/03;2.70;2.70;2.62;2.63;1548960;11198953.00
2013/07/04;2.60;2.70;2.60;2.67;1578671;11474101.00
2013/07/05;2.66;2.74;2.65;2.73;2022252;14886706.00
2013/07/08;2.70;2.70;2.60;2.60;1330650;9536910.00
2013/07/09;2.58;2.63;2.58;2.60;916699;6516486.50
2013/07/10;2.62;2.69;2.60;2.68;1644016;11839689.00
2013/07/11;2.65;2.94;2.62;2.91;4639569;34577432.00
2013/07/12;2.78;2.91;2.78;2.82;4237742;32567824.00
2013/07/15;2.82;2.85;2.79;2.83;2588108;19844438.00
2013/07/16;2.83;2.90;2.76;2.86;2948040;22593592.00
2013/07/17;2.86;2.87;2.78;2.82;1863489;14294643.00
2013/07/18;2.80;2.86;2.78;2.86;2042600;15674927.00
2013/07/19;2.85;2.85;2.77;2.78;1280102;9719902.00
2013/07/22;2.70;2.82;2.70;2.81;987007;7506475.00
2013/07/23;2.79;2.85;2.78;2.83;2513408;19218760.00
2013/07/24;2.82;2.83;2.76;2.82;1630507;12391275.00
2013/07/25;2.81;2.82;2.73;2.74;1154380;8700499.00
2013/07/26;2.72;2.76;2.66;2.69;1399198;10290234.00
2013/07/29;2.68;2.68;2.62;2.63;1566416;11298771.00
2013/07/30;2.63;2.66;2.60;2.64;994218;7131723.50
2013/07/31;2.65;2.75;2.65;2.69;1521661;11151874.00
2013/08/01;2.69;2.74;2.66;2.74;1404050;10344271.00
2013/08/02;2.74;2.75;2.72;2.72;1061647;7888302.00
2013/08/05;2.70;2.84;2.70;2.83;3244524;24580902.00
2013/08/06;2.82;2.94;2.80;2.88;7341580;57255336.00
2013/08/07;2.86;2.89;2.84;2.84;3907499;30347832.00
2013/08/08;2.83;2.84;2.78;2.80;2051103;15609936.00
2013/08/09;2.80;2.83;2.77;2.83;1922214;14633253.00
2013/08/12;2.83;2.88;2.82;2.87;2405649;18591294.00
2013/08/13;2.87;2.88;2.84;2.88;2343110;18179004.00
2013/08/14;2.89;2.90;2.85;2.86;2376082;18533606.00
2013/08/15;2.84;2.86;2.80;2.80;2246500;17180402.00
2013/08/16;2.78;2.87;2.76;2.76;2046299;15560846.00
2013/08/19;2.76;2.80;2.72;2.79;988627;7442509.50
2013/08/20;2.79;2.82;2.78;2.80;1330874;10111969.00
2013/08/21;2.78;2.85;2.78;2.84;1504347;11518237.00
2013/08/22;2.83;2.86;2.82;2.83;1154510;8877581.00
2013/08/23;2.83;2.85;2.75;2.80;1336509;10168257.00
2013/08/26;2.80;2.85;2.79;2.84;1373406;10541811.00
2013/08/27;2.85;2.88;2.84;2.87;2111428;16340248.00
2013/08/28;2.86;2.89;2.84;2.88;2253351;17514490.00
2013/08/29;2.88;2.89;2.84;2.85;1280642;9935547.00
2013/08/30;2.84;2.86;2.81;2.82;1768926;13626862.00
2013/09/02;2.81;2.84;2.74;2.84;1341075;10173337.00
2013/09/03;2.84;2.94;2.84;2.92;3467077;27179994.00
2013/09/04;2.92;2.93;2.86;2.89;2382169;18613200.00
2013/09/05;2.88;3.02;2.88;3.02;7168330;57791480.00
2013/09/06;3.00;3.01;2.96;2.99;3498400;28203346.00
2013/09/09;2.99;3.01;2.96;2.99;2870658;23082472.00
2013/09/10;3.00;3.02;2.96;3.02;2681765;21653624.00
2013/09/11;3.06;3.06;2.92;2.94;3710425;29798416.00
2013/09/12;2.94;2.98;2.93;2.94;1832891;14609637.00
2013/09/13;2.95;2.96;2.91;2.95;1465243;11622057.00
2013/09/16;2.95;2.96;2.92;2.93;891940;7078574.50
2013/09/17;2.93;2.95;2.83;2.83;1275180;9946126.00
2013/09/18;2.82;2.86;2.82;2.86;1074904;8282750.00
2013/09/23;2.86;2.89;2.85;2.89;1032039;8037558.00
2013/09/24;2.89;2.90;2.83;2.84;1940810;14991809.00
2013/09/25;2.84;2.88;2.83;2.86;1987392;15360210.00
2013/09/26;2.84;2.86;2.83;2.83;1269656;9773610.00
2013/09/27;2.83;2.86;2.78;2.78;1322631;10102155.00
2013/09/30;2.81;2.82;2.79;2.82;820682;6251524.00
2013/10/08;2.82;2.86;2.81;2.85;1180336;9087200.00
2013/10/09;2.84;2.87;2.84;2.86;1116545;8644492.00
2013/10/10;2.86;2.88;2.84;2.85;1561554;12089930.00
2013/10/11;2.86;2.90;2.85;2.90;1768098;13789524.00
2013/10/14;2.90;2.94;2.88;2.93;2405644;19005388.00
2013/10/15;2.94;2.94;2.90;2.94;1416301;11190697.00
2013/10/16;2.94;2.94;2.85;2.87;1470953;11485406.00
2013/10/17;2.87;2.92;2.87;2.90;1184354;9285432.00
2013/10/18;2.91;2.92;2.88;2.90;1011815;7945101.50
2013/10/21;2.90;2.98;2.90;2.96;2268101;18021674.00
2013/10/22;2.97;2.99;2.95;2.96;2200039;17662018.00
2013/10/23;2.97;3.02;2.89;2.92;1986455;15848948.00
2013/10/24;2.92;2.92;2.85;2.88;1129476;8802628.00
2013/10/25;2.88;2.92;2.85;2.90;1560211;12184488.00
2013/10/28;2.92;2.94;2.87;2.90;989709;7757313.00
2013/10/29;2.88;2.92;2.74;2.80;2027048;15606663.00
2013/10/30;2.80;2.83;2.78;2.82;956218;7266229.50
2013/10/31;2.82;2.82;2.78;2.82;672747;5125174.50
2013/11/01;2.80;3.00;2.77;2.96;3124247;24782438.00
2013/11/04;2.97;3.00;2.92;2.98;2469204;19784892.00
2013/11/05;2.96;3.02;2.93;3.01;2847868;22932554.00
2013/11/06;3.00;3.00;2.92;2.93;1914030;15340418.00
2013/11/07;2.91;3.06;2.91;3.05;5519876;44682596.00
2013/11/08;3.05;3.13;2.97;3.00;4637280;38017648.00
2013/11/11;3.01;3.04;2.92;3.03;2464188;19866586.00
2013/11/12;3.02;3.06;2.99;3.03;2564362;20985288.00
2013/11/13;3.02;3.14;3.00;3.09;6113936;50941736.00
2013/11/14;3.08;3.27;3.01;3.23;7399176;62761260.00
2013/11/15;3.20;3.26;3.19;3.22;6172872;53463124.00
2013/11/18;3.22;3.24;3.18;3.22;4020973;34734008.00
2013/11/19;3.22;3.33;3.20;3.24;3589418;31405318.00
2013/11/20;3.21;3.23;3.15;3.18;3233162;27636068.00
2013/11/21;3.16;3.18;3.06;3.13;2797828;23398930.00
2013/11/22;3.14;3.47;3.14;3.47;10531240;96170016.00
2013/11/25;3.48;3.55;3.35;3.38;13826561;126592488.00
2013/11/26;3.33;3.42;3.31;3.39;6934162;62619520.00
2013/11/27;3.33;3.40;3.32;3.40;4119685;37148200.00
2013/11/28;3.40;3.53;3.40;3.41;8142025;75248384.00
2013/11/29;3.40;3.49;3.32;3.47;6013794;54972680.00
2013/12/02;3.36;3.47;3.19;3.24;4875746;43750544.00
2013/12/03;3.23;3.52;3.21;3.44;5164122;46707936.00
2013/12/04;3.44;3.63;3.42;3.50;7807848;73791192.00
2013/12/05;3.50;3.54;3.44;3.45;3690258;34280344.00
2013/12/06;3.45;3.47;3.36;3.46;2595173;23684058.00
2013/12/09;3.47;3.53;3.43;3.49;2580421;24056760.00
2013/12/10;3.54;3.54;3.36;3.41;3286984;30343338.00
2013/12/11;3.40;3.42;3.32;3.39;2311207;20808366.00
2013/12/12;3.40;3.41;3.36;3.37;1406890;12729390.00
2013/12/13;3.37;3.37;3.29;3.35;2083039;18581978.00
2013/12/16;3.35;3.38;3.27;3.30;1977470;17545868.00
2013/12/17;3.30;3.32;3.27;3.30;1016959;8990967.00
2013/12/18;3.30;3.34;3.28;3.29;1115954;9905335.00
2013/12/19;3.30;3.32;3.26;3.26;1093916;9648083.00
2013/12/20;3.25;3.29;3.17;3.18;1110380;9623145.00
2013/12/23;3.18;3.28;3.12;3.18;1083221;9228069.00
2013/12/24;3.19;3.23;3.15;3.20;1297756;11131246.00
2013/12/25;3.22;3.23;3.18;3.22;1081295;9311734.00
2013/12/26;3.22;3.23;3.12;3.12;1678000;14278185.00
2013/12/27;3.12;3.24;3.11;3.24;1873632;16049290.00
2013/12/30;3.26;3.26;3.21;3.24;1186171;10305961.00
2013/12/31;3.22;3.26;3.20;3.23;1092530;9480047.00
2014/01/02;3.22;3.25;3.19;3.24;805846;6975083.50
2014/01/03;3.22;3.23;3.16;3.19;1175993;10068171.00
2014/01/06;3.18;3.18;3.01;3.02;1405281;11615470.00
2014/01/07;2.98;3.08;2.97;3.01;965788;7855786.00
2014/01/08;3.01;3.06;3.01;3.04;901210;7381092.50
2014/01/09;3.05;3.07;3.00;3.00;702372;5769165.00
2014/01/10;2.99;3.02;2.92;2.94;818661;6569955.00
2014/01/13;2.93;2.97;2.87;2.91;775219;6111593.50
2014/01/14;2.91;2.99;2.84;2.98;703489;5579134.00
2014/01/15;2.96;2.99;2.92;2.98;741692;5926976.50
2014/01/16;2.99;2.99;2.96;2.97;575971;4628498.50
2014/01/17;2.95;2.98;2.91;2.92;569489;4509142.00
2014/01/20;2.84;2.94;2.84;2.90;655439;5143785.50
2014/01/21;2.90;2.94;2.88;2.92;463799;3667921.50
2014/01/22;2.93;3.02;2.92;3.02;965829;7797818.50
2014/01/23;3.03;3.06;3.00;3.04;843386;6898272.00
2014/01/24;3.04;3.07;3.02;3.06;777596;6403856.50
2014/01/27;3.03;3.08;3.01;3.05;555168;4567236.00
2014/01/28;3.05;3.06;3.02;3.04;1382889;11315770.00
2014/01/29;3.03;3.18;3.03;3.07;1280216;10664942.00
2014/01/30;3.06;3.12;3.04;3.08;532956;4406934.00
2014/02/07;3.07;3.16;3.05;3.15;903683;7623304.00
2014/02/10;3.18;3.21;3.13;3.20;1743902;14910097.00
2014/02/11;3.24;3.34;3.23;3.27;2958113;26069432.00
2014/02/12;3.28;3.32;3.24;3.31;2111227;18653640.00
2014/02/13;3.31;3.34;3.26;3.26;1972792;17503286.00
2014/02/14;3.27;3.42;3.26;3.40;3199806;28632362.00
2014/02/17;3.39;3.52;3.39;3.51;5843970;54307156.00
2014/02/18;3.51;3.58;3.45;3.49;4223772;39675048.00
2014/02/19;3.50;3.54;3.44;3.46;2375285;22026864.00
2014/02/20;3.48;3.55;3.42;3.48;3461093;32258314.00
2014/02/21;3.50;3.50;3.40;3.42;2237087;20557954.00
2014/02/24;3.46;3.46;3.33;3.42;2590696;23556534.00
2014/02/25;3.42;3.43;3.27;3.34;2380991;21362492.00
2014/02/26;3.31;3.33;3.23;3.33;1131186;9953715.00
2014/02/27;3.32;3.38;3.27;3.29;1329967;11920548.00
2014/02/28;3.24;3.35;3.23;3.32;838670;7384323.50
2014/03/03;3.33;3.44;3.33;3.42;1116527;10153067.00
2014/03/04;3.42;3.44;3.36;3.41;1270173;11521612.00
2014/03/05;3.43;3.44;3.38;3.42;1284791;11750849.00
2014/03/06;3.40;3.42;3.21;3.36;1193864;10730566.00
2014/03/07;3.36;3.38;3.29;3.34;1091867;9770638.00
2014/03/10;3.34;3.37;3.25;3.28;1312408;11659750.00
2014/03/11;3.28;3.33;3.26;3.32;773818;6852413.50
2014/03/12;3.32;3.53;3.30;3.52;5382676;49942080.00
2014/03/13;3.60;3.90;3.59;3.90;8059915;81315256.00
2014/03/14;4.03;4.31;3.68;3.70;21259305;221831184.00
2014/03/17;3.60;3.84;3.60;3.83;15041472;149212320.00
2014/03/18;3.76;4.08;3.70;4.01;15853437;163061504.00
2014/03/19;3.90;4.13;3.83;3.92;17444914;182744368.00
2014/03/20;3.88;3.99;3.74;3.75;10191715;104386344.00
2014/03/21;3.73;3.88;3.70;3.84;9190824;92725440.00
2014/03/24;3.83;3.88;3.72;3.77;8224414;82782280.00
2014/03/25;3.68;3.81;3.61;3.72;8576039;84401480.00
2014/03/26;3.76;3.88;3.69;3.82;7755364;78227160.00
2014/03/27;3.80;3.87;3.73;3.74;6808518;68721048.00
2014/03/28;3.73;3.83;3.68;3.69;5249728;52164884.00
2014/03/31;3.64;3.70;3.53;3.57;4585492;44055444.00
2014/04/01;3.57;3.62;3.52;3.62;2812211;26765626.00
2014/04/02;3.62;3.64;3.57;3.58;2612896;25161294.00
2014/04/03;3.58;3.65;3.58;3.60;2308604;22225546.00
2014/04/04;3.60;3.64;3.56;3.62;1922305;18524632.00
2014/04/08;3.64;3.75;3.60;3.75;4645504;45667948.00
2014/04/09;3.75;3.78;3.70;3.76;3929223;39115076.00
2014/04/10;3.80;3.80;3.39;3.64;4896913;46791000.00
2014/04/11;3.63;3.63;3.54;3.56;2826550;26384822.00
2014/04/14;3.54;3.92;3.52;3.88;8133902;79685096.00
2014/04/15;3.84;3.89;3.77;3.78;3854566;38165780.00
2014/04/16;3.79;3.82;3.72;3.82;2332885;22943372.00
2014/04/17;3.84;3.84;3.69;3.70;2431968;23833886.00
2014/04/18;3.67;3.72;3.64;3.66;1590058;15243007.00
2014/04/21;3.63;3.87;3.56;3.78;4606522;45136072.00
2014/04/22;3.93;4.02;3.78;3.97;11930749;121361656.00
2014/04/23;3.96;4.32;3.92;4.20;17883199;193501472.00
2014/04/24;4.16;4.38;4.06;4.24;18358833;200992048.00
2014/04/25;4.16;4.23;4.01;4.03;8722930;93249656.00
2014/04/28;4.02;4.02;3.76;3.81;6780243;68745376.00
2014/04/29;3.79;3.96;3.78;3.91;4937786;49578848.00
2014/04/30;3.92;4.18;3.90;4.10;8496659;89763304.00
2014/05/05;4.10;4.20;3.96;4.15;5703349;60196116.00
2014/05/06;4.14;4.22;4.06;4.10;4946257;53135024.00
2014/05/07;4.07;4.34;4.07;4.21;9588283;105146720.00
2014/05/08;4.16;4.21;4.00;4.12;4936181;52867544.00
2014/05/09;4.08;4.14;3.80;3.99;7028167;71771760.00
2014/05/12;3.99;4.14;3.92;4.10;6126954;64456948.00
2014/05/13;4.09;4.32;4.00;4.29;7944884;86943120.00
2014/05/14;4.26;4.27;4.16;4.25;4965248;54359548.00
2014/05/15;4.24;4.38;4.16;4.20;6631358;73472808.00
2014/05/16;4.15;4.42;4.06;4.41;8020409;89120352.00
2014/05/19;4.38;4.58;4.23;4.29;10775398;122973824.00
2014/05/20;4.28;4.72;4.26;4.66;13731703;160197968.00
2014/05/21;4.58;4.67;4.47;4.62;10435045;123316344.00
2014/05/22;4.60;4.78;4.53;4.72;11318429;135901152.00
2014/05/23;4.66;4.70;4.50;4.59;8021580;94985744.00
2014/05/26;4.59;4.64;4.49;4.59;6256429;73984648.00
2014/05/27;4.57;4.61;4.42;4.47;6764825;78909832.00
2014/05/28;4.42;4.54;4.36;4.49;6400883;73864336.00
2014/05/29;4.46;4.48;4.25;4.25;7671320;86710488.00
2014/05/30;4.22;4.27;4.10;4.13;6965450;75285496.00
2014/06/03;4.16;4.20;4.13;4.15;3212532;34702800.00
2014/06/04;4.12;4.30;4.02;4.23;6200511;67351056.00
2014/06/05;4.32;4.37;4.18;4.26;5519802;60946644.00
2014/06/06;4.26;4.32;4.11;4.14;3949514;43239592.00
2014/06/09;4.12;4.32;4.04;4.31;6080620;66835696.00
2014/06/10;4.31;4.46;4.26;4.44;6571619;74733576.00
2014/06/11;4.41;4.50;4.39;4.42;4089956;47089120.00
2014/06/12;4.40;4.44;4.30;4.35;2597161;29300480.00
2014/06/13;4.35;4.54;4.31;4.48;4424242;51116372.00
2014/06/16;4.49;4.68;4.49;4.60;6373001;76056632.00
2014/06/17;4.59;4.59;4.49;4.52;2630508;30786998.00
2014/06/18;4.51;4.54;4.23;4.24;4997590;56114032.00
2014/06/19;4.24;4.31;4.08;4.09;3678185;39792800.00
2014/06/20;4.09;4.17;4.00;4.16;3247845;34553292.00
2014/06/23;4.12;4.19;4.12;4.16;2213885;23850040.00
2014/06/24;4.12;4.27;4.11;4.26;2729723;29776582.00
2014/06/25;4.26;4.26;4.04;4.05;4197112;44746240.00
2014/06/26;4.05;4.12;4.02;4.06;3180687;33639932.00
2014/06/27;4.06;4.10;4.04;4.07;2665061;28180868.00
2014/06/30;4.08;4.23;4.06;4.20;4777942;51701456.00
2014/07/01;4.20;4.34;4.20;4.31;4418759;49081924.00
2014/07/02;4.31;4.33;4.18;4.28;4057420;44531336.00
2014/07/03;4.24;4.29;4.19;4.27;2127683;23426430.00
2014/07/04;4.27;4.32;4.14;4.16;3659153;39754264.00
2014/07/07;4.16;4.16;4.03;4.05;4039776;42722084.00
2014/07/08;4.06;4.16;4.01;4.14;2653753;28236730.00
2014/07/09;4.11;4.23;4.08;4.08;3789944;41110684.00
2014/07/10;4.07;4.22;4.07;4.22;2449664;26483382.00
2014/07/11;4.22;4.28;4.18;4.20;3159887;34727060.00
2014/07/14;4.18;4.30;4.18;4.30;3386792;37600672.00
2014/07/15;4.30;4.32;4.24;4.30;3170605;35211808.00
2014/07/16;4.30;4.44;4.28;4.37;3841027;43555656.00
2014/07/17;4.35;4.48;4.20;4.44;4768240;53836880.00
2014/07/18;4.39;4.45;4.24;4.30;3136793;35529532.00
2014/07/21;4.30;4.38;4.27;4.37;1912052;21419052.00
2014/07/22;4.36;4.40;4.32;4.36;2388470;27012952.00
2014/07/23;4.34;4.38;4.27;4.36;3500287;39211320.00
2014/07/24;4.34;4.34;4.13;4.15;3112466;34205156.00
2014/07/25;4.15;4.25;4.15;4.19;1793366;19564034.00
2014/07/28;4.19;4.26;4.19;4.26;1783482;19619254.00
2014/07/29;4.29;4.30;4.23;4.28;2164058;23950056.00
2014/07/30;4.27;4.58;4.26;4.57;7179476;82799216.00
2014/07/31;4.57;4.63;4.50;4.62;4897794;57927244.00
2014/08/01;4.63;4.69;4.49;4.52;4472697;53207964.00
2014/08/04;4.55;4.99;4.54;4.97;9513893;118919776.00
2014/08/05;4.92;4.95;4.82;4.90;4919254;62082496.00
2014/08/06;4.87;4.94;4.80;4.88;3138937;39404524.00
2014/08/07;4.88;4.93;4.81;4.82;2704979;33983772.00
2014/08/08;4.82;4.88;4.71;4.77;3126478;38453340.00
2014/08/11;4.88;5.12;4.83;5.03;5707779;73316288.00
2014/08/12;4.99;5.16;4.98;5.03;3240754;42311044.00
2014/08/13;5.03;5.12;4.94;5.12;2651265;34446704.00
2014/08/14;5.08;5.23;5.01;5.02;2859386;37701008.00
2014/08/15;5.04;5.20;5.04;5.18;2530545;33525996.00
2014/08/18;5.18;5.57;5.18;5.39;3766365;52479016.00
2014/08/19;5.42;5.48;5.28;5.34;2287259;31384706.00
2014/08/20;5.34;5.81;5.34;5.56;5020857;72794848.00
2014/08/21;5.60;5.71;5.44;5.63;3063915;43986368.00
2014/08/22;5.62;5.78;5.52;5.61;1847908;26777250.00
2014/08/25;5.58;5.60;5.37;5.54;2374216;33570788.00
2014/08/26;5.54;5.54;5.25;5.33;2499594;34625524.00
2014/08/27;5.30;5.58;5.28;5.58;2725957;38325996.00
2014/08/28;5.57;5.57;5.40;5.41;1152487;16203245.00
2014/08/29;5.42;5.59;5.35;5.52;1596161;22620166.00
2014/09/01;5.54;5.58;5.46;5.56;1251875;17778168.00
2014/09/02;5.56;5.68;5.54;5.62;1833426;26431502.00
2014/09/03;5.71;5.72;5.56;5.68;1464683;21241532.00
2014/09/04;5.70;5.82;5.60;5.82;1439305;21231352.00
2014/09/05;5.88;5.92;5.68;5.77;1745493;25913044.00
2014/09/09;5.72;5.81;5.62;5.68;1535862;22427746.00
2014/09/10;5.68;5.82;5.56;5.78;1757479;25878632.00
2014/09/11;5.76;5.88;5.55;5.59;2524734;36878668.00
2014/09/12;5.60;5.64;5.50;5.63;1348351;19343888.00
2014/09/15;5.58;5.87;5.52;5.84;2445242;36324716.00
2014/09/16;5.86;5.97;5.76;5.77;2816195;42274376.00
2014/09/17;5.74;5.97;5.64;5.97;1947219;29013742.00
2014/09/18;5.94;6.09;5.87;5.98;1420478;21906194.00
2014/09/19;6.00;6.00;5.85;5.91;1336657;20240874.00
2014/09/22;5.93;6.06;5.76;6.06;2427954;36910080.00
2014/09/23;6.07;6.69;5.99;6.55;6091782;99378512.00
2014/09/24;6.52;7.22;6.41;6.84;5101441;89339432.00
2014/09/25;6.84;6.98;6.69;6.83;1962496;34298432.00
2014/09/26;6.83;7.00;6.78;6.91;2168187;38316508.00
2014/09/29;6.95;7.25;6.78;6.90;3178731;56404160.00
2014/09/30;6.94;6.94;6.70;6.72;2218702;38359424.00
2014/10/08;6.71;6.76;6.58;6.74;1561304;26702520.00
2014/10/09;6.76;6.76;6.56;6.66;2732032;46517916.00
2014/10/10;6.60;6.72;6.56;6.64;1952984;33182502.00
2014/10/13;6.64;6.64;6.32;6.40;3965002;65355760.00
2014/10/14;6.42;6.61;6.34;6.55;2026115;33891504.00
2014/10/15;6.51;6.68;6.50;6.66;1976889;33289628.00
2014/10/16;6.56;6.68;6.52;6.53;2148495;36166268.00
2014/10/17;6.48;6.53;6.18;6.39;1616120;26368764.00
2014/10/20;6.39;6.68;6.39;6.64;1444678;24457876.00
2014/10/21;6.68;6.69;6.55;6.62;1197226;20339718.00
2014/10/22;6.62;6.66;6.47;6.53;950919;16010618.00
2014/10/23;6.50;6.50;6.25;6.31;1704618;27751768.00
2014/10/24;6.24;6.36;6.20;6.24;907687;14533180.00
2014/10/27;6.30;6.40;6.19;6.20;724841;11655657.00
2014/10/28;6.27;6.84;6.27;6.84;3015564;51762412.00
2014/10/29;6.92;7.06;6.77;6.94;2971408;52548852.00
2014/10/30;7.06;7.60;7.04;7.13;5542085;102661928.00
2014/10/31;7.10;7.25;6.85;6.97;2362936;42217996.00
2014/11/03;7.00;7.04;6.75;6.94;3164465;55402540.00
2014/11/04;6.96;6.96;6.64;6.83;2911392;50495072.00
2014/12/15;7.53;7.53;6.91;7.10;6665481;121374368.00
2014/12/16;7.10;7.18;6.73;6.88;4059036;71366328.00
2014/12/17;6.81;6.87;6.56;6.62;3014026;51761664.00
2014/12/18;6.62;6.62;6.40;6.52;3179013;52690028.00
2014/12/19;6.51;6.55;6.26;6.33;2267934;37089820.00
2014/12/22;6.33;6.33;6.02;6.03;2551413;39956944.00
2014/12/23;6.00;6.30;5.86;6.23;1804723;28130942.00
2014/12/24;6.19;6.48;6.04;6.46;1711475;27756428.00
2014/12/25;6.46;6.98;6.46;6.94;4170694;72485672.00
2014/12/26;6.90;7.06;6.72;6.94;2705003;48015652.00
2014/12/29;6.92;6.92;6.69;6.72;1163722;20099788.00
2014/12/30;6.72;6.83;6.52;6.55;1235160;20930630.00
2014/12/31;6.50;6.88;6.48;6.80;1517594;25993726.00
2015/01/05;6.73;6.73;6.39;6.59;1811523;30412574.00
2015/01/06;6.59;6.59;6.20;6.30;3471374;56068276.00
2015/01/07;6.28;6.49;6.16;6.44;2124966;34263508.00
2015/01/08;6.32;6.37;6.20;6.24;1616626;26080868.00
2015/01/09;6.24;6.36;6.20;6.24;1055680;17066924.00
2015/01/12;6.24;6.30;6.12;6.21;766384;12159757.00
2015/01/13;6.21;6.43;6.17;6.42;1302790;20986094.00
2015/01/14;6.36;6.56;6.32;6.45;1284266;21245478.00
2015/01/15;6.47;6.54;6.33;6.44;1220547;20200180.00
2015/01/16;6.44;6.50;6.36;6.38;989401;16207511.00
2015/01/19;6.30;6.34;6.12;6.20;1254461;20043638.00
2015/01/20;6.20;6.40;6.20;6.36;1359781;22011626.00
2015/01/21;6.36;6.54;6.36;6.53;1513976;25172802.00
2015/01/22;6.53;7.00;6.53;6.87;2766161;48431588.00
2015/01/23;6.88;6.94;6.70;6.76;1719184;29944636.00
2015/01/26;6.88;7.10;6.88;6.93;2110440;37558320.00
2015/01/27;7.16;7.64;7.16;7.64;5295838;102775576.00
2015/01/28;7.95;8.42;7.60;8.05;8889371;179164608.00
2015/01/29;7.92;8.02;7.70;7.86;3389183;67940216.00
2015/01/30;7.76;8.32;7.76;7.99;4218084;86404192.00
2015/02/02;7.76;8.32;7.68;8.22;3470618;71258712.00
2015/02/03;8.15;8.59;8.08;8.40;4134268;88654504.00
2015/02/04;8.42;8.55;8.04;8.05;2961587;62179036.00
2015/02/05;8.02;8.22;7.90;8.01;3154931;64266200.00
2015/02/06;7.92;8.31;7.92;8.02;2325412;48084904.00
2015/02/09;8.01;8.01;7.65;7.74;1937052;38496068.00
2015/02/10;7.80;7.94;7.75;7.82;877812;17487468.00
2015/02/11;7.87;8.59;7.87;8.56;2775131;58577320.00
2015/02/12;8.56;8.68;8.28;8.44;1563398;33786568.00
2015/02/13;8.52;8.64;8.38;8.56;1674398;36472020.00
2015/02/16;8.52;8.81;8.44;8.78;2126251;47149600.00
2015/02/17;8.75;8.77;8.60;8.65;1057506;23309302.00
2015/02/25;8.65;8.72;8.41;8.49;729946;15881557.00
2015/02/26;8.41;8.90;8.41;8.62;777051;17149760.00
2015/02/27;8.62;8.64;8.28;8.37;2325206;49595276.00
2015/03/02;8.36;8.37;8.02;8.36;2868470;59877664.00
2015/03/03;8.34;8.46;8.28;8.37;2043282;43654068.00
2015/03/04;8.46;8.46;8.04;8.21;2996926;62138572.00
2015/03/05;8.19;8.28;8.10;8.23;1447720;30231576.00
2015/03/06;8.24;8.28;8.00;8.17;1347452;28003696.00
2015/03/09;8.17;8.61;7.41;8.58;2896984;61889868.00
2015/03/10;8.56;8.68;8.42;8.60;1967682;43052928.00
2015/03/11;8.72;9.48;8.60;9.31;5000743;116839104.00
2015/03/12;9.28;9.66;8.80;9.04;3651573;86098648.00
2015/03/13;9.04;9.84;8.96;9.83;3129515;75463688.00
2015/03/16;9.92;10.60;9.92;10.32;3553945;92669776.00
2015/03/17;10.48;10.84;10.08;10.48;3376413;89707960.00
2015/03/18;10.46;10.54;10.10;10.50;3238375;84379488.00
2015/03/19;10.50;10.50;10.25;10.31;1785644;46809356.00
2015/03/20;10.29;10.41;10.04;10.10;2417495;62389248.00
2015/03/23;10.15;10.63;9.88;10.48;3147249;82237040.00
2015/03/24;10.48;10.48;10.00;10.37;2316942;60401772.00
2015/03/25;10.28;10.36;10.05;10.24;2148029;55541444.00
2015/03/26;10.22;10.87;10.09;10.76;3507565;93911680.00
2015/03/27;10.76;11.06;10.52;10.84;2543130;69735112.00
2015/03/30;11.04;11.04;10.36;10.64;1871994;50271220.00
2015/03/31;10.50;10.64;10.25;10.48;2066280;54883476.00
2015/04/01;10.54;10.62;10.42;10.59;1241422;33166994.00
2015/04/02;11.56;11.57;11.04;11.39;5089449;145879728.00
2015/04/03;11.26;12.51;11.13;12.43;4618105;139128256.00
2015/04/07;12.42;12.42;12.02;12.20;3056209;94236856.00
2015/04/08;12.26;12.32;11.82;12.00;2203989;67212040.00
2015/04/09;11.84;12.00;11.24;11.70;2169869;63466272.00
2015/04/10;11.70;11.96;11.40;11.84;1688860;50332564.00
2015/04/13;11.84;12.34;11.65;12.09;1564489;47878216.00
2015/04/14;12.09;13.25;11.74;12.84;2732456;85478304.00
2015/04/15;12.78;12.78;11.91;11.94;1446048;45127828.00
2015/04/16;11.82;12.06;11.51;11.68;1436383;42790824.00
2015/04/17;11.70;12.06;11.34;11.50;1748662;51179212.00
2015/04/20;11.50;11.72;10.56;11.04;3735068;105434744.00
2015/04/21;11.04;12.04;10.88;11.94;2895733;84703376.00
2015/04/22;11.96;12.33;11.72;12.04;2665846;81394424.00
2015/04/23;12.03;12.24;11.81;11.85;1695181;51367936.00
2015/04/24;11.62;12.22;11.36;12.02;2790317;84923000.00
2015/04/27;12.02;12.23;11.88;12.16;2002736;61383240.00
2015/04/28;12.08;12.21;11.04;11.64;3335210;97050984.00
2015/04/29;11.30;11.64;11.30;11.46;2423938;70399840.00
2015/04/30;11.44;11.57;11.04;11.12;2307563;66213052.00
2015/05/04;11.12;11.16;10.68;10.78;3154960;86676656.00
2015/05/05;10.80;11.14;10.69;10.75;1951128;53879952.00
2015/05/06;10.79;10.95;10.24;10.52;3344961;89926992.00
2015/05/07;10.60;10.60;9.76;9.97;3972476;101191280.00
2015/05/08;10.16;10.29;9.84;10.22;4494431;114459296.00
2015/05/11;10.27;10.98;10.16;10.94;7001571;189484688.00
2015/05/12;10.95;12.05;10.89;12.05;8613943;255127520.00
2015/05/13;11.84;12.58;11.65;12.08;7990942;247258944.00
2015/05/14;12.24;12.44;11.99;12.12;5363628;165245408.00
2015/05/15;12.08;12.08;11.48;11.69;3804601;113284064.00
2015/05/18;11.69;12.22;11.60;11.82;4891127;148416784.00
2015/05/19;11.82;12.63;11.60;12.52;7096501;217468976.00
2015/05/20;12.63;13.79;12.60;13.46;7375247;246554976.00
2015/05/21;14.04;14.82;13.84;14.60;10162048;369459776.00
2015/05/22;14.60;16.08;14.19;16.08;10449604;410515744.00
2015/05/25;16.24;17.70;16.12;17.70;7199351;308196800.00
2015/05/26;18.47;18.94;17.04;17.80;8389821;377342944.00
2015/05/27;17.61;18.16;17.12;18.14;6004573;269098432.00
2015/05/28;18.09;18.10;16.31;16.31;7063366;303921952.00
2015/05/29;15.92;16.73;14.67;15.53;5969434;235091920.00
2015/06/01;15.62;16.71;15.62;16.66;6063559;248904784.00
2015/06/02;16.80;17.92;16.80;17.86;4788538;209791744.00
2015/06/03;17.84;17.84;16.68;17.53;3387174;146872832.00
2015/06/04;17.59;17.67;15.84;16.60;4970752;206191776.00
2015/06/05;16.84;17.46;16.24;16.51;4660524;198106432.00
2015/06/08;16.41;16.92;15.72;16.56;3576422;147504272.00
2015/06/09;16.44;17.12;15.92;16.89;3496726;147630512.00
2015/06/10;16.80;18.22;16.53;17.61;5740993;253480880.00
2015/06/11;17.72;18.22;17.61;17.90;4489219;202265408.00
2015/06/12;17.92;19.70;17.92;19.70;4191351;203243440.00
2015/06/15;20.52;20.56;18.32;18.74;6535786;321197952.00
2015/06/16;18.52;18.53;17.08;17.54;4043725;180580432.00
2015/06/17;17.60;17.79;16.32;17.19;3675002;156242320.00
2015/06/18;17.38;18.32;16.72;16.87;3211848;142660352.00
2015/06/19;15.92;16.72;15.52;15.60;3877971;156458688.00
2015/06/23;15.69;16.27;14.44;15.08;2666917;101727168.00
2015/06/24;15.30;15.87;14.96;15.70;2780553;107582784.00
2015/06/25;15.92;17.26;15.80;16.24;4462159;183341792.00
2015/06/26;15.72;15.72;14.61;14.61;2686533;100994224.00
2015/06/29;15.27;15.37;13.14;13.14;3544933;120847944.00
2015/06/30;12.36;13.92;11.82;13.08;8941603;284112416.00
2015/07/01;12.72;13.44;11.78;12.32;7408340;232020480.00
2015/07/02;12.32;12.32;11.08;11.08;4225323;121750728.00
2015/07/03;10.38;11.07;9.96;9.96;4822937;123199504.00
2015/07/06;10.92;10.92;8.96;8.96;6573245;157044208.00
2015/07/14;9.86;9.86;9.86;9.86;78706;1955844.13
2015/07/15;10.86;10.86;9.12;9.86;11555511;303604928.00
2015/07/16;10.86;10.86;10.32;10.86;18649175;505399904.00
2015/07/17;11.52;11.95;11.12;11.95;13333578;398047968.00
2015/07/20;12.32;13.10;12.12;13.07;16212063;511217568.00
2015/07/21;12.72;14.38;12.32;14.13;12377565;427586528.00
2015/07/22;14.32;14.63;13.56;14.38;13332198;473911744.00
2015/07/23;14.28;14.53;13.85;14.39;11279138;403074528.00
2015/07/24;14.31;15.08;13.92;14.46;13593485;494417248.00
2015/07/27;14.32;15.24;13.01;13.01;13840937;495360768.00
2015/07/28;11.92;13.48;11.70;11.92;11544246;353196864.00
2015/07/29;12.19;13.11;11.12;13.11;11362653;346705184.00
2015/07/30;13.24;13.64;12.44;12.56;11448652;382298560.00
2015/07/31;12.18;12.60;11.60;12.04;7374390;225275440.00
2015/08/03;11.52;11.87;10.83;10.83;7513248;209528192.00
2015/08/04;10.88;11.86;10.72;11.85;7292559;207969856.00
2015/08/05;11.67;12.21;11.28;11.46;7583448;225115296.00
2015/08/06;11.08;11.46;10.93;11.21;3829419;108383360.00
2015/08/07;11.32;11.96;11.32;11.90;6742050;199868544.00
2015/08/10;12.20;13.10;12.12;12.96;7368358;233458176.00
2015/08/11;13.01;13.50;12.75;13.00;8813559;291260448.00
2015/08/12;12.99;13.46;12.72;12.75;6474436;213159840.00
2015/08/13;12.68;13.20;12.28;13.16;6561662;210505088.00
2015/08/14;13.32;13.63;13.12;13.26;6979319;235446592.00
2015/08/17;13.12;13.24;12.65;12.90;5567073;180853248.00
2015/08/18;13.00;13.24;11.60;11.60;8225571;260065168.00
2015/08/19;11.06;12.27;10.86;12.05;6237839;180721696.00
2015/08/20;11.88;12.12;11.38;11.40;3820862;113534360.00
2015/08/21;11.22;11.60;10.67;10.72;4614308;129258856.00
2015/08/24;10.19;10.51;9.64;9.64;4195906;103388600.00
2015/08/25;8.72;9.12;8.67;8.67;3969313;87333440.00
2015/08/26;8.67;9.04;7.83;8.00;5412849;115541672.00
2015/08/27;8.40;8.80;8.39;8.80;10441318;230783280.00
2015/08/28;8.99;9.64;8.84;9.64;10086246;231127888.00
2015/08/31;9.34;9.56;8.84;8.84;6944785;160955360.00
2015/09/01;8.78;8.78;7.95;7.96;5237721;107803032.00
2015/09/02;7.52;8.44;7.20;7.60;4670329;92028648.00
2015/09/07;7.92;8.32;7.83;7.91;4461590;90573384.00
2015/09/08;7.92;8.48;7.91;8.48;3594579;74153368.00
2015/09/09;9.34;9.34;8.88;9.34;7435241;172091760.00
2015/09/10;9.12;9.83;8.96;9.52;6377094;153748160.00
2015/09/11;9.60;9.71;9.27;9.49;3467360;82679944.00
2015/09/14;9.68;9.72;8.53;8.92;4570396;106062936.00
2015/09/15;8.72;8.91;8.52;8.63;3810322;83757400.00
2015/09/16;8.86;9.50;8.72;9.50;3935761;90470800.00
2015/09/17;9.73;10.42;9.60;9.76;6069967;153381936.00
2015/09/18;10.00;10.31;9.65;9.98;5277640;132807400.00
2015/09/21;9.90;10.60;9.12;10.28;13435165;135064976.00
2015/09/22;10.53;10.79;10.24;10.53;12640016;134313424.00
2015/09/23;10.40;11.26;10.40;10.92;16776198;184748288.00
2015/09/24;10.91;11.47;10.63;11.17;12315821;138496352.00
2015/09/25;11.12;11.35;10.32;10.40;9332101;101482040.00
2015/09/28;10.58;10.80;10.12;10.50;7646870;80476008.00
2015/09/29;10.37;10.37;9.89;10.01;7448068;75619824.00
2015/09/30;10.02;10.21;9.89;10.10;4278525;43281048.00
2015/10/08;10.46;10.92;10.45;10.75;9806873;105779336.00
2015/10/09;10.75;11.28;10.49;11.16;9989890;109452248.00
2015/10/12;11.38;12.22;11.37;12.10;15139322;180113120.00
2015/10/13;11.77;12.40;11.77;12.25;11691954;143459504.00
2015/10/14;12.37;12.37;11.77;12.12;9666397;116688408.00
2015/10/15;12.78;12.78;12.27;12.66;20722130;262658304.00
2015/10/16;12.45;13.16;12.20;12.92;21653481;273740352.00
2015/10/19;12.62;12.90;12.23;12.27;13153221;165425264.00
2015/10/20;12.27;12.58;12.12;12.31;10990378;136182272.00
2015/10/21;12.31;12.31;11.07;11.08;13154289;155207040.00
2015/10/22;10.98;11.51;10.89;11.44;10040577;113491248.00
2015/10/23;11.42;11.72;11.22;11.67;10852471;125187120.00
2015/10/26;11.95;12.48;11.67;12.27;16958416;207224528.00
2015/10/27;12.33;12.33;11.51;12.08;11036241;132270928.00
2015/10/28;11.91;12.08;11.56;11.65;8592737;101799976.00
2015/10/29;12.02;12.08;11.51;11.76;6520612;77510576.00
2015/10/30;11.76;12.20;11.70;11.96;11134725;135001296.00
2015/11/02;11.90;12.27;11.57;11.68;8661224;103349552.00
2015/11/03;11.66;11.88;11.51;11.60;5866546;69018864.00
2015/11/04;11.72;12.23;11.64;12.19;11075686;133421216.00
2015/11/05;12.12;12.42;11.92;12.05;10984841;134365552.00
2015/11/06;12.05;12.35;12.01;12.20;10101991;124194968.00
2015/11/09;12.12;13.20;12.12;12.85;19204996;246098336.00
2015/11/10;13.52;13.90;13.33;13.79;35957048;492442880.00
2015/11/11;13.35;13.79;13.34;13.66;18912008;257805424.00
2015/11/12;13.75;13.75;13.24;13.49;14647600;198572352.00
2015/11/13;13.28;13.32;12.72;12.99;11309218;148573088.00
2015/11/16;12.27;13.24;12.27;13.24;8355168;109186112.00
2015/11/17;13.23;14.57;13.23;14.57;27565872;387614464.00
2015/11/18;14.73;15.22;13.95;14.89;28906057;422888544.00
2015/11/19;14.62;15.55;14.52;15.34;23478077;355557088.00
2015/11/20;15.18;15.91;15.08;15.42;22238781;347775232.00
2015/11/23;15.33;15.86;14.72;14.74;18445034;280964960.00
2015/11/24;14.51;15.02;14.42;14.80;10738868;159040896.00
2015/11/25;14.95;15.59;14.92;15.38;15622850;240317504.00
2015/11/26;15.52;15.78;15.20;15.20;15826366;245124992.00
2015/11/27;14.95;15.29;13.72;13.82;13866207;202362624.00
2015/11/30;13.82;14.41;12.79;14.10;14566070;201936848.00
2015/12/01;14.17;14.37;13.59;13.96;9447874;133143616.00
2015/12/02;14.11;14.28;13.18;13.75;9675433;133426912.00
2015/12/03;13.71;15.13;13.71;15.13;25220356;374715488.00
2015/12/04;15.12;15.88;15.00;15.54;28592659;445475872.00
2015/12/07;15.62;15.88;15.00;15.72;19499370;302992224.00
2015/12/08;15.72;16.41;15.13;16.20;28176609;449193760.00
2015/12/09;15.82;16.66;15.45;15.94;23147780;373186112.00
2015/12/10;15.71;15.71;14.93;15.04;22938046;352682816.00
2015/12/11;14.97;15.36;14.47;15.22;12992875;195468512.00
2015/12/14;14.67;15.30;14.67;15.20;9393027;141896176.00
2015/12/15;15.28;15.80;15.22;15.43;15305745;238089984.00
2015/12/16;15.61;15.70;15.17;15.38;13383758;207197520.00
2015/12/17;15.40;16.21;15.38;15.97;17437461;276959680.00
2015/12/18;15.82;16.22;15.46;15.77;12785016;202789088.00
2015/12/21;15.53;15.97;15.22;15.94;17300121;270706272.00
2015/12/22;16.00;17.08;15.82;16.74;30513971;507911520.00
2015/12/23;16.43;16.87;16.18;16.18;16912933;280143232.00
2015/12/24;16.39;16.72;16.02;16.71;18086436;296888192.00
2015/12/25;16.72;16.78;16.24;16.51;12902334;213754256.00
2015/12/28;16.54;17.02;16.13;16.14;16272586;271697152.00
2015/12/29;15.97;16.17;15.51;15.93;13525532;214610624.00
2015/12/30;15.92;16.11;15.70;15.95;9080043;145167552.00
2015/12/31;15.92;16.16;15.74;15.92;8332695;133795288.00
2016/01/04;15.79;15.92;14.32;14.32;9864958;148536496.00
2016/01/05;13.42;14.76;13.34;14.60;16674567;237592240.00
2016/01/06;14.50;15.01;14.50;14.89;8335802;124404824.00
2016/01/07;14.62;14.62;13.39;13.39;2269954;31575434.00
2016/01/08;13.84;14.31;12.40;13.78;9823124;134319296.00
2016/01/11;13.57;14.27;12.95;13.15;10490647;146005184.00
2016/01/12;13.42;13.67;12.96;13.49;6747700;90528456.00
2016/01/13;13.62;14.14;13.32;13.47;8488115;117832792.00
2016/01/14;12.92;14.45;12.72;14.10;11037180;149596848.00
2016/01/15;13.82;14.16;13.52;14.11;7887866;110172712.00
2016/01/18;13.83;15.51;13.67;15.24;14392675;213360608.00
2016/01/19;15.17;15.67;14.95;15.65;11928153;184954176.00
2016/01/20;15.61;16.50;15.44;15.46;11780592;188894672.00
2016/01/21;15.22;16.02;14.95;15.28;8640647;135242464.00
2016/01/22;15.37;15.69;14.80;15.37;6593681;101105968.00
2016/01/25;15.37;15.87;15.21;15.58;5457525;85223592.00
2016/01/26;15.48;15.91;14.01;14.01;9886526;149415552.00
2016/01/27;14.12;14.17;12.79;14.12;8130152;110465672.00
2016/01/28;13.92;14.42;13.38;13.90;6121262;85673928.00
2016/01/29;13.58;14.32;13.58;14.11;4810181;68051144.00
2016/02/01;14.19;14.52;13.83;14.41;4613195;65458940.00
2016/02/02;14.32;15.42;14.32;14.91;6796843;102611640.00
2016/02/03;14.73;15.18;14.72;15.05;3681182;55499476.00
2016/02/04;15.20;15.82;15.08;15.38;6521478;101596008.00
2016/02/05;15.38;15.43;15.01;15.01;2880035;43911772.00
2016/02/15;14.21;15.57;14.03;15.33;4041778;61060128.00
2016/02/16;15.50;16.00;15.35;15.90;6420629;102194424.00
2016/02/17;15.92;16.05;15.50;16.03;5438687;86636248.00
2016/02/18;16.00;16.07;15.59;15.70;4748728;75361000.00
2016/02/19;15.67;16.00;15.52;15.74;4119002;65516260.00
2016/02/22;15.92;16.30;15.75;16.20;6753064;109097488.00
2016/02/23;16.36;16.37;15.52;15.78;6793295;108688520.00
2016/02/24;15.33;17.37;15.33;17.24;20257916;339624352.00
2016/02/25;16.93;17.04;15.51;15.51;14643461;237350080.00
2016/02/26;15.25;15.63;14.24;14.67;9674415;144764096.00
2016/02/29;14.42;14.66;13.42;13.98;5331160;75121032.00
2016/03/01;14.08;14.48;13.80;14.33;4382289;62837860.00
2016/03/02;14.37;14.92;14.15;14.92;5963185;87498136.00
2016/03/03;14.74;15.17;14.65;15.01;6218273;93363880.00
2016/03/04;15.01;15.01;13.77;14.06;5629459;81440184.00
2016/03/07;13.94;14.36;13.82;14.23;6924779;98215968.00
2016/03/08;14.37;14.37;13.62;14.11;4396494;61463048.00
2016/03/09;13.87;13.95;13.39;13.50;5604609;76856336.00
2016/03/10;13.52;13.67;12.92;13.04;6601612;87349544.00
2016/03/11;13.01;13.49;12.78;13.42;5091825;67684848.00
2016/03/14;13.92;14.10;13.52;13.59;8072527;111861912.00
2016/03/15;13.30;13.42;12.40;12.84;20790480;266365424.00
2016/03/16;12.59;12.97;12.56;12.60;8536727;109507696.00
2016/03/17;12.73;12.98;12.60;12.86;10914173;140533328.00
2016/03/18;12.96;13.54;12.82;13.32;16230931;215413680.00
2016/03/21;13.50;14.26;13.27;14.01;23217359;319530240.00
2016/03/22;13.82;14.42;13.72;14.06;16837987;238800672.00
2016/03/23;13.92;14.13;13.78;13.92;7530126;105538512.00
2016/03/24;13.82;14.03;13.53;13.70;9118416;127076952.00
2016/03/25;13.78;14.31;13.72;13.97;13222542;185717584.00
2016/03/28;14.02;14.15;13.78;13.93;13801544;193136048.00
2016/03/29;13.87;13.98;13.37;13.43;7008237;95599336.00
2016/03/30;13.42;13.71;13.42;13.67;6322204;86352880.00
2016/03/31;13.72;13.80;13.53;13.59;6628865;90845672.00
2016/04/01;13.66;13.71;13.33;13.49;4327998;58892192.00
2016/04/05;13.56;13.67;13.23;13.67;7918404;107521888.00
2016/04/06;13.59;15.04;13.42;14.78;35747556;507415520.00
2016/04/07;14.52;14.82;14.24;14.56;19899262;290825280.00
2016/04/08;14.23;14.49;13.98;14.11;8421207;119972808.00
2016/04/11;14.32;15.22;14.32;14.90;16453807;245694720.00
2016/04/12;14.94;15.05;14.62;15.02;13385956;200549952.00
2016/04/13;15.11;15.42;14.95;15.08;13915792;211875968.00
2016/04/14;15.23;15.75;15.13;15.62;21799116;339188672.00
2016/04/15;15.61;16.14;15.43;16.06;21707709;347194560.00
2016/04/18;15.92;16.32;15.43;15.99;11505794;184179696.00
2016/04/19;16.32;16.61;15.72;15.86;11087741;180434512.00
2016/04/20;15.85;15.92;14.52;15.35;11157971;172049664.00
2016/04/21;15.22;15.78;14.92;15.08;9549471;147848944.00
2016/04/22;15.02;16.22;14.72;15.87;9628091;149890752.00
2016/04/25;15.88;16.01;15.47;15.73;10421024;164768096.00
2016/04/26;15.72;16.24;15.57;16.24;9199863;147921984.00
2016/04/27;16.14;16.40;15.54;15.61;9139986;146862896.00
2016/04/28;15.61;16.28;15.17;16.28;9372332;148154480.00
2016/04/29;16.16;16.90;16.11;16.40;11506607;191287072.00
2016/05/03;16.36;16.90;16.08;16.70;8410473;140119376.00
2016/05/04;16.60;17.45;16.50;17.23;12820402;220385856.00
2016/05/05;17.06;17.36;16.73;17.25;7172658;122511536.00
2016/05/06;18.06;18.07;16.08;16.18;27480451;470258208.00
2016/05/09;15.80;15.80;14.56;14.85;13837338;207919296.00
2016/05/10;14.70;15.00;14.43;14.55;7472774;109470752.00
2016/05/11;14.60;14.84;14.00;14.00;9898156;140802864.00
2016/05/12;13.79;14.30;13.31;14.29;6620378;92280824.00
2016/05/13;14.20;14.50;13.80;14.01;5994168;84902184.00
2016/05/16;14.02;14.25;13.53;14.17;9545209;132431704.00
2016/05/17;14.16;14.68;14.11;14.63;10937023;158197248.00
2016/05/18;14.29;14.82;13.44;13.75;14058232;196447888.00
2016/05/19;13.62;14.01;13.52;13.76;8236962;113583312.00
2016/05/20;13.56;13.84;13.41;13.80;5032852;68930312.00
2016/05/23;13.80;14.22;13.80;14.17;5690034;80002976.00
2016/05/24;14.04;14.33;13.92;14.00;4166831;58737024.00
2016/05/25;14.10;14.21;13.82;13.91;2565256;35991012.00
2016/05/26;13.85;14.60;13.56;14.46;11164857;157838432.00
2016/05/27;14.58;14.83;14.34;14.39;6508280;95111664.00
2016/05/30;14.30;14.78;14.21;14.49;5099961;74091488.00
2016/05/31;14.48;15.60;14.48;15.45;13668125;206576928.00
2016/06/01;15.60;16.17;15.41;15.85;16835671;265256240.00
2016/06/02;15.90;17.00;15.70;16.08;27319172;439236192.00
2016/06/03;16.09;16.40;15.59;15.87;15578937;246793376.00
2016/06/06;16.00;16.42;15.88;16.01;17346541;280334688.00
2016/06/07;16.15;16.15;15.45;15.90;12535446;195819584.00
2016/06/08;15.74;16.18;15.60;15.80;9582911;152170784.00
2016/06/13;15.55;15.70;14.50;14.54;8341608;127464224.00
2016/06/14;14.20;15.20;14.20;14.65;7739207;113496216.00
2016/06/15;14.50;15.99;14.40;15.67;12524798;192781184.00
2016/06/16;15.57;15.75;15.21;15.35;8777392;135579232.00
2016/06/17;15.44;16.00;15.35;15.66;11789710;185793504.00
2016/06/20;15.60;15.67;15.12;15.22;10538846;160696896.00
2016/06/21;15.61;15.85;15.06;15.24;12469179;193778736.00
2016/06/22;15.10;15.35;15.00;15.23;6130326;92895880.00
2016/06/23;15.29;15.57;15.14;15.29;5255487;80561232.00
2016/06/24;15.24;15.38;14.50;15.04;6343629;95284032.00
2016/06/27;14.86;15.22;14.80;15.21;5808949;87796952.00
2016/06/28;15.22;15.66;15.04;15.54;10119047;156001344.00
2016/06/29;15.60;15.77;15.40;15.52;8659252;134872656.00
2016/06/30;15.52;15.56;15.18;15.29;5123464;78550608.00
2016/07/01;15.28;15.38;14.86;14.93;6572504;98929816.00
2016/07/04;14.89;15.08;14.73;15.00;7833327;116996848.00
2016/07/05;15.03;15.51;14.97;15.44;11750800;179134016.00
2016/07/06;15.46;15.68;15.17;15.41;8099559;124587512.00
2016/07/07;15.40;15.48;15.02;15.23;6361410;96933376.00
2016/07/08;15.15;15.20;15.08;15.12;3878556;58656220.00
2016/07/11;15.21;15.47;15.02;15.45;9205520;139908384.00
2016/07/12;15.44;15.50;15.10;15.38;6246597;95762408.00
2016/07/13;15.38;15.55;15.32;15.54;9242846;143060192.00
2016/07/14;15.58;15.66;15.34;15.62;7460401;115526560.00
2016/07/15;15.63;15.71;15.25;15.35;7503093;116137760.00
2016/07/18;15.40;16.00;15.24;15.93;13859582;216374256.00
2016/07/19;15.87;16.15;15.73;16.07;13593320;217809840.00
2016/07/20;16.16;16.42;15.93;16.10;11610614;187941456.00
2016/07/21;16.08;16.28;15.94;16.18;13962974;224881856.00
2016/07/22;16.22;16.25;15.54;15.59;9856750;155528576.00
2016/07/25;15.52;15.71;15.30;15.36;5864377;90808288.00
2016/07/26;15.50;15.65;15.37;15.59;5414368;83964400.00
2016/07/27;15.59;15.59;14.68;14.78;7276156;109603144.00
2016/07/28;14.79;14.98;14.40;14.78;5395841;79313048.00
2016/07/29;14.79;14.87;14.45;14.56;3734077;54451916.00
2016/08/01;14.40;14.49;13.98;14.22;4331558;61288740.00
2016/08/02;14.10;14.39;14.10;14.35;2420805;34623436.00
2016/08/03;14.35;14.43;14.21;14.35;2543779;36494892.00
2016/08/04;14.36;14.44;14.12;14.35;4191758;59728988.00
2016/08/05;14.37;14.39;14.18;14.18;2987732;42560148.00
2016/08/08;14.19;14.89;14.11;14.70;8561806;125014616.00
2016/08/09;14.70;14.90;14.52;14.79;8499940;124881888.00
2016/08/10;14.65;15.20;14.61;14.90;12697354;189366544.00
2016/08/11;14.78;14.95;14.61;14.68;5867785;86674208.00
2016/08/12;15.15;15.30;14.72;15.05;20396676;305360288.00
2016/08/15;14.84;15.25;14.82;15.17;20736880;311787584.00
2016/08/16;15.16;15.55;14.96;15.55;25307267;385747232.00
2016/08/17;15.52;16.50;15.11;16.25;41461669;651322496.00
2016/08/18;15.92;15.92;15.12;15.53;51594656;800617664.00
2016/08/19;15.29;15.45;15.01;15.29;30152850;460040768.00
2016/08/22;15.21;15.57;15.07;15.48;30456103;466669440.00
2016/08/23;15.38;15.50;15.23;15.40;23397502;359665088.00
2016/08/24;15.38;15.50;15.11;15.21;23164255;354001824.00
2016/08/25;15.02;15.40;14.80;15.01;16008079;240408864.00
2016/08/26;15.08;15.15;14.86;14.87;10422865;156342160.00
2016/08/29;14.83;15.07;14.36;14.49;17331668;253252000.00
2016/08/30;14.48;14.61;14.44;14.51;5980619;86754232.00
2016/08/31;14.51;14.85;14.51;14.76;11235024;165562960.00
2016/09/01;14.64;14.81;14.43;14.56;14840802;216931344.00
2016/09/02;14.56;14.66;14.41;14.46;6802562;98991208.00
2016/09/05;14.47;14.66;14.37;14.37;6458600;93719248.00
2016/09/06;14.45;14.56;14.30;14.50;15549033;224852736.00
2016/09/07;14.53;14.66;14.47;14.54;12366052;179613488.00
2016/09/08;14.55;14.60;14.39;14.46;6006117;86899080.00
2016/09/09;14.46;14.56;14.37;14.52;10370016;150146240.00
2016/09/12;14.32;14.32;13.80;13.80;10959250;153790144.00
2016/09/13;13.99;14.01;13.56;13.66;7296390;100199584.00
2016/09/14;13.68;13.80;13.38;13.77;5752653;78538312.00
2016/09/19;13.78;14.30;13.72;14.20;10768293;150637488.00
2016/09/20;14.00;14.50;13.89;14.36;17053632;241793088.00
2016/09/21;14.30;14.35;14.01;14.03;8745955;123350824.00
2016/09/22;14.10;14.17;13.85;13.87;6774874;94687264.00
2016/09/23;13.82;13.96;13.78;13.88;4442893;61569128.00
2016/09/26;13.80;13.80;13.17;13.22;10159244;136252544.00
2016/09/27;13.22;13.29;12.77;13.03;6354866;82697440.00
2016/09/28;13.04;13.15;12.89;13.05;4052388;52715568.00
2016/09/29;13.10;13.12;12.98;13.08;3383456;44160292.00
2016/09/30;13.10;13.13;12.93;12.98;3821040;49676516.00
2016/10/10;13.12;13.42;13.12;13.32;4986192;66279668.00
2016/10/11;13.39;13.56;13.33;13.44;7442990;100172696.00
2016/10/12;13.45;13.53;13.24;13.31;8961869;119875152.00
2016/10/13;13.30;13.35;12.98;13.08;11433872;149630672.00
2016/10/14;13.03;13.04;12.82;13.00;6247070;80718776.00
2016/10/17;12.94;13.38;12.94;13.15;8701202;114456296.00
2016/10/18;13.28;13.33;13.12;13.27;5982736;79104232.00
2016/10/19;13.30;13.31;13.07;13.11;5264090;69321000.00
2016/10/20;13.13;13.17;12.98;13.04;7117228;92852800.00
2016/10/21;13.11;13.11;12.86;12.96;7404446;96031144.00
2016/10/24;12.96;13.21;12.91;13.04;13400898;174530096.00
2016/10/25;13.02;13.12;13.00;13.06;7486767;97709664.00
2016/10/26;12.98;13.06;12.85;12.91;8074178;104511552.00
2016/10/27;12.94;12.98;12.85;12.92;4781434;61669356.00
2016/10/28;12.97;12.97;12.80;12.80;5523050;71030240.00
2016/10/31;12.80;12.82;12.63;12.68;5120000;64928552.00
2016/11/01;12.73;12.78;12.68;12.77;4475192;56982412.00
2016/11/02;12.78;12.86;12.65;12.82;7544993;96170648.00
2016/11/03;12.73;12.95;12.71;12.84;6527222;84033496.00
2016/11/04;12.85;12.96;12.80;12.90;5654213;72879544.00
2016/11/07;12.94;12.95;12.74;12.75;5131850;65774504.00
2016/11/08;12.79;12.88;12.70;12.73;4395477;56065512.00
2016/11/09;12.78;13.31;12.72;13.20;27724666;362678368.00
2016/11/10;13.20;13.45;13.16;13.32;19634540;261048400.00
2016/11/11;13.34;13.34;13.15;13.22;9052589;119535224.00
2016/11/14;13.20;13.32;13.11;13.24;7868276;104119680.00
2016/11/15;13.27;13.28;13.07;13.18;6742838;88603320.00
2016/11/16;13.20;13.20;13.08;13.13;6422746;84213192.00
2016/11/17;13.13;13.13;12.96;12.97;3528200;45917544.00
数据来源:通达信
