002413 雷科防务 日线 前复权
      日期	    开盘	    最高	    最低	    收盘	    成交量	    成交额
2010/05/28;4.62;4.87;4.19;4.19;21163913;453492640.00
2010/05/31;4.17;4.17;3.92;3.95;8982221;180590560.00
2010/06/01;3.81;3.85;3.58;3.65;6553754;121947624.00
2010/06/02;3.59;3.71;3.56;3.70;4395497;80470944.00
2010/06/03;3.68;3.70;3.59;3.61;4160015;76225256.00
2010/06/04;3.57;3.57;3.48;3.54;3780572;67130840.00
2010/06/07;3.47;3.62;3.43;3.62;3706400;66338948.00
2010/06/08;3.59;3.67;3.57;3.63;3254200;59313448.00
2010/06/09;3.64;3.76;3.63;3.75;4734210;88031016.00
2010/06/10;3.75;3.79;3.69;3.75;3818066;71640392.00
2010/06/11;3.77;3.90;3.75;3.85;5308961;102271472.00
2010/06/17;3.89;3.91;3.70;3.71;3056623;58320236.00
2010/06/18;3.69;3.69;3.45;3.49;2551154;45736196.00
2010/06/21;3.49;3.62;3.47;3.61;1646664;29481228.00
2010/06/22;3.61;3.64;3.56;3.60;1224619;22285526.00
2010/06/23;3.58;3.61;3.52;3.57;1414153;25363252.00
2010/06/24;3.55;3.64;3.55;3.64;1274261;23053698.00
2010/06/25;3.60;3.75;3.60;3.72;3830722;71084016.00
2010/06/28;3.73;3.78;3.60;3.60;2261741;41689812.00
2010/06/29;3.58;3.60;3.32;3.32;2709667;47136392.00
2010/06/30;3.31;3.31;3.15;3.22;1418106;23113774.00
2010/07/01;3.23;3.27;3.19;3.24;1045469;17153922.00
2010/07/02;3.24;3.24;3.02;3.17;1392362;22257476.00
2010/07/05;3.15;3.22;3.06;3.19;1009832;16209441.00
2010/07/06;3.19;3.29;3.16;3.26;1312502;21580714.00
2010/07/07;3.25;3.29;3.21;3.28;1130533;18664928.00
2010/07/08;3.30;3.31;3.22;3.25;1371127;22666216.00
2010/07/09;3.25;3.35;3.21;3.34;1930028;32247012.00
2010/07/12;3.49;3.66;3.47;3.54;4224280;75853080.00
2010/07/13;3.47;3.48;3.38;3.46;2346732;40740944.00
2010/07/14;3.47;3.55;3.45;3.49;1581264;27863424.00
2010/07/15;3.49;3.50;3.32;3.34;1638146;28216488.00
2010/07/16;3.32;3.35;3.23;3.33;1404437;23362064.00
2010/07/20;3.41;3.53;3.41;3.52;2702768;47393200.00
2010/07/21;3.51;3.58;3.48;3.54;2859508;51058616.00
2010/07/22;3.52;3.69;3.51;3.68;3916726;71190744.00
2010/07/23;3.68;3.71;3.57;3.62;3513078;64085116.00
2010/07/26;3.62;3.65;3.60;3.64;1754085;32008800.00
2010/07/27;3.64;3.64;3.56;3.60;1959229;35372380.00
2010/07/28;3.58;3.70;3.58;3.70;3202161;58790220.00
2010/07/29;3.73;3.75;3.63;3.67;3114630;57523256.00
2010/07/30;3.66;3.71;3.63;3.69;2192535;40454604.00
2010/08/02;3.69;3.76;3.68;3.74;3113185;58097864.00
2010/08/03;3.74;3.76;3.64;3.64;2518469;46731956.00
2010/08/04;3.62;3.68;3.59;3.68;2006661;36539076.00
2010/08/05;3.68;3.72;3.66;3.68;2056482;38194808.00
2010/08/06;3.69;3.82;3.67;3.80;3404886;64186032.00
2010/08/09;3.83;4.10;3.83;3.99;5350166;106046352.00
2010/08/10;3.98;4.04;3.80;3.80;3944721;77065040.00
2010/08/11;3.80;3.91;3.80;3.87;2362994;45602996.00
2010/08/12;3.83;4.05;3.81;3.95;3948786;78030336.00
2010/08/13;3.96;4.02;3.88;4.01;2667855;52881892.00
2010/08/16;4.01;4.11;3.96;4.07;3281226;66418836.00
2010/08/17;4.07;4.10;4.01;4.09;2646943;53581048.00
2010/08/18;4.09;4.09;3.99;4.04;2274926;45803312.00
2010/08/19;4.01;4.04;3.94;3.98;2860377;56945096.00
2010/08/20;3.96;3.96;3.84;3.85;2316108;45100436.00
2010/08/23;3.86;3.93;3.86;3.90;1417046;27621600.00
2010/08/24;3.89;3.95;3.87;3.92;1176521;23079952.00
2010/08/25;3.88;3.89;3.74;3.75;2232950;42680092.00
2010/08/26;3.75;3.82;3.75;3.79;1047478;19845136.00
2010/08/27;3.79;3.89;3.79;3.88;1712978;33095768.00
2010/08/30;3.88;4.00;3.83;3.99;6244206;122321880.00
2010/08/31;3.97;4.07;3.94;4.04;4068419;81154016.00
2010/09/01;4.05;4.11;3.93;4.01;4531017;91157848.00
2010/09/02;4.05;4.33;4.01;4.17;6303443;131027736.00
2010/09/03;4.17;4.27;4.12;4.23;4167453;86911664.00
2010/09/06;4.24;4.30;4.11;4.24;4365390;91692000.00
2010/09/07;4.22;4.25;4.13;4.24;2760911;57581652.00
2010/09/08;4.22;4.39;4.16;4.37;4206130;90144904.00
2010/09/09;4.39;4.39;4.19;4.20;3278033;69884128.00
2010/09/10;4.20;4.25;4.07;4.16;2500684;51782508.00
2010/09/13;4.17;4.27;4.14;4.19;2229742;46644744.00
2010/09/14;4.21;4.23;4.16;4.17;1942558;40551668.00
2010/09/15;4.18;4.18;4.05;4.08;2352064;48173512.00
2010/09/16;4.08;4.11;3.94;3.94;1722350;34526456.00
2010/09/17;4.01;4.02;3.94;3.95;898747;17894888.00
2010/09/20;3.95;3.99;3.81;3.88;992947;19396354.00
2010/09/21;3.90;3.93;3.85;3.90;555604;10806888.00
2010/09/27;3.91;3.99;3.91;3.99;927046;18367974.00
2010/09/28;3.97;3.99;3.79;3.88;1058689;20724104.00
2010/09/29;3.88;3.90;3.73;3.76;1550782;29585300.00
2010/09/30;3.74;3.84;3.74;3.81;1185967;22550102.00
2010/10/08;3.85;3.95;3.82;3.92;1890052;36730872.00
2010/10/11;3.94;3.98;3.89;3.92;1764977;34622876.00
2010/10/12;3.90;3.95;3.87;3.90;2056132;40173332.00
2010/10/13;3.91;3.91;3.76;3.84;2591211;49780560.00
2010/10/14;3.85;3.86;3.74;3.74;1724690;32743274.00
2010/10/15;3.74;3.82;3.72;3.73;1704357;32164156.00
2010/10/18;3.74;3.74;3.59;3.66;2141908;39121764.00
2010/10/19;3.69;3.81;3.66;3.80;1887899;35539336.00
2010/10/20;3.72;3.84;3.72;3.80;1805347;34348408.00
2010/10/21;3.80;3.89;3.77;3.86;1904297;36542020.00
2010/10/22;3.88;3.90;3.84;3.90;1873381;36315896.00
2010/10/25;3.93;4.07;3.90;4.07;3711819;74476120.00
2010/10/26;4.08;4.15;4.03;4.15;4000970;81530072.00
2010/10/27;4.13;4.41;4.12;4.34;6300955;135153280.00
2010/10/28;4.33;4.60;4.30;4.53;6290574;138754768.00
2010/10/29;4.50;4.96;4.47;4.80;5346001;123292480.00
2010/11/01;4.75;4.97;4.74;4.89;5203827;125157120.00
2010/11/02;4.89;4.97;4.72;4.74;3348111;79257320.00
2010/11/03;4.70;4.81;4.51;4.72;2760386;63467040.00
2010/11/04;4.65;5.12;4.62;5.04;3167847;75569872.00
2010/11/05;5.19;5.37;5.04;5.16;5001645;127753360.00
2010/11/08;5.08;5.29;5.08;5.11;1809816;45685280.00
2010/11/09;5.08;5.29;4.87;5.06;2979339;74662224.00
2010/11/10;5.03;5.17;4.98;5.07;1700565;42191724.00
2010/11/11;5.06;5.27;4.99;5.10;2121266;53484948.00
2010/11/12;5.06;5.12;4.56;4.56;4061049;96116464.00
2010/11/15;4.56;4.73;4.46;4.73;1795347;40910088.00
2010/11/16;4.73;4.77;4.39;4.44;2287491;51725408.00
2010/11/17;4.40;4.54;4.37;4.42;1537403;33980272.00
2010/11/18;4.48;4.58;4.44;4.44;1908640;42541644.00
2010/11/19;4.47;4.58;4.41;4.58;3773507;84029848.00
2010/11/22;4.54;4.95;4.52;4.92;3490487;82506224.00
2010/11/23;4.82;4.91;4.65;4.88;2841593;67358184.00
2010/11/24;4.84;5.14;4.81;5.04;2993139;73718944.00
2010/11/25;5.05;5.16;4.95;4.99;2720019;67623552.00
2010/11/26;5.00;5.09;4.83;4.86;2246822;54638012.00
2010/11/29;4.82;4.98;4.81;4.92;1252436;30386928.00
2010/11/30;4.90;4.92;4.54;4.67;2346290;54633572.00
2010/12/01;4.68;4.83;4.66;4.70;1581961;36969880.00
2010/12/02;4.76;4.89;4.72;4.87;1332095;31601198.00
2010/12/03;4.87;4.90;4.68;4.76;1418400;33487532.00
2010/12/06;4.76;4.76;4.55;4.61;741740;17038226.00
2010/12/07;4.59;4.84;4.52;4.83;934357;21770800.00
2010/12/08;4.76;4.91;4.76;4.82;700318;16714868.00
2010/12/09;4.79;4.83;4.69;4.73;835919;19645190.00
2010/12/10;4.69;5.03;4.69;5.02;3243433;78216456.00
2010/12/13;5.06;5.25;5.01;5.16;3448489;86958752.00
2010/12/14;5.16;5.24;5.08;5.12;2766687;70353240.00
2010/12/15;5.13;5.29;5.04;5.09;2281109;57930124.00
2010/12/16;5.09;5.18;5.01;5.09;2389856;59756796.00
2010/12/17;5.03;5.16;4.97;5.03;1874999;46538204.00
2010/12/20;5.05;5.15;4.85;4.97;2608997;64098808.00
2010/12/21;4.98;5.06;4.92;5.06;1778822;43734912.00
2010/12/22;5.07;5.07;4.87;4.89;1720976;41908132.00
2010/12/23;4.88;4.91;4.83;4.85;1093564;26260680.00
2010/12/24;4.84;4.88;4.73;4.80;1227811;29033020.00
2010/12/27;4.82;4.93;4.67;4.69;1431090;34115692.00
2010/12/28;4.68;4.76;4.65;4.73;795458;18550470.00
2010/12/29;4.73;4.88;4.70;4.82;1182628;28059054.00
2010/12/30;4.82;4.96;4.81;4.95;1221070;29444408.00
2010/12/31;4.95;5.05;4.91;5.04;1315211;32472144.00
2011/01/04;5.07;5.27;5.07;5.22;3257987;83169080.00
2011/01/05;5.19;5.29;5.08;5.25;2013033;51544156.00
2011/01/06;5.16;5.25;5.09;5.10;1498001;38030392.00
2011/01/07;5.08;5.25;5.06;5.12;1380079;34841044.00
2011/01/10;5.23;5.23;4.92;4.97;1160060;28801988.00
2011/01/11;4.97;4.97;4.79;4.93;914540;22053990.00
2011/01/12;4.97;5.02;4.88;5.00;859657;20923640.00
2011/01/13;5.05;5.05;4.91;4.93;707761;17314926.00
2011/01/14;4.89;4.98;4.87;4.88;769506;18612670.00
2011/01/17;4.94;4.94;4.66;4.70;1114601;26204046.00
2011/01/18;4.70;4.72;4.64;4.71;566829;13089904.00
2011/01/19;4.69;4.87;4.64;4.84;776123;18201228.00
2011/01/20;4.77;4.83;4.57;4.61;759110;17587236.00
2011/01/21;4.62;4.70;4.54;4.61;635597;14566022.00
2011/01/24;4.61;4.65;4.54;4.54;395234;8972334.00
2011/01/25;4.47;4.60;4.30;4.33;615940;13483608.00
2011/01/26;4.33;4.49;4.33;4.44;296289;6497923.00
2011/01/27;4.44;4.69;4.39;4.62;490596;11121606.00
2011/01/28;4.67;4.67;4.56;4.65;324740;7419842.00
2011/01/31;4.65;4.74;4.61;4.68;422500;9763523.00
2011/02/01;4.68;4.75;4.66;4.73;225758;5247368.00
2011/02/09;4.72;4.72;4.56;4.63;305739;7020957.50
2011/02/10;4.63;4.97;4.59;4.84;791809;18671562.00
2011/02/11;4.86;4.88;4.79;4.83;617369;14770436.00
2011/02/14;4.84;4.96;4.83;4.88;591997;14249618.00
2011/02/15;4.89;4.96;4.82;4.88;944492;22760728.00
2011/02/16;4.88;5.01;4.84;4.99;975581;23761418.00
2011/02/17;4.99;5.04;4.87;4.91;707505;17147224.00
2011/02/18;4.87;4.98;4.84;4.88;584552;14161281.00
2011/02/21;4.84;4.95;4.82;4.90;888052;21333548.00
2011/02/22;4.93;4.96;4.65;4.71;1119605;26527474.00
2011/02/23;4.66;4.75;4.65;4.67;674328;15650864.00
2011/02/24;4.67;4.72;4.63;4.65;659151;15208289.00
2011/02/25;4.67;4.67;4.57;4.62;618473;14136107.00
2011/02/28;4.64;4.93;4.62;4.92;1508233;35861800.00
2011/03/01;4.85;5.02;4.85;4.92;1760800;43044160.00
2011/03/02;4.89;4.95;4.85;4.90;819675;19811388.00
2011/03/04;4.84;4.84;4.69;4.81;825735;19422134.00
2011/03/07;4.77;4.86;4.76;4.82;803978;19045480.00
2011/03/08;4.81;4.97;4.77;4.95;1027953;24636604.00
2011/03/09;4.95;4.98;4.89;4.95;1083223;26383170.00
2011/03/10;4.90;5.11;4.89;5.09;2055178;51152048.00
2011/03/11;5.10;5.21;5.04;5.04;2023904;51099264.00
2011/03/14;4.99;5.58;4.99;5.58;5063235;134872352.00
2011/03/15;5.66;5.77;5.44;5.66;6384410;174650832.00
2011/03/16;5.63;5.63;5.45;5.53;4058392;109938384.00
2011/03/17;5.49;5.49;5.23;5.25;3454675;90407408.00
2011/03/18;5.29;5.48;5.27;5.32;2331388;61417260.00
2011/03/21;5.29;5.30;5.09;5.15;2032312;51585728.00
2011/03/22;5.13;5.21;5.05;5.21;1492858;37786864.00
2011/03/23;5.21;5.35;5.17;5.27;1776885;46099664.00
2011/03/24;5.27;5.32;5.14;5.25;2004102;51217200.00
2011/03/25;5.19;5.37;5.17;5.28;2129006;55341064.00
2011/03/28;5.27;5.41;5.27;5.38;2786087;73127608.00
2011/03/29;5.09;5.30;4.87;5.29;6270787;155821328.00
2011/03/30;5.09;5.21;5.01;5.02;2307958;57552828.00
2011/03/31;5.10;5.14;4.94;4.95;2598947;64126376.00
2011/04/01;4.90;4.95;4.80;4.91;1589060;38206812.00
2011/04/06;4.87;4.97;4.80;4.83;1204701;28808380.00
2011/04/07;4.81;4.90;4.81;4.85;917374;21983628.00
2011/04/08;4.86;4.92;4.83;4.90;1123857;27057532.00
2011/04/11;4.90;4.96;4.78;4.79;1499619;35666032.00
2011/04/12;4.78;4.80;4.61;4.74;1817741;42199956.00
2011/04/13;4.72;4.91;4.67;4.89;1272526;30311384.00
2011/04/14;4.93;4.93;4.82;4.86;502105;12013587.00
2011/04/15;4.87;4.87;4.80;4.84;483122;11511906.00
2011/04/18;4.80;4.83;4.76;4.80;562523;13306208.00
2011/04/19;4.78;4.83;4.74;4.74;613783;14475449.00
2011/04/20;4.72;4.77;4.66;4.71;693932;16092798.00
2011/04/21;4.69;4.75;4.68;4.71;442766;10311709.00
2011/04/22;4.72;4.74;4.65;4.67;581566;13494714.00
2011/04/25;4.68;4.72;4.61;4.67;436487;10083432.00
2011/04/26;4.67;4.68;4.60;4.62;559498;12825388.00
2011/04/27;4.62;4.67;4.62;4.65;376148;8636959.00
2011/04/28;4.63;4.76;4.63;4.72;851920;19813334.00
2011/04/29;4.70;4.79;4.67;4.79;1302612;30459766.00
2011/05/03;4.79;4.84;4.76;4.80;635841;15063763.00
2011/05/04;4.81;4.81;4.57;4.58;927046;21315390.00
2011/05/05;4.58;4.62;4.41;4.47;610710;13587558.00
2011/05/06;4.34;4.56;4.33;4.56;509369;11257104.00
2011/05/09;4.48;4.59;4.48;4.53;210578;4726783.00
2011/05/10;4.52;4.58;4.46;4.46;311005;6920019.00
2011/05/11;4.50;4.54;4.46;4.52;254834;5682987.50
2011/05/12;4.56;4.58;4.42;4.44;376384;8349129.00
2011/05/13;4.43;4.47;4.36;4.42;372873;8168311.50
2011/05/17;4.89;4.89;4.47;4.54;1013772;23233394.00
2011/05/18;4.54;4.54;4.42;4.46;401179;8888227.00
2011/05/19;4.46;4.48;4.42;4.44;451644;9949558.00
2011/05/20;4.40;4.49;4.39;4.42;199672;4373670.00
2011/05/23;4.42;4.48;4.25;4.37;573301;12272764.00
2011/05/24;4.36;4.53;4.28;4.52;541773;11888954.00
2011/05/25;4.50;4.50;4.33;4.38;232441;5103568.50
2011/05/26;4.44;4.44;4.30;4.30;194300;4196289.00
2011/05/27;4.26;4.44;4.01;4.30;470063;10032757.00
2011/05/30;4.22;4.35;4.22;4.30;376503;8040549.50
2011/05/31;4.30;4.42;4.28;4.41;167012;3625263.00
2011/06/01;4.41;4.58;4.41;4.58;703483;15693182.00
2011/06/02;4.46;4.63;4.46;4.58;851082;19199846.00
2011/06/03;4.58;4.73;4.53;4.57;782666;18049396.00
2011/06/07;4.55;4.62;4.52;4.52;209253;4730724.00
2011/06/08;4.52;4.62;4.46;4.59;224584;5048302.00
2011/06/09;4.58;4.63;4.50;4.59;270723;6128160.00
2011/06/10;4.59;4.59;4.44;4.52;153103;3426082.25
2011/06/13;4.56;4.56;4.22;4.48;538993;11680496.00
2011/06/14;4.33;4.53;4.33;4.48;157219;3485085.75
2011/06/15;4.49;4.49;4.34;4.34;172500;3773214.00
2011/06/16;4.34;4.36;4.22;4.31;289499;6143355.00
2011/06/17;4.30;4.34;4.18;4.20;89400;1887243.13
2011/06/20;4.24;4.24;4.12;4.13;291855;6010146.50
2011/06/21;4.15;4.22;4.07;4.22;448280;9234106.00
2011/06/22;4.30;4.32;4.15;4.18;71123;1488384.38
2011/06/23;4.10;4.28;4.10;4.28;182192;3826417.75
2011/06/24;4.26;4.43;4.22;4.43;441509;9547567.00
2011/06/28;4.48;4.48;4.38;4.44;229386;5027908.00
2011/06/29;4.44;4.44;4.27;4.41;852150;18306146.00
2011/06/30;4.33;4.38;4.30;4.31;740661;15912020.00
2011/07/01;4.31;4.33;4.15;4.28;2579958;54077956.00
2011/07/04;4.22;4.32;4.21;4.31;1252803;26643128.00
2011/07/05;4.31;4.35;4.27;4.34;1020912;21853232.00
2011/07/06;4.33;4.39;4.28;4.39;825065;17783070.00
2011/07/07;4.37;4.65;4.37;4.58;2452982;54938040.00
2011/07/08;4.52;4.60;4.49;4.58;866958;19546816.00
2011/07/11;4.52;4.73;4.52;4.69;1597563;36889272.00
2011/07/12;4.65;4.69;4.58;4.60;530261;12118803.00
2011/07/13;4.60;4.72;4.59;4.70;682183;15685132.00
2011/07/14;4.70;4.72;4.61;4.63;637316;14649425.00
2011/07/15;4.64;4.74;4.55;4.72;2171299;49673808.00
2011/07/18;4.69;4.91;4.69;4.83;1492507;35510704.00
2011/07/19;4.83;4.86;4.78;4.81;567523;13501352.00
2011/07/20;4.81;4.96;4.81;4.87;1064619;25709830.00
2011/07/21;4.87;5.04;4.87;4.94;1576068;38722208.00
2011/07/22;4.94;5.05;4.89;4.99;752880;18411728.00
2011/07/25;4.97;5.00;4.84;4.88;2015463;48588548.00
2011/07/26;4.88;5.07;4.84;5.07;813808;19992274.00
2011/07/27;5.05;5.14;5.00;5.12;781639;19573812.00
2011/07/28;5.12;5.34;5.06;5.29;2977539;77237968.00
2011/07/29;5.31;5.35;5.19;5.26;2187399;56764992.00
2011/08/01;5.19;5.32;5.05;5.12;1759226;44744216.00
2011/08/02;5.15;5.15;4.79;4.89;1315722;31721752.00
2011/08/03;4.82;4.94;4.78;4.89;1324682;31876408.00
2011/08/04;4.87;4.93;4.82;4.87;577506;13827035.00
2011/08/05;4.82;4.83;4.41;4.80;1189635;27527294.00
2011/08/08;4.87;4.87;4.41;4.57;989861;22581104.00
2011/08/09;4.44;4.62;4.24;4.50;849801;18576640.00
2011/08/10;4.56;4.75;4.48;4.52;387206;8764662.00
2011/08/11;4.39;4.60;4.33;4.59;285215;6354627.50
2011/08/12;4.66;4.72;4.59;4.67;488589;11264087.00
2011/08/15;4.63;4.72;4.63;4.68;463302;10676920.00
2011/08/16;4.74;4.74;4.61;4.63;288031;6675327.00
2011/08/17;4.63;4.75;4.61;4.75;412788;9553419.00
2011/08/18;4.73;4.78;4.66;4.67;403603;9382831.00
2011/08/19;4.49;4.68;4.48;4.62;273105;6173993.00
2011/08/22;4.71;4.77;4.54;4.69;331239;7603958.00
2011/08/23;4.69;4.78;4.65;4.77;433026;10138457.00
2011/08/24;4.79;4.84;4.70;4.76;342222;8093563.50
2011/08/25;4.72;4.82;4.72;4.81;339299;8034462.50
2011/08/26;4.83;4.86;4.78;4.84;383292;9131855.00
2011/08/29;4.90;4.97;4.61;4.63;1110560;26219526.00
2011/08/30;4.65;4.68;4.48;4.50;571602;12973975.00
2011/08/31;4.50;4.54;4.44;4.48;572344;12733096.00
2011/09/01;4.50;4.53;4.44;4.48;282887;6278811.00
2011/09/02;4.46;4.48;4.42;4.47;163900;3616345.00
2011/09/05;4.42;4.46;4.32;4.33;244050;5272284.50
2011/09/06;4.30;4.33;4.25;4.26;286767;6115290.00
2011/09/07;4.30;4.37;4.30;4.37;136899;2948910.00
2011/09/08;4.39;4.42;4.28;4.35;197550;4269618.00
2011/09/09;4.29;4.38;4.28;4.28;217601;4658471.50
2011/09/13;4.24;4.28;4.15;4.27;405952;8487489.00
2011/09/14;4.28;4.29;4.19;4.22;245463;5164249.00
2011/09/15;4.21;4.30;4.20;4.23;129326;2734960.00
2011/09/16;4.23;4.33;4.23;4.27;163833;3496357.00
2011/09/20;4.19;4.28;4.18;4.27;98944;2086754.75
2011/09/21;4.32;4.40;4.25;4.36;170604;3679583.75
2011/09/22;4.35;4.35;4.24;4.24;158100;3370129.00
2011/09/23;4.22;4.22;4.09;4.16;283163;5854311.50
2011/09/26;4.13;4.21;4.13;4.17;138713;2871646.25
2011/09/27;4.24;4.24;4.15;4.17;250914;5209896.00
2011/09/28;4.17;4.18;4.05;4.05;246300;5055736.00
2011/09/29;4.03;4.03;3.65;3.70;665410;12797145.00
2011/09/30;3.72;3.75;3.65;3.66;313332;5800483.50
2011/10/10;3.66;3.72;3.27;3.38;477749;5608052.00
2011/10/11;3.42;3.51;3.03;3.28;560416;6300950.50
2011/10/12;3.19;3.44;3.16;3.38;734057;8275417.50
2011/10/13;3.38;3.45;3.35;3.40;730225;8312508.00
2011/10/14;3.39;3.42;3.24;3.30;1112800;12287539.00
2011/10/17;3.30;3.32;3.22;3.25;958912;10558431.00
2011/10/18;3.24;3.61;3.18;3.61;6511529;76825600.00
2011/10/19;3.55;3.95;3.52;3.77;9141086;113776216.00
2011/10/20;3.66;3.72;3.39;3.47;4261679;50250576.00
2011/10/21;3.46;3.47;3.30;3.34;2363037;26642404.00
2011/10/24;3.34;3.34;3.06;3.28;3480067;37549208.00
2011/10/25;3.29;3.64;3.27;3.64;2913554;34282904.00
2011/10/26;3.79;4.02;3.72;3.89;8851599;112770208.00
2011/10/27;3.82;4.00;3.74;3.85;5424318;69348120.00
2011/10/28;3.96;3.96;3.79;3.93;5041882;64872428.00
2011/10/31;3.92;4.04;3.86;4.02;4373642;57270948.00
2011/11/01;3.95;4.01;3.92;3.96;3571674;46839512.00
2011/11/02;3.87;4.05;3.80;4.01;4247074;55455296.00
2011/11/03;4.03;4.29;4.01;4.01;5905832;80732472.00
2011/11/04;4.01;4.06;3.92;4.03;2724075;35942592.00
2011/11/07;3.99;4.13;3.98;4.04;2209973;29643500.00
2011/11/08;4.06;4.08;3.90;3.92;2037389;26796100.00
2011/11/09;3.89;3.98;3.82;3.98;1628188;21188966.00
2011/11/10;3.88;4.09;3.87;4.01;2118939;27916270.00
2011/11/11;4.01;4.21;3.97;4.18;3734674;50950528.00
2011/11/14;4.29;4.30;4.15;4.29;3358259;46855444.00
2011/11/15;4.28;4.28;4.19;4.22;1882235;26246354.00
2011/11/16;4.22;4.24;3.99;4.02;1561655;21263248.00
2011/11/17;4.02;4.12;4.00;4.02;1064277;14287906.00
2011/11/18;4.00;4.11;3.94;3.94;1988776;26595572.00
2011/11/21;3.98;3.98;3.74;3.82;1738120;22025900.00
2011/11/22;3.70;3.85;3.70;3.83;681432;8597269.00
2011/11/23;3.85;3.85;3.70;3.70;1141832;14259654.00
2011/11/24;3.66;3.73;3.59;3.65;914175;11087135.00
2011/11/25;3.65;3.71;3.62;3.65;720933;8803170.00
2011/11/28;3.65;3.70;3.63;3.67;546236;6670822.00
2011/11/29;3.72;3.97;3.72;3.87;2139060;27256348.00
2011/11/30;3.86;3.86;3.60;3.65;1470722;18141312.00
2011/12/01;3.73;3.87;3.72;3.72;1387860;17495852.00
2011/12/05;3.65;3.65;3.43;3.46;1257275;14820281.00
2011/12/06;3.46;3.52;3.40;3.50;471462;5461421.00
2011/12/07;3.45;3.57;3.44;3.49;447293;5232409.50
2011/12/08;3.51;3.55;3.39;3.49;551409;6428167.00
2011/12/09;3.46;3.50;3.41;3.45;316819;3652749.00
2011/12/12;3.40;3.46;3.34;3.35;325335;3713661.75
2011/12/13;3.33;3.34;3.18;3.22;725179;7912097.00
2011/12/14;3.18;3.31;3.16;3.17;556141;6037312.00
2011/12/15;3.12;3.23;3.09;3.13;614141;6528548.00
2011/12/16;3.17;3.31;3.10;3.31;1082230;11610531.00
2011/12/19;3.29;3.34;3.19;3.34;796212;8714797.00
2011/12/20;3.28;3.38;3.15;3.18;1320580;14496020.00
2011/12/21;3.24;3.30;3.08;3.08;1123021;12156001.00
2011/12/22;3.06;3.10;2.83;2.98;1136727;11537491.00
2011/12/23;2.98;3.07;2.97;3.00;412785;4218854.00
2011/12/26;2.95;3.00;2.89;2.89;578251;5770688.50
2011/12/27;2.95;2.95;2.75;2.78;782708;7537369.50
2011/12/28;2.75;2.77;2.60;2.71;884725;8041613.50
2011/12/29;2.66;2.69;2.63;2.64;552391;5026705.50
2011/12/30;2.68;2.75;2.67;2.67;1126692;10401725.00
2012/01/04;2.68;2.71;2.60;2.61;675377;6180315.00
2012/01/05;2.63;2.63;2.38;2.40;864490;7418490.00
2012/01/06;2.40;2.44;2.33;2.43;518843;4266411.50
2012/01/09;2.43;2.57;2.37;2.57;1037262;8905441.00
2012/01/10;2.56;2.80;2.53;2.72;2046875;18930564.00
2012/01/11;2.75;2.77;2.70;2.71;1564148;14563895.00
2012/01/12;2.68;2.75;2.68;2.69;771333;7131218.00
2012/01/13;2.71;2.72;2.56;2.56;776142;6978248.00
2012/01/16;2.50;2.54;2.47;2.52;432671;3733047.00
2012/01/17;2.51;2.69;2.51;2.68;808788;7241516.00
2012/01/18;2.71;2.72;2.58;2.59;1270103;11503045.00
2012/01/19;2.59;2.64;2.52;2.61;419196;3723070.00
2012/01/20;2.61;2.66;2.58;2.64;650307;5845355.00
2012/01/30;2.61;2.65;2.57;2.60;684765;6127562.00
2012/01/31;2.60;2.61;2.53;2.55;552159;4844322.50
2012/02/01;2.55;2.58;2.54;2.56;448905;3943723.50
2012/02/02;2.56;2.62;2.54;2.62;540808;4780173.50
2012/02/03;2.62;2.70;2.60;2.69;1192268;10881349.00
2012/02/06;2.69;2.99;2.69;2.99;4114709;40879572.00
2012/02/07;3.02;3.20;2.92;3.11;5998093;61588356.00
2012/02/08;3.08;3.17;3.03;3.15;3105721;32360134.00
2012/02/09;3.15;3.20;3.07;3.13;2358841;24947208.00
2012/02/10;3.10;3.17;3.08;3.10;1848389;19474524.00
2012/02/13;3.09;3.17;3.04;3.13;1790467;18834084.00
2012/02/14;3.13;3.24;3.09;3.13;2002172;21285800.00
2012/02/15;3.14;3.20;3.08;3.19;1835851;19549490.00
2012/02/16;3.18;3.38;3.18;3.25;2688626;29690934.00
2012/02/17;3.23;3.29;3.13;3.18;1341996;14363622.00
2012/02/20;3.25;3.27;3.14;3.22;2160224;23221262.00
2012/02/21;3.19;3.25;3.17;3.24;1912475;20690942.00
2012/02/22;3.24;3.35;3.24;3.33;3614440;40038436.00
2012/02/23;3.32;3.36;3.21;3.24;4736219;51918668.00
2012/02/24;3.23;3.26;3.21;3.25;3833595;41690800.00
2012/02/27;3.26;3.31;3.21;3.23;3073860;33864564.00
2012/02/28;3.21;3.24;3.11;3.15;2761871;29414004.00
2012/02/29;3.16;3.16;3.03;3.04;2065517;21483330.00
2012/03/01;3.03;3.10;3.02;3.06;1025660;10617246.00
2012/03/02;3.07;3.14;3.07;3.12;1717009;18052882.00
2012/03/05;3.15;3.18;3.10;3.16;1496518;15846270.00
2012/03/06;3.15;3.15;3.00;3.05;4300028;44267960.00
2012/03/07;3.01;3.16;3.00;3.14;4966149;51603592.00
2012/03/08;3.11;3.48;3.11;3.42;14388242;159924384.00
2012/03/09;3.35;3.42;3.28;3.38;14428712;161643760.00
2012/03/12;3.38;3.53;3.33;3.50;11428623;131535432.00
2012/03/13;3.48;3.69;3.45;3.61;18304356;218468240.00
2012/03/14;3.62;3.64;3.27;3.35;12659628;147635424.00
2012/03/15;3.36;3.45;3.24;3.43;8749846;98932560.00
2012/03/16;3.40;3.65;3.40;3.59;13791426;163758656.00
2012/03/19;3.54;3.77;3.53;3.77;11817767;145252672.00
2012/03/20;3.75;3.75;3.57;3.57;8220784;99943560.00
2012/03/21;3.57;3.63;3.38;3.57;7215197;84474896.00
2012/03/22;3.51;3.58;3.43;3.48;4774605;55975732.00
2012/03/23;3.44;3.44;3.29;3.33;5276485;59494160.00
2012/03/26;3.30;3.34;3.17;3.20;4004667;43522144.00
2012/03/27;3.23;3.29;3.21;3.24;3070192;33550518.00
2012/03/28;3.22;3.22;2.97;2.99;3949786;40966056.00
2012/03/29;3.01;3.03;2.81;2.85;4090648;40222368.00
2012/03/30;2.84;2.88;2.77;2.87;2439503;23505498.00
2012/04/05;2.89;3.00;2.87;2.96;2729831;27297380.00
2012/04/06;2.98;2.98;2.88;2.91;3076660;30523928.00
2012/04/09;2.91;2.91;2.77;2.78;3305676;31871322.00
2012/04/10;2.75;2.88;2.72;2.88;3042505;29002792.00
2012/04/11;2.84;2.91;2.82;2.87;2714875;26405986.00
2012/04/12;2.87;2.98;2.85;2.97;4892494;48616848.00
2012/04/13;3.00;3.07;2.94;3.02;4188448;42501212.00
2012/04/16;2.97;3.01;2.95;2.98;2178810;21968014.00
2012/04/17;2.98;3.00;2.85;2.85;2653661;26314252.00
2012/04/18;2.87;2.99;2.85;2.99;2662710;26529750.00
2012/04/19;2.99;3.08;2.97;3.06;4059262;41529084.00
2012/04/20;3.06;3.11;3.02;3.07;3360508;34817004.00
2012/04/23;3.07;3.07;2.88;2.92;4472271;44826392.00
2012/04/24;2.86;2.91;2.66;2.75;4441826;42136000.00
2012/04/25;2.74;2.75;2.64;2.69;5414056;49418812.00
2012/04/26;2.69;2.74;2.65;2.72;3245156;29794248.00
2012/04/27;2.72;2.73;2.65;2.65;1846924;16899132.00
2012/05/02;2.69;2.71;2.64;2.68;2413176;22051468.00
2012/05/03;2.68;2.68;2.57;2.64;3568219;31967326.00
2012/05/04;2.62;2.69;2.60;2.69;2710657;24693144.00
2012/05/07;2.68;2.74;2.66;2.73;3032013;28010964.00
2012/05/08;2.73;2.78;2.69;2.76;2831740;26434098.00
2012/05/09;2.76;2.76;2.68;2.69;2680078;24733948.00
2012/05/10;2.69;2.70;2.66;2.69;1574438;14440444.00
2012/05/11;2.69;2.69;2.60;2.61;2429299;21987862.00
2012/05/14;2.62;2.65;2.57;2.58;2104500;18753946.00
2012/05/16;2.57;2.60;2.56;2.56;1390772;12309941.00
2012/05/17;2.56;2.65;2.56;2.64;1804878;16176250.00
2012/05/18;2.62;2.62;2.55;2.57;1858004;16477747.00
2012/05/21;2.56;2.60;2.54;2.57;949201;8374454.50
2012/05/22;2.58;2.61;2.58;2.61;1184585;10545402.00
2012/05/23;2.60;2.62;2.52;2.54;1603715;14100156.00
2012/05/24;2.54;2.54;2.46;2.47;1998531;17169312.00
2012/05/25;2.48;2.53;2.44;2.52;1553544;13188235.00
2012/05/28;2.49;2.54;2.44;2.53;1272545;10915631.00
2012/05/29;2.53;2.60;2.51;2.58;2117337;18711714.00
2012/05/30;2.57;2.72;2.57;2.68;2834552;25373894.00
2012/05/31;2.65;2.74;2.62;2.71;3413702;31184376.00
2012/06/01;2.69;2.79;2.60;2.64;3725429;33946160.00
2012/06/04;2.59;2.59;2.48;2.53;2063050;17934654.00
2012/06/05;2.51;2.53;2.47;2.53;1116811;9607469.00
2012/06/06;2.51;2.53;2.47;2.48;1228559;10524778.00
2012/06/07;2.52;2.52;2.43;2.44;1427208;12158587.00
2012/06/08;2.45;2.47;2.40;2.41;1257024;10549256.00
2012/06/11;2.41;2.46;2.41;2.45;1109969;9355784.00
2012/06/12;2.45;2.45;2.41;2.43;737800;6185824.50
2012/06/13;2.45;2.52;2.43;2.52;2072094;17753534.00
2012/06/14;2.53;2.57;2.50;2.56;2460621;21526952.00
2012/06/15;2.59;2.60;2.55;2.58;2131799;18857954.00
2012/06/18;2.59;2.68;2.58;2.67;3391275;30435244.00
2012/06/19;2.66;2.82;2.64;2.79;9759304;90659016.00
2012/06/20;2.78;2.93;2.77;2.85;11587834;110642664.00
2012/06/21;2.88;2.88;2.80;2.83;5760076;54851956.00
2012/06/25;2.83;2.95;2.80;2.93;13031656;127050632.00
2012/06/26;2.92;3.09;2.87;3.08;15787210;158111136.00
2012/06/27;3.05;3.19;3.01;3.07;18461229;192234320.00
2012/06/28;3.08;3.13;3.02;3.05;11073805;113861624.00
2012/06/29;3.07;3.12;2.95;3.10;12764671;131091384.00
2012/07/02;3.10;3.19;3.08;3.17;12159157;127682072.00
2012/07/03;3.18;3.23;2.94;2.99;14137041;145597472.00
2012/07/04;3.00;3.00;2.86;2.90;8298088;80936416.00
2012/07/05;2.86;2.89;2.79;2.85;5614776;53319392.00
2012/07/06;2.86;2.87;2.76;2.87;7217284;68370560.00
2012/07/09;2.85;2.85;2.56;2.56;8792104;79416288.00
2012/07/10;2.45;2.45;2.28;2.29;9196961;73369032.00
2012/07/11;2.28;2.31;2.25;2.30;3372360;26405840.00
2012/07/12;2.29;2.31;2.23;2.29;3957049;30875404.00
2012/07/13;2.28;2.32;2.22;2.23;4243857;33161460.00
2012/07/16;2.22;2.22;1.99;2.05;4787579;34538956.00
2012/07/17;2.05;2.12;2.04;2.09;2070101;14977498.00
2012/07/18;2.08;2.19;2.06;2.17;2581414;18920884.00
2012/07/19;2.16;2.21;2.14;2.15;3105543;23291868.00
2012/07/20;2.13;2.19;2.13;2.16;1899972;14199073.00
2012/07/23;2.14;2.19;2.11;2.12;1351017;9991893.00
2012/07/24;2.10;2.16;2.08;2.13;1386934;10201606.00
2012/07/25;2.11;2.15;2.09;2.10;1307026;9571987.00
2012/07/26;2.10;2.11;2.05;2.06;1740349;12558427.00
2012/07/27;2.07;2.10;2.04;2.05;1291120;9211690.00
2012/07/30;2.07;2.07;1.96;1.96;1856233;12939526.00
2012/07/31;1.96;1.96;1.87;1.88;1750608;11690452.00
2012/08/01;1.92;1.97;1.89;1.93;1847086;12489596.00
2012/08/02;1.94;1.98;1.91;1.93;1791568;12141945.00
2012/08/03;1.95;1.98;1.92;1.98;1564617;10684840.00
2012/08/06;1.97;2.04;1.95;2.04;2322423;16142417.00
2012/08/07;2.06;2.13;2.04;2.11;2910710;21026182.00
2012/08/08;2.11;2.12;2.05;2.07;2156449;15532907.00
2012/08/09;2.07;2.10;2.04;2.10;1827721;13141678.00
2012/08/10;2.11;2.14;2.08;2.12;1971178;14402982.00
2012/08/13;2.10;2.11;1.98;1.99;2360626;16755362.00
2012/08/14;1.98;2.02;1.93;2.01;1586585;10907619.00
2012/08/15;2.01;2.03;1.96;1.99;1081442;7490870.50
2012/08/16;1.98;2.03;1.96;1.98;815476;5659690.00
2012/08/17;2.00;2.02;1.95;1.98;1407593;9669610.00
2012/08/20;1.96;2.01;1.94;2.01;906128;6242366.50
2012/08/21;2.02;2.12;2.02;2.08;2602302;18767348.00
2012/08/22;2.08;2.10;2.04;2.05;1363940;9744875.00
2012/08/23;2.07;2.10;2.04;2.09;1640908;11802999.00
2012/08/24;2.09;2.10;2.04;2.05;1461041;10434168.00
2012/08/27;2.05;2.05;1.92;1.95;1311251;8954441.00
2012/08/28;1.95;1.99;1.93;1.96;930498;6338393.50
2012/08/29;1.95;2.00;1.95;1.96;676999;4651060.50
2012/08/30;1.97;2.00;1.91;1.93;1082840;7360088.00
2012/08/31;1.94;1.98;1.93;1.97;704583;4786392.00
2012/09/03;1.95;2.03;1.95;2.02;1247440;8699531.00
2012/09/04;2.05;2.05;2.00;2.03;1549349;10878512.00
2012/09/05;2.04;2.09;2.02;2.06;1721042;12254651.00
2012/09/06;2.07;2.09;2.05;2.09;1856300;13330420.00
2012/09/07;2.10;2.21;2.09;2.18;4117700;30646492.00
2012/09/10;2.18;2.20;2.14;2.20;2895743;21619076.00
2012/09/11;2.20;2.20;2.15;2.17;1766762;13191236.00
2012/09/12;2.20;2.20;2.11;2.15;2439693;18072814.00
2012/09/13;2.17;2.17;2.11;2.12;2473708;18257360.00
2012/09/14;2.13;2.15;2.09;2.15;1809993;13272411.00
2012/09/17;2.15;2.15;2.06;2.06;1458980;10552224.00
2012/09/18;2.05;2.07;2.03;2.05;1209113;8576546.00
2012/09/19;2.06;2.07;2.03;2.06;1290425;9171881.00
2012/09/20;2.06;2.06;1.95;1.95;1831275;12673324.00
2012/09/21;1.95;1.96;1.91;1.92;1202455;8148020.50
2012/09/24;1.92;1.95;1.87;1.92;921324;6139642.00
2012/09/25;1.90;1.95;1.90;1.94;828648;5593774.00
2012/09/26;1.95;1.95;1.88;1.88;674792;4492948.00
2012/09/27;1.90;1.97;1.87;1.95;1476610;9947522.00
2012/09/28;2.00;2.16;1.98;2.16;4056009;29945522.00
2012/10/08;2.29;2.41;2.29;2.41;7958750;64449396.00
2012/10/09;2.67;2.67;2.67;2.67;2624387;23698214.00
2012/10/10;2.96;2.96;2.96;2.96;3299508;32764114.00
2012/10/11;3.17;3.28;3.09;3.19;45305460;479963840.00
2012/10/12;3.02;3.07;2.87;2.91;26002964;259371136.00
2012/10/15;2.89;2.97;2.81;2.86;19844320;192050944.00
2012/10/16;2.84;2.89;2.74;2.85;18800434;178368000.00
2012/10/17;2.82;2.93;2.79;2.83;19962858;192076720.00
2012/10/18;2.85;3.12;2.83;2.99;30681725;305059136.00
2012/10/19;2.94;2.95;2.66;2.67;23945507;222809200.00
2012/10/22;2.61;2.70;2.59;2.67;11906247;106729072.00
2012/10/23;2.66;2.84;2.66;2.70;15599757;144326256.00
2012/10/24;2.60;2.69;2.60;2.65;8710713;77501184.00
2012/10/25;2.65;2.68;2.55;2.58;8235545;72401000.00
2012/10/26;2.58;2.61;2.47;2.49;7546153;65055456.00
2012/10/29;2.52;2.59;2.50;2.57;6522940;56412220.00
2012/10/30;2.56;2.70;2.55;2.63;13478024;120288416.00
2012/10/31;2.56;2.77;2.51;2.73;15244495;136571008.00
2012/11/01;2.71;2.76;2.67;2.69;12298389;112451064.00
2012/11/02;2.64;2.72;2.53;2.59;11667784;103430496.00
2012/11/05;2.56;2.68;2.56;2.60;7795033;69162704.00
2012/11/06;2.56;2.57;2.35;2.38;12278421;101129136.00
2012/11/07;2.40;2.40;2.35;2.38;4849358;39361776.00
2012/11/08;2.37;2.41;2.33;2.37;5461588;44315168.00
2012/11/09;2.37;2.37;2.32;2.35;3929454;31522632.00
2012/11/12;2.35;2.37;2.32;2.37;3525343;28329120.00
2012/11/13;2.38;2.38;2.18;2.19;6293509;48770044.00
2012/11/14;2.19;2.25;2.17;2.23;3587689;27252360.00
2012/11/15;2.21;2.22;2.12;2.14;2720764;20375990.00
2012/11/16;2.13;2.19;2.13;2.16;2891636;21485418.00
2012/11/19;2.16;2.22;2.15;2.20;2476723;18581522.00
2012/11/20;2.20;2.22;2.14;2.16;3543945;26462962.00
2012/11/21;2.16;2.18;2.05;2.16;3687283;26975652.00
2012/11/22;2.15;2.15;2.10;2.12;2062408;15100146.00
2012/11/23;2.12;2.15;2.10;2.10;3425498;25091786.00
2012/11/26;2.10;2.15;2.05;2.15;4517422;32854264.00
2012/11/27;2.11;2.13;1.97;2.07;4467538;31737680.00
2012/11/28;2.06;2.23;2.03;2.20;12416531;92019568.00
2012/11/29;2.11;2.22;2.11;2.15;8009774;59848460.00
2012/11/30;2.15;2.22;2.12;2.22;7359797;55387700.00
2012/12/03;2.22;2.23;1.98;1.99;6832433;49864692.00
2012/12/04;1.95;2.11;1.90;2.09;6463939;45024276.00
2012/12/05;2.05;2.21;2.02;2.15;8661514;63902104.00
2012/12/06;2.15;2.19;2.12;2.15;4453578;33024304.00
2012/12/07;2.15;2.26;2.10;2.24;10249086;77555560.00
2012/12/10;2.23;2.35;2.21;2.34;11736679;92689880.00
2012/12/11;2.32;2.48;2.26;2.32;13657025;110499352.00
2012/12/12;2.29;2.32;2.20;2.28;7293897;56628676.00
2012/12/13;2.27;2.43;2.26;2.35;13763584;111184024.00
2012/12/14;2.32;2.46;2.28;2.44;13671485;111833816.00
2012/12/17;2.45;2.45;2.38;2.41;7698807;63110784.00
2012/12/18;2.43;2.43;2.31;2.33;7149690;57799408.00
2012/12/19;2.33;2.37;2.32;2.34;4640390;37299456.00
2012/12/20;2.32;2.32;2.23;2.30;5817503;45543972.00
2012/12/21;2.30;2.33;2.26;2.31;4935910;38875992.00
2012/12/24;2.30;2.42;2.29;2.41;9384954;76423488.00
2012/12/25;2.40;2.47;2.39;2.44;9533903;79000760.00
2012/12/26;2.44;2.48;2.41;2.46;7843421;65166396.00
2012/12/27;2.44;2.46;2.35;2.35;6679432;54753836.00
2012/12/28;2.36;2.39;2.34;2.38;4414460;35710036.00
2012/12/31;2.38;2.40;2.36;2.37;3409598;27682938.00
2013/01/04;2.39;2.40;2.34;2.37;3579576;28871102.00
2013/01/07;2.36;2.46;2.34;2.45;7571851;62505500.00
2013/01/08;2.46;2.48;2.40;2.44;7148180;59401812.00
2013/01/09;2.44;2.54;2.42;2.47;9624851;81504776.00
2013/01/10;2.45;2.49;2.43;2.45;5616966;46914128.00
2013/01/11;2.46;2.46;2.32;2.32;6261338;51032620.00
2013/01/14;2.31;2.40;2.30;2.39;5293430;42711988.00
2013/01/15;2.39;2.66;2.38;2.66;11900068;104432120.00
2013/01/16;2.77;2.95;2.76;2.86;30344738;295143008.00
2013/01/17;2.82;2.83;2.67;2.72;17551949;162116144.00
2013/01/18;2.69;2.76;2.66;2.71;9881875;90449448.00
2013/01/21;2.69;2.72;2.62;2.67;8794917;79196704.00
2013/01/22;2.67;2.71;2.57;2.60;7858361;70664560.00
2013/01/23;2.58;2.66;2.54;2.65;6901225;60973444.00
2013/01/24;2.63;2.68;2.47;2.51;7906091;69097136.00
2013/01/25;2.50;2.52;2.47;2.51;3349853;28352752.00
2013/01/28;2.51;2.62;2.50;2.59;4714433;41075768.00
2013/01/29;2.59;2.63;2.58;2.63;4309559;38052360.00
2013/01/30;2.64;2.65;2.57;2.60;4100693;36055812.00
2013/01/31;2.62;2.63;2.57;2.62;4219401;37281164.00
2013/02/01;2.63;2.63;2.54;2.60;3863786;33825248.00
2013/02/04;2.60;2.61;2.51;2.52;4558475;39462436.00
2013/02/05;2.49;2.63;2.47;2.58;4325538;37806308.00
2013/02/06;2.59;2.62;2.55;2.55;2136496;18638954.00
2013/02/07;2.55;2.58;2.53;2.56;2175821;18900088.00
2013/02/08;2.69;2.78;2.60;2.61;5342923;47943008.00
2013/02/18;2.59;2.72;2.59;2.68;7126972;64485688.00
2013/02/19;2.65;2.68;2.56;2.58;4304991;37984260.00
2013/02/20;2.57;2.62;2.53;2.62;3765346;32913136.00
2013/02/21;2.60;2.60;2.49;2.51;3407670;29380714.00
2013/02/22;2.51;2.54;2.50;2.50;1979616;16933896.00
2013/02/25;2.50;2.56;2.50;2.55;2220783;19148342.00
2013/02/26;2.55;2.56;2.48;2.49;2538499;21770380.00
2013/02/27;2.49;2.52;2.47;2.49;2303125;19564230.00
2013/02/28;2.49;2.55;2.49;2.55;2546112;21901866.00
2013/03/01;2.55;2.58;2.54;2.58;3083345;26837920.00
2013/03/04;2.57;2.57;2.44;2.45;3153985;26850836.00
2013/03/05;2.42;2.51;2.42;2.50;1706155;14443338.00
2013/03/06;2.50;2.57;2.50;2.57;3627751;31352570.00
2013/03/07;2.57;2.62;2.53;2.55;3818083;33413928.00
2013/03/08;2.55;2.69;2.53;2.64;7816519;69581952.00
2013/03/11;2.65;2.68;2.59;2.64;4945277;44054720.00
2013/03/12;2.60;2.66;2.47;2.57;5558970;48688912.00
2013/03/13;2.57;2.57;2.45;2.48;2949046;25001734.00
2013/03/14;2.47;2.51;2.45;2.47;1534119;12930010.00
2013/03/15;2.46;2.48;2.39;2.42;2972641;24669530.00
2013/03/18;2.41;2.45;2.36;2.38;1664158;13663927.00
2013/03/19;2.38;2.41;2.34;2.39;1471299;11932862.00
2013/03/20;2.40;2.46;2.38;2.46;2456801;20299488.00
2013/03/21;2.46;2.51;2.44;2.46;2503773;21021562.00
2013/03/22;2.44;2.46;2.43;2.45;2047886;17067840.00
2013/03/25;2.46;2.50;2.45;2.48;2315448;19543894.00
2013/03/26;2.47;2.55;2.38;2.52;4830816;40778620.00
2013/03/27;2.52;2.58;2.47;2.51;3869679;33281030.00
2013/03/28;2.50;2.50;2.37;2.37;2797902;22898536.00
2013/03/29;2.37;2.40;2.35;2.36;1241149;10061384.00
2013/04/01;2.36;2.39;2.35;2.37;985268;7965296.50
2013/04/02;2.37;2.40;2.27;2.27;1587672;12717390.00
2013/04/03;2.31;2.31;2.17;2.18;2462127;18779038.00
2013/04/08;2.17;2.22;2.10;2.22;1486419;11061291.00
2013/04/09;2.22;2.25;2.22;2.23;967687;7428716.50
2013/04/10;2.23;2.26;2.21;2.23;1204776;9247342.00
2013/04/11;2.26;2.26;2.20;2.21;1040768;7976385.00
2013/04/12;2.20;2.23;2.15;2.17;778171;5891843.00
2013/04/15;2.18;2.25;2.18;2.19;1640464;12521606.00
2013/04/16;2.14;2.22;2.12;2.22;1097064;8230303.00
2013/04/17;2.20;2.24;2.19;2.24;984120;7508496.00
2013/04/18;2.21;2.25;2.20;2.23;1297927;9958964.00
2013/04/19;2.23;2.28;2.22;2.28;1736063;13480810.00
2013/04/22;2.26;2.28;2.25;2.28;1515784;11776429.00
2013/04/23;2.28;2.28;2.15;2.15;1709844;12925577.00
2013/04/24;2.16;2.21;2.15;2.19;1310893;9812994.00
2013/04/25;2.19;2.21;2.15;2.15;1275336;9552836.00
2013/04/26;2.15;2.16;2.02;2.04;2286623;16416361.00
2013/05/02;2.05;2.08;2.02;2.06;735210;5238226.50
2013/05/03;2.07;2.14;2.07;2.12;866438;6323011.00
2013/05/06;2.12;2.15;2.11;2.14;1537115;11313860.00
2013/05/07;2.14;2.15;2.11;2.14;1032753;7595309.50
2013/05/08;2.14;2.18;2.13;2.16;1420050;10526072.00
2013/05/09;2.17;2.17;2.12;2.14;1321742;9752295.00
2013/05/10;2.14;2.19;2.13;2.18;1875251;14008055.00
2013/05/13;2.19;2.22;2.17;2.22;2180451;16483218.00
2013/05/14;2.22;2.22;2.15;2.18;1345709;10082663.00
2013/05/15;2.18;2.20;2.16;2.20;1090817;8199987.50
2013/05/16;2.20;2.23;2.18;2.22;2005133;15221245.00
2013/05/17;2.22;2.25;2.21;2.24;2223083;17022064.00
2013/05/20;2.24;2.28;2.23;2.27;2520850;19565396.00
2013/05/21;2.25;2.32;2.25;2.31;3166437;24912292.00
2013/05/22;2.31;2.32;2.26;2.29;2890988;22700562.00
2013/05/23;2.28;2.42;2.25;2.40;6873856;55444608.00
2013/05/24;2.35;2.41;2.34;2.39;4977809;40443388.00
2013/05/27;2.38;2.38;2.33;2.35;3820079;30699280.00
2013/05/28;2.34;2.35;2.28;2.32;2489839;19738054.00
2013/05/29;2.33;2.36;2.31;2.35;2005111;16098714.00
2013/05/30;2.35;2.39;2.32;2.36;2712226;21857614.00
2013/05/31;2.36;2.37;2.29;2.29;2379144;18999638.00
2013/06/03;2.30;2.31;2.27;2.28;2044140;16046015.00
2013/06/04;2.29;2.29;2.21;2.22;1915825;14735153.00
2013/06/05;2.21;2.25;2.21;2.24;858307;6576208.50
2013/06/06;2.24;2.24;2.15;2.15;1514817;11399534.00
2013/06/07;2.15;2.17;2.10;2.10;1536411;11282934.00
2013/06/13;2.09;2.09;2.02;2.05;1128198;7984503.00
2013/06/14;2.05;2.09;2.05;2.08;1102496;7916772.00
2013/06/17;2.09;2.11;2.07;2.11;1058238;7665880.50
2013/06/18;2.11;2.13;2.08;2.09;782737;5681867.00
2013/06/19;2.08;2.19;2.02;2.18;2128668;15603999.00
2013/06/20;2.14;2.25;2.13;2.13;2765460;20765474.00
2013/06/21;2.06;2.11;2.03;2.06;1418886;10174339.00
2013/06/24;2.05;2.06;1.89;1.92;2468646;17073698.00
2013/06/25;1.92;1.98;1.72;1.90;1896702;12367394.00
2013/06/26;1.90;1.92;1.85;1.91;788434;5218928.00
2013/06/27;1.91;1.94;1.85;1.85;968614;6427193.00
2013/06/28;1.81;1.92;1.81;1.86;780830;5104873.00
2013/07/01;1.86;1.89;1.83;1.88;617436;4034693.50
2013/07/02;1.88;1.91;1.87;1.91;815160;5394765.00
2013/07/03;1.91;1.95;1.85;1.94;1326742;8821740.00
2013/07/04;1.91;1.96;1.89;1.94;1236590;8305766.00
2013/07/05;1.91;1.95;1.90;1.92;978749;6571481.00
2013/07/08;1.90;1.90;1.78;1.78;1106932;7098739.50
2013/07/09;1.81;1.82;1.77;1.79;515388;3254559.75
2013/07/10;1.80;1.85;1.78;1.85;631397;4044163.75
2013/07/11;1.85;1.94;1.84;1.92;1380450;9148971.00
2013/07/12;1.92;1.94;1.89;1.90;1035898;6817422.50
2013/07/15;1.91;1.95;1.90;1.94;919898;6116504.50
2013/07/16;1.93;1.98;1.92;1.98;1265985;8515626.00
2013/07/17;1.97;2.00;1.92;1.93;1038614;6977855.00
2013/07/18;1.94;1.94;1.89;1.91;853582;5621449.00
2013/07/19;1.90;2.08;1.89;1.97;2871741;19543604.00
2013/07/22;1.95;2.04;1.90;2.02;2607650;17701988.00
2013/07/23;2.01;2.05;1.99;2.03;2150663;14871386.00
2013/07/24;2.03;2.03;1.97;2.00;1502999;10299429.00
2013/07/25;2.00;2.03;1.93;1.94;1501876;10102321.00
2013/07/26;1.94;2.05;1.92;1.99;2176882;14845078.00
2013/07/29;1.96;1.96;1.89;1.89;1425953;9417281.00
2013/07/30;1.91;1.96;1.86;1.96;1636197;10817971.00
2013/07/31;1.96;2.03;1.95;2.01;2790261;19039728.00
2013/08/01;1.99;2.03;1.97;2.02;2105221;14484590.00
2013/08/02;2.03;2.04;1.99;1.99;1761277;12114986.00
2013/08/05;1.99;2.02;1.97;2.02;1279655;8789065.00
2013/08/06;2.01;2.08;2.00;2.05;2401209;16785126.00
2013/08/07;2.05;2.05;2.00;2.01;1470830;10175080.00
2013/08/08;2.02;2.03;2.00;2.03;1015165;7010030.00
2013/08/09;2.02;2.06;2.01;2.06;2489722;17375754.00
2013/08/12;2.07;2.09;2.05;2.08;2389109;16915020.00
2013/08/13;2.09;2.12;2.07;2.09;1661399;11851217.00
2013/08/14;2.09;2.10;2.05;2.06;1875089;13271231.00
2013/08/15;2.06;2.17;2.04;2.14;4912730;35286176.00
2013/08/16;2.11;2.20;2.08;2.18;5733275;42060028.00
2013/08/19;2.15;2.39;2.15;2.26;9456583;73122928.00
2013/08/20;2.24;2.24;2.18;2.19;4753812;35552540.00
2013/08/21;2.19;2.20;2.13;2.16;3028597;22182410.00
2013/08/22;2.15;2.17;2.13;2.14;2245062;16431613.00
2013/08/23;2.14;2.16;2.07;2.09;2520270;18116954.00
2013/08/26;2.10;2.14;2.08;2.13;2613907;18772828.00
2013/08/27;2.13;2.15;2.10;2.14;2129789;15483351.00
2013/08/28;2.14;2.14;2.09;2.11;2432228;17519466.00
2013/08/29;2.11;2.13;2.09;2.11;1587843;11379424.00
2013/08/30;2.11;2.13;2.04;2.05;2151391;15323420.00
2013/09/02;2.05;2.09;2.04;2.09;1318284;9330090.00
2013/09/03;2.08;2.12;2.07;2.12;1502971;10794737.00
2013/09/04;2.13;2.13;2.10;2.11;1047592;7549274.50
2013/09/05;2.11;2.14;2.10;2.11;1280494;9229351.00
2013/09/06;2.11;2.13;2.08;2.11;1578995;11333886.00
2013/09/09;2.12;2.14;2.11;2.13;1954242;14142911.00
2013/09/10;2.14;2.15;2.12;2.14;1753334;12727529.00
2013/09/11;2.15;2.16;2.13;2.16;3847233;28126440.00
2013/09/12;2.17;2.22;2.15;2.15;2624263;19429294.00
2013/09/13;2.15;2.21;2.13;2.14;1885492;13839387.00
2013/09/16;2.14;2.16;2.12;2.14;1316896;9613612.00
2013/09/17;2.15;2.15;2.09;2.10;1462990;10532889.00
2013/09/18;2.10;2.11;2.07;2.10;977823;6975720.00
2013/09/23;2.10;2.19;2.10;2.19;3354963;24370368.00
2013/09/24;2.22;2.24;2.14;2.16;3859126;28684982.00
2013/09/25;2.15;2.17;2.12;2.14;2323527;17000626.00
2013/09/26;2.14;2.14;2.05;2.10;2126061;15211148.00
2013/09/27;2.11;2.11;2.07;2.07;1215530;8666734.00
2013/09/30;2.07;2.10;2.07;2.10;670570;4777051.50
2013/10/08;2.09;2.13;2.09;2.12;935824;6730124.00
2013/10/09;2.13;2.14;2.08;2.13;1093955;7897302.50
2013/10/10;2.13;2.16;2.12;2.15;1899564;13851250.00
2013/10/11;2.15;2.16;2.14;2.16;1737408;12732296.00
2013/10/14;2.15;2.17;2.15;2.17;1881827;13835241.00
2013/10/15;2.17;2.17;2.13;2.15;1710025;12477558.00
2013/10/16;2.15;2.15;2.08;2.11;1732469;12429777.00
2013/10/17;2.11;2.14;2.10;2.10;1248641;9013600.00
2013/10/18;2.11;2.13;2.11;2.12;1022927;7396561.50
2013/10/21;2.12;2.20;2.11;2.17;3321646;24417634.00
2013/10/22;2.17;2.21;2.16;2.18;2811793;20842546.00
2013/10/23;2.18;2.21;2.12;2.14;2245960;16560524.00
2013/10/24;2.14;2.14;2.10;2.11;1197136;8622340.00
2013/10/25;2.12;2.13;2.04;2.05;1426596;10138466.00
2013/10/28;2.05;2.07;1.96;1.99;1099411;7596736.00
2013/10/29;1.99;2.02;1.85;1.93;1498055;9963454.00
2013/10/30;1.93;1.98;1.91;1.97;851130;5692278.50
2013/10/31;1.96;2.19;1.95;2.19;7399023;54539824.00
2013/11/01;2.19;2.20;2.05;2.10;5848115;42262372.00
2013/11/04;2.06;2.18;2.06;2.14;3670059;26660246.00
2013/11/05;2.11;2.16;2.08;2.15;3014300;21866756.00
2013/11/06;2.16;2.19;2.12;2.13;4021059;29470046.00
2013/11/07;2.09;2.12;2.02;2.02;3035000;21349782.00
2013/11/08;2.00;2.20;2.00;2.18;6955307;50597608.00
2013/11/11;2.18;2.23;2.15;2.22;6752005;50414140.00
2013/11/12;2.21;2.30;2.17;2.21;5646188;42642720.00
2013/11/13;2.21;2.27;2.16;2.17;5274734;39735152.00
2013/11/14;2.14;2.28;2.10;2.28;5402291;40239320.00
2013/11/15;2.29;2.35;2.25;2.30;6623648;51715928.00
2013/11/18;2.31;2.34;2.26;2.30;5607427;43586424.00
2013/11/19;2.30;2.32;2.23;2.28;4573794;35113676.00
2013/11/20;2.30;2.35;2.25;2.32;4805118;37617160.00
2013/11/21;2.31;2.31;2.23;2.25;3950818;30220016.00
2013/11/22;2.25;2.27;2.23;2.25;2449888;18675744.00
2013/11/25;2.25;2.30;2.23;2.24;2521343;19383210.00
2013/11/26;2.24;2.27;2.22;2.27;2343622;17878984.00
2013/11/27;2.28;2.28;2.23;2.26;2455855;18727014.00
2013/11/28;2.26;2.32;2.25;2.27;2949569;22830750.00
2013/11/29;2.26;2.30;2.25;2.27;2521085;19429968.00
2013/12/02;2.24;2.24;2.03;2.05;4938261;35675228.00
2013/12/03;2.05;2.12;2.04;2.11;2270091;16096144.00
2013/12/04;2.10;2.15;2.09;2.12;2507913;18199758.00
2013/12/05;2.12;2.19;2.11;2.16;2606454;19095736.00
2013/12/06;2.15;2.17;2.14;2.17;1809851;13260131.00
2013/12/09;2.16;2.18;2.16;2.16;1584011;11670340.00
2013/12/10;2.17;2.20;2.16;2.18;2043622;15164328.00
2013/12/11;2.18;2.18;2.10;2.11;1707015;12354573.00
2013/12/12;2.10;2.19;2.10;2.18;1989952;14587020.00
2013/12/13;2.17;2.27;2.16;2.20;3094906;23274866.00
2013/12/16;2.19;2.23;2.15;2.16;1901949;14129846.00
2013/12/17;2.15;2.26;2.15;2.21;2574759;19313518.00
2013/12/18;2.19;2.30;2.17;2.28;5677408;43329928.00
2013/12/19;2.27;2.29;2.22;2.24;2774565;21151502.00
2013/12/20;2.24;2.26;2.09;2.12;2779565;20627438.00
2013/12/23;2.14;2.15;2.09;2.10;1608844;11593475.00
2013/12/24;2.11;2.14;2.05;2.10;1617455;11592000.00
2013/12/25;2.10;2.14;2.09;2.13;1283108;9237599.00
2013/12/26;2.13;2.15;2.09;2.10;1569683;11356646.00
2013/12/27;2.08;2.15;2.08;2.13;1367315;9901424.00
2013/12/30;2.14;2.21;2.13;2.19;2027264;14957407.00
2013/12/31;2.18;2.21;2.16;2.19;1635494;12126124.00
2014/01/02;2.21;2.21;2.17;2.21;1804398;13438790.00
2014/01/03;2.20;2.21;2.12;2.18;1707544;12650816.00
2014/01/06;2.15;2.17;2.10;2.12;1175696;8513630.00
2014/01/07;2.10;2.19;2.08;2.17;1346309;9814723.00
2014/01/08;2.16;2.20;2.12;2.18;1617643;11904244.00
2014/01/09;2.21;2.21;2.11;2.11;1870961;13751152.00
2014/01/10;2.08;2.09;2.00;2.01;1992291;13903551.00
2014/01/13;2.03;2.11;2.02;2.05;1366453;9623563.00
2014/01/14;2.05;2.12;2.05;2.11;1400425;9957877.00
2014/01/15;2.11;2.12;2.07;2.10;1181887;8438362.00
2014/01/16;2.13;2.13;2.09;2.10;1004524;7214087.50
2014/01/17;2.11;2.20;2.06;2.15;2894051;21113132.00
2014/01/20;2.16;2.16;2.07;2.08;1634808;11746395.00
2014/01/21;2.08;2.15;2.08;2.13;1375974;9968088.00
2014/01/22;2.16;2.19;2.13;2.18;2102951;15482592.00
2014/01/23;2.17;2.20;2.16;2.17;1881249;13956260.00
2014/01/24;2.18;2.20;2.16;2.19;2397254;17784720.00
2014/01/27;2.18;2.23;2.16;2.20;2437094;18197526.00
2014/01/28;2.20;2.24;2.17;2.18;1478963;11033241.00
2014/01/29;2.16;2.17;2.12;2.15;2101180;15350620.00
2014/01/30;2.15;2.15;2.09;2.10;1807540;12988979.00
2014/02/07;2.08;2.16;2.08;2.15;1061442;7702478.50
2014/02/10;2.15;2.23;2.15;2.22;3235692;24200702.00
2014/02/11;2.23;2.26;2.19;2.24;3707457;28077048.00
2014/02/12;2.24;2.32;2.22;2.30;5112849;39479740.00
2014/02/13;2.30;2.33;2.26;2.27;4469240;34730852.00
2014/02/14;2.26;2.44;2.26;2.44;7416595;59665536.00
2014/02/17;2.47;2.53;2.41;2.45;7221516;59770892.00
2014/02/18;2.43;2.58;2.40;2.53;7984605;67139840.00
2014/02/19;2.50;2.53;2.43;2.45;4960454;41359824.00
2014/02/20;2.45;2.46;2.36;2.41;4248164;34388476.00
2014/02/21;2.40;2.44;2.39;2.43;2075461;16882338.00
2014/02/24;2.42;2.42;2.34;2.40;3485499;27957460.00
2014/02/25;2.39;2.46;2.28;2.29;4611585;37102180.00
2014/02/26;2.29;2.32;2.24;2.32;2376571;18422708.00
2014/02/27;2.30;2.39;2.24;2.26;2939487;23085436.00
2014/02/28;2.26;2.33;2.23;2.32;1774659;13674169.00
2014/03/03;2.32;2.37;2.31;2.36;2463008;19487374.00
2014/03/04;2.36;2.43;2.34;2.39;3611905;29080322.00
2014/03/05;2.39;2.41;2.35;2.35;2110164;16862808.00
2014/03/06;2.33;2.35;2.26;2.31;2969432;23087276.00
2014/03/07;2.29;2.32;2.27;2.29;1907007;14832703.00
2014/03/10;2.29;2.29;2.18;2.18;2421439;18320396.00
2014/03/11;2.20;2.24;2.18;2.24;2029832;15240383.00
2014/03/12;2.22;2.28;2.20;2.28;2248557;17154534.00
2014/03/13;2.26;2.30;2.26;2.28;1874014;14457695.00
2014/03/14;2.26;2.30;2.25;2.29;1427354;11005271.00
2014/03/17;2.29;2.33;2.28;2.33;1973965;15399907.00
2014/03/18;2.32;2.34;2.30;2.31;1775214;13902705.00
2014/03/19;2.31;2.38;2.29;2.35;3099184;24602588.00
2014/03/20;2.34;2.40;2.28;2.29;2916673;23187008.00
2014/03/21;2.29;2.37;2.26;2.37;2494203;19645358.00
2014/03/24;2.37;2.41;2.36;2.40;2835414;22831026.00
2014/03/25;2.38;2.41;2.36;2.37;1713191;13768751.00
2014/03/26;2.37;2.39;2.35;2.39;1644980;13144909.00
2014/03/27;2.39;2.41;2.32;2.34;1753943;14009124.00
2014/03/28;2.31;2.34;2.24;2.25;2015306;15606981.00
2014/03/31;2.24;2.26;2.20;2.21;1661727;12507054.00
2014/04/01;2.27;2.31;2.23;2.30;1658705;12775478.00
2014/04/02;2.29;2.32;2.28;2.28;1158883;8996675.00
2014/04/03;2.28;2.31;2.28;2.30;993586;7720486.50
2014/04/04;2.28;2.35;2.27;2.34;1290421;10104772.00
2014/04/08;2.33;2.35;2.31;2.35;1604740;12703137.00
2014/04/09;2.35;2.38;2.34;2.36;1880337;15002409.00
2014/04/10;2.36;2.39;2.34;2.34;1746633;13918230.00
2014/04/11;2.34;2.36;2.30;2.35;1562356;12263204.00
2014/04/14;2.36;2.38;2.32;2.38;1472217;11704633.00
2014/04/15;2.37;2.39;2.35;2.35;1237273;9871067.00
2014/04/16;2.34;2.38;2.34;2.36;1338991;10672120.00
2014/04/17;2.35;2.42;2.35;2.40;2608557;21047606.00
2014/04/18;2.39;2.41;2.38;2.41;1872563;15118215.00
2014/04/21;2.39;2.45;2.37;2.37;3688501;30003240.00
2014/04/22;2.34;2.40;2.26;2.31;2877653;22653966.00
2014/04/23;2.30;2.34;2.28;2.31;1190556;9313411.00
2014/04/24;2.31;2.35;2.30;2.33;1229059;9649538.00
2014/04/25;2.33;2.33;2.23;2.24;1933751;14836311.00
2014/04/28;2.23;2.23;2.10;2.10;1868723;13621304.00
2014/04/29;2.12;2.14;2.10;2.14;980572;7100141.00
2014/04/30;2.14;2.17;2.12;2.17;788510;5774658.50
2014/05/05;2.16;2.19;2.14;2.18;793588;5818263.50
2014/05/06;2.17;2.21;2.17;2.19;809750;6021708.50
2014/05/07;2.18;2.21;2.13;2.13;1185774;8763708.00
2014/05/08;2.13;2.19;2.13;2.15;721276;5309210.00
2014/05/09;2.14;2.18;2.11;2.15;782506;5680663.50
2014/05/12;2.15;2.23;2.15;2.23;1326894;9907896.00
2014/05/13;2.21;2.25;2.21;2.23;1164159;8821624.00
2014/05/14;2.23;2.24;2.21;2.22;574852;4346680.50
2014/05/15;2.22;2.23;2.15;2.15;906525;6740099.50
2014/05/16;2.15;2.18;2.14;2.17;632763;4647565.00
2014/05/19;2.17;2.18;2.13;2.17;514306;3766532.50
2014/05/20;2.17;2.21;2.16;2.16;530910;3938894.50
2014/05/21;2.16;2.20;2.12;2.19;604184;4442946.50
2014/05/22;2.18;2.23;2.17;2.20;1219324;9140712.00
2014/05/23;2.22;2.22;2.20;2.22;530015;3978297.00
2014/05/26;2.23;2.24;2.21;2.23;733429;5536298.50
2014/05/27;2.22;2.25;2.22;2.23;752159;5698290.00
2014/05/28;2.24;2.25;2.19;2.25;1059563;8010605.50
2014/05/29;2.25;2.26;2.21;2.22;735361;5562581.00
2014/05/30;2.20;2.29;2.20;2.26;1302800;9959319.00
2014/06/03;2.26;2.35;2.25;2.31;2773332;21714680.00
2014/06/04;2.31;2.32;2.27;2.29;1323318;10249309.00
2014/06/05;2.28;2.33;2.26;2.33;1202399;9334120.00
2014/06/06;2.31;2.36;2.30;2.32;1737589;13686664.00
2014/06/09;2.31;2.35;2.28;2.29;1038014;8109323.50
2014/06/10;2.28;2.36;2.28;2.35;2122195;16778968.00
2014/06/11;2.34;2.36;2.34;2.36;1240182;9854973.00
2014/06/12;2.35;2.37;2.33;2.33;1075336;8535323.00
2014/06/13;2.33;2.38;2.31;2.37;1929458;15312812.00
2014/06/16;2.37;2.40;2.35;2.36;1504051;12006081.00
2014/06/17;2.36;2.36;2.30;2.32;1445340;11346409.00
2014/06/18;2.32;2.38;2.31;2.37;2161923;17097486.00
2014/06/19;2.36;2.38;2.24;2.24;2229017;17436040.00
2014/06/20;2.21;2.30;2.21;2.29;1245223;9529683.00
2014/06/23;2.29;2.34;2.28;2.31;1747832;13475437.00
2014/06/24;2.32;2.36;2.31;2.35;1425154;11118625.00
2014/06/25;2.35;2.37;2.32;2.35;1100852;8591566.00
2014/06/26;2.35;2.41;2.35;2.38;2438487;19410582.00
2014/06/27;2.38;2.43;2.36;2.42;2523120;20293118.00
2014/06/30;2.43;2.44;2.41;2.43;2197194;17711106.00
2014/07/01;2.44;2.46;2.42;2.46;2626829;21359988.00
2014/07/02;2.46;2.48;2.44;2.47;2841227;23232374.00
2014/07/03;2.46;2.49;2.40;2.41;5717407;46404672.00
2014/07/04;2.42;2.56;2.42;2.49;5692248;47335476.00
2014/07/07;2.47;2.51;2.45;2.50;3190922;26263542.00
2014/07/08;2.49;2.50;2.46;2.49;1743753;14364076.00
2014/07/09;2.48;2.50;2.43;2.43;2718125;22290424.00
2014/07/10;2.45;2.56;2.43;2.54;4323704;35942680.00
2014/07/11;2.52;2.59;2.52;2.53;4326984;36685940.00
2014/10/31;2.80;2.80;2.80;2.80;55682;513944.88
2014/11/03;3.10;3.10;3.10;3.10;51888;526663.19
2014/11/04;3.43;3.43;3.43;3.43;86662;968014.56
2014/11/05;3.79;3.79;3.79;3.79;200417;2463125.00
2014/11/06;4.18;4.18;4.18;4.18;338419;4575425.00
2014/11/07;4.62;4.62;4.62;4.62;1197777;17810944.00
2014/11/10;5.10;5.10;5.10;5.10;2936703;48044460.00
2014/11/11;5.63;5.63;5.47;5.63;27481798;492481184.00
2014/11/12;6.02;6.21;5.81;6.21;28603802;554083712.00
2014/11/17;6.21;6.26;5.89;6.18;17897617;348564992.00
2014/11/18;6.11;6.43;5.92;6.05;13187316;257154336.00
2014/11/19;6.03;6.27;5.95;6.13;11263326;219783600.00
2014/11/20;6.10;6.44;6.01;6.26;11369324;226877056.00
2014/11/21;6.15;6.39;6.11;6.22;7500551;149435856.00
2014/11/24;6.26;6.26;5.95;6.16;13441588;260327280.00
2014/11/25;6.14;6.48;6.06;6.34;12325089;246336112.00
2014/11/26;6.26;6.33;6.05;6.10;9744785;191518896.00
2014/11/27;6.11;6.20;6.03;6.05;7560090;146811456.00
2014/11/28;6.04;6.06;5.69;5.79;9685370;182418432.00
2014/12/01;5.76;5.76;5.47;5.63;10859666;194749568.00
2014/12/02;5.64;6.21;5.60;6.21;13265834;252729600.00
2014/12/03;6.15;6.42;6.09;6.21;11181561;223154016.00
2014/12/04;6.22;6.34;6.10;6.31;6355436;126227752.00
2014/12/05;6.32;6.57;5.66;6.40;10404534;208429440.00
2014/12/08;6.40;6.40;5.95;6.19;7752595;151654944.00
2014/12/09;6.05;6.17;5.63;5.74;6322391;119570696.00
2014/12/10;5.63;6.02;5.63;5.89;2057857;38706668.00
2014/12/11;5.95;6.00;5.79;6.00;2453200;46358344.00
2014/12/12;6.00;6.15;5.89;6.14;2602916;50033596.00
2014/12/15;5.99;6.32;5.98;6.29;5293063;104573568.00
2014/12/16;6.27;6.47;6.18;6.31;5543740;111326416.00
2014/12/17;6.34;6.34;5.95;6.21;4144921;80565608.00
2014/12/18;6.19;6.32;6.09;6.13;3953382;78468848.00
2014/12/19;6.13;6.15;5.89;6.03;2930704;56158604.00
2014/12/22;6.02;6.02;5.41;5.41;5725969;100937776.00
2014/12/23;5.29;5.29;4.87;5.15;4410858;70930200.00
2014/12/24;5.06;5.54;5.01;5.52;3487761;59538688.00
2014/12/25;5.52;5.71;5.43;5.61;1275967;22825764.00
2014/12/26;5.47;5.78;5.47;5.66;2477446;45090804.00
2014/12/29;5.73;5.78;5.47;5.49;1702993;30266560.00
2014/12/30;5.37;5.47;5.22;5.39;3382784;57629376.00
2014/12/31;5.36;5.80;5.16;5.64;4742702;81813200.00
2015/01/05;5.63;5.65;5.37;5.63;1711929;30263320.00
2015/01/06;5.55;5.82;5.48;5.76;1925097;35088960.00
2015/01/07;5.88;6.18;5.79;5.87;2151862;41106128.00
2015/01/08;5.73;6.02;5.71;5.90;2202162;41412068.00
2015/01/09;5.89;5.89;5.73;5.84;1347593;24881062.00
2015/01/12;5.82;5.82;5.50;5.63;1119678;20245250.00
2015/01/13;5.61;6.21;5.61;6.21;5926287;115021880.00
2015/01/14;6.34;6.39;6.05;6.20;3016796;59798224.00
2015/01/15;6.19;6.41;6.11;6.21;1993481;39701948.00
2015/01/16;6.32;6.34;6.15;6.29;1663331;33131310.00
2015/01/19;6.08;6.46;5.97;6.33;4710114;94686848.00
2015/01/20;6.27;6.98;6.27;6.98;6243129;132659248.00
2015/01/21;7.05;7.70;6.98;7.42;6918227;162797040.00
2015/01/22;7.47;7.85;7.24;7.63;4233823;100826832.00
2015/01/23;7.60;7.60;7.30;7.50;3469683;82052544.00
2015/01/26;7.48;7.56;7.25;7.42;2577782;60559332.00
2015/01/27;7.40;7.46;7.12;7.24;2043505;47083624.00
2015/01/28;7.26;7.49;7.15;7.32;2874421;66982820.00
2015/01/29;7.31;7.42;7.15;7.42;1739439;40395144.00
2015/01/30;7.45;7.80;7.22;7.40;2812609;67144800.00
2015/02/02;7.24;7.24;6.92;7.01;2003206;45081612.00
2015/02/03;7.04;7.17;7.02;7.05;1316312;29583482.00
2015/02/04;7.05;7.48;7.05;7.37;2342670;54440932.00
2015/02/05;7.37;7.43;7.19;7.21;941672;21704740.00
2015/02/06;7.22;7.31;6.91;7.02;1417075;31599368.00
2015/02/09;7.07;7.07;6.60;7.02;1687344;36305368.00
2015/02/10;6.97;6.97;6.73;6.79;1213411;26332478.00
2015/02/11;6.68;7.08;6.68;7.05;973835;21575272.00
2015/02/12;7.02;7.56;7.02;7.46;2173724;50849360.00
2015/02/13;7.45;7.61;7.25;7.56;1841213;43920648.00
2015/02/16;7.49;7.69;7.40;7.60;1052750;25229498.00
2015/02/17;7.62;7.66;7.31;7.42;1389397;33071742.00
2015/02/25;7.42;7.63;7.17;7.42;2178183;51268124.00
2015/02/26;7.40;7.62;7.25;7.55;1990574;47083248.00
2015/02/27;7.54;7.95;7.53;7.85;2779291;68476504.00
2015/03/02;7.84;8.37;7.73;8.26;2831578;72935392.00
2015/03/03;8.15;8.34;7.99;8.05;1833644;46980552.00
2015/03/04;8.02;8.24;7.99;8.14;1458004;37413608.00
2015/03/05;8.08;8.08;7.82;7.92;1828397;45950864.00
2015/03/06;7.92;7.98;7.62;7.66;1522912;37344208.00
2015/03/09;7.65;7.80;7.48;7.69;2830839;68254544.00
2015/03/10;7.66;7.82;7.50;7.82;1469275;35866588.00
2015/03/11;7.85;7.85;7.65;7.80;1107026;27215292.00
2015/03/12;7.69;7.95;7.60;7.69;1234903;30412334.00
2015/03/13;7.77;8.30;7.73;8.10;1731082;44170812.00
2015/03/16;8.05;8.33;8.05;8.29;1363416;35535200.00
2015/03/17;8.27;8.32;8.12;8.27;1809715;47027560.00
2015/03/18;8.21;8.64;8.14;8.63;2292934;60835908.00
2015/03/19;8.56;8.63;8.36;8.47;1843560;49401900.00
2015/03/20;8.47;8.64;8.37;8.40;1453750;38930312.00
2015/03/23;8.46;8.68;8.34;8.65;2007790;53875772.00
2015/03/24;8.65;8.69;7.90;8.43;1922609;51267420.00
2015/03/25;8.40;8.55;8.11;8.53;3582198;93699400.00
2015/03/26;8.40;8.57;8.13;8.44;3026352;80534536.00
2015/03/27;8.33;9.30;8.29;9.30;3930241;110340952.00
2015/03/30;9.43;9.44;9.02;9.13;4050300;117874136.00
2015/03/31;9.07;9.92;9.05;9.19;3677532;109088032.00
2015/04/01;9.10;9.76;9.10;9.62;3896909;116452416.00
2015/04/02;9.53;10.60;9.53;10.60;4669637;150563904.00
2015/04/03;10.63;11.68;10.63;11.65;4643495;165457632.00
2015/04/07;11.95;11.97;11.17;11.59;4154473;150466880.00
2015/04/08;11.65;11.65;10.79;11.08;3899381;137174688.00
2015/04/09;11.11;12.17;10.63;11.99;4573116;163576320.00
2015/04/10;11.69;12.98;11.69;12.37;4538663;177261680.00
2015/04/13;12.37;12.73;12.15;12.50;3269051;127618168.00
2015/04/14;12.53;13.01;12.15;12.85;3629300;143883536.00
2015/04/15;12.87;12.98;11.84;12.24;4025912;154999776.00
2015/04/16;12.05;12.60;11.69;12.25;2985977;115382800.00
2015/04/17;12.40;12.98;12.36;12.72;3689968;147353136.00
2015/04/20;12.58;13.97;12.34;13.11;4681512;192264032.00
2015/04/21;13.11;13.89;13.11;13.85;4864395;207727104.00
2015/04/22;14.02;14.43;13.79;14.08;3845562;169763856.00
2015/04/30;15.31;15.31;13.33;14.55;6088294;275049824.00
2015/05/04;14.34;14.34;13.65;14.14;3742027;162860128.00
2015/05/05;14.24;14.24;12.71;13.15;3127142;130579696.00
2015/05/06;13.14;13.14;12.47;12.73;1997254;80247056.00
2015/05/07;12.11;12.69;11.44;11.56;3563438;132746880.00
2015/05/08;11.66;12.56;11.46;12.40;3062863;115510240.00
2015/05/11;12.50;13.26;12.50;13.07;3487580;141166448.00
2015/05/12;13.31;13.58;12.89;13.41;4085547;170011024.00
2015/05/13;13.41;13.53;13.02;13.18;4427680;183699280.00
2015/05/14;13.08;13.31;12.74;13.02;6748258;274994176.00
2015/05/15;12.85;13.21;12.40;13.21;5317663;214000400.00
2015/05/18;13.21;14.55;13.21;14.55;5926729;267803104.00
2015/05/19;14.94;15.63;14.55;15.05;6409948;302663936.00
2015/05/20;14.81;16.56;14.81;15.27;4547845;223952048.00
2015/05/21;15.29;16.07;15.27;15.79;3880074;190703872.00
2015/05/22;16.19;16.19;15.31;15.44;4877879;239218528.00
2015/05/25;15.31;16.55;15.15;15.96;5799816;290994464.00
2015/05/26;16.07;17.56;15.73;17.56;7705683;403657248.00
2015/05/27;17.56;19.02;17.08;19.02;7475682;431884000.00
2015/05/28;19.18;19.88;17.23;17.24;8204441;471802272.00
2015/05/29;17.56;17.89;15.79;16.98;5291160;286641344.00
2015/06/01;16.76;18.69;16.27;18.69;6301948;356658400.00
2015/06/02;19.02;19.92;18.95;19.88;7416120;450893120.00
2015/06/03;20.05;20.75;18.70;19.76;5682803;347139104.00
2015/06/04;19.98;20.40;18.54;19.94;4582701;278252096.00
2015/06/05;20.00;20.88;19.69;20.45;5499687;348816096.00
2015/06/08;20.08;20.08;18.86;19.75;4067744;248374464.00
2015/06/09;19.78;20.72;19.29;19.78;3391510;211552560.00
2015/06/10;19.78;20.15;19.28;20.08;4019187;248704768.00
2015/06/11;20.08;20.19;19.63;19.76;3210102;198946176.00
2015/06/12;19.76;19.98;18.85;19.43;5217074;315859968.00
2015/06/15;19.58;19.58;18.85;18.98;3174952;190554480.00
2015/06/16;18.85;19.49;18.55;19.44;4318430;259465216.00
2015/06/17;19.75;21.40;19.66;21.04;5956383;383283616.00
2015/06/18;21.04;22.72;21.02;21.85;5195751;359751424.00
2015/06/19;22.15;22.15;19.65;19.65;3503682;228936528.00
2015/06/23;19.35;20.65;17.67;19.40;6017688;357044736.00
2015/06/24;19.86;20.00;18.85;19.37;4531110;274872640.00
2015/06/25;19.53;19.75;17.83;18.47;4410213;262210864.00
2015/06/26;17.67;18.21;16.60;16.60;2878408;152913536.00
2015/11/20;16.27;18.28;16.27;18.28;26350354;1421773952.00
2015/11/23;18.50;19.05;16.76;17.17;18141701;1014477760.00
2015/11/24;16.75;18.07;15.91;17.43;9009442;481210112.00
2015/11/25;17.56;19.19;17.50;18.77;18554173;1091063040.00
2015/11/26;18.53;18.85;17.26;17.95;11738196;665373120.00
2015/11/27;18.37;18.39;16.16;16.50;8374265;453318080.00
2015/11/30;16.85;17.63;15.79;17.44;5772762;305375168.00
2015/12/01;17.02;18.08;16.93;17.06;4323177;237432160.00
2015/12/02;17.08;17.10;16.44;16.57;3255597;169968816.00
2015/12/03;16.73;17.24;16.60;17.24;3868998;205560672.00
2015/12/04;17.40;17.95;17.11;17.62;4752492;260319664.00
2015/12/07;17.66;18.53;17.24;18.07;4955280;278861664.00
2015/12/08;18.31;18.36;17.47;17.56;4380474;243498384.00
2015/12/09;17.24;17.56;16.74;16.92;4383330;233517040.00
2015/12/10;16.85;17.11;16.65;16.73;2356896;124447232.00
2015/12/11;16.69;16.88;16.12;16.33;3809642;195312624.00
2015/12/14;16.34;17.08;16.13;17.05;2415539;125690000.00
2015/12/15;16.92;17.89;16.92;17.71;3209016;175204992.00
2015/12/16;17.87;18.25;17.56;17.71;3309601;185402896.00
2015/12/17;17.85;18.21;17.77;18.10;3828384;216391136.00
2015/12/18;18.26;19.44;18.26;19.00;7362479;436944032.00
2015/12/21;19.06;19.95;19.06;19.56;5136676;315005760.00
2015/12/22;19.60;19.83;18.92;19.76;4127227;250593824.00
2015/12/23;21.75;21.75;21.75;21.75;1294314;87987464.00
2015/12/24;22.40;22.73;20.44;20.89;15478745;1043780480.00
2015/12/25;20.79;20.79;19.83;19.93;7588435;480837472.00
2015/12/28;20.14;20.51;19.63;19.73;6952945;436731552.00
2015/12/29;19.82;20.07;19.40;19.60;4447457;274140224.00
2015/12/30;19.83;19.98;19.05;19.66;4727455;288094752.00
2015/12/31;19.73;19.75;19.24;19.42;2642427;160464080.00
2016/01/04;19.69;20.06;17.56;17.61;5177788;315554848.00
2016/01/05;16.53;18.40;16.33;17.76;9681886;532219328.00
2016/01/06;17.76;18.29;17.57;18.03;7718559;432559040.00
2016/01/07;17.56;17.56;16.21;16.21;1983300;103813328.00
2016/01/08;16.74;16.85;14.66;15.82;9542000;477596416.00
2016/01/11;15.63;15.63;14.22;14.22;7585776;347340576.00
2016/01/12;13.85;14.11;12.79;12.92;7652003;317661984.00
2016/01/13;13.05;13.45;12.18;12.28;6198242;251300528.00
2016/01/14;11.75;12.98;11.49;12.98;5903214;228592176.00
2016/01/15;12.91;14.24;12.91;13.15;9368877;398950336.00
2016/01/18;13.05;14.34;12.90;13.84;13907150;607553664.00
2016/01/19;13.85;14.56;13.53;14.47;10984307;488281376.00
2016/01/20;14.49;15.30;14.27;14.80;15352343;711624384.00
2016/01/21;14.41;15.01;13.87;13.87;12520897;571774784.00
2016/01/22;14.11;14.27;13.53;14.11;9793104;429332064.00
2016/01/25;14.50;14.84;14.16;14.65;11180080;512201728.00
2016/01/26;14.37;14.59;13.17;13.17;10365017;450410528.00
2016/01/27;13.11;13.33;11.92;12.72;9872137;388654784.00
2016/01/28;12.34;12.63;11.44;11.44;10419721;393843488.00
2016/01/29;11.47;12.19;11.28;12.07;8202203;305288160.00
2016/02/01;12.12;12.20;11.44;11.73;6508097;243210304.00
2016/02/02;11.75;12.56;11.75;12.31;6609960;254305312.00
2016/02/03;12.02;12.27;11.82;12.24;7070574;266905584.00
2016/02/04;12.34;13.01;12.34;12.73;8877129;353590624.00
2016/02/05;12.92;12.98;12.52;12.62;6625675;265299808.00
2016/02/15;12.02;12.62;11.89;12.46;5155387;199130224.00
2016/02/16;12.71;13.44;12.41;13.39;9068233;372147200.00
2016/02/17;13.39;14.53;13.37;14.44;14700413;645454784.00
2016/02/18;14.61;14.61;14.02;14.16;11893052;533281216.00
2016/02/19;14.08;14.43;14.08;14.31;6930257;310194720.00
2016/02/22;14.63;14.66;14.28;14.46;8582827;388626016.00
2016/02/23;14.49;14.95;14.31;14.65;13021191;599989696.00
2016/02/24;14.63;14.63;13.73;14.13;10054378;445059520.00
2016/02/25;13.95;14.02;12.70;12.70;9987282;415357696.00
2016/02/26;12.72;12.94;11.77;12.31;7241246;282522688.00
2016/02/29;12.17;12.17;11.06;11.10;8027416;286733696.00
2016/03/01;11.12;11.65;10.79;11.55;6964542;247313680.00
2016/03/02;11.40;12.67;11.28;12.45;8415545;316049728.00
2016/03/03;12.35;12.53;12.14;12.14;7865586;305388864.00
2016/03/04;11.94;12.42;11.24;11.44;7999189;296900640.00
2016/03/07;11.56;12.01;11.56;11.77;5042012;187469072.00
2016/03/08;11.73;11.75;11.02;11.73;5835243;208844944.00
2016/03/09;11.39;11.74;11.23;11.41;4100624;148188112.00
2016/03/10;11.44;11.68;11.31;11.40;4747062;171842192.00
2016/03/11;11.20;11.44;11.08;11.33;3344592;118836848.00
2016/03/14;11.54;12.18;11.54;11.91;6811364;255293856.00
2016/03/15;11.88;11.98;11.60;11.68;4725826;174966928.00
2016/03/16;11.84;11.89;11.39;11.48;3714335;135406080.00
2016/03/17;11.51;12.24;11.51;12.07;7964996;298860480.00
2016/03/18;12.11;12.93;12.07;12.92;10828708;430406496.00
2016/03/21;13.21;13.25;12.84;13.12;8382830;343483872.00
2016/03/22;12.98;13.75;12.74;13.49;10005778;421662656.00
2016/03/23;13.38;13.90;13.21;13.89;9488760;402827040.00
2016/03/24;13.67;14.80;13.56;14.14;15762337;704135936.00
2016/03/25;14.01;14.27;13.40;13.69;9483428;411366720.00
2016/03/28;13.76;14.08;13.32;13.36;8993566;387849888.00
2016/03/29;13.32;13.32;12.48;12.69;9178461;371365760.00
2016/03/30;12.92;13.94;12.90;13.92;10240365;429700704.00
2016/03/31;14.01;14.44;13.83;13.98;11845215;524086240.00
2016/04/01;13.85;14.59;13.79;14.40;14978471;672220480.00
2016/04/05;14.65;15.24;14.65;14.92;13500322;635057088.00
2016/04/06;14.91;16.20;14.76;15.90;16040575;777808128.00
2016/04/07;15.90;16.98;15.60;16.44;20020999;1020073344.00
2016/04/08;16.24;16.76;15.47;16.07;18377985;921101504.00
2016/04/11;16.27;16.34;15.50;15.60;18737127;932788352.00
2016/04/12;15.73;15.85;14.94;15.17;13113287;627593856.00
2016/04/13;15.27;15.72;15.27;15.40;10283501;498970240.00
2016/04/14;15.48;15.62;14.98;15.35;8715980;417075104.00
2016/04/15;15.31;15.53;15.14;15.35;6048819;290215968.00
2016/04/18;14.98;15.47;14.95;15.31;6202422;296714720.00
2016/04/19;15.31;15.46;15.15;15.34;6100490;292621472.00
2016/04/20;15.45;15.49;13.88;13.99;11214268;511370304.00
2016/04/29;13.98;14.75;13.76;14.22;7674385;346817152.00
2016/05/03;14.15;15.19;14.05;15.15;8134000;373807648.00
2016/05/04;15.08;15.46;14.98;15.24;7258250;346940064.00
2016/05/05;15.13;15.91;15.08;15.79;9404332;457824384.00
2016/05/06;15.92;16.05;14.72;14.73;12326575;593340608.00
2016/05/09;14.95;15.34;14.66;14.95;11421220;539499136.00
2016/05/10;14.95;15.13;14.73;14.83;6217687;291564928.00
2016/05/11;14.85;15.04;13.62;13.74;11408760;506924896.00
2016/05/12;13.40;14.24;12.59;14.17;8541279;359557504.00
2016/05/13;13.80;14.17;12.80;12.89;23893359;321746784.00
2016/05/16;12.57;12.75;12.10;12.63;20886951;260721040.00
2016/05/17;12.76;13.15;12.64;12.70;19119123;246334560.00
2016/05/18;12.40;12.50;11.43;11.55;24184527;287882784.00
2016/05/19;11.48;12.04;11.48;11.59;17035911;201016528.00
2016/05/20;11.57;12.00;11.34;11.94;16629098;196652144.00
2016/05/23;12.02;12.17;11.88;11.96;15611917;187290880.00
2016/05/24;11.99;11.99;11.38;11.53;18500391;214487280.00
2016/05/25;11.73;11.73;11.37;11.47;14048926;162327568.00
2016/05/26;11.55;11.65;11.17;11.61;17262589;196350304.00
2016/05/27;11.54;11.58;11.35;11.39;12628825;144582768.00
2016/05/30;11.30;11.30;11.00;11.16;11349017;126707464.00
2016/05/31;11.20;11.87;11.20;11.86;25608687;297716512.00
2016/06/01;12.09;12.57;12.00;12.47;32964008;407303712.00
2016/06/02;12.53;12.63;12.30;12.62;25461128;317889920.00
2016/06/03;12.62;12.62;12.35;12.41;19952173;248355840.00
2016/06/06;12.38;12.78;12.16;12.25;21104096;262186208.00
2016/06/07;12.20;12.37;11.94;12.32;18017447;218205040.00
2016/06/08;12.30;12.75;12.17;12.57;24292197;303238272.00
2016/06/13;12.54;13.36;12.11;12.71;47575793;610690688.00
2016/06/14;12.70;13.55;12.33;13.51;45510507;590012800.00
2016/06/15;13.10;14.16;13.05;13.93;51676265;708281984.00
2016/06/16;13.75;13.95;13.52;13.55;31021545;424455104.00
2016/06/17;13.65;13.94;13.10;13.35;25960815;351304928.00
2016/06/20;13.20;13.49;13.12;13.33;19155075;254947408.00
2016/06/21;13.40;13.50;12.70;12.78;22885699;300824512.00
2016/06/22;12.80;13.06;12.63;13.05;13776909;177652432.00
2016/06/23;13.10;13.43;12.86;13.20;19044959;251853680.00
2016/06/24;13.23;13.34;12.01;12.74;23550856;302219488.00
2016/06/27;12.56;13.30;12.46;13.20;19773317;259210192.00
2016/06/28;13.13;13.85;13.09;13.73;29764373;403346496.00
2016/06/29;13.71;14.35;13.65;13.81;39930953;560035392.00
2016/06/30;13.92;13.98;13.57;13.73;19256946;264181888.00
2016/07/01;13.79;14.48;13.73;14.29;39228549;557078080.00
2016/07/04;14.28;15.19;14.15;15.01;50164206;737144576.00
2016/07/05;15.06;15.90;14.74;14.90;69443222;1065420288.00
2016/07/06;14.86;15.15;14.70;14.97;36748546;547944512.00
2016/07/07;14.77;15.00;14.50;14.75;28731295;422316224.00
2016/07/08;14.74;15.60;14.62;15.35;50163898;763766912.00
2016/07/11;15.40;16.89;15.37;16.85;100370930;1647803008.00
2016/07/12;16.50;16.93;16.05;16.75;66582976;1097079424.00
2016/07/13;16.81;17.30;16.33;16.48;48565790;811710400.00
2016/07/14;16.46;16.66;16.12;16.55;30023161;492587584.00
2016/07/15;16.30;16.50;16.05;16.15;24586496;398417120.00
2016/07/18;16.17;16.20;15.45;15.54;29139870;460089472.00
2016/07/19;15.55;15.80;15.47;15.71;18749314;292687968.00
2016/07/20;15.74;15.95;15.61;15.62;16792436;265421360.00
2016/07/21;15.52;15.72;15.41;15.52;14502081;225626816.00
2016/07/22;15.75;16.80;15.75;15.98;40279882;652675328.00
2016/07/25;15.78;15.86;15.52;15.70;18877434;295907904.00
2016/07/26;15.68;16.20;15.62;16.20;22329974;358805216.00
2016/07/27;16.26;16.39;14.82;15.21;34980964;546473664.00
2016/07/28;15.37;15.63;14.85;15.32;21910292;334433568.00
2016/07/29;15.15;15.25;14.84;14.91;15296075;229133744.00
2016/08/01;14.88;14.90;13.88;14.00;22697141;319545984.00
2016/08/02;14.15;14.28;13.96;14.12;9634184;135778288.00
2016/08/03;14.16;14.24;14.03;14.16;10023084;141589120.00
2016/08/04;14.18;14.24;13.96;14.18;12215093;172494480.00
2016/08/05;14.18;14.50;14.16;14.19;11048117;158014752.00
2016/08/08;14.22;14.84;14.02;14.71;16555066;238259872.00
2016/08/09;14.60;14.79;14.48;14.64;12888424;188299952.00
2016/08/10;14.65;14.78;14.51;14.53;9938846;145102544.00
2016/08/11;14.50;14.50;14.05;14.08;16280452;230832096.00
2016/08/12;14.00;14.24;14.00;14.19;7518604;106273696.00
2016/08/15;14.28;14.68;14.00;14.51;16154710;232466784.00
2016/08/16;14.65;14.66;14.43;14.52;11962730;173704496.00
2016/08/17;14.50;14.88;14.34;14.62;17216444;252766352.00
2016/08/18;14.62;14.64;14.40;14.45;12539422;181433376.00
2016/08/19;14.46;14.55;14.30;14.41;9941321;143199120.00
2016/08/22;14.37;14.45;14.10;14.10;11312157;160781952.00
2016/08/23;14.12;14.21;14.04;14.14;8270738;116753112.00
2016/08/24;14.16;14.26;14.11;14.17;7277278;103301232.00
2016/08/25;14.10;14.12;13.89;14.01;9470649;132479360.00
2016/08/26;14.02;14.29;14.02;14.10;7523387;106552032.00
2016/08/29;14.14;14.26;14.04;14.12;5937912;83886472.00
2016/08/30;14.11;14.35;14.05;14.16;10052646;142884160.00
2016/08/31;14.18;14.19;13.90;14.03;14555452;203672240.00
2016/09/01;14.04;14.08;13.72;13.77;9527858;132520816.00
2016/09/02;13.77;13.81;13.41;13.48;11663678;158579600.00
2016/09/05;13.51;13.68;13.40;13.41;7540471;102050688.00
2016/09/06;13.35;13.64;13.32;13.62;7254027;97872352.00
2016/09/07;13.63;13.70;13.52;13.59;8277889;112679032.00
2016/09/08;13.59;13.69;13.54;13.60;6350466;86420928.00
2016/09/09;13.60;13.75;13.56;13.63;8559569;116761272.00
2016/09/12;13.50;13.50;13.02;13.02;10832705;143242256.00
2016/09/13;12.97;13.47;12.97;13.22;7229953;95696872.00
2016/09/14;13.22;13.22;13.08;13.14;4278542;56206416.00
2016/09/19;13.15;13.34;13.13;13.21;4692892;62091788.00
2016/09/20;13.21;13.25;13.10;13.13;3620447;47585532.00
2016/09/21;13.18;13.20;13.12;13.17;3725433;49051068.00
2016/09/22;13.25;13.35;13.18;13.35;7276757;96582408.00
2016/09/23;13.58;14.25;13.34;14.10;26331066;363944896.00
2016/09/26;14.10;14.50;13.91;14.09;25907669;368129824.00
2016/09/27;13.90;14.18;13.75;14.13;12412486;172547424.00
2016/09/28;14.12;14.21;13.93;14.13;9408698;132802888.00
2016/09/29;14.12;14.16;13.81;13.82;8574963;119594816.00
2016/09/30;13.73;13.97;13.71;13.83;5633975;78132832.00
2016/10/10;13.78;14.24;13.78;14.22;12762812;180228144.00
2016/10/11;14.24;14.36;14.05;14.13;8575554;121365904.00
2016/10/12;14.05;14.12;13.88;13.94;7653866;106820944.00
2016/10/13;13.92;13.97;13.73;13.86;9166264;126623736.00
2016/10/14;13.86;13.94;13.74;13.89;7238672;100151056.00
2016/10/17;13.98;14.02;13.73;13.85;7368347;102053440.00
2016/10/18;13.80;14.41;13.78;14.30;25796785;365532224.00
2016/10/19;14.33;14.59;14.13;14.19;14556173;208677104.00
2016/10/20;14.40;14.50;14.00;14.09;15176303;214704848.00
2016/10/21;14.00;14.10;13.81;13.90;10356257;144075152.00
2016/10/24;13.98;14.02;13.74;13.75;14897451;206313696.00
2016/10/25;13.80;13.89;13.76;13.82;6039946;83446144.00
2016/10/26;13.80;13.82;13.38;13.47;16068217;217547584.00
2016/10/27;13.46;13.54;13.31;13.43;5601623;75121088.00
2016/10/28;13.43;13.61;13.40;13.44;6099705;82333688.00
2016/10/31;13.40;13.44;13.17;13.25;7245366;95858680.00
2016/11/01;13.28;13.37;13.25;13.31;5553408;73904304.00
2016/11/02;13.36;13.38;13.13;13.15;7897703;104524320.00
2016/11/03;13.16;13.35;13.15;13.18;9367201;123948400.00
2016/11/04;13.20;13.28;13.13;13.17;6630597;87393824.00
2016/11/07;13.18;13.22;13.15;13.20;4815103;63500144.00
2016/11/08;13.22;13.43;13.22;13.32;8093582;107830032.00
2016/11/09;13.36;13.38;13.01;13.09;8930700;117363016.00
2016/11/10;13.17;13.25;13.09;13.15;7530704;98994808.00
2016/11/11;13.14;13.25;13.05;13.25;9733737;127629328.00
2016/11/14;13.26;13.32;13.22;13.31;9073352;120471000.00
2016/11/15;13.31;13.32;13.16;13.30;7806665;103220848.00
2016/11/16;13.30;13.38;13.23;13.33;9097642;121169008.00
2016/11/17;13.36;13.36;13.27;13.30;4418000;58806288.00
数据来源:通达信
