002587 奥拓电子 日线 前复权
      日期	    开盘	    最高	    最低	    收盘	    成交量	    成交额
2011/06/10;3.57;3.76;3.43;3.58;14872483;256257744.00
2011/06/13;3.52;3.52;3.33;3.44;6519651;107435528.00
2011/06/14;3.38;3.50;3.35;3.44;4792381;78999584.00
2011/06/15;3.43;3.67;3.41;3.58;6505632;110361808.00
2011/06/16;3.54;3.72;3.49;3.60;5376095;93142712.00
2011/06/17;3.57;3.61;3.45;3.49;3249197;55169956.00
2011/06/20;3.51;3.87;3.48;3.87;4345182;77866392.00
2011/06/21;3.92;3.99;3.78;3.90;8292091;153745488.00
2011/06/22;3.81;3.89;3.74;3.83;5293141;96284784.00
2011/06/23;3.78;3.96;3.68;3.87;5987469;109315272.00
2011/06/24;3.81;4.10;3.77;3.91;5191165;96237056.00
2011/06/27;3.91;4.02;3.85;3.99;3613920;67822056.00
2011/06/28;3.99;3.99;3.82;3.90;2812979;52038408.00
2011/06/29;3.87;4.07;3.84;3.91;3563011;67083052.00
2011/06/30;3.90;3.97;3.87;3.92;2283900;42604212.00
2011/07/01;3.91;4.06;3.89;3.99;3316766;63005352.00
2011/07/04;3.98;4.09;3.95;4.03;2805601;53562284.00
2011/07/05;4.05;4.14;3.97;4.00;3005580;57995272.00
2011/07/06;3.97;4.17;3.91;4.10;2981545;57190612.00
2011/07/07;4.07;4.31;4.06;4.15;3559957;71041552.00
2011/07/08;4.15;4.19;4.01;4.12;2103701;40939588.00
2011/07/11;4.12;4.26;4.07;4.19;1721563;34121756.00
2011/07/12;4.16;4.25;3.99;4.02;2186047;42617836.00
2011/07/14;4.15;4.23;4.12;4.22;2948821;58319112.00
2011/07/15;4.19;4.31;4.16;4.22;2436818;48749576.00
2011/07/18;4.25;4.37;4.21;4.25;2266154;46027112.00
2011/07/19;4.25;4.30;4.05;4.29;2606784;51546496.00
2011/07/20;4.25;4.40;4.09;4.23;2373789;47627344.00
2011/07/21;4.24;4.28;4.14;4.16;1528839;30475388.00
2011/07/22;4.14;4.21;4.13;4.16;1239645;24489298.00
2011/07/25;4.16;4.16;3.84;3.88;2111009;39966552.00
2011/07/26;3.87;4.15;3.79;4.06;1874382;35331432.00
2011/07/27;4.04;4.23;4.00;4.21;3304118;64797628.00
2011/07/28;4.13;4.27;4.12;4.20;2347549;46697860.00
2011/07/29;4.18;4.20;4.05;4.06;1583332;31065294.00
2011/08/01;4.04;4.36;4.04;4.31;3154767;63031604.00
2011/08/02;4.29;4.29;4.13;4.27;2187268;43735140.00
2011/08/03;4.19;4.33;4.14;4.16;2310182;46230772.00
2011/08/04;4.15;4.20;4.09;4.10;1430381;28005064.00
2011/08/05;3.97;4.09;3.91;3.99;1358572;25850758.00
2011/08/08;3.93;3.96;3.56;3.73;1881038;33823992.00
2011/08/09;3.63;3.82;3.59;3.79;1038960;18481916.00
2011/08/10;3.86;4.04;3.82;3.97;2108433;39612416.00
2011/08/11;3.88;4.22;3.84;4.18;2846436;55467292.00
2011/08/12;4.22;4.63;4.18;4.47;4714798;98455792.00
2011/08/15;4.56;4.56;4.42;4.47;2570583;54215420.00
2011/08/16;4.47;4.85;4.43;4.85;3874123;84934576.00
2011/08/17;4.79;4.95;4.59;4.67;5977405;132207168.00
2011/08/18;4.63;4.74;4.56;4.67;2690732;58889148.00
2011/08/19;4.60;4.80;4.56;4.70;2942339;64870736.00
2011/08/22;4.74;4.84;4.69;4.75;3776973;84538552.00
2011/08/23;4.76;4.93;4.60;4.70;3118851;69280088.00
2011/08/24;4.74;4.78;4.62;4.62;2807414;62252940.00
2011/08/25;4.62;4.63;4.47;4.62;2122755;45519908.00
2011/08/26;4.59;4.73;4.55;4.67;1735247;38113640.00
2011/08/29;4.64;4.95;4.63;4.89;3543365;80376952.00
2011/08/30;4.84;4.88;4.46;4.55;2598398;57628212.00
2011/08/31;4.54;4.56;4.36;4.41;1468903;30826010.00
2011/09/02;4.34;4.41;4.15;4.28;1453491;29440590.00
2011/09/05;4.22;4.37;4.18;4.25;1034491;21016002.00
2011/09/06;4.22;4.32;4.04;4.06;964694;19035850.00
2011/09/07;4.10;4.20;4.06;4.18;1346748;26429574.00
2011/09/08;4.22;4.28;4.11;4.11;1017069;20183036.00
2011/09/09;4.09;4.16;3.97;4.05;795996;15326636.00
2011/09/13;3.94;3.96;3.88;3.89;1120747;20916730.00
2011/09/14;3.91;3.92;3.77;3.91;1844323;33946880.00
2011/09/15;3.90;3.99;3.89;3.92;2061265;38753312.00
2011/09/16;3.94;3.97;3.86;3.86;1262643;23502690.00
2011/09/19;3.85;3.85;3.69;3.71;1035899;18591080.00
2011/09/20;3.70;3.76;3.64;3.68;1445409;25513148.00
2011/09/21;3.69;3.88;3.67;3.88;2022761;36666408.00
2011/09/22;3.82;3.87;3.63;3.64;1744341;31335174.00
2011/09/23;3.56;3.69;3.52;3.67;940272;16284094.00
2011/09/26;3.67;3.72;3.62;3.65;690632;12136380.00
2011/09/27;3.68;3.73;3.65;3.71;717574;12678063.00
2011/09/28;3.76;3.80;3.64;3.66;780168;13938828.00
2011/09/29;3.61;3.63;3.47;3.49;856119;14555544.00
2011/09/30;3.48;3.58;3.43;3.53;426043;7180493.00
2011/10/10;3.56;3.57;3.46;3.48;331730;5581075.00
2011/10/11;3.61;3.63;3.45;3.50;761774;12956771.00
2011/10/12;3.50;3.73;3.43;3.70;1479147;25736720.00
2011/10/13;3.67;3.76;3.66;3.73;1110232;19765770.00
2011/10/14;3.72;3.73;3.62;3.68;796249;13967113.00
2011/10/18;3.72;3.90;3.69;3.69;3016948;54863932.00
2011/10/19;3.68;3.71;3.56;3.64;1418385;24658818.00
2011/10/20;3.59;3.63;3.46;3.49;999481;16819072.00
2011/10/21;3.49;3.51;3.34;3.34;826766;13612199.00
2011/10/24;3.37;3.39;3.16;3.36;1446570;23043744.00
2011/10/25;3.35;3.54;3.30;3.50;1192501;19638448.00
2011/10/26;3.46;3.56;3.44;3.50;1219476;20605632.00
2011/10/27;3.52;3.68;3.52;3.62;1611563;28035138.00
2011/10/28;3.68;3.74;3.56;3.71;1349956;23638106.00
2011/10/31;3.71;3.76;3.68;3.74;1337166;23819848.00
2011/11/01;3.70;3.72;3.59;3.67;2666993;46610032.00
2011/11/02;3.59;3.97;3.56;3.91;3530852;64106408.00
2011/11/03;3.93;4.07;3.89;3.90;3317682;62802208.00
2011/11/04;3.92;3.99;3.87;3.91;1694335;31664002.00
2011/11/07;3.93;4.06;3.91;3.98;2246970;42737184.00
2011/11/08;3.96;3.97;3.88;3.89;1240149;23130024.00
2011/11/09;3.90;4.09;3.83;4.05;2034768;38382732.00
2011/11/10;3.98;4.11;3.93;3.94;2157481;41231404.00
2011/11/11;3.96;4.03;3.91;3.95;1232877;23274058.00
2011/11/14;4.03;4.15;4.00;4.10;1903056;36974160.00
2011/11/15;4.12;4.12;4.04;4.11;1242414;24093602.00
2011/11/16;4.11;4.16;3.95;3.96;1691527;32582986.00
2011/11/17;3.96;4.07;3.93;3.98;1242722;23603986.00
2011/11/18;3.93;3.98;3.84;3.85;1035624;19227944.00
2011/11/21;3.84;3.87;3.77;3.86;585128;10681125.00
2011/11/22;3.81;3.98;3.79;3.98;1365788;25363972.00
2011/11/23;3.95;4.04;3.93;4.03;1410953;26759618.00
2011/11/24;3.99;4.09;3.96;4.04;1251403;23929150.00
2011/11/25;4.04;4.07;3.92;3.95;1114543;21210124.00
2011/11/28;3.92;3.97;3.84;3.86;917589;17016116.00
2011/11/29;3.90;3.94;3.88;3.92;731815;13635857.00
2011/11/30;3.97;4.08;3.68;3.78;2569420;48219580.00
2011/12/01;3.94;3.99;3.83;3.86;1766812;32888962.00
2011/12/02;3.89;4.07;3.80;4.07;3070451;58093356.00
2011/12/05;4.05;4.09;3.66;3.71;2614083;48946096.00
2011/12/06;3.59;3.70;3.50;3.64;1868807;32201132.00
2011/12/07;3.61;3.69;3.57;3.66;901934;15748749.00
2011/12/08;3.63;3.97;3.55;3.92;2703980;49359560.00
2011/12/09;3.97;4.12;3.92;4.04;3964773;75767160.00
2011/12/12;3.96;4.03;3.93;3.99;1399987;26504704.00
2011/12/13;3.90;4.11;3.84;4.04;2759622;52344512.00
2011/12/14;4.02;4.07;3.96;4.06;1637283;31255858.00
2011/12/15;4.04;4.31;4.00;4.06;3546074;69821336.00
2011/12/16;3.99;4.38;3.92;4.36;3671313;71927280.00
2011/12/19;4.24;4.42;4.20;4.33;2852583;57894676.00
2011/12/20;4.29;4.35;4.12;4.13;2286995;45646012.00
2011/12/21;4.19;4.29;4.09;4.11;2149495;42634992.00
2011/12/22;4.04;4.22;3.86;4.20;2371696;45623280.00
2011/12/23;4.22;4.38;4.22;4.29;3493672;71353536.00
2011/12/26;4.23;4.37;4.13;4.13;1579191;31950914.00
2011/12/27;4.08;4.15;3.96;4.00;1498705;28744416.00
2011/12/28;3.94;4.09;3.68;4.07;1781031;32678808.00
2011/12/29;4.03;4.06;3.90;3.91;1017285;19291218.00
2011/12/30;3.88;4.03;3.88;3.93;710897;13394656.00
2012/01/04;3.97;4.00;3.73;3.78;983788;18120698.00
2012/01/05;3.76;3.76;3.42;3.51;1397994;23994248.00
2012/01/06;3.47;3.51;3.30;3.41;1051305;16989140.00
2012/01/09;3.40;3.61;3.33;3.58;797304;13465360.00
2012/01/10;3.54;3.76;3.54;3.70;933995;16409912.00
2012/01/11;3.66;3.83;3.66;3.73;800625;14318356.00
2012/01/12;3.76;3.92;3.74;3.82;2023129;36664944.00
2012/01/13;3.82;3.82;3.40;3.40;1497269;25780830.00
2012/01/16;3.41;3.42;3.32;3.35;510398;8238891.50
2012/01/17;3.33;3.57;3.31;3.54;752304;12462707.00
2012/01/18;3.54;3.57;3.31;3.33;1001564;16670325.00
2012/01/19;3.33;3.37;3.19;3.34;1227050;19293968.00
2012/01/20;3.32;3.40;3.32;3.34;617625;10016709.00
2012/01/30;3.36;3.45;3.33;3.37;560821;9177413.00
2012/01/31;3.02;3.13;3.01;3.03;4028737;59037660.00
2012/02/01;2.97;3.05;2.94;3.01;1255936;18359846.00
2012/02/02;3.00;3.04;3.00;3.04;1269883;18673834.00
2012/02/03;3.04;3.13;3.03;3.12;1828573;27419342.00
2012/02/06;3.12;3.32;3.09;3.32;3691478;56975188.00
2012/02/07;3.27;3.27;3.16;3.23;3465209;53890932.00
2012/02/08;3.22;3.28;3.14;3.28;2562897;40121352.00
2012/02/09;3.28;3.37;3.25;3.28;2428530;38768376.00
2012/02/10;3.27;3.31;3.23;3.25;1447386;22881594.00
2012/02/13;3.22;3.34;3.19;3.32;1901267;30146900.00
2012/02/14;3.32;3.36;3.29;3.31;1715920;27592412.00
2012/02/15;3.33;3.40;3.31;3.38;1540533;24957502.00
2012/02/16;3.38;3.42;3.30;3.35;1426985;23080862.00
2012/02/17;3.35;3.39;3.28;3.30;990220;15845895.00
2012/02/20;3.35;3.37;3.30;3.31;1422307;22907702.00
2012/02/21;3.31;3.40;3.28;3.40;1900114;30644124.00
2012/02/22;3.40;3.51;3.38;3.50;2578225;42827952.00
2012/02/23;3.49;3.53;3.43;3.47;1980621;33103926.00
2012/02/24;3.48;3.52;3.45;3.50;1463757;24515366.00
2012/02/27;3.53;3.53;3.47;3.47;2013606;33846280.00
2012/02/28;3.45;3.47;3.32;3.37;1955587;31813710.00
2012/02/29;3.38;3.41;3.30;3.32;1495847;24160060.00
2012/03/01;3.31;3.39;3.29;3.35;942211;15207426.00
2012/03/02;3.38;3.42;3.34;3.42;1272490;20741906.00
2012/03/05;3.42;3.50;3.40;3.45;1970421;32745592.00
2012/03/06;3.45;3.46;3.35;3.40;1432183;23371938.00
2012/03/07;3.35;3.56;3.32;3.45;2357978;39178500.00
2012/03/08;3.46;3.53;3.44;3.50;1910082;32005158.00
2012/03/09;3.48;3.58;3.48;3.57;2084878;35393248.00
2012/03/12;3.58;3.59;3.50;3.58;1773884;30131452.00
2012/03/13;3.58;3.62;3.54;3.60;1782767;30583940.00
2012/03/14;3.60;3.63;3.32;3.38;2056687;34760244.00
2012/03/15;3.38;3.41;3.27;3.39;1466600;23658478.00
2012/03/16;3.38;3.42;3.33;3.42;1318102;21496828.00
2012/03/19;3.44;3.53;3.40;3.52;1662220;27704788.00
2012/03/20;3.52;3.52;3.38;3.42;1281334;21166324.00
2012/03/21;3.44;3.56;3.41;3.56;2577485;43336228.00
2012/03/22;3.58;3.76;3.57;3.69;4539424;79289400.00
2012/03/23;3.63;3.65;3.47;3.50;2118286;36227684.00
2012/03/26;3.52;3.56;3.41;3.46;1204351;20218210.00
2012/03/27;3.49;3.54;3.45;3.46;1024262;17147648.00
2012/03/28;3.47;3.47;3.21;3.23;1391498;22210896.00
2012/03/29;3.23;3.23;3.02;3.11;882329;13391260.00
2012/03/30;3.12;3.18;3.05;3.10;804000;12085894.00
2012/04/05;3.11;3.24;3.07;3.21;874595;13420232.00
2012/04/06;3.19;3.24;3.18;3.23;773736;12024978.00
2012/04/09;3.27;3.37;3.24;3.27;1261354;20112688.00
2012/04/10;3.27;3.28;3.09;3.26;744732;11500304.00
2012/04/11;3.14;3.26;3.14;3.24;698834;10903000.00
2012/04/12;3.24;3.31;3.23;3.30;802963;12700051.00
2012/04/13;3.30;3.37;3.29;3.31;1042888;16774506.00
2012/04/16;3.29;3.33;3.23;3.29;585096;9285365.00
2012/04/17;3.28;3.30;3.20;3.20;735953;11527724.00
2012/04/18;3.22;3.33;3.21;3.32;964300;15296287.00
2012/04/19;3.32;3.34;3.29;3.34;859056;13749440.00
2012/04/20;3.34;3.38;3.31;3.37;1016943;16430616.00
2012/04/23;3.37;3.37;3.23;3.24;927835;14727880.00
2012/04/24;3.24;3.26;3.06;3.13;997510;15199782.00
2012/04/25;3.15;3.18;3.08;3.16;829427;12582911.00
2012/04/26;3.16;3.19;3.14;3.17;483922;7418031.00
2012/04/27;3.17;3.17;3.09;3.12;562231;8506312.00
2012/05/02;3.13;3.20;3.12;3.17;541847;8285965.00
2012/05/04;3.18;3.27;3.18;3.24;589325;9188664.00
2012/05/07;3.23;3.36;3.18;3.35;1581837;25137216.00
2012/05/08;3.31;3.33;3.27;3.31;822957;13114975.00
2012/05/09;3.29;3.29;3.19;3.19;779904;12172774.00
2012/05/10;3.18;3.25;3.18;3.21;511009;7958263.50
2012/05/11;3.21;3.25;3.18;3.20;471016;7331819.00
2012/05/14;3.21;3.29;3.18;3.22;685726;10740559.00
2012/05/15;3.18;3.23;3.18;3.21;392718;6085047.00
2012/05/16;3.21;3.22;3.17;3.18;344517;5334494.00
2012/05/17;3.20;3.23;3.16;3.23;436433;6770013.00
2012/05/18;3.20;3.21;3.11;3.13;420209;6451398.50
2012/05/21;3.13;3.19;3.12;3.14;233302;3553578.00
2012/05/22;3.16;3.20;3.15;3.19;343730;5291021.50
2012/05/23;3.18;3.22;3.14;3.16;286920;4406213.00
2012/05/24;3.16;3.19;3.12;3.13;333512;5087190.00
2012/05/25;3.13;3.14;3.03;3.05;414804;6209372.50
2012/05/28;3.04;3.08;2.99;3.08;260085;3835593.75
2012/05/29;3.08;3.17;3.07;3.15;553560;8406578.00
2012/05/30;3.16;3.18;3.13;3.16;413496;6323917.00
2012/05/31;3.12;3.22;3.12;3.19;711001;10956461.00
2012/06/01;3.19;3.20;3.14;3.16;379420;5817007.50
2012/06/04;3.13;3.13;3.01;3.01;541531;8023011.00
2012/06/05;3.02;3.03;3.01;3.02;265544;3900490.25
2012/06/06;2.99;3.02;2.92;2.93;587031;8473712.00
2012/06/07;2.95;2.97;2.86;2.87;525230;7428738.50
2012/06/08;2.89;2.90;2.77;2.79;1019011;14042340.00
2012/06/11;2.81;2.89;2.75;2.88;694276;9614703.00
2012/06/12;2.86;2.86;2.82;2.85;465013;6459099.50
2012/06/13;2.86;2.89;2.84;2.89;348458;4898615.50
2012/06/14;2.91;3.08;2.90;2.98;1230915;18015468.00
2012/06/15;2.98;3.01;2.92;2.99;454326;6587757.00
2012/06/18;3.02;3.03;2.99;3.03;402057;5899668.00
2012/06/19;3.02;3.03;2.98;3.02;394292;5771977.50
2012/06/20;3.02;3.05;3.02;3.05;559312;8259326.50
2012/06/21;3.05;3.05;2.94;2.97;461135;5023615.50
2012/06/25;2.91;2.93;2.82;2.82;518169;5474436.00
2012/06/26;2.81;2.81;2.74;2.78;869093;8876472.00
2012/06/27;2.77;3.04;2.77;2.88;2041456;21714712.00
2012/06/28;2.87;2.88;2.77;2.78;994594;10354791.00
2012/06/29;2.78;2.90;2.74;2.89;663659;6879893.00
2012/07/02;2.94;3.20;2.89;2.95;3834229;41620420.00
2012/07/03;2.91;2.95;2.73;2.84;2288855;23854410.00
2012/07/04;2.82;2.85;2.76;2.79;1080113;11201154.00
2012/07/05;2.79;2.79;2.68;2.70;1039452;10428683.00
2012/07/06;2.70;2.72;2.59;2.71;993717;9780841.00
2012/07/09;2.68;2.70;2.57;2.57;714406;6987628.00
2012/07/10;2.57;2.59;2.47;2.48;670681;6271596.00
2012/07/11;2.48;2.51;2.46;2.50;427449;3966222.75
2012/07/12;2.52;2.56;2.48;2.54;640811;6031303.00
2012/07/13;2.54;2.56;2.49;2.51;511012;4796924.00
2012/07/16;2.49;2.52;2.29;2.30;1009763;8973373.00
2012/07/17;2.35;2.35;2.28;2.35;501740;4363091.50
2012/07/18;2.33;2.41;2.31;2.41;686352;6042847.00
2012/07/19;2.40;2.46;2.37;2.40;997794;9004400.00
2012/07/20;2.42;2.42;2.37;2.38;654069;5829288.50
2012/07/23;2.38;2.38;2.31;2.35;357503;3127702.00
2012/07/24;2.34;2.43;2.33;2.39;509433;4533026.00
2012/07/25;2.43;2.66;2.42;2.66;5453883;52679788.00
2012/07/26;2.62;2.65;2.52;2.58;2902431;27969238.00
2012/07/27;2.56;2.60;2.51;2.58;1551532;14751097.00
2012/07/30;2.56;2.60;2.51;2.51;1048619;9881088.00
2012/07/31;2.48;2.54;2.44;2.52;985744;9135266.00
2012/08/01;2.50;2.63;2.48;2.61;2100687;20107970.00
2012/08/02;2.60;2.60;2.48;2.50;1524005;14370943.00
2012/08/03;2.51;2.58;2.48;2.58;1322489;12476230.00
2012/08/06;2.57;2.73;2.56;2.72;2875945;28416786.00
2012/08/07;2.76;2.78;2.68;2.71;2751844;27721510.00
2012/08/08;2.71;2.78;2.68;2.74;1981228;20021944.00
2012/08/09;2.71;2.75;2.62;2.75;2444378;24309492.00
2012/08/10;2.71;2.73;2.68;2.71;1463923;14658957.00
2012/08/13;2.73;2.73;2.66;2.66;1087988;10801264.00
2012/08/14;2.64;2.69;2.57;2.68;1273596;12386494.00
2012/08/15;2.66;2.70;2.61;2.66;918114;9079493.00
2012/08/16;2.65;2.70;2.63;2.65;764677;7536890.00
2012/08/17;2.65;2.70;2.62;2.70;867141;8570505.00
2012/08/20;2.68;2.80;2.65;2.79;2401931;24351026.00
2012/08/21;2.78;2.89;2.76;2.85;3215317;33462640.00
2012/08/22;2.86;2.86;2.75;2.75;2603220;26833848.00
2012/08/23;2.75;2.87;2.73;2.85;2466709;25531888.00
2012/08/24;2.85;2.88;2.73;2.73;1877233;19325462.00
2012/08/27;2.68;2.71;2.59;2.59;1380483;13518375.00
2012/08/28;2.57;2.67;2.57;2.65;718786;7009130.00
2012/08/29;2.64;2.83;2.63;2.74;2350624;23963630.00
2012/08/30;2.74;2.78;2.56;2.63;1933911;19090112.00
2012/08/31;2.61;2.66;2.59;2.63;1087017;10537638.00
2012/09/03;2.62;2.73;2.59;2.72;1143647;11354704.00
2012/09/04;2.75;2.80;2.71;2.73;1784148;18187370.00
2012/09/05;2.73;2.84;2.73;2.83;2235448;23218728.00
2012/09/06;2.85;2.88;2.79;2.86;2438300;25431396.00
2012/09/07;3.03;3.15;2.95;2.96;6817000;75733744.00
2012/09/10;2.91;3.06;2.90;3.03;4822018;52761756.00
2012/09/11;3.06;3.15;3.02;3.06;4407002;49718592.00
2012/09/12;3.06;3.08;3.02;3.07;3003872;33566212.00
2012/09/13;3.07;3.08;2.92;2.93;2201730;24164004.00
2012/09/14;2.93;2.98;2.92;2.93;1463482;15845965.00
2012/09/17;2.93;2.98;2.83;2.83;1428219;15225092.00
2012/09/18;2.83;2.87;2.80;2.82;796349;8316190.50
2012/09/19;2.82;2.89;2.82;2.88;790929;8340528.00
2012/09/20;2.86;2.88;2.76;2.79;1221380;12608951.00
2012/09/21;2.79;2.88;2.74;2.80;1234742;12876964.00
2012/09/24;2.76;2.81;2.72;2.78;755690;7710579.00
2012/09/25;2.77;2.80;2.66;2.69;795082;7990508.50
2012/09/26;2.69;2.72;2.51;2.52;926839;8850558.00
2012/09/27;2.53;2.61;2.48;2.60;972829;9261288.00
2012/09/28;2.60;2.65;2.57;2.65;685156;6655264.00
2012/10/08;2.65;2.68;2.64;2.66;446991;4397085.50
2012/10/09;2.66;2.76;2.66;2.75;639269;6452012.50
2012/10/10;2.73;2.81;2.73;2.79;707955;7257731.50
2012/10/11;2.77;2.79;2.73;2.73;603719;6142503.50
2012/10/12;2.73;2.77;2.68;2.71;467621;4699078.00
2012/10/15;2.73;2.73;2.62;2.66;520647;5134393.50
2012/10/16;2.69;2.74;2.66;2.69;392018;3917368.50
2012/10/17;2.71;2.73;2.65;2.72;487070;4850033.00
2012/10/18;2.75;2.78;2.71;2.78;746466;7615066.50
2012/10/19;2.80;2.82;2.78;2.81;878068;9067285.00
2012/10/22;2.82;2.87;2.82;2.84;1154048;12083896.00
2012/10/23;2.87;2.92;2.79;2.80;1437298;15157312.00
2012/10/24;2.76;2.82;2.75;2.78;552752;5681760.00
2012/10/25;2.76;2.90;2.76;2.83;1301770;13637316.00
2012/10/26;2.80;2.83;2.73;2.73;724328;7394061.00
2012/10/29;2.72;2.74;2.68;2.70;540828;5410072.00
2012/10/30;2.71;2.73;2.68;2.68;480048;4794976.50
2012/10/31;2.68;2.71;2.67;2.70;348821;3465090.75
2012/11/01;2.70;2.79;2.70;2.77;701213;7144511.00
2012/11/02;2.78;2.81;2.76;2.79;591252;6080532.00
2012/11/05;2.79;2.84;2.78;2.83;813581;8428791.00
2012/11/06;2.85;2.85;2.74;2.78;779970;7965942.50
2012/11/07;2.77;2.78;2.49;2.77;886497;8983798.00
2012/11/08;2.77;2.91;2.76;2.83;3969119;41722740.00
2012/11/09;2.84;3.11;2.80;3.01;6824257;75204976.00
2012/11/12;3.01;3.05;2.92;2.94;3451876;37667508.00
2012/11/15;3.06;3.16;2.97;2.99;6229324;69947136.00
2012/11/16;2.86;2.92;2.71;2.72;3401315;34776256.00
2012/11/19;2.72;2.74;2.64;2.73;1569764;15634241.00
2012/11/20;2.71;2.77;2.71;2.73;1084696;10974909.00
2012/11/21;2.73;2.76;2.60;2.73;2013058;19966908.00
2012/11/22;2.70;2.70;2.65;2.66;989571;9775909.00
2012/11/23;2.66;2.72;2.63;2.67;1208609;12018226.00
2012/11/26;2.67;2.88;2.67;2.83;3200996;33071788.00
2012/11/27;2.79;2.96;2.78;2.89;4856456;51870488.00
2012/11/28;2.89;2.95;2.78;2.85;2999426;31641208.00
2012/11/29;2.82;3.01;2.81;2.96;3984383;42948912.00
2012/11/30;2.96;3.04;2.90;3.04;2946217;32097146.00
2012/12/03;3.04;3.15;2.73;2.73;5866969;62528524.00
2012/12/04;2.63;2.81;2.49;2.79;3996015;38951864.00
2012/12/05;2.79;2.98;2.74;2.94;3559001;38086472.00
2012/12/06;2.93;3.01;2.92;2.94;1915932;20853150.00
2012/12/07;2.92;3.05;2.91;3.00;2329671;25573584.00
2012/12/10;3.02;3.13;2.98;3.12;3665789;41455568.00
2012/12/11;3.09;3.43;3.07;3.25;7418067;88510360.00
2012/12/12;3.20;3.32;3.16;3.27;3479520;40973804.00
2012/12/13;3.25;3.25;3.11;3.11;4180548;48677424.00
2012/12/14;3.08;3.28;3.08;3.23;3426912;40224996.00
2012/12/17;3.23;3.35;3.23;3.34;3191538;38381944.00
2012/12/18;3.37;3.58;3.35;3.54;5739128;72219544.00
2012/12/19;3.54;3.62;3.38;3.44;5240632;66711872.00
2012/12/20;3.44;3.52;3.38;3.51;2272036;28569660.00
2012/12/21;3.51;3.64;3.44;3.63;2614139;33397556.00
2012/12/24;3.59;3.72;3.54;3.71;3445699;45483428.00
2012/12/25;3.71;3.76;3.63;3.75;3567818;47871192.00
2012/12/26;3.75;3.78;3.66;3.72;2176967;29270190.00
2012/12/27;3.69;3.76;3.56;3.62;3473853;46027220.00
2012/12/28;3.61;3.66;3.55;3.61;2836551;36952300.00
2012/12/31;3.62;3.64;3.53;3.56;2899626;37570572.00
2013/01/04;3.57;3.83;3.56;3.81;4599552;61685832.00
2013/01/07;3.77;3.80;3.59;3.75;4282642;57239292.00
2013/01/08;3.71;3.76;3.67;3.71;3177369;42677296.00
2013/01/09;3.74;3.74;3.47;3.56;5239674;67973920.00
2013/01/10;3.51;3.56;3.41;3.44;4744910;59604992.00
2013/01/11;3.46;3.51;3.38;3.45;4196519;52696176.00
2013/01/14;3.41;3.59;3.41;3.58;5406831;69106784.00
2013/01/15;3.59;3.69;3.56;3.64;4515210;59325308.00
2013/01/16;3.63;3.83;3.56;3.71;4708693;63127792.00
2013/01/17;3.71;3.93;3.63;3.91;9090731;126370472.00
2013/01/18;3.90;3.96;3.78;3.95;5157661;72077496.00
2013/01/21;3.90;3.96;3.85;3.87;2897643;40654112.00
2013/01/22;3.88;4.04;3.87;3.93;4274301;60952740.00
2013/01/23;3.89;3.89;3.71;3.88;2249734;31126352.00
2013/01/24;3.87;3.90;3.63;3.71;2843823;38623216.00
2013/01/25;3.71;3.77;3.65;3.72;1481145;19840446.00
2013/01/28;3.71;3.77;3.68;3.76;1672606;22620074.00
2013/01/29;3.76;3.93;3.73;3.88;2516485;35035988.00
2013/01/30;3.94;3.96;3.78;3.86;1868991;25986204.00
2013/01/31;3.85;3.87;3.76;3.82;1661423;22833430.00
2013/02/01;3.82;3.90;3.73;3.89;1687217;23436436.00
2013/02/04;3.88;3.88;3.76;3.78;1573418;21637842.00
2013/02/05;3.73;3.88;3.71;3.80;1307357;17875154.00
2013/02/06;3.76;3.85;3.73;3.79;1324400;18062738.00
2013/02/07;3.81;3.86;3.74;3.86;1309769;18032708.00
2013/02/08;3.86;3.99;3.83;3.96;1807634;25642642.00
2013/02/18;4.01;4.09;3.93;3.97;2436014;35293576.00
2013/02/19;4.00;4.17;3.93;4.08;4198557;61204604.00
2013/02/20;4.08;4.21;4.02;4.21;2682459;39962576.00
2013/02/21;4.18;4.29;4.03;4.12;3404878;50838528.00
2013/02/27;4.29;4.29;4.12;4.15;3140177;47168208.00
2013/02/28;4.06;4.28;4.06;4.17;3744054;56286188.00
2013/03/01;4.20;4.30;4.15;4.26;1762908;26824954.00
2013/03/04;4.23;4.24;3.99;4.11;1963113;29049240.00
2013/03/05;4.06;4.16;3.90;4.15;2999637;43414556.00
2013/03/06;4.14;4.46;4.11;4.40;6043441;92591624.00
2013/03/07;4.41;4.50;4.28;4.30;4313540;67684848.00
2013/03/08;4.30;4.39;4.09;4.12;2374523;36054924.00
2013/03/11;4.08;4.19;3.98;4.07;1571798;23039676.00
2013/03/12;4.03;4.15;3.76;3.82;3483742;49006264.00
2013/03/13;3.82;3.91;3.67;3.88;2271824;30874382.00
2013/03/14;3.85;4.01;3.82;3.98;1624590;23117272.00
2013/03/15;3.99;4.10;3.97;3.98;2150441;31226564.00
2013/03/18;3.96;3.97;3.84;3.87;1023869;14385796.00
2013/03/19;3.82;3.96;3.79;3.88;1394205;19423808.00
2013/03/20;3.91;4.04;3.88;4.01;1336814;19179110.00
2013/03/21;4.01;4.11;4.01;4.06;1291675;18853862.00
2013/03/22;4.07;4.13;4.01;4.06;1561836;22907392.00
2013/03/25;4.07;4.10;3.97;3.98;1437588;20836934.00
2013/03/26;3.90;4.03;3.90;4.01;1560289;22288198.00
2013/03/27;4.02;4.11;4.00;4.06;1587724;23181234.00
2013/03/28;4.22;4.22;4.04;4.09;4969942;73880496.00
2013/03/29;4.15;4.18;3.92;3.92;2566094;37159068.00
2013/04/01;3.89;4.01;3.89;3.96;1384850;19763662.00
2013/04/02;3.94;3.99;3.55;3.66;3579165;48857460.00
2013/04/03;3.66;3.76;3.51;3.67;1904371;25242628.00
2013/04/08;3.64;3.77;3.56;3.75;1634688;21726048.00
2013/04/09;3.71;3.81;3.71;3.77;1366699;18568922.00
2013/04/10;3.77;3.84;3.59;3.73;1826177;24534754.00
2013/04/11;3.72;3.75;3.65;3.71;984811;13168605.00
2013/04/12;3.65;3.71;3.61;3.66;837328;11075054.00
2013/04/15;3.62;3.65;3.52;3.53;1401699;18137648.00
2013/04/16;3.50;3.67;3.47;3.62;1108164;14375934.00
2013/04/17;3.66;3.71;3.59;3.71;1532120;20283690.00
2013/04/18;3.68;3.85;3.65;3.84;2372472;32538756.00
2013/04/19;3.85;3.93;3.81;3.92;1689249;23689792.00
2013/04/22;3.91;4.01;3.88;4.00;2092315;29701786.00
2013/04/23;3.93;3.99;3.81;3.81;3149588;44153996.00
2013/04/24;3.80;3.94;3.77;3.87;2343919;32626880.00
2013/04/25;3.85;3.92;3.78;3.79;1838199;25631888.00
2013/04/26;3.77;3.92;3.63;3.68;1917992;25853052.00
2013/05/02;3.63;3.72;3.60;3.69;997942;13330266.00
2013/05/03;3.74;3.91;3.74;3.85;2105439;29237346.00
2013/05/06;3.85;4.06;3.83;4.03;3437920;49378312.00
2013/05/07;4.02;4.06;3.96;4.00;1505945;21671858.00
2013/05/08;4.02;4.18;4.02;4.14;3745110;55589808.00
2013/05/09;4.12;4.28;4.12;4.28;4321297;65206744.00
2013/05/10;4.25;4.34;4.13;4.25;2587422;39378924.00
2013/05/13;4.22;4.26;4.11;4.21;2039154;30544322.00
2013/05/14;4.22;4.25;4.09;4.19;2142801;32064298.00
2013/05/15;4.20;4.43;4.18;4.36;3801041;58288704.00
2013/05/16;4.37;4.57;4.32;4.32;4555744;71443888.00
2013/05/17;4.32;4.59;4.30;4.59;4450709;70448648.00
2013/05/20;4.63;4.78;4.58;4.68;4839349;79955512.00
2013/05/21;4.67;4.87;4.59;4.84;4098852;68931904.00
2013/05/22;4.83;4.83;4.62;4.72;3897982;64657284.00
2013/05/23;4.74;4.76;4.48;4.53;4615927;74463280.00
2013/05/24;4.48;4.74;4.45;4.73;3460891;56477044.00
2013/05/27;4.71;4.79;4.62;4.73;2876938;47788272.00
2013/05/28;4.73;4.73;4.51;4.52;2427430;39127940.00
2013/05/29;4.53;4.59;4.32;4.58;2948707;46490412.00
2013/05/30;4.52;4.65;4.47;4.62;2375614;38452588.00
2013/05/31;4.64;4.71;4.55;4.55;2089430;34258192.00
2013/06/03;4.55;4.60;4.39;4.44;1666943;26429642.00
2013/06/04;4.41;4.50;4.33;4.39;1653901;25774482.00
2013/06/05;4.39;4.59;4.39;4.54;1641373;26214032.00
2013/06/06;4.58;4.67;4.53;4.58;2098726;34136660.00
2013/06/07;4.58;4.65;4.41;4.58;1574456;25307878.00
2013/06/13;4.56;4.56;4.20;4.41;2158083;32934998.00
2013/06/14;4.48;4.58;4.32;4.55;2200549;34804048.00
2013/06/17;4.60;4.88;4.59;4.84;4349108;73042152.00
2013/06/18;4.82;4.84;4.68;4.79;2486037;41780020.00
2013/06/19;4.79;4.88;4.70;4.79;2701067;45473092.00
2013/06/20;4.77;4.78;4.41;4.43;2839552;46138608.00
2013/06/21;4.32;4.38;4.15;4.29;2386222;35998084.00
2013/06/24;4.26;4.29;3.84;3.84;2420914;34706612.00
2013/06/25;3.82;3.87;3.44;3.69;4813130;61409304.00
2013/06/26;3.69;3.88;3.63;3.84;2669121;35833072.00
2013/06/27;3.83;3.94;3.66;3.66;2632069;35516716.00
2013/06/28;3.65;3.73;3.47;3.56;2148314;27350056.00
2013/07/01;3.53;3.67;3.53;3.67;1346053;17393066.00
2013/07/02;3.70;3.90;3.65;3.87;2256336;30701104.00
2013/07/03;3.83;3.93;3.79;3.93;1905262;26296200.00
2013/07/04;3.91;4.02;3.85;3.89;1400269;19595430.00
2013/07/05;3.93;3.95;3.76;3.77;1936275;26601464.00
2013/07/08;3.72;3.72;3.52;3.53;1931825;24736140.00
2013/07/09;3.50;3.56;3.44;3.50;1288595;16064437.00
2013/07/10;3.49;3.63;3.44;3.61;1785115;22677754.00
2013/07/11;3.59;3.81;3.59;3.78;2549962;33779444.00
2013/07/12;3.78;3.87;3.67;3.69;2110315;28385822.00
2013/07/15;3.71;3.83;3.71;3.82;1927325;25938988.00
2013/07/16;3.85;3.94;3.81;3.91;2103612;29059924.00
2013/07/17;3.91;3.97;3.81;3.91;2327809;32250218.00
2013/07/18;3.88;4.11;3.85;4.06;4092184;58321868.00
2013/07/19;4.10;4.18;4.01;4.01;4098084;59423860.00
2013/07/22;4.01;4.12;3.95;4.09;1964832;28292684.00
2013/07/23;4.11;4.23;4.08;4.19;2265621;33317784.00
2013/07/24;4.18;4.28;4.11;4.28;2911723;43630644.00
2013/07/25;4.29;4.32;4.15;4.15;1821507;27339112.00
2013/07/26;4.15;4.20;4.03;4.12;1790819;26016122.00
2013/07/29;4.12;4.13;3.94;3.98;1974523;28199224.00
2013/07/30;3.96;4.03;3.79;3.92;1621020;22460162.00
2013/07/31;3.89;4.09;3.89;4.05;1598534;22787354.00
2013/08/01;4.12;4.38;4.06;4.33;3671221;55680656.00
2013/08/02;4.33;4.68;4.27;4.50;4969256;78887360.00
2013/08/05;4.47;4.59;4.41;4.54;2696106;42876904.00
2013/08/06;4.63;4.67;4.53;4.58;1848187;29837740.00
2013/08/07;4.58;4.61;4.35;4.43;2685163;42268540.00
2013/08/08;4.35;4.52;4.35;4.49;1503531;23735832.00
2013/08/09;4.49;4.51;4.34;4.38;1758989;27438962.00
2013/08/12;4.38;4.48;4.36;4.43;1520929;23763414.00
2013/08/13;4.49;4.59;4.47;4.51;2062530;32967102.00
2013/08/14;4.47;4.55;4.42;4.49;1608277;25462472.00
2013/08/15;4.48;4.52;4.35;4.35;1549249;24245334.00
2013/08/16;4.34;4.42;4.23;4.23;1569325;24022138.00
2013/08/19;4.23;4.48;4.20;4.46;2248171;34728708.00
2013/08/20;4.45;4.61;4.41;4.58;3160648;50921188.00
2013/08/21;4.57;4.64;4.50;4.60;1737489;28109986.00
2013/08/22;4.60;4.64;4.50;4.50;1521061;24482052.00
2013/08/23;4.50;4.76;4.50;4.70;3500652;57209020.00
2013/08/26;4.69;4.86;4.69;4.78;3800609;64267808.00
2013/08/27;4.75;4.80;4.62;4.70;2002419;33102312.00
2013/08/28;4.67;4.74;4.60;4.73;2031730;33518066.00
2013/08/29;4.71;4.79;4.63;4.68;1692941;28062152.00
2013/08/30;4.67;4.70;4.49;4.53;2160705;35063524.00
2013/09/02;4.53;4.63;4.47;4.60;948059;15301708.00
2013/09/03;4.59;4.88;4.54;4.88;2806899;47158368.00
2013/09/04;4.91;4.97;4.82;4.88;2430309;41953724.00
2013/09/05;4.87;5.10;4.82;4.97;2330017;40583236.00
2013/09/06;5.00;5.22;4.85;5.08;3073534;55258796.00
2013/09/09;5.06;5.12;4.96;4.99;1968949;34742692.00
2013/09/10;4.98;4.99;4.87;4.94;1616894;28007688.00
2013/09/11;4.95;5.08;4.77;5.01;2037555;35237512.00
2013/09/12;4.99;4.99;4.89;4.94;1322530;22984796.00
2013/09/13;4.88;5.03;4.88;4.93;863169;15030031.00
2013/09/16;4.93;5.07;4.89;5.00;1100596;19367510.00
2013/09/17;4.94;5.03;4.81;4.81;959288;16519544.00
2013/09/18;4.84;4.90;4.77;4.88;1211028;20665086.00
2013/09/23;4.88;5.03;4.80;5.02;1720295;29695498.00
2013/09/24;4.97;5.05;4.90;5.05;1339685;23516538.00
2013/09/25;5.04;5.04;4.87;4.88;1418377;24616156.00
2013/09/26;4.88;4.90;4.77;4.78;1169400;19909172.00
2013/09/27;4.82;4.87;4.78;4.78;1019492;17315740.00
2013/09/30;4.78;4.82;4.62;4.71;1833800;30383332.00
2013/10/08;4.80;4.82;4.62;4.74;1798666;29916920.00
2013/10/09;4.74;4.79;4.69;4.78;1491017;25009376.00
2013/10/10;4.79;4.79;4.65;4.65;1243525;20679652.00
2013/10/11;4.65;4.78;4.65;4.78;1345190;22415080.00
2013/10/14;4.78;4.85;4.73;4.83;1182596;20026214.00
2013/10/15;4.85;4.85;4.65;4.65;1141600;19078024.00
2013/10/16;4.64;4.70;4.48;4.52;1583774;25523392.00
2013/10/17;4.55;4.56;4.46;4.49;1159129;18476912.00
2013/10/18;4.50;4.63;4.49;4.56;740927;11905582.00
2013/10/21;4.59;4.68;4.59;4.68;826956;13560989.00
2013/10/22;4.64;4.70;4.59;4.64;895275;14683344.00
2013/10/23;4.64;4.71;4.56;4.60;801158;13140085.00
2013/10/24;4.53;4.63;4.53;4.55;515311;8329801.00
2013/10/25;4.54;4.70;4.54;4.63;1262827;20709090.00
2013/10/28;4.58;4.64;4.54;4.61;736635;11930004.00
2013/10/29;4.59;4.64;4.29;4.58;1256354;19902096.00
2013/10/30;4.49;4.58;4.49;4.54;586064;9397451.00
2013/10/31;4.56;4.56;4.43;4.47;1056201;16688445.00
2013/11/01;4.47;4.49;4.34;4.35;511421;7934941.50
2013/11/04;4.40;4.43;4.34;4.38;469471;7280415.00
2013/11/05;4.38;4.53;4.34;4.50;685367;10756763.00
2013/11/06;4.49;4.61;4.43;4.51;748159;11993842.00
2013/11/07;4.51;4.58;4.48;4.49;496578;7932829.50
2013/11/08;4.48;4.57;4.40;4.43;515735;8093516.00
2013/11/11;4.47;4.55;4.38;4.52;1092035;17177606.00
2013/11/12;4.53;4.56;4.48;4.54;545884;8714842.00
2013/11/13;4.53;4.53;4.46;4.49;412995;6563504.50
2013/11/14;4.47;4.61;4.45;4.58;630585;10168917.00
2013/11/15;4.59;4.78;4.59;4.69;1302775;21696310.00
2013/11/18;4.69;4.76;4.64;4.70;1171096;19471850.00
2013/11/19;4.76;4.76;4.66;4.72;695538;11531985.00
2013/11/20;4.72;4.75;4.68;4.74;744628;12384142.00
2013/11/21;4.73;4.73;4.59;4.63;1186898;19492480.00
2013/11/22;4.66;4.66;4.56;4.59;744000;12077867.00
2013/11/25;4.59;4.66;4.56;4.63;673570;10984296.00
2013/11/26;4.63;4.82;4.63;4.79;1600111;26839044.00
2013/11/27;4.79;4.88;4.76;4.81;1196655;20410378.00
2013/11/28;4.81;4.87;4.76;4.82;1309187;22185394.00
2013/11/29;4.82;5.20;4.82;5.12;3284497;57916876.00
2013/12/02;4.85;5.00;4.63;4.83;3012668;51624468.00
2013/12/03;4.78;5.14;4.72;5.09;2149777;37834244.00
2013/12/04;5.08;5.37;5.04;5.20;3129835;57736780.00
2013/12/05;5.18;5.38;5.12;5.27;2718843;50172272.00
2013/12/06;5.23;5.33;5.06;5.17;1825044;33127564.00
2013/12/09;5.19;5.26;5.09;5.20;1270435;23189158.00
2013/12/10;5.21;5.47;5.15;5.40;2580903;48557576.00
2013/12/11;5.40;5.40;5.15;5.26;1919230;35491312.00
2013/12/12;5.22;5.30;5.20;5.28;1040039;19224536.00
2013/12/13;5.23;5.28;5.15;5.26;1321652;24238964.00
2013/12/16;5.20;5.25;5.07;5.12;1327550;24001456.00
2013/12/17;5.12;5.20;5.11;5.13;687268;12453221.00
2013/12/18;5.14;5.25;5.12;5.16;729817;13344142.00
2013/12/19;5.22;5.22;4.98;4.99;1240676;22188130.00
2013/12/20;5.26;5.26;4.91;5.00;1031760;18279446.00
2013/12/23;4.97;5.00;4.79;4.88;852998;14652880.00
2013/12/24;4.86;5.01;4.86;5.01;798596;13932204.00
2013/12/25;5.01;5.12;4.94;5.10;1267913;22678336.00
2013/12/26;5.13;5.15;4.96;4.98;1136260;20209304.00
2013/12/27;4.98;5.18;4.94;5.15;1273538;22718996.00
2013/12/30;5.16;5.25;5.13;5.18;900801;16407229.00
2013/12/31;5.18;5.26;5.07;5.19;1037148;18867484.00
2014/01/02;5.20;5.44;5.20;5.39;2692252;50411644.00
2014/01/03;5.38;5.41;5.22;5.25;2331537;43361372.00
2014/01/06;5.25;5.25;5.13;5.15;1315327;23933270.00
2014/01/07;5.13;5.24;5.09;5.16;1185287;21494024.00
2014/01/08;5.18;5.29;5.16;5.19;1461621;26794542.00
2014/01/09;5.20;5.32;5.06;5.08;1237062;22679050.00
2014/01/10;5.00;5.04;4.83;4.83;1918361;33272984.00
2014/01/13;4.85;4.93;4.65;4.78;1584154;26897454.00
2014/01/14;4.77;4.96;4.77;4.96;1036066;17882428.00
2014/01/15;4.95;5.12;4.94;5.08;1015724;18061970.00
2014/01/16;5.10;5.20;5.03;5.03;1024097;18443414.00
2014/01/17;4.90;4.90;4.77;4.77;2827713;48007836.00
2014/01/20;4.77;4.93;4.77;4.80;1025185;17458306.00
2014/01/21;4.81;4.93;4.81;4.88;897306;15410049.00
2014/01/22;4.88;4.99;4.88;4.98;1109370;19291908.00
2014/01/23;4.99;5.11;4.97;5.04;1141102;20255468.00
2014/01/24;5.04;5.14;5.04;5.07;1137094;20368488.00
2014/01/27;5.07;5.24;5.06;5.17;1713336;31166140.00
2014/01/28;5.17;5.27;5.12;5.16;1010626;18454714.00
2014/01/29;5.16;5.26;5.16;5.26;892923;16397178.00
2014/01/30;5.29;5.31;5.20;5.26;972885;17960252.00
2014/02/07;5.22;5.80;5.13;5.62;3606511;69782400.00
2014/02/10;5.68;5.98;5.66;5.94;3826599;78594736.00
2014/02/11;5.91;5.96;5.73;5.92;2326616;47797452.00
2014/02/12;5.95;5.98;5.81;5.92;1697165;34954504.00
2014/02/13;5.93;6.02;5.79;5.85;2067908;42869064.00
2014/02/14;5.85;6.00;5.82;5.99;1934029;40320132.00
2014/02/17;6.09;6.56;6.09;6.50;3250526;72055120.00
2014/02/18;6.47;6.70;6.32;6.40;2977602;67774064.00
2014/02/19;6.45;6.59;6.35;6.53;1419299;32061206.00
2014/02/20;6.54;6.57;6.26;6.38;1424450;31910108.00
2014/02/21;6.33;6.56;6.30;6.54;1339013;30044040.00
2014/02/24;6.78;7.06;6.58;6.81;2575432;61200776.00
2014/02/25;6.75;7.03;6.14;6.32;3269736;75328256.00
2014/02/26;6.32;6.47;5.97;6.35;1888039;41329556.00
2014/02/27;6.41;6.42;5.96;5.96;2542075;54820996.00
2014/02/28;5.95;6.09;5.85;6.02;1403685;29470002.00
2014/03/03;6.10;6.32;6.00;6.28;1246124;27026452.00
2014/03/04;6.28;6.34;6.17;6.25;744465;16225516.00
2014/03/05;6.32;6.52;6.25;6.29;1405811;31380050.00
2014/03/06;6.28;6.44;6.09;6.40;1171728;25722058.00
2014/03/07;6.35;6.53;6.33;6.33;772021;17250790.00
2014/03/10;6.26;6.32;6.05;6.23;868537;18811110.00
2014/03/11;6.18;6.26;6.05;6.07;846331;18153778.00
2014/03/12;6.07;6.10;5.70;5.85;1615038;33258556.00
2014/03/13;5.79;6.02;5.79;5.94;879113;18261532.00
2014/03/14;5.94;6.01;5.85;5.94;823301;17145866.00
2014/03/17;5.98;6.22;5.93;6.18;1072208;22991212.00
2014/03/18;6.19;6.41;6.15;6.20;1198901;26402816.00
2014/03/19;6.18;6.32;6.18;6.26;607174;13258803.00
2014/03/20;6.18;6.32;6.06;6.06;882559;19185472.00
2014/03/21;6.02;6.20;5.82;6.18;1167303;24555342.00
2014/03/24;6.18;6.33;6.15;6.25;1098793;24134680.00
2014/03/25;6.23;6.40;6.18;6.25;781592;17140688.00
2014/03/26;6.68;6.73;6.45;6.51;1742301;39772820.00
2014/03/27;6.54;6.59;6.36;6.48;1234978;28068990.00
2014/03/28;6.43;6.46;6.06;6.12;1310807;28556626.00
2014/03/31;6.25;6.37;6.15;6.29;1317683;28920870.00
2014/04/01;6.26;6.84;6.26;6.84;3179459;73826720.00
2014/04/02;6.87;7.08;6.63;6.70;2948589;70099136.00
2014/04/03;6.66;7.00;6.55;7.00;3007051;71711960.00
2014/04/04;6.92;7.06;6.86;6.92;2239309;54272068.00
2014/04/08;6.97;6.99;6.75;6.86;1869922;44640500.00
2014/04/09;6.86;7.03;6.81;6.89;1580762;38148168.00
2014/04/10;6.88;7.35;6.82;7.25;3615124;90386272.00
2014/04/11;7.12;7.19;6.95;7.12;2101466;51846396.00
2014/04/14;7.13;7.60;7.10;7.53;3188514;83032456.00
2014/04/15;7.49;7.84;7.38;7.81;4065713;109065952.00
2014/04/16;7.76;7.91;7.55;7.82;3108084;83526680.00
2014/04/17;7.76;7.84;7.52;7.52;2208191;58771156.00
2014/04/18;7.57;7.60;7.35;7.52;1556509;40544496.00
2014/04/21;7.47;7.59;7.42;7.43;1305533;34022164.00
2014/04/22;7.42;7.49;6.83;7.04;3059464;75960944.00
2014/04/23;7.03;7.10;6.79;6.86;1734117;41863460.00
2014/04/24;6.82;7.02;6.79;6.97;1470395;35467676.00
2014/04/25;6.92;7.03;6.55;6.63;2016028;47316996.00
2014/04/28;6.64;6.65;6.31;6.40;1201280;27005448.00
2014/04/29;6.40;6.70;6.34;6.70;1686581;38724072.00
2014/04/30;6.69;6.78;6.63;6.70;1090495;25561472.00
2014/05/05;6.76;6.94;6.68;6.91;1389400;32975500.00
2014/05/06;6.91;7.05;6.85;6.91;1197094;29090344.00
2014/05/07;6.88;6.88;6.58;6.63;994202;23304766.00
2014/05/08;6.59;6.79;6.57;6.59;810769;18926346.00
2014/05/09;6.60;6.65;6.36;6.52;881927;19923254.00
2014/05/12;6.60;6.70;6.51;6.67;864653;19964750.00
2014/05/13;6.66;6.75;6.54;6.61;593203;13749631.00
2014/05/14;6.61;6.70;6.54;6.65;777813;17964892.00
2014/05/15;6.63;6.82;6.60;6.73;1312435;30912070.00
2014/05/16;6.74;6.87;6.65;6.86;1727877;41000780.00
2014/05/19;6.85;6.85;6.70;6.75;1105945;26113808.00
2014/05/20;6.87;7.09;6.87;7.00;2112713;51505204.00
2014/05/21;7.03;7.09;6.91;7.08;1184017;29069242.00
2014/05/22;7.09;7.17;7.01;7.02;1510247;37284220.00
2014/05/23;7.03;7.11;6.86;7.08;1311178;31882960.00
2014/05/26;7.06;7.26;7.06;7.21;1622103;40539408.00
2014/05/27;7.21;7.23;7.11;7.12;939030;23442792.00
2014/05/28;7.13;7.17;7.04;7.15;1002704;24857460.00
2014/05/29;7.16;7.30;6.88;6.97;2089217;51911388.00
2014/05/30;6.93;7.02;6.76;6.91;1735578;41530064.00
2014/06/03;6.90;6.97;6.85;6.87;985960;23805204.00
2014/06/04;6.84;6.90;6.75;6.79;708271;16810312.00
2014/06/05;6.79;7.05;6.79;7.02;1302657;31636248.00
2014/06/06;7.04;7.11;6.97;7.10;1268724;31090716.00
2014/06/09;7.08;7.42;7.07;7.15;2518494;63737524.00
2014/06/10;7.16;7.37;7.11;7.22;1922711;48280812.00
2014/06/11;7.22;7.37;7.16;7.35;2273202;57586252.00
2014/06/12;7.37;7.41;7.23;7.31;1487833;37915312.00
2014/06/13;7.24;7.35;7.24;7.26;1778116;45102104.00
2014/06/16;7.27;7.37;7.27;7.35;1295068;33008962.00
2014/06/17;7.35;7.61;7.32;7.53;2674580;70088192.00
2014/06/18;7.54;7.61;7.18;7.23;2179577;55659628.00
2014/06/19;7.25;7.32;7.04;7.13;1793125;44793468.00
2014/06/20;7.17;7.25;7.05;7.25;999707;24998570.00
2014/06/23;7.46;7.50;7.27;7.36;2149175;55143296.00
2014/06/24;7.35;7.37;7.18;7.22;1481826;37428288.00
2014/06/25;7.18;7.28;7.08;7.27;1306132;32606376.00
2014/06/26;7.27;7.47;7.26;7.46;2145227;55214224.00
2014/06/27;7.41;7.55;7.41;7.46;2442579;63551716.00
2014/06/30;7.47;7.58;7.21;7.58;5539405;70812944.00
2014/07/01;7.58;7.82;7.47;7.79;6406654;84433576.00
2014/07/02;7.79;7.91;7.69;7.76;5167662;69330456.00
2014/07/03;7.78;7.81;7.61;7.71;3554926;47147892.00
2014/07/04;7.69;7.75;7.61;7.71;2517611;33325702.00
2014/07/07;7.71;7.93;7.71;7.91;4561686;61922492.00
2014/07/08;7.93;7.98;7.72;7.89;3087703;41681616.00
2014/07/09;7.85;7.95;7.75;7.76;2749936;37284904.00
2014/07/10;7.75;7.85;7.68;7.68;2154272;28835022.00
2014/07/11;7.69;7.73;7.56;7.64;2323261;30690688.00
2014/07/14;7.65;7.86;7.59;7.85;2422550;32265304.00
2014/07/15;7.84;7.94;7.73;7.78;2636246;35662708.00
2014/07/16;7.78;7.81;7.40;7.45;4102687;53381124.00
2014/07/17;7.40;7.72;7.40;7.62;2801569;36715132.00
2014/07/18;7.65;7.70;7.53;7.55;2036179;26731546.00
2014/07/21;7.55;7.61;7.42;7.60;1688563;21934590.00
2014/07/22;7.59;7.62;7.35;7.49;3367636;43321164.00
2014/07/23;7.47;7.48;7.23;7.25;2913131;36961284.00
2014/07/24;7.26;7.33;7.00;7.21;2090052;25826164.00
2014/07/25;7.18;7.18;6.94;7.09;3767007;45838848.00
2014/07/28;7.06;7.21;6.98;7.20;3101871;37985404.00
2014/07/29;7.21;7.38;7.13;7.29;3125176;39329080.00
2014/07/30;7.31;7.42;7.26;7.34;2320875;29397426.00
2014/07/31;7.35;7.37;7.25;7.37;2218499;28017676.00
2014/08/01;7.33;7.34;7.21;7.22;2848669;35803736.00
2014/08/04;7.23;7.31;7.21;7.29;1971877;24789090.00
2014/08/05;7.29;7.43;7.20;7.42;3699870;46833656.00
2014/08/06;7.39;7.48;7.36;7.42;2793988;35782340.00
2014/08/07;7.41;8.18;7.41;8.18;14892242;204608672.00
2014/08/08;8.12;8.22;7.94;8.21;13140127;182971120.00
2014/08/11;8.23;8.87;8.13;8.67;15737476;229314848.00
2014/08/12;8.63;8.81;8.48;8.72;10145190;151245760.00
2014/08/13;8.65;8.76;8.49;8.60;7239168;107403304.00
2014/08/14;8.53;8.88;8.42;8.42;9070565;135883408.00
2014/08/15;8.47;8.56;8.33;8.43;6094013;88639176.00
2014/08/18;8.53;8.72;8.50;8.64;5080993;75175928.00
2014/08/19;8.64;8.67;8.45;8.54;4504449;66196076.00
2014/08/20;8.51;8.53;8.35;8.38;4319469;62793268.00
2014/08/21;8.36;8.70;8.35;8.69;5595476;82131712.00
2014/08/22;8.75;8.75;8.47;8.56;4609194;68025504.00
2014/08/25;8.52;8.53;8.34;8.39;3534837;51260036.00
2014/08/26;8.41;8.55;8.23;8.29;2939249;42572076.00
2014/08/27;8.26;8.51;8.25;8.45;2954924;42567832.00
2014/08/28;8.45;8.49;8.32;8.35;2717795;39422800.00
2014/08/29;8.35;8.65;8.29;8.63;4543167;66850704.00
2014/09/01;8.61;8.78;8.54;8.78;5107524;76271128.00
2014/09/02;8.82;8.83;8.68;8.75;5041128;75914240.00
2014/09/03;8.75;8.81;8.63;8.72;4952862;74289888.00
2014/09/04;8.72;8.85;8.71;8.81;5017971;75899872.00
2014/09/05;8.82;8.83;8.61;8.71;4281690;64142440.00
2014/09/09;8.66;8.71;8.55;8.63;3465564;51450132.00
2014/09/10;8.62;8.78;8.47;8.76;4169134;62138892.00
2014/09/11;8.76;9.18;8.71;9.01;9814819;151478768.00
2014/09/12;8.92;9.03;8.84;8.97;4268029;65718764.00
2014/09/15;9.00;9.02;8.83;9.02;4827381;74201960.00
2014/09/16;9.02;9.02;8.58;8.59;5140829;78100528.00
2014/09/17;8.59;8.64;8.35;8.42;3942318;57525932.00
2014/09/18;8.42;8.51;8.39;8.45;2378318;34597640.00
2014/09/19;8.46;8.62;8.43;8.59;2410920;35420612.00
2014/09/22;8.59;8.59;8.34;8.35;2498955;36275720.00
2014/09/23;8.40;8.45;8.32;8.43;2683801;38797732.00
2014/09/24;8.43;8.62;8.35;8.56;3717760;54415644.00
2014/09/25;8.56;8.65;8.47;8.50;3979688;58660500.00
2014/09/26;8.55;8.55;8.36;8.42;2687377;38974584.00
2014/09/29;8.42;8.63;8.42;8.60;2901852;42720340.00
2014/09/30;8.59;8.79;8.57;8.79;4188392;62778956.00
2014/10/08;8.82;9.01;8.77;8.96;5986163;92036688.00
2014/10/09;9.00;9.05;8.82;8.98;4770225;73470112.00
2014/10/10;8.98;9.03;8.82;8.85;4097243;62988572.00
2014/10/13;8.81;8.81;8.62;8.76;3048122;45631696.00
2014/10/14;8.76;8.92;8.73;8.80;2933970;44586060.00
2014/10/15;8.80;8.81;8.63;8.70;2384208;35783172.00
2014/10/16;8.63;8.79;8.56;8.56;2621992;39160944.00
2014/10/17;8.56;8.61;8.36;8.45;2351286;34256400.00
2014/10/20;8.46;8.63;8.41;8.62;1612181;23787822.00
2014/10/21;8.68;8.91;8.65;8.71;3404667;51588744.00
2014/10/22;8.62;8.79;8.53;8.55;2208730;33068936.00
2014/10/23;8.44;8.44;7.98;8.00;5462770;76951616.00
2014/10/24;8.01;8.09;7.83;7.89;2684485;36780456.00
2014/10/27;7.92;7.98;7.80;7.97;1751359;23916326.00
2014/10/28;7.96;8.41;7.96;8.38;4066089;58295276.00
2014/10/29;8.46;8.58;8.39;8.51;3475329;50793972.00
2014/10/30;8.51;8.53;8.40;8.49;2331242;34000472.00
2014/10/31;8.48;8.55;8.40;8.46;1800433;26264790.00
2014/11/03;8.46;8.71;8.46;8.65;2696045;40095268.00
2014/11/04;8.69;8.72;8.44;8.52;2127011;31211518.00
2014/11/05;8.52;8.68;8.52;8.62;2616213;38898144.00
2014/11/06;8.61;8.75;8.54;8.73;2187330;32725882.00
2014/11/07;8.73;8.80;8.56;8.56;1835535;27361748.00
2014/11/10;8.58;8.72;8.56;8.63;1277911;18988008.00
2014/11/11;8.63;8.65;8.19;8.33;2983491;42997192.00
2014/11/12;8.41;8.41;8.24;8.40;1067652;15342169.00
2014/11/13;8.40;8.40;8.09;8.23;1829778;25963864.00
2014/11/14;8.20;8.32;8.16;8.27;1260526;17914260.00
2014/11/17;8.34;8.62;8.27;8.51;2281092;33478972.00
2014/11/18;8.44;8.65;8.44;8.61;1880659;27779536.00
2014/11/19;8.54;8.76;8.54;8.71;3766531;56399012.00
2014/11/20;8.69;8.73;8.59;8.66;1879200;27982152.00
2014/11/21;8.66;8.85;8.63;8.79;3871790;58511808.00
2014/11/24;8.79;8.88;8.71;8.77;3073399;46484572.00
2014/11/25;8.78;8.84;8.71;8.75;3107319;46895160.00
2014/11/26;8.72;8.85;8.63;8.76;2922808;44016488.00
2014/11/27;8.75;8.81;8.66;8.80;2727751;40918152.00
2014/11/28;8.76;9.69;8.74;9.67;11882165;188560832.00
2014/12/01;9.57;9.59;9.15;9.32;8841150;143202592.00
2014/12/02;9.22;10.05;9.19;9.71;9814139;164186704.00
2014/12/03;9.76;10.29;9.60;9.90;9177012;156649232.00
2014/12/04;9.90;10.07;9.65;9.85;7590909;128285248.00
2014/12/05;9.65;9.79;9.06;9.21;7929860;127335544.00
2014/12/08;9.05;9.39;8.93;9.11;4057342;63836256.00
2014/12/09;9.11;9.11;8.41;8.46;6727391;100855784.00
2014/12/10;8.44;8.76;8.39;8.72;2835721;42184476.00
2014/12/11;8.73;8.86;8.56;8.78;2407356;36166036.00
2014/12/12;8.90;8.99;8.70;8.88;2560822;38865244.00
2014/12/15;8.86;8.99;8.74;8.97;2434696;37220592.00
2014/12/16;8.95;8.95;8.69;8.78;3125841;47259560.00
2014/12/17;8.76;8.76;8.47;8.59;2634680;39005404.00
2014/12/18;8.59;8.66;8.47;8.54;1803718;26608464.00
2014/12/19;8.54;8.63;8.21;8.24;2659238;38175592.00
2014/12/22;8.26;8.31;7.41;7.55;3400377;45191328.00
2014/12/23;7.55;7.73;7.51;7.53;1512002;19953428.00
2014/12/24;7.62;7.93;7.62;7.92;1447991;19417554.00
2014/12/25;7.93;8.21;7.93;8.02;1816145;25248076.00
2014/12/26;8.03;8.19;7.56;7.81;2771846;37026388.00
2014/12/29;7.76;7.76;7.42;7.51;2151489;27937864.00
2014/12/30;7.58;7.61;7.47;7.53;1219077;15844767.00
2014/12/31;7.61;7.63;7.48;7.57;917893;11951069.00
2015/01/05;7.55;7.55;7.12;7.39;3251510;40747792.00
2015/01/06;7.35;7.78;7.19;7.72;2762239;35806804.00
2015/01/07;7.62;7.71;7.49;7.56;2064120;26983022.00
2015/01/08;7.49;7.64;7.32;7.54;1331085;17394102.00
2015/01/09;7.59;7.88;7.55;7.71;3034691;40576384.00
2015/01/12;7.71;7.82;7.53;7.61;2002286;26443220.00
2015/01/13;7.59;7.80;7.50;7.78;2387687;31684222.00
2015/01/14;7.78;7.82;7.66;7.71;1266981;16862872.00
2015/01/15;7.73;7.74;7.59;7.61;1574628;20790958.00
2015/01/16;7.59;7.78;7.55;7.77;2532310;33468214.00
2015/01/19;7.59;7.88;7.53;7.63;3096623;41210452.00
2015/01/20;7.61;8.09;7.61;8.05;4445807;60622924.00
2015/01/21;8.06;8.29;8.06;8.16;4076556;57416060.00
2015/01/22;8.16;8.28;8.09;8.25;2628749;37133388.00
2015/01/23;8.26;8.29;7.99;8.06;2559804;35840500.00
2015/01/26;8.02;8.24;8.02;8.23;2098973;29668406.00
2015/01/27;8.29;8.41;8.11;8.29;2457935;35022300.00
2015/01/28;8.28;8.51;8.21;8.39;2739199;39656596.00
2015/01/29;8.29;8.32;8.12;8.29;1832007;26020814.00
2015/01/30;8.93;8.93;8.51;8.52;7125610;107035424.00
2015/02/02;8.41;8.75;8.26;8.62;3608157;53489372.00
2015/02/03;8.62;8.86;8.53;8.75;4111271;61834972.00
2015/02/04;8.71;8.81;8.61;8.64;2684417;40211684.00
2015/02/05;8.68;8.91;8.64;8.73;3883498;58871292.00
2015/02/06;8.73;8.79;8.41;8.42;2583003;38134428.00
2015/02/09;8.43;8.55;8.17;8.21;1760693;25360728.00
2015/02/10;8.21;8.39;8.05;8.31;3154215;44227276.00
2015/02/11;8.30;8.66;8.24;8.63;2990449;43698712.00
2015/02/12;8.66;8.76;8.59;8.62;2551614;38082708.00
2015/02/13;8.67;8.76;8.63;8.71;3685099;55268160.00
2015/02/16;8.72;8.90;8.71;8.88;3275323;49917916.00
2015/02/17;8.89;8.93;8.76;8.84;2048008;31151736.00
2015/02/25;8.86;8.86;8.72;8.76;1921174;29074860.00
2015/02/26;8.79;8.82;8.63;8.73;1993312;29966536.00
2015/02/27;8.71;8.92;8.71;8.90;2996034;45587268.00
2015/03/02;9.03;9.24;9.03;9.24;5198516;81913816.00
2015/03/03;9.21;9.31;9.06;9.08;4106091;64823896.00
2015/03/04;9.12;9.41;9.12;9.31;4071248;65159752.00
2015/03/05;9.33;9.39;9.15;9.25;3343498;53112200.00
2015/03/06;9.22;9.29;8.98;8.98;3673571;57405952.00
2015/03/09;8.93;9.17;8.89;9.15;2326889;36378128.00
2015/03/10;9.12;9.44;9.07;9.44;4717657;75753984.00
2015/03/11;9.45;9.70;9.29;9.32;3892307;63245496.00
2015/03/12;9.32;9.45;9.06;9.16;3282703;52262992.00
2015/03/13;9.21;9.49;9.18;9.45;3500640;56432288.00
2015/03/16;9.49;9.88;9.49;9.75;6192128;103810200.00
2015/03/17;9.89;9.97;9.63;9.81;6249435;105269968.00
2015/03/18;9.77;10.32;9.77;10.26;7022851;121904776.00
2015/03/19;10.28;10.28;10.01;10.18;4934158;85848160.00
2015/03/20;10.21;10.53;10.16;10.52;6136487;109754544.00
2015/03/23;10.62;11.59;10.62;11.59;14321301;280340576.00
2015/03/24;11.89;12.76;11.23;12.58;18268153;375442688.00
2015/03/25;12.28;13.80;11.99;13.37;15025322;332172096.00
2015/03/26;13.41;13.50;12.35;12.49;11038250;243601936.00
2015/03/27;12.16;12.82;12.15;12.66;7180795;153796592.00
2015/03/30;12.59;12.88;12.23;12.40;5823947;124241192.00
2015/03/31;11.76;13.35;11.76;12.78;10835005;231458368.00
2015/04/01;12.59;14.07;12.59;14.07;18268587;432258080.00
2015/04/02;14.47;15.49;14.12;15.03;15240412;386842336.00
2015/04/03;15.02;16.17;14.76;15.68;10115170;267711024.00
2015/04/07;15.41;16.50;14.58;16.01;14483000;384482272.00
2015/04/08;15.88;15.88;15.17;15.18;10141377;267715248.00
2015/04/09;15.18;15.18;13.65;14.63;13525200;329502144.00
2015/04/10;14.71;15.29;14.71;14.94;9503576;244119584.00
2015/04/13;15.12;15.71;14.93;15.35;7818471;205365200.00
2015/04/14;15.36;16.60;15.18;16.29;11278078;310302944.00
2015/04/15;16.12;16.23;15.18;15.23;7970722;212953616.00
2015/04/16;14.65;15.82;14.42;15.30;5472415;143086912.00
2015/04/17;15.32;15.65;14.51;14.52;9516010;240261440.00
2015/04/20;14.59;14.59;13.65;13.66;7610002;181788528.00
2015/04/21;13.67;14.25;13.67;14.06;4817962;115708568.00
2015/04/22;14.24;15.48;14.24;15.48;10671268;279122368.00
2015/04/23;15.76;15.93;15.09;15.44;7679303;204062208.00
2015/04/24;15.18;15.73;15.00;15.47;5457446;144210464.00
2015/06/24;17.02;17.02;17.02;17.02;321280;5477824.00
2015/06/25;18.73;18.73;18.73;18.73;183617;3444655.00
2015/06/26;18.97;18.97;16.85;16.85;31247084;544905408.00
2015/06/29;16.99;17.27;15.16;15.16;16829432;261134512.00
2015/06/30;13.64;16.68;13.64;16.68;22209915;334131040.00
2015/07/01;17.44;18.27;15.17;15.81;17611281;301104864.00
2015/07/02;15.77;15.77;14.23;14.23;11152163;164728272.00
2015/07/03;12.82;14.57;12.80;12.80;11519569;151400992.00
2015/07/06;13.97;13.99;11.52;11.52;13051498;163397184.00
2015/07/07;10.37;10.54;10.37;10.37;5401500;56193408.00
2015/07/15;11.41;11.41;10.98;11.41;23093199;263173200.00
2015/07/16;10.27;11.79;10.27;10.97;18276632;202117152.00
2015/07/17;10.90;12.07;10.67;12.07;18586110;216828976.00
2015/07/20;12.27;12.71;11.61;12.04;21169181;259267152.00
2015/07/21;11.87;13.25;11.47;13.25;22774687;287157408.00
2015/07/22;13.45;14.57;12.98;14.20;23051408;313930752.00
2015/07/23;13.97;14.63;13.82;14.12;18421378;261108720.00
2015/07/24;14.23;14.26;12.87;13.27;16763179;230517936.00
2015/07/27;12.95;13.64;11.94;11.94;11049438;142311616.00
2015/07/28;10.77;11.76;10.74;10.85;17800302;196362768.00
2015/07/29;11.37;11.74;10.57;11.72;11268970;125678184.00
2015/07/30;11.72;12.15;11.16;11.27;10640358;126131160.00
2015/07/31;11.02;11.62;10.98;11.28;6239871;70812768.00
2015/08/03;11.29;11.53;10.15;10.27;9498743;102447376.00
2015/08/04;10.28;11.29;10.28;11.29;9376013;101183408.00
2015/08/05;11.29;11.59;10.80;10.98;9406870;105737152.00
2015/08/06;10.72;11.02;10.66;10.87;4986058;54247640.00
2015/08/07;10.78;11.27;10.78;11.25;9009403;100616056.00
2015/08/10;11.42;12.02;11.22;12.01;10814785;127144432.00
2015/08/11;12.22;12.35;11.79;12.05;10439372;126815000.00
2015/08/12;11.77;12.07;11.47;11.59;9318770;110169312.00
2015/08/13;11.57;11.95;11.39;11.94;7274710;85251984.00
2015/08/14;12.07;12.25;11.83;12.00;10220146;123200048.00
2015/08/17;11.93;13.20;11.79;13.20;12890972;161109904.00
2015/08/18;13.55;13.55;11.88;11.88;17649939;224526944.00
2015/08/19;11.27;12.41;10.79;12.20;10954965;126928328.00
2015/08/20;11.97;12.22;11.35;11.54;8085428;95547512.00
2015/08/21;11.08;11.43;10.62;10.70;6550720;72365536.00
2015/08/24;10.21;10.31;9.63;9.63;5461000;53343016.00
2015/08/25;8.67;8.96;8.66;8.66;6147085;53699444.00
2015/08/26;8.47;8.93;7.79;7.94;9147886;76633856.00
2015/08/27;8.26;8.41;7.59;8.27;6697153;54245604.00
2015/08/28;8.37;8.94;8.27;8.87;7376584;63295032.00
2015/08/31;8.87;8.87;8.32;8.39;5954654;51139228.00
2015/09/01;8.32;8.38;7.55;7.55;5858138;46099524.00
2015/09/02;6.99;7.87;6.99;7.33;5541975;41614196.00
2015/09/07;7.51;7.81;7.37;7.57;4180394;32243076.00
2015/09/08;7.47;8.15;7.38;8.13;4760294;37132284.00
2015/09/09;8.17;8.65;8.17;8.54;7801024;66129720.00
2015/09/10;8.46;8.64;8.25;8.30;4709114;39867896.00
2015/09/11;8.30;8.52;8.25;8.43;3547120;29842910.00
2015/09/14;8.52;8.52;7.58;7.58;4766882;37785112.00
2015/09/15;7.37;7.40;6.83;6.83;4216207;30130674.00
2015/09/16;6.83;7.52;6.83;7.52;4210237;30318450.00
2015/09/17;7.65;7.91;7.37;7.45;5138738;39316048.00
2015/09/18;7.46;7.63;7.23;7.48;3627445;27126694.00
2015/09/21;7.01;7.85;7.00;7.76;5997038;45121696.00
2015/09/22;7.74;7.90;7.67;7.75;5838913;45642432.00
2015/09/23;7.54;7.75;7.26;7.45;9556307;71325032.00
2015/09/24;7.41;7.62;7.41;7.57;8574814;64489772.00
2015/09/25;7.47;7.49;6.88;7.08;11829540;86300656.00
2015/09/28;7.09;7.30;6.97;7.29;7506862;53794064.00
2015/09/29;7.12;7.14;6.93;7.01;14786545;104015136.00
2015/09/30;7.09;7.10;6.95;7.01;6854506;48415636.00
2015/10/08;7.22;7.62;7.18;7.55;14983904;111551680.00
2015/10/09;7.39;7.79;7.39;7.72;13618494;104115424.00
2015/10/12;7.86;8.50;7.80;8.50;11986879;98860712.00
2015/10/13;8.74;9.06;8.54;8.90;29654156;263305152.00
2015/10/14;8.78;9.35;8.59;9.01;20509495;184327952.00
2015/10/15;8.87;9.46;8.79;9.30;17546166;161283408.00
2015/10/16;9.57;9.60;9.16;9.46;18126465;170497408.00
2015/10/19;9.47;10.41;9.43;10.41;33241733;338877312.00
2015/10/20;10.84;11.45;10.62;11.45;22253059;247834576.00
2015/10/21;12.16;12.60;11.09;11.56;65210586;799700288.00
2015/10/22;11.37;12.27;10.97;11.87;52668815;616894464.00
2015/10/23;11.61;12.60;11.28;12.47;49173923;592621632.00
2015/10/26;12.37;12.37;11.22;11.47;37708724;439404224.00
2015/10/27;11.15;11.64;10.89;11.46;19681190;222301504.00
2015/10/28;11.23;11.55;10.67;10.72;17844137;198935632.00
2015/10/29;10.78;11.57;10.62;11.31;21514669;240613936.00
2015/10/30;11.17;12.19;10.75;11.33;24976431;289225056.00
2015/11/02;10.95;11.26;10.57;10.59;16212040;177119872.00
2015/11/03;10.41;10.70;10.30;10.37;10907085;114279424.00
2015/11/04;10.51;11.29;10.51;11.27;16285770;178342000.00
2015/11/05;11.27;11.42;10.68;11.04;18567984;205697968.00
2015/11/06;11.00;12.02;10.88;11.47;24701079;285207168.00
2015/11/09;11.39;12.42;10.86;12.24;28041073;332254912.00
2015/11/10;12.32;13.47;11.97;13.47;37837951;495825472.00
2015/11/11;13.09;14.47;12.98;13.87;31419918;435791904.00
2015/11/12;13.48;13.89;13.16;13.47;19883719;269100992.00
2015/11/13;13.25;13.30;12.38;12.65;16506821;213151296.00
2015/11/16;12.29;13.67;12.04;13.60;15537771;204282272.00
2015/11/17;13.61;14.24;13.09;13.47;18501476;253868192.00
2015/11/18;13.43;13.56;12.98;13.00;9158135;121725384.00
2015/11/19;13.03;14.17;13.01;14.04;17854040;244237200.00
2015/11/20;14.05;15.07;13.97;14.68;21254122;312541280.00
2015/11/23;15.04;16.07;14.34;14.68;32803222;507934720.00
2015/11/24;14.77;16.15;14.32;16.15;24482304;376185088.00
2015/11/25;16.15;17.25;15.74;16.70;20161105;332047200.00
2015/11/26;16.57;17.93;16.28;17.06;14377488;248333552.00
2015/11/27;16.88;17.99;15.97;16.35;16409271;282972960.00
2015/11/30;16.38;16.95;14.77;16.16;22215318;348633504.00
2015/12/01;16.16;16.16;14.54;14.82;15430506;235678464.00
2015/12/02;14.82;14.86;13.37;14.12;14442338;202105776.00
2015/12/03;14.17;14.63;14.07;14.61;15112841;217091232.00
2015/12/04;14.57;15.22;14.25;14.83;12102773;179939360.00
2015/12/07;14.72;15.32;13.97;15.15;15415945;226393024.00
2015/12/08;14.87;15.03;13.98;14.22;12002336;175030320.00
2015/12/09;13.98;14.34;13.25;13.47;17786400;243537632.00
2015/12/10;13.38;13.75;13.25;13.36;12291293;165791712.00
2015/12/11;13.21;13.63;13.17;13.44;9255294;124170704.00
2015/12/14;13.19;13.42;12.57;13.33;16272484;213136848.00
2015/12/15;13.31;14.57;13.28;14.02;17045961;239359376.00
2015/12/16;14.05;15.43;14.05;15.43;22669003;343380800.00
2015/12/17;15.89;16.90;15.85;16.07;35243620;572354880.00
2015/12/18;15.99;16.64;15.74;16.25;20879850;338151936.00
2015/12/21;15.99;16.62;15.77;15.99;14943991;240525408.00
2015/12/22;15.92;16.15;15.43;16.15;14557537;230955616.00
2015/12/23;16.47;17.45;16.19;16.62;23829183;400968512.00
2015/12/24;16.74;16.76;15.62;15.79;15668612;249711344.00
2015/12/25;15.69;16.56;15.67;15.95;14168271;228829792.00
2015/12/28;16.13;16.47;15.77;15.78;12234503;197877312.00
2015/12/29;15.72;15.72;14.93;15.56;14687376;225664688.00
2015/12/30;15.57;16.15;15.29;16.15;11277400;178453008.00
2015/12/31;16.17;16.27;15.59;15.62;8424327;133584184.00
2016/01/04;15.95;16.27;14.12;14.30;10131465;156122160.00
2016/01/05;13.01;14.47;13.01;13.77;15943465;220746928.00
2016/01/06;14.10;14.47;13.67;14.28;10396467;146788320.00
2016/01/07;13.98;13.98;12.85;12.85;2928400;38695352.00
2016/01/08;13.17;13.37;11.84;12.47;13417703;169961424.00
2016/01/11;11.97;12.16;11.22;11.22;11693268;137066816.00
2016/01/12;11.04;11.35;10.18;10.61;13266528;141156400.00
2016/01/13;10.75;10.81;9.69;9.86;16040765;165039584.00
2016/01/14;9.37;10.47;9.17;10.37;19744305;192292112.00
2016/01/15;10.12;10.53;9.98;10.13;13961805;143271600.00
2016/01/18;9.82;10.77;9.63;10.59;10714872;111592192.00
2016/01/19;10.49;11.34;10.38;11.29;14004296;152822208.00
2016/01/20;11.17;11.86;11.07;11.20;12054534;137589248.00
2016/01/21;11.01;11.52;10.73;10.73;7618896;84953704.00
2016/01/22;10.97;11.05;10.32;10.72;8301428;88853216.00
2016/01/25;10.92;11.49;10.82;11.16;9112915;102052440.00
2016/01/26;10.97;11.22;10.04;10.04;11164614;119565280.00
2016/01/27;10.36;10.36;9.04;9.71;14020813;133384512.00
2016/01/28;9.65;9.71;8.74;8.87;14166472;131388864.00
2016/01/29;8.85;9.57;8.77;9.36;12661160;116792816.00
2016/02/01;9.37;9.57;8.72;9.11;11333351;104747776.00
2016/02/02;9.17;9.75;8.93;9.66;11064934;105539840.00
2016/02/03;9.55;9.95;9.34;9.85;8998197;86623704.00
2016/02/04;9.77;10.35;9.67;10.08;7936879;80878688.00
2016/02/05;10.17;11.09;10.17;11.09;23978970;265362208.00
2016/02/15;10.55;11.82;10.17;11.57;27008392;290656352.00
2016/02/16;11.37;12.09;11.26;11.91;24877585;296296960.00
2016/02/17;11.77;12.37;11.58;11.94;18030451;216470752.00
2016/02/18;11.94;11.98;11.59;11.69;12561803;148062224.00
2016/02/19;11.62;12.27;11.62;11.97;15346659;185126848.00
2016/02/22;12.12;12.37;11.80;12.26;15420321;186423584.00
2016/02/23;12.26;12.26;11.69;11.92;10746929;128743232.00
2016/02/24;11.85;12.37;11.63;12.37;15943882;192181728.00
2016/02/25;12.27;12.27;11.13;11.14;14657432;171443664.00
2016/02/26;11.45;11.45;10.56;10.95;10210594;111716472.00
2016/02/29;10.83;10.89;9.85;9.97;10996707;110871040.00
2016/03/01;9.96;10.86;9.68;10.47;8270045;84753952.00
2016/03/02;10.37;11.52;10.27;11.52;23932613;271313792.00
2016/03/03;11.67;12.05;11.42;11.77;24214943;284755808.00
2016/03/04;11.67;11.84;10.89;11.27;11080192;126555128.00
2016/03/07;11.57;11.74;11.17;11.46;11193244;128402408.00
2016/03/08;11.34;11.41;10.39;11.34;9210025;101780832.00
2016/03/09;10.84;11.58;10.73;11.20;9032060;102078800.00
2016/03/10;11.08;11.41;10.98;11.05;6754450;75599880.00
2016/03/11;10.67;11.19;10.59;10.98;5338059;58397352.00
2016/03/14;11.12;12.04;11.12;11.78;14434418;168608816.00
2016/03/15;11.59;12.17;11.59;11.68;10890318;129515520.00
2016/03/16;11.85;11.97;11.35;11.65;7473831;87155872.00
2016/03/17;11.87;12.82;11.78;12.82;25805957;324856928.00
2016/03/18;12.57;13.91;12.55;13.32;24678451;329362496.00
2016/03/21;13.48;14.12;13.27;13.72;18524946;255263056.00
2016/03/22;13.42;14.97;13.37;14.29;20520897;293595040.00
2016/03/23;14.15;14.42;13.72;14.24;13932959;195522624.00
2016/03/24;13.84;14.14;13.65;13.72;11950189;166216736.00
2016/03/25;13.56;14.92;13.53;14.34;17643641;254465904.00
2016/03/28;14.35;15.77;14.27;15.02;23133440;348220960.00
2016/03/29;14.75;14.91;13.80;13.90;19300356;276537952.00
2016/03/30;14.48;14.85;13.87;14.82;17621514;255080048.00
2016/03/31;14.67;15.96;14.52;15.96;21814078;336906752.00
2016/04/01;15.74;15.74;15.13;15.37;16777094;259507888.00
2016/04/05;15.45;15.54;14.79;15.43;16824438;256902096.00
2016/04/06;15.44;15.79;14.95;15.06;18536426;284658272.00
2016/04/07;15.07;15.22;14.22;14.31;23430321;339953504.00
2016/04/08;14.13;14.47;13.89;14.36;11752240;167901664.00
2016/04/11;14.52;14.96;14.47;14.60;12696705;187069632.00
2016/04/12;14.84;14.85;13.90;14.20;13618002;194390464.00
2016/04/13;14.45;14.81;14.08;14.49;18458336;268861600.00
2016/04/14;14.58;14.67;14.20;14.50;10543529;151805776.00
2016/04/15;14.45;14.50;14.12;14.22;11609903;165598416.00
2016/04/18;14.08;14.51;13.97;14.45;10248050;146563760.00
2016/07/28;14.00;14.00;13.01;13.01;12584281;164769376.00
2016/07/29;12.15;12.45;11.71;11.97;31305892;373593216.00
2016/08/01;11.61;12.15;11.01;12.05;32269860;370177632.00
2016/08/02;11.79;12.45;11.57;12.24;28208994;340432608.00
2016/08/03;12.20;13.09;11.93;12.69;32239416;401111488.00
2016/08/04;12.55;12.60;12.28;12.36;18869043;234157376.00
2016/08/05;12.35;12.47;12.07;12.08;11772452;144331488.00
2016/08/08;12.15;12.15;11.72;12.02;15453228;184000400.00
2016/08/09;12.50;13.22;12.41;13.22;22095998;286178720.00
2016/08/10;13.64;14.33;13.31;13.69;52917857;725356288.00
2016/08/11;13.68;13.68;13.13;13.16;25478424;340971328.00
2016/08/12;13.05;13.25;12.81;13.17;19472394;253616896.00
2016/08/15;13.17;13.59;13.03;13.40;21514260;287151840.00
2016/08/16;13.28;13.53;13.21;13.32;18035532;240949760.00
2016/08/17;13.39;13.41;13.09;13.23;13158302;173910560.00
2016/08/18;13.26;13.26;12.94;13.08;14440064;188797968.00
2016/08/19;13.14;13.46;13.04;13.25;15699807;208299392.00
2016/08/22;13.20;13.24;12.70;12.72;13443252;174558864.00
2016/08/23;12.61;12.95;12.53;12.62;9070296;115409344.00
2016/08/24;12.67;13.60;12.65;13.29;25887522;341872000.00
2016/08/25;13.20;13.22;12.70;13.04;14270956;184291888.00
2016/08/26;13.05;14.23;13.04;13.59;33529052;460637664.00
2016/08/29;13.59;14.08;13.50;13.80;20766957;285843552.00
2016/08/30;13.65;13.84;13.26;13.55;20576541;277089280.00
2016/08/31;13.46;13.58;13.21;13.51;13815668;184690352.00
2016/09/01;13.50;13.98;13.36;13.66;22042149;301085632.00
2016/09/02;13.60;13.72;13.19;13.37;14148132;190386576.00
2016/09/05;13.46;13.49;13.03;13.05;13983696;184957552.00
2016/09/06;13.00;13.36;12.81;13.31;14446706;189025504.00
2016/09/07;13.31;13.55;13.16;13.17;14903900;199459040.00
2016/09/08;13.11;13.29;13.05;13.21;9280956;122196472.00
2016/09/09;13.20;14.53;13.08;14.53;39798466;557655552.00
2016/09/12;14.50;14.80;14.06;14.51;66087584;956507520.00
2016/09/13;14.35;15.16;14.13;14.72;58014043;849183104.00
2016/09/14;14.41;14.53;13.83;14.03;30892719;437057632.00
2016/09/19;14.00;15.17;13.90;14.91;45565671;664617024.00
2016/09/20;14.77;15.15;14.58;15.15;40548429;602754944.00
2016/09/21;15.00;15.17;14.55;14.69;28800341;425127104.00
2016/09/22;14.83;15.12;14.42;15.01;31746144;471174400.00
2016/09/23;14.84;15.34;14.56;14.58;32455424;485015584.00
2016/09/26;14.30;14.39;13.50;13.60;24727546;346542240.00
2016/09/27;13.52;14.10;13.28;14.01;20420472;280385856.00
2016/09/28;13.92;13.98;13.62;13.67;13051757;179970528.00
2016/10/12;14.00;15.04;13.87;14.56;33489934;488182720.00
2016/10/13;14.40;14.79;14.25;14.66;21879371;317952128.00
2016/10/14;14.53;14.94;14.50;14.67;20416416;300736960.00
2016/10/17;14.70;15.33;14.50;15.00;33425852;500914016.00
2016/10/18;14.85;15.14;14.66;15.10;23604605;351630912.00
2016/10/19;15.08;15.08;14.63;14.77;19313809;286157984.00
2016/10/20;14.80;15.70;14.58;15.29;37719236;574560576.00
2016/10/21;15.10;15.22;14.69;14.83;23644057;352123264.00
2016/10/24;14.80;14.96;14.73;14.81;13343683;197797008.00
2016/10/25;14.86;14.90;14.37;14.50;17884154;261694352.00
2016/10/26;14.47;14.71;14.41;14.61;11575275;168773968.00
2016/10/27;14.55;14.59;14.35;14.50;9902288;143099776.00
2016/10/28;14.51;14.58;14.06;14.10;11555088;165317760.00
2016/10/31;14.08;14.35;13.91;14.21;8064214;114289424.00
2016/11/01;14.22;14.50;14.15;14.46;11032087;158224176.00
2016/11/02;14.45;15.10;14.42;14.74;28621299;425364608.00
2016/11/03;14.60;14.77;14.39;14.63;18519712;270155776.00
2016/11/04;14.63;14.78;14.30;14.36;11813922;171673776.00
2016/11/07;14.29;14.65;14.29;14.37;8332340;120518104.00
2016/11/08;14.44;14.47;14.19;14.21;11107818;158670784.00
2016/11/09;14.20;14.28;13.66;13.96;14069160;197137184.00
2016/11/10;14.09;14.72;13.97;14.52;23939022;345523072.00
2016/11/11;14.44;14.53;14.12;14.27;14277698;203971632.00
2016/11/14;14.35;15.30;14.30;15.00;44895342;668383808.00
2016/11/15;14.90;15.25;14.68;15.04;28247154;421341664.00
2016/11/16;15.02;15.22;14.80;15.16;24990145;375331104.00
2016/11/17;15.04;15.05;14.73;14.83;10493600;155819408.00
数据来源:通达信
