002298 中电鑫龙 日线 前复权
      日期	    开盘	    最高	    最低	    收盘	    成交量	    成交额
2009/09/29;4.34;5.27;4.24;4.96;17563712;255788112.00
2009/09/30;4.71;5.27;4.64;4.96;13885029;212186704.00
2009/10/09;4.94;5.37;4.74;5.23;10939018;171461280.00
2009/10/12;5.14;5.40;5.02;5.24;7907753;127034424.00
2009/10/13;5.19;5.21;5.01;5.17;4916110;77778944.00
2009/10/14;5.16;5.37;5.08;5.13;6043211;97880440.00
2009/10/15;5.17;5.23;5.05;5.13;3732345;59247380.00
2009/10/16;5.14;5.34;5.10;5.34;5759082;92908160.00
2009/10/19;5.40;5.86;5.39;5.60;8041155;139405072.00
2009/10/20;5.57;5.91;5.51;5.80;6450991;113071048.00
2009/10/21;5.71;5.87;5.58;5.60;5821694;102672624.00
2009/10/22;5.51;6.01;5.47;5.87;6429518;114642800.00
2009/10/23;5.84;6.00;5.75;5.86;5496025;99078456.00
2009/10/26;5.87;5.88;5.66;5.68;3237534;57153192.00
2009/10/27;5.59;5.59;5.35;5.36;4068485;68484856.00
2009/10/28;5.40;5.66;5.40;5.64;3380270;57745860.00
2009/10/29;5.51;5.77;5.46;5.65;4244765;74400200.00
2009/10/30;5.74;6.00;5.54;5.68;6879120;123061184.00
2009/11/02;5.41;5.78;5.36;5.76;3174312;54860692.00
2009/11/03;5.71;6.10;5.71;6.07;6055226;110481088.00
2009/11/04;6.09;6.33;5.96;6.14;5366094;101828888.00
2009/11/05;6.15;6.21;6.04;6.09;2628766;49335148.00
2009/11/06;6.10;6.14;5.94;5.96;2690299;49958132.00
2009/11/09;5.93;6.25;5.91;6.17;2552678;48244896.00
2009/11/10;6.22;6.23;6.03;6.04;2045456;38374940.00
2009/11/11;6.00;6.06;5.91;6.01;1776352;32742520.00
2009/11/13;5.97;6.23;5.97;6.14;2896062;54629388.00
2009/11/16;6.15;6.37;6.15;6.20;3195557;61489656.00
2009/11/17;6.21;6.25;6.08;6.12;2516538;47507160.00
2009/11/18;6.12;6.18;6.06;6.16;1614949;30411414.00
2009/11/19;6.16;6.39;6.13;6.29;4262225;82353592.00
2009/11/20;6.22;6.39;6.21;6.30;2790548;54306644.00
2009/11/23;6.28;6.70;6.28;6.70;4573766;91783808.00
2009/11/24;6.71;6.75;6.13;6.21;4221493;84279408.00
2009/11/25;6.24;6.67;6.17;6.60;3580553;71134944.00
2009/11/26;6.56;6.93;6.35;6.47;4758853;97622808.00
2009/11/27;6.39;6.70;6.35;6.56;3369730;67503928.00
2009/11/30;6.61;6.91;6.49;6.90;4278915;88470632.00
2009/12/01;6.90;7.20;6.81;7.17;4136464;89752224.00
2009/12/02;7.19;7.33;7.07;7.17;3640585;80059768.00
2009/12/03;7.11;7.67;7.05;7.62;3725911;83891912.00
2009/12/04;7.57;7.79;6.93;7.17;4977475;112754336.00
2009/12/07;7.19;7.44;7.11;7.35;2159186;48449296.00
2009/12/08;7.33;7.67;7.23;7.60;2775631;63130460.00
2009/12/09;7.51;8.17;7.41;7.90;4544070;108655448.00
2009/12/10;7.86;8.02;7.77;7.97;2709164;65574044.00
2009/12/11;7.98;8.03;7.71;7.78;2697122;64780976.00
2009/12/14;7.71;8.04;7.31;8.03;3475497;81344456.00
2009/12/15;7.91;8.29;7.89;8.19;3503933;87255784.00
2009/12/16;8.10;8.34;8.03;8.20;2591785;64678984.00
2009/12/17;8.13;8.20;7.46;7.62;3273353;78799056.00
2009/12/21;7.32;7.51;7.27;7.43;2027571;45940984.00
2009/12/22;7.28;7.45;6.74;6.82;2564114;55887120.00
2009/12/23;6.74;6.99;6.74;6.87;1696686;35822204.00
2009/12/24;6.86;7.37;6.78;7.27;2651625;57810304.00
2009/12/25;7.24;7.40;7.13;7.27;1747554;38938284.00
2009/12/28;7.24;7.47;7.24;7.36;1582226;35667376.00
2009/12/29;7.36;7.67;7.23;7.61;5565551;126274272.00
2009/12/30;7.54;7.73;7.46;7.51;4623642;107570344.00
2009/12/31;7.51;7.61;7.41;7.61;2857753;65702368.00
2010/01/04;7.66;7.94;7.61;7.86;3801490;90891872.00
2010/01/05;7.88;7.97;7.84;7.91;3639431;87973976.00
2010/01/06;7.94;8.07;7.89;7.89;4198126;102264992.00
2010/01/07;7.91;8.02;7.86;7.90;3868041;93776808.00
2010/01/08;7.89;8.00;7.64;7.91;4627741;111271400.00
2010/01/11;7.91;8.30;7.71;8.27;5612996;138312192.00
2010/01/12;8.17;8.47;8.15;8.39;4640510;118374016.00
2010/01/13;8.24;8.57;8.17;8.51;3757789;96940064.00
2010/01/14;8.52;8.84;8.47;8.70;3690543;98123000.00
2010/01/15;8.64;8.99;8.54;8.97;3859868;103733720.00
2010/01/18;8.84;9.06;8.69;8.95;4024663;109083856.00
2010/01/19;8.95;9.01;8.81;8.92;4084173;111202968.00
2010/01/20;8.84;8.99;8.17;8.31;4419627;116773832.00
2010/01/21;8.28;8.67;8.28;8.61;2446400;63555168.00
2010/01/22;8.61;8.79;8.35;8.71;3549629;93477488.00
2010/01/25;8.62;8.77;8.46;8.58;2054091;54295456.00
2010/01/26;8.60;8.67;8.27;8.41;2203312;56715224.00
2010/01/27;8.37;8.48;8.24;8.27;1472609;37718288.00
2010/01/28;8.27;8.42;8.26;8.34;1291400;32985346.00
2010/01/29;8.31;8.50;8.27;8.36;1296785;33267292.00
2010/02/01;8.29;8.40;7.69;7.72;2529632;61898560.00
2010/02/02;7.74;7.89;7.49;7.49;1854111;43361524.00
2010/02/03;7.47;7.60;6.94;7.52;2062910;45936824.00
2010/02/04;7.47;7.50;7.30;7.34;1864815;42256156.00
2010/02/05;7.17;7.18;6.74;6.82;1934137;41490216.00
2010/02/08;6.59;7.16;6.59;7.13;1702805;36707688.00
2010/02/09;7.10;7.44;7.07;7.43;2129864;47826840.00
2010/02/10;7.51;7.64;7.43;7.64;1873855;43442316.00
2010/02/11;7.65;7.69;7.57;7.58;1535374;35787444.00
2010/02/12;7.66;7.66;7.57;7.60;1290799;30081630.00
2010/02/22;7.56;7.79;7.53;7.77;1941024;45649620.00
2010/02/23;7.73;7.73;7.47;7.59;1831008;42490824.00
2010/02/24;7.54;7.67;7.47;7.67;1419554;33070308.00
2010/02/25;7.71;7.92;7.67;7.86;2654402;63346064.00
2010/02/26;7.84;7.91;7.62;7.64;2850729;67458160.00
2010/03/01;7.57;7.59;7.44;7.50;2353177;54121176.00
2010/03/02;7.54;7.64;7.46;7.54;1579819;36527508.00
2010/03/03;7.58;7.74;7.55;7.74;2149767;50408192.00
2010/03/04;7.75;7.90;7.51;7.57;2957837;70347472.00
2010/03/08;7.64;7.66;7.34;7.47;1235368;28214600.00
2010/03/09;7.44;7.60;7.35;7.47;1168113;26671226.00
2010/03/10;7.47;7.59;7.37;7.46;645599;14758252.00
2010/03/11;7.44;7.49;7.34;7.39;679371;15405458.00
2010/03/12;7.36;7.44;7.25;7.26;1164653;26135142.00
2010/03/15;7.21;7.37;7.21;7.31;714376;15996590.00
2010/03/16;7.33;7.45;7.33;7.43;918334;20857254.00
2010/03/17;7.46;7.58;7.41;7.55;1354359;31132334.00
2010/03/18;7.55;7.67;7.51;7.63;1254049;29183544.00
2010/03/19;7.58;7.67;7.57;7.63;991440;23104716.00
2010/03/22;7.64;7.67;7.56;7.59;950912;22102658.00
2010/03/23;7.59;7.59;7.34;7.34;1393405;31717688.00
2010/03/24;7.38;7.44;7.30;7.37;1028452;23226552.00
2010/03/25;7.41;7.64;7.41;7.59;2013404;46680636.00
2010/03/26;7.59;7.63;7.41;7.53;971340;22405616.00
2010/03/29;7.53;7.60;7.45;7.54;1025759;23574670.00
2010/03/30;7.56;7.73;7.54;7.71;1940228;45492296.00
2010/03/31;7.71;7.86;7.69;7.77;2086352;49817660.00
2010/04/01;7.77;8.10;7.68;8.03;2818266;68403768.00
2010/04/02;8.03;8.07;7.91;7.96;1615884;39425276.00
2010/04/06;7.94;8.04;7.81;7.90;1889126;45731136.00
2010/04/07;7.90;8.15;7.75;8.15;2962664;72358232.00
2010/04/08;8.17;8.24;8.07;8.09;2517134;62832176.00
2010/04/09;8.10;8.27;8.06;8.21;2116577;52785100.00
2010/04/12;8.30;8.77;8.23;8.62;4745453;123980072.00
2010/04/13;8.71;8.79;8.35;8.64;5904943;154959248.00
2010/04/14;8.64;8.70;8.46;8.54;2275947;59632100.00
2010/04/15;8.56;8.66;8.44;8.51;2447690;63980544.00
2010/04/16;8.51;8.51;8.26;8.28;2150968;55012296.00
2010/04/19;8.31;8.31;8.07;8.14;2059714;51328056.00
2010/04/20;8.12;8.20;8.01;8.19;1156525;28729982.00
2010/04/21;8.19;8.37;8.11;8.34;2476376;62446784.00
2010/04/22;8.27;8.34;8.11;8.12;2413543;60496548.00
2010/04/23;8.11;8.19;7.91;7.92;1948041;47850148.00
2010/04/26;7.92;8.11;7.92;7.99;1368701;33583980.00
2010/04/27;8.00;8.00;7.34;7.48;1506719;34880880.00
2010/04/28;7.33;7.47;7.03;7.09;1282937;28391510.00
2010/04/29;7.14;7.21;6.87;6.89;1000844;21711544.00
2010/04/30;6.89;7.01;6.64;6.78;881217;18408112.00
2010/05/04;6.64;6.88;6.58;6.81;495280;10322427.00
2010/05/06;7.02;7.14;6.77;6.82;1152579;24731762.00
2010/05/07;6.60;6.82;6.51;6.52;856368;17459874.00
2010/05/10;6.52;6.61;5.86;5.98;1296183;24392480.00
2010/05/11;6.10;6.20;5.84;5.88;819402;15165910.00
2010/05/12;5.77;5.99;5.77;5.89;569255;10301635.00
2010/05/13;5.93;5.97;5.80;5.97;997447;18141842.00
2010/05/14;5.92;6.06;5.86;6.00;877586;16207008.00
2010/05/17;5.88;5.91;5.38;5.38;1239047;21470006.00
2010/05/18;5.38;5.49;5.08;5.41;1063373;17406278.00
2010/05/19;5.27;5.60;5.27;5.47;975189;16478782.00
2010/05/20;5.51;5.60;5.31;5.34;1088899;18430526.00
2010/05/21;5.12;5.57;5.10;5.57;1257238;20898170.00
2010/05/24;5.53;5.90;5.53;5.90;2114040;37515688.00
2010/05/25;5.81;5.88;5.73;5.80;1210292;21636574.00
2010/05/26;5.80;5.83;5.75;5.76;1012429;18080084.00
2010/05/27;5.76;5.87;5.59;5.83;1189845;21017920.00
2010/05/28;5.95;5.97;5.82;5.86;1045870;18934664.00
2010/05/31;5.84;5.84;5.54;5.54;793310;13996367.00
2010/06/01;5.46;5.60;5.36;5.48;690544;11663493.00
2010/06/02;5.42;5.51;5.27;5.51;843913;14021786.00
2010/06/03;5.59;5.83;5.57;5.67;1753763;30854756.00
2010/06/04;5.64;5.86;5.61;5.85;1494340;26629886.00
2010/06/07;5.74;6.34;5.71;6.30;2547700;47644704.00
2010/06/08;6.24;6.33;6.05;6.23;1924600;36526916.00
2010/06/09;6.23;6.43;6.15;6.42;1987417;38399844.00
2010/06/10;6.44;6.84;6.34;6.76;2784638;56725936.00
2010/06/11;6.80;6.94;6.67;6.67;4941554;68375976.00
2010/06/17;6.66;6.81;6.60;6.63;2416663;33026832.00
2010/06/21;6.22;6.53;5.96;6.46;2683581;34295196.00
2010/06/22;6.36;6.61;6.35;6.37;1532579;20155704.00
2010/06/23;6.36;6.43;6.19;6.30;1245426;16047338.00
2010/06/24;6.30;6.39;6.26;6.36;952851;12326259.00
2010/06/25;6.34;6.34;6.05;6.29;1614813;20430466.00
2010/06/28;6.32;6.76;6.31;6.66;4555158;60945592.00
2010/06/29;6.55;6.81;6.36;6.38;4317969;58066828.00
2010/06/30;6.30;6.30;5.82;6.09;2638871;32490728.00
2010/07/01;5.92;6.09;5.76;5.79;1918805;23160862.00
2010/07/02;5.72;5.86;5.33;5.61;1581071;18104754.00
2010/07/05;5.51;5.69;5.38;5.61;1079821;12309955.00
2010/07/06;5.61;5.74;5.61;5.71;1696671;19716632.00
2010/07/07;5.72;5.72;5.53;5.69;1349036;15550425.00
2010/07/08;5.77;5.83;5.61;5.69;1267929;14870620.00
2010/07/09;5.70;5.86;5.61;5.82;1692926;20047414.00
2010/07/12;5.80;6.02;5.80;5.91;1645516;19927546.00
2010/07/13;5.86;5.99;5.74;5.78;1552589;18543742.00
2010/07/14;5.84;5.91;5.74;5.83;1228236;14662042.00
2010/07/15;5.83;5.88;5.62;5.63;1324647;15649497.00
2010/07/16;5.61;5.61;5.38;5.55;1370542;15404855.00
2010/07/19;5.45;5.68;5.42;5.64;1074834;12293609.00
2010/07/20;5.67;5.90;5.61;5.89;1965880;23340172.00
2010/07/21;5.88;6.05;5.83;5.96;2447865;29914818.00
2010/07/22;5.94;6.51;5.89;6.36;3405050;42518796.00
2010/07/23;6.25;6.39;6.16;6.39;3098456;39682292.00
2010/07/26;6.40;6.43;6.26;6.40;2321633;30179288.00
2010/07/27;6.37;6.53;6.29;6.49;3077824;40511780.00
2010/07/28;6.41;6.90;6.41;6.70;6167992;84599920.00
2010/07/29;6.71;6.83;6.59;6.78;3288241;45059016.00
2010/07/30;6.77;7.19;6.71;7.13;5589511;79983248.00
2010/08/02;7.06;7.85;7.06;7.75;7174205;110530704.00
2010/08/03;7.71;7.91;7.59;7.69;5657551;89685400.00
2010/08/04;7.56;8.20;7.52;8.08;6188410;99518576.00
2010/08/05;8.03;8.17;7.82;7.97;5421931;87623016.00
2010/08/06;7.90;8.06;7.61;7.98;6253815;99551664.00
2010/08/09;7.86;8.31;7.82;8.19;4774929;77902792.00
2010/08/10;8.17;8.36;7.66;7.66;4049382;66209656.00
2010/08/11;7.66;7.92;7.65;7.85;2783920;44075000.00
2010/08/13;7.76;7.92;7.46;7.89;3171737;49832268.00
2010/08/16;7.85;8.05;7.72;7.92;2821087;45414856.00
2010/08/17;7.89;8.31;7.89;8.24;4072388;67636656.00
2010/08/18;8.19;8.23;7.91;8.02;3053965;49915440.00
2010/08/19;7.97;8.00;7.61;7.84;3927279;62179160.00
2010/08/20;7.81;7.81;7.52;7.59;2224333;34456276.00
2010/08/23;7.58;7.77;7.56;7.64;1765157;27521414.00
2010/08/24;7.61;7.75;7.54;7.69;1584296;24668596.00
2010/08/25;7.64;7.66;7.29;7.31;2273963;34349928.00
2010/08/26;7.41;7.51;7.31;7.44;1378912;20818124.00
2010/08/27;7.46;7.51;7.31;7.45;879133;13271494.00
2010/08/30;7.56;7.70;7.50;7.64;1383308;21438442.00
2010/08/31;7.66;7.74;7.55;7.64;1923358;29885422.00
2010/09/01;7.65;7.71;7.31;7.48;1908293;29181306.00
2010/09/02;7.54;7.62;7.38;7.61;2203177;33736768.00
2010/09/03;7.76;7.76;7.48;7.57;1448383;22429338.00
2010/09/06;7.52;7.56;7.35;7.44;1824113;27584114.00
2010/09/07;7.46;7.53;7.36;7.53;1084043;16410702.00
2010/09/08;7.53;8.11;7.43;7.96;5006669;79894272.00
2010/09/09;7.91;8.04;7.71;7.86;3299735;52850220.00
2010/09/10;7.79;7.96;7.76;7.95;2543790;40872968.00
2010/09/13;7.97;8.12;7.95;8.04;2989650;48758256.00
2010/09/14;8.04;8.09;7.84;7.88;2006543;32365130.00
2010/09/15;7.84;7.96;7.57;7.66;2005712;31819572.00
2010/09/16;7.69;7.70;6.95;7.06;3148796;45982572.00
2010/09/17;7.06;7.24;6.92;7.07;1305864;18723076.00
2010/09/20;7.00;7.14;6.93;6.96;861087;12289416.00
2010/09/21;6.94;6.96;6.56;6.68;1604929;21844886.00
2010/09/27;6.66;6.83;6.49;6.81;1874024;25475330.00
2010/09/28;6.75;6.75;6.59;6.59;1215824;16516277.00
2010/09/29;6.59;6.60;6.36;6.50;1540524;20378684.00
2010/09/30;6.42;6.61;6.42;6.59;1384314;18366064.00
2010/10/08;6.58;6.74;6.58;6.72;2256085;30884788.00
2010/10/11;6.72;6.85;6.69;6.76;1929133;26575666.00
2010/10/12;6.75;6.81;6.70;6.71;1747037;24007798.00
2010/10/13;6.70;6.76;6.56;6.61;2307674;31218806.00
2010/10/14;6.63;6.79;6.52;6.55;2408805;32810542.00
2010/10/15;6.46;6.55;6.29;6.31;2727282;35454172.00
2010/10/18;6.26;6.26;5.92;6.08;2450944;30268130.00
2010/10/19;6.10;6.47;6.08;6.46;2883855;37284216.00
2010/10/20;6.36;6.59;6.27;6.45;2507742;32997798.00
2010/10/21;6.45;6.74;6.29;6.62;2639611;34976516.00
2010/10/22;6.64;6.70;6.52;6.67;2533666;34249148.00
2010/10/25;6.68;6.83;6.67;6.77;2907151;40179776.00
2010/10/26;6.76;6.92;6.73;6.80;2448505;33912932.00
2010/10/27;6.80;7.01;6.80;6.96;3689649;52160280.00
2010/10/28;6.91;7.31;6.91;7.25;5839500;85088056.00
2010/10/29;7.26;7.86;7.17;7.64;7948842;123162824.00
2010/11/01;7.65;7.78;7.51;7.71;5532057;86199488.00
2010/11/02;7.66;8.24;7.65;8.09;7948020;129916832.00
2010/11/03;8.09;8.15;7.71;7.79;4808384;77576400.00
2010/11/04;7.76;8.01;7.61;7.99;4065764;64508784.00
2010/11/05;8.01;8.01;7.66;7.74;4632318;73388664.00
2010/11/08;7.79;7.85;7.57;7.84;5178284;81127272.00
2010/11/09;7.81;7.86;7.66;7.80;3626322;57110888.00
2010/11/10;7.78;8.06;7.69;8.01;5030166;81145696.00
2010/11/11;7.94;8.07;7.66;7.66;5912846;94712640.00
2010/11/12;7.61;7.66;6.89;6.90;4640154;68542128.00
2010/11/15;6.89;7.01;6.71;6.99;2548959;35790340.00
2010/11/16;6.99;7.19;6.51;6.76;2651192;37748088.00
2010/11/17;6.75;6.90;6.67;6.71;1681464;23205436.00
2010/11/18;6.84;6.90;6.71;6.88;1443547;20089998.00
2010/11/19;6.96;7.09;6.81;7.09;2363713;33483376.00
2010/11/22;7.04;7.35;6.98;7.26;2959591;43385700.00
2010/11/23;7.24;7.26;6.91;7.08;2033303;29233860.00
2010/11/24;6.96;7.26;6.92;7.26;2082582;30384832.00
2010/11/25;7.32;7.40;7.25;7.29;2463210;36728492.00
2010/11/26;7.31;7.38;7.11;7.23;1838697;27267106.00
2010/11/29;7.21;7.51;7.17;7.49;2841669;42819652.00
2010/11/30;7.50;7.50;6.97;7.12;2950858;43387816.00
2010/12/01;7.08;7.48;7.04;7.36;1837598;27256046.00
2010/12/02;7.40;7.54;7.34;7.47;3269501;49550816.00
2010/12/03;7.46;7.50;7.29;7.39;1900827;28669546.00
2010/12/06;7.36;7.52;7.19;7.21;1824175;27282962.00
2010/12/07;7.20;7.20;6.87;7.18;1683584;24161190.00
2010/12/08;7.18;7.29;7.11;7.12;1142843;16787126.00
2010/12/09;7.12;7.25;6.91;7.12;1075128;15613519.00
2010/12/10;7.07;7.36;6.94;7.25;1584505;23187642.00
2010/12/13;7.26;7.50;7.26;7.49;3576418;54114736.00
2010/12/14;7.51;7.54;7.41;7.54;2764805;42200120.00
2010/12/20;7.86;7.86;7.37;7.54;3917533;60762180.00
2010/12/21;7.44;8.10;7.44;8.06;7089162;113549744.00
2010/12/22;7.95;8.10;7.71;7.75;3954668;63595184.00
2010/12/23;7.80;7.86;7.41;7.43;2461792;37990420.00
2010/12/24;7.39;7.45;7.07;7.20;1940029;28518368.00
2010/12/27;7.11;7.36;6.83;7.01;1844269;26770118.00
2010/12/28;7.06;7.12;6.77;7.03;1269356;17948100.00
2010/12/29;7.11;7.22;6.94;7.20;1004419;14600379.00
2010/12/30;7.16;7.29;7.08;7.24;716036;10509925.00
2010/12/31;7.28;7.59;7.21;7.51;1586132;23887778.00
2011/01/04;7.49;7.58;7.40;7.53;1543123;23623834.00
2011/01/05;7.53;7.85;7.49;7.79;3016959;47472120.00
2011/01/06;7.84;7.91;7.74;7.82;2901753;46219264.00
2011/01/07;7.66;7.75;7.51;7.65;2008442;31241908.00
2011/01/10;7.59;7.75;7.44;7.47;1251996;19437322.00
2011/01/11;7.36;7.61;7.36;7.56;991068;15157325.00
2011/01/12;7.56;7.62;7.33;7.51;1044641;15884408.00
2011/01/13;7.51;7.86;7.51;7.76;2418100;38034048.00
2011/01/14;7.76;7.95;7.62;7.63;3547049;56272404.00
2011/01/17;7.61;7.61;6.92;7.11;2173005;31876142.00
2011/01/18;6.99;7.20;6.94;7.12;663831;9587235.00
2011/01/19;7.09;7.38;7.02;7.31;1145612;16958380.00
2011/01/20;7.38;7.38;6.94;6.97;1169924;16897132.00
2011/01/21;6.89;7.12;6.88;7.06;712188;10196645.00
2011/01/24;7.06;7.18;6.93;7.08;772377;11176565.00
2011/01/25;7.06;7.10;6.45;6.52;1354728;18524622.00
2011/01/26;6.53;6.67;6.47;6.57;490914;6572548.00
2011/01/27;6.59;6.86;6.46;6.77;628762;8618282.00
2011/01/28;6.71;6.91;6.71;6.83;482990;6739042.00
2011/01/31;6.84;6.97;6.77;6.90;473128;6646993.00
2011/02/01;6.96;6.96;6.81;6.87;503512;7054295.50
2011/02/09;6.81;6.90;6.69;6.81;472091;6564387.50
2011/02/10;6.83;7.06;6.77;7.03;685888;9733288.00
2011/02/11;7.03;7.09;6.97;7.00;1000028;14330062.00
2011/02/14;7.01;7.16;6.97;7.09;1215729;17506072.00
2011/02/15;7.09;7.19;7.05;7.07;1181778;17115504.00
2011/02/16;7.10;7.18;7.01;7.17;1343842;19465960.00
2011/02/17;7.16;7.39;7.11;7.37;2061220;30514804.00
2011/02/18;7.35;7.35;7.16;7.17;1337466;19729846.00
2011/02/21;7.15;7.29;7.10;7.27;1711472;25009352.00
2011/02/22;7.28;7.38;7.12;7.21;2025475;29959050.00
2011/02/23;7.20;7.66;7.20;7.54;4946617;75643400.00
2011/02/24;7.53;7.59;7.37;7.59;2320412;35306808.00
2011/02/25;7.56;7.61;7.39;7.58;1369071;20959132.00
2011/02/28;7.54;7.75;7.51;7.55;1844669;28584138.00
2011/03/01;7.56;7.66;7.42;7.46;1719614;26393768.00
2011/03/02;7.43;7.59;7.38;7.56;1397133;21307308.00
2011/03/03;7.56;7.61;7.26;7.32;1627676;24611474.00
2011/03/04;7.32;7.54;7.29;7.54;1261638;19150438.00
2011/03/07;7.60;7.75;7.54;7.63;2124804;33134926.00
2011/03/08;7.61;7.80;7.59;7.79;2146455;33728400.00
2011/03/09;7.79;7.79;7.64;7.68;1571329;24657792.00
2011/03/10;7.69;8.01;7.66;7.80;3205616;51393260.00
2011/03/11;7.72;7.78;7.59;7.60;1879769;29351366.00
2011/03/14;7.56;7.66;7.46;7.62;1505763;23191450.00
2011/03/15;7.63;7.63;7.24;7.37;1922048;28837746.00
2011/03/16;7.41;7.48;7.32;7.48;1220097;18449242.00
2011/03/17;7.42;7.59;7.36;7.44;1298716;19803848.00
2011/03/18;7.46;7.63;7.45;7.55;957027;14691690.00
2011/03/21;7.57;7.69;7.52;7.59;1128754;17433710.00
2011/03/22;7.57;7.60;7.40;7.50;796957;12119568.00
2011/03/23;7.46;7.74;7.40;7.73;1600674;24884328.00
2011/03/24;7.75;7.78;7.62;7.70;1382937;21653666.00
2011/03/25;7.71;7.99;7.67;7.83;3937793;63205192.00
2011/03/28;7.85;8.16;7.80;8.02;4755450;77469296.00
2011/03/29;7.98;8.06;7.58;7.62;3544872;56404684.00
2011/03/30;7.85;8.37;7.66;8.05;5918603;97531240.00
2011/03/31;8.04;8.04;7.23;7.26;6791566;103317648.00
2011/04/01;7.08;7.20;7.00;7.11;2566606;37042332.00
2011/04/06;7.10;7.10;6.91;7.00;1957509;27915480.00
2011/04/07;6.99;7.07;6.95;7.04;1166370;16687968.00
2011/04/08;7.04;7.11;7.00;7.11;1342503;19325586.00
2011/04/11;7.14;7.19;6.95;6.97;1749436;25094020.00
2011/04/12;6.97;7.03;6.91;6.99;1078177;15333375.00
2011/04/13;6.97;7.09;6.96;7.08;1107154;15866164.00
2011/04/14;7.08;7.13;7.03;7.05;1016038;14663919.00
2011/04/15;7.05;7.09;6.96;7.02;818985;11695659.00
2011/04/18;7.02;7.02;6.74;6.89;2144999;29927010.00
2011/04/19;6.86;6.95;6.61;6.94;1958052;27099904.00
2011/04/20;6.91;6.92;6.76;6.84;1151439;16091018.00
2011/04/22;6.89;6.96;6.72;6.75;1279172;17693934.00
2011/04/25;6.76;6.77;6.63;6.64;765530;10412131.00
2011/04/26;6.64;6.71;6.61;6.71;598709;8152744.50
2011/04/27;6.71;6.81;6.67;6.68;633467;8699997.00
2011/04/28;6.74;6.74;6.37;6.40;1106090;14646086.00
2011/04/29;6.45;6.55;6.39;6.50;470625;6215049.00
2011/05/03;6.50;6.55;6.44;6.55;540937;7167262.50
2011/05/04;6.64;6.64;6.40;6.43;549801;7282925.00
2011/05/05;6.42;6.51;6.41;6.49;355128;4680815.50
2011/05/06;6.49;6.58;6.41;6.54;456702;6079791.50
2011/05/09;6.59;6.63;6.51;6.55;447985;6016454.00
2011/05/10;6.55;6.64;6.53;6.64;403954;5419130.50
2011/05/11;6.64;6.68;6.59;6.61;445869;6024767.50
2011/05/12;6.56;6.56;6.45;6.47;426390;5657629.00
2011/05/13;6.51;6.54;6.43;6.53;356515;4715063.50
2011/05/16;6.53;6.56;6.49;6.55;364971;4865927.00
2011/05/17;6.86;6.88;6.58;6.66;817563;11156787.00
2011/05/18;6.58;6.69;6.58;6.66;375118;5085690.00
2011/05/19;6.66;6.70;6.56;6.57;371790;5038108.00
2011/05/20;6.57;6.60;6.47;6.51;386022;5134106.50
2011/05/23;6.47;6.47;6.26;6.29;754352;9802561.00
2011/05/24;6.28;6.28;6.04;6.23;526990;6618436.00
2011/05/25;6.26;6.29;6.01;6.12;316151;3992723.25
2011/05/26;6.04;6.19;6.04;6.07;248210;3104999.75
2011/05/27;6.09;6.14;6.01;6.06;397346;4918047.00
2011/05/30;6.21;6.22;6.01;6.03;246680;3076204.00
2011/05/31;6.11;6.16;6.05;6.14;287790;3595654.75
2011/06/02;6.13;6.14;5.93;5.97;379570;4678710.50
2011/06/03;6.04;6.10;5.98;6.04;288669;3565745.00
2011/06/07;6.10;6.10;6.04;6.08;229399;2851431.50
2011/06/08;6.05;6.12;5.99;6.08;275787;3413412.75
2011/06/09;6.09;6.12;6.05;6.06;303078;3770319.25
2011/06/10;6.05;6.05;5.86;5.97;345659;4215710.00
2011/06/13;5.96;5.97;5.59;5.69;1732000;20078644.00
2011/06/14;5.65;5.75;5.59;5.75;2851652;33003294.00
2011/06/15;5.69;5.72;5.46;5.55;1781523;20470730.00
2011/06/16;5.48;5.48;5.41;5.47;810723;9053739.00
2011/06/17;5.47;5.53;5.40;5.41;606298;6748744.00
2011/06/20;5.46;5.46;5.33;5.34;481420;5273050.50
2011/06/21;5.35;5.43;5.34;5.42;507307;5570200.00
2011/06/22;5.45;5.49;5.35;5.40;425050;4687901.00
2011/06/23;5.40;5.55;5.33;5.54;943882;10525133.00
2011/06/24;5.48;5.67;5.48;5.66;1530162;17542648.00
2011/06/27;5.69;5.91;5.69;5.83;1765488;20924504.00
2011/06/28;5.83;5.94;5.77;5.85;795270;9447915.00
2011/06/29;5.81;5.89;5.75;5.76;832535;9852216.00
2011/06/30;5.76;5.88;5.73;5.80;597501;7072877.50
2011/07/01;5.81;5.89;5.80;5.83;517071;6153230.50
2011/07/04;5.90;6.02;5.85;5.96;1239919;15017007.00
2011/07/05;6.00;6.02;5.91;5.99;1322642;15987324.00
2011/07/06;5.98;6.02;5.91;6.00;806984;9770776.00
2011/07/07;6.00;6.07;5.96;5.99;903198;11054351.00
2011/07/08;6.01;6.06;5.92;6.04;824817;10033377.00
2011/07/11;6.02;6.08;5.97;6.04;519340;6369798.00
2011/07/12;6.01;6.01;5.87;5.88;945790;11388468.00
2011/07/13;5.85;6.48;5.85;6.48;2704085;34831972.00
2011/07/14;6.62;6.67;6.48;6.50;4581941;60929672.00
2011/07/15;6.43;6.53;6.41;6.46;1507164;19782174.00
2011/07/18;6.46;6.82;6.46;6.65;2949905;39681432.00
2011/07/19;6.61;6.61;6.48;6.51;1351299;17942242.00
2011/07/20;6.60;6.60;6.36;6.45;1199408;15706837.00
2011/07/21;6.45;6.45;6.23;6.23;1188892;15194507.00
2011/07/22;6.25;6.32;6.23;6.27;657475;8370855.00
2011/07/26;5.81;6.02;5.81;6.01;1180478;14206097.00
2011/07/27;5.98;6.23;5.91;6.16;857030;10614273.00
2011/07/28;6.35;6.35;6.15;6.27;1077157;13689301.00
2011/07/29;6.16;6.33;6.16;6.17;771711;9811970.00
2011/08/01;6.17;6.65;6.11;6.48;1355629;17679302.00
2011/08/02;6.48;6.75;6.31;6.74;3465227;46421440.00
2011/08/03;6.63;7.17;6.61;7.01;7018706;99377272.00
2011/08/04;7.01;7.22;6.91;7.12;5160327;74252904.00
2011/08/05;6.56;7.40;6.56;7.33;4428574;64604148.00
2011/08/08;7.25;7.45;6.60;6.97;3439730;49464968.00
2011/08/09;6.70;7.23;6.62;7.10;2406507;33810864.00
2011/08/10;7.25;7.40;7.09;7.19;2203329;32338798.00
2011/08/11;7.03;7.90;7.03;7.78;5957164;91898048.00
2011/08/12;7.66;8.07;7.66;7.83;4585464;73215032.00
2011/08/15;7.80;8.05;7.54;7.88;2632951;41841060.00
2011/08/16;7.80;7.93;7.70;7.84;1606041;25390056.00
2011/08/17;7.67;8.03;7.66;7.95;2744559;43899368.00
2011/08/18;7.95;8.22;7.40;7.74;4537789;73560528.00
2011/08/19;7.46;7.96;7.42;7.94;3213379;50223356.00
2011/08/22;7.92;8.11;7.55;7.63;3408579;54638984.00
2011/08/23;7.66;8.00;7.55;8.00;3151548;50133464.00
2011/08/24;8.04;8.09;7.85;7.95;2410519;38872212.00
2011/08/25;7.90;8.08;7.73;8.08;3181985;51132628.00
2011/08/26;8.09;8.37;8.06;8.23;3362264;56007196.00
2011/08/29;8.15;8.33;7.97;8.15;1498274;24638150.00
2011/08/30;8.18;8.34;7.87;7.99;2463599;40050892.00
2011/08/31;8.04;8.08;7.43;7.58;4049599;62424796.00
2011/09/01;7.59;7.59;7.37;7.48;1313153;19888910.00
2011/09/02;7.46;7.57;7.38;7.44;1208724;18312166.00
2011/09/05;7.40;7.43;6.97;7.10;1937121;28080082.00
2011/09/06;7.01;7.33;7.00;7.31;2511662;36537476.00
2011/09/08;7.53;7.58;7.33;7.35;1911131;28916128.00
2011/09/09;7.30;7.45;7.20;7.42;1362038;20230632.00
2011/09/13;7.30;7.30;7.07;7.08;986800;14248927.00
2011/09/14;7.08;7.23;6.97;7.23;820015;11790153.00
2011/09/15;7.23;7.37;7.16;7.24;662859;9770652.00
2011/09/16;7.30;7.34;6.94;6.95;1768850;25298902.00
2011/09/19;6.91;7.01;6.76;6.93;648100;9120851.00
2011/09/20;6.90;7.04;6.85;7.01;589338;8351690.00
2011/09/21;7.01;7.29;6.93;7.25;950268;13779809.00
2011/09/22;7.19;7.27;7.08;7.08;594650;8630395.00
2011/09/23;7.00;7.08;6.71;6.76;1390125;19323104.00
2011/09/26;6.73;6.85;6.35;6.46;1424156;18867534.00
2011/09/27;6.51;6.55;6.37;6.41;684724;8950101.00
2011/09/28;6.53;6.66;6.44;6.48;502596;6679357.00
2011/09/29;6.52;6.55;6.34;6.41;339532;4443759.00
2011/09/30;6.41;6.54;6.37;6.48;550344;7221607.00
2011/10/10;6.52;6.52;6.36;6.36;253548;3310891.25
2011/10/11;6.51;6.65;6.42;6.49;615182;8113383.50
2011/10/12;6.41;7.04;6.41;6.97;1363098;18854632.00
2011/10/13;7.00;7.28;6.91;7.20;1965728;28590510.00
2011/10/14;7.19;7.25;7.02;7.11;766437;11037487.00
2011/10/17;7.18;7.54;7.15;7.33;1348271;20203096.00
2011/10/18;7.32;7.32;6.90;6.90;1563649;22447038.00
2011/10/19;6.95;7.05;6.81;6.89;666251;9359041.00
2011/10/20;6.88;6.88;6.57;6.63;647550;8756126.00
2011/10/21;6.70;6.75;6.58;6.63;327889;4425440.50
2011/10/24;6.79;6.91;6.55;6.91;1050686;14362675.00
2011/10/25;6.93;7.15;6.90;7.12;1790684;25627916.00
2011/10/27;7.23;7.32;6.72;6.89;1712432;24514748.00
2011/10/28;6.95;7.15;6.90;7.12;1569091;22339922.00
2011/10/31;7.13;7.49;7.13;7.40;2101930;31389696.00
2011/11/01;7.35;7.50;7.25;7.40;2181501;32523788.00
2011/11/02;7.34;7.59;7.21;7.59;2077722;31336638.00
2011/11/03;7.65;7.76;7.49;7.50;2140779;33082358.00
2011/11/04;7.55;7.58;7.42;7.53;1294868;19687116.00
2011/11/07;7.52;7.58;7.15;7.36;1331448;19966158.00
2011/11/08;7.38;8.05;7.31;7.85;3134772;48936116.00
2011/11/09;7.85;7.90;7.67;7.89;1829142;28824466.00
2011/11/10;7.81;8.03;7.70;7.74;1623909;25737462.00
2011/11/11;7.71;8.15;7.71;7.99;2734716;44367192.00
2011/11/14;7.99;8.52;7.99;8.35;3763999;63881632.00
2011/11/15;8.28;8.42;8.21;8.30;1801558;30407648.00
2011/11/16;8.30;8.34;7.95;8.00;2199688;36100972.00
2011/11/17;8.01;8.53;7.97;8.48;3415282;57436244.00
2011/11/18;8.40;8.58;8.30;8.42;2886988;49297408.00
2011/11/21;8.40;8.46;7.71;7.96;2735125;44092812.00
2011/11/22;7.86;7.99;7.71;7.88;1069604;16977354.00
2011/11/23;7.93;8.00;7.61;7.98;1732619;27419220.00
2011/11/24;7.81;8.45;7.80;8.35;3661599;61125936.00
2011/11/25;8.33;8.43;8.16;8.30;1733013;29078082.00
2011/11/28;8.31;8.35;7.95;8.25;1670575;27357090.00
2011/11/29;8.23;8.23;7.74;7.94;3024952;48400268.00
2011/11/30;7.85;7.92;7.30;7.41;2519960;38767932.00
2011/12/01;7.57;7.70;7.42;7.47;2503045;38342844.00
2011/12/02;7.44;7.44;7.15;7.19;1603117;23614610.00
2011/12/05;7.10;7.44;7.09;7.28;1164086;17149040.00
2011/12/06;7.28;7.35;7.15;7.33;866596;12746255.00
2011/12/07;7.33;7.48;7.28;7.38;1147751;17194360.00
2011/12/08;7.38;7.57;7.09;7.33;759654;11281352.00
2011/12/09;7.16;7.38;7.15;7.28;380963;5626923.50
2011/12/12;7.33;7.55;7.26;7.40;812829;12254662.00
2011/12/13;7.34;7.37;7.03;7.05;1172717;17137558.00
2011/12/14;6.98;7.24;6.80;6.83;829836;11746666.00
2011/12/15;6.81;6.89;6.77;6.80;528126;7309350.50
2011/12/16;6.90;7.14;6.76;7.14;654294;9262343.00
2011/12/19;7.14;7.15;6.80;7.10;1117662;15782675.00
2011/12/20;7.09;7.29;7.07;7.10;769354;11224812.00
2011/12/21;7.18;7.28;6.90;6.90;781150;11220417.00
2011/12/22;6.80;7.05;6.78;6.90;736515;10278137.00
2011/12/23;7.03;7.05;6.82;6.89;795371;11129031.00
2011/12/26;6.88;6.96;6.80;6.95;485047;6775009.50
2011/12/27;6.94;6.94;6.24;6.40;2046976;26869504.00
2011/12/28;6.16;6.35;5.95;6.24;830727;10278006.00
2011/12/29;6.23;6.39;6.05;6.30;855348;10879483.00
2012/01/04;6.36;6.65;6.20;6.29;649949;8549469.00
2012/01/05;6.38;6.39;5.74;5.84;1108098;13480485.00
2012/01/06;5.80;5.86;5.46;5.63;1853887;21078140.00
2012/01/09;5.68;5.93;5.55;5.92;1614171;19000310.00
2012/01/10;5.88;6.24;5.85;6.19;1658803;20618966.00
2012/01/11;6.20;6.35;6.16;6.23;1353583;17156928.00
2012/01/12;6.20;6.46;6.20;6.38;1793257;23157870.00
2012/01/13;6.38;6.40;6.03;6.15;2124979;26630090.00
2012/01/16;6.01;6.18;5.78;5.84;1516472;18473714.00
2012/01/17;5.84;6.25;5.82;6.25;1910142;23394060.00
2012/01/18;6.20;6.43;6.15;6.35;2394032;30726522.00
2012/01/19;6.33;6.40;6.20;6.35;977711;12567481.00
2012/01/20;6.31;6.54;6.31;6.47;1254635;16439906.00
2012/01/30;6.50;6.85;6.38;6.70;2196406;29732670.00
2012/01/31;6.65;6.90;6.61;6.89;1638945;22456984.00
2012/02/01;7.59;7.59;7.09;7.30;11410626;170100112.00
2012/02/02;7.20;7.40;7.15;7.33;5626833;82818672.00
2012/02/03;7.33;8.05;7.28;7.92;9327107;146113504.00
2012/02/06;7.87;8.36;7.81;8.18;9614643;157550576.00
2012/02/07;8.05;8.38;8.04;8.15;5925031;98376072.00
2012/02/08;8.16;8.28;8.01;8.25;6832815;112808368.00
2012/02/09;8.30;8.65;8.26;8.32;10212514;174291232.00
2012/02/10;8.33;8.53;8.21;8.47;6441732;109390520.00
2012/02/13;8.42;8.60;8.34;8.53;5540380;95043576.00
2012/02/14;8.50;8.52;8.36;8.50;3900248;66570120.00
2012/02/15;8.41;8.56;8.41;8.51;3424547;58835388.00
2012/02/16;8.51;8.64;8.30;8.33;4445220;75821816.00
2012/02/17;8.33;8.43;8.26;8.34;3137221;52978808.00
2012/02/20;8.45;8.75;8.28;8.50;7424953;127846280.00
2012/02/21;8.49;8.57;8.24;8.41;4997188;84833896.00
2012/02/22;8.35;9.26;8.33;9.26;11467728;205947200.00
2012/02/23;9.47;9.99;9.28;9.82;14446617;279686368.00
2012/02/24;9.73;10.05;9.63;9.93;8421065;166853744.00
2012/02/27;9.89;10.89;9.85;10.05;12618951;263326352.00
2012/02/28;9.96;10.14;9.76;9.87;7265322;145782544.00
2012/03/01;9.73;10.37;9.55;10.17;7789167;158125792.00
2012/03/02;10.15;11.19;10.05;11.19;9216900;198226272.00
2012/03/05;11.48;11.95;11.20;11.45;11271822;261136416.00
2012/03/06;11.38;11.81;11.26;11.65;7251899;168506832.00
2012/03/07;11.41;11.61;11.25;11.25;5712341;131537312.00
2012/03/08;11.18;11.74;10.91;11.62;7779699;178102928.00
2012/03/09;11.48;11.58;11.15;11.47;7315271;167684128.00
2012/03/12;11.38;12.15;11.30;12.12;9682968;230853952.00
2012/03/13;11.90;11.98;11.39;11.77;9523910;223528208.00
2012/03/14;11.65;12.14;10.59;10.61;12061383;276111936.00
2012/03/15;10.55;11.03;10.40;10.68;6518394;141153488.00
2012/03/16;10.68;11.60;10.59;11.44;7577129;168998480.00
2012/03/19;11.32;11.43;10.94;11.24;5301832;119006432.00
2012/03/20;11.20;11.74;10.73;11.50;6727457;153101456.00
2012/03/21;11.34;12.64;11.34;12.28;11785050;285901248.00
2012/03/22;12.00;12.25;11.70;12.08;6845223;165646464.00
2012/03/23;11.95;12.06;10.86;10.86;6902383;156739296.00
2012/03/26;10.51;10.86;10.47;10.80;4063629;87494872.00
2012/03/27;10.66;11.24;10.15;10.34;6337651;137760880.00
2012/03/28;10.16;10.29;9.67;9.95;7819764;157445552.00
2012/03/29;9.93;10.18;9.83;9.83;5248998;105796104.00
2012/03/30;9.84;9.94;9.01;9.47;7203904;136617360.00
2012/04/05;9.50;9.89;9.21;9.67;9639516;185905776.00
2012/04/06;9.56;9.80;9.27;9.54;10195294;196628096.00
2012/04/09;9.41;10.00;9.26;9.61;16824121;164402112.00
2012/04/10;9.41;9.71;8.85;9.43;14769091;138019536.00
2012/04/11;9.29;10.36;9.19;10.09;26044996;261108816.00
2012/04/12;10.06;10.12;9.70;9.99;17396579;174085776.00
2012/04/13;9.91;9.99;9.72;9.92;12104444;120391792.00
2012/04/16;9.92;9.92;9.52;9.59;8982894;87653040.00
2012/04/17;9.71;10.11;9.59;9.76;12034458;119694920.00
2012/04/18;9.76;9.97;9.51;9.89;11389146;112266888.00
2012/04/19;10.01;10.17;9.60;9.76;13280805;131263344.00
2012/04/20;9.64;9.72;9.29;9.54;12729364;121472776.00
2012/04/23;9.51;9.51;8.88;8.91;11213083;102925368.00
2012/04/24;8.63;8.98;8.51;8.81;7137760;63000936.00
2012/04/25;8.82;8.89;8.63;8.80;6006561;52965480.00
2012/04/26;8.86;8.96;8.72;8.76;5435282;48504320.00
2012/04/27;8.79;9.17;8.59;9.02;8059622;72465728.00
2012/05/02;9.12;9.28;9.00;9.19;8402613;77869304.00
2012/05/03;9.19;9.21;8.87;8.98;7335800;66648780.00
2012/05/04;8.96;9.34;8.96;9.15;7540551;69977072.00
2012/05/07;9.05;9.24;8.99;9.21;6896521;63444792.00
2012/05/08;9.25;9.93;9.09;9.66;14587618;140517280.00
2012/05/09;9.49;9.57;9.22;9.24;8527351;80542664.00
2012/05/10;9.26;9.36;9.15;9.26;5005326;46809332.00
2012/05/11;9.26;9.28;8.95;8.96;5406397;49807228.00
2012/05/14;9.07;9.10;8.91;8.98;4256271;38721992.00
2012/05/15;8.93;9.30;8.93;9.19;4954617;45744856.00
2012/05/16;9.26;9.26;8.99;9.03;3345608;30685604.00
2012/05/17;9.05;9.19;8.95;9.11;3565179;32634226.00
2012/05/18;9.07;9.18;8.80;8.80;4698171;42589252.00
2012/05/21;8.80;8.90;8.43;8.58;4738356;41456040.00
2012/05/22;8.69;8.83;8.59;8.78;2962736;26073662.00
2012/05/23;8.79;8.85;8.68;8.82;4013074;35511780.00
2012/05/24;8.93;9.41;8.93;9.13;9028228;83584264.00
2012/05/25;9.07;9.16;8.86;8.94;4342980;39478364.00
2012/05/28;8.90;8.90;8.49;8.89;4545349;39962464.00
2012/05/29;8.83;9.11;8.79;9.07;5448383;49510712.00
2012/05/30;9.11;9.74;8.94;9.49;15464781;146559808.00
2012/05/31;9.36;9.57;9.30;9.38;10062059;95902352.00
2012/06/01;9.43;9.56;9.26;9.31;5254359;49924192.00
2012/06/04;9.11;9.11;8.76;8.79;6263040;56761900.00
2012/06/05;8.88;8.92;8.61;8.77;3864223;34165940.00
2012/06/06;8.84;9.16;8.69;8.89;5480619;49493304.00
2012/06/07;8.97;9.17;8.84;8.87;5592602;50997920.00
2012/06/08;9.07;9.07;8.82;8.82;2903990;26176202.00
2012/06/11;8.83;9.16;8.83;9.15;4959764;45268620.00
2012/06/12;9.06;9.29;8.99;9.16;4264455;39225688.00
2012/06/13;9.26;9.37;9.03;9.27;7164318;66755760.00
2012/06/14;9.24;9.27;9.00;9.01;5359481;49449316.00
2012/06/15;9.02;9.09;8.77;9.00;5317901;47988972.00
2012/06/18;9.08;9.10;8.96;9.05;4954055;45203064.00
2012/06/19;9.05;9.34;8.98;9.27;9453508;87754920.00
2012/06/20;9.26;9.26;9.03;9.07;5249293;48465192.00
2012/06/21;9.11;9.18;8.97;9.07;3721598;34097052.00
2012/06/25;9.01;9.01;8.62;8.63;4453244;39562812.00
2012/06/26;8.54;8.54;8.02;8.14;6658647;55527176.00
2012/06/27;8.14;8.26;8.03;8.14;2857363;23597656.00
2012/06/28;8.14;8.21;7.92;7.93;2707377;22126314.00
2012/06/29;7.93;8.07;7.84;8.06;2920170;23444818.00
2012/07/02;8.13;8.28;8.06;8.21;3411093;28214810.00
2012/07/03;8.21;8.49;8.14;8.28;4077207;34258668.00
2012/07/04;8.24;8.42;8.06;8.09;3043081;25136912.00
2012/07/05;8.09;8.12;7.71;7.77;5375383;42977996.00
2012/07/06;7.81;7.88;7.45;7.82;4618082;35913792.00
2012/07/09;7.71;7.85;7.43;7.43;3657183;28325364.00
2012/07/10;7.41;7.48;7.17;7.19;4404082;32563298.00
2012/07/11;7.19;7.30;7.11;7.28;2175120;15923779.00
2012/07/12;7.24;8.01;7.07;7.71;7026264;52928520.00
2012/07/13;7.66;8.11;7.56;7.61;5045126;39359708.00
2012/07/16;7.63;7.66;7.12;7.19;3274885;24297982.00
2012/07/17;7.17;7.34;7.09;7.30;1619995;11890538.00
2012/07/18;7.33;7.46;7.24;7.46;3272620;24419716.00
2012/07/19;7.44;7.64;7.40;7.48;3424804;26172562.00
2012/07/20;7.50;7.57;7.43;7.48;2083314;15783315.00
2012/07/23;7.40;7.56;7.28;7.46;2092904;15759283.00
2012/07/24;7.41;7.66;7.36;7.63;2857166;21823058.00
2012/07/25;7.59;7.77;7.53;7.63;2950712;22812474.00
2012/07/26;8.11;8.40;8.11;8.40;8344174;70651864.00
2012/07/27;9.24;9.25;9.03;9.25;13354753;124535032.00
2012/07/30;9.25;9.38;8.58;8.89;26876837;243773920.00
2012/07/31;9.01;9.79;8.79;9.79;30564418;290507776.00
2012/08/01;9.91;10.09;9.41;9.78;30460545;298904480.00
2012/08/02;9.63;10.21;9.45;9.79;23384949;230964400.00
2012/08/03;9.63;9.82;9.42;9.80;21386072;207897344.00
2012/08/06;9.63;10.79;9.55;10.79;30416324;317363104.00
2012/08/07;11.18;11.29;10.51;10.71;29711234;323155648.00
2012/08/08;10.53;10.79;10.36;10.41;15318583;162350160.00
2012/08/09;10.71;11.11;10.46;10.69;19056012;206254496.00
2012/08/10;10.56;10.58;10.22;10.22;15894683;165887248.00
2012/08/13;9.99;10.14;9.72;9.88;10904700;109399368.00
2012/08/14;9.80;10.16;9.75;10.05;10506251;105890016.00
2012/08/15;9.96;10.18;9.73;9.73;9784747;98321720.00
2012/08/16;9.62;9.72;9.16;9.17;11622276;110933208.00
2012/08/17;9.10;9.39;8.96;9.33;9122775;85000224.00
2012/08/20;9.21;9.49;9.17;9.43;7084783;66881744.00
2012/08/21;9.44;9.59;9.35;9.42;8664662;82846280.00
2012/08/22;9.39;9.61;9.10;9.21;8598382;81162864.00
2012/08/23;9.12;9.41;9.06;9.26;6235055;58098328.00
2012/08/24;9.24;9.25;8.71;8.71;8622429;77689960.00
2012/08/27;8.61;8.88;8.46;8.73;6497329;56844896.00
2012/08/28;8.61;8.81;8.51;8.71;5312563;46454056.00
2012/08/29;8.70;9.06;8.58;8.91;9686821;87095120.00
2012/08/30;8.86;8.94;8.01;8.01;12721767;107604240.00
2012/08/31;8.00;8.19;7.82;8.12;5996132;48643284.00
2012/09/03;8.16;8.31;7.92;8.27;4481704;37167104.00
2012/09/04;8.31;8.35;7.98;8.00;6369398;52373796.00
2012/09/05;7.91;8.27;7.89;8.06;5364796;44011704.00
2012/09/06;8.10;8.28;8.06;8.22;4554600;37581160.00
2012/09/07;8.30;8.86;8.27;8.63;13329900;115815808.00
2012/09/10;8.62;8.85;8.52;8.74;8342472;73223336.00
2012/09/11;8.71;8.83;8.54;8.80;5463518;47921952.00
2012/09/12;8.86;9.24;8.86;9.06;13877981;127069960.00
2012/09/13;9.07;9.14;8.76;8.77;6632642;60151860.00
2012/09/14;8.82;8.98;8.60;8.67;4753944;41970308.00
2012/09/17;8.65;8.68;8.27;8.27;4277444;36477384.00
2012/09/18;8.20;8.26;8.06;8.11;3522207;29054840.00
2012/09/19;8.11;8.20;7.96;8.12;4626054;37787656.00
2012/09/20;8.12;8.12;7.52;7.65;5131156;40462276.00
2012/09/21;7.68;7.72;7.56;7.59;2522793;19482770.00
2012/09/24;7.54;7.79;7.39;7.69;2751979;21190528.00
2012/09/25;7.67;7.77;7.53;7.64;1768424;13672504.00
2012/09/26;7.54;7.61;7.09;7.12;4659437;34117996.00
2012/09/27;7.14;7.38;7.06;7.30;3554728;25999728.00
2012/09/28;7.21;7.68;7.19;7.59;4520939;34007660.00
2012/10/08;7.49;7.67;7.43;7.57;3017239;23131628.00
2012/10/09;7.54;8.23;7.54;8.01;7019497;56247256.00
2012/10/10;7.92;8.11;7.88;8.04;4472955;36191764.00
2012/10/11;8.00;8.06;7.86;7.88;4349160;35013316.00
2012/10/12;7.88;8.02;7.70;7.78;3023300;23977752.00
2012/10/15;7.85;7.88;7.66;7.84;2578916;20268828.00
2012/10/16;7.83;7.96;7.77;7.82;2633385;20970572.00
2012/10/17;7.84;8.10;7.84;8.04;5229548;42314572.00
2012/10/18;8.02;8.14;7.99;8.10;4382914;35729104.00
2012/10/19;8.10;8.14;7.95;8.00;2921011;23687122.00
2012/10/22;7.92;7.99;7.81;7.95;2114745;16878210.00
2012/10/23;7.96;8.00;7.85;7.89;2108609;16862468.00
2012/10/24;7.76;7.76;7.47;7.57;4991918;38358352.00
2012/10/25;7.59;7.62;7.31;7.39;3682729;27876110.00
2012/10/26;7.41;7.41;7.18;7.20;2974693;21838944.00
2012/10/29;7.20;7.32;7.18;7.24;1955365;14361333.00
2012/10/30;7.25;7.35;7.23;7.28;1567628;11567230.00
2012/10/31;7.26;7.50;7.26;7.42;2520398;18906308.00
2012/11/01;7.44;7.65;7.40;7.56;2959047;22560212.00
2012/11/02;7.62;7.62;7.49;7.56;2013710;15352214.00
2012/11/05;7.53;7.64;7.51;7.59;1968663;15104399.00
2012/11/06;7.59;7.59;7.32;7.47;1782307;13432802.00
2012/11/07;7.44;7.57;7.38;7.56;1707078;12901339.00
2012/11/08;7.43;7.49;7.23;7.26;1724900;12827438.00
2012/11/09;7.21;7.37;7.21;7.25;1242373;9132120.00
2012/11/12;7.30;7.33;7.03;7.10;2869530;20722626.00
2012/11/13;7.11;7.15;6.90;6.95;2150872;15270692.00
2012/11/14;6.95;7.39;6.94;7.35;3233322;23445382.00
2012/11/15;7.91;7.91;7.23;7.24;5954531;45121904.00
2012/11/16;7.12;7.36;7.02;7.31;2500921;18193584.00
2012/11/19;7.24;7.45;7.17;7.35;2664127;19761016.00
2012/11/20;7.41;7.51;7.29;7.30;2301474;17221694.00
2012/11/21;7.27;7.37;7.08;7.33;2209477;16108655.00
2012/11/22;7.25;7.27;7.13;7.13;1085659;7884797.00
2012/11/23;7.11;7.21;7.08;7.10;1237984;8952408.00
2012/11/26;7.12;7.12;6.97;7.01;1221972;8710510.00
2012/11/27;6.99;7.08;6.78;6.78;1923986;13455032.00
2012/11/28;6.73;6.78;6.56;6.66;2019107;13563982.00
2012/11/29;6.62;6.70;6.56;6.60;907006;6080297.00
2012/11/30;6.58;6.72;6.56;6.70;945771;6377482.00
2012/12/03;6.64;6.73;6.55;6.59;972341;6547415.00
2012/12/04;6.59;6.76;6.47;6.73;1548422;10353042.00
2012/12/05;6.75;7.09;6.65;7.03;3204168;22636828.00
2012/12/06;7.03;7.07;6.92;6.98;1557327;11009504.00
2012/12/07;6.98;7.25;6.97;7.21;3351259;24254732.00
2012/12/10;7.94;7.94;7.53;7.81;14746888;116415576.00
2012/12/11;7.54;8.09;7.54;7.72;10343953;81867560.00
2012/12/12;7.63;7.73;7.44;7.57;4935973;37733608.00
2012/12/13;7.48;7.60;7.29;7.29;3812610;28550368.00
2012/12/14;7.29;7.67;7.29;7.61;5663262;43350736.00
2012/12/17;7.66;7.84;7.52;7.81;6500152;50434996.00
2012/12/18;7.75;7.84;7.59;7.63;4582267;35702764.00
2012/12/19;7.62;7.75;7.56;7.65;2733374;21241520.00
2012/12/20;7.65;7.70;7.53;7.59;3697492;28433738.00
2012/12/21;7.57;7.74;7.50;7.58;3716652;28633734.00
2012/12/24;7.53;7.74;7.52;7.71;2991115;23196952.00
2012/12/25;7.71;7.89;7.66;7.85;4828810;38137116.00
2012/12/26;7.90;8.16;7.80;8.13;7257517;58638388.00
2012/12/27;8.26;8.40;8.04;8.04;9297412;77380696.00
2012/12/28;8.04;8.37;7.86;8.30;8734418;71664664.00
2012/12/31;8.27;8.51;8.25;8.35;7460482;63231520.00
2013/01/04;8.37;8.45;8.04;8.16;5524245;45841012.00
2013/01/07;8.09;8.23;7.99;8.17;4055781;33257164.00
2013/01/08;8.26;8.46;8.12;8.40;7506623;62957012.00
2013/01/09;8.44;8.78;8.14;8.22;15826069;135373936.00
2013/01/10;8.09;8.16;7.96;8.07;9976077;81233416.00
2013/01/11;8.10;8.42;7.98;8.33;14942131;124197648.00
2013/01/14;8.26;9.04;8.26;9.04;19874071;174119008.00
2013/01/15;8.90;9.12;8.81;8.99;14253418;128761512.00
2013/01/16;8.91;9.49;8.91;9.33;18217001;169894912.00
2013/01/17;9.33;9.62;9.10;9.14;12047566;113107608.00
2013/01/18;9.06;9.26;8.88;9.17;9155392;83963912.00
2013/01/21;9.19;9.56;9.09;9.41;8395908;79610696.00
2013/01/22;9.41;9.50;9.09;9.31;6525711;61177340.00
2013/01/23;9.31;9.31;8.98;9.13;6864387;63079036.00
2013/01/24;9.13;9.21;8.66;8.71;7203191;64839264.00
2013/01/25;8.76;8.91;8.66;8.81;2946203;26026854.00
2013/01/28;8.79;9.03;8.76;8.97;5510892;49654844.00
2013/01/29;9.01;9.08;8.81;8.90;6823375;61598848.00
2013/01/30;8.81;8.97;8.61;8.76;7660612;67819584.00
2013/01/31;8.76;8.87;8.67;8.81;4076600;36102492.00
2013/02/01;8.76;8.77;8.51;8.60;5267778;45965644.00
2013/02/04;8.56;8.59;8.13;8.20;7134314;59949536.00
2013/02/05;8.21;8.37;8.16;8.31;2890067;24263732.00
2013/02/06;8.28;8.45;8.28;8.36;2616945;22129704.00
2013/02/07;8.40;8.43;8.21;8.32;3008768;25215458.00
2013/02/08;8.27;8.89;8.27;8.84;8677038;76130232.00
2013/02/18;8.78;8.99;8.70;8.84;5948221;53140924.00
2013/02/19;8.83;8.84;8.39;8.42;4784830;41430232.00
2013/02/20;8.40;8.61;8.39;8.56;3484987;30037382.00
2013/02/21;8.49;8.62;8.34;8.42;3452739;29499662.00
2013/02/22;8.43;8.54;8.27;8.41;3088105;26201562.00
2013/02/25;8.42;8.54;8.37;8.49;3313909;28397624.00
2013/02/26;8.41;8.53;8.31;8.36;3042191;25960890.00
2013/02/27;8.37;8.44;8.20;8.27;2615126;21949982.00
2013/02/28;8.31;8.52;8.28;8.52;3277576;27945678.00
2013/03/01;8.50;8.61;8.44;8.60;3543077;30577054.00
2013/03/04;8.51;8.51;8.19;8.22;4325031;36353732.00
2013/03/05;8.19;8.32;8.07;8.28;3686038;30597998.00
2013/03/06;8.34;8.56;8.29;8.51;4595611;39333904.00
2013/03/07;8.49;8.84;8.46;8.67;8825773;77359632.00
2013/03/08;8.66;8.78;8.54;8.55;3981636;34912732.00
2013/03/11;8.56;8.95;8.51;8.81;8611207;76662792.00
2013/03/12;8.88;8.94;8.55;8.71;8029137;70788808.00
2013/03/13;8.67;8.85;8.53;8.83;5389284;47266004.00
2013/03/14;8.90;8.93;8.62;8.74;5615918;49871804.00
2013/03/15;8.74;8.85;8.59;8.71;4993996;44099852.00
2013/03/18;8.66;8.75;8.49;8.64;3151021;27527356.00
2013/03/19;8.61;8.68;8.11;8.37;4949263;42028056.00
2013/03/20;8.41;8.70;8.38;8.70;4363701;37953880.00
2013/03/21;8.70;8.93;8.70;8.84;7819796;69710376.00
2013/03/22;8.90;8.96;8.78;8.87;7599132;68162664.00
2013/03/25;8.85;8.90;8.74;8.80;3808811;33818960.00
2013/03/26;8.78;9.09;8.67;9.05;11201964;100989928.00
2013/03/27;9.03;9.16;8.96;9.11;7459362;68320280.00
2013/03/28;9.06;9.24;8.87;9.06;8465375;77593944.00
2013/03/29;9.06;9.35;9.04;9.12;7095886;65530776.00
2013/04/01;8.99;9.24;8.98;9.02;6090475;56050388.00
2013/04/02;9.06;9.08;8.80;9.01;7490862;67829192.00
2013/04/03;9.00;9.18;8.95;9.01;5622584;51563128.00
2013/04/08;8.84;9.27;8.73;9.23;8400571;77370040.00
2013/04/09;9.23;9.45;9.19;9.32;7536040;70959080.00
2013/04/10;9.21;9.34;9.05;9.16;5183390;48063520.00
2013/04/11;9.16;9.24;9.00;9.01;3692288;33902908.00
2013/04/12;9.03;9.14;8.99;9.08;2901669;26522896.00
2013/04/15;9.08;9.31;9.04;9.30;5867666;54511620.00
2013/04/16;9.20;9.57;9.14;9.52;7630929;72500824.00
2013/04/17;9.52;9.76;9.42;9.72;8795019;85154544.00
2013/04/18;9.66;9.90;9.62;9.81;8905247;87817944.00
2013/04/19;9.75;10.20;9.75;10.11;8883174;89769864.00
2013/04/22;10.05;10.77;10.04;10.66;11288624;118781432.00
2013/04/23;10.61;10.72;10.25;10.40;10281772;108535704.00
2013/04/24;10.41;10.81;10.33;10.71;8574353;91332928.00
2013/04/25;10.59;10.66;10.18;10.31;9960479;104320176.00
2013/04/26;10.23;10.40;9.89;10.05;10048913;102713984.00
2013/05/02;9.99;10.21;9.81;10.06;4783823;48667836.00
2013/05/03;10.06;10.26;9.68;9.80;10316433;104397992.00
2013/05/06;9.87;10.01;9.76;9.86;7544320;75122328.00
2013/05/07;9.86;10.24;9.80;10.17;12496879;127278032.00
2013/05/08;10.15;10.26;9.28;9.53;18640666;181658128.00
2013/05/09;9.45;9.46;9.15;9.34;9916335;93115976.00
2013/05/10;9.45;9.61;9.34;9.50;7177812;68910344.00
2013/05/13;9.49;9.51;9.27;9.41;4977023;47120848.00
2013/05/14;9.40;9.65;9.39;9.57;7972718;76774600.00
2013/05/15;9.58;9.75;9.51;9.69;8860813;86426744.00
2013/05/16;9.69;9.71;9.52;9.60;6972411;67640488.00
2013/05/17;9.59;9.66;9.26;9.48;8489764;80965088.00
2013/05/20;9.48;9.71;9.30;9.71;11531044;110709584.00
2013/05/21;9.71;10.04;9.64;10.03;12402501;123869776.00
2013/05/22;9.98;10.22;9.65;9.73;14133687;140859600.00
2013/05/23;9.77;9.90;9.62;9.70;8975293;88396984.00
2013/05/24;9.67;9.76;9.34;9.55;9269500;89294728.00
2013/05/27;10.11;10.42;9.78;10.08;31962101;323063872.00
2013/05/28;9.89;10.08;9.76;9.90;15521492;154946560.00
2013/05/29;9.91;9.95;9.47;9.63;16626784;161639232.00
2013/05/30;9.56;9.76;9.50;9.73;10013061;97317096.00
2013/05/31;9.74;9.75;9.51;9.51;7497724;72578256.00
2013/06/03;9.47;9.54;9.07;9.10;12624249;118428888.00
2013/06/04;9.07;9.12;8.82;8.92;6776228;61234200.00
2013/06/05;8.93;9.16;8.93;9.09;5405417;49452724.00
2013/06/06;9.05;9.21;8.99;9.09;4516294;41461088.00
2013/06/07;9.12;9.18;8.69;8.71;5002339;44904332.00
2013/06/13;8.70;8.70;7.87;8.15;4443148;36695836.00
2013/06/14;8.13;8.37;8.13;8.20;4646803;38938816.00
2013/06/17;8.16;8.37;8.14;8.15;4064031;33912228.00
2013/06/18;8.17;8.32;8.07;8.30;4572932;37753368.00
2013/06/19;8.26;8.26;8.01;8.18;3233145;26544566.00
2013/06/20;8.12;8.36;8.04;8.04;4436354;36956620.00
2013/06/21;7.69;7.99;7.51;7.90;3476247;27405800.00
2013/06/24;7.88;7.92;7.27;7.31;3748842;28698812.00
2013/06/25;7.15;7.64;6.71;7.48;6096881;44403556.00
2013/06/26;7.71;7.89;7.62;7.82;10314157;81166336.00
2013/06/27;7.81;7.88;7.51;7.56;6920208;53766172.00
2013/06/28;7.49;7.67;7.29;7.49;3370965;25525180.00
2013/07/01;7.48;7.60;7.43;7.59;2658046;20164498.00
2013/07/02;7.55;7.78;7.53;7.74;3409831;26459218.00
2013/07/03;7.70;7.73;7.49;7.60;3731171;28601548.00
2013/07/04;7.60;7.76;7.47;7.68;5159067;39822824.00
2013/07/05;7.70;7.81;7.64;7.64;3679974;28573388.00
2013/07/08;7.50;7.78;7.14;7.40;5104521;38600336.00
2013/07/09;7.40;7.44;7.19;7.26;3304537;24376826.00
2013/07/10;7.24;7.44;7.23;7.44;3657359;27125006.00
2013/07/11;7.52;7.81;7.52;7.69;8259163;64031092.00
2013/07/12;7.61;7.82;7.59;7.73;6664434;51890088.00
2013/07/15;7.73;7.86;7.69;7.81;4792834;37619532.00
2013/07/16;7.82;7.88;7.68;7.81;5080156;39792756.00
2013/07/17;7.69;7.70;7.35;7.37;9850328;74916128.00
2013/07/18;7.37;7.43;7.25;7.38;3549930;26388932.00
2013/07/19;7.32;7.34;6.64;6.64;31508080;218157648.00
2013/07/22;6.42;6.58;6.35;6.52;14574626;95367160.00
2013/07/23;6.54;6.76;6.50;6.73;10852900;73040520.00
2013/07/24;6.69;6.81;6.57;6.78;9636325;65149868.00
2013/07/25;6.81;6.81;6.61;6.71;6417263;43415572.00
2013/07/26;6.72;6.72;6.51;6.59;4532413;30275182.00
2013/07/29;6.57;6.57;6.45;6.45;4329031;28489418.00
2013/07/30;6.47;6.53;6.35;6.43;5455645;35614576.00
2013/07/31;6.44;6.52;6.35;6.37;8332990;54093708.00
2013/08/01;6.39;6.64;6.39;6.64;10284216;68154784.00
2013/08/02;6.68;6.74;6.58;6.65;9105634;61410952.00
2013/08/05;6.67;6.78;6.64;6.78;9129092;61936844.00
2013/08/06;6.79;7.20;6.76;7.03;17220162;120708736.00
2013/08/07;6.98;7.16;6.91;7.02;12829454;90873152.00
2013/08/08;7.02;7.11;6.94;6.99;8274983;58667000.00
2013/08/09;7.03;7.09;6.74;6.89;11225843;78123912.00
2013/08/12;6.89;7.05;6.86;7.03;10316654;72892544.00
2013/08/13;7.06;7.25;7.02;7.23;11922960;86332352.00
2013/08/14;7.20;7.23;7.08;7.12;9877437;71190272.00
2013/08/15;7.10;7.18;7.03;7.03;5990094;42926340.00
2013/08/16;7.02;7.18;6.85;6.87;8788654;61953608.00
2013/08/19;6.81;6.96;6.74;6.93;5074613;35211180.00
2013/08/20;6.95;6.98;6.83;6.87;5401348;37666580.00
2013/08/21;6.86;7.19;6.81;7.16;15946154;113685256.00
2013/08/22;7.11;7.26;7.07;7.19;13003776;94178672.00
2013/08/23;7.21;7.32;6.99;7.18;12391785;89749200.00
2013/08/26;7.15;7.24;7.12;7.24;9520979;69143400.00
2013/08/27;7.24;7.25;7.07;7.18;9465491;68294248.00
2013/08/28;7.12;7.12;6.98;7.01;10651577;75675824.00
2013/08/29;7.01;7.04;6.91;7.00;8307783;58493872.00
2013/08/30;7.01;7.03;6.94;6.99;6774733;47820900.00
2013/09/02;7.00;7.13;6.94;7.11;7784475;55283120.00
2013/09/03;7.10;7.17;7.08;7.16;8689188;62570176.00
2013/09/04;7.13;7.21;7.05;7.13;6999985;50282084.00
2013/09/05;7.13;7.21;7.08;7.16;8178076;59053556.00
2013/09/06;7.18;7.19;7.04;7.09;8904669;63975116.00
2013/09/09;7.09;7.19;7.08;7.15;11069595;79685168.00
2013/09/10;7.17;7.24;7.13;7.24;11432523;82793832.00
2013/09/11;7.24;7.33;7.12;7.21;13558297;98519552.00
2013/09/12;7.18;7.38;7.15;7.34;16420259;120632048.00
2013/09/13;7.35;7.38;7.20;7.23;10527685;77284176.00
2013/09/16;7.24;7.27;7.12;7.15;7817423;56671944.00
2013/09/17;7.16;7.17;6.78;6.80;13039854;92075784.00
2013/09/18;6.82;6.86;6.71;6.78;6417034;44044704.00
2013/09/23;6.80;6.92;6.75;6.91;5732521;39786692.00
2013/09/24;6.91;6.99;6.81;6.96;7510148;52446592.00
2013/09/25;6.95;7.05;6.86;7.04;9489168;66884292.00
2013/09/26;7.18;7.26;6.96;6.96;13231335;94833016.00
2013/09/27;6.84;6.91;6.80;6.84;6373698;44092488.00
2013/09/30;6.86;6.88;6.78;6.85;3257863;22447212.00
2013/10/08;6.82;6.98;6.82;6.95;4932661;34466004.00
2013/10/09;6.95;7.02;6.89;7.02;5827128;41041976.00
2013/10/10;7.02;7.08;6.94;7.00;6781480;48058500.00
2013/10/11;7.00;7.13;6.99;7.13;7661815;54738868.00
2013/10/14;7.13;7.31;7.09;7.25;12862682;93730664.00
2013/10/15;7.26;7.32;7.13;7.31;16910454;123504568.00
2013/10/16;7.28;7.38;7.10;7.22;18065022;132036672.00
2013/10/17;7.22;7.35;7.19;7.33;18896669;138807968.00
2013/10/18;7.33;7.38;7.26;7.30;14658492;108242488.00
2013/10/21;7.27;7.34;7.14;7.31;14029668;102834664.00
2013/10/22;7.29;7.29;7.16;7.16;9269448;67524328.00
2013/10/23;7.17;7.21;6.95;6.95;9766681;69683608.00
2013/10/24;6.95;7.01;6.87;6.92;5448001;38141968.00
2013/10/25;6.89;6.90;6.73;6.77;8286519;57044844.00
2013/10/28;6.79;6.83;6.73;6.81;3443888;23586040.00
2013/10/29;6.83;6.83;6.37;6.53;6640650;43929036.00
2013/10/30;6.53;6.59;6.47;6.58;3532744;23341224.00
2013/10/31;6.55;6.63;6.50;6.59;3658120;24286046.00
2013/11/01;6.59;6.63;6.48;6.60;2570265;17049412.00
2013/11/04;6.61;6.67;6.57;6.67;3301310;22075434.00
2013/11/05;6.62;6.71;6.55;6.66;3682990;24633274.00
2013/11/06;6.63;6.84;6.61;6.72;8386638;57036040.00
2013/11/07;6.67;7.03;6.62;6.95;17210551;119694720.00
2013/11/08;6.87;6.93;6.74;6.74;10678290;73360608.00
2013/11/11;6.63;6.70;6.44;6.62;5739842;38143448.00
2013/11/12;6.63;6.66;6.56;6.65;3465825;23185870.00
2013/11/13;6.62;6.63;6.41;6.42;4249281;27930938.00
2013/11/14;6.39;6.48;6.36;6.45;3784553;24560040.00
2013/11/15;6.47;6.62;6.44;6.60;4854357;32197736.00
2013/11/18;6.62;6.78;6.55;6.76;6131743;41452616.00
2013/11/19;6.75;6.77;6.68;6.71;5197207;35280304.00
2013/11/20;6.91;7.18;6.83;6.90;16924650;119569576.00
2013/11/21;6.79;6.91;6.76;6.85;7965813;54841096.00
2013/11/22;6.86;6.87;6.75;6.79;4789420;32882902.00
2013/11/25;6.77;6.85;6.74;6.78;3968896;27244348.00
2013/11/26;6.79;6.99;6.77;6.93;7665416;53394924.00
2013/11/27;7.03;7.08;6.89;6.94;8931397;62913860.00
2013/11/28;6.95;7.01;6.89;6.95;7829055;54969400.00
2013/11/29;6.95;7.00;6.91;6.93;5991251;42027524.00
2013/12/02;6.76;6.83;6.41;6.53;9787248;65743316.00
2013/12/03;6.50;6.70;6.49;6.64;4993233;33358032.00
2013/12/04;6.64;6.82;6.61;6.77;7048679;47963892.00
2013/12/05;6.72;6.86;6.72;6.78;6462770;44249184.00
2013/12/06;6.77;7.15;6.69;7.03;22648994;159628816.00
2013/12/09;7.03;7.21;6.99;7.09;15753528;113340784.00
2013/12/10;7.08;7.16;7.00;7.04;8127839;57857664.00
2013/12/11;7.01;7.27;6.95;7.20;17559255;126898920.00
2013/12/12;7.16;7.80;7.14;7.53;34293860;257412496.00
2013/12/13;7.43;7.62;7.38;7.43;18276972;137937328.00
2013/12/16;7.42;7.45;7.10;7.21;14777497;108674672.00
2013/12/17;7.20;7.68;7.18;7.54;23075208;174307600.00
2013/12/18;7.68;8.04;7.40;7.49;34914149;272593120.00
2013/12/19;7.38;7.63;7.35;7.45;18597597;140629984.00
2013/12/20;7.45;7.51;7.15;7.15;13792237;101161312.00
2013/12/23;7.12;7.35;7.07;7.19;9140758;66608780.00
2013/12/24;7.19;7.29;6.95;7.06;11169148;80437160.00
2013/12/25;7.00;7.14;6.99;7.14;7412382;52933020.00
2013/12/26;7.08;7.12;6.87;6.87;7693720;54371432.00
2013/12/27;6.92;7.08;6.87;7.02;6938442;48960448.00
2013/12/30;7.06;7.26;7.06;7.19;7860905;57022376.00
2013/12/31;7.13;7.22;7.09;7.16;5808011;41965840.00
2014/01/02;7.16;7.39;7.11;7.38;9023971;66632972.00
2014/01/03;7.37;7.43;7.28;7.38;8430448;62535704.00
2014/01/06;7.36;7.37;7.09;7.14;7098737;51511196.00
2014/01/07;7.11;7.55;7.03;7.55;14564959;108672344.00
2014/01/08;7.56;7.57;7.41;7.50;11442113;86523040.00
2014/01/09;7.45;7.54;7.23;7.23;9892660;73829192.00
2014/01/10;7.17;7.21;6.98;7.07;6667295;47669036.00
2014/01/13;7.11;7.16;6.87;7.03;7799504;54997368.00
2014/01/14;7.01;7.21;6.97;7.18;5855868;42231164.00
2014/01/15;7.16;7.18;6.93;7.06;8496394;60493244.00
2014/01/16;7.06;7.16;7.02;7.08;5598568;40189532.00
2014/01/17;7.11;7.11;6.85;6.87;6529504;45946508.00
2014/01/20;6.86;6.98;6.76;6.84;4667969;32426458.00
2014/01/21;6.84;6.94;6.79;6.89;4455932;30934260.00
2014/01/22;6.89;7.08;6.85;7.07;7097561;50232300.00
2014/01/23;7.07;7.17;7.01;7.06;8264087;59093492.00
2014/01/24;7.05;7.23;7.02;7.22;9980541;72088848.00
2014/01/27;7.18;7.21;7.06;7.11;7354145;52988796.00
2014/01/28;7.10;7.17;7.04;7.12;4541357;32514936.00
2014/01/29;7.10;7.24;7.10;7.24;7405108;53789040.00
2014/01/30;7.23;7.38;7.18;7.20;7406895;54406728.00
2014/02/07;7.15;7.48;7.11;7.46;10663595;78958208.00
2014/02/10;7.45;8.21;7.45;7.90;28386091;225736592.00
2014/02/11;8.03;8.08;7.75;7.89;21044142;168241472.00
2014/02/12;7.84;8.19;7.83;8.08;19315810;156635520.00
2014/02/13;8.03;8.17;7.88;7.93;18346066;148795264.00
2014/02/14;7.95;8.18;7.80;8.17;18448589;148629520.00
2014/02/17;8.43;8.68;8.28;8.33;28071648;238874368.00
2014/02/18;8.41;8.65;8.32;8.56;22043422;189469456.00
2014/02/19;8.49;9.03;8.45;8.57;23143473;203283168.00
2014/02/20;8.53;8.60;8.18;8.23;18341389;154148160.00
2014/02/21;8.23;8.41;8.04;8.13;12124545;100591928.00
2014/02/24;8.07;8.32;7.98;8.30;10517252;86534792.00
2014/02/25;8.30;8.57;7.89;7.95;17945787;149967776.00
2014/02/26;7.95;8.29;7.84;8.26;13103312;107209880.00
2014/02/27;8.23;8.50;8.04;8.10;13491964;112789992.00
2014/02/28;8.10;8.28;7.93;8.25;10215039;83561848.00
2014/03/03;8.21;8.48;8.21;8.32;11468442;96191624.00
2014/03/04;8.21;8.32;8.06;8.27;11084691;91180872.00
2014/03/05;9.10;9.10;8.65;9.05;75190497;684290304.00
2014/03/06;9.00;9.81;8.92;9.54;69188356;645322432.00
2014/03/07;9.23;9.88;9.13;9.67;65431833;621958208.00
2014/03/10;9.67;9.90;9.14;9.23;49281362;472793696.00
2014/03/11;9.43;9.89;8.64;9.10;46507276;436601664.00
2014/03/12;8.96;9.17;8.23;8.43;35470957;310134560.00
2014/03/13;8.38;8.72;8.32;8.52;19789813;170204864.00
2014/03/14;8.51;8.58;8.31;8.45;13014005;110708120.00
2014/03/17;8.29;9.30;8.16;8.97;28746988;255084672.00
2014/03/18;8.83;9.29;8.80;9.01;25080939;228900304.00
2014/03/19;8.85;9.28;8.81;9.25;24393312;222188752.00
2014/03/20;9.13;9.42;8.68;8.71;24079496;221610544.00
2014/03/21;8.78;9.59;8.77;9.57;46591637;436447456.00
2014/03/24;9.34;9.67;9.28;9.43;33067716;315298816.00
2014/03/25;9.35;9.53;9.20;9.28;20070223;188881632.00
2014/03/26;9.46;9.65;9.29;9.30;23920010;228001152.00
2014/03/27;9.08;9.18;8.73;8.73;25466172;230208208.00
2014/03/28;8.67;8.86;8.48;8.52;15130236;131432656.00
2014/03/31;8.22;8.22;7.66;7.66;26152845;206004032.00
2014/04/01;7.51;7.71;7.46;7.70;18679859;142657616.00
2014/04/02;7.71;7.74;7.53;7.56;11535442;88614512.00
2014/04/03;7.62;7.73;7.55;7.58;9012223;69403944.00
2014/04/04;7.54;7.63;7.53;7.62;7800815;59666212.00
2014/04/08;7.54;7.60;7.34;7.57;15333721;115416432.00
2014/04/09;7.54;7.68;7.52;7.67;11431238;87750592.00
2014/04/10;7.68;7.90;7.63;7.83;15903779;124945456.00
2014/04/11;7.74;7.81;7.64;7.73;9230256;71814560.00
2014/04/14;7.70;7.77;7.63;7.75;7105004;55069712.00
2014/04/15;7.75;7.75;7.65;7.67;6028679;46750480.00
2014/04/16;7.65;7.77;7.63;7.71;7213397;56107004.00
2014/04/17;7.70;7.75;7.57;7.57;8185162;62984912.00
2014/04/18;7.57;7.64;7.47;7.58;5014849;38241504.00
2014/04/21;7.53;7.57;7.33;7.35;8542661;64372352.00
2014/04/22;7.36;7.40;7.04;7.25;11185732;80921728.00
2014/04/23;7.23;7.26;7.14;7.18;4280532;31084294.00
2014/04/24;7.18;7.20;7.08;7.09;3214244;23150612.00
2014/04/25;7.08;7.17;7.03;7.03;4744499;34031900.00
2014/04/28;7.01;7.01;6.79;6.83;5599191;38876788.00
2014/04/29;6.80;6.95;6.78;6.93;3705826;25671640.00
2014/04/30;6.88;6.99;6.87;6.96;2598566;18257264.00
2014/05/05;6.96;7.01;6.83;6.99;3320759;23165934.00
2014/05/06;7.01;7.21;6.94;7.14;6145993;44201276.00
2014/05/07;7.18;7.21;7.12;7.16;5519491;39855836.00
2014/05/08;7.11;7.22;7.10;7.19;5506387;39917820.00
2014/05/09;7.19;7.19;6.60;6.69;13818745;94933576.00
2014/05/12;6.70;6.83;6.62;6.81;9314110;63119380.00
2014/05/13;6.77;6.83;6.71;6.75;4802598;32794250.00
2014/05/14;6.71;6.75;6.69;6.70;3420721;23227376.00
2014/05/15;6.68;6.70;6.52;6.54;5129812;34234972.00
2014/05/16;6.53;6.71;6.53;6.70;4757488;31874552.00
2014/05/19;6.69;6.74;6.60;6.71;4376909;29447780.00
2014/05/20;6.77;6.77;6.60;6.64;3543448;23925260.00
2014/05/21;6.66;6.72;6.60;6.68;3622445;24398134.00
2014/05/22;6.68;6.74;6.63;6.65;4930085;33370478.00
2014/05/23;6.63;6.69;6.59;6.68;3375293;22633380.00
2014/05/26;6.71;6.75;6.69;6.74;4494135;30530522.00
2014/05/27;6.74;6.78;6.66;6.67;3790345;25706684.00
2014/05/28;6.73;6.79;6.68;6.78;6804927;46435316.00
2014/05/29;6.74;6.77;6.66;6.69;4120469;27950810.00
2014/05/30;6.71;6.71;6.60;6.68;3631634;24374040.00
2014/06/03;6.74;6.80;6.68;6.73;4650114;31722394.00
2014/06/04;6.69;6.73;6.59;6.63;4482592;30125612.00
2014/06/05;6.64;6.69;6.62;6.68;3019058;20322534.00
2014/06/06;6.70;6.81;6.67;6.76;5532713;37729032.00
2014/06/09;6.74;6.89;6.70;6.80;6147235;42356984.00
2014/06/10;6.83;6.87;6.76;6.84;4907938;33816508.00
2014/06/11;6.86;6.86;6.77;6.84;4540445;31286782.00
2014/06/12;6.82;6.82;6.73;6.77;4132927;28250852.00
2014/06/13;6.75;6.93;6.74;6.91;7061805;49022736.00
2014/06/16;6.94;6.99;6.85;6.87;6582271;45863480.00
2014/06/17;6.88;6.89;6.75;6.76;3934274;27061320.00
2014/06/18;6.76;6.84;6.75;6.79;3746929;25686746.00
2014/06/19;6.82;6.96;6.63;6.68;6583525;45268412.00
2014/06/20;6.68;6.71;6.56;6.67;3124418;20940586.00
2014/06/23;6.69;6.72;6.66;6.67;2666412;18007656.00
2014/06/24;6.67;6.73;6.63;6.69;3215307;21701670.00
2014/06/25;6.70;6.79;6.66;6.71;3820288;25945232.00
2014/06/26;6.73;6.89;6.73;6.85;5590813;38376096.00
2014/06/27;6.87;7.03;6.81;6.97;9865509;68920056.00
2014/06/30;7.00;7.00;6.91;6.95;5084341;35431536.00
2014/07/01;6.95;6.99;6.89;6.97;5686150;39636188.00
2014/07/02;6.99;7.02;6.86;6.99;6872650;47934164.00
2014/07/03;6.98;7.30;6.95;7.19;14708772;106016096.00
2014/07/04;7.20;7.29;7.09;7.26;8664737;62659972.00
2014/07/07;7.26;7.26;7.14;7.17;4711310;33974744.00
2014/07/08;7.17;7.23;7.05;7.22;5567294;39881360.00
2014/07/09;7.17;7.20;7.01;7.03;5970123;42572668.00
2014/07/10;6.99;7.08;6.96;7.00;6204342;43635648.00
2014/07/11;7.01;7.10;6.97;7.09;4478760;31707194.00
2014/07/14;7.09;7.32;7.01;7.29;12119592;87794552.00
2014/07/15;7.26;7.65;7.25;7.59;23891756;179929456.00
2014/07/16;7.48;7.57;7.34;7.41;12223301;91167336.00
2014/07/17;7.37;7.40;7.23;7.31;6970553;50996796.00
2014/07/18;7.27;7.42;7.22;7.31;5784343;42612464.00
2014/07/21;7.32;7.74;7.27;7.68;18078865;137001616.00
2014/07/22;7.75;8.05;7.63;7.79;31322895;245866512.00
2014/07/23;7.78;7.82;7.57;7.63;16462520;126834096.00
2014/07/24;7.70;7.70;7.46;7.57;11119555;84660936.00
2014/07/25;7.52;7.70;7.52;7.64;7376584;56528936.00
2014/07/28;7.64;7.79;7.59;7.75;11598714;89170768.00
2014/07/29;7.75;7.75;7.59;7.61;14282544;109756144.00
2014/07/30;7.59;7.60;7.44;7.55;12163823;91710000.00
2014/07/31;7.52;7.69;7.46;7.67;9504160;72679968.00
2014/08/01;7.61;7.70;7.45;7.51;9234442;70199856.00
2014/08/04;7.53;7.89;7.48;7.87;17733831;137583504.00
2014/08/05;7.98;8.03;7.75;7.87;18286693;144202048.00
2014/08/06;7.81;8.01;7.76;7.97;13339473;106101696.00
2014/08/07;7.98;8.00;7.69;7.70;13002239;102195736.00
2014/08/08;7.70;7.82;7.67;7.72;6546690;50809176.00
2014/08/11;7.73;7.86;7.73;7.82;6823755;53485400.00
2014/08/12;7.84;7.90;7.79;7.86;7390886;58101680.00
2014/08/13;7.85;7.87;7.68;7.77;7629232;59394852.00
2014/08/14;7.76;7.81;7.64;7.65;7253649;56331420.00
2014/08/15;7.67;7.75;7.62;7.70;7929388;61199192.00
2014/08/18;7.71;7.78;7.65;7.78;11068673;85669176.00
2014/08/19;7.88;8.12;7.88;7.96;20677937;165893648.00
2014/08/20;7.87;8.01;7.82;7.86;12281260;97556040.00
2014/08/21;7.88;8.09;7.87;8.09;18380487;147302352.00
2014/08/22;8.13;8.17;7.99;8.05;11258979;91008240.00
2014/08/25;8.02;8.06;7.88;7.92;8404948;67089748.00
2014/08/26;7.89;7.92;7.57;7.60;11010007;85595240.00
2014/08/27;7.57;7.70;7.55;7.63;6633758;50791184.00
2014/08/28;7.64;7.64;7.46;7.51;5259088;39938792.00
2014/08/29;7.54;7.62;7.48;7.62;4477506;34024468.00
2014/09/01;7.62;7.76;7.53;7.73;6519077;50330764.00
2014/09/02;7.72;7.81;7.67;7.81;10148738;78986432.00
2014/09/03;7.82;7.92;7.77;7.85;11614879;91268760.00
2014/09/04;7.85;8.00;7.80;7.93;15033459;119440536.00
2014/09/05;8.01;8.09;7.90;8.02;14847494;119265944.00
2014/09/09;8.00;8.24;8.00;8.12;18899492;153985056.00
2014/09/10;8.08;8.31;8.04;8.27;18059868;148232352.00
2014/09/11;8.27;8.47;8.14;8.18;23409718;195512144.00
2014/09/12;8.16;8.41;8.16;8.40;13711238;114361520.00
2014/09/15;8.42;8.57;8.33;8.36;14949075;126461672.00
2014/09/16;8.37;8.52;8.09;8.15;19136632;160367952.00
2014/09/17;8.18;8.29;8.13;8.25;10326835;85181376.00
2014/09/18;8.24;8.71;8.22;8.55;18781066;159613968.00
2014/09/19;8.56;8.61;8.41;8.55;11609410;99150592.00
2014/09/22;8.54;8.63;8.32;8.51;10843954;92453696.00
2014/09/23;8.47;8.82;8.47;8.73;11480073;99893128.00
2014/09/24;8.70;9.03;8.65;8.90;14956858;133335632.00
2014/09/25;8.91;8.95;8.75;8.78;9122842;80831984.00
2014/09/26;8.85;9.05;8.84;8.90;10676793;95765176.00
2014/09/29;8.93;8.97;8.83;8.94;13264859;118383296.00
2015/04/10;9.84;9.84;9.84;9.84;66793;659246.94
2015/04/13;10.83;10.83;10.83;10.83;49134;533595.25
2015/04/14;11.92;11.92;11.92;11.92;77766;929303.69
2015/04/15;13.12;13.12;13.12;13.12;112815;1483517.25
2015/04/16;14.44;14.44;14.44;14.44;346743;5017371.00
2015/04/17;15.89;15.89;15.89;15.89;415813;6619743.00
2015/04/20;17.48;17.48;17.48;17.48;1268899;22218422.00
2015/04/21;19.23;19.23;19.23;19.23;821492;15821936.00
2015/04/22;21.16;21.16;21.16;21.16;541935;11483603.00
2015/04/23;23.28;23.28;20.48;20.61;96946229;2091678208.00
2015/04/24;20.35;21.27;20.09;20.81;61663721;1281637888.00
2015/04/27;20.76;20.94;19.95;19.95;40777994;834228096.00
2015/04/28;19.66;19.77;18.58;19.06;36573612;700330368.00
2015/04/29;19.26;19.74;19.05;19.40;24444928;475585216.00
2015/04/30;19.27;20.32;19.19;19.77;23887330;474935232.00
2015/05/04;19.87;20.66;19.66;20.01;21932181;443351904.00
2015/05/05;19.57;19.82;18.36;18.61;26895189;514271104.00
2015/05/06;18.76;19.44;18.48;18.64;16669803;317801376.00
2015/05/07;18.77;19.22;18.59;18.67;12760471;241991584.00
2015/05/08;18.92;20.22;18.78;19.94;21224897;414965216.00
2015/05/11;20.00;21.94;19.87;21.94;40917939;876471680.00
2015/05/12;22.82;24.06;22.53;23.43;50509525;1174917248.00
2015/05/13;22.97;25.78;22.77;25.78;50016425;1249515904.00
2015/05/14;26.03;27.72;24.74;26.62;49685770;1295095552.00
2015/05/15;25.97;26.94;25.25;26.10;24676857;642902336.00
2015/05/18;25.88;28.57;25.70;27.59;30371962;827391040.00
2015/05/19;27.03;27.87;26.05;27.65;23260630;626070464.00
2015/05/20;27.34;29.39;27.07;27.37;22271472;626758208.00
2015/05/21;26.98;28.17;26.47;28.02;22018915;602106752.00
2015/05/22;28.25;28.77;26.73;27.72;25044123;686242176.00
2015/05/25;26.77;28.85;26.77;28.30;22473088;628859776.00
2015/05/26;28.52;31.13;28.52;31.13;16557414;502136800.00
2015/05/27;33.30;34.25;32.77;33.96;42467706;1439859456.00
2015/05/28;32.93;34.77;32.67;33.47;34332066;1155758848.00
2015/05/29;33.48;35.85;30.98;35.14;25352650;858333440.00
2015/06/01;35.49;36.97;34.47;36.29;20767426;742793536.00
2015/06/02;37.18;39.92;36.47;39.92;22992115;882004032.00
2015/06/03;40.47;40.85;37.47;38.77;20986467;811964992.00
2015/06/04;37.82;40.56;36.77;39.57;20980783;819428160.00
2015/06/05;39.97;41.02;36.76;36.86;24032423;922944192.00
2015/06/08;35.53;36.75;33.44;34.96;19515107;682019392.00
2015/06/09;34.53;35.77;33.82;34.42;14156717;490190496.00
2015/06/10;33.98;35.48;33.55;35.47;15132023;525291776.00
2015/06/11;34.97;35.45;34.27;34.77;11176531;388408352.00
2015/06/12;34.77;37.63;34.58;36.52;15656195;565644736.00
2015/06/15;36.12;36.74;33.97;35.67;14523988;513435456.00
2015/06/16;34.77;34.98;32.45;32.87;13495929;451115040.00
2015/06/17;33.20;34.57;31.02;33.76;12180310;398201952.00
2015/06/18;33.87;34.77;31.97;32.27;7132023;240026528.00
2015/06/19;31.35;32.17;29.04;29.04;9559019;286315104.00
2015/06/23;28.97;29.65;26.13;26.97;12894378;352257344.00
2015/06/24;27.55;29.04;27.07;28.13;10995676;305880896.00
2015/07/02;25.31;25.31;25.31;25.31;649100;16448194.00
2015/07/03;22.78;22.78;22.78;22.78;235800;5378598.00
2015/07/06;21.57;24.96;20.50;20.50;24489192;530070016.00
2015/07/14;22.55;22.55;21.59;22.55;24647382;555880512.00
2015/07/15;22.55;22.55;20.29;20.29;15569208;325500288.00
2015/07/16;18.26;20.20;18.26;20.16;75578845;1407199616.00
2015/07/17;19.41;22.18;18.93;21.27;52080547;1058270656.00
2015/07/20;21.65;23.25;21.12;22.74;53110820;1184179712.00
2015/07/21;21.97;22.78;21.52;22.23;41809197;924122688.00
2015/07/22;22.07;23.28;21.76;22.73;37317993;841940544.00
2015/07/23;22.89;23.73;22.10;23.52;41883710;965828544.00
2015/07/24;23.62;25.27;22.97;23.47;47217266;1126143744.00
2015/07/27;22.42;23.44;21.12;21.12;29920701;667909824.00
2015/07/28;19.01;20.76;19.01;19.01;34957647;671116288.00
2015/07/29;19.15;19.46;17.11;18.92;56300553;1002784576.00
2015/07/30;18.16;18.61;17.03;17.03;40885008;736834240.00
2015/07/31;16.05;16.95;15.42;15.96;32424217;526771968.00
2015/08/03;16.12;16.97;15.77;16.16;29737154;488116480.00
2015/08/04;16.03;17.78;16.03;17.66;31307547;532067008.00
2015/08/05;17.57;17.83;16.57;16.69;32550218;562210944.00
2015/08/06;16.08;18.27;15.97;17.65;39767490;689079360.00
2015/08/07;17.67;19.04;17.67;18.89;40624212;751649408.00
2015/08/10;19.25;20.43;18.47;20.08;39638343;767742400.00
2015/08/11;19.84;21.17;19.68;20.27;36892183;755712320.00
2015/08/12;19.95;20.65;18.85;18.95;30646575;605609984.00
2015/08/13;18.69;19.98;18.48;19.96;25086667;480737952.00
2015/08/14;20.12;20.67;19.79;19.97;23748775;480925920.00
2015/08/17;19.89;20.19;19.12;20.07;23308235;459906720.00
2015/08/18;20.22;20.95;18.06;18.06;31719022;628584704.00
2015/08/19;17.19;18.39;16.25;18.09;29798207;513767040.00
2015/08/20;18.17;19.90;17.97;19.90;36144617;708965440.00
2015/08/21;19.93;20.63;18.17;19.12;65976525;1304547840.00
2015/08/24;17.30;17.65;17.21;17.21;15469309;268328720.00
2015/08/25;15.49;15.49;15.49;15.49;2230000;34609600.00
2015/08/26;13.94;15.35;13.94;13.94;53019986;756665792.00
2015/08/27;14.17;14.46;12.54;13.18;41470758;550069760.00
2015/08/28;13.58;14.50;13.18;14.50;38330875;529796640.00
2015/08/31;14.27;14.27;13.05;13.05;37055407;500610912.00
2015/09/01;12.97;12.97;11.74;11.74;23589067;282283072.00
2015/09/02;10.78;12.12;10.56;10.56;34486008;384604512.00
2015/09/07;10.92;11.56;10.78;10.98;25535665;284300992.00
2015/09/08;10.98;12.08;10.87;12.03;30202301;347704928.00
2015/09/09;12.22;13.17;12.08;13.08;40639390;509857312.00
2015/09/10;12.66;12.97;12.27;12.27;26342187;333419744.00
2015/09/11;12.19;12.81;12.14;12.46;24373313;303623808.00
2015/09/14;12.52;12.57;11.21;11.21;20804818;246152256.00
2015/09/15;10.78;10.79;10.09;10.09;23469521;243690400.00
2015/09/16;10.22;11.10;10.09;11.10;26820641;284017984.00
2015/09/17;11.27;12.16;10.99;11.02;37864044;434459104.00
2015/09/18;11.22;11.35;10.81;11.19;23162466;257706064.00
2015/09/21;10.89;12.31;10.83;12.31;33834450;395349280.00
2015/09/22;12.57;12.66;11.98;12.31;30897656;382049568.00
2015/09/23;12.17;13.21;12.09;12.45;36255120;460496672.00
2015/09/24;12.57;13.13;12.44;12.67;32337287;412917472.00
2015/09/25;13.17;13.55;12.29;12.66;43532160;564730944.00
2015/09/28;12.44;13.07;12.08;13.05;32807811;416060576.00
2015/09/29;12.66;12.75;12.07;12.25;24652405;307404032.00
2015/09/30;12.42;12.52;12.09;12.26;14060255;173551520.00
2015/10/08;12.77;13.22;12.53;13.10;27757045;359281920.00
2015/10/09;13.02;13.75;12.85;13.51;31920233;423390432.00
2015/10/12;13.55;14.51;13.40;14.25;33570562;473556512.00
2015/10/13;14.35;14.77;14.18;14.56;28919413;419798560.00
2015/10/14;16.02;16.02;16.02;16.02;7217248;115836832.00
2015/10/15;16.37;17.02;16.17;16.74;59900540;991782400.00
2015/10/16;16.47;17.47;16.22;16.67;53455636;898158784.00
2015/10/19;16.97;17.73;16.72;17.43;52766939;907305536.00
2015/10/20;17.17;17.20;16.59;17.10;35154526;597379264.00
2015/10/21;16.97;17.08;15.39;15.39;39460587;639212096.00
2015/10/22;14.87;15.95;14.87;15.85;38618039;596783616.00
2015/10/23;15.84;16.72;15.60;16.57;37499805;604286336.00
2015/10/26;16.60;17.70;14.91;17.37;46207020;792723008.00
2015/10/27;17.65;17.66;16.25;17.22;35292623;600260928.00
2015/10/28;16.96;17.14;15.98;16.13;26070978;436744480.00
2015/10/29;16.32;16.59;15.88;16.41;18761066;306272672.00
2015/10/30;16.38;16.83;15.62;16.32;24637005;401774048.00
2015/11/02;15.77;16.16;15.27;15.32;18530915;292972768.00
2015/11/03;15.37;15.87;15.28;15.47;17135144;268310992.00
2015/11/04;15.67;16.87;15.55;16.62;24185230;390190816.00
2015/11/05;16.48;16.77;16.09;16.49;25504406;420500224.00
2015/11/06;16.57;17.50;16.50;17.17;29921990;509645536.00
2015/11/09;16.87;17.87;16.48;17.55;37160597;641328192.00
2015/11/10;17.82;18.67;17.62;17.70;36219890;656011200.00
2015/11/11;17.63;18.43;17.53;18.26;30512178;547715904.00
2015/11/12;18.12;19.07;17.98;18.96;38268691;711059648.00
2015/11/13;18.57;18.94;17.70;18.17;30597904;564015808.00
2015/11/16;19.99;19.99;19.82;19.99;48365374;968086272.00
2015/11/17;19.99;21.26;19.86;20.69;79644077;1634942464.00
2015/11/18;20.27;20.55;18.67;18.92;42095258;831690048.00
2015/11/19;18.92;19.93;18.59;19.87;35883104;695956288.00
2015/11/20;19.87;20.77;19.48;20.15;42828217;863124800.00
2015/11/23;20.42;20.46;19.16;19.37;26997085;534091072.00
2015/11/24;19.42;19.54;18.69;19.22;17538065;334090272.00
2015/11/25;19.39;20.05;19.35;19.80;20737967;409605472.00
2015/11/26;19.78;19.94;19.37;19.43;19970864;391542816.00
2015/11/27;18.99;19.31;17.48;17.48;24682580;455875232.00
2015/11/30;17.42;17.57;15.97;16.89;27976537;466633696.00
2015/12/01;16.76;17.27;16.53;16.92;16929705;287025280.00
2015/12/02;17.02;17.15;15.68;16.44;14218668;234633744.00
2015/12/03;16.67;17.16;16.52;17.16;12897385;218528032.00
2015/12/04;17.18;17.70;17.01;17.31;16048987;279064224.00
2015/12/07;17.26;17.55;17.00;17.55;11542999;200199296.00
2015/12/08;17.37;17.45;16.74;16.91;14224437;243242624.00
2015/12/09;17.57;18.60;17.40;17.50;35012580;630474368.00
2015/12/10;16.85;17.12;16.48;16.59;22423228;377934304.00
2015/12/11;16.59;17.07;16.22;16.66;12850988;214401760.00
2015/12/14;16.35;17.07;16.27;17.07;10731103;179664064.00
2015/12/22;18.78;18.78;18.78;18.78;1047046;19694936.00
2015/12/23;20.18;20.18;19.09;19.31;47475214;933132352.00
2015/12/24;19.00;20.77;19.00;20.10;43164929;867752640.00
2015/12/25;20.87;21.47;20.08;20.15;37893821;784504576.00
2015/12/28;20.47;20.55;18.97;19.13;27380248;539607616.00
2015/12/29;19.12;19.82;18.86;19.78;21207139;413481120.00
2015/12/30;19.83;19.86;19.42;19.59;16555170;325896224.00
2015/12/31;19.52;19.95;19.17;19.18;12549177;245559008.00
2016/01/04;18.97;19.05;17.26;17.26;14907194;267806736.00
2016/01/05;16.12;17.20;15.77;16.59;18374012;304953920.00
2016/01/06;16.92;17.14;16.29;17.07;14475296;243604896.00
2016/01/07;16.57;16.59;15.36;15.36;3842855;61300692.00
2016/01/08;15.77;15.95;14.23;14.98;16056182;245447488.00
2016/01/11;14.65;14.73;13.48;13.48;14903428;210279152.00
2016/01/12;13.42;13.79;13.05;13.48;13084297;176859136.00
2016/01/13;13.56;13.74;12.54;12.54;11139981;148484432.00
2016/01/14;12.09;13.10;11.89;13.05;17048165;214228688.00
2016/01/15;12.87;13.05;11.97;12.13;15024936;188761936.00
2016/01/18;11.92;12.96;11.82;12.68;20068616;252466080.00
2016/01/19;12.61;13.77;12.52;13.57;20474694;269483424.00
2016/01/20;13.45;13.96;13.25;13.72;25802346;351303296.00
2016/01/21;13.52;13.96;12.95;12.98;19126189;258419136.00
2016/01/22;13.26;13.54;12.66;13.40;14822050;195919600.00
2016/01/25;13.75;14.57;13.74;14.09;25265701;357386592.00
2016/01/26;13.92;14.12;12.72;12.80;22016060;299903392.00
2016/01/27;12.95;13.27;11.87;13.19;22304490;281064352.00
2016/01/28;12.87;13.13;11.99;12.26;15587906;199086544.00
2016/01/29;12.35;13.25;12.13;13.00;17153831;219904160.00
2016/02/01;12.93;13.15;12.37;12.69;15747770;202374000.00
2016/02/02;12.66;13.47;12.57;13.33;17330939;229426704.00
2016/02/03;13.09;14.04;12.92;13.85;22593393;304457696.00
2016/02/04;13.91;14.15;13.77;14.03;20392209;285582016.00
2016/02/05;14.07;14.17;13.70;13.70;11123110;154723376.00
2016/02/15;12.91;13.68;12.87;13.47;11003615;146555040.00
2016/02/16;13.64;14.33;13.64;14.19;17099682;241093520.00
2016/02/17;14.10;14.54;13.99;14.46;22279937;319002880.00
2016/02/18;14.64;14.66;14.28;14.33;18292490;265274288.00
2016/02/19;14.37;14.43;14.15;14.35;12808901;183504656.00
2016/02/22;14.49;15.47;14.42;15.06;28999930;429708032.00
2016/02/23;15.02;15.57;14.72;15.39;28506191;429843424.00
2016/02/24;15.30;15.35;14.69;15.17;20155677;304195936.00
2016/02/25;15.34;15.47;13.65;13.65;23354191;338192064.00
2016/02/26;13.77;14.03;13.15;13.70;16776489;230851808.00
2016/02/29;13.50;13.55;12.33;12.37;15955419;202509088.00
2016/03/01;12.46;12.56;11.37;12.36;28124952;339351808.00
2016/03/02;12.15;13.16;12.14;13.02;22015299;277692128.00
2016/03/03;12.97;14.33;12.91;14.33;35294165;482055552.00
2016/03/04;14.27;14.42;13.07;13.07;34712295;479276256.00
2016/03/07;13.26;13.71;13.15;13.44;18542132;249435840.00
2016/03/08;13.27;14.13;12.48;14.06;27980122;374486464.00
2016/03/09;13.27;13.67;13.07;13.23;19592293;263202496.00
2016/03/10;13.27;13.46;12.77;12.86;13158482;172401520.00
2016/03/11;12.67;12.90;12.46;12.63;11584004;146672016.00
2016/03/14;12.87;13.46;12.85;13.20;15988957;212406688.00
2016/03/15;13.09;13.51;13.09;13.18;14559965;194522352.00
2016/03/16;13.39;13.44;12.68;12.79;14961988;194520336.00
2016/03/17;13.01;13.47;12.87;13.37;21989355;291968960.00
2016/03/18;13.53;14.17;13.43;14.03;27637597;384770848.00
2016/03/21;14.33;14.46;14.01;14.40;29184698;416638208.00
2016/03/22;14.21;14.86;14.15;14.40;30372303;442650848.00
2016/03/23;15.17;15.77;14.67;14.84;44872631;675131584.00
2016/03/24;14.48;14.77;14.28;14.33;27760321;403707296.00
2016/03/25;14.22;14.57;14.20;14.57;16853461;242919200.00
2016/03/28;14.75;14.83;14.17;14.28;19314494;281569376.00
2016/03/29;14.28;14.34;13.72;14.06;16485600;231263952.00
2016/03/30;14.21;14.65;14.13;14.65;19738706;284290496.00
2016/03/31;14.78;15.16;14.50;15.15;29141127;432664736.00
2016/04/01;15.06;15.06;14.47;14.76;26273343;389311136.00
2016/04/05;14.75;15.45;14.59;15.37;29425830;443382976.00
2016/04/06;15.17;15.37;14.99;15.21;22932147;349024960.00
2016/04/07;15.23;15.33;14.74;14.82;25214938;379596704.00
2016/04/08;14.62;14.96;14.48;14.80;19917774;293217088.00
2016/04/11;14.75;15.26;14.64;15.16;27636550;415571936.00
2016/04/12;15.04;15.16;14.58;14.86;18475511;274587776.00
2016/04/13;14.94;15.34;14.88;14.97;22758990;344789088.00
2016/04/14;15.24;15.26;14.92;15.15;16240961;245551664.00
2016/04/15;15.22;15.26;15.00;15.17;16049529;243515552.00
2016/04/18;15.07;15.07;14.68;14.94;17963028;267316704.00
2016/04/19;15.01;16.44;15.01;16.44;67887754;1080370176.00
2016/04/20;16.07;16.37;15.12;15.99;65806775;1047098496.00
2016/04/21;15.74;16.57;15.39;16.06;54367594;873655104.00
2016/04/22;15.72;17.27;15.57;16.79;59607039;997266048.00
2016/04/25;16.76;17.25;16.47;16.52;48062694;811834560.00
2016/04/26;16.28;17.21;16.06;17.17;37197361;612943680.00
2016/04/27;16.99;17.54;16.73;16.79;36720424;628539712.00
2016/04/28;16.87;16.92;16.25;16.77;26609164;442046208.00
2016/04/29;16.92;17.29;16.56;16.62;29391669;498471424.00
2016/05/03;16.47;17.26;16.19;17.24;36082363;606271040.00
2016/05/04;17.05;17.24;16.86;16.89;29252222;497876896.00
2016/05/05;16.81;17.50;16.70;17.20;26431045;450894336.00
2016/05/06;17.20;17.55;16.01;16.08;37769638;635127616.00
2016/05/09;15.73;15.73;14.74;14.88;24647205;373456000.00
2016/05/10;14.85;15.08;14.77;14.88;14852203;221785616.00
2016/05/11;15.02;15.18;14.15;14.23;16584547;244070288.00
2016/05/12;13.94;14.35;13.65;14.35;15889897;221712752.00
2016/05/13;14.21;14.63;14.06;14.11;15422304;221220016.00
2016/05/16;14.15;14.54;14.01;14.54;13186638;188170928.00
2016/05/17;14.50;14.90;14.33;14.54;19096928;279589568.00
2016/05/18;14.29;14.36;13.40;13.70;17149564;238666816.00
2016/05/19;13.75;14.25;13.75;13.85;13204700;184567840.00
2016/05/20;13.58;14.20;13.52;14.13;11598474;161337248.00
2016/05/23;14.24;14.55;14.15;14.46;15313520;220532048.00
2016/05/24;14.49;14.61;14.16;14.48;16334316;235517376.00
2016/05/25;14.65;14.72;14.25;14.44;13997477;202872672.00
2016/05/26;14.34;14.54;13.85;14.52;14547873;206888176.00
2016/05/27;14.46;14.51;14.20;14.26;10767012;154678064.00
2016/05/30;14.01;14.28;13.90;14.06;8089618;113901784.00
2016/05/31;14.09;14.76;14.06;14.70;19279965;281082208.00
2016/06/01;14.75;15.37;14.75;14.98;21520135;325177696.00
2016/06/02;15.10;15.44;14.90;15.43;19250749;291987776.00
2016/06/03;15.52;15.90;15.28;15.67;23139735;359140832.00
2016/06/06;15.68;15.70;15.31;15.48;14694507;227931232.00
2016/06/07;15.38;15.66;15.38;15.48;11944595;185164400.00
2016/06/08;15.55;15.87;15.32;15.71;19038425;298208256.00
2016/06/13;15.82;16.38;14.72;14.72;31569345;499137376.00
2016/06/14;14.36;14.77;14.28;14.71;16730127;242856656.00
2016/06/15;14.38;15.70;14.01;15.58;22835849;347666912.00
2016/06/16;15.60;16.28;15.59;15.94;33022159;527358528.00
2016/06/17;15.83;16.10;15.43;15.66;24158514;381393312.00
2016/06/20;15.73;15.87;15.36;15.75;17209436;268919104.00
2016/06/21;15.89;16.06;15.28;15.38;18335427;288234080.00
2016/06/22;15.25;15.78;15.20;15.77;16602171;256429856.00
2016/06/23;15.80;16.50;15.75;16.12;32383260;523238720.00
2016/06/24;16.08;16.23;14.89;15.80;26969104;425826688.00
2016/06/27;15.60;16.37;15.60;16.30;22774877;367302624.00
2016/06/28;16.30;16.94;16.18;16.45;31011873;514939616.00
2016/06/29;16.70;16.80;16.35;16.45;16884978;278238208.00
2016/06/30;16.50;16.59;16.21;16.50;15014970;245673344.00
2016/07/01;16.48;16.60;16.14;16.25;12427912;203202944.00
2016/07/04;16.17;16.70;16.12;16.69;18799427;310480352.00
2016/07/05;16.74;16.75;16.36;16.57;17021865;281627872.00
2016/07/06;16.57;16.75;16.44;16.75;17693946;293576128.00
2016/07/07;16.69;17.14;16.31;16.88;22502748;376922624.00
2016/07/08;16.81;16.85;16.45;16.56;13708693;228052384.00
2016/07/11;16.59;16.93;16.40;16.42;15537440;259538448.00
2016/07/12;16.45;16.68;16.10;16.64;16181851;265479952.00
2016/07/13;16.75;16.80;16.50;16.64;13737032;228792480.00
2016/07/14;16.70;16.93;16.60;16.73;14938560;250231760.00
2016/07/15;17.00;17.10;16.68;16.86;18870569;319284832.00
2016/07/18;16.79;16.95;16.62;16.79;13028155;219045568.00
2016/07/19;16.79;17.15;16.70;17.15;16285143;275412032.00
2016/07/20;17.15;17.28;17.01;17.03;13179420;225534640.00
2016/07/21;17.00;17.15;16.81;16.95;13918209;236352256.00
2016/07/22;16.88;17.03;16.70;16.75;11990261;201920144.00
2016/07/25;16.83;17.35;16.80;17.14;19376227;332084576.00
2016/07/26;17.12;18.00;17.05;17.99;33166150;584539904.00
2016/07/27;17.96;18.49;16.55;17.26;42791175;753874496.00
2016/07/28;17.50;17.65;16.70;16.91;37487404;645589120.00
2016/07/29;16.77;16.80;15.94;15.98;29288750;475098560.00
2016/08/01;15.81;15.85;15.26;15.55;15089846;233567840.00
2016/08/02;15.61;15.80;15.49;15.78;9534099;149147904.00
2016/08/03;15.68;15.84;15.50;15.60;11674407;182785152.00
2016/08/04;15.60;15.84;15.60;15.80;11138349;175417936.00
2016/08/05;15.73;15.97;15.72;15.75;10574135;167529632.00
2016/08/08;15.74;15.90;15.36;15.90;9740096;153000752.00
2016/08/09;15.90;16.15;15.81;16.11;13410709;213874640.00
2016/08/10;16.06;16.19;15.86;15.89;10273200;164222944.00
2016/08/11;15.80;15.94;15.33;15.41;12879067;201329120.00
2016/08/12;15.48;15.66;15.40;15.65;8849314;137417888.00
2016/08/15;15.65;16.15;15.47;16.02;15361756;243745728.00
2016/08/16;16.07;16.12;15.94;16.03;12111586;193998384.00
2016/08/17;16.05;16.27;16.00;16.05;12014988;193659888.00
2016/08/18;16.06;16.08;15.81;15.86;11824094;188323280.00
2016/08/19;15.91;16.04;15.83;16.00;8907869;142257584.00
2016/08/22;16.15;16.58;16.00;16.34;22646276;370257216.00
2016/08/23;16.41;16.87;16.14;16.27;21372399;353012384.00
2016/08/24;16.36;17.39;16.36;16.92;33461140;564131904.00
2016/08/25;16.80;16.86;16.41;16.74;21981252;365221920.00
2016/08/26;16.80;16.81;16.48;16.54;19446578;322843264.00
2016/08/29;16.46;16.61;16.21;16.37;13430354;220282016.00
2016/08/30;16.48;16.93;16.37;16.85;18902053;316365216.00
2016/08/31;16.85;16.85;16.52;16.68;11353740;188975696.00
2016/09/01;16.70;16.95;16.45;16.46;12128809;202115008.00
2016/09/02;16.36;16.48;15.92;16.05;12285207;199294736.00
2016/09/05;16.14;16.18;15.86;15.88;10744919;171647536.00
2016/09/06;15.85;16.15;15.72;16.14;10885155;173644864.00
2016/09/07;16.12;16.30;16.00;16.02;9061505;146368432.00
2016/09/08;15.96;16.14;15.92;16.05;6190546;99192336.00
2016/09/09;16.08;16.12;15.85;15.86;7185516;115067992.00
2016/09/12;15.56;15.56;14.96;14.96;11789024;180138096.00
2016/09/13;15.10;15.18;14.94;15.04;5873224;88344016.00
2016/09/14;15.01;15.12;14.91;15.02;4424735;66450348.00
2016/09/19;15.06;15.23;15.06;15.17;4341106;65691760.00
2016/09/20;15.12;15.21;15.04;15.08;3919507;59333884.00
2016/09/21;15.12;15.19;15.07;15.12;3738218;56536000.00
2016/09/22;15.27;15.30;15.05;15.09;5180206;78579224.00
2016/09/23;15.09;15.20;15.01;15.02;4316431;65145412.00
2016/09/26;15.00;15.02;14.38;14.40;8639096;126669856.00
2016/09/27;14.37;14.62;14.36;14.62;4936841;71630464.00
2016/09/28;14.62;14.65;14.51;14.52;2694112;39230048.00
2016/09/29;14.58;14.70;14.55;14.60;3866112;56541340.00
2016/09/30;14.61;14.87;14.61;14.85;4654917;68706368.00
2016/10/10;15.04;15.35;14.91;15.30;8637548;131296144.00
2016/10/11;15.51;15.55;15.34;15.36;8950995;138218000.00
2016/10/12;15.32;15.70;15.23;15.64;8886215;137891824.00
2016/10/13;15.90;15.96;15.57;15.58;7976548;125378960.00
2016/10/14;15.48;15.58;15.30;15.45;5825835;89753584.00
2016/10/17;15.49;15.57;15.35;15.37;6387479;98700600.00
2016/10/18;15.43;15.72;15.41;15.69;7545531;117696960.00
2016/10/19;15.71;15.78;15.53;15.60;4651724;72722224.00
2016/10/20;15.61;15.75;15.59;15.67;4515686;70676000.00
2016/10/21;15.67;15.76;15.54;15.69;6801248;106447824.00
2016/10/24;15.72;15.82;15.66;15.73;6555411;103160224.00
2016/10/25;15.74;15.74;15.50;15.54;5512423;85977976.00
2016/10/26;15.60;15.60;15.35;15.39;5912042;91035024.00
2016/10/27;15.41;15.45;15.31;15.36;4146300;63718936.00
2016/10/28;15.36;15.43;15.26;15.27;3717772;57042612.00
2016/10/31;15.22;15.22;14.98;15.11;4313033;65013116.00
2016/11/01;15.13;15.26;15.05;15.24;4534172;68760432.00
2016/11/02;15.19;15.19;14.94;14.97;6217095;93454576.00
2016/11/03;14.91;15.17;14.91;15.05;5997787;90368048.00
2016/11/04;15.00;15.13;14.98;15.13;5503201;82995984.00
2016/11/07;15.12;15.13;14.92;14.96;4917448;73798120.00
2016/11/08;15.03;15.40;15.00;15.25;6949498;105440064.00
2016/11/09;15.21;15.37;14.90;15.17;8602740;130115120.00
2016/11/10;15.29;15.48;15.23;15.33;6688304;102733296.00
2016/11/11;15.33;15.39;15.09;15.37;6136684;93655456.00
2016/11/14;15.37;15.46;15.18;15.25;7528293;115263208.00
2016/11/15;15.23;15.36;15.18;15.34;5305725;81081360.00
2016/11/16;15.38;15.50;15.36;15.38;6100892;94114176.00
2016/11/17;15.41;15.44;15.16;15.23;3343600;51017408.00
数据来源:通达信
