002579 中京电子 日线 前复权
      日期	    开盘	    最高	    最低	    收盘	    成交量	    成交额
2011/05/06;5.00;5.41;4.83;4.89;15883855;302261536.00
2011/05/09;4.59;4.86;4.51;4.71;8111340;140188096.00
2011/05/10;4.64;4.76;4.59;4.75;5795934;100567912.00
2011/05/11;4.68;4.73;4.61;4.66;4577366;79238792.00
2011/05/12;4.64;4.77;4.63;4.65;4087382;71307696.00
2011/05/13;4.67;4.92;4.65;4.86;4804847;84955704.00
2011/05/16;4.84;5.13;4.83;4.92;5833195;107401208.00
2011/05/17;4.91;5.05;4.83;4.96;3937853;72041200.00
2011/05/18;4.92;4.92;4.69;4.73;3991053;70865584.00
2011/05/19;4.77;4.80;4.70;4.73;1833731;32246342.00
2011/05/20;4.71;4.73;4.62;4.64;1764113;30493906.00
2011/05/23;4.62;4.64;4.43;4.43;2439210;40891964.00
2011/05/24;4.38;4.50;4.34;4.46;1579438;25938050.00
2011/05/25;4.43;4.46;4.28;4.29;1503316;24343432.00
2011/05/26;4.33;4.37;4.24;4.25;1146806;18400966.00
2011/05/27;4.26;4.34;4.21;4.25;1098438;17393804.00
2011/05/30;4.25;4.29;4.16;4.21;748293;11799873.00
2011/05/31;4.21;4.36;4.19;4.33;1125959;17934796.00
2011/06/01;4.33;4.42;4.30;4.40;1400474;22785968.00
2011/06/02;4.33;4.33;4.20;4.31;1190291;18912276.00
2011/06/03;4.28;4.37;4.28;4.35;970970;15635194.00
2011/06/07;4.34;4.37;4.31;4.34;646608;10438984.00
2011/06/08;4.33;4.33;4.22;4.28;1196835;18929734.00
2011/06/09;4.26;4.27;4.21;4.22;794430;12509516.00
2011/06/10;4.22;4.22;4.06;4.13;1121109;17217314.00
2011/06/13;4.08;4.12;4.03;4.08;762084;11553959.00
2011/06/14;4.08;4.14;4.07;4.13;787500;12090435.00
2011/06/15;4.11;4.21;4.10;4.14;1019809;15789422.00
2011/06/16;4.11;4.11;4.05;4.05;652215;9906367.00
2011/06/17;4.05;4.10;4.04;4.04;481154;7281669.00
2011/06/20;4.04;4.16;4.03;4.11;1055904;16107640.00
2011/06/21;4.14;4.22;4.10;4.19;1490075;23085112.00
2011/06/22;4.17;4.51;4.10;4.34;1881447;29672956.00
2011/06/23;4.32;4.58;4.29;4.55;4498591;74755528.00
2011/06/24;4.58;4.66;4.49;4.62;5102310;86872352.00
2011/06/27;4.66;4.84;4.61;4.73;5585142;98002264.00
2011/06/28;4.74;4.74;4.60;4.68;2291338;39599608.00
2011/06/29;4.68;5.16;4.65;4.80;5068294;91195032.00
2011/06/30;4.83;4.85;4.74;4.80;2377042;42095776.00
2011/07/01;4.81;4.83;4.69;4.70;2395811;42198260.00
2011/07/04;4.70;4.94;4.69;4.87;3313315;58531828.00
2011/07/05;4.95;4.95;4.83;4.84;2356624;42571140.00
2011/07/06;4.85;5.01;4.84;4.95;4227833;77275656.00
2011/07/07;4.95;5.11;4.95;5.02;4092704;76059392.00
2011/07/08;5.03;5.21;4.96;5.21;4172937;78382744.00
2011/07/11;5.30;5.40;5.22;5.30;5541268;108771984.00
2011/07/12;5.41;5.41;5.00;5.02;3796094;72052072.00
2011/07/13;5.04;5.21;5.02;5.12;3763455;71040864.00
2011/07/14;5.07;5.16;5.04;5.13;3073240;57973932.00
2011/07/15;5.08;5.20;5.05;5.06;2448038;46318016.00
2011/07/18;5.05;5.06;4.92;4.97;2332956;42960196.00
2011/07/19;4.91;5.00;4.91;4.94;1464518;26850170.00
2011/07/20;4.96;5.01;4.81;4.84;1686017;30558168.00
2011/07/21;4.83;4.88;4.78;4.82;1129313;20194934.00
2011/07/22;4.83;4.88;4.81;4.82;832136;14917875.00
2011/07/25;4.82;4.85;4.66;4.66;1358147;23959070.00
2011/07/26;4.66;4.71;4.64;4.69;644565;11185912.00
2011/07/27;4.69;4.84;4.64;4.83;1389782;24609278.00
2011/07/28;4.77;4.91;4.74;4.84;1568669;28125766.00
2011/07/29;4.80;4.86;4.76;4.78;696888;12401349.00
2011/08/01;4.75;4.91;4.74;4.89;1129930;20357150.00
2011/08/02;4.88;4.88;4.75;4.85;1003774;17854234.00
2011/08/03;4.79;5.05;4.75;5.01;2585274;47397972.00
2011/08/04;4.96;4.99;4.86;4.87;1447285;26420622.00
2011/08/05;4.71;4.84;4.67;4.71;1088336;19166246.00
2011/08/08;4.69;4.75;4.33;4.42;981768;16506352.00
2011/08/09;4.31;4.44;4.21;4.38;942301;15176096.00
2011/08/10;4.47;4.50;4.40;4.42;1120158;18527830.00
2011/08/11;4.30;4.51;4.28;4.49;1154432;18929938.00
2011/08/12;4.50;4.61;4.50;4.53;1146259;19372676.00
2011/08/15;4.56;4.60;4.53;4.59;966274;16389587.00
2011/08/16;4.61;4.63;4.53;4.59;1027556;17451452.00
2011/08/17;4.59;4.63;4.55;4.57;979255;16684436.00
2011/08/18;4.55;4.58;4.42;4.43;963700;16105621.00
2011/08/19;4.33;4.40;4.28;4.38;680079;11023603.00
2011/08/22;4.37;4.47;4.37;4.41;679413;11175240.00
2011/08/23;4.45;4.87;4.45;4.85;6389484;112442456.00
2011/08/24;4.85;4.96;4.76;4.90;6901200;124537256.00
2011/08/25;4.80;4.85;4.72;4.82;3852446;68354280.00
2011/08/26;4.79;4.88;4.78;4.85;2485828;44526180.00
2011/08/29;4.86;4.91;4.78;4.84;2019402;36335476.00
2011/08/30;4.84;4.93;4.74;4.74;2049751;36773916.00
2011/08/31;4.74;4.78;4.63;4.66;1118579;19420366.00
2011/09/01;4.66;4.75;4.58;4.65;917673;15953183.00
2011/09/02;4.60;4.66;4.45;4.52;1137437;19213566.00
2011/09/05;4.48;4.49;4.39;4.45;660660;10877882.00
2011/09/06;4.38;4.49;4.35;4.45;684438;11285391.00
2011/09/07;4.49;4.56;4.46;4.55;819741;13750240.00
2011/09/09;4.47;4.52;4.43;4.45;668192;11093135.00
2011/09/13;4.39;4.41;4.31;4.38;512900;8316771.50
2011/09/14;4.41;4.50;4.38;4.49;561468;9225400.00
2011/09/15;4.49;4.52;4.43;4.44;684896;11414034.00
2011/09/16;4.45;4.50;4.43;4.43;545579;9049378.00
2011/09/19;4.43;4.43;4.29;4.34;694239;11195699.00
2011/09/20;4.34;4.39;4.31;4.34;429988;6884736.00
2011/09/21;4.35;4.49;4.32;4.47;711808;11590363.00
2011/09/22;4.44;4.49;4.35;4.37;644290;10448712.00
2011/09/23;4.33;4.36;4.27;4.34;503437;7970053.00
2011/09/26;4.35;4.37;4.28;4.29;379178;6021124.00
2011/09/27;4.33;4.35;4.28;4.33;354881;5626232.50
2011/09/28;4.37;4.41;4.29;4.31;494767;7914431.00
2011/09/29;4.31;4.31;4.17;4.17;428600;6664471.50
2011/09/30;4.17;4.20;4.12;4.16;287048;4396048.00
2011/10/10;4.21;4.48;4.13;4.30;389714;6075003.50
2011/10/11;4.41;4.41;4.17;4.27;674700;10711995.00
2011/10/12;4.22;4.41;4.22;4.38;671799;10731040.00
2011/10/13;4.36;4.45;4.36;4.41;744604;12047752.00
2011/10/14;4.37;4.41;4.30;4.35;510453;8154627.00
2011/10/17;4.34;4.51;4.34;4.45;1463978;23784858.00
2011/10/18;4.39;4.42;4.24;4.25;835299;13326009.00
2011/10/19;4.27;4.32;4.23;4.26;381348;5985372.00
2011/10/20;4.23;4.26;4.11;4.12;632857;9655984.00
2011/10/21;4.16;4.16;4.01;4.01;443234;6636465.00
2011/10/24;4.04;4.04;3.88;4.01;553167;8066056.50
2011/10/25;3.99;4.16;3.99;4.14;696120;10466526.00
2011/10/26;4.09;4.23;4.09;4.15;895245;13753939.00
2011/10/27;4.19;4.25;4.14;4.19;602028;9260147.00
2011/10/28;4.22;4.25;4.17;4.25;773939;12001494.00
2011/10/31;4.24;4.26;4.19;4.25;694789;10826739.00
2011/11/01;4.19;4.26;4.18;4.25;778488;12097109.00
2011/11/02;4.21;4.39;4.16;4.33;2129459;33752064.00
2011/11/03;4.36;4.46;4.33;4.34;1857739;29958728.00
2011/11/04;4.38;4.40;4.32;4.38;1046915;16750511.00
2011/11/07;4.36;4.44;4.35;4.38;851392;13725301.00
2011/11/08;4.40;4.41;4.25;4.26;1043785;16565999.00
2011/11/09;4.26;4.34;4.25;4.34;813778;12844813.00
2011/11/10;4.30;4.43;4.28;4.34;1165505;18676546.00
2011/11/11;4.34;4.40;4.28;4.33;813704;12961087.00
2011/11/14;4.36;4.48;4.35;4.47;1489570;24255046.00
2011/11/15;4.46;4.49;4.43;4.46;734620;12011168.00
2011/11/16;4.49;4.49;4.29;4.31;1001012;16085524.00
2011/11/17;4.29;4.40;4.29;4.34;791129;12639769.00
2011/11/18;4.34;4.34;4.17;4.17;726229;11308508.00
2011/11/21;4.18;4.24;4.13;4.20;413691;6342473.00
2011/11/22;4.14;4.20;4.14;4.19;376593;5768053.00
2011/11/23;4.18;4.46;4.16;4.43;2030465;32230050.00
2011/11/24;4.34;4.44;4.32;4.39;2517551;40449104.00
2011/11/25;4.35;4.37;4.19;4.21;1322749;20761078.00
2011/11/28;4.21;4.25;4.15;4.19;586596;9014579.00
2011/11/29;4.22;4.27;4.18;4.24;710996;11031333.00
2011/11/30;4.23;4.25;3.99;4.02;835103;12586365.00
2011/12/01;4.12;4.19;4.08;4.11;939251;14234600.00
2011/12/02;4.08;4.16;4.05;4.09;389175;5872721.00
2011/12/05;4.11;4.11;3.95;3.96;533701;7850847.50
2011/12/06;3.97;3.99;3.90;3.98;197369;2866295.50
2011/12/07;3.94;4.00;3.93;3.98;239201;3497560.75
2011/12/08;3.98;4.04;3.89;4.01;537231;7875038.50
2011/12/09;3.95;4.03;3.95;4.01;248402;3656557.50
2011/12/12;3.97;4.03;3.96;3.98;236211;3471135.75
2011/12/13;3.96;3.96;3.78;3.78;529341;7475297.00
2011/12/14;3.83;3.83;3.76;3.79;267093;3738486.00
2011/12/15;3.80;3.82;3.73;3.78;353080;4921186.00
2011/12/16;3.79;3.88;3.76;3.88;292510;4121031.25
2011/12/20;3.87;4.03;3.84;3.88;618221;8977642.00
2011/12/21;3.89;3.96;3.76;3.76;258900;3684029.75
2011/12/22;3.74;3.74;3.55;3.65;380649;5105352.50
2011/12/23;3.61;3.72;3.61;3.69;177489;2407585.50
2011/12/26;3.72;3.72;3.58;3.63;135899;1824184.50
2011/12/27;3.63;3.63;3.47;3.51;255898;3322273.25
2011/12/28;3.47;3.47;3.34;3.46;170627;2145580.50
2011/12/29;3.44;3.49;3.38;3.45;126737;1614536.25
2011/12/30;3.49;3.52;3.45;3.48;234168;3016920.25
2012/01/04;3.52;3.52;3.37;3.39;212799;2717121.00
2012/01/05;3.41;3.41;3.08;3.13;310500;3685402.75
2012/01/06;3.13;3.15;3.03;3.15;212596;2433812.25
2012/01/09;3.17;3.32;3.11;3.30;374210;4514086.00
2012/01/10;3.30;3.43;3.29;3.41;424968;5301373.50
2012/01/11;3.41;3.46;3.39;3.42;431195;5453984.00
2012/01/12;3.39;3.45;3.34;3.42;287640;3632242.25
2012/01/13;3.46;3.47;3.26;3.28;334800;4094529.00
2012/01/16;3.25;3.25;3.12;3.14;147550;1734179.50
2012/01/17;3.13;3.31;3.11;3.30;212849;2554304.25
2012/01/18;3.32;3.36;3.21;3.23;235580;2866640.25
2012/01/19;3.29;3.31;3.20;3.23;166540;2001857.25
2012/01/20;3.24;3.56;3.24;3.41;1318444;16931504.00
2012/01/30;3.46;3.46;3.33;3.36;867088;10757249.00
2012/01/31;3.36;3.36;3.23;3.29;354629;4294280.00
2012/02/01;3.25;3.34;3.25;3.28;251336;3064761.75
2012/02/02;3.28;3.35;3.28;3.33;182729;2234206.25
2012/02/03;3.31;3.43;3.31;3.39;439246;5481085.50
2012/02/06;3.35;3.46;3.35;3.44;555938;7023996.00
2012/02/07;3.44;3.46;3.36;3.41;306487;3835196.75
2012/02/08;3.43;3.53;3.38;3.50;609488;7820868.00
2012/02/09;3.48;3.58;3.48;3.53;503876;6591599.00
2012/02/10;3.50;3.63;3.50;3.60;748019;9910640.00
2012/02/13;3.57;3.71;3.54;3.62;589552;7897073.00
2012/02/14;3.61;3.64;3.58;3.59;358750;4767713.00
2012/02/15;3.58;3.79;3.58;3.73;1474749;20180568.00
2012/02/16;3.72;3.72;3.64;3.68;848229;11484092.00
2012/02/17;3.68;3.73;3.64;3.65;268700;3630413.00
2012/02/20;3.69;3.73;3.66;3.66;447424;6085885.50
2012/02/21;3.65;3.70;3.62;3.70;428342;5791722.00
2012/02/22;3.72;3.80;3.68;3.77;1089362;15053484.00
2012/02/23;3.75;4.03;3.72;3.98;2863676;41047524.00
2012/02/24;3.93;4.02;3.88;3.94;3890239;56779784.00
2012/02/27;4.02;4.10;3.96;3.97;2955492;43725796.00
2012/02/28;3.94;3.97;3.89;3.91;1180538;17052842.00
2012/02/29;3.91;3.96;3.85;3.92;742199;10686719.00
2012/03/01;3.90;4.01;3.90;3.96;826165;12049656.00
2012/03/02;3.97;3.99;3.95;3.99;915989;13373428.00
2012/03/05;4.01;4.01;3.94;3.95;687291;10034796.00
2012/03/06;3.95;3.96;3.86;3.87;646829;9265615.00
2012/03/07;3.85;3.95;3.84;3.89;639277;9213715.00
2012/03/08;3.89;3.94;3.89;3.93;542794;7830369.50
2012/03/09;3.94;4.04;3.92;4.01;936723;13755311.00
2012/03/12;4.01;4.09;4.00;4.03;958838;14273278.00
2012/03/13;4.06;4.09;4.01;4.09;947725;14103480.00
2012/03/14;4.10;4.16;3.86;3.89;1707660;25363376.00
2012/03/15;3.91;3.98;3.86;3.92;822283;11884635.00
2012/03/16;3.96;4.31;3.94;4.31;3127555;47645304.00
2012/03/19;4.33;4.69;4.26;4.65;3618765;58467484.00
2012/03/20;4.58;4.58;4.40;4.43;2975860;48745392.00
2012/03/21;4.46;4.51;4.36;4.46;1778106;29002086.00
2012/03/22;4.44;4.61;4.43;4.58;1970019;32752072.00
2012/03/23;4.58;4.75;4.48;4.72;3757549;63519552.00
2012/03/26;4.63;4.68;4.53;4.55;1736580;29265104.00
2012/03/27;4.59;4.79;4.54;4.59;3703266;62898488.00
2012/03/28;4.58;4.63;4.25;4.30;2607259;42561996.00
2012/03/29;4.36;4.37;4.14;4.26;1388318;21772500.00
2012/03/30;4.25;4.38;4.19;4.31;3101287;48781764.00
2012/04/05;4.28;4.48;4.28;4.47;4871410;78840856.00
2012/04/06;4.43;4.44;4.23;4.38;3585108;57076148.00
2012/04/09;4.39;4.57;4.30;4.39;3781977;61653964.00
2012/04/10;4.40;4.46;4.26;4.45;3207456;51657436.00
2012/04/11;4.28;4.62;4.28;4.55;4613189;76886496.00
2012/04/12;4.53;4.73;4.53;4.65;4378595;74513104.00
2012/04/13;4.75;4.75;4.56;4.61;3945977;67093140.00
2012/04/16;4.66;4.68;4.59;4.61;2288778;38786404.00
2012/04/17;4.61;4.70;4.58;4.62;2523040;42842908.00
2012/04/18;4.64;4.64;4.34;4.44;3401062;55550808.00
2012/04/19;4.41;4.41;4.10;4.11;3933047;60626832.00
2012/04/20;4.13;4.18;4.12;4.15;2025133;30914214.00
2012/04/24;4.00;4.03;3.73;3.81;2078650;29572620.00
2012/04/25;3.81;3.86;3.76;3.80;1280031;17895356.00
2012/04/26;3.80;3.80;3.74;3.76;1013258;14042500.00
2012/04/27;3.70;3.79;3.70;3.75;794478;10973915.00
2012/05/02;3.78;3.83;3.76;3.78;983027;13710519.00
2012/05/03;3.81;3.81;3.59;3.65;1921819;25913310.00
2012/05/04;3.63;3.73;3.63;3.72;1194995;16262908.00
2012/05/07;3.69;3.79;3.68;3.79;1081306;14977788.00
2012/05/08;3.79;3.82;3.79;3.79;1211249;16969288.00
2012/05/09;3.78;3.78;3.69;3.69;942004;12913862.00
2012/05/10;3.68;3.72;3.66;3.69;634569;8644205.00
2012/05/11;3.69;3.75;3.68;3.73;886401;12134960.00
2012/05/14;3.77;3.78;3.57;3.58;2244635;30105528.00
2012/05/15;3.52;3.52;3.33;3.46;1651118;20824272.00
2012/05/16;3.44;3.47;3.41;3.43;738518;9383999.00
2012/05/17;3.43;3.48;3.43;3.47;622595;7956661.00
2012/05/18;3.47;3.48;3.39;3.40;872836;11108016.00
2012/05/21;3.41;3.49;3.40;3.49;855626;10902427.00
2012/05/22;3.50;3.58;3.50;3.56;1247811;16382688.00
2012/05/23;3.58;3.58;3.46;3.50;911318;11829405.00
2012/05/24;3.50;3.53;3.42;3.42;726716;9298989.00
2012/05/25;3.42;3.43;3.23;3.24;1427848;10843165.00
2012/05/28;3.24;3.26;3.13;3.23;989799;7268020.00
2012/05/29;3.22;3.32;3.20;3.30;1126185;8516435.00
2012/05/30;3.29;3.34;3.27;3.32;1010286;7709082.00
2012/05/31;3.30;3.66;3.27;3.51;4881575;39756992.00
2012/06/01;3.44;3.50;3.39;3.43;2317814;18292784.00
2012/06/04;3.35;3.40;3.19;3.22;1732288;13168362.00
2012/06/05;3.24;3.29;3.21;3.24;1134454;8474325.00
2012/06/06;3.25;3.28;3.20;3.23;740576;5518369.50
2012/06/07;3.26;3.28;3.20;3.23;738347;5501969.50
2012/06/08;3.28;3.28;3.18;3.20;646291;4789116.50
2012/06/11;3.24;3.28;3.19;3.26;726899;5422234.50
2012/06/12;3.23;3.25;3.21;3.24;601240;4470849.50
2012/06/13;3.26;3.33;3.23;3.30;1162406;8798114.00
2012/06/14;3.30;3.34;3.25;3.25;950359;7210489.50
2012/06/15;3.26;3.48;3.26;3.37;2309458;17862792.00
2012/06/18;3.37;3.42;3.33;3.38;1530996;11844993.00
2012/06/19;3.39;3.39;3.30;3.34;1030590;7918878.50
2012/06/20;3.34;3.48;3.27;3.45;2862292;22470888.00
2012/06/21;3.42;3.42;3.32;3.35;1622992;12570298.00
2012/06/25;3.35;3.39;3.19;3.21;1129294;8591376.00
2012/06/26;3.19;3.24;3.11;3.19;685470;5013567.00
2012/06/27;3.18;3.26;3.18;3.20;609582;4514563.00
2012/06/28;3.19;3.21;3.08;3.10;829511;6038783.00
2012/06/29;3.10;3.13;3.05;3.10;1097278;7812714.00
2012/07/02;3.11;3.15;3.11;3.15;755233;5446246.00
2012/07/03;3.11;3.15;3.03;3.05;3193327;22721540.00
2012/07/04;3.03;3.07;2.91;2.96;2799094;19152964.00
2012/07/05;2.94;2.94;2.82;2.83;1891769;12459230.00
2012/07/06;2.86;2.88;2.78;2.87;1440822;9415454.00
2012/07/09;2.86;2.86;2.71;2.73;878873;5691658.50
2012/07/10;2.71;2.73;2.67;2.67;886079;5513708.50
2012/07/11;2.67;2.71;2.64;2.70;546803;3403322.25
2012/07/12;2.69;2.76;2.66;2.74;810888;5070612.00
2012/07/13;2.73;2.75;2.67;2.68;554695;3470370.00
2012/07/16;2.69;2.69;2.46;2.47;1543285;9153221.00
2012/07/17;2.47;2.52;2.47;2.51;1008922;5840755.50
2012/07/18;2.49;2.54;2.45;2.53;940683;5431525.00
2012/07/19;2.53;2.60;2.51;2.57;1220082;7241343.00
2012/07/20;2.54;2.61;2.54;2.55;914763;5464591.00
2012/07/23;2.53;2.54;2.47;2.52;569426;3308235.00
2012/07/24;2.51;2.59;2.51;2.55;787688;4648300.00
2012/07/25;2.55;2.61;2.54;2.59;1338230;7995143.50
2012/07/26;2.56;2.62;2.54;2.54;973830;5798899.50
2012/07/27;2.54;2.57;2.51;2.52;490985;2878237.50
2012/07/30;2.52;2.55;2.44;2.45;733797;4215432.50
2012/07/31;2.46;2.46;2.29;2.35;683728;3742299.75
2012/08/01;2.37;2.45;2.36;2.41;625155;3489051.00
2012/08/02;2.41;2.42;2.36;2.39;597423;3305567.00
2012/08/03;2.40;2.51;2.39;2.51;782554;4441011.50
2012/08/06;2.50;2.60;2.49;2.59;1152233;6819509.50
2012/08/07;2.60;2.60;2.56;2.59;971926;5803800.00
2012/08/08;2.63;2.63;2.56;2.59;868440;5194071.00
2012/08/09;2.58;2.61;2.56;2.60;1150997;6903718.50
2012/08/10;2.61;2.67;2.59;2.64;1459231;8845777.00
2012/08/13;2.62;2.65;2.54;2.55;1002709;6011611.50
2012/08/14;2.55;2.67;2.51;2.67;2002188;12075775.00
2012/08/15;2.64;2.66;2.59;2.60;1362674;8248741.00
2012/08/16;2.59;2.63;2.58;2.59;667222;4008752.00
2012/08/17;2.59;2.61;2.57;2.59;626828;3746737.25
2012/08/20;2.59;2.61;2.55;2.61;625216;3736073.00
2012/08/21;2.60;2.76;2.60;2.69;2547031;15954060.00
2012/08/22;2.68;2.82;2.67;2.73;3093380;19600574.00
2012/08/23;2.71;3.01;2.68;3.01;6041327;40521152.00
2012/08/24;3.10;3.11;2.83;2.85;9096425;62624072.00
2012/08/27;2.77;2.77;2.65;2.69;3642762;22767216.00
2012/08/28;2.69;2.91;2.66;2.82;5114595;32966260.00
2012/08/29;2.77;2.97;2.75;2.92;5909212;39326860.00
2012/08/30;2.86;2.91;2.68;2.78;3736967;24204938.00
2012/08/31;2.75;2.90;2.74;2.83;2240362;14625685.00
2012/09/03;2.81;2.95;2.79;2.90;3166223;21001342.00
2012/09/04;2.93;3.03;2.86;2.93;5410429;36883912.00
2012/09/05;2.90;3.02;2.90;2.96;3330332;22802480.00
2012/09/06;2.97;3.26;2.91;3.26;8882300;64735172.00
2012/09/07;3.36;3.59;3.36;3.51;17901900;143572512.00
2012/09/10;3.41;3.59;3.34;3.58;13551747;107634080.00
2012/09/11;3.52;3.53;3.40;3.42;6631494;52579928.00
2012/09/12;3.48;3.48;3.35;3.39;4309701;33586040.00
2012/09/13;3.41;3.42;3.28;3.29;3033221;23452938.00
2012/09/14;3.29;3.37;3.28;3.30;3039055;23192510.00
2012/09/17;3.31;3.41;3.13;3.13;3976323;30394688.00
2012/09/18;3.14;3.15;3.06;3.08;2906022;20738184.00
2012/09/19;3.08;3.16;3.07;3.14;2145085;15410966.00
2012/09/20;3.11;3.13;2.87;2.89;3945903;27068204.00
2012/09/21;2.85;2.91;2.81;2.85;2084247;13786478.00
2012/09/24;2.83;2.91;2.73;2.89;2436310;15882707.00
2012/09/25;2.86;2.91;2.83;2.88;1846788;12257828.00
2012/09/26;2.88;2.90;2.71;2.73;1898984;12186519.00
2012/09/27;2.75;2.88;2.69;2.77;2282132;14673356.00
2012/09/28;2.77;2.86;2.75;2.85;2384968;15544458.00
2012/10/08;2.86;2.90;2.83;2.87;1488059;9828695.00
2012/10/09;2.88;2.96;2.87;2.96;2281905;15444487.00
2012/10/10;2.97;3.05;2.94;3.03;2396153;16569264.00
2012/10/11;3.01;3.02;2.89;2.90;2590045;17567264.00
2012/10/12;2.90;2.94;2.80;2.84;1482502;9801007.00
2012/10/15;2.86;2.86;2.74;2.79;1130224;7260914.00
2012/10/16;2.79;2.88;2.75;2.83;1425375;9305079.00
2012/10/17;2.82;2.84;2.75;2.84;1124000;7274140.00
2012/10/18;2.86;2.93;2.86;2.91;2085794;13982816.00
2012/10/19;2.88;3.03;2.86;2.97;2728095;18598052.00
2012/10/22;2.93;3.02;2.92;3.02;2197076;15133114.00
2012/10/23;3.02;3.03;2.91;2.91;2220024;15096435.00
2012/10/24;2.88;2.91;2.86;2.87;1326724;8816447.00
2012/10/25;2.88;2.91;2.86;2.89;998102;6644601.50
2012/10/26;2.89;2.89;2.70;2.70;2110192;13454424.00
2012/10/29;2.70;2.71;2.64;2.65;1089471;6703737.00
2012/10/30;2.68;2.70;2.65;2.67;664960;4111928.75
2012/10/31;2.69;2.69;2.64;2.67;631796;3883614.00
2012/11/01;2.69;2.79;2.68;2.74;1333763;8431196.00
2012/11/02;2.72;2.76;2.68;2.73;873431;5508098.00
2012/11/05;2.75;2.75;2.67;2.70;1541321;9597417.00
2012/11/06;2.71;2.71;2.62;2.66;1386951;8502033.00
2012/11/07;2.71;2.71;2.65;2.66;1146488;7076486.50
2012/11/08;2.65;2.65;2.53;2.54;1406864;8451256.00
2012/11/09;2.53;2.59;2.51;2.55;1117520;6573483.00
2012/11/12;2.55;2.59;2.53;2.57;562384;3331974.25
2012/11/13;2.57;2.57;2.49;2.49;972713;5676152.50
2012/11/14;2.49;2.52;2.47;2.50;496947;2865200.50
2012/11/15;2.50;2.52;2.44;2.45;598770;3441365.50
2012/11/16;2.43;2.47;2.43;2.46;570888;3243554.00
2012/11/19;2.46;2.51;2.44;2.51;471170;2705666.50
2012/11/20;2.54;2.54;2.49;2.50;493210;2867243.00
2012/11/21;2.48;2.53;2.45;2.53;696876;4030907.50
2012/11/22;2.53;2.57;2.51;2.52;940843;5517329.00
2012/11/23;2.51;2.55;2.51;2.52;433361;2541801.25
2012/11/26;2.52;2.52;2.47;2.47;480490;2773408.50
2012/11/27;2.47;2.47;2.34;2.34;669419;3684376.50
2012/11/28;2.33;2.33;2.24;2.29;452044;2395217.00
2012/11/29;2.29;2.32;2.25;2.25;436851;2321055.00
2012/11/30;2.25;2.31;2.22;2.27;420497;2214664.75
2012/12/03;2.28;2.28;2.19;2.19;481577;2504065.25
2012/12/04;2.20;2.24;2.16;2.23;611697;3119782.75
2012/12/05;2.20;2.35;2.19;2.32;865545;4631003.00
2012/12/06;2.33;2.36;2.31;2.33;701508;3809451.75
2012/12/07;2.31;2.39;2.31;2.39;1066108;5844331.50
2012/12/10;2.41;2.54;2.37;2.50;2215363;12633508.00
2012/12/11;2.49;2.49;2.40;2.43;1552267;8811742.00
2012/12/12;2.43;2.45;2.39;2.43;1061430;5953810.50
2012/12/13;2.43;2.43;2.36;2.36;820798;4565631.50
2012/12/14;2.36;2.48;2.36;2.47;1376816;7811234.50
2012/12/17;2.51;2.52;2.46;2.51;1326951;7657042.50
2012/12/18;2.50;2.53;2.47;2.50;1081251;6260511.00
2012/12/19;2.50;2.57;2.47;2.53;1433691;8405336.00
2012/12/20;2.51;2.53;2.47;2.51;1242118;7181236.50
2012/12/21;2.51;2.53;2.48;2.50;1040731;6019624.00
2012/12/24;2.49;2.51;2.47;2.50;950000;5482219.50
2012/12/25;2.50;2.58;2.48;2.57;1863876;10956291.00
2012/12/26;2.57;2.65;2.55;2.64;2205215;13315869.00
2012/12/27;2.66;2.91;2.61;2.87;6628417;42182868.00
2012/12/28;2.82;3.00;2.79;2.96;8451188;56811160.00
2012/12/31;2.99;3.27;2.91;3.07;9788310;69268488.00
2013/01/04;3.11;3.39;3.09;3.34;11390072;84881616.00
2013/01/07;3.27;3.47;3.22;3.32;9303027;70644016.00
2013/01/08;3.27;3.27;3.18;3.19;7295364;53737040.00
2013/01/09;3.14;3.15;3.04;3.07;7907351;56119768.00
2013/01/10;3.06;3.10;3.05;3.10;4301529;30455892.00
2013/01/11;3.08;3.11;2.93;2.97;4955098;34579844.00
2013/01/14;2.95;3.06;2.94;3.05;3976932;27649630.00
2013/01/15;3.05;3.09;3.03;3.06;5482406;38770444.00
2013/01/16;3.05;3.12;2.93;3.01;5209979;36462072.00
2013/01/17;2.98;3.04;2.95;3.01;2886289;19982548.00
2013/01/18;3.03;3.08;2.98;3.08;3792238;26552624.00
2013/01/21;3.08;3.20;3.08;3.18;6517055;47342108.00
2013/01/22;3.18;3.19;2.99;3.00;4376710;31015526.00
2013/01/23;3.00;3.02;2.83;2.92;3158462;21258718.00
2013/01/24;2.91;2.95;2.76;2.78;3208580;21111194.00
2013/01/25;2.80;2.84;2.78;2.82;1353573;8773780.00
2013/01/28;2.79;2.91;2.79;2.90;1445183;9559302.00
2013/01/29;2.91;2.93;2.88;2.91;1304947;8731263.00
2013/01/30;2.91;2.92;2.83;2.86;1675265;11074357.00
2013/01/31;2.86;2.86;2.78;2.80;1498706;9704491.00
2013/02/01;2.81;2.87;2.78;2.85;1324300;8674015.00
2013/02/04;2.85;2.85;2.78;2.80;1360680;8826065.00
2013/02/05;2.79;2.86;2.79;2.84;1056139;6878355.50
2013/02/06;2.86;2.90;2.85;2.87;1378856;9144770.00
2013/02/07;2.87;2.90;2.86;2.87;980206;6508330.00
2013/02/08;2.87;2.92;2.87;2.91;1234855;8274712.50
2013/02/18;2.91;2.97;2.91;2.95;1575503;10680963.00
2013/02/19;2.94;2.96;2.87;2.88;1565190;10487232.00
2013/02/20;2.88;2.95;2.87;2.95;1216866;8189068.00
2013/02/21;2.93;3.05;2.91;3.03;4788887;32930418.00
2013/02/22;2.99;3.15;2.99;3.09;5482788;38833228.00
2013/02/25;3.09;3.13;3.02;3.06;2335761;16426814.00
2013/02/26;3.06;3.06;2.93;2.95;2348617;16161773.00
2013/02/27;2.96;2.99;2.87;2.89;1900147;12775643.00
2013/02/28;2.89;2.96;2.88;2.96;1598037;10829889.00
2013/03/01;2.96;3.02;2.95;3.02;2310038;15805797.00
2013/03/04;3.01;3.07;2.87;2.89;3447827;23763124.00
2013/03/05;2.88;2.98;2.88;2.97;1580939;10741739.00
2013/03/06;2.98;3.08;2.96;3.07;2652623;18549560.00
2013/03/07;3.07;3.07;2.96;3.00;2388342;16606262.00
2013/03/08;2.99;3.04;2.98;3.02;1144490;7954060.50
2013/03/11;3.03;3.03;2.96;2.98;1084354;7483178.00
2013/03/12;2.98;3.00;2.84;2.88;2153353;14456562.00
2013/03/13;2.87;2.90;2.80;2.88;1166980;7654910.50
2013/03/14;2.86;2.91;2.85;2.86;759239;5037489.00
2013/03/15;2.85;2.90;2.78;2.81;1020639;6695214.50
2013/03/18;2.81;2.82;2.74;2.75;652426;4182526.25
2013/03/19;2.75;2.76;2.69;2.72;1013745;6360290.00
2013/03/20;2.72;2.81;2.72;2.80;1132295;7245885.00
2013/03/21;2.81;2.86;2.79;2.86;1324443;8669252.00
2013/03/22;2.82;2.87;2.82;2.85;748249;4927337.00
2013/03/25;2.85;2.87;2.83;2.86;693902;4574432.50
2013/03/26;2.86;2.88;2.79;2.88;1264785;8237024.00
2013/03/27;2.88;2.92;2.83;2.85;1655198;11011023.00
2013/03/28;2.85;2.85;2.72;2.72;1357875;8609084.00
2013/03/29;2.68;2.79;2.68;2.77;771193;4889071.00
2013/04/01;2.99;3.03;2.90;2.95;4846641;32986188.00
2013/04/02;2.93;3.02;2.92;2.92;2677268;18328834.00
2013/04/03;2.91;2.99;2.89;2.98;2294975;15584396.00
2013/04/08;2.95;3.03;2.92;3.03;2982093;20469108.00
2013/04/09;3.03;3.06;2.97;3.01;3946013;27266042.00
2013/04/10;2.99;3.00;2.94;2.98;1847977;12647790.00
2013/04/11;2.98;2.99;2.96;2.97;1277530;8762420.00
2013/04/12;2.96;3.08;2.96;3.00;2933090;20416198.00
2013/04/15;2.95;2.99;2.87;2.88;1872012;12637107.00
2013/04/16;2.84;2.95;2.83;2.94;937576;6274427.00
2013/04/17;2.94;3.03;2.93;3.00;1720807;11759572.00
2013/04/18;2.99;3.07;2.97;3.05;3584662;25078564.00
2013/04/19;3.04;3.11;3.03;3.06;3855104;27227644.00
2013/04/22;3.06;3.11;3.04;3.10;3056701;21603646.00
2013/04/23;3.10;3.12;2.95;2.96;2969485;20657844.00
2013/04/24;2.98;3.09;2.98;3.07;4016900;28176860.00
2013/04/25;3.06;3.23;3.04;3.12;7574082;54809748.00
2013/04/26;3.11;3.19;3.03;3.04;3893826;27839998.00
2013/05/02;3.01;3.03;2.93;3.01;2060407;14160977.00
2013/05/03;3.01;3.16;2.99;3.14;4430991;31790124.00
2013/05/06;3.13;3.28;3.13;3.23;6361559;47073604.00
2013/05/07;3.22;3.24;3.16;3.23;3941540;28993508.00
2013/05/08;3.22;3.30;3.19;3.30;4857712;36382928.00
2013/05/09;3.28;3.33;3.23;3.33;4265561;32225476.00
2013/05/10;3.31;3.37;3.26;3.28;3759272;28545920.00
2013/05/13;3.33;3.38;3.27;3.32;4712670;36114232.00
2013/05/14;3.31;3.35;3.21;3.23;3864593;28979976.00
2013/05/15;3.24;3.30;3.23;3.30;3004360;22600586.00
2013/05/16;3.30;3.64;3.28;3.64;17854585;145332848.00
2013/05/17;3.54;4.00;3.51;3.80;33419215;190095056.00
2013/05/20;3.72;3.90;3.68;3.84;18651618;107668480.00
2013/05/21;3.82;3.98;3.72;3.90;16903499;98942312.00
2013/05/22;3.92;4.06;3.82;3.87;19570396;117971344.00
2013/05/23;3.82;3.91;3.72;3.75;12419022;71931520.00
2013/05/24;3.76;3.83;3.72;3.82;9189555;52874324.00
2013/05/27;3.80;3.81;3.72;3.78;7835315;44942420.00
2013/05/28;3.77;3.77;3.60;3.66;8167471;45533028.00
2013/05/29;3.64;3.76;3.64;3.76;6793580;38438860.00
2013/05/30;3.73;3.78;3.72;3.72;5601377;31995408.00
2013/05/31;3.72;3.79;3.65;3.75;6745444;38359868.00
2013/06/03;3.69;3.74;3.67;3.70;4171391;23537428.00
2013/06/04;3.68;3.74;3.55;3.56;4477996;24786446.00
2013/06/05;3.56;3.61;3.54;3.59;2335355;12742010.00
2013/06/06;3.59;3.59;3.38;3.41;4191376;22279298.00
2013/06/07;3.40;3.45;3.28;3.34;3325579;17086896.00
2013/06/13;3.24;3.30;3.18;3.27;2902830;14435965.00
2013/06/14;3.32;3.36;3.27;3.35;2334154;11841249.00
2013/06/17;3.36;3.40;3.31;3.36;2348544;12043240.00
2013/06/18;3.34;3.44;3.33;3.37;2205095;11377253.00
2013/06/19;3.36;3.37;3.24;3.37;2260759;11400574.00
2013/06/20;3.34;3.36;3.24;3.25;1484799;7504194.50
2013/06/21;3.19;3.25;3.14;3.22;2020593;9886901.00
2013/06/24;3.22;3.24;2.89;2.90;3540039;16298339.00
2013/06/25;2.86;2.93;2.63;2.88;3621379;15663360.00
2013/06/26;2.87;2.99;2.82;2.99;2926102;13128052.00
2013/06/27;2.99;3.01;2.85;2.86;3220482;14533693.00
2013/06/28;2.83;2.93;2.82;2.86;2141993;9414956.00
2013/07/01;2.86;2.98;2.84;2.96;2789171;12484001.00
2013/07/02;2.94;3.12;2.93;3.07;5126249;23868760.00
2013/07/03;3.05;3.06;2.98;3.02;3271262;15159528.00
2013/07/04;3.00;3.12;3.00;3.07;3108705;14630264.00
2013/07/05;3.38;3.38;3.38;3.38;3222366;16659632.00
2013/07/08;3.40;3.70;3.38;3.44;21287615;114289104.00
2013/07/09;3.28;3.60;3.27;3.54;13360902;70026800.00
2013/07/10;3.46;3.60;3.45;3.57;11576764;62262960.00
2013/07/11;3.53;3.66;3.53;3.56;12714969;69681472.00
2013/07/12;3.56;3.66;3.46;3.48;10208243;55909112.00
2013/07/15;3.49;3.60;3.49;3.60;6675274;36085684.00
2013/07/16;3.58;3.77;3.54;3.71;13336357;74918880.00
2013/07/17;3.67;3.72;3.52;3.54;9060295;50162020.00
2013/07/18;3.52;3.60;3.42;3.57;7352794;39341020.00
2013/07/19;3.56;3.70;3.46;3.46;9493138;52373264.00
2013/07/22;3.42;3.62;3.32;3.59;5966485;31794102.00
2013/07/23;3.57;3.84;3.54;3.76;14190892;79881336.00
2013/07/24;3.70;4.05;3.70;3.97;21753746;129071352.00
2013/07/25;3.92;3.98;3.68;3.72;13102305;76534312.00
2013/07/26;3.67;4.10;3.66;4.10;14209740;86542824.00
2013/07/29;4.52;4.52;4.52;4.52;5028752;34597812.00
2013/07/30;4.81;4.98;4.72;4.98;52404215;391761440.00
2013/07/31;5.14;5.49;5.09;5.49;39952495;319648800.00
2013/08/01;5.60;6.00;5.54;5.86;52464009;457897728.00
2013/08/02;5.70;6.12;5.68;5.80;47759684;426115104.00
2013/08/05;5.70;5.84;5.54;5.81;34158595;293824096.00
2013/08/06;5.77;6.22;5.62;5.96;45169399;404973600.00
2013/08/07;5.84;6.27;5.67;6.26;40694318;365587392.00
2013/08/08;6.04;6.28;5.80;5.89;36179707;329514048.00
2013/08/09;5.81;5.93;5.58;5.61;25950932;225887824.00
2013/08/12;5.60;5.70;5.32;5.54;20355912;169966128.00
2013/08/13;5.52;5.64;5.48;5.57;14458092;121910312.00
2013/08/14;5.56;5.87;5.42;5.78;27637742;237646208.00
2013/08/15;5.72;6.36;5.64;6.36;44930812;413703296.00
2013/08/16;6.26;7.00;6.14;6.46;54560055;547164800.00
2013/08/19;6.22;6.82;6.00;6.70;31827112;313781056.00
2013/08/20;6.56;7.24;6.47;6.84;35858417;370428384.00
2013/08/21;6.68;6.76;6.54;6.55;24016700;240929040.00
2013/08/22;6.47;6.69;6.41;6.47;15940723;157907184.00
2013/08/23;6.50;6.73;6.22;6.52;19176276;188417456.00
2013/08/26;6.51;6.67;6.42;6.63;15369921;152486112.00
2013/08/27;6.60;6.85;6.37;6.76;22264099;223354272.00
2013/08/28;6.63;6.70;6.31;6.34;19895212;196389376.00
2013/08/29;6.26;6.37;6.08;6.18;14711218;138632016.00
2013/08/30;6.15;6.51;5.88;6.01;16438869;156140608.00
2013/09/02;5.80;6.37;5.80;6.24;12913310;120182080.00
2013/09/03;6.20;6.31;6.00;6.18;12812057;119241136.00
2013/09/04;6.14;6.67;6.06;6.62;26157438;253726944.00
2013/09/05;6.52;6.66;6.40;6.43;17486265;172162624.00
2013/09/06;6.36;6.40;6.16;6.30;13159668;124956768.00
2013/09/09;6.19;6.26;6.06;6.17;14007783;130081320.00
2013/09/10;6.14;6.21;5.91;6.02;13059406;119713256.00
2013/09/11;5.99;5.99;5.42;5.46;16755424;142920880.00
2013/09/12;5.48;5.60;5.44;5.54;9162195;76717240.00
2013/09/13;5.51;5.66;5.35;5.63;10085858;85149536.00
2013/09/16;5.60;5.83;5.50;5.74;12208959;105681400.00
2013/09/17;5.67;5.75;5.48;5.50;7808302;66260056.00
2013/09/18;5.50;5.74;5.42;5.64;7773972;66186496.00
2013/09/23;5.62;5.86;5.60;5.82;12679648;111101512.00
2013/09/24;5.94;6.01;5.62;5.70;11852819;103700168.00
2013/09/25;5.63;6.02;5.56;5.90;16525134;145402592.00
2013/09/26;5.83;5.93;5.58;5.60;9855203;86783680.00
2013/09/27;5.62;5.68;5.47;5.49;7819487;66129136.00
2013/09/30;5.49;5.64;5.40;5.60;5524874;46457600.00
2013/10/08;5.61;6.00;5.56;5.97;15195426;135484416.00
2013/10/09;5.98;6.15;5.85;6.03;17216209;157172176.00
2013/10/10;5.94;6.23;5.91;5.97;13445505;123312880.00
2013/10/11;6.00;6.53;6.00;6.28;20128667;192233568.00
2013/10/14;6.20;6.36;6.15;6.19;10938997;103009944.00
2013/10/15;6.20;6.23;5.96;6.06;9427767;86189128.00
2013/10/16;6.04;6.04;5.70;5.90;8428633;74976928.00
2013/10/17;5.90;5.98;5.67;5.75;5355811;47619136.00
2013/10/18;5.71;5.91;5.71;5.90;4519099;40003428.00
2013/10/21;5.94;6.16;5.94;6.14;8188764;75276168.00
2013/10/22;6.19;6.19;5.84;5.87;8134862;73702120.00
2013/10/23;5.90;5.91;5.40;5.40;9598932;80243888.00
2013/10/24;5.32;5.43;5.26;5.29;3714482;30157810.00
2013/10/25;5.35;5.38;4.94;5.00;5990516;46072540.00
2013/10/28;5.10;5.10;5.02;5.04;2430948;18666596.00
2013/10/29;5.04;5.10;4.54;4.76;4906590;35678776.00
2013/10/30;4.74;4.86;4.68;4.81;3110555;22578538.00
2013/10/31;4.81;4.81;4.67;4.72;2770137;19815274.00
2013/11/01;4.72;4.73;4.54;4.65;2669651;18755834.00
2014/02/24;5.12;5.12;5.12;5.12;115260;896722.81
2014/02/25;5.64;5.64;5.64;5.64;383920;3286355.25
2014/02/26;6.22;6.22;6.22;6.22;677845;6385300.00
2014/02/27;6.84;6.84;6.84;6.84;956544;9909796.00
2014/02/28;7.54;7.54;7.54;7.54;2543661;28997736.00
2014/03/03;8.30;8.30;8.30;8.30;2008794;25190276.00
2014/03/04;9.07;9.13;8.61;9.12;56586686;760510336.00
2014/03/05;8.67;8.84;8.40;8.66;32041245;418222080.00
2014/03/06;8.54;8.66;8.10;8.35;22507242;283407968.00
2014/03/07;8.36;8.60;7.98;8.10;22183380;276998048.00
2014/03/10;7.80;7.86;7.51;7.56;19823250;229974096.00
2014/03/11;7.49;7.65;7.35;7.65;13118486;149658736.00
2014/03/12;7.49;7.71;6.88;6.88;17639654;191153056.00
2014/03/13;6.82;7.02;6.74;6.95;13353152;139217584.00
2014/03/14;6.82;7.11;6.74;6.99;12306314;128961952.00
2014/03/17;6.96;7.24;6.82;7.24;14207644;152238064.00
2014/03/18;7.20;7.28;7.07;7.12;12337880;133566328.00
2014/03/19;7.02;7.33;7.02;7.30;15469982;169021808.00
2014/03/20;7.37;7.51;6.57;6.57;23346607;247417584.00
2014/03/21;6.58;6.72;6.36;6.68;12748244;127224296.00
2014/03/24;6.64;6.67;6.42;6.53;9017346;89345672.00
2014/03/25;6.49;6.72;6.49;6.58;8076851;80671288.00
2014/03/26;6.60;6.84;6.50;6.75;10557955;107325360.00
2014/03/27;6.68;6.69;6.28;6.30;10214699;100119056.00
2014/03/28;6.29;6.32;5.88;6.00;9321242;85610912.00
2014/03/31;5.97;6.03;5.82;5.88;7410221;66445296.00
2014/04/01;5.88;6.11;5.84;6.11;9074215;82394632.00
2014/04/02;6.07;6.08;5.93;5.96;5698518;51734816.00
2014/04/03;5.95;6.18;5.95;6.05;7727356;71208960.00
2014/04/04;6.02;6.16;6.01;6.15;5804869;53599480.00
2014/04/08;6.08;6.12;5.88;6.09;6792925;62007936.00
2014/04/09;6.09;6.32;6.06;6.31;10141458;95918392.00
2014/04/10;6.40;6.95;6.40;6.95;12173294;125223264.00
2014/04/11;7.32;7.65;7.26;7.42;43322460;488726080.00
2014/04/14;7.48;7.57;7.18;7.33;24243912;270447776.00
2014/04/15;7.28;7.38;6.94;7.02;20300600;219451104.00
2014/04/16;6.94;7.05;6.75;7.00;13691322;143112944.00
2014/04/17;6.98;7.51;6.91;7.32;24130645;264906800.00
2014/04/18;7.20;7.30;6.94;7.01;14658784;156610672.00
2014/04/21;6.90;6.98;6.67;6.70;10252333;105893592.00
2014/04/22;6.67;7.09;6.63;6.96;12466277;129989680.00
2014/04/23;6.95;7.06;6.67;6.68;9677396;99730944.00
2014/04/24;6.60;6.67;6.36;6.36;9203525;90372440.00
2014/04/25;6.21;6.30;5.92;5.92;9502901;87826576.00
2014/04/28;5.92;6.20;5.70;5.94;8892018;80371040.00
2014/04/29;5.84;6.14;5.80;6.08;5690176;52026264.00
2014/04/30;6.08;6.14;6.00;6.02;4612860;42292828.00
2014/05/05;6.02;6.24;5.94;6.22;6074053;56056340.00
2014/05/06;6.16;6.56;6.12;6.55;10860052;104949424.00
2014/05/07;6.52;6.52;6.20;6.25;7314020;70681368.00
2014/05/08;6.25;6.42;6.08;6.20;6010923;56979548.00
2014/05/09;6.22;6.82;6.14;6.82;19315863;196425184.00
2014/05/12;6.86;7.10;6.76;7.06;21282374;223511264.00
2014/05/13;6.95;7.04;6.78;6.88;10276122;107022896.00
2014/05/14;6.92;7.35;6.85;7.04;15328787;165389696.00
2014/05/15;6.87;6.98;6.64;6.90;9786501;100496504.00
2014/05/16;6.84;7.22;6.76;7.17;15324983;164354336.00
2014/05/19;7.14;7.14;6.69;7.10;9845424;103804744.00
2014/05/20;7.02;7.44;6.97;7.35;14846316;163713216.00
2014/05/21;7.28;7.78;7.16;7.75;18810280;213763984.00
2014/05/22;7.67;7.78;7.56;7.67;15389698;177328656.00
2014/05/23;7.66;7.78;7.36;7.56;11607392;132499072.00
2014/05/26;7.50;7.94;7.50;7.52;17751268;205877024.00
2014/05/27;7.64;7.93;7.52;7.58;14463996;167980256.00
2014/05/28;7.48;7.48;7.15;7.44;14995951;165906928.00
2014/05/29;7.40;7.57;7.25;7.39;9568840;107288624.00
2014/05/30;7.34;7.44;7.18;7.25;6629698;73057672.00
2014/06/03;7.26;7.56;7.24;7.44;7694635;86291048.00
2014/06/04;7.41;7.56;7.30;7.44;7061339;79587240.00
2014/06/05;7.48;7.55;7.27;7.37;7951811;88501632.00
2014/06/06;7.54;8.11;7.54;7.90;31048615;374211872.00
2014/06/09;7.68;7.72;7.56;7.63;20101910;231552192.00
2014/06/10;7.66;8.21;7.38;7.99;27005651;318423552.00
2014/06/11;7.84;8.04;7.74;7.92;16258064;193555312.00
2014/06/12;7.88;8.02;7.67;7.76;12101416;142795536.00
2014/06/13;7.68;8.23;7.61;8.02;21759973;262209456.00
2014/06/16;7.95;8.10;7.82;8.08;13968780;167536016.00
2014/06/17;7.88;7.88;7.28;7.36;18609017;211820224.00
2014/06/18;7.00;7.26;6.98;7.08;12886796;138753584.00
2014/06/19;7.09;7.20;6.60;6.80;7912018;83339160.00
2014/06/20;6.73;7.06;6.73;7.02;4770387;49610320.00
2014/06/23;6.98;7.38;6.98;7.32;8497030;92929912.00
2014/06/24;7.32;7.32;6.95;7.22;5101158;55642912.00
2014/06/25;7.22;7.58;7.22;7.40;7522357;84528400.00
2014/06/26;7.37;7.69;7.30;7.60;7600372;86526144.00
2014/06/27;7.55;7.79;7.51;7.72;8558393;99593272.00
2014/06/30;7.80;8.50;7.80;8.50;14785591;183501328.00
2014/07/01;8.95;9.08;8.57;8.90;20410503;272607968.00
2014/07/02;8.90;9.64;8.82;9.31;17001116;237034992.00
2014/07/03;9.16;10.24;9.11;10.24;20441078;297964736.00
2014/07/04;10.24;11.27;10.06;11.27;16815767;272819808.00
2014/07/07;11.94;11.95;10.18;11.51;23656971;406335008.00
2014/07/08;11.28;11.66;10.95;11.31;14741379;251557168.00
2014/07/09;11.24;11.44;10.55;10.55;15452067;255481136.00
2014/07/10;10.52;10.88;10.35;10.69;11705371;186701296.00
2014/07/11;10.69;10.85;10.52;10.73;8223796;132301576.00
2014/07/14;10.72;11.48;10.63;11.30;11521960;194690656.00
2014/07/15;11.20;11.75;11.02;11.18;9202241;157139184.00
2014/07/16;11.18;11.35;10.42;10.72;8376040;136418032.00
2014/07/17;10.60;11.02;10.25;10.98;6024837;96202656.00
2014/07/18;10.74;11.34;10.74;11.15;7057380;119015296.00
2014/07/21;11.22;11.51;10.97;11.15;5529089;93655784.00
2014/07/22;11.18;11.33;11.02;11.33;4899313;82581744.00
2014/07/23;11.47;11.83;11.04;11.19;8205133;140426560.00
2014/07/24;10.88;11.04;10.06;10.06;9510130;149753472.00
2014/07/25;9.92;10.20;9.82;10.20;4620752;69768712.00
2014/07/28;10.22;11.23;10.20;11.23;8439354;138335904.00
2014/07/29;11.52;11.72;11.14;11.68;9839995;169230736.00
2014/07/30;11.55;11.78;11.37;11.60;6003028;104690480.00
2014/07/31;11.65;11.92;11.46;11.60;5354737;93966728.00
2014/08/01;11.49;11.50;11.08;11.13;5530278;93716424.00
2014/08/04;11.26;11.48;11.10;11.28;3230441;55119156.00
2014/08/05;11.42;11.52;11.20;11.47;4213198;72459544.00
2014/08/06;11.53;11.54;11.03;11.20;5763902;97445800.00
2014/08/07;11.14;11.28;10.98;11.02;3697903;62104448.00
2014/08/08;11.16;11.85;11.06;11.56;8863599;154796720.00
2014/08/11;11.62;11.85;11.48;11.72;6834147;120268928.00
2014/08/12;11.84;12.90;11.81;12.90;11559407;220481232.00
2014/08/13;13.28;14.18;13.15;14.02;20075842;410052992.00
2014/08/14;13.68;14.12;13.32;13.72;11986460;245873568.00
2014/08/15;13.47;13.50;13.20;13.45;12738927;255581200.00
2014/08/18;13.54;14.60;13.54;14.32;15007649;318851328.00
2014/08/19;14.18;14.36;13.67;13.78;8510460;179543392.00
2014/08/20;13.67;14.08;13.28;13.36;8870938;181618048.00
2014/08/21;13.42;13.60;12.92;13.21;8121123;160436208.00
2014/08/22;13.58;13.72;12.42;12.62;16455774;318415168.00
2014/08/25;12.62;12.62;12.04;12.22;12794788;235429936.00
2014/08/26;12.20;12.58;12.08;12.32;8634756;160486512.00
2014/08/27;12.22;12.36;11.67;11.88;9837356;177292624.00
2014/08/28;11.42;13.02;11.12;12.71;18645122;342859072.00
2014/08/29;12.62;13.42;12.35;13.03;12230891;238721040.00
2014/09/01;13.02;13.18;12.62;12.92;7720538;150101216.00
2014/09/02;12.92;13.54;12.88;13.34;8600806;172575248.00
2014/09/03;13.30;13.68;13.12;13.30;7551700;151409312.00
2014/09/04;13.15;13.30;12.95;13.08;7179125;141746928.00
2014/09/05;13.08;13.48;13.08;13.38;7195222;144388320.00
2014/09/09;13.52;14.08;13.43;13.48;9691285;199257296.00
2014/09/10;13.34;13.35;12.98;13.09;8465799;167243552.00
2014/09/11;13.13;13.35;13.09;13.18;6002251;119540680.00
2014/09/12;13.19;13.58;13.07;13.54;7178287;144158192.00
2014/09/15;13.54;14.15;13.37;13.39;9283243;191610672.00
2014/09/16;13.34;13.37;12.86;12.86;7529703;148565680.00
2014/09/17;12.88;13.01;12.22;12.64;4322598;82300664.00
2014/12/22;11.37;11.37;11.37;11.37;236400;4049532.00
2014/12/23;10.23;10.23;10.23;10.23;115300;1777926.00
2014/12/24;9.20;9.92;9.20;9.42;27085663;382263296.00
2014/12/25;9.08;9.47;9.02;9.31;14451837;201479200.00
2014/12/26;9.27;9.30;9.09;9.14;8925543;123616200.00
2014/12/29;9.14;9.18;8.32;8.42;13183505;170286512.00
2014/12/30;8.42;8.52;8.04;8.11;9324394;116379296.00
2014/12/31;8.17;8.38;8.04;8.28;9704089;119968480.00
2015/01/05;8.27;8.27;8.03;8.21;7406952;91307920.00
2015/01/06;8.26;8.78;8.16;8.74;16364282;209759536.00
2015/01/07;8.62;8.70;8.38;8.50;10025776;128835664.00
2015/01/08;8.48;8.84;8.46;8.65;10626273;138682880.00
2015/01/09;8.65;8.84;8.52;8.55;7992693;104589008.00
2015/01/12;8.48;8.62;8.34;8.38;5309995;67674672.00
2015/01/13;8.41;8.74;8.36;8.70;8423457;109050264.00
2015/01/14;8.73;9.04;8.60;8.90;12227324;162968304.00
2015/01/15;9.08;9.08;8.73;8.76;6801209;90352408.00
2015/01/16;8.63;8.94;8.63;8.80;6640988;88181712.00
2015/01/19;8.59;9.10;8.42;8.62;9663357;128423192.00
2015/01/20;8.63;9.40;8.63;9.24;13873098;189414768.00
2015/01/21;9.16;9.67;9.16;9.42;14628490;207844576.00
2015/01/22;9.42;9.88;9.36;9.85;12551689;180994688.00
2015/01/23;9.85;9.86;9.49;9.52;9830432;142662320.00
2015/01/26;9.48;10.48;9.42;10.09;15017470;230411488.00
2015/01/27;9.98;10.60;9.98;10.22;11849333;182559456.00
2015/01/28;10.12;10.32;9.95;10.01;7037957;106766672.00
2015/01/29;10.01;10.15;9.73;9.76;5343484;79638720.00
2015/01/30;9.76;9.92;9.52;9.56;5477942;79722880.00
2015/02/02;9.56;9.72;9.30;9.52;3199234;46217388.00
2015/02/03;9.62;9.94;9.53;9.79;5655761;83321216.00
2015/02/04;9.80;9.98;9.60;9.62;5401491;79849664.00
2015/02/05;9.75;9.94;9.60;9.68;6430531;94721928.00
2015/02/06;9.70;9.75;9.11;9.12;5703841;80627968.00
2015/02/09;9.12;9.38;8.85;9.20;5216947;71505640.00
2015/02/10;9.20;9.42;9.06;9.42;5019167;70079568.00
2015/02/11;9.42;9.75;9.41;9.58;5082859;73731192.00
2015/02/12;9.54;9.82;9.48;9.78;6274221;91492056.00
2015/02/13;9.77;10.08;9.74;9.90;9137902;136063488.00
2015/02/16;9.94;10.27;9.86;10.27;11539347;176088832.00
2015/02/17;10.28;10.44;10.03;10.36;9667594;149518672.00
2015/02/25;10.36;10.50;10.14;10.20;7328496;113605544.00
2015/02/26;10.14;10.48;10.14;10.47;11476612;178886416.00
2015/02/27;10.62;10.75;10.48;10.60;10646142;169491936.00
2015/03/02;10.71;11.28;10.53;11.28;14556404;238605504.00
2015/03/03;11.28;11.75;11.14;11.27;18698857;322574944.00
2015/03/04;11.10;11.52;11.06;11.44;10503069;179300544.00
2015/03/05;11.56;12.55;11.44;12.02;18985431;341189120.00
2015/03/06;12.06;12.08;11.20;11.23;14745204;255728864.00
2015/03/09;11.06;11.24;10.75;11.14;6768470;112278360.00
2015/03/10;11.16;11.61;11.05;11.26;10788786;184695296.00
2015/03/11;11.93;12.39;11.37;12.39;17882554;321924416.00
2015/03/12;12.82;13.64;12.36;13.02;36924854;730384640.00
2015/03/13;12.88;13.40;12.56;12.90;17398446;337996832.00
2015/03/16;12.82;13.62;12.63;13.38;19759693;390626624.00
2015/03/17;13.15;13.42;12.92;13.10;15010552;296633952.00
2015/03/18;13.09;13.09;12.76;13.08;12642349;245806784.00
2015/03/19;13.02;13.34;12.83;13.17;11312549;223258576.00
2015/03/20;13.18;13.68;13.04;13.51;16357778;330285696.00
2015/03/23;13.43;13.72;13.24;13.43;12995784;261461776.00
2015/03/24;13.43;13.55;12.20;12.96;14521711;284769984.00
2015/03/25;12.88;12.88;12.34;12.78;17746610;337069952.00
2015/03/26;12.75;12.75;12.36;12.49;10699750;202471744.00
2015/03/27;12.58;12.82;12.56;12.78;7724411;148001136.00
2015/03/30;12.78;12.92;12.57;12.69;7812965;149309632.00
2015/03/31;12.70;12.99;12.49;12.82;8960869;172310240.00
2015/04/01;12.76;13.34;12.74;13.27;12805060;253287056.00
2015/04/02;13.28;13.56;13.05;13.46;12952190;259476624.00
2015/04/03;13.40;14.74;13.18;14.38;23012811;488160800.00
2015/04/21;14.28;14.82;13.28;14.57;21054679;451145312.00
2015/04/22;14.62;15.88;14.35;15.36;17247827;396219168.00
2015/04/23;15.42;15.82;14.95;15.13;14693907;338284320.00
2015/04/24;14.96;15.76;14.81;15.43;11700266;271510688.00
2015/04/27;15.50;15.82;14.89;14.93;11284370;258086640.00
2015/04/28;14.74;14.82;13.62;13.78;12413355;263868480.00
2015/04/29;13.90;14.32;13.77;14.08;6820798;144267008.00
2015/04/30;14.12;14.97;13.95;14.46;9071757;197211616.00
2015/05/04;14.56;14.94;14.35;14.57;7430162;163172976.00
2015/05/05;14.57;14.58;13.50;13.52;6731341;141397808.00
2015/05/06;13.64;13.88;13.13;13.41;6003001;122737064.00
2015/05/07;13.28;13.30;12.92;12.98;4825869;95198560.00
2015/05/08;13.22;13.75;13.06;13.74;7614573;153318080.00
2015/05/11;13.86;15.12;13.80;14.76;13119224;283987040.00
2015/05/12;14.68;15.31;14.62;15.28;12644920;286368160.00
2015/05/13;14.90;15.67;14.87;15.14;11490551;262168208.00
2015/05/14;15.20;16.62;15.16;16.12;15289486;362591680.00
2015/05/15;15.79;16.04;15.29;15.87;10019842;236792784.00
2015/05/18;15.76;16.75;15.74;16.38;10697767;263864704.00
2015/05/19;16.62;18.02;16.62;18.02;17088311;457282048.00
2015/05/20;18.62;18.75;17.66;18.30;18758809;516059904.00
2015/05/21;18.03;18.92;17.68;18.67;14682436;404724384.00
2015/05/22;18.81;18.99;17.91;18.40;11934371;330440576.00
2015/05/25;17.95;18.42;17.28;18.22;12069928;326408032.00
2015/05/26;18.62;19.99;18.39;19.08;14757829;425327552.00
2015/05/27;19.09;19.25;18.15;18.75;11910236;334476032.00
2015/05/28;19.07;19.62;17.88;17.88;14970628;427425504.00
2015/05/29;17.61;18.48;16.80;18.03;12955883;346896192.00
2015/06/01;17.94;19.84;17.94;19.84;13120682;378432352.00
2015/06/02;20.62;21.75;19.96;21.42;17682616;554492416.00
2015/06/03;21.02;23.28;20.81;23.27;13718702;450056160.00
2015/06/04;23.21;23.22;20.94;22.72;12108375;403612224.00
2015/06/05;22.72;23.28;22.22;22.84;10852553;370011872.00
2015/06/08;22.35;22.42;20.62;20.98;10259062;328956832.00
2015/06/09;20.80;21.28;20.05;20.55;8138532;252317472.00
2015/06/10;20.62;22.05;20.62;21.88;9014597;290101856.00
2015/06/11;22.20;22.87;21.89;22.35;10265445;345658208.00
2015/06/12;22.41;22.91;22.03;22.60;8462929;284986624.00
2015/06/15;22.71;22.82;21.86;21.88;7369897;245560688.00
2015/06/16;21.68;21.74;20.25;20.65;7862780;247772080.00
2015/06/17;20.85;20.94;18.95;20.63;7790635;234426672.00
2015/06/18;21.18;21.54;19.64;19.85;6106624;191231904.00
2015/06/19;19.78;19.78;17.86;17.86;6255376;175564208.00
2015/06/23;17.95;19.35;16.28;19.35;7515246;204002736.00
2015/06/24;19.54;20.34;18.98;19.75;7164362;212097504.00
2015/06/25;19.89;20.32;18.22;18.62;4694996;136127856.00
2015/06/26;17.37;18.22;16.76;16.76;5121192;88173888.00
2015/06/29;17.12;17.30;15.08;15.08;9373122;145877632.00
2015/06/30;13.57;15.92;13.57;15.77;14295753;209224288.00
2015/07/01;15.47;16.34;14.19;14.19;9200100;141262448.00
2015/07/02;14.37;14.37;12.77;12.77;7722913;101494200.00
2015/07/03;11.77;12.56;11.49;11.49;11256636;131543400.00
2015/07/06;12.64;12.64;10.34;10.34;13536783;152687712.00
2015/07/07;9.30;9.37;9.30;9.30;3874401;36148688.00
2015/07/14;10.23;10.23;10.23;10.23;221880;2276488.75
2015/07/15;11.26;11.26;10.47;10.63;29916033;331317312.00
2015/07/16;10.63;11.32;9.76;10.91;19966982;213547520.00
2015/07/17;10.96;12.00;10.92;12.00;15864530;182599056.00
2015/07/20;12.17;13.20;11.83;13.20;24044544;304000864.00
2015/07/21;12.87;13.93;12.58;13.53;20611441;276853120.00
2015/07/22;13.27;13.73;12.78;13.28;17212592;228758992.00
2015/07/23;13.17;13.78;13.17;13.62;13537399;183879296.00
2015/07/24;13.67;14.08;13.22;13.32;17274285;237532704.00
2015/07/27;12.97;13.35;11.99;11.99;12618206;160535248.00
2015/07/28;10.79;11.99;10.79;10.79;18502576;204532448.00
2015/07/29;11.27;11.65;10.47;11.55;12212587;134220112.00
2015/07/30;11.55;11.95;10.69;10.93;10866952;126426112.00
2015/07/31;10.73;11.20;10.48;10.69;7917192;86090480.00
2015/08/03;10.48;10.87;9.62;9.74;10091434;101862128.00
2015/08/04;9.93;10.72;9.68;10.72;11103962;113940624.00
2015/08/05;10.87;11.60;10.87;11.16;15863543;178773520.00
2015/08/06;10.88;11.45;10.68;11.25;11077425;124663072.00
2015/08/07;11.48;11.86;11.27;11.86;14858354;173269600.00
2015/08/10;11.90;12.78;11.67;12.55;18732183;228819344.00
2015/08/11;12.37;13.27;12.14;12.82;22438041;286473024.00
2015/08/12;12.47;12.76;12.17;12.17;14347778;178983056.00
2015/08/13;12.14;12.77;12.07;12.67;12895279;160579648.00
2015/08/14;12.78;13.24;12.64;12.92;16168662;208813040.00
2015/08/17;12.79;12.93;12.33;12.92;13598233;172755536.00
2015/08/18;12.97;13.37;11.63;11.63;19771528;252076480.00
2015/08/19;11.25;12.13;10.46;12.10;15502256;174343184.00
2015/08/20;11.71;12.30;11.25;11.32;11209901;132519944.00
2015/08/21;11.11;11.31;10.25;10.42;9065381;98314280.00
2015/08/24;9.93;10.02;9.38;9.38;5877300;56332568.00
2015/08/25;8.44;8.77;8.44;8.44;10123358;86160424.00
2015/08/26;7.98;8.81;7.61;7.62;14860938;122685576.00
2015/08/27;7.92;8.09;7.19;8.06;12647468;99198336.00
2015/08/28;8.20;8.87;8.15;8.87;15645020;132217472.00
2015/08/31;8.82;8.84;8.26;8.26;11443872;97856224.00
2015/09/01;8.39;8.39;7.43;7.43;11556046;89939896.00
2015/09/02;6.99;7.87;6.88;7.07;9999899;73804288.00
2015/09/07;7.27;7.78;7.27;7.59;12247392;93616472.00
2015/09/08;7.52;8.35;7.36;8.35;12519585;98831920.00
2015/09/09;8.47;9.07;8.33;8.87;17591579;154205328.00
2015/09/10;8.73;8.87;8.39;8.42;11844955;102401144.00
2015/09/11;8.48;8.73;8.42;8.64;9293929;80019672.00
2015/09/14;8.67;8.71;7.77;7.77;10479473;85085392.00
2015/09/15;7.36;7.63;6.99;6.99;9535365;69524080.00
2015/09/16;7.07;7.69;7.07;7.69;9964970;73956472.00
2015/09/17;7.82;8.29;7.70;7.71;15094386;120911344.00
2015/09/18;7.78;8.15;7.62;8.04;10372917;82200168.00
2015/09/21;7.88;8.85;7.77;8.69;16317491;136653232.00
2015/09/22;8.57;8.85;8.30;8.59;17175650;148029824.00
2015/09/23;8.34;8.85;8.27;8.65;13669614;117111504.00
2015/09/24;8.77;8.97;8.58;8.87;13467055;118944400.00
2015/09/25;8.79;8.86;7.99;8.21;12473776;105096248.00
2015/09/28;8.17;8.61;8.00;8.56;10628012;89362184.00
2015/09/29;8.35;8.47;8.09;8.25;7708877;64189048.00
2015/09/30;8.29;8.50;8.20;8.35;8197641;68804336.00
2015/10/08;8.72;8.95;8.53;8.86;13250320;116853408.00
2015/10/09;8.87;9.44;8.77;9.27;17943944;164233168.00
2015/10/12;9.38;10.00;9.24;9.93;19668153;190217968.00
2015/10/13;9.79;10.09;9.68;10.04;16006675;159006400.00
2015/10/14;9.91;10.14;9.65;9.68;14179387;141162592.00
2015/10/15;9.61;10.65;9.58;10.65;21393617;219876784.00
2015/10/16;10.87;11.15;10.52;11.03;29826212;322317216.00
2015/10/19;11.12;11.12;10.54;10.91;25892398;282727584.00
2015/10/20;10.91;11.37;10.83;11.26;22494013;251818832.00
2015/10/21;11.17;11.27;10.13;10.13;25293008;270327328.00
2015/10/22;10.20;10.71;9.97;10.64;16796530;174608256.00
2015/10/23;10.72;11.27;10.69;11.17;22589404;250186144.00
2015/10/26;11.33;11.42;10.92;11.16;18094204;202565056.00
2015/10/27;11.06;11.21;10.35;11.02;16568839;179567264.00
2015/10/28;10.96;11.85;10.90;11.50;28902619;331868704.00
2015/10/29;11.57;11.66;11.08;11.37;18013368;206308400.00
2015/10/30;11.32;11.38;10.84;11.04;13073112;146227600.00
2015/11/02;10.56;11.22;10.47;10.58;10551750;114847160.00
2015/11/03;10.57;10.86;10.35;10.64;9516983;101976672.00
2015/11/04;10.75;11.42;10.74;11.37;15481550;173154640.00
2015/11/05;11.37;11.52;11.09;11.36;19589767;222547952.00
2015/11/06;11.50;12.50;11.50;12.50;19671671;239397792.00
2015/11/09;12.84;13.42;12.57;13.08;44298121;574906624.00
2015/11/10;12.97;13.07;12.57;12.94;22713485;292944512.00
2015/11/11;12.58;13.77;12.57;13.39;28962437;386921888.00
2015/11/12;13.17;14.56;13.12;14.22;30308758;423571680.00
2015/11/13;13.78;14.08;13.04;13.27;22032654;300061568.00
2015/11/16;12.95;13.80;12.72;13.78;14782272;197715536.00
2015/11/17;13.97;14.25;13.31;13.37;19328791;266044512.00
2015/11/18;13.49;13.65;13.17;13.32;11075735;148786208.00
2015/11/19;13.36;14.66;13.33;14.66;32143061;459355680.00
2015/11/20;14.87;15.93;14.77;15.44;41210872;629730048.00
2015/11/23;15.17;15.22;14.44;14.52;23336653;348104256.00
2015/11/24;14.47;15.16;14.38;15.11;18047014;267941376.00
2015/11/25;14.99;15.30;14.77;15.22;18990259;286521056.00
2015/11/26;15.18;15.31;14.67;14.72;16245980;242343296.00
2015/11/27;14.55;14.93;13.25;13.43;15425154;218405424.00
2015/11/30;13.43;13.54;12.28;13.40;15958489;209254464.00
2015/12/01;13.45;13.88;13.23;13.56;12323252;168038688.00
2015/12/02;13.54;13.82;12.67;13.31;9090517;121409104.00
2015/12/03;13.33;14.17;13.26;14.01;10588223;145183904.00
2015/12/04;13.77;14.26;13.64;13.86;11427893;159988416.00
2015/12/07;13.95;14.17;13.71;14.07;9826333;137290176.00
2015/12/08;13.85;14.00;13.25;13.31;9525506;129300192.00
2015/12/09;13.17;13.29;12.77;12.93;8680114;113320104.00
2015/12/10;12.79;13.32;12.79;13.01;8954588;117432928.00
2015/12/11;12.99;13.12;12.77;12.97;6406808;83297216.00
2015/12/14;12.77;13.56;12.67;13.49;9154313;120368112.00
2015/12/15;13.47;14.47;13.38;13.86;13962383;194499456.00
2015/12/16;13.99;14.35;13.97;14.17;13008555;185084096.00
2015/12/17;14.37;14.56;14.18;14.35;13266087;191059456.00
2015/12/18;14.36;14.51;14.10;14.15;9808558;139980096.00
2015/12/21;14.19;14.36;14.00;14.35;7789788;110883648.00
2015/12/22;14.31;14.57;14.20;14.55;10999212;158956016.00
2015/12/23;14.47;15.02;14.42;14.63;16498406;243616048.00
2015/12/24;14.57;14.64;13.98;14.57;8834076;127153536.00
2015/12/25;14.77;15.94;14.67;15.70;26053535;402533248.00
2015/12/28;15.70;15.76;15.05;15.06;18332165;283327392.00
2015/12/29;15.07;15.37;14.98;15.32;8710901;132672832.00
2015/12/30;15.38;16.09;15.22;16.05;15091767;237585344.00
2015/12/31;16.08;16.39;15.64;15.66;14031865;224720976.00
2016/01/04;15.42;15.66;14.09;14.09;10334324;152770128.00
2016/01/05;12.85;13.85;12.68;13.18;14636625;194051072.00
2016/01/06;13.30;13.76;12.88;13.72;10951133;147052512.00
2016/01/07;13.37;13.41;12.35;12.35;2487800;31565628.00
2016/01/08;12.47;12.92;11.11;12.05;14069615;168990448.00
2016/01/11;11.77;11.77;10.84;10.84;10301882;114774656.00
2016/01/12;10.62;11.02;9.87;10.49;9741348;101962176.00
2016/01/13;10.62;10.74;9.44;9.44;10527789;106120208.00
2016/01/14;8.97;10.27;8.69;9.98;14603296;137037440.00
2016/01/15;9.82;9.97;8.98;9.13;13387668;126929640.00
2016/01/18;8.97;9.76;8.97;9.53;10679584;101083208.00
2016/01/19;9.55;10.36;9.39;10.09;13544196;133733520.00
2016/01/20;9.99;10.37;9.82;10.00;12498174;126435848.00
2016/01/21;9.80;10.42;9.49;9.76;12570709;126207344.00
2016/01/22;10.05;10.12;9.56;10.04;9825403;97461400.00
2016/01/25;10.18;10.43;10.02;10.23;8988476;92020536.00
2016/01/26;10.05;10.07;9.20;9.20;10665727;102845536.00
2016/01/27;9.38;9.40;8.29;8.97;10710030;94813160.00
2016/01/28;8.77;8.93;8.12;8.12;9790281;84412192.00
2016/01/29;8.13;8.84;7.97;8.72;8524363;72789504.00
2016/02/01;8.72;8.82;8.40;8.73;6502030;56279188.00
2016/02/02;8.82;9.35;8.79;9.30;7982199;73414208.00
2016/02/03;9.12;9.54;8.94;9.40;7457658;68613904.00
2016/02/04;9.40;9.69;9.37;9.60;8340459;80015504.00
2016/02/05;9.60;9.82;9.47;9.47;7620395;73763632.00
2016/02/15;8.99;9.85;8.97;9.72;7220081;68299664.00
2016/02/16;9.78;10.26;9.78;10.21;7809981;79177648.00
2016/02/17;10.19;10.32;9.88;10.26;10486284;106353168.00
2016/02/18;10.36;10.39;10.00;10.09;8974403;92221920.00
2016/02/19;9.99;10.40;9.99;10.29;9486989;97354496.00
2016/02/22;10.42;10.68;10.29;10.51;11570038;121951376.00
2016/02/23;10.53;10.55;10.17;10.38;7512104;77757016.00
2016/02/24;10.39;10.56;10.07;10.44;8557988;88463528.00
2016/02/25;10.35;10.41;9.39;9.39;12697226;123590208.00
2016/02/26;9.57;9.61;9.07;9.29;6833290;64206068.00
2016/02/29;9.28;9.28;8.36;8.44;9201869;78640224.00
2016/03/01;8.51;8.82;8.22;8.77;6945949;59629116.00
2016/03/02;8.70;9.37;8.69;9.32;8014190;72859984.00
2016/03/03;9.25;9.62;9.25;9.39;8724309;82454824.00
2016/03/04;9.31;9.42;8.53;8.80;9172761;82820208.00
2016/03/07;8.92;9.68;8.92;9.68;10983477;102305472.00
2016/03/08;9.67;10.33;9.07;10.16;26879730;264736016.00
2016/03/09;9.78;10.65;9.58;10.17;25888429;264339584.00
2016/03/10;9.97;10.47;9.57;9.98;20517339;207224992.00
2016/03/11;9.67;10.85;9.66;10.77;31035687;324014784.00
2016/03/14;10.91;11.68;10.57;11.30;36768537;407068640.00
2016/03/15;10.97;11.33;10.80;10.92;22131042;245232336.00
2016/03/16;11.01;11.17;10.31;10.51;18469083;197835680.00
2016/03/17;10.67;11.42;10.55;11.27;23611752;259059520.00
2016/03/18;11.38;12.14;11.15;11.93;29666632;344497568.00
2016/03/21;11.97;12.12;11.67;11.97;23093545;274601888.00
2016/03/22;11.73;12.01;11.67;11.77;15073869;178915152.00
2016/03/23;11.77;12.11;11.66;11.96;14329659;170905584.00
2016/03/24;11.93;11.93;11.37;11.40;14831759;173320368.00
2016/03/25;11.54;11.56;11.18;11.45;8825468;100834688.00
2016/03/28;11.52;11.74;11.18;11.21;12375770;142719936.00
2016/03/29;12.32;12.32;11.73;11.88;40360739;485573504.00
2016/03/30;11.77;13.07;11.67;13.07;39693477;491219872.00
2016/03/31;13.18;13.57;12.79;13.00;38437172;507174720.00
2016/04/01;12.78;12.95;12.46;12.76;21025291;266979376.00
2016/04/05;12.89;13.56;12.89;13.35;26318772;350765664.00
2016/04/06;13.34;13.73;13.13;13.42;24257374;325441984.00
2016/04/07;13.40;13.40;12.85;12.85;19520836;255258576.00
2016/04/08;12.70;13.30;12.51;13.12;17500448;226951584.00
2016/04/11;13.17;13.64;13.17;13.27;18314715;245738032.00
2016/04/12;13.22;13.26;12.79;13.00;11123166;144890544.00
2016/04/13;13.07;13.27;13.00;13.00;14513952;191089472.00
2016/04/14;13.05;13.27;12.95;13.26;13480564;177505744.00
2016/04/15;13.20;13.26;12.99;13.16;10702830;140793824.00
2016/04/18;13.01;13.16;12.67;12.79;9659831;124840184.00
2016/04/19;12.90;13.45;12.65;13.37;19386463;254411424.00
2016/04/20;13.28;13.29;12.03;12.28;20829434;265326368.00
2016/04/21;12.17;12.63;12.07;12.11;10335010;128298248.00
2016/04/22;11.97;12.27;11.75;12.21;10337272;124594720.00
2016/04/25;12.12;12.22;11.73;12.22;7892676;95275192.00
2016/04/26;12.24;12.67;12.13;12.61;13677348;170955200.00
2016/04/27;12.61;12.77;12.47;12.53;10212669;129102504.00
2016/04/28;12.52;13.00;12.51;12.86;13961796;178719456.00
2016/04/29;12.74;12.84;12.51;12.59;7790201;98901704.00
2016/05/03;12.61;13.35;12.60;13.33;19524462;256419808.00
2016/05/04;13.39;14.10;13.27;13.79;32696280;447578720.00
2016/05/05;13.80;13.85;13.43;13.63;18906220;258182944.00
2016/05/06;13.68;14.26;13.30;13.37;28193866;389768256.00
2016/05/09;13.08;13.22;12.48;12.61;15269888;197851648.00
2016/05/10;12.49;12.87;12.44;12.65;10388290;132066720.00
2016/05/11;12.77;12.84;12.20;12.22;10240959;128064552.00
2016/05/12;11.57;12.19;11.28;12.15;10989322;130421000.00
2016/05/13;12.05;12.53;11.88;12.25;9821799;121359016.00
2016/05/16;12.18;12.70;12.02;12.67;10177630;127227040.00
2016/05/17;12.69;12.77;12.38;12.49;10081850;126934248.00
2016/05/18;12.32;12.42;11.77;12.00;9074637;109709992.00
2016/05/19;12.04;12.74;12.04;12.37;13022416;162266160.00
2016/05/20;12.17;13.43;12.06;13.17;22590078;291508864.00
2016/05/23;13.07;13.76;13.01;13.70;27170403;367797472.00
2016/05/24;13.52;13.59;13.17;13.31;16008880;214005552.00
2016/05/25;13.52;13.83;13.29;13.44;18802805;256011040.00
2016/05/26;13.36;13.94;12.89;13.92;21277995;287880128.00
2016/05/27;13.89;14.32;13.54;13.55;27390905;383605856.00
2016/05/30;13.30;14.37;13.13;14.18;27775526;386657312.00
2016/05/31;13.96;14.74;13.87;14.64;34069350;493008960.00
2016/06/01;14.62;14.81;14.44;14.64;27466868;402412512.00
2016/06/02;14.64;15.23;14.36;15.19;31482833;465902784.00
2016/06/03;15.09;15.12;14.78;14.78;21531451;322343776.00
2016/06/06;14.84;14.90;14.50;14.80;15937155;234522080.00
2016/06/07;14.74;14.95;14.54;14.92;17258297;255234288.00
2016/06/08;14.85;15.04;14.62;14.73;14914042;221714224.00
2016/06/13;14.32;14.42;13.25;13.25;20786446;290646880.00
2016/06/14;13.16;13.62;13.15;13.56;13092970;176628544.00
2016/06/15;13.31;14.34;13.27;14.12;15996333;224550480.00
2016/06/16;14.15;14.44;13.98;14.20;16720969;238158608.00
2016/06/17;14.27;14.43;13.77;14.07;16542528;234970352.00
2016/06/20;14.09;15.20;14.09;15.01;30710797;454036448.00
2016/06/21;15.07;15.36;14.68;14.82;31733090;478865952.00
2016/06/22;14.82;15.59;14.75;15.58;29167419;445840224.00
2016/06/23;15.40;15.53;14.94;15.10;23023232;349419616.00
2016/06/24;15.00;15.23;14.00;14.86;22571470;334947136.00
2016/06/27;14.80;15.49;14.70;15.45;23444363;358832448.00
2016/06/28;15.35;15.43;15.05;15.35;18455637;281870464.00
2016/06/29;15.48;15.65;15.17;15.29;16451711;253345120.00
2016/06/30;15.35;15.99;15.20;15.68;25754992;403308544.00
2016/07/01;15.69;15.78;15.13;15.22;18202375;280956640.00
2016/07/04;15.05;15.52;14.89;15.38;13485424;206940016.00
2016/07/05;15.40;15.46;15.12;15.23;11670883;178296368.00
2016/07/06;15.18;15.37;15.12;15.22;9843729;150016576.00
2016/07/07;15.26;15.29;14.88;15.16;12901458;194397776.00
2016/07/08;15.20;15.40;14.91;15.21;12740320;193908656.00
2016/07/11;15.25;15.40;15.01;15.10;11043114;167645232.00
2016/07/12;15.03;15.15;14.61;15.03;12197960;181780160.00
2016/07/13;15.15;15.60;14.96;15.50;19459145;298872032.00
2016/07/14;15.45;15.45;15.08;15.28;12299047;187386144.00
2016/07/15;15.25;15.36;15.08;15.17;7006471;106363800.00
2016/07/18;15.18;15.43;15.01;15.28;9522379;145042256.00
2016/07/19;15.12;15.30;15.02;15.30;7404140;112279408.00
2016/07/20;15.26;15.46;15.05;15.35;13191232;201896880.00
2016/07/21;15.34;16.25;15.27;15.80;32395081;512389024.00
2016/07/22;15.62;16.07;15.50;15.94;20920938;329011840.00
2016/07/25;15.95;16.58;15.90;16.07;23502125;382484768.00
2016/07/26;15.91;16.30;15.89;16.06;14602788;234185408.00
2016/07/27;16.01;16.53;14.97;15.15;26305150;416337952.00
2016/07/28;15.08;15.15;14.50;14.87;13682842;202869312.00
2016/07/29;14.85;14.98;14.60;14.86;7618270;112900352.00
2016/08/01;14.86;14.95;14.00;14.27;10129363;144767088.00
2016/08/02;14.34;14.53;14.18;14.51;5199129;74456056.00
2016/08/03;14.40;14.53;14.28;14.30;5413583;77851512.00
2016/08/04;14.33;14.53;14.33;14.50;6141879;88798424.00
2016/08/05;14.50;14.63;14.26;14.26;6460465;93373144.00
2016/08/08;14.20;14.30;13.78;14.30;7402680;103896024.00
2016/08/09;14.22;14.49;14.22;14.47;6338198;91028848.00
2016/08/10;14.47;14.58;14.33;14.33;5707156;82455352.00
2016/08/11;14.28;14.38;13.85;13.90;6977008;98318984.00
2016/08/12;13.87;14.04;13.82;14.02;4914557;68496248.00
2016/08/15;14.02;14.55;13.98;14.48;9877622;141797904.00
2016/08/16;14.45;14.65;14.41;14.49;7050769;102221344.00
2016/08/17;14.49;14.58;14.30;14.51;6879360;99414192.00
2016/08/18;14.43;14.93;14.41;14.85;12532631;184150352.00
2016/08/19;14.80;14.90;14.63;14.90;8356800;123369584.00
2016/08/22;14.90;14.91;14.27;14.28;11644400;169204640.00
2016/08/23;14.13;14.38;14.02;14.13;6181289;87811544.00
2016/08/24;14.20;14.44;14.13;14.27;4817690;68666016.00
2016/08/25;14.13;14.20;13.79;14.02;7460127;103900248.00
2016/08/26;14.10;14.28;14.06;14.07;5205084;73658880.00
2016/08/29;13.96;14.26;13.94;14.11;4225937;59649752.00
2016/08/30;14.04;14.19;14.04;14.14;4039367;57051944.00
2016/08/31;14.14;14.15;13.95;14.08;4093637;57492628.00
2016/09/01;14.05;14.15;14.02;14.02;3815656;53672412.00
2016/09/02;14.05;14.06;13.53;13.67;7382412;101774376.00
2016/09/05;13.70;13.91;13.68;13.72;3835751;52881308.00
2016/09/06;13.73;14.04;13.51;13.96;6476039;89199192.00
2016/09/07;13.96;14.15;13.85;13.94;6769368;95128992.00
2016/09/08;13.86;14.05;13.86;14.02;3987407;55703364.00
2016/09/09;14.01;14.16;13.96;13.99;5561475;78299712.00
2016/09/12;13.78;13.79;13.20;13.22;7104897;95710840.00
2016/09/13;13.38;13.41;13.21;13.28;3388223;45100680.00
2016/09/14;13.28;13.43;13.15;13.26;3154558;41978460.00
2016/09/19;13.26;13.50;13.26;13.49;3344316;44911580.00
2016/09/20;13.45;13.55;13.28;13.39;2835674;37979944.00
2016/09/21;13.39;13.54;13.33;13.43;2504693;33751828.00
2016/09/22;13.49;13.88;13.49;13.84;7585204;104093504.00
2016/09/23;13.78;13.93;13.68;13.79;6227179;86029480.00
2016/09/26;13.70;13.77;13.35;13.37;4952826;67018104.00
2016/09/27;13.30;13.41;13.12;13.37;4290972;56868832.00
2016/09/28;13.47;13.47;13.28;13.28;3055145;40763948.00
2016/09/29;13.35;13.40;13.27;13.28;2793857;37252240.00
2016/09/30;13.27;13.37;13.21;13.34;2709684;36039980.00
2016/10/10;13.45;13.75;13.38;13.72;5170861;70357728.00
2016/10/11;13.71;13.86;13.70;13.82;6831126;94208808.00
2016/10/12;13.76;13.86;13.70;13.76;4190384;57647880.00
2016/10/13;13.76;13.84;13.66;13.72;4396257;60378364.00
2016/10/14;13.72;13.74;13.57;13.68;3812562;51988240.00
2016/10/17;13.68;13.74;13.40;13.42;4261683;57983472.00
2016/10/18;13.38;13.73;13.38;13.71;4051864;55076520.00
2016/10/19;13.74;13.79;13.56;13.64;4539668;62118372.00
2016/10/20;13.69;13.98;13.61;13.90;9884852;137088464.00
2016/10/21;13.87;13.98;13.70;13.89;6477429;89757936.00
2016/10/24;13.89;14.00;13.82;13.97;7593200;105765688.00
2016/10/25;13.94;13.96;13.83;13.90;4893332;67977544.00
2016/10/26;13.90;13.92;13.71;13.80;4206487;58031988.00
2016/10/27;13.76;13.85;13.72;13.77;3261493;44944092.00
2016/10/28;13.77;13.90;13.69;13.69;4235371;58404496.00
2016/10/31;13.62;13.63;13.37;13.60;4445104;60036408.00
2016/11/01;13.67;13.74;13.58;13.68;4025405;54951772.00
2016/11/02;13.69;13.85;13.61;13.72;5734032;78963264.00
2016/11/03;13.63;13.90;13.60;13.80;6161323;85070064.00
2016/11/04;13.85;13.93;13.74;13.82;4292890;59381032.00
2016/11/07;13.87;14.19;13.83;13.95;9169812;128574336.00
2016/11/08;13.96;14.16;13.96;14.03;7051028;99013176.00
2016/11/09;14.10;14.10;13.60;13.72;6356592;88071752.00
2016/11/10;13.82;14.18;13.82;14.15;10598949;148779312.00
2016/11/11;14.13;14.28;14.03;14.23;9980751;141347728.00
2016/11/14;14.28;14.56;14.19;14.23;13114444;188674432.00
2016/11/15;14.30;14.39;14.08;14.39;8528959;121387984.00
2016/11/16;14.44;14.48;14.28;14.29;5837376;83880872.00
2016/11/17;14.29;14.32;14.04;14.15;2891400;40846112.00
数据来源:通达信
