002467 二六三 日线 前复权
      日期	    开盘	    最高	    最低	    收盘	    成交量	    成交额
2010/09/08;6.64;6.84;6.27;6.39;18952350;800621504.00
2010/09/09;6.57;7.08;6.40;7.08;16697736;733850496.00
2010/09/10;6.77;6.81;6.32;6.36;11830424;496310528.00
2010/09/13;6.14;6.21;5.79;5.90;6274329;242682848.00
2010/09/14;5.85;6.08;5.81;5.86;3954580;153631536.00
2010/09/15;5.72;5.72;5.30;5.37;4489403;163193040.00
2010/09/16;5.37;5.71;5.27;5.67;3920287;141330176.00
2010/09/17;5.56;5.66;5.42;5.45;2026778;73824208.00
2010/09/20;5.42;5.49;5.22;5.24;1953250;68387968.00
2010/09/21;5.24;5.31;4.90;5.01;2278511;76611728.00
2010/09/27;5.00;5.20;4.94;5.10;1732200;58389656.00
2010/09/28;5.06;5.13;4.95;4.95;1611351;53708048.00
2010/09/29;4.95;4.97;4.81;4.89;1467835;47525520.00
2010/09/30;4.83;5.08;4.83;5.00;1420261;46992776.00
2010/10/08;5.03;5.21;4.97;5.12;1910279;64244244.00
2010/10/11;5.12;5.19;5.06;5.14;2229202;75692744.00
2010/10/12;5.14;5.21;5.07;5.16;1886793;64123272.00
2010/10/13;5.14;5.16;4.99;5.01;1798920;60227568.00
2010/10/14;5.05;5.05;4.86;4.95;1615869;53237028.00
2010/10/15;4.97;4.97;4.71;4.72;2089101;67008436.00
2010/10/18;4.64;4.69;4.47;4.68;1763551;53934440.00
2010/10/19;4.69;4.92;4.66;4.87;1818487;58502556.00
2010/10/20;4.84;4.92;4.72;4.76;1822995;58425004.00
2010/10/21;4.78;4.85;4.73;4.84;1078988;34506628.00
2010/10/22;4.87;5.02;4.79;4.94;1782708;58179396.00
2010/10/25;4.89;5.13;4.89;5.01;1846799;61755912.00
2010/10/26;5.01;5.08;4.87;4.94;1331255;43694192.00
2010/10/27;4.86;4.92;4.72;4.79;1853961;59610116.00
2010/10/28;4.78;4.92;4.76;4.90;1560211;50460716.00
2010/10/29;4.91;5.45;4.90;5.45;4681595;163824528.00
2010/11/01;5.56;5.71;5.39;5.59;5818110;212373104.00
2010/11/02;5.52;5.52;5.31;5.32;3662465;130780888.00
2010/11/03;5.31;5.31;5.08;5.12;1954070;67273560.00
2010/11/04;5.07;5.27;5.07;5.26;1645142;56618440.00
2010/11/05;5.21;5.35;5.17;5.28;1825818;63317132.00
2010/11/08;5.30;5.47;5.29;5.44;2099444;74416136.00
2010/11/09;5.44;5.50;5.34;5.38;1845120;65654976.00
2010/11/10;5.36;5.65;5.31;5.55;2789120;101454744.00
2010/11/11;5.60;5.60;5.42;5.42;2442338;88464016.00
2010/11/12;5.37;5.38;4.87;4.88;2433899;82768336.00
2010/11/15;4.97;5.08;4.92;5.06;1292681;42970980.00
2010/11/16;5.05;5.21;4.90;4.95;1424989;47818424.00
2010/11/17;4.92;5.03;4.84;4.85;851433;27895702.00
2010/11/18;4.91;5.13;4.88;5.09;1310470;43578160.00
2010/11/19;5.12;5.33;5.06;5.33;2297443;79167872.00
2010/11/22;5.31;5.56;5.27;5.38;3186163;114037520.00
2010/11/23;5.36;5.36;5.09;5.26;1629550;56195788.00
2010/11/24;5.19;5.68;5.19;5.64;3461690;124491712.00
2010/11/25;5.64;5.67;5.44;5.56;2329730;85012880.00
2010/11/26;5.55;5.66;5.50;5.56;1779318;65136128.00
2010/11/29;5.59;5.59;5.41;5.56;1521397;55062476.00
2010/11/30;5.62;5.62;5.21;5.33;1574096;55742860.00
2010/12/01;5.33;5.38;5.24;5.31;943812;32971370.00
2010/12/02;5.36;5.53;5.31;5.45;1743822;62254208.00
2010/12/03;5.45;5.59;5.30;5.52;2233190;80311152.00
2010/12/06;5.47;5.47;5.24;5.27;1540665;54130244.00
2010/12/07;5.24;5.25;5.07;5.19;1016468;34676020.00
2010/12/08;5.22;5.22;5.00;5.02;3407363;114938184.00
2010/12/09;4.94;5.04;4.89;4.99;1510835;49673484.00
2010/12/10;4.93;5.08;4.91;5.05;1317956;43826308.00
2010/12/13;5.09;5.22;5.07;5.20;1896401;64741736.00
2010/12/14;5.21;5.30;5.18;5.22;1654043;57143696.00
2010/12/15;5.21;5.25;5.16;5.21;1420809;48845640.00
2010/12/16;5.16;5.64;5.16;5.41;4262119;153976896.00
2010/12/17;5.34;5.47;5.34;5.43;1801814;64201684.00
2010/12/20;5.40;5.52;5.05;5.33;2594537;91798304.00
2010/12/21;5.33;5.34;5.22;5.31;1455006;50770852.00
2010/12/22;5.31;5.49;5.29;5.41;1802851;64205576.00
2010/12/23;5.37;5.42;5.19;5.22;1083770;37846672.00
2010/12/24;5.16;5.20;4.94;5.02;1310235;43757416.00
2010/12/27;5.00;5.13;4.64;4.64;1416553;46290328.00
2010/12/28;4.66;4.72;4.51;4.64;1264128;39300656.00
2010/12/29;4.64;4.76;4.62;4.74;633140;19900622.00
2010/12/30;4.74;4.79;4.69;4.77;664893;21019776.00
2010/12/31;4.77;4.85;4.73;4.81;678410;21698784.00
2011/01/04;4.81;4.85;4.76;4.84;980229;31375746.00
2011/01/05;4.80;4.82;4.71;4.75;1279999;40665104.00
2011/01/06;4.76;4.84;4.73;4.81;867960;27709642.00
2011/01/07;4.77;4.89;4.76;4.85;1003532;32266816.00
2011/01/10;4.86;4.86;4.56;4.64;785651;24735282.00
2011/01/11;4.57;4.71;4.52;4.54;807015;24616928.00
2011/01/12;4.55;4.61;4.47;4.58;525140;16020502.00
2011/01/13;4.62;4.63;4.55;4.57;363148;11127284.00
2011/01/14;4.57;4.57;4.29;4.30;1241380;36652732.00
2011/01/17;4.27;4.38;4.12;4.14;672668;19105586.00
2011/01/18;4.14;4.24;4.11;4.17;321691;9030660.00
2011/01/19;4.14;4.23;4.12;4.23;460617;13030360.00
2011/01/20;4.24;4.24;3.94;3.94;721475;19897804.00
2011/01/21;3.93;4.00;3.90;3.96;464332;12488947.00
2011/01/24;3.98;4.14;3.93;4.02;768553;21122938.00
2011/01/25;4.02;4.02;3.92;3.97;400603;10749203.00
2011/01/26;3.87;4.13;3.87;4.10;526528;14573948.00
2011/01/27;4.07;4.16;4.02;4.13;522662;14523218.00
2011/01/28;4.13;4.14;4.07;4.12;414159;11536666.00
2011/01/31;4.11;4.27;4.07;4.24;559419;15951021.00
2011/02/01;4.25;4.37;4.22;4.35;685291;19803922.00
2011/02/09;4.31;4.50;4.22;4.41;790445;23523576.00
2011/02/10;4.47;4.52;4.34;4.47;541986;16188385.00
2011/02/11;4.42;4.53;4.39;4.47;486700;14608128.00
2011/02/15;4.58;4.64;4.51;4.60;1112759;33996204.00
2011/02/16;4.64;4.65;4.52;4.61;1523844;46667076.00
2011/02/17;4.61;4.69;4.54;4.59;921214;28275350.00
2011/02/18;4.61;4.61;4.42;4.43;774357;23320388.00
2011/02/21;4.39;4.57;4.37;4.56;592753;17869210.00
2011/02/22;4.59;4.61;4.42;4.46;785835;23739738.00
2011/02/23;4.41;4.56;4.41;4.55;751355;22765808.00
2011/02/24;4.55;4.72;4.51;4.65;1122123;34790000.00
2011/02/25;4.71;4.72;4.59;4.60;936251;29128492.00
2011/02/28;4.65;4.80;4.56;4.71;1180399;37052668.00
2011/03/01;4.84;4.84;4.70;4.74;1017421;32291384.00
2011/03/02;4.74;4.74;4.54;4.62;649899;20123336.00
2011/03/03;4.60;4.67;4.60;4.66;608184;18807156.00
2011/03/04;4.65;4.71;4.60;4.65;423191;13141078.00
2011/03/07;4.65;4.70;4.61;4.67;504151;15646535.00
2011/03/08;4.77;4.77;4.65;4.76;763647;24037578.00
2011/03/09;4.79;4.84;4.76;4.79;931791;29790612.00
2011/03/10;4.86;4.86;4.78;4.80;555936;17795166.00
2011/03/11;4.79;4.81;4.73;4.77;483919;15372144.00
2011/03/15;4.81;4.83;4.52;4.65;472865;14780708.00
2011/03/16;4.62;4.67;4.57;4.62;454852;14072037.00
2011/03/17;4.59;4.59;4.40;4.40;631268;19016528.00
2011/03/18;4.49;4.50;4.42;4.49;406198;12168565.00
2011/03/21;4.47;4.50;4.40;4.48;320271;9598110.00
2011/03/22;4.50;4.54;4.46;4.50;181211;5462310.50
2011/03/23;4.54;4.55;4.47;4.50;452690;13670408.00
2011/03/24;4.52;4.69;4.51;4.61;618773;19007584.00
2011/03/25;4.61;4.68;4.61;4.64;479911;14863297.00
2011/03/28;4.67;4.67;4.47;4.49;505068;15413171.00
2011/03/29;4.51;4.51;4.34;4.34;450601;13388714.00
2011/03/30;4.34;4.39;4.28;4.31;337800;9842451.00
2011/03/31;4.36;4.40;4.28;4.31;233789;6829583.00
2011/04/01;4.33;4.33;4.27;4.32;219661;6365167.00
2011/04/06;4.33;4.43;4.31;4.37;215727;6313357.00
2011/04/07;4.47;4.47;4.35;4.41;184289;5448482.00
2011/04/08;4.44;4.74;4.39;4.67;1103406;33327658.00
2011/04/11;4.63;4.72;4.53;4.68;782195;24076616.00
2011/04/12;4.64;4.67;4.58;4.58;453789;14032376.00
2011/04/13;4.67;4.67;4.54;4.62;533380;16416382.00
2011/04/14;4.68;4.68;4.57;4.58;306380;9442475.00
2011/04/15;4.56;4.57;4.49;4.56;294662;8919790.00
2011/04/18;4.55;4.56;4.49;4.50;193220;5837945.50
2011/04/19;4.52;4.52;4.41;4.42;318290;9523480.00
2011/04/20;4.42;4.47;4.42;4.43;193038;5744875.50
2011/04/21;4.47;4.57;4.43;4.53;386772;11685660.00
2011/04/22;4.53;4.59;4.46;4.47;435029;13166678.00
2011/04/25;4.47;4.51;4.31;4.42;435793;12790180.00
2011/04/26;4.40;4.47;4.31;4.35;271710;7977735.00
2011/04/27;4.37;4.38;4.15;4.16;330515;9428249.00
2011/04/28;4.15;4.22;3.97;3.97;376862;10462065.00
2011/04/29;3.96;4.09;3.94;4.01;278125;7575805.50
2011/05/03;4.22;4.22;4.09;4.12;211360;5899870.50
2011/05/04;4.12;4.17;3.98;4.03;240097;6618452.00
2011/05/05;3.99;4.07;3.97;4.03;190599;5190893.00
2011/05/06;4.04;4.04;3.96;3.99;272975;7391760.50
2011/05/09;3.97;4.03;3.97;4.00;204475;5552297.50
2011/05/10;4.00;4.03;3.99;4.02;176433;4800578.50
2011/05/11;4.02;4.09;4.00;4.05;215206;5897382.00
2011/05/12;4.01;4.03;3.97;4.00;240379;6526353.00
2011/05/13;3.99;4.13;3.99;4.11;390671;10788557.00
2011/05/16;4.12;4.17;4.07;4.10;324967;9041170.00
2011/05/17;4.08;4.10;4.01;4.05;168748;4630901.00
2011/05/18;4.01;4.11;4.01;4.09;120521;3338338.00
2011/05/20;4.12;4.12;4.01;4.03;92029;2524920.25
2011/05/23;4.03;4.04;3.89;3.89;237200;6369161.00
2011/05/24;3.93;4.05;3.88;4.00;291070;7863701.00
2011/05/25;4.00;4.00;3.91;3.94;127101;3408761.00
2011/05/26;3.94;3.99;3.92;3.94;105394;2830748.25
2011/05/27;3.92;3.96;3.74;3.76;318530;8314067.50
2011/05/30;3.73;3.87;3.68;3.71;191730;4929687.00
2011/05/31;3.74;3.82;3.67;3.81;193311;4953181.00
2011/06/01;3.85;3.85;3.77;3.84;116600;3006095.50
2011/06/02;3.82;3.84;3.72;3.78;147189;3740736.50
2011/06/03;3.74;3.84;3.74;3.83;87825;2252598.25
2011/06/07;3.83;3.85;3.75;3.84;84322;2167556.50
2011/06/08;3.79;3.85;3.77;3.84;199570;5107984.00
2011/06/09;3.83;3.87;3.77;3.81;182590;4701555.00
2011/06/10;3.84;3.85;3.78;3.80;75200;1920683.63
2011/06/13;3.80;3.80;3.70;3.76;160706;4044069.75
2011/06/14;3.77;3.79;3.74;3.78;173420;4406510.50
2011/06/15;3.75;3.80;3.75;3.75;117405;2972857.50
2011/06/16;3.75;3.75;3.60;3.62;227709;5621710.50
2011/06/17;3.63;3.67;3.49;3.53;241474;5865105.00
2011/06/20;3.54;3.55;3.44;3.49;150616;3564487.50
2011/06/21;3.49;3.50;3.39;3.46;174072;4084465.75
2011/06/22;3.47;3.49;3.44;3.47;184889;4354840.00
2011/06/23;3.43;3.60;3.41;3.58;366299;8793306.00
2011/06/24;3.58;3.71;3.58;3.67;273672;6773360.00
2011/06/27;3.64;3.76;3.64;3.72;296046;7434316.00
2011/06/28;3.71;3.72;3.66;3.69;171906;4273909.50
2011/06/29;3.70;3.77;3.67;3.68;372639;9348967.00
2011/06/30;3.67;3.78;3.67;3.76;412806;10432217.00
2011/07/01;3.76;3.76;3.72;3.74;216432;5452797.50
2011/07/04;3.74;4.01;3.74;3.95;1431424;37557440.00
2011/07/05;3.95;3.97;3.89;3.91;360435;9456092.00
2011/07/06;3.91;3.95;3.89;3.94;272878;7184695.50
2011/07/07;3.92;4.00;3.92;3.93;372119;9848129.00
2011/07/08;3.94;3.96;3.86;3.87;302171;7905587.00
2011/07/11;3.94;3.95;3.84;3.91;249325;6501697.00
2011/07/12;3.89;3.89;3.81;3.83;223700;5789570.00
2011/07/13;3.82;3.88;3.82;3.88;241514;6262450.50
2011/07/14;3.92;4.02;3.88;3.99;543987;14375996.00
2011/07/15;3.98;4.09;3.94;3.98;462994;12426493.00
2011/07/18;3.96;4.04;3.96;3.97;314730;8431176.00
2011/07/19;3.96;3.96;3.89;3.91;229100;6002625.50
2011/07/20;3.99;3.99;3.88;3.91;150451;3959547.75
2011/07/21;3.91;3.95;3.82;3.82;198100;5139643.00
2011/07/22;3.82;3.89;3.82;3.84;161479;4180777.25
2011/07/25;3.88;3.88;3.63;3.66;293450;7343588.00
2011/07/26;3.66;3.75;3.64;3.68;62739;1554115.50
2011/07/27;3.68;3.74;3.65;3.74;144997;3626325.00
2011/07/28;3.76;3.76;3.64;3.67;134659;3347412.50
2011/07/29;3.74;3.74;3.66;3.69;125721;3136864.00
2011/08/01;3.77;3.89;3.67;3.85;391917;10033275.00
2011/08/02;3.87;3.94;3.82;3.92;1524521;39903376.00
2011/08/03;3.88;4.04;3.85;3.95;1351546;36042600.00
2011/08/04;3.99;3.99;3.89;3.95;639851;16857902.00
2011/08/05;3.85;4.12;3.71;4.02;941522;24622748.00
2011/08/08;3.97;4.02;3.64;3.95;918412;23945224.00
2011/08/09;3.84;4.11;3.74;4.09;1819379;48475268.00
2011/08/10;4.15;4.25;4.05;4.07;1703196;47136264.00
2011/08/11;3.96;4.12;3.92;4.11;1098113;29754632.00
2011/08/12;4.23;4.23;4.06;4.10;815628;22499132.00
2011/08/15;4.15;4.15;4.03;4.10;850526;23181874.00
2011/08/16;4.12;4.12;3.99;3.99;608663;16473223.00
2011/08/17;4.00;4.03;3.94;3.98;493149;13158321.00
2011/08/18;3.98;4.11;3.98;4.00;776124;21027480.00
2011/08/19;3.87;3.97;3.84;3.93;401629;10532801.00
2011/08/22;3.91;4.04;3.91;3.92;449420;11867290.00
2011/08/23;3.97;4.03;3.93;4.01;626425;16729818.00
2011/08/24;4.01;4.07;3.96;3.98;543912;14650932.00
2011/08/25;4.03;4.06;3.94;4.03;710638;18983320.00
2011/08/26;4.00;4.09;4.00;4.08;1017397;27600852.00
2011/08/29;4.08;4.08;4.01;4.02;453304;12240040.00
2011/08/30;4.04;4.06;3.94;3.94;547158;14717918.00
2011/08/31;3.97;3.97;3.89;3.94;288125;7578024.00
2011/09/01;3.97;3.97;3.86;3.86;359463;9394548.00
2011/09/02;3.87;3.87;3.78;3.78;258008;6608009.50
2011/09/05;3.76;3.76;3.60;3.60;306374;7564123.00
2011/09/06;3.54;3.63;3.51;3.53;371305;8977673.00
2011/09/07;3.60;3.61;3.53;3.61;305148;7373814.00
2011/09/08;3.67;3.67;3.55;3.55;319698;7793024.00
2011/09/09;3.54;3.60;3.51;3.58;141484;3422551.25
2011/09/13;3.44;3.54;3.44;3.52;186113;4426346.00
2011/09/14;3.51;3.57;3.46;3.51;551210;13060603.00
2011/09/15;3.52;3.56;3.51;3.52;394143;9440878.00
2011/09/16;3.61;3.61;3.51;3.52;461612;11101233.00
2011/09/19;3.50;3.54;3.44;3.45;695348;16539405.00
2011/09/20;3.44;3.47;3.40;3.44;486415;11369179.00
2011/09/21;3.48;3.63;3.48;3.56;982381;23537150.00
2011/09/22;3.54;3.54;3.39;3.39;484829;11409578.00
2011/09/23;3.34;3.34;3.28;3.32;499057;11290372.00
2011/09/26;3.32;3.34;3.22;3.24;320745;7170399.00
2011/09/27;3.25;3.30;3.22;3.26;310383;6908894.50
2011/09/28;3.27;3.35;3.26;3.26;497023;11252831.00
2011/09/29;3.32;3.32;3.15;3.15;410725;8994951.00
2011/09/30;3.12;3.15;2.88;3.05;422028;8833900.00
2011/10/10;3.03;3.10;3.03;3.06;165862;3513862.25
2011/10/11;3.10;3.30;3.07;3.12;613469;13515182.00
2011/10/12;3.10;3.23;3.05;3.21;474633;10391042.00
2011/10/13;3.18;3.29;3.18;3.26;613358;13668872.00
2011/10/14;3.25;3.32;3.19;3.31;401806;8977155.00
2011/10/17;3.31;3.45;3.25;3.41;903640;20786346.00
2011/10/18;3.39;3.52;3.38;3.44;1173291;27680736.00
2011/10/19;3.44;3.50;3.39;3.41;500771;11746124.00
2011/10/20;3.41;3.41;3.32;3.35;450078;10305826.00
2011/10/21;3.35;3.52;3.35;3.44;1220140;28696628.00
2011/10/24;3.49;3.53;3.38;3.53;700622;16499167.00
2011/10/25;3.50;3.58;3.48;3.56;593237;14217123.00
2011/10/26;3.54;3.61;3.44;3.55;664959;15995839.00
2011/10/27;3.57;3.59;3.51;3.54;473157;11369082.00
2011/10/28;3.56;3.59;3.52;3.55;491233;11816561.00
2011/10/31;3.57;3.67;3.55;3.64;637809;15636201.00
2011/11/01;3.63;3.65;3.57;3.60;327790;7992103.50
2011/11/02;3.57;3.70;3.54;3.69;548825;13426633.00
2011/11/03;3.70;3.78;3.67;3.71;686756;17227438.00
2011/11/04;3.71;3.97;3.69;3.88;1466401;37973072.00
2011/11/07;3.87;3.96;3.85;3.92;878975;23051324.00
2011/11/08;3.88;3.96;3.84;3.85;494095;12950884.00
2011/11/09;3.85;3.94;3.77;3.94;600772;15559901.00
2011/11/10;3.87;4.00;3.87;3.91;967350;25546162.00
2011/11/14;3.97;4.00;3.82;3.98;841299;22290588.00
2011/11/15;3.98;4.00;3.93;3.96;237718;6309146.00
2011/11/16;3.96;3.96;3.84;3.87;697476;18231262.00
2011/11/17;3.84;3.91;3.81;3.85;764974;19792674.00
2011/11/18;3.84;3.89;3.74;3.77;471463;12038602.00
2011/11/21;3.79;3.87;3.74;3.76;348051;8814341.00
2011/11/22;3.71;3.77;3.71;3.73;281366;7082719.00
2011/11/23;3.77;3.81;3.74;3.77;583184;14799872.00
2011/11/24;3.64;3.78;3.63;3.78;275960;6929195.00
2011/11/25;3.77;3.79;3.74;3.78;341620;8670248.00
2011/11/28;3.76;3.81;3.76;3.81;103922;2648174.50
2011/11/29;3.92;3.92;3.84;3.87;608234;15801440.00
2011/11/30;3.89;3.90;3.69;3.75;348510;8892974.00
2011/12/01;3.87;3.90;3.82;3.82;234170;6048718.50
2011/12/02;3.85;3.85;3.74;3.81;164631;4192986.75
2011/12/05;3.81;3.81;3.59;3.67;188161;4695896.50
2011/12/06;3.75;3.75;3.65;3.71;220720;5505890.00
2011/12/07;3.74;3.78;3.66;3.73;236000;5911648.00
2011/12/08;3.77;3.77;3.67;3.76;271823;6847358.00
2011/12/09;3.76;3.76;3.67;3.71;221236;5518902.00
2011/12/12;3.70;3.70;3.66;3.67;183500;4559709.50
2011/12/13;3.70;3.70;3.47;3.49;277650;6727952.50
2011/12/14;3.53;3.53;3.19;3.25;357766;8213839.00
2011/12/15;3.28;3.29;3.14;3.19;334518;7357217.00
2011/12/16;3.28;3.28;3.11;3.26;189756;4173610.00
2011/12/19;3.26;3.39;3.15;3.38;447537;10114921.00
2011/12/20;3.36;3.37;3.29;3.29;299402;6814274.50
2011/12/21;3.32;3.34;3.19;3.21;184683;4146495.75
2011/12/22;3.11;3.27;2.99;3.21;178193;3829660.00
2011/12/23;3.10;3.27;3.10;3.27;138701;3089788.25
2011/12/26;3.27;3.35;3.23;3.30;144800;3287754.00
2011/12/27;3.25;3.31;3.19;3.29;104593;2324008.75
2011/12/28;3.14;3.25;2.91;3.25;132094;2881179.75
2011/12/29;3.17;3.29;3.14;3.21;187138;4107275.75
2011/12/30;3.18;3.35;3.18;3.34;174955;3926703.75
2012/01/04;3.34;3.36;3.27;3.28;114320;2587997.50
2012/01/05;3.21;3.27;3.02;3.08;171900;3719341.00
2012/01/06;2.97;3.08;2.97;3.08;70460;1467420.75
2012/01/09;3.08;3.22;3.02;3.21;184468;4015601.00
2012/01/10;3.27;3.35;3.20;3.32;283088;6403786.50
2012/01/11;3.29;3.42;2.96;3.36;270905;6179938.00
2012/01/12;3.29;3.43;3.28;3.31;142479;3235362.50
2012/01/13;3.26;3.31;3.09;3.18;132114;2869166.25
2012/01/16;3.17;3.18;3.06;3.09;101013;2155776.50
2012/01/17;3.12;3.25;3.06;3.24;204217;4460750.50
2012/01/18;3.21;3.29;3.04;3.17;160086;3516880.75
2012/01/19;3.16;3.19;3.08;3.11;164048;3533890.25
2012/01/20;3.11;3.14;3.07;3.11;226290;4833971.00
2012/01/30;3.14;3.14;3.07;3.09;100059;2131559.75
2012/01/31;3.10;3.10;3.05;3.09;49509;1046304.50
2012/02/01;3.09;3.12;3.02;3.06;160164;3386619.00
2012/02/02;3.10;3.11;3.03;3.09;132944;2822025.50
2012/02/03;3.09;3.15;3.07;3.14;168312;3617509.00
2012/02/06;3.14;3.24;3.14;3.20;290141;6376091.00
2012/02/07;3.20;3.20;3.15;3.19;162288;3537562.25
2012/02/08;3.19;3.26;3.17;3.25;232672;5141374.00
2012/02/09;3.24;3.34;3.22;3.26;324184;7276562.50
2012/02/10;3.26;3.28;3.22;3.25;229369;5105078.00
2012/02/13;3.24;3.30;3.21;3.26;257049;5735613.50
2012/02/14;3.27;3.28;3.22;3.25;166006;3688317.75
2012/02/15;3.24;3.37;3.22;3.32;522859;11808178.00
2012/02/16;3.32;3.40;3.30;3.37;548683;12567671.00
2012/02/17;3.37;3.50;3.37;3.48;962254;22560466.00
2012/02/20;3.49;3.65;3.47;3.50;956270;23161290.00
2012/02/21;3.45;3.65;3.43;3.61;861997;20771182.00
2012/02/22;3.57;3.67;3.55;3.66;921294;22556734.00
2012/02/23;3.65;3.66;3.57;3.63;748817;18324732.00
2012/02/24;3.60;3.66;3.57;3.61;677524;16543318.00
2012/02/27;3.61;3.77;3.56;3.63;824676;20303898.00
2012/02/28;3.61;3.69;3.57;3.63;679889;16646109.00
2012/02/29;3.59;3.63;3.49;3.53;567908;13772395.00
2012/03/01;3.53;3.81;3.53;3.75;1551449;38695184.00
2012/05/02;4.18;4.18;4.18;4.18;68106;1894708.88
2012/05/03;4.64;4.64;4.58;4.64;3093075;94638680.00
2012/05/04;4.54;4.54;4.19;4.23;6266297;179872560.00
2012/05/07;4.19;4.29;4.09;4.22;2786940;77583392.00
2012/05/08;4.17;4.24;4.11;4.12;1812629;50225696.00
2012/05/09;4.08;4.24;4.04;4.14;1426724;39559552.00
2012/05/10;4.14;4.20;4.08;4.14;979605;26988348.00
2012/05/11;4.14;4.18;4.06;4.07;857705;23574774.00
2012/05/15;4.05;4.05;3.81;3.88;1161230;30241252.00
2012/05/16;3.88;3.90;3.79;3.84;597273;15413889.00
2012/05/17;3.84;3.94;3.84;3.92;735504;19258938.00
2012/05/21;3.87;3.89;3.79;3.82;601958;15469948.00
2012/05/22;3.90;3.90;3.82;3.86;391727;10152189.00
2012/05/23;3.86;3.87;3.71;3.86;783697;19999030.00
2012/05/24;3.82;3.84;3.77;3.81;332998;8527447.00
2012/05/25;3.88;4.04;3.88;3.90;1384473;36559968.00
2012/05/28;3.95;3.95;3.69;3.87;636933;16339105.00
2012/05/29;3.84;3.92;3.83;3.90;772501;20138894.00
2012/05/30;3.90;4.19;3.90;4.14;1662846;45098512.00
2012/05/31;4.06;4.19;4.06;4.14;1779267;48981612.00
2012/06/01;4.14;4.24;3.91;3.94;3141286;41933876.00
2012/06/04;3.78;3.81;3.70;3.71;2198734;27300422.00
2012/06/05;3.67;3.77;3.67;3.72;1221279;15073785.00
2012/06/06;3.77;3.77;3.58;3.60;1388993;16848088.00
2012/06/07;3.64;3.69;3.54;3.54;1076982;12845344.00
2012/06/08;3.59;3.59;3.44;3.44;1308312;15305246.00
2012/06/11;3.44;3.52;3.38;3.51;996516;11522534.00
2012/06/12;3.50;3.50;3.42;3.43;742632;8556857.00
2012/06/13;3.46;3.48;3.40;3.47;1076998;12389615.00
2012/06/14;3.44;3.53;3.42;3.46;1003850;11630556.00
2012/06/15;3.46;3.48;3.37;3.44;888670;10197689.00
2012/06/18;3.49;3.49;3.43;3.46;1014730;11741021.00
2012/06/19;3.46;3.49;3.41;3.46;704128;8125514.00
2012/06/20;3.45;3.85;3.45;3.85;4734179;59596248.00
2012/06/21;4.06;4.22;3.94;3.98;13020857;174825888.00
2012/06/25;3.84;3.87;3.65;3.78;5569750;69063992.00
2012/06/26;3.67;3.89;3.59;3.84;5323329;66027112.00
2012/06/27;3.82;3.92;3.72;3.76;4439827;55941248.00
2012/06/28;3.81;4.17;3.79;4.00;7436320;98173448.00
2012/06/29;3.88;4.01;3.70;4.00;4691723;59432332.00
2012/07/02;3.97;4.10;3.91;4.01;4379593;57857684.00
2012/07/03;3.96;4.01;3.89;3.94;3643079;47334204.00
2012/07/04;3.95;3.97;3.76;3.76;3250196;41203032.00
2012/07/05;3.73;4.00;3.73;3.90;5229971;67497408.00
2012/07/06;3.92;3.95;3.72;3.89;3808959;48284424.00
2012/07/09;3.85;3.85;3.51;3.53;3532778;43297156.00
2012/07/10;3.53;3.57;3.38;3.43;2123292;24396420.00
2012/07/11;3.44;3.49;3.40;3.49;1340525;15423255.00
2012/07/12;3.47;3.51;3.34;3.46;1890480;21703796.00
2012/07/13;3.39;3.46;3.39;3.43;1012427;11609498.00
2012/07/16;3.42;3.43;3.13;3.14;2438432;26472622.00
2012/07/17;3.12;3.16;3.05;3.12;1191008;12478118.00
2012/07/18;3.11;3.19;3.06;3.19;1205798;12704052.00
2012/07/19;3.19;3.29;3.12;3.25;1191534;13020108.00
2012/07/20;3.25;3.62;3.22;3.62;6712335;80300248.00
2012/07/23;3.56;3.69;3.44;3.49;3680829;43588168.00
2012/07/24;3.47;3.60;3.38;3.52;2381846;28048466.00
2012/07/25;3.47;3.54;3.27;3.34;2549594;29107764.00
2012/07/26;3.34;3.38;3.25;3.30;1889952;21001074.00
2012/07/27;3.31;3.50;3.30;3.43;2583655;29353624.00
2012/07/30;3.40;3.42;3.21;3.26;1659092;18344928.00
2012/07/31;3.16;3.33;3.16;3.25;990832;10893485.00
2012/08/01;3.27;3.38;3.27;3.29;1622999;18080744.00
2012/08/02;3.23;3.34;3.23;3.28;1567825;17291406.00
2012/08/03;3.31;3.43;3.28;3.40;1512011;16987376.00
2012/08/06;3.34;3.50;3.32;3.48;2123425;24351218.00
2012/08/07;3.48;3.64;3.42;3.55;3269272;38468748.00
2012/08/08;3.53;3.58;3.45;3.50;1351446;15781112.00
2012/08/09;3.53;3.60;3.46;3.57;1979595;23370480.00
2012/08/10;3.58;3.58;3.48;3.52;1305813;15313133.00
2012/08/13;3.48;3.52;3.42;3.42;1393477;16093157.00
2012/08/14;3.41;3.51;3.34;3.50;1013010;11656106.00
2012/08/15;3.49;3.53;3.45;3.48;870609;10163424.00
2012/08/16;3.48;3.55;3.44;3.54;1534077;17950758.00
2012/08/17;3.51;3.65;3.50;3.57;2325456;27763634.00
2012/08/20;3.57;3.77;3.47;3.72;3746679;45016044.00
2012/08/21;3.74;3.83;3.63;3.81;5988780;74338128.00
2012/08/22;3.77;3.84;3.67;3.75;3726376;46146480.00
2012/08/23;3.64;3.76;3.63;3.71;2204950;26988852.00
2012/08/24;3.76;3.76;3.62;3.66;3469858;42600192.00
2012/08/27;3.68;3.68;3.38;3.49;3456330;40278008.00
2012/08/28;3.50;3.57;3.43;3.53;2674508;31419176.00
2012/08/29;3.55;3.60;3.48;3.55;2814999;33340902.00
2012/08/30;3.49;3.64;3.37;3.43;1846153;21408828.00
2012/08/31;3.43;3.47;3.38;3.42;1786580;20353432.00
2012/09/03;3.40;3.53;3.38;3.52;2377587;27707618.00
2012/09/04;3.48;3.59;3.48;3.55;2441821;28838444.00
2012/09/05;3.51;3.72;3.51;3.63;3586189;43144220.00
2012/09/06;3.63;3.67;3.52;3.61;2182100;26042104.00
2012/09/07;3.62;3.77;3.61;3.72;4150800;51102400.00
2012/09/10;3.72;3.84;3.70;3.73;3521439;43838212.00
2012/09/11;3.72;3.91;3.67;3.83;6608512;83589592.00
2012/09/12;3.81;3.89;3.74;3.84;4271167;53854112.00
2012/09/13;3.82;3.93;3.71;3.74;4035449;51216156.00
2012/09/14;3.77;3.86;3.64;3.74;2847894;35280468.00
2012/09/17;3.71;3.82;3.67;3.72;2356569;29122404.00
2012/09/18;3.76;3.83;3.71;3.81;3766219;47124292.00
2012/09/19;3.81;3.91;3.71;3.71;6650718;84104120.00
2012/09/20;3.76;3.76;3.42;3.42;4587767;54179736.00
2012/09/21;3.35;3.41;3.22;3.29;2274537;25275378.00
2012/09/24;3.34;3.34;3.24;3.31;868529;9631874.00
2012/09/25;3.31;3.34;3.14;3.18;1433875;15636325.00
2012/09/26;3.18;3.22;2.87;2.93;2844714;28842696.00
2012/09/27;2.97;3.03;2.91;2.99;1734923;17540816.00
2012/09/28;2.99;3.05;2.96;3.04;1438776;14722970.00
2012/10/08;3.04;3.19;3.02;3.11;1842736;19292928.00
2012/10/09;3.01;3.20;3.01;3.17;2700267;28625206.00
2012/10/10;3.17;3.21;3.13;3.21;1562605;16693907.00
2012/10/11;3.24;3.24;3.03;3.05;2150146;22675218.00
2012/10/12;3.06;3.11;2.94;3.02;2153021;22020314.00
2012/10/15;3.01;3.01;2.93;2.96;1461369;14655054.00
2012/10/16;2.98;3.02;2.94;3.00;1166252;11827508.00
2012/10/17;3.01;3.03;2.98;3.03;790912;8069714.50
2012/10/18;3.03;3.08;3.02;3.07;1400500;14510127.00
2012/10/19;3.06;3.20;3.04;3.14;2505198;26429980.00
2012/10/22;3.07;3.12;3.02;3.06;1507131;15644465.00
2012/10/23;3.05;3.09;3.00;3.01;1292321;13298260.00
2012/10/24;3.00;3.03;2.97;3.02;598382;6107627.50
2012/10/25;3.01;3.04;2.96;2.97;732572;7468792.50
2012/10/26;2.96;3.03;2.94;2.98;989415;9954632.00
2012/10/29;2.98;2.98;2.81;2.92;1103979;10985446.00
2012/10/30;2.91;2.95;2.87;2.93;642606;6392365.00
2012/10/31;2.93;2.95;2.89;2.90;582103;5765669.50
2012/11/01;2.91;3.06;2.89;3.03;1833640;18636214.00
2012/11/02;3.36;3.37;3.11;3.21;6486556;70975840.00
2012/11/05;3.14;3.57;3.14;3.57;11788417;136544000.00
2012/11/06;3.57;3.57;3.39;3.46;7891199;91871752.00
2012/11/07;3.47;3.69;3.39;3.53;8606299;102487776.00
2012/11/08;3.47;3.47;3.23;3.29;6138984;68317032.00
2012/11/09;3.27;3.29;3.15;3.24;3915460;42338080.00
2012/11/12;3.21;3.34;3.19;3.27;3485857;38295824.00
2012/11/13;3.25;3.27;3.14;3.15;2568916;27588756.00
2012/11/14;3.14;3.17;3.01;3.07;2534918;26227092.00
2012/11/15;3.04;3.05;2.93;2.95;1841805;18721898.00
2012/11/16;2.95;3.01;2.93;2.98;1102055;11115818.00
2012/11/19;2.99;2.99;2.88;2.98;1356378;13502325.00
2012/11/20;2.99;3.13;2.97;3.11;3448905;35948736.00
2012/11/21;3.06;3.13;3.01;3.12;2039775;21207734.00
2012/11/22;3.10;3.10;3.00;3.01;1559614;16014717.00
2012/11/23;3.00;3.04;2.95;2.96;1312741;13360276.00
2012/11/26;2.97;2.97;2.88;2.94;1512856;15021700.00
2012/11/27;2.88;2.93;2.77;2.78;1361365;13090796.00
2012/11/28;2.74;2.78;2.58;2.59;1412979;12895056.00
2012/11/29;2.59;2.64;2.47;2.47;997500;8845095.00
2012/11/30;2.47;2.66;2.47;2.57;1747839;15431764.00
2012/12/03;2.57;2.58;2.46;2.46;863600;7517980.50
2012/12/04;2.44;2.75;2.31;2.58;2077453;18074582.00
2012/12/05;2.55;2.84;2.54;2.74;2136211;19807296.00
2012/12/06;2.75;2.87;2.67;2.71;1569143;14791818.00
2012/12/07;2.78;2.78;2.69;2.76;1986734;18720200.00
2012/12/10;2.75;2.86;2.73;2.83;2883418;27763470.00
2012/12/11;2.84;2.97;2.80;2.81;3262218;32163342.00
2012/12/12;2.76;2.79;2.71;2.74;1766756;16603237.00
2012/12/13;2.73;2.78;2.69;2.69;1294383;12091698.00
2012/12/14;2.69;2.83;2.69;2.81;2685803;25658216.00
2012/12/17;2.82;2.87;2.78;2.84;2026754;19641194.00
2012/12/18;2.82;2.90;2.79;2.81;1914329;18575836.00
2012/12/19;2.81;2.87;2.79;2.84;1254898;12116951.00
2012/12/20;2.84;2.90;2.79;2.88;2492507;24293320.00
2012/12/21;2.89;2.90;2.83;2.87;2626667;25688680.00
2012/12/24;2.84;2.88;2.83;2.85;1463399;14251723.00
2012/12/25;2.85;2.96;2.83;2.94;3817029;37896212.00
2012/12/26;2.94;3.09;2.94;3.04;2867733;29359566.00
2012/12/27;3.04;3.06;2.97;2.97;2262802;23046108.00
2012/12/28;2.96;3.01;2.96;2.99;1363126;13811781.00
2012/12/31;3.02;3.14;2.99;3.10;3050191;31690084.00
2013/01/04;3.11;3.21;3.02;3.13;3293826;34671024.00
2013/01/07;3.13;3.14;3.06;3.14;1842686;19366434.00
2013/01/08;3.14;3.49;3.14;3.49;11738130;134252384.00
2013/01/09;3.74;3.88;3.70;3.88;15944976;202134080.00
2013/01/10;4.31;4.31;4.31;4.31;4086268;57616380.00
2013/01/11;4.78;4.78;4.78;4.78;10118202;156933312.00
2013/01/14;5.08;5.29;4.99;5.29;42475878;715773056.00
2013/01/15;5.33;5.61;5.27;5.50;36165380;630511488.00
2013/01/16;5.44;5.68;5.15;5.27;29042440;502794432.00
2013/01/17;5.22;5.26;4.77;4.90;27334137;439049152.00
2013/01/18;4.88;5.02;4.81;4.86;15418444;245141776.00
2013/01/21;4.80;4.96;4.80;4.85;12964846;204814096.00
2013/01/22;4.82;4.92;4.64;4.70;14886191;230463392.00
2013/01/23;4.73;5.03;4.69;4.96;23423921;370212928.00
2013/01/24;4.94;5.07;4.43;4.64;27108217;417108128.00
2013/01/25;4.57;4.57;4.44;4.47;12365987;181526432.00
2013/01/28;4.77;4.96;4.67;4.96;15878719;249128896.00
2013/01/29;5.14;5.47;5.07;5.20;35701856;601977984.00
2013/01/30;5.31;5.35;4.97;5.02;21019638;345267360.00
2013/01/31;4.90;5.02;4.61;4.77;17304237;268250800.00
2013/02/01;4.81;4.84;4.65;4.77;12089494;186199728.00
2013/02/04;4.80;4.82;4.58;4.76;10846644;166286944.00
2013/02/05;4.74;4.77;4.60;4.75;7260037;110910968.00
2013/02/06;5.00;5.07;4.77;4.79;14810330;236518736.00
2013/02/07;4.64;4.83;4.64;4.72;9028466;137772768.00
2013/02/08;4.77;4.79;4.68;4.73;7325566;112834064.00
2013/02/18;4.77;5.00;4.68;4.88;11510795;181661840.00
2013/02/19;4.87;5.13;4.83;4.99;14829945;239146560.00
2013/02/20;4.99;5.40;4.95;5.30;21592799;363349696.00
2013/02/21;5.27;5.35;5.11;5.16;14285540;240086224.00
2013/02/22;5.23;5.23;4.94;5.07;8870658;145859664.00
2013/02/25;5.06;5.16;4.98;5.10;8481429;139466736.00
2013/02/26;5.07;5.22;4.87;4.87;12168279;198439216.00
2013/02/27;4.94;5.34;4.91;5.18;19306617;321347040.00
2013/02/28;5.17;5.32;5.07;5.29;17884362;299560064.00
2013/03/01;5.27;5.84;5.16;5.61;27257021;480463616.00
2013/03/04;5.47;5.67;5.28;5.33;16230224;284664960.00
2013/03/05;5.37;5.62;5.21;5.53;14397603;251893008.00
2013/03/06;5.56;6.01;5.49;5.79;19473224;363593664.00
2013/03/07;5.87;6.12;5.61;5.79;17542201;329983296.00
2013/03/08;5.82;5.82;5.39;5.42;13268356;237232608.00
2013/03/11;5.44;5.64;5.40;5.42;10486634;186252160.00
2013/03/12;5.37;5.42;4.95;5.11;12798929;212995968.00
2013/03/13;5.11;5.19;4.98;5.11;7561024;124443392.00
2013/03/14;5.11;5.23;5.08;5.10;7593272;126494248.00
2013/03/15;5.05;5.30;5.00;5.19;9674466;161330128.00
2013/03/18;5.12;5.47;5.11;5.17;7743147;130940464.00
2013/03/19;5.16;5.24;4.77;4.83;10559341;168202656.00
2013/03/20;4.94;5.07;4.85;5.03;7732353;125219128.00
2013/03/21;5.10;5.26;5.04;5.22;8823414;147696352.00
2013/03/22;5.24;5.40;5.12;5.31;9991724;170064640.00
2013/03/25;5.37;5.42;5.18;5.24;6332518;107441552.00
2013/03/26;5.31;5.81;5.28;5.81;24870048;445662048.00
2013/03/27;5.90;5.90;5.60;5.73;23039433;423333472.00
2013/03/28;5.69;5.94;5.38;5.59;19366738;354351712.00
2013/03/29;5.61;5.90;5.54;5.60;16047644;295105920.00
2013/04/01;5.61;5.80;5.44;5.77;13075853;236284304.00
2013/04/02;5.81;5.86;5.54;5.60;11934056;217433664.00
2013/04/03;5.61;5.70;5.38;5.47;8020275;141965936.00
2013/04/08;5.37;5.56;5.17;5.50;9248275;159872768.00
2013/04/09;5.44;5.75;5.41;5.64;11581968;208860288.00
2013/04/10;5.59;5.69;5.48;5.55;7401208;132483024.00
2013/04/11;5.59;6.01;5.56;5.61;17649155;327588960.00
2013/04/12;5.47;5.50;5.21;5.27;12319426;211993152.00
2013/04/15;5.15;5.24;5.07;5.17;5388347;89500720.00
2013/04/16;5.04;5.32;5.04;5.30;4939220;83511064.00
2013/04/17;5.34;5.42;5.26;5.37;5804372;99852328.00
2013/04/18;5.31;5.54;5.29;5.41;6094265;106509760.00
2013/04/19;5.41;5.55;5.38;5.50;7828046;138370704.00
2013/04/22;5.41;5.77;5.40;5.73;10503570;190029088.00
2013/04/23;5.90;6.04;5.66;5.69;16731604;313433696.00
2013/04/24;5.54;5.85;5.27;5.81;16170510;291599392.00
2013/04/25;5.78;6.38;5.71;5.92;25994290;504499680.00
2013/04/26;5.86;5.99;5.58;5.59;13402632;248184464.00
2013/05/02;5.51;5.96;5.42;5.96;9640260;178516144.00
2013/05/03;5.97;6.46;5.87;6.25;20575012;405525440.00
2013/05/06;6.25;6.92;6.20;6.81;26309238;559151936.00
2013/05/07;6.77;6.89;6.55;6.69;17610156;375252928.00
2013/05/08;6.67;7.04;6.67;6.80;16396837;356127840.00
2013/05/09;6.72;7.51;6.64;7.43;22644693;507154016.00
2013/05/10;7.29;7.36;7.07;7.19;15283426;348359680.00
2013/05/13;7.18;7.32;7.11;7.13;9549811;217711568.00
2013/05/14;7.11;7.13;6.38;6.40;17004820;358779904.00
2013/05/15;6.41;6.73;6.40;6.64;10758701;225767072.00
2013/05/16;6.59;6.79;6.29;6.49;16933494;350506528.00
2013/05/17;6.44;6.62;6.40;6.52;10599818;220366032.00
2013/05/20;6.72;7.07;6.71;7.03;19648703;431311744.00
2013/05/21;7.04;7.27;6.87;7.23;15844676;355764896.00
2013/05/22;7.11;7.19;6.86;6.86;11796801;260659328.00
2013/05/23;6.86;7.00;6.71;6.73;8783082;190458272.00
2013/05/24;6.75;6.99;6.75;6.94;8113228;177810592.00
2013/05/27;6.91;7.09;6.81;6.93;7203224;157880976.00
2013/05/28;6.93;6.93;6.47;6.52;12153083;255400656.00
2013/05/29;6.52;6.63;6.50;6.57;4876689;101714840.00
2013/05/30;6.57;6.69;6.47;6.62;5326514;112110496.00
2013/05/31;6.67;6.86;6.58;6.64;8179076;173048016.00
2013/06/03;6.77;6.92;6.75;6.78;9701106;207661776.00
2013/06/04;6.67;6.77;6.24;6.42;7015920;143780304.00
2013/06/05;6.39;6.41;6.19;6.26;5684532;112237096.00
2013/06/06;6.11;6.23;5.97;6.04;6909278;132439224.00
2013/06/07;6.04;6.23;6.00;6.08;5210198;99861840.00
2013/06/13;5.94;5.94;5.45;5.72;5540719;99128592.00
2013/06/14;5.77;6.16;5.76;6.06;7701642;145643648.00
2013/06/17;6.06;6.28;5.94;6.14;6075901;117565152.00
2013/06/18;6.05;6.41;5.97;6.36;7672862;149661536.00
2013/06/19;6.27;6.35;6.13;6.23;4730259;92588376.00
2013/06/20;6.14;6.14;5.71;5.77;5732812;107301744.00
2013/06/21;5.58;5.81;5.42;5.74;4069026;72343752.00
2013/06/24;5.74;6.01;5.31;5.36;4866740;85593480.00
2013/06/25;5.34;5.50;4.79;5.44;6901047;114055616.00
2013/06/26;5.46;5.76;5.31;5.73;8226260;145861184.00
2013/06/27;5.76;5.79;5.47;5.50;6481732;115769208.00
2013/06/28;5.37;5.72;5.27;5.50;5119807;89790616.00
2013/07/01;5.54;5.76;5.46;5.71;5415441;96243784.00
2013/07/02;5.73;5.97;5.69;5.91;7622225;141258160.00
2013/07/03;5.90;6.19;5.82;6.17;11578959;221028352.00
2013/07/04;6.11;6.37;6.01;6.03;10403413;202272288.00
2013/07/05;6.01;6.41;5.95;6.22;13640615;268217200.00
2013/07/08;6.04;6.12;5.81;5.88;6993716;131152720.00
2013/07/09;5.81;6.32;5.81;6.31;10241573;197307456.00
2013/07/10;6.25;6.50;6.21;6.36;13427225;267660240.00
2013/07/11;6.34;6.49;6.24;6.45;11608639;232620448.00
2013/07/12;6.43;6.86;6.36;6.53;15563020;324201888.00
2013/07/15;6.66;6.93;6.61;6.89;17338347;367297920.00
2013/07/16;6.87;6.91;6.64;6.74;13294127;280610208.00
2013/07/17;6.67;7.06;6.67;6.82;14701806;316461824.00
2013/07/18;6.72;6.82;6.49;6.66;10751559;224397408.00
2013/07/19;6.65;7.09;6.59;6.70;19496016;421523936.00
2013/07/22;6.62;7.02;6.61;6.89;11724889;251667040.00
2013/07/23;6.91;7.24;6.91;7.20;18327055;406311200.00
2013/07/24;7.17;7.29;6.96;7.20;15564898;346756928.00
2013/07/25;7.24;7.30;6.54;6.63;15293186;328845568.00
2013/07/26;6.54;6.74;6.25;6.45;8804655;178884560.00
2013/07/29;6.51;6.53;6.27;6.27;5973360;119683720.00
2013/07/30;6.32;6.37;5.84;6.02;6727710;128139544.00
2013/07/31;6.05;6.20;6.05;6.07;5359120;102904680.00
2013/08/01;6.23;6.50;6.19;6.47;8541537;171244096.00
2013/08/02;6.44;6.69;6.37;6.64;9817278;200586464.00
2013/08/05;6.61;6.70;6.54;6.65;6799128;141278128.00
2013/08/06;6.64;7.03;6.63;6.92;14108160;304825280.00
2013/08/07;6.89;7.02;6.65;6.65;9917412;211072192.00
2013/08/08;6.53;6.87;6.53;6.79;7200128;151469552.00
2013/08/09;6.78;6.84;6.51;6.67;6741165;140688784.00
2013/08/12;6.62;6.72;6.43;6.58;6212298;127981072.00
2013/08/13;6.54;6.64;6.42;6.62;4926248;101444792.00
2013/08/14;6.77;7.32;6.76;7.09;24968942;556503424.00
2013/08/15;7.09;7.14;6.84;6.86;12824324;280519488.00
2013/08/16;6.82;6.89;6.44;6.47;11320921;237043888.00
2013/08/19;6.46;6.79;6.38;6.79;7639752;159469984.00
2013/08/20;6.80;6.96;6.76;6.96;9069850;195244592.00
2013/08/21;6.88;7.14;6.83;7.02;9810801;215574944.00
2013/08/22;6.84;7.20;6.84;7.05;12122006;266560960.00
2013/08/23;7.04;7.27;6.83;7.17;14378754;319024000.00
2013/08/26;7.18;7.29;7.07;7.21;11675165;262407376.00
2013/08/27;7.14;7.69;6.98;7.68;20517165;470172608.00
2013/08/28;7.51;7.65;7.31;7.41;14930469;349550208.00
2013/08/29;7.39;7.84;7.25;7.58;16231489;385674592.00
2013/08/30;7.57;7.58;6.85;6.89;15837809;354845312.00
2013/09/02;6.74;7.09;6.66;6.95;6589589;142446576.00
2013/09/03;6.97;7.07;6.81;7.01;6920129;150387616.00
2013/09/04;6.90;6.90;6.66;6.74;9633219;204076832.00
2013/09/05;6.75;6.99;6.73;6.96;8716313;188434720.00
2013/09/06;6.94;6.98;6.77;6.91;6640740;143227504.00
2013/09/09;6.98;7.33;6.98;7.13;10044570;224142928.00
2013/09/10;7.08;7.14;6.90;6.98;6876218;150066288.00
2013/09/11;6.98;6.98;6.67;6.69;6709345;141582832.00
2013/09/12;6.70;6.95;6.70;6.80;5168355;110755224.00
2013/09/13;6.72;6.89;6.62;6.83;4393341;93453880.00
2013/09/16;6.83;7.35;6.83;7.24;12517060;281317920.00
2013/09/17;7.37;7.99;7.37;7.99;29172099;714590592.00
2013/09/18;8.04;8.43;7.87;8.04;25435466;643170880.00
2013/09/23;8.37;8.87;8.24;8.62;24406793;654452928.00
2013/09/24;8.37;8.69;8.27;8.51;16943619;444425440.00
2013/09/25;8.42;8.55;8.29;8.37;12947314;337751168.00
2013/09/26;8.39;8.79;7.90;7.94;16284220;425366496.00
2013/09/27;7.93;8.30;7.93;8.18;8570713;217246992.00
2013/09/30;8.06;8.63;8.06;8.63;10595342;277609440.00
2013/10/08;8.63;9.24;8.42;9.15;15421868;422023040.00
2013/10/09;9.01;9.21;8.87;8.99;10655023;297350848.00
2013/10/10;8.97;9.54;8.71;8.83;15485247;440094720.00
2013/10/11;8.98;9.29;8.55;9.06;13211214;365979936.00
2013/10/14;9.04;9.22;8.71;9.22;11519234;319177088.00
2013/10/15;9.09;9.37;8.90;8.92;8186965;230641760.00
2013/10/16;8.90;8.90;8.04;8.41;11589061;305374976.00
2013/10/17;8.49;8.66;8.27;8.58;7555104;199355472.00
2013/10/18;9.04;9.47;8.97;9.47;25426748;730732160.00
2013/10/21;9.54;9.90;9.31;9.52;26430252;785169984.00
2013/10/22;9.31;9.40;8.54;8.54;27975528;767692992.00
2013/10/23;8.31;8.59;8.09;8.22;12749233;328215552.00
2013/10/24;8.24;8.47;7.97;8.26;7480278;191453792.00
2013/10/25;8.36;8.39;7.51;7.93;9018954;222235632.00
2013/10/28;7.94;7.96;7.64;7.88;5907333;143089792.00
2013/10/29;7.67;7.80;7.06;7.17;12805515;292353312.00
2013/10/30;7.21;7.39;7.04;7.29;6464975;146548352.00
2013/10/31;7.24;7.24;6.78;6.83;7575814;165028912.00
2013/11/01;6.84;6.87;6.47;6.71;7404558;154338112.00
2013/11/04;6.74;6.86;6.51;6.66;7234243;151478784.00
2013/11/05;6.71;6.97;6.51;6.95;6735602;143035280.00
2013/11/06;6.91;7.06;6.81;6.84;7419795;161158080.00
2013/11/07;6.84;6.86;6.61;6.67;4414742;92748392.00
2013/11/08;6.64;6.64;6.31;6.37;6288403;126879944.00
2013/11/11;6.39;6.53;6.31;6.44;3330263;67200504.00
2013/11/12;6.44;6.64;6.44;6.64;4563414;93852664.00
2013/11/13;6.63;6.63;6.34;6.37;4495740;91398984.00
2013/11/14;6.46;6.70;6.32;6.64;6010177;123220176.00
2013/11/15;6.67;7.17;6.61;6.94;9884259;213648096.00
2013/11/18;7.07;7.17;6.94;7.10;8995583;198538320.00
2013/11/19;7.08;7.14;6.93;7.01;6600933;144876560.00
2013/11/20;7.04;7.30;7.04;7.22;7242169;162187248.00
2013/11/21;7.22;7.44;7.11;7.39;9630766;218683232.00
2013/11/22;7.38;7.38;7.13;7.17;6259835;141181808.00
2013/11/25;7.21;7.28;7.07;7.11;4544241;102080048.00
2013/11/26;7.14;7.17;6.95;6.99;5054171;111105344.00
2013/11/27;7.03;7.26;6.94;7.25;7636626;170396000.00
2013/11/28;7.30;7.33;7.18;7.20;7226739;163300080.00
2013/11/29;7.24;7.42;7.17;7.37;8593104;196427088.00
2013/12/02;7.01;7.13;6.60;6.60;10978146;233495680.00
2013/12/03;6.41;6.77;6.27;6.74;5672059;115972920.00
2013/12/04;6.78;6.92;6.64;6.76;5156504;110157416.00
2013/12/05;6.77;6.95;6.73;6.75;4665681;99754592.00
2013/12/06;6.74;6.74;6.60;6.65;3522684;73320048.00
2013/12/09;6.74;6.77;6.64;6.76;2774812;58432324.00
2013/12/10;6.85;6.85;6.67;6.76;3154491;66760712.00
2013/12/11;6.73;6.73;6.63;6.69;2469223;51460376.00
2013/12/12;6.67;6.87;6.64;6.78;3902744;82938880.00
2013/12/13;6.74;6.79;6.67;6.73;2867328;60377668.00
2013/12/16;6.67;6.70;6.40;6.40;4508922;92353632.00
2013/12/17;6.34;6.44;6.34;6.41;2661996;53316212.00
2013/12/18;6.35;6.44;6.04;6.13;6487418;126239352.00
2013/12/19;6.15;6.18;6.06;6.09;2789427;53641772.00
2013/12/20;6.14;6.14;5.88;5.93;2992725;56220616.00
2013/12/23;5.96;5.99;5.70;5.84;2287710;41934636.00
2013/12/24;5.86;6.27;5.86;6.11;4836574;92860600.00
2013/12/25;6.14;6.26;6.07;6.22;3507892;68248224.00
2013/12/26;6.22;6.23;5.94;6.01;3260231;62220364.00
2013/12/27;6.05;6.43;5.97;6.37;5950579;116994344.00
2013/12/30;6.38;6.62;6.33;6.44;5554655;112994048.00
2013/12/31;6.37;6.43;6.27;6.37;2633752;52404572.00
2014/01/02;6.38;6.49;6.30;6.45;2467528;49832980.00
2014/01/03;6.40;6.61;6.35;6.56;5911928;120378360.00
2014/01/06;6.56;6.56;6.36;6.39;3275609;66052708.00
2014/01/07;6.31;6.43;6.27;6.39;2432313;48562220.00
2014/01/08;6.42;6.62;6.40;6.62;5654673;116191168.00
2014/01/09;6.55;6.77;6.45;6.45;5978554;124461656.00
2014/01/10;6.41;6.43;6.07;6.11;3944767;77702136.00
2014/01/13;6.12;6.29;6.02;6.13;2124573;41045316.00
2014/01/14;6.13;6.37;6.11;6.34;2708712;53317548.00
2014/01/15;6.34;6.54;6.32;6.52;4260447;86223504.00
2014/01/16;6.53;6.62;6.42;6.45;3392577;69155656.00
2014/01/17;6.44;6.54;6.41;6.50;2775473;56286500.00
2014/01/20;6.51;6.63;6.40;6.54;3667954;75194976.00
2014/01/21;6.51;6.89;6.51;6.83;8795132;185912848.00
2014/01/22;6.93;7.16;6.92;7.00;10119731;222624016.00
2014/01/23;7.04;7.24;7.01;7.13;9336234;207638256.00
2014/01/24;7.09;7.33;7.05;7.22;8996135;202631296.00
2014/01/27;7.22;7.33;7.11;7.14;8538229;192515520.00
2014/01/28;7.14;7.21;6.91;6.96;6965543;152570000.00
2014/01/29;6.98;7.52;6.91;7.46;10763160;245296416.00
2014/01/30;7.31;7.70;7.29;7.41;10418734;244186064.00
2014/02/07;7.39;7.87;7.28;7.82;9634332;229015408.00
2014/02/10;7.88;8.17;7.82;7.89;12448668;307893600.00
2014/02/11;7.93;8.12;7.68;7.86;9435311;232136432.00
2014/02/12;7.87;7.92;7.56;7.86;7559610;181674640.00
2014/02/13;7.77;8.10;7.72;7.81;9696805;239783856.00
2014/02/14;7.97;8.04;7.72;8.02;8752587;215534384.00
2014/02/17;8.02;8.30;8.01;8.23;10297669;262620128.00
2014/02/18;8.27;8.27;7.92;7.94;8782939;219829008.00
2014/02/19;7.94;8.00;7.69;7.76;8513815;206407296.00
2014/02/20;7.73;8.31;7.53;8.18;12687601;313962464.00
2014/02/21;8.24;8.27;7.87;7.94;7359827;184774224.00
2014/02/24;7.89;8.16;7.65;8.14;6105352;150343408.00
2014/02/25;8.07;8.34;7.45;7.62;11531089;286409024.00
2014/02/26;7.47;7.63;7.17;7.54;5857027;135443760.00
2014/02/27;7.54;7.76;7.21;7.22;6713881;156263200.00
2014/02/28;7.24;7.42;7.17;7.39;4208851;96112664.00
2014/03/03;7.35;7.69;7.30;7.67;4833554;114123552.00
2014/03/04;7.55;7.67;7.41;7.60;3950100;93056664.00
2014/03/05;7.63;7.87;7.57;7.80;5820606;140400800.00
2014/03/06;7.77;7.86;7.61;7.70;4721911;114134448.00
2014/03/07;7.70;7.81;7.37;7.42;6096676;143595312.00
2014/03/10;7.36;7.36;6.82;6.90;5681556;125366008.00
2014/03/11;6.91;6.99;6.78;6.85;2899645;62255692.00
2014/03/12;6.85;7.00;6.69;6.84;4046459;86833008.00
2014/03/13;6.85;7.00;6.84;6.95;2732866;59161328.00
2014/03/14;6.93;6.94;6.82;6.89;1971830;42381484.00
2014/03/17;6.90;7.08;6.84;7.07;3205146;70057080.00
2014/03/18;7.07;7.28;7.04;7.12;4160286;92904480.00
2014/03/19;7.09;7.17;7.05;7.16;2150789;47809916.00
2014/03/20;7.29;7.50;7.17;7.17;5918468;135590704.00
2014/03/21;7.01;7.14;6.63;7.07;4835304;104004056.00
2014/03/24;7.07;7.16;6.96;7.08;3283743;72607688.00
2014/03/25;7.07;7.12;6.98;7.07;2547243;56015068.00
2014/03/26;7.08;7.13;7.01;7.13;2078878;46058264.00
2014/03/27;7.11;7.14;6.80;6.81;3810249;82502176.00
2014/03/28;6.79;6.80;6.34;6.34;4982085;101548152.00
2014/03/31;6.34;6.44;6.15;6.37;1754225;34760528.00
2014/04/01;6.36;6.50;6.34;6.50;2371325;47790132.00
2014/04/02;6.49;6.56;6.34;6.46;1954008;39446588.00
2014/04/03;6.44;6.52;6.39;6.44;1541887;31252892.00
2014/04/04;6.41;6.46;6.31;6.41;2043687;40972380.00
2014/04/08;6.36;6.40;6.21;6.37;2890258;57233828.00
2014/04/09;6.37;6.60;6.37;6.54;3095310;63251704.00
2014/04/10;6.55;6.65;6.51;6.62;3021755;62390656.00
2014/04/11;6.59;6.59;6.47;6.53;1626322;33217696.00
2014/04/14;6.53;6.60;6.50;6.56;1668378;34320492.00
2014/04/15;6.54;6.56;6.40;6.43;2248228;45569352.00
2014/04/16;6.47;6.50;6.41;6.44;1574363;31854496.00
2014/04/17;6.45;6.49;6.40;6.41;2053420;41520548.00
2014/04/18;6.41;6.50;6.35;6.49;1780518;36014456.00
2014/04/21;6.46;6.47;6.35;6.38;2048002;41189068.00
2014/04/22;6.38;6.43;6.09;6.35;2292211;45222456.00
2014/04/23;6.29;6.40;6.24;6.26;1281387;25359048.00
2014/04/24;6.27;6.35;6.25;6.32;1176968;23284894.00
2014/04/25;6.33;6.33;6.11;6.21;1617599;31583238.00
2014/04/28;6.44;6.81;6.44;6.66;9608630;199305440.00
2014/04/29;6.61;6.80;6.47;6.78;6275236;130244520.00
2014/04/30;6.74;6.80;6.66;6.70;3952264;83040648.00
2014/05/05;6.67;6.77;6.64;6.73;2976292;62536708.00
2014/05/06;6.73;6.90;6.71;6.86;4650982;99267056.00
2014/05/07;6.84;6.84;6.59;6.62;3453382;72302616.00
2014/05/08;6.57;6.72;6.54;6.57;2157452;44888288.00
2014/05/09;6.58;6.63;6.33;6.38;2642384;53276192.00
2014/05/12;6.46;6.57;6.35;6.53;2646805;53749452.00
2014/05/13;6.51;6.68;6.47;6.63;3528018;73030072.00
2014/05/14;6.68;6.97;6.68;6.92;8522609;183374560.00
2014/05/15;6.85;6.91;6.72;6.73;3864738;82328744.00
2014/05/16;6.72;6.86;6.64;6.85;3260159;69211280.00
2014/05/19;6.85;7.08;6.83;6.98;6984476;152722096.00
2014/05/20;7.04;7.13;6.89;6.97;4354037;95526720.00
2014/05/21;6.91;6.97;6.81;6.95;3141836;67819136.00
2014/05/22;6.95;7.07;6.95;6.96;3538129;77462208.00
2014/05/23;7.01;7.26;6.97;7.23;7493815;167345632.00
2014/05/26;7.29;7.53;7.24;7.37;8515585;196363664.00
2014/05/27;7.34;7.47;7.30;7.39;5277331;121501776.00
2014/05/28;7.37;7.74;7.35;7.72;8815296;206461712.00
2014/05/29;7.70;7.79;7.47;7.47;7654105;180888304.00
2014/05/30;7.49;7.65;7.21;7.52;17696808;201319984.00
2014/06/03;7.43;7.61;7.25;7.29;11688977;133090320.00
2014/06/04;7.28;7.29;6.92;7.13;12401382;134518960.00
2014/06/05;7.09;7.37;7.01;7.30;9384301;104057696.00
2014/06/06;7.27;7.33;7.10;7.13;7668521;84714744.00
2014/06/09;7.09;7.23;7.00;7.03;6776551;73975288.00
2014/06/10;7.07;7.25;6.97;7.24;8698895;95593240.00
2014/06/11;7.21;7.61;7.17;7.53;18538909;212014448.00
2014/06/12;7.44;7.51;7.31;7.42;9358179;106438160.00
2014/06/13;7.42;7.64;7.35;7.53;12650139;146144336.00
2014/06/16;7.57;7.77;7.54;7.59;11915889;139583376.00
2014/06/17;7.54;7.57;7.38;7.41;8301127;94887744.00
2014/06/18;7.43;7.47;7.29;7.37;8188089;92373848.00
2014/06/19;7.40;7.40;6.92;6.96;9667337;105815488.00
2014/06/20;6.95;7.11;6.94;7.05;5615211;60466372.00
2014/06/23;7.06;7.24;7.06;7.23;6198109;68140520.00
2014/06/24;7.18;7.35;7.17;7.27;5420533;60516260.00
2014/06/25;7.31;7.32;7.05;7.11;6148786;67390744.00
2014/06/26;7.11;7.41;7.11;7.37;9175575;102894664.00
2014/06/27;7.39;7.39;7.28;7.32;8336710;93672224.00
2014/06/30;7.45;7.59;7.43;7.53;12460976;143342864.00
2014/07/01;7.51;7.52;7.37;7.47;9460996;107936912.00
2014/07/02;7.47;7.49;7.26;7.41;9633052;109159672.00
2014/07/03;7.40;8.17;7.32;7.89;25780151;306625120.00
2014/07/04;7.81;7.95;7.72;7.80;13909679;166773344.00
2014/07/07;7.80;8.16;7.80;8.00;18270044;223591296.00
2014/07/08;8.00;8.05;7.79;7.97;11057711;134286048.00
2014/07/09;8.01;8.01;7.61;7.65;16366865;195347248.00
2014/07/10;7.62;7.76;7.56;7.60;8123231;95362888.00
2014/07/11;7.59;7.77;7.57;7.73;6292234;74147112.00
2014/07/14;7.81;7.83;7.65;7.78;6526706;77283128.00
2014/07/15;7.79;7.81;7.56;7.62;7825876;91718176.00
2014/07/16;7.62;7.69;7.37;7.43;6659734;76669944.00
2014/07/17;7.42;7.49;7.36;7.44;4008853;45572460.00
2014/07/18;7.41;7.49;7.36;7.40;4555612;51837260.00
2014/07/21;7.41;7.45;7.20;7.26;5260835;58696984.00
2014/07/22;7.23;7.39;7.23;7.37;4777367;53666088.00
2014/07/23;7.37;7.37;7.17;7.21;5753032;63923276.00
2014/07/24;7.22;7.27;7.08;7.13;5324294;58505316.00
2014/07/25;7.14;7.26;7.13;7.22;4561770;50401768.00
2014/07/28;7.29;7.43;7.23;7.39;7124592;80314520.00
2014/07/29;7.40;7.53;7.40;7.46;8715515;99887184.00
2014/07/30;7.47;7.55;7.39;7.45;5805362;66352508.00
2014/07/31;7.46;7.57;7.37;7.57;8387102;96018072.00
2014/08/01;7.50;7.58;7.36;7.39;7203674;82315032.00
2014/08/04;7.38;7.48;7.37;7.47;4475644;51026852.00
2014/08/05;7.47;7.59;7.38;7.59;10658714;122698624.00
2014/08/06;7.56;7.56;7.47;7.53;7046540;81158392.00
2014/08/07;7.54;7.67;7.50;7.53;8785567;102020504.00
2014/08/08;7.52;7.69;7.51;7.65;10792275;126205296.00
2014/08/11;7.67;7.69;7.59;7.67;11576584;135559712.00
2014/08/12;7.66;7.89;7.62;7.86;19410383;231141520.00
2014/08/13;7.83;8.02;7.81;7.98;20031951;242525200.00
2014/08/14;7.96;8.11;7.93;8.03;21060227;259327664.00
2014/08/15;8.05;8.83;7.95;8.53;34727665;443706528.00
2014/08/18;8.53;8.84;8.37;8.83;33561778;442011424.00
2014/08/19;8.82;8.97;8.60;8.64;24413406;326443424.00
2014/08/20;8.58;8.68;8.42;8.45;15884660;207934752.00
2014/08/21;8.51;8.56;8.29;8.47;15844542;203306224.00
2014/08/22;8.54;8.89;8.45;8.64;22979308;305642912.00
2014/08/25;8.59;8.63;8.35;8.38;14725640;190357408.00
2014/08/26;8.31;8.36;8.03;8.07;12813110;160449952.00
2014/08/27;8.03;8.37;8.02;8.19;10085167;126893448.00
2014/08/28;8.23;8.23;7.99;8.05;7992859;98935200.00
2014/08/29;8.05;8.29;8.03;8.26;6167100;77064944.00
2014/09/01;8.25;8.47;8.21;8.42;9197641;117697688.00
2014/09/02;8.46;8.59;8.39;8.56;14760802;192031408.00
2014/09/03;8.57;8.73;8.37;8.65;22389468;294191616.00
2014/09/04;8.65;8.73;8.51;8.66;18399574;242922736.00
2014/09/05;8.67;8.70;8.54;8.60;11600832;152204256.00
2014/09/09;8.62;8.83;8.46;8.74;18730412;248580672.00
2014/09/10;8.71;8.89;8.57;8.80;18676774;249421072.00
2014/09/11;8.79;9.01;8.70;8.75;22535252;304262848.00
2014/09/12;8.71;8.83;8.64;8.78;11931738;159466080.00
2014/09/15;8.76;9.25;8.73;9.13;24845155;343507584.00
2014/09/16;9.10;9.11;8.54;8.56;21871088;295793440.00
2014/09/17;8.58;8.81;8.53;8.72;11371065;150512544.00
2014/09/18;8.66;8.81;8.64;8.73;7813562;103968264.00
2014/09/19;8.75;8.81;8.69;8.75;8775780;117300976.00
2014/09/22;8.71;8.79;8.51;8.55;9516623;124966160.00
2014/09/23;8.57;8.73;8.49;8.65;8120748;106879136.00
2014/09/24;8.63;8.87;8.58;8.83;11550164;154735440.00
2014/09/25;8.85;8.89;8.67;8.69;12156615;162982272.00
2014/09/26;8.67;8.79;8.64;8.77;7661081;102300208.00
2014/09/29;8.78;8.92;8.78;8.87;12125509;164174352.00
2014/09/30;8.90;9.17;8.84;9.10;20010048;275970624.00
2014/10/08;9.15;9.48;9.09;9.44;23191747;330871104.00
2014/10/09;9.48;9.51;9.10;9.28;19288266;273370464.00
2014/10/10;9.24;9.24;8.99;9.07;12736127;176863392.00
2014/10/13;9.07;9.41;9.04;9.40;15997003;225407648.00
2014/10/14;9.40;9.42;9.11;9.16;12494848;176330496.00
2014/10/15;9.16;9.21;8.92;9.11;9053552;125358072.00
2014/10/16;9.04;9.17;8.93;8.93;8884204;122645192.00
2014/10/17;8.83;8.95;8.45;8.63;13003284;171952128.00
2014/10/20;8.65;8.80;8.61;8.75;5904141;78768760.00
2014/10/21;8.75;8.83;8.62;8.66;5500944;73343784.00
2014/10/22;8.62;8.73;8.46;8.51;5272829;69348944.00
2014/10/23;8.47;8.56;8.17;8.30;7039184;89808192.00
2014/10/24;8.31;8.41;8.25;8.35;3885716;49561856.00
2014/10/27;8.29;8.63;8.27;8.56;5641823;73250752.00
2014/10/28;8.62;8.74;8.59;8.72;6118939;81200840.00
2014/10/29;8.72;8.81;8.61;8.68;9347461;124409800.00
2014/10/30;8.72;8.93;8.71;8.75;11113006;149565904.00
2014/10/31;8.71;8.80;8.54;8.63;9045812;119186056.00
2014/11/03;8.69;8.77;8.62;8.65;7280422;96569824.00
2014/11/04;8.65;8.74;8.57;8.60;7180326;94927072.00
2014/11/05;8.57;8.63;8.45;8.47;5618688;73053384.00
2014/11/06;8.48;8.60;8.46;8.55;5856735;76329488.00
2014/11/07;8.57;8.61;8.43;8.51;7229509;94321816.00
2014/11/10;8.49;8.54;8.34;8.52;7387275;95431128.00
2014/11/11;8.56;8.58;8.06;8.13;9845832;124673456.00
2014/11/12;8.09;8.20;8.01;8.19;5205927;64655380.00
2014/11/13;8.29;9.03;8.17;9.03;34829372;467406208.00
2014/11/14;9.16;9.57;9.04;9.35;59424583;844740096.00
2014/11/17;9.37;10.05;9.17;9.85;52976158;782700800.00
2014/11/18;9.72;9.99;9.61;9.75;33440247;499332192.00
2014/11/19;9.71;10.47;9.61;9.89;48912414;751771904.00
2014/11/20;9.74;9.91;9.46;9.65;31143797;458369504.00
2014/11/21;9.61;10.27;9.52;9.66;34023509;508644736.00
2014/11/24;9.64;10.55;9.48;10.49;46597725;703600960.00
2014/11/25;10.34;10.89;10.25;10.63;46990100;761800320.00
2014/11/26;10.50;11.14;10.37;10.53;38827416;633416896.00
2014/11/27;10.64;11.11;10.53;10.89;33415942;549112128.00
2014/11/28;10.83;10.92;10.44;10.49;32452645;524210496.00
2014/12/01;10.37;10.69;9.91;10.15;26950093;422495840.00
2014/12/02;10.13;10.34;10.05;10.21;18498146;287588608.00
2014/12/03;10.21;10.32;9.83;10.11;25738324;392670528.00
2014/12/04;10.23;10.69;10.23;10.61;35765221;573474048.00
2014/12/05;10.51;10.79;9.97;10.21;25875331;408790016.00
2014/12/08;9.98;10.35;9.71;10.17;24336785;370384160.00
2014/12/09;10.07;10.17;9.15;9.18;29024474;430994080.00
2014/12/10;9.17;9.75;9.17;9.64;15235326;220160144.00
2014/12/11;9.64;9.72;9.47;9.60;12867068;187586848.00
2014/12/12;9.61;9.94;9.60;9.89;15247943;228171520.00
2014/12/15;9.84;10.25;9.65;10.15;16527436;252326112.00
2014/12/16;10.14;10.31;9.91;9.97;13271607;203108640.00
2014/12/17;9.93;9.97;9.51;9.59;14191595;209472912.00
2014/12/18;9.62;9.81;9.54;9.59;8897209;130719368.00
2014/12/19;9.56;9.57;9.15;9.33;12342333;175431056.00
2014/12/22;9.31;9.31;8.38;8.79;15750591;210540592.00
2014/12/23;8.57;9.01;8.57;8.70;7315855;98469096.00
2014/12/24;8.73;8.95;8.73;8.82;6785384;91806600.00
2014/12/25;8.83;8.96;8.77;8.89;6488690;87733552.00
2014/12/26;8.89;8.93;8.64;8.76;7551724;100991152.00
2014/12/29;8.72;8.83;8.51;8.55;8562046;112636784.00
2014/12/30;8.58;8.81;8.58;8.63;7373572;97843336.00
2014/12/31;8.56;8.65;8.37;8.49;6672406;86220072.00
2015/01/05;8.44;8.79;8.14;8.79;11631993;150726336.00
2015/01/06;8.69;9.14;8.61;9.11;14171934;194124560.00
2015/01/07;9.01;9.15;8.89;8.94;8215990;112613240.00
2015/01/08;8.98;9.03;8.87;8.91;6022924;82307968.00
2015/01/09;8.90;9.04;8.77;8.77;6957777;94869496.00
2015/01/12;8.67;8.69;8.51;8.57;5896595;77465712.00
2015/01/13;8.59;9.16;8.55;9.15;13299988;181503776.00
2015/01/14;9.16;9.17;8.87;8.91;8567893;117749960.00
2015/01/15;8.93;9.11;8.91;8.99;7538078;103443264.00
2015/01/16;8.96;9.47;8.91;9.45;20261706;285940544.00
2015/01/19;9.21;9.76;8.98;9.61;28606895;415953600.00
2015/01/20;9.63;9.97;9.44;9.95;24446379;366675200.00
2015/01/21;9.95;10.07;9.76;9.89;21460704;322698464.00
2015/01/22;9.89;9.94;9.73;9.87;14901059;223248032.00
2015/01/23;9.87;10.01;9.56;9.59;19243525;287052320.00
2015/01/26;9.57;9.79;9.53;9.71;11866499;174893488.00
2015/01/27;9.85;10.29;9.82;10.23;30251315;463006816.00
2015/01/28;10.18;10.30;9.88;9.98;17182428;263633808.00
2015/01/29;9.94;9.94;9.65;9.70;10794711;160676768.00
2015/01/30;9.73;9.84;9.58;9.64;7472270;110781264.00
2015/02/02;9.63;10.03;9.57;9.97;12632178;190285232.00
2015/02/03;10.01;10.43;9.87;10.12;24580892;380578304.00
2015/02/04;10.13;10.32;10.05;10.16;18449834;285679232.00
2015/02/05;10.15;10.70;10.05;10.51;38372071;613261952.00
2015/02/06;10.43;10.63;9.94;10.01;20370766;318363552.00
2015/02/09;9.95;10.41;9.75;9.81;16338070;250596640.00
2015/02/10;9.77;10.81;9.57;10.81;26232184;412433632.00
2015/02/11;11.01;11.91;10.91;11.91;67862189;1198067072.00
2015/02/12;12.27;12.43;11.69;12.15;67232916;1232015488.00
2015/02/13;12.17;12.35;11.87;12.05;54430655;1001186496.00
2015/02/16;12.09;13.04;11.93;12.74;53252339;1005386112.00
2015/02/17;12.63;12.63;11.97;12.14;38926881;721598592.00
2015/02/25;12.17;12.31;11.79;11.86;22960515;420246560.00
2015/02/26;11.83;12.01;11.51;12.01;22868770;411054528.00
2015/02/27;11.92;12.56;11.77;12.41;32694708;607536448.00
2015/03/16;13.67;13.67;13.67;13.67;851292;17655796.00
2015/03/17;15.05;15.05;15.05;15.05;721490;16457187.00
2015/03/18;16.57;16.57;15.24;15.31;77401549;1841156736.00
2015/03/19;15.31;15.77;14.79;15.29;41651388;965510976.00
2015/03/20;15.47;16.65;15.17;15.99;47042423;1141254016.00
2015/03/23;15.96;17.19;15.76;16.83;49617589;1241690624.00
2015/03/24;16.91;17.83;16.24;17.21;48575893;1259424128.00
2015/03/25;17.11;17.57;16.65;16.85;31957451;825038656.00
2015/03/26;16.63;16.69;15.24;15.62;36210568;874004352.00
2015/03/27;15.45;16.23;15.39;16.05;16596624;398984864.00
2015/03/30;15.97;16.26;15.40;15.73;19643869;468304736.00
2015/03/31;15.75;17.13;15.53;16.81;29982236;740674240.00
2015/04/01;16.65;17.27;16.56;16.97;20822016;534318272.00
2015/04/02;17.17;17.47;16.59;17.04;25346440;651197056.00
2015/04/03;16.87;17.07;16.57;16.97;21480192;547938432.00
2015/04/07;17.17;18.31;17.17;18.03;27463980;745037568.00
2015/04/08;18.61;18.85;17.17;17.81;28977195;793638272.00
2015/04/09;17.76;18.37;16.71;18.13;25175039;660998464.00
2015/04/10;17.84;18.84;17.72;18.31;26152302;731262080.00
2015/04/13;18.29;18.48;17.63;17.99;21091278;573393280.00
2015/04/14;17.79;17.97;17.44;17.54;19150151;513249792.00
2015/04/15;17.57;17.63;16.34;16.47;20534025;524441600.00
2015/04/16;16.61;17.47;16.61;16.96;21104067;545192832.00
2015/04/17;16.96;17.17;16.69;16.79;16564509;420695296.00
2015/04/20;16.51;16.63;15.91;15.98;17970713;442891456.00
2015/04/21;16.01;16.81;16.01;16.67;14669056;365898208.00
2015/04/22;16.73;17.15;16.73;16.96;15052326;385434784.00
2015/04/23;16.96;17.80;16.86;17.61;24733031;654287680.00
2015/04/24;17.24;17.77;17.05;17.24;18899592;497158976.00
2015/04/27;17.64;17.80;17.11;17.25;14491921;380919840.00
2015/04/28;17.37;17.39;16.17;16.29;16762967;421230880.00
2015/04/29;15.85;16.74;15.78;16.41;9840297;243561552.00
2015/04/30;16.47;16.77;16.43;16.61;9948655;250073520.00
2015/05/04;16.62;16.76;16.34;16.57;9094691;226693856.00
2015/05/05;16.64;16.93;16.23;16.31;11091115;277713664.00
2015/05/06;16.33;17.06;15.76;16.01;18482068;307661760.00
2015/05/07;16.44;16.44;14.81;14.94;16621822;257836576.00
2015/05/08;15.11;16.35;15.07;16.32;28142361;445163744.00
2015/05/11;16.64;17.96;16.64;17.96;20243433;355824512.00
2015/05/12;19.76;19.76;18.56;18.71;74679620;1425293440.00
2015/05/13;18.66;20.59;17.96;20.59;98438109;1965246208.00
2015/05/14;20.96;22.46;20.25;21.49;69353388;1506410240.00
2015/05/15;20.97;21.03;19.81;20.42;47255348;970006848.00
2015/05/18;20.21;21.42;20.06;20.80;35995876;751412992.00
2015/05/19;20.66;20.88;19.86;20.71;41319723;842457408.00
2015/05/20;20.69;22.16;20.32;21.37;45129882;982368768.00
2015/05/21;21.56;22.16;21.36;21.69;45800230;995812288.00
2015/05/22;21.73;22.16;20.82;21.34;40113242;860997632.00
2015/05/25;21.34;21.59;20.54;21.38;36541748;772027648.00
2015/05/26;21.39;23.52;21.39;23.52;61695138;1403142656.00
2015/05/27;23.96;24.04;22.26;23.00;56769856;1313515264.00
2015/05/28;23.04;24.46;21.31;21.76;54522713;1274515968.00
2015/05/29;21.57;23.29;20.39;22.69;41057807;917245056.00
2015/06/01;22.76;24.34;22.74;23.96;44140563;1033177216.00
2015/06/02;24.52;24.59;23.52;24.26;45724417;1099307264.00
2015/06/03;24.12;26.69;23.47;26.69;55778220;1399324160.00
2015/06/04;27.96;29.36;25.94;29.36;71312154;2007967360.00
2015/06/05;31.56;32.24;28.96;29.69;69264348;2129585792.00
2015/06/08;29.27;30.15;26.93;27.76;52758347;1498444416.00
2015/06/09;27.67;29.26;26.96;27.70;34298459;970232896.00
2015/06/10;27.76;29.26;26.96;28.55;30048649;858554368.00
2015/06/11;28.41;28.41;26.99;27.74;40552164;1118266368.00
2015/06/12;27.64;28.13;27.01;27.58;32701842;898632768.00
2015/06/15;27.27;27.55;25.51;25.56;44266640;1161049088.00
2015/06/16;25.26;25.55;23.46;24.93;30669273;753312576.00
2015/06/17;24.93;25.91;23.59;25.80;27082114;672893952.00
2015/06/18;25.66;25.82;23.77;24.76;26308432;653392192.00
2015/06/19;23.97;24.76;22.56;22.56;18739020;448174624.00
2015/06/23;22.57;23.56;20.30;22.74;29666896;656002176.00
2015/06/24;22.97;23.46;22.53;23.05;23146011;534748832.00
2015/06/25;22.96;23.15;20.98;22.55;25612960;574882240.00
2015/06/26;21.66;22.26;20.29;20.36;28591585;598924352.00
2015/06/29;21.23;21.23;18.32;18.46;25427451;485376800.00
2015/06/30;17.76;19.56;16.61;19.41;33649738;607216640.00
2015/07/01;19.14;19.76;17.47;17.47;25737904;487717760.00
2015/07/02;17.56;17.76;15.72;15.72;23866573;386720992.00
2015/07/03;14.46;15.86;14.14;14.14;25677411;373488928.00
2015/07/06;15.55;15.55;12.72;12.72;38033250;512309088.00
2015/07/07;11.71;11.96;11.44;11.44;17109574;197024464.00
2015/07/08;10.29;10.76;10.29;10.29;68538667;709756736.00
2015/07/09;9.76;11.32;9.76;11.32;33359305;368818816.00
2015/07/10;11.95;12.46;11.84;12.46;11258659;137596112.00
2015/07/13;13.71;13.71;13.71;13.71;4024388;55335336.00
2015/07/14;15.08;15.09;14.46;15.09;85021915;1277181568.00
2015/07/15;14.96;14.96;13.58;13.58;49915335;701329664.00
2015/07/16;12.96;14.76;12.39;14.12;37845317;524064800.00
2015/07/17;14.21;15.54;13.96;15.48;43290327;651317632.00
2015/07/20;15.55;16.55;15.18;16.06;43239606;688688960.00
2015/07/21;15.70;16.51;15.34;16.13;35266579;566150528.00
2015/07/22;15.97;16.34;15.47;16.13;30041813;481708320.00
2015/07/23;16.40;17.32;15.97;16.83;42863756;713304128.00
2015/07/24;16.71;17.16;15.86;16.11;36295195;608112704.00
2015/07/27;15.89;16.02;14.50;14.50;35857198;553848704.00
2015/07/28;13.24;14.52;13.05;13.06;35854389;481297472.00
2015/07/29;13.58;14.24;12.46;14.14;29734064;397424896.00
2015/07/30;14.14;14.88;13.71;13.76;30406987;437695264.00
2015/08/20;15.14;15.14;14.45;15.14;38433395;582360000.00
2015/08/21;14.67;14.95;13.62;13.62;48779918;688369408.00
2015/08/24;12.26;12.76;12.25;12.25;9726900;119841208.00
2015/08/25;11.02;11.03;11.02;11.02;8470700;93686008.00
2015/08/26;11.22;11.22;9.91;9.91;43285247;450424256.00
2015/08/27;10.01;10.54;8.96;10.52;35897787;356426880.00
2015/08/28;10.58;11.45;10.31;11.35;32670430;354066656.00
2015/08/31;11.12;11.15;10.26;10.28;24583704;263544944.00
2015/09/01;9.96;10.11;9.25;9.96;26419517;254884416.00
2015/09/02;9.31;10.55;9.26;9.64;19497576;195716512.00
2015/09/07;9.96;10.56;9.94;10.05;19867987;203479568.00
2015/09/08;9.89;11.03;9.79;11.01;20534144;214118256.00
2015/09/09;11.02;11.62;10.95;11.42;30543743;347167520.00
2015/09/10;11.46;11.95;11.26;11.51;29582264;347233216.00
2015/09/11;11.37;12.04;11.29;11.80;23612156;278060224.00
2015/09/14;11.86;12.02;10.62;10.62;24774705;277579456.00
2015/09/15;9.96;10.41;9.55;9.98;20528920;203363888.00
2015/09/16;10.07;10.98;10.07;10.98;21061487;222660592.00
2015/09/17;11.19;11.77;10.96;10.96;30232754;345544352.00
2015/09/18;10.98;11.48;10.69;11.26;17994398;200156320.00
2015/09/21;11.08;12.06;11.01;12.00;25407971;297230048.00
2015/09/22;11.95;12.06;11.47;11.72;24562487;290122464.00
2015/09/23;11.47;11.76;11.31;11.51;19631799;226556912.00
2015/09/24;11.58;11.85;11.46;11.62;17160932;200373424.00
2015/09/25;11.66;12.02;10.99;11.07;23274578;269827104.00
2015/09/28;11.15;11.56;10.42;11.41;17858784;198179984.00
2015/09/29;11.04;11.19;10.76;10.82;13796669;152081904.00
2015/09/30;10.96;11.04;10.58;10.83;11060591;120387640.00
2015/10/08;11.31;11.92;11.21;11.92;18270702;214347056.00
2015/10/09;12.16;12.36;11.88;12.21;28950705;352669088.00
2015/10/12;12.22;13.09;12.11;12.72;35367258;449915808.00
2015/10/13;12.66;13.36;12.51;13.03;34544371;446850912.00
2015/10/14;12.97;13.08;12.56;12.61;23072141;295179680.00
2015/10/15;12.52;13.76;12.52;13.64;39356489;523588192.00
2015/10/16;13.64;13.90;13.36;13.82;35551309;486205120.00
2015/10/19;13.91;14.62;13.45;14.56;47068798;654724800.00
2015/10/20;14.26;15.11;14.00;14.85;44324453;647475648.00
2015/10/21;14.65;14.91;13.36;13.36;43276269;609345344.00
2015/10/22;13.30;13.93;13.16;13.84;32447091;443262048.00
2015/10/23;13.96;14.41;13.69;14.21;37250419;524056448.00
2015/10/26;14.36;14.71;13.78;14.44;38965332;559069184.00
2015/10/27;14.16;14.60;13.37;14.40;31131040;439177440.00
2015/10/28;14.14;14.57;13.76;13.85;25763580;367255360.00
2015/10/29;13.95;14.24;13.76;14.05;23078283;324814368.00
2015/10/30;13.91;14.94;13.57;14.23;28844951;412194368.00
2015/11/02;13.65;14.27;13.47;13.66;21606987;300400512.00
2015/11/03;13.82;14.20;13.63;13.88;21009112;293013056.00
2015/11/04;14.04;15.27;14.02;15.27;56213002;837436608.00
2015/11/05;15.32;15.64;14.79;15.16;56804858;867771712.00
2015/11/06;15.17;15.78;15.17;15.66;41153380;641954368.00
2015/11/09;15.76;16.66;15.66;16.18;59665011;970059264.00
2015/11/10;16.12;16.41;15.81;15.99;33706992;542489856.00
2015/11/11;15.85;17.14;15.78;16.82;41446858;687430528.00
2015/11/12;16.83;16.92;16.18;16.45;33254505;549040832.00
2015/11/13;16.31;16.34;14.98;15.46;34670334;549066368.00
2015/11/16;15.03;16.15;14.97;16.06;26718156;420134656.00
2015/11/17;16.18;16.45;15.57;15.64;32694046;525573344.00
2015/11/18;15.66;16.45;15.16;15.64;37410813;592350656.00
2015/11/19;15.33;15.96;15.31;15.92;30828279;484321536.00
2015/11/20;15.95;16.09;15.46;15.96;35757592;567571776.00
2015/11/23;15.96;16.64;15.71;16.00;37073730;603013248.00
2015/11/24;16.21;16.39;15.55;16.29;26834577;430681440.00
2015/11/25;16.26;17.92;16.11;17.92;60989843;1055606784.00
2015/11/26;18.26;18.41;17.14;17.21;59193228;1043374272.00
2015/11/27;17.01;17.50;15.49;15.49;43760313;725786944.00
2015/11/30;15.56;15.86;14.31;15.73;31520985;483540320.00
2015/12/01;15.56;15.82;15.29;15.45;20356911;316336160.00
2015/12/02;15.45;15.56;13.96;14.84;22514361;333472288.00
2015/12/03;14.79;15.35;14.79;15.27;16287356;247497584.00
2015/12/04;15.26;15.87;15.08;15.44;26742802;415920864.00
2015/12/07;15.63;15.85;15.40;15.62;18236118;285550880.00
2015/12/08;15.52;15.52;14.76;14.96;18519947;279425984.00
2015/12/09;14.86;16.46;14.80;16.46;54788046;875527168.00
2015/12/10;16.29;17.49;16.19;16.71;57729742;979604480.00
2015/12/11;16.65;17.24;16.44;17.16;38196075;649373952.00
2015/12/14;17.22;17.61;16.55;17.08;29795108;506964928.00
2015/12/15;17.13;18.79;16.87;18.11;63999269;1154639232.00
2015/12/16;17.94;19.54;17.84;18.81;61841541;1165736960.00
2015/12/17;18.96;19.24;18.51;19.01;47234957;892850944.00
2015/12/18;19.00;19.14;18.27;18.46;30443564;567747456.00
2015/12/21;18.49;18.56;17.87;18.19;28579366;519554432.00
2015/12/22;18.25;18.94;18.01;18.81;31780986;589594624.00
2015/12/23;18.76;19.41;17.97;18.10;29773532;556511424.00
2015/12/24;17.92;19.08;17.29;18.89;37208021;679790464.00
2015/12/25;18.89;20.78;18.89;20.78;32990971;666155136.00
2015/12/28;21.66;22.46;21.04;21.06;79255636;1727438592.00
2015/12/29;21.16;23.17;21.15;22.83;60099897;1341426816.00
2015/12/30;22.04;23.13;21.97;22.58;53259335;1206876160.00
2015/12/31;22.46;23.26;20.62;20.95;43436963;951766848.00
2016/01/04;20.86;21.46;18.85;18.85;32328759;648399296.00
2016/01/05;17.56;19.25;17.27;19.07;47625746;874316608.00
2016/01/06;18.97;19.63;18.28;19.46;37309229;711281280.00
2016/01/07;18.87;18.87;17.51;17.51;8609800;154563872.00
2016/01/08;17.71;18.01;16.06;16.68;40676419;693884992.00
2016/01/11;15.96;15.96;15.01;15.01;25245259;389203968.00
2016/01/12;14.64;15.26;13.83;14.49;29407149;428969760.00
2016/01/13;14.63;15.15;13.18;13.56;34642314;496055648.00
2016/01/14;12.56;14.47;12.56;14.19;28347442;387118912.00
2016/01/15;14.15;14.58;13.47;13.76;24144602;341548736.00
2016/01/18;13.51;14.83;13.39;14.43;26231794;377060608.00
2016/01/19;14.46;15.35;14.09;15.09;27985481;414687872.00
2016/01/20;14.94;15.24;14.43;14.64;26397533;391404064.00
2016/01/21;14.26;15.06;13.74;13.77;24883177;359022112.00
2016/01/22;13.91;14.36;13.53;14.36;23432286;327528064.00
2016/01/25;14.56;14.65;13.93;14.27;18622323;268293232.00
2016/01/26;13.99;14.13;12.96;13.52;25138847;345406336.00
2016/01/27;13.54;13.75;12.18;12.77;26169530;333291968.00
2016/01/28;12.51;13.01;12.14;12.48;17618436;222725232.00
2016/01/29;12.37;13.53;12.27;13.12;24862374;321892320.00
2016/02/01;12.98;13.04;12.25;12.71;20884542;264812832.00
2016/02/02;12.71;13.58;12.71;13.30;18751683;249943728.00
2016/02/03;13.07;13.51;12.78;13.30;15364828;201177184.00
2016/02/04;13.30;13.82;13.25;13.58;19426503;265422928.00
2016/02/05;13.58;13.76;13.19;13.24;10136741;136231088.00
2016/02/15;12.48;13.42;12.38;13.12;13600738;178361408.00
2016/02/16;13.21;14.03;13.21;13.90;17729663;243830880.00
2016/02/17;13.92;14.25;13.59;14.08;22018086;308239584.00
2016/02/18;14.28;14.32;13.77;13.86;18174935;254369104.00
2016/02/19;13.84;14.16;13.65;14.09;20374840;284831616.00
2016/02/22;14.26;14.36;14.03;14.28;24251809;345162016.00
2016/02/23;14.32;14.72;13.91;14.18;21717897;311246816.00
2016/02/24;13.99;14.24;13.64;14.07;16596166;232195248.00
2016/02/25;13.97;14.04;12.66;12.66;23303521;306301792.00
2016/02/26;12.58;12.78;11.55;12.09;26237979;320414176.00
2016/02/29;12.08;12.08;10.88;10.88;19717344;220599136.00
2016/03/01;10.98;11.15;9.97;10.96;36901513;394981472.00
2016/03/02;10.75;11.83;10.66;11.66;29192000;328312576.00
2016/03/03;11.69;12.32;11.56;12.06;32576412;392565472.00
2016/03/04;11.96;12.01;10.96;11.07;26116002;299456960.00
2016/03/07;11.11;11.61;11.11;11.31;17093701;195307744.00
2016/03/08;11.34;11.40;10.49;11.37;21277713;235055200.00
2016/03/09;11.04;11.37;10.54;11.06;13316757;147780096.00
2016/03/10;11.06;11.45;10.86;10.91;15928647;178312864.00
2016/03/11;10.84;11.29;10.67;11.21;15124663;167081152.00
2016/03/14;11.36;12.02;11.34;11.73;23268747;273593600.00
2016/03/15;11.73;11.75;11.36;11.41;15367337;177390640.00
2016/03/16;11.56;11.60;11.02;11.20;13746332;155948384.00
2016/03/17;11.26;11.91;11.21;11.76;24173713;282167456.00
2016/03/18;11.78;12.55;11.74;12.40;33668071;412519712.00
2016/03/21;12.62;13.05;12.44;12.85;35559274;454669472.00
2016/03/22;12.62;13.09;12.48;12.85;30091257;386667232.00
2016/03/23;12.75;13.61;12.66;13.34;36044879;480468192.00
2016/03/24;12.96;13.29;12.82;12.82;27839902;363615264.00
2016/03/25;12.74;12.91;12.54;12.86;18301453;233723200.00
2016/03/28;13.06;13.29;12.62;12.73;21579223;281214656.00
2016/03/29;12.73;12.81;12.06;12.18;21417864;264918864.00
2016/03/30;12.38;12.90;12.32;12.83;23002061;290397120.00
2016/03/31;13.14;13.21;12.86;12.92;28544851;373176736.00
2016/04/01;12.92;13.12;12.57;12.95;21499380;277011296.00
2016/04/05;12.87;13.74;12.84;13.52;32345137;433162048.00
2016/04/06;13.45;13.68;13.22;13.56;30055912;406648064.00
2016/04/07;13.72;13.72;13.14;13.16;27603605;368792480.00
2016/04/08;12.86;13.05;12.70;12.93;18451445;238214864.00
2016/04/11;13.12;13.52;13.03;13.29;21427865;286509952.00
2016/04/12;13.26;14.62;13.18;14.62;56117964;782512640.00
2016/04/13;14.66;15.64;14.44;14.88;80968811;1218363904.00
2016/04/14;15.46;15.86;14.96;15.29;57744368;890384896.00
2016/04/15;15.48;16.37;15.17;15.98;61975997;973713600.00
2016/04/18;15.64;15.77;14.83;15.07;46226009;707257472.00
2016/04/19;15.28;15.61;15.06;15.22;31177185;478346720.00
2016/04/20;15.23;15.31;13.72;14.05;47470269;686841344.00
2016/04/21;14.06;14.54;13.76;14.12;34138104;486811040.00
2016/04/22;14.13;14.75;13.97;14.43;39503707;572615808.00
2016/04/25;14.01;14.16;13.43;14.01;31102247;429474496.00
2016/04/26;13.84;14.46;13.78;14.33;26516820;377373856.00
2016/04/27;14.30;14.61;14.14;14.25;27397649;395276640.00
2016/04/28;14.15;14.26;13.61;14.10;25369363;353915360.00
2016/04/29;13.91;14.13;13.80;13.89;14727178;206210576.00
2016/05/03;13.94;14.96;13.89;14.84;33867343;491222400.00
2016/05/04;14.66;14.91;14.57;14.66;29882974;441727936.00
2016/05/05;14.58;15.04;14.58;15.02;28446127;423299584.00
2016/05/06;14.91;15.31;14.31;14.31;35669634;527624480.00
2016/05/09;14.01;14.03;13.18;13.39;26355151;356855616.00
2016/05/10;13.39;13.52;13.25;13.42;13747987;184631616.00
2016/05/11;13.54;13.56;12.76;12.78;24397811;320149792.00
2016/05/12;12.47;12.55;12.03;12.51;17966573;221571600.00
2016/05/13;12.44;12.76;12.26;12.40;13418972;168510048.00
2016/05/16;12.40;12.76;12.27;12.72;12045489;152205936.00
2016/05/17;12.72;13.05;12.46;12.75;17655631;225553360.00
2016/05/18;12.56;12.60;12.01;12.12;14418341;177657488.00
2016/05/19;12.16;12.86;12.16;12.44;17826176;224810784.00
2016/05/20;12.24;12.76;12.17;12.74;14590936;183257008.00
2016/05/23;12.83;13.00;12.71;12.86;15083107;194434544.00
2016/05/24;12.79;12.88;12.50;12.81;14012868;177934320.00
2016/05/25;13.08;14.10;13.08;13.85;65303563;905899904.00
2016/05/26;13.50;13.73;13.02;13.64;45207314;605327488.00
2016/05/27;13.51;13.89;13.41;13.55;29237399;400301408.00
2016/05/30;13.37;13.70;13.11;13.36;18157853;244618384.00
2016/05/31;13.38;14.20;13.38;14.17;39012143;543907712.00
2016/06/01;14.14;14.50;14.02;14.20;38466867;548806400.00
2016/06/02;14.20;14.65;14.12;14.58;32504178;468710720.00
2016/06/03;14.50;14.56;14.17;14.26;31393395;450455808.00
2016/06/06;14.39;14.43;13.98;14.20;20665738;293548928.00
2016/06/07;14.18;14.84;14.12;14.61;35179557;510669568.00
2016/06/08;14.49;14.60;14.13;14.34;22206341;318193984.00
2016/06/13;14.10;14.10;13.25;13.27;24660997;339715776.00
2016/06/14;13.27;13.42;13.04;13.30;13515277;178963920.00
2016/06/15;13.05;13.98;13.03;13.86;20931475;286984896.00
2016/06/16;13.75;14.25;13.75;14.00;22041439;308917024.00
2016/06/17;14.05;14.43;13.80;13.91;19894408;280990624.00
2016/06/20;13.98;14.60;13.78;14.57;30380753;434771104.00
2016/06/21;14.59;15.06;14.35;14.86;53760131;791542784.00
2016/06/22;14.99;14.99;14.39;14.92;43019662;632972608.00
2016/06/23;14.78;14.94;14.57;14.70;26157145;385416416.00
2016/06/24;14.77;14.94;13.82;14.47;31921203;464460448.00
2016/06/27;14.36;15.20;14.31;15.08;37385685;556454144.00
2016/06/28;15.03;15.11;14.78;15.09;31428742;470545728.00
2016/06/29;15.09;15.17;14.76;14.85;24724126;368480000.00
2016/06/30;14.97;15.83;14.90;15.41;64081665;990146752.00
2016/07/01;15.41;15.43;15.06;15.16;31514204;479464640.00
2016/07/04;15.00;15.60;14.93;15.35;29003639;443208064.00
2016/07/05;15.31;15.55;15.10;15.30;24981825;381826880.00
2016/07/06;15.30;15.67;15.22;15.35;31547003;487393440.00
2016/07/07;15.17;15.31;14.82;15.10;29871540;450164352.00
2016/07/08;15.10;15.17;14.83;15.00;18608160;279285504.00
2016/07/11;15.06;15.15;14.85;14.90;18426357;276805344.00
2016/07/12;14.93;15.06;14.50;15.03;22879368;339089984.00
2016/07/13;15.07;15.46;14.92;15.37;30473516;464586624.00
2016/07/14;15.30;15.45;15.14;15.40;22304086;341192736.00
2016/07/15;15.50;15.55;15.10;15.17;19079665;290855200.00
2016/07/18;15.11;15.46;14.90;15.36;21879481;332887104.00
2016/07/19;15.30;15.89;15.19;15.80;41494919;647315072.00
2016/07/20;15.77;15.86;15.43;15.43;30157584;469932480.00
2016/07/21;15.41;15.59;15.26;15.34;21145216;326048480.00
2016/07/22;15.33;15.60;15.21;15.41;19993888;308231072.00
2016/07/25;15.35;15.82;15.21;15.80;33410653;521348000.00
2016/07/26;15.70;15.82;15.56;15.79;24357310;382604224.00
2016/07/27;15.77;16.13;14.48;14.80;45687859;699666240.00
2016/07/28;14.80;14.90;13.97;14.41;27639791;399004864.00
2016/07/29;14.41;14.52;14.10;14.13;14471068;206524944.00
2016/08/01;14.11;14.18;13.50;13.77;15987868;219412992.00
2016/08/02;13.80;13.96;13.74;13.95;10748554;149026784.00
2016/08/03;13.85;13.94;13.72;13.83;10460920;144718240.00
2016/08/04;13.85;14.12;13.85;14.05;13163665;184430224.00
2016/08/05;14.01;14.08;13.84;13.87;9104143;126994064.00
2016/08/08;13.80;14.07;13.67;14.06;9343938;129902104.00
2016/08/09;14.06;14.23;14.00;14.22;11294806;159529504.00
2016/08/10;14.22;14.26;14.05;14.08;10806147;152561184.00
2016/08/11;14.08;14.08;13.80;13.82;9528544;132483376.00
2016/08/12;13.82;13.99;13.68;13.92;9729313;134420880.00
2016/08/15;13.92;14.34;13.80;14.26;17351339;245423776.00
2016/08/16;14.20;14.48;14.17;14.25;14689765;210567728.00
2016/08/17;14.25;14.43;14.20;14.32;10967841;156911072.00
2016/08/18;14.31;14.37;14.18;14.26;10296981;146965696.00
2016/08/19;14.24;14.39;14.16;14.34;11231343;160187648.00
2016/08/22;14.29;14.29;13.83;13.85;17500214;244810240.00
2016/08/23;13.83;14.01;13.77;13.86;8245311;114590264.00
2016/08/24;13.87;14.04;13.87;13.91;8795210;122624320.00
2016/08/25;13.78;13.78;13.47;13.65;12991485;176435776.00
2016/08/26;13.69;13.84;13.62;13.64;8349834;114633056.00
2016/08/29;13.65;13.74;13.62;13.70;6094516;83278656.00
2016/08/30;13.72;13.85;13.70;13.79;6655237;91667800.00
2016/08/31;13.83;13.84;13.56;13.68;6624527;90501904.00
2016/09/01;13.77;13.81;13.63;13.63;6310597;86432680.00
2016/09/02;13.60;13.68;13.16;13.34;9357121;125692264.00
2016/09/05;13.46;13.47;13.31;13.34;5612116;75150360.00
2016/09/06;13.34;13.75;13.23;13.73;11360795;153812640.00
2016/09/07;13.73;13.78;13.61;13.62;8093006;110897368.00
2016/09/08;13.65;13.72;13.44;13.59;7191681;97820984.00
2016/09/09;13.60;13.67;13.50;13.54;6406476;87023512.00
2016/09/12;13.26;13.38;13.00;13.00;10157642;133830064.00
2016/09/13;13.12;13.17;12.92;12.99;6826576;88818264.00
2016/09/14;12.90;13.05;12.87;12.93;4652611;60195440.00
2016/09/19;12.96;13.22;12.96;13.18;5444672;71578800.00
2016/09/20;13.15;13.23;13.00;13.05;5203082;68151952.00
2016/09/21;13.07;13.16;13.05;13.09;3950869;51775644.00
2016/09/22;13.22;13.27;13.08;13.12;5015162;66005044.00
2016/09/23;13.12;13.15;13.03;13.06;4895131;64037520.00
2016/09/26;13.03;13.10;12.68;12.71;6710767;86346256.00
2016/09/27;12.70;12.89;12.60;12.88;5065529;64562892.00
2016/09/28;12.96;12.96;12.72;12.88;3475339;44654732.00
2016/09/29;12.86;13.04;12.86;12.88;5514635;71479264.00
2016/09/30;12.84;12.99;12.80;12.92;5175645;66788964.00
2016/10/10;13.02;13.56;13.02;13.50;14330620;191717056.00
2016/10/11;13.49;13.55;13.40;13.46;10467208;140934784.00
2016/10/12;13.45;13.55;13.36;13.48;6616120;89021176.00
2016/10/13;13.49;13.53;13.34;13.40;6204087;83128336.00
2016/10/14;13.40;13.41;13.24;13.38;5178382;68981704.00
2016/10/17;13.39;13.79;13.31;13.67;23282878;317366784.00
2016/10/18;13.67;13.68;13.40;13.66;13969750;189351360.00
2016/10/19;13.63;13.74;13.45;13.49;9951453;135001136.00
2016/10/20;13.44;13.60;13.44;13.49;8351431;112847744.00
2016/10/21;13.45;13.52;13.28;13.37;7584084;101455864.00
2016/10/24;13.40;13.51;13.32;13.42;6915728;92885992.00
2016/10/25;13.14;13.14;12.87;12.99;28193711;365450720.00
2016/10/26;12.92;12.93;12.78;12.91;12111083;155726880.00
2016/10/27;12.90;12.92;12.79;12.90;8190918;105236184.00
2016/10/28;12.88;12.94;12.76;12.78;9095439;116693792.00
2016/10/31;12.77;12.77;12.65;12.72;7923050;100594960.00
2016/11/01;12.72;12.82;12.72;12.81;8934357;114063088.00
2016/11/02;12.78;12.81;12.60;12.64;9436677;119618232.00
2016/11/03;12.60;12.76;12.54;12.69;8804594;111620944.00
2016/11/04;12.69;12.81;12.64;12.71;8993697;114640752.00
2016/11/07;12.74;12.77;12.60;12.65;5923318;75058344.00
2016/11/08;12.68;12.79;12.66;12.74;6514236;82886176.00
2016/11/09;12.71;12.80;12.34;12.52;9232484;116409888.00
2016/11/10;12.58;12.77;12.56;12.71;9334209;118148232.00
2016/11/11;12.70;12.74;12.61;12.69;7876988;99707504.00
2016/11/14;12.75;12.88;12.71;12.84;13431283;172292288.00
2016/11/15;12.88;12.92;12.75;12.90;11073676;141997520.00
2016/11/16;12.90;13.03;12.86;12.87;12323522;159386192.00
2016/11/17;12.86;12.86;12.62;12.67;8706100;110439200.00
数据来源:通达信
