002742 三圣股份 日线 前复权
      日期	    开盘	    最高	    最低	    收盘	    成交量	    成交额
2015/02/17;10.61;12.78;10.61;12.78;43600;1276585.00
2015/02/25;14.08;14.08;14.08;14.08;14700;474222.00
2015/02/26;15.52;15.52;15.52;15.52;10550;374419.50
2015/02/27;17.10;17.10;17.10;17.10;49950;1950048.00
2015/03/02;18.83;18.83;18.83;18.83;149650;6425971.00
2015/03/03;20.63;20.63;17.09;19.39;14119125;610102016.00
2015/03/04;18.14;18.77;17.90;18.28;7659377;318528768.00
2015/03/05;18.02;18.18;17.74;17.78;4507019;184243312.00
2015/03/06;17.86;18.32;17.46;17.52;3824245;154862272.00
2015/03/09;17.26;17.38;16.68;16.89;3311900;127762560.00
2015/03/10;16.91;17.21;16.91;17.08;2198479;85673104.00
2015/03/11;16.99;17.52;16.86;17.28;3353547;132205136.00
2015/03/12;17.47;17.47;16.96;17.06;2551946;99822392.00
2015/03/13;17.08;17.39;17.04;17.39;1986718;77940488.00
2015/03/16;17.46;17.84;17.45;17.82;3129963;126264928.00
2015/03/17;17.81;18.18;17.66;17.95;4071612;166548880.00
2015/03/18;17.94;18.15;17.83;18.09;3342517;137657344.00
2015/03/19;18.15;18.36;17.93;18.31;3654078;151327584.00
2015/03/20;18.32;18.38;18.04;18.14;3475466;144113632.00
2015/03/23;18.06;18.36;18.05;18.36;3439887;142952672.00
2015/03/24;18.41;18.41;17.70;18.21;3695307;152962656.00
2015/03/25;18.06;19.84;17.97;19.48;5502642;240815728.00
2015/03/26;19.17;19.91;18.68;19.61;4207916;185913520.00
2015/03/27;19.62;19.70;19.21;19.35;2517937;111387800.00
2015/03/30;19.61;20.22;19.38;19.88;6432275;289294976.00
2015/03/31;19.74;19.74;19.38;19.38;3349815;149172464.00
2015/04/01;19.39;19.56;19.39;19.52;2428005;107843528.00
2015/04/02;19.52;19.69;19.45;19.65;2723982;121519808.00
2015/04/03;19.57;20.32;19.48;20.20;3681076;167883728.00
2015/04/07;20.34;21.92;20.34;21.60;4281539;207849552.00
2015/04/08;21.92;22.99;21.21;22.99;5036103;253301728.00
2015/04/09;22.54;22.54;21.08;21.97;4084900;202875424.00
2015/04/10;22.33;22.41;21.74;22.15;2660335;134182400.00
2015/04/13;22.19;22.93;21.79;22.39;2912123;148195984.00
2015/04/14;22.19;22.23;21.57;21.60;2474994;122850848.00
2015/04/15;21.49;21.52;20.35;20.35;2529572;120036144.00
2015/04/16;20.34;20.92;20.08;20.66;1581527;74249704.00
2015/04/17;20.83;21.06;20.45;20.63;1976414;92962824.00
2015/04/20;20.40;20.40;19.68;19.79;2390276;109152608.00
2015/04/21;19.79;20.63;19.79;20.56;1911210;88505376.00
2015/04/22;20.62;21.10;20.61;20.90;2010150;95590280.00
2015/04/23;20.90;20.98;20.54;20.88;2113907;99686512.00
2015/04/24;20.63;21.86;20.45;21.51;3517016;170003408.00
2015/04/27;21.37;21.92;21.22;21.52;2396293;117644168.00
2015/04/28;21.64;21.64;20.45;20.50;1881850;89578464.00
2015/04/29;20.40;20.98;20.32;20.88;1439860;67957496.00
2015/04/30;20.90;21.41;20.77;20.77;1881719;90397096.00
2015/05/04;20.64;20.99;20.35;20.85;1608270;75727472.00
2015/05/05;20.82;20.82;20.11;20.41;1754809;81827232.00
2015/05/06;20.40;20.84;20.19;20.26;1850309;86648600.00
2015/05/07;20.19;20.19;18.77;19.47;2184367;97275936.00
2015/05/08;19.56;20.22;19.48;20.21;2081729;93836296.00
2015/05/11;20.50;21.37;20.23;21.28;3243514;153928304.00
2015/05/12;21.34;23.41;20.91;23.17;5325163;266212992.00
2015/05/13;22.41;23.09;22.25;22.58;3203501;165264272.00
2015/05/14;22.54;24.35;22.50;23.81;4928952;264892208.00
2015/05/15;23.82;24.85;22.74;23.99;5158375;277122304.00
2015/05/18;24.34;26.42;24.02;26.42;5660717;329762368.00
2015/05/19;27.44;27.51;25.39;26.02;5165069;307213824.00
2015/05/20;25.70;28.65;25.70;27.90;10101840;428527680.00
2015/05/21;27.97;28.81;26.99;28.54;8863132;376586176.00
2015/05/22;28.97;29.67;27.55;28.68;7944028;340865408.00
2015/05/25;28.17;30.50;27.83;29.89;7925834;349711616.00
2015/05/26;30.05;32.89;30.05;32.89;7114141;341383456.00
2015/05/27;34.50;36.20;33.20;36.20;6177255;326418656.00
2015/05/28;38.37;39.84;34.50;34.50;12303842;723637504.00
2015/05/29;33.17;36.89;31.03;35.23;10364388;536859008.00
2015/06/01;35.28;36.50;33.83;35.65;7789616;412001216.00
2015/06/02;35.67;36.10;33.35;34.23;5580371;289229760.00
2015/06/03;34.09;35.35;33.63;34.57;4116173;213918752.00
2015/06/04;34.56;34.70;31.09;31.73;6305326;304611840.00
2015/06/05;32.17;32.51;30.19;31.19;4256872;201800080.00
2015/06/08;31.40;31.90;29.83;30.17;4144249;191634176.00
2015/06/09;30.17;31.50;30.17;31.33;3245195;151499088.00
2015/06/10;31.33;32.53;30.37;32.05;3915789;188780416.00
2015/06/11;32.05;33.01;31.55;32.73;3855984;187796976.00
2015/06/12;32.73;33.01;31.83;31.84;3213245;155894544.00
2015/06/15;31.87;32.13;30.05;30.06;3282410;153432592.00
2015/06/16;29.60;29.91;27.17;28.64;2967789;127324008.00
2015/06/17;28.83;30.09;28.15;29.99;2745760;120678744.00
2015/06/18;29.51;30.16;27.57;27.67;2217307;96864696.00
2015/06/19;27.17;27.17;24.89;24.96;2170605;84946616.00
2015/06/23;24.97;25.69;23.52;25.67;2023597;76873560.00
2015/06/24;26.37;26.61;25.73;26.57;2177801;86336448.00
2015/06/25;26.68;26.69;24.51;24.87;1896553;74063096.00
2015/06/26;23.83;24.30;22.37;22.37;2394501;83566696.00
2015/06/29;23.16;23.17;20.11;20.15;2917285;93708840.00
2015/06/30;20.10;22.19;18.35;22.15;3933234;121442688.00
2015/07/01;22.10;23.02;20.55;20.97;3571049;120901288.00
2015/07/02;21.17;21.62;19.30;19.72;2470391;77145008.00
2015/07/03;18.72;20.93;17.86;19.29;2614516;77019360.00
2015/07/06;21.24;21.24;17.54;20.03;3973702;119144992.00
2015/07/07;18.90;19.63;18.01;18.01;2261510;63605208.00
2015/07/08;16.19;16.19;16.19;16.19;417400;10238822.00
2015/07/09;14.55;17.82;14.55;17.82;4404154;109785800.00
2015/07/10;18.50;19.62;18.37;19.62;2025687;59317096.00
2015/07/13;21.00;21.60;20.24;21.60;4426580;141619360.00
2015/07/14;21.70;23.41;20.83;22.12;6644564;223166944.00
2015/07/15;21.17;21.39;19.89;19.89;2986849;91982496.00
2015/07/16;19.89;20.83;17.95;20.12;3281473;98586664.00
2015/07/17;20.43;21.71;20.17;21.17;3197420;100880600.00
2015/07/20;21.03;22.03;20.40;21.17;3412053;110086216.00
2015/07/21;20.83;21.96;20.49;21.96;3172186;102119176.00
2015/07/22;22.09;22.41;21.32;21.95;3550483;117504992.00
2015/07/23;21.63;23.89;21.63;23.41;5777187;199121568.00
2015/07/24;23.41;23.79;22.32;22.43;5534938;193886672.00
2015/07/27;21.83;22.60;20.17;20.17;3693824;119608576.00
2015/07/28;18.77;20.42;18.21;19.41;3010456;87118032.00
2015/07/29;20.11;21.17;19.09;21.16;2997032;90775160.00
2015/07/30;21.17;22.49;20.17;20.92;3825339;125505432.00
2015/07/31;20.50;21.95;20.08;21.39;3239258;103051688.00
2015/08/03;20.99;23.39;20.83;23.39;5729454;191936592.00
2015/08/04;23.39;24.43;22.10;24.27;7488928;262633968.00
2015/08/05;23.63;24.69;23.32;23.70;5849063;211816048.00
2015/08/06;23.16;23.47;22.10;22.25;3264070;112368704.00
2015/08/07;22.52;23.31;22.25;23.14;2992823;103520240.00
2015/08/10;23.43;24.49;22.90;24.43;4474429;160113072.00
2015/08/11;24.20;24.49;23.85;24.29;4635276;169292288.00
2015/08/12;23.83;24.17;23.17;23.30;2985272;106777256.00
2015/08/13;23.17;23.83;22.73;23.49;2479023;87432592.00
2015/08/14;23.73;24.02;23.50;23.83;2881826;103426672.00
2015/08/17;23.17;23.40;22.68;23.09;2619375;91152144.00
2015/08/18;23.09;23.39;20.77;20.77;2748238;92033520.00
2015/08/19;20.33;21.13;18.91;20.99;2755855;83931304.00
2015/08/20;21.03;21.10;19.97;20.02;1806446;56410964.00
2015/08/21;19.69;19.83;18.43;18.54;1987436;57622024.00
2015/08/24;17.24;18.17;16.67;16.67;1831800;46905988.00
2015/08/25;15.17;16.21;14.99;14.99;2215601;51484392.00
2015/08/26;15.57;16.43;14.83;15.47;3129732;74618792.00
2015/08/27;15.97;16.44;15.39;16.37;2181995;52923168.00
2015/08/28;16.63;17.59;16.42;17.52;2731493;69830624.00
2015/08/31;17.03;17.28;16.41;16.43;1765422;44778576.00
2015/09/01;16.45;16.47;15.10;15.16;1626076;38324936.00
2015/09/02;14.78;15.69;14.43;14.97;1658407;38327580.00
2015/09/07;15.37;16.18;15.17;15.75;1495901;35565148.00
2015/09/08;15.50;17.00;15.50;16.87;2059775;50536652.00
2015/09/09;16.87;17.43;16.70;17.27;3016111;78394944.00
2015/09/10;17.09;17.09;16.50;16.50;1945097;49552348.00
2015/09/11;16.40;16.77;16.23;16.69;1188259;29802120.00
2015/09/14;16.57;16.72;15.01;15.01;1780335;42233556.00
2015/09/15;14.81;15.05;14.05;14.17;1367500;30412226.00
2015/09/16;14.37;15.61;14.29;15.55;1715036;38788624.00
2015/09/17;15.35;15.92;15.17;15.64;2253054;53087636.00
2015/09/18;15.55;15.77;15.29;15.65;1554603;36672332.00
2015/09/21;15.43;16.87;15.17;16.69;2073553;50634872.00
2015/09/22;16.49;16.83;16.32;16.49;2090610;52483176.00
2015/09/23;16.05;16.47;15.99;16.23;1351514;33235300.00
2015/09/24;16.25;16.70;16.25;16.50;1406074;35143592.00
2015/09/25;16.41;16.52;15.44;15.51;1398576;33725892.00
2015/09/28;15.60;16.83;15.18;16.70;2180747;53827516.00
2015/09/29;16.23;17.44;16.22;17.23;3580488;91724000.00
2015/09/30;17.25;17.79;16.81;16.85;3392960;88975848.00
2015/10/08;17.37;18.35;17.14;17.97;3376299;89785352.00
2015/10/09;18.02;18.29;17.67;18.01;3227079;87732120.00
2015/10/12;18.01;18.90;17.97;18.61;3291963;91947288.00
2015/10/13;18.36;19.63;18.03;19.54;4269003;121269232.00
2015/10/14;19.20;19.82;18.83;19.55;4962042;145958608.00
2015/10/15;19.37;19.93;19.08;19.81;3150794;93546384.00
2015/10/16;19.94;19.94;18.91;19.41;4824981;141290848.00
2015/10/19;19.37;19.37;18.50;19.13;2955832;84942112.00
2015/10/20;19.01;19.47;18.84;19.39;2817089;81694480.00
2015/10/21;19.33;19.41;17.46;17.50;2999061;83783568.00
2015/10/22;17.53;18.09;17.53;18.06;1946541;52543448.00
2015/10/23;18.11;18.80;18.11;18.61;2045158;57111752.00
2015/10/26;19.17;19.17;18.63;18.83;2398262;68576664.00
2015/10/27;18.75;19.83;18.50;19.83;3207099;92947832.00
2015/10/28;19.73;19.73;19.03;19.30;2940898;86095616.00
2015/10/29;19.40;19.67;19.23;19.61;2975294;87614120.00
2015/10/30;19.53;19.69;19.03;19.17;2310260;67632520.00
2015/11/02;18.50;19.97;18.42;19.33;3268546;96149112.00
2015/11/03;19.15;20.59;19.05;20.53;5129137;154700384.00
2015/11/04;20.49;21.48;20.24;21.41;4996280;156951152.00
2015/11/05;21.17;21.69;20.70;20.97;4021499;128221128.00
2015/11/06;20.87;22.02;20.87;21.62;3074620;100170440.00
2015/11/09;21.57;23.05;21.57;22.80;6114328;207920800.00
2015/11/10;22.50;24.17;22.17;23.37;4644009;160687184.00
2015/11/11;23.09;25.18;22.65;24.97;5787267;209723936.00
2015/11/12;25.17;26.37;24.57;26.15;6858138;264530272.00
2015/11/13;25.67;25.73;23.52;23.53;6059571;224430672.00
2015/11/16;22.50;23.76;22.24;23.73;3080348;108057520.00
2015/11/17;23.93;24.69;22.91;23.00;4024155;145429488.00
2015/11/18;22.97;23.48;22.41;22.49;2777642;96409080.00
2015/11/19;22.48;23.42;22.48;23.40;2363538;81977840.00
2015/11/20;23.63;23.83;23.19;23.63;3067131;108957360.00
2015/11/23;23.63;24.60;23.47;23.59;3476790;126301848.00
2015/11/24;23.45;25.50;23.44;25.33;4636651;171919584.00
2015/11/25;25.43;25.50;24.66;25.20;4341231;164293184.00
2015/11/26;24.83;25.62;24.55;24.86;4317806;163955504.00
2015/11/27;24.43;25.45;23.17;23.64;3959437;146661328.00
2015/11/30;23.82;24.83;22.53;24.62;3504985;126554416.00
2015/12/01;24.43;26.50;24.43;25.59;6805195;263124176.00
2015/12/02;24.91;25.46;23.04;24.33;4162404;152286000.00
2015/12/03;24.50;26.77;24.34;26.77;7476877;292426592.00
2015/12/04;26.70;27.50;25.70;26.09;6066788;241803600.00
2015/12/07;26.02;26.63;25.68;26.08;4028940;159054640.00
2015/12/08;25.83;26.01;25.21;25.56;3443295;133429032.00
2015/12/09;25.50;25.69;24.39;24.58;3334983;124880616.00
2015/12/10;24.57;24.77;24.07;24.13;2382674;87595792.00
2015/12/11;24.11;24.37;23.97;24.25;1582567;57859596.00
2015/12/14;24.11;25.17;24.00;25.13;2020787;75148040.00
2015/12/15;25.33;25.33;24.90;25.05;1992894;75534808.00
2015/12/16;25.27;26.07;25.03;25.67;3381203;130861704.00
2015/12/17;25.90;26.47;25.85;26.35;4454626;175619200.00
2015/12/18;26.31;26.31;25.30;25.71;3472842;135073984.00
2015/12/21;25.77;27.51;25.39;27.17;5357404;214631072.00
2015/12/22;28.87;28.87;27.13;27.74;5591405;233533104.00
2015/12/23;27.50;28.49;26.83;27.15;4474500;188580576.00
2015/12/24;27.75;28.49;26.31;28.07;4336689;177520752.00
2015/12/25;29.07;30.90;28.23;28.91;7260578;324698240.00
2015/12/28;29.13;29.57;26.63;28.34;6539236;277193184.00
2015/12/29;28.83;29.80;27.83;29.48;5697226;247851888.00
2015/12/30;29.85;31.09;29.18;30.60;6177676;279910720.00
2015/12/31;31.17;31.17;29.41;29.78;5733040;260200736.00
2016/01/04;30.49;31.09;26.79;26.79;5239533;232574576.00
2016/01/05;24.09;26.23;24.09;25.37;6258789;235056000.00
2016/01/06;25.23;25.76;24.27;25.57;4491001;170246064.00
2016/01/07;24.57;24.83;23.00;23.00;980500;34998080.00
2016/01/08;23.41;23.72;21.35;23.23;2953797;103145392.00
2016/01/11;22.50;23.70;21.90;21.90;3308971;114525752.00
2016/01/12;21.91;23.16;21.57;22.67;2395480;80953024.00
2016/01/13;22.83;22.89;20.49;20.79;2169082;72357992.00
2016/01/14;20.24;21.50;19.40;21.27;2580585;79980840.00
2016/01/15;21.15;21.17;19.36;19.57;1884917;57917848.00
2016/01/18;18.70;20.35;18.51;19.89;2115847;63177616.00
2016/01/19;19.89;21.83;19.77;21.50;3011455;96236176.00
2016/01/20;21.24;22.95;21.08;22.51;3549895;120045088.00
2016/04/29;24.50;24.76;23.17;23.21;6328329;228415872.00
2016/05/03;22.83;23.97;21.97;23.70;4109872;143160672.00
2016/05/04;23.63;23.63;22.91;22.96;3057740;107497792.00
2016/05/05;22.77;23.41;22.65;23.17;1645823;57458048.00
2016/05/06;23.17;23.38;21.57;21.81;2569811;87712384.00
2016/05/09;21.40;21.56;19.83;20.01;2031608;63267332.00
2016/05/10;20.01;20.35;19.88;20.13;1050560;31983956.00
2016/05/11;20.17;20.43;19.74;19.83;1188427;36174940.00
2016/05/12;19.45;19.66;18.67;19.37;1242117;36168544.00
2016/05/13;19.30;19.68;19.10;19.46;918367;27062688.00
2016/05/16;19.63;20.60;19.43;20.53;1531581;46505180.00
2016/05/17;21.53;22.16;21.29;21.30;3775968;123431456.00
2016/05/18;20.69;20.87;19.67;19.79;2192671;67427240.00
2016/05/19;19.79;20.98;19.77;20.58;1666645;51770052.00
2016/05/20;20.51;22.13;20.07;22.04;2525688;81457584.00
2016/05/23;21.88;22.43;21.55;21.91;2454378;81255648.00
2016/05/24;21.91;22.37;21.01;21.29;2401348;51450316.00
2016/05/25;21.65;21.77;20.69;20.76;1843291;39130640.00
2016/05/26;20.76;20.92;19.55;20.88;2526708;50935816.00
2016/05/27;20.70;20.92;20.34;20.61;2063709;42531820.00
2016/05/30;20.50;21.36;20.35;20.75;2461994;51589416.00
2016/05/31;21.00;22.50;20.61;22.00;3200092;68744520.00
2016/06/01;22.09;22.54;21.90;22.07;4912568;109189184.00
2016/06/02;22.40;24.28;22.32;22.88;7262087;169229584.00
2016/06/03;22.60;22.67;22.00;22.42;7664950;170662432.00
2016/06/06;22.28;22.38;21.84;22.06;4353565;96334152.00
2016/06/07;22.75;22.75;22.11;22.59;4950288;111193768.00
2016/06/08;22.59;22.76;22.00;22.70;4551044;101721984.00
2016/06/13;22.20;22.20;20.90;20.90;4790925;104371048.00
2016/06/14;20.46;20.87;20.10;20.35;2532410;51742184.00
2016/06/15;19.97;21.15;19.88;20.95;2699227;56195200.00
2016/06/16;20.95;21.15;20.60;20.85;2527410;52829828.00
2016/06/17;20.98;21.32;20.86;21.04;2128662;44900976.00
2016/06/20;21.08;21.20;20.73;21.13;1669101;35082896.00
2016/06/21;21.24;21.41;20.50;20.55;3369339;70617528.00
2016/06/22;20.60;21.20;20.50;21.19;2343809;48967996.00
2016/06/23;21.19;21.77;20.82;21.47;3100922;66428508.00
2016/06/24;21.41;21.80;20.50;21.46;3314634;70900208.00
2016/06/27;21.40;22.19;21.05;22.14;3386975;74140432.00
2016/06/28;22.19;22.49;21.99;22.20;3525036;78316896.00
2016/06/29;22.32;22.47;22.01;22.21;2502156;55456256.00
2016/06/30;22.08;23.25;22.08;23.12;5556190;126248864.00
2016/07/01;23.02;23.97;22.83;23.26;5335061;124655264.00
2016/07/04;22.90;23.60;22.90;23.31;3664045;85456144.00
2016/07/05;23.30;24.48;23.14;24.22;5707074;136204656.00
2016/07/06;24.00;26.28;23.88;25.88;10230642;254959520.00
2016/07/07;25.51;25.67;24.50;24.93;8530696;212938096.00
2016/07/08;24.51;24.51;23.76;24.00;6593074;158743008.00
2016/07/11;23.84;24.45;23.82;24.10;4384237;105676712.00
2016/07/12;24.03;24.26;23.45;24.12;3699802;88435624.00
2016/07/13;24.32;24.32;23.83;24.00;2713761;65143260.00
2016/07/14;23.86;24.12;23.86;24.01;2293564;55020252.00
2016/07/15;24.00;24.96;23.90;24.76;5088835;124665296.00
2016/07/18;24.88;25.15;24.10;24.28;7959960;197340752.00
2016/07/19;24.48;24.96;24.24;24.75;7646352;188045648.00
2016/07/20;24.53;24.62;24.02;24.16;4372536;106088592.00
2016/07/21;24.10;24.22;23.79;23.82;3600235;86355672.00
2016/07/22;23.82;23.96;22.90;23.08;4123482;96566912.00
2016/07/25;23.09;23.30;22.92;23.02;1836260;42399020.00
2016/07/26;23.00;23.39;23.00;23.33;1899306;44230604.00
2016/07/27;23.38;23.45;21.68;21.89;3692751;82772136.00
2016/07/28;21.90;22.00;21.45;21.68;2469706;53620552.00
2016/07/29;21.70;22.10;21.43;21.94;2531975;55102840.00
2016/08/01;21.80;21.97;21.42;21.82;1566700;33956564.00
2016/08/02;21.79;21.99;21.79;21.96;1067701;23373012.00
2016/08/03;21.93;22.07;21.86;22.00;1113571;24476928.00
2016/08/04;22.00;22.45;21.88;22.33;1698471;37702092.00
2016/08/05;22.25;22.44;22.08;22.15;1394541;31022754.00
2016/08/08;22.15;22.41;21.76;22.40;1682547;37321180.00
2016/08/09;22.42;22.58;22.25;22.43;1341375;30073910.00
2016/08/10;22.43;22.51;22.26;22.27;1251990;27994540.00
2016/08/11;22.18;22.35;21.86;21.87;1591896;35045356.00
2016/08/12;21.85;22.13;21.70;22.10;767552;16826296.00
2016/08/15;22.11;22.94;22.11;22.79;2741058;61751748.00
2016/08/16;22.76;23.50;22.71;23.29;2939662;68230800.00
2016/08/17;23.02;23.30;22.73;23.30;2183345;50422608.00
2016/08/18;23.30;23.48;23.02;23.19;2195265;50791984.00
2016/08/19;23.10;23.29;22.95;23.20;2125144;49075196.00
2016/08/22;23.28;23.39;22.90;22.90;1475399;34095204.00
2016/08/23;22.78;22.98;22.78;22.91;1108115;25349842.00
2016/08/24;22.93;23.07;22.80;22.91;1533444;35137092.00
2016/08/25;22.80;24.50;22.36;23.39;5293220;122954880.00
2016/08/26;23.20;23.41;22.95;23.04;3674251;85233984.00
2016/08/29;22.95;23.22;22.86;23.04;2059869;47406576.00
2016/08/30;23.03;23.16;22.92;23.07;1801904;41507572.00
2016/08/31;23.09;23.48;23.06;23.38;3686531;85842264.00
2016/09/01;23.29;23.46;22.92;22.93;2517292;58352092.00
2016/09/02;22.84;23.13;22.83;22.99;1293803;29722746.00
2016/09/05;22.95;23.21;22.86;22.91;1853614;42648696.00
2016/09/06;22.86;23.10;22.65;23.02;2155141;49300164.00
2016/09/07;23.00;23.50;23.00;23.27;4605818;107416176.00
2016/09/08;23.18;23.73;23.17;23.60;4335768;102036792.00
2016/09/09;23.68;23.75;23.34;23.37;3093225;72562152.00
2016/09/12;22.57;22.63;21.87;21.89;4407949;97965272.00
2016/09/13;22.10;22.17;21.83;21.92;1739595;38140236.00
2016/09/14;21.85;22.01;21.72;21.92;1132554;24726770.00
2016/09/19;21.92;22.13;21.86;22.08;1066449;23442370.00
2016/09/20;22.08;22.19;21.92;22.04;956150;21097356.00
2016/09/21;22.22;22.22;21.96;22.09;2035233;44879504.00
2016/09/22;22.17;22.23;22.05;22.14;1341256;29723650.00
2016/09/23;22.70;22.99;22.18;22.61;6779725;154069664.00
2016/09/26;22.85;22.85;22.04;22.05;3884703;86335752.00
2016/09/27;21.92;22.29;21.88;22.28;1951853;43037716.00
2016/09/28;22.27;22.27;21.97;22.01;1174066;25902388.00
2016/09/29;22.01;22.24;21.97;22.07;1194638;26410848.00
2016/09/30;22.06;22.23;22.01;22.22;1097253;24320984.00
2016/10/10;22.23;22.55;22.16;22.53;2095890;46956268.00
2016/10/11;22.50;22.65;22.50;22.58;1778341;40135176.00
2016/10/12;22.55;22.60;22.38;22.50;1447296;32484734.00
2016/10/13;22.20;22.38;22.14;22.29;2886757;64184468.00
2016/10/14;22.15;22.23;21.94;22.10;2506843;55278736.00
2016/10/17;22.20;22.44;22.15;22.24;3380400;75492208.00
2016/10/18;22.10;22.70;21.96;22.50;3605904;80535728.00
2016/10/19;22.59;22.95;22.35;22.82;4723033;106862712.00
2016/10/20;22.93;23.14;22.71;22.99;4495537;103081992.00
2016/10/21;23.66;23.70;22.51;22.72;5486491;126828152.00
2016/10/24;22.42;22.68;22.21;22.46;4314284;96845872.00
2016/10/25;22.46;23.10;22.40;23.02;5975200;136637616.00
2016/10/26;22.91;23.10;22.70;22.80;2823876;64476912.00
2016/10/27;22.79;22.99;22.62;22.90;2393138;54709892.00
2016/10/28;22.40;23.55;22.40;23.35;6683842;154147664.00
2016/10/31;23.40;23.53;23.02;23.39;4964080;115449464.00
2016/11/01;23.30;23.59;23.19;23.58;4775985;111720376.00
2016/11/02;23.98;23.98;23.27;23.57;5346105;125647184.00
2016/11/03;23.41;23.65;23.13;23.39;4244049;99353496.00
2016/11/04;23.50;25.73;23.21;23.85;9978217;241312160.00
2016/11/07;24.10;24.41;23.70;24.32;6877937;165075408.00
2016/11/08;24.28;25.10;24.15;24.32;6011371;147320304.00
2016/11/09;24.27;24.80;23.78;24.50;7761537;188834448.00
2016/11/10;24.61;25.68;24.54;25.45;10168999;255311856.00
2016/11/11;25.48;25.99;25.06;25.48;11552582;294778464.00
2016/11/14;25.90;25.90;25.07;25.46;8113437;205653184.00
2016/11/15;25.88;25.89;24.62;24.88;7364757;184024144.00
2016/11/16;24.85;25.18;24.74;24.91;4892283;122110672.00
2016/11/17;24.85;24.85;24.24;24.38;2550500;62493352.00
数据来源:通达信
