002680 长生生物 日线 前复权
      日期	    开盘	    最高	    最低	    收盘	    成交量	    成交额
2012/06/05;8.89;9.74;8.71;9.12;16212985;516920704.00
2012/06/06;9.15;9.97;8.87;9.43;11618934;378626048.00
2012/06/07;9.41;9.67;9.27;9.64;7096500;234470624.00
2012/06/08;9.68;9.99;9.44;9.45;5359831;182179936.00
2012/06/11;9.36;9.66;9.33;9.41;4513464;149513680.00
2012/06/12;9.30;9.34;8.98;9.02;4263503;136509952.00
2012/06/13;9.06;9.35;8.92;9.25;3150928;100785256.00
2012/06/14;9.19;10.18;9.17;9.93;5597729;191664176.00
2012/06/15;9.87;10.16;9.69;10.14;4619252;160473344.00
2012/06/18;10.18;10.53;10.05;10.24;4059257;145114096.00
2012/06/19;10.15;10.40;10.02;10.14;3319731;117999904.00
2012/06/20;10.21;10.47;10.07;10.44;3067396;109843656.00
2012/06/21;10.36;10.38;9.86;10.08;3302770;115890464.00
2012/06/25;10.14;10.43;9.94;10.01;2774476;98965712.00
2012/06/26;9.89;10.33;9.59;9.84;3484780;121239768.00
2012/06/27;9.85;10.86;9.85;10.86;4368232;160050592.00
2012/06/28;11.18;11.28;10.30;10.33;7352299;277251072.00
2012/06/29;10.04;10.50;9.94;10.31;4321313;153991952.00
2012/07/02;10.57;11.29;10.56;10.95;5054134;190082416.00
2012/07/03;10.86;11.83;10.84;11.48;5008197;197293616.00
2012/07/04;11.36;11.44;11.06;11.13;2696820;105411016.00
2012/07/05;11.07;11.62;11.07;11.27;2954573;116354024.00
2012/07/06;11.30;11.50;10.70;11.50;3743950;143002736.00
2012/07/09;11.30;11.36;10.98;11.18;2477715;96038536.00
2012/07/10;11.15;11.15;10.54;10.62;2046894;77157064.00
2012/07/11;10.51;10.83;10.39;10.69;1730699;63932000.00
2012/07/12;10.62;11.20;10.54;11.07;2561442;97129488.00
2012/07/13;11.06;11.18;10.54;10.57;2758869;104149560.00
2012/07/16;10.04;10.14;9.49;9.49;4547466;153890592.00
2012/07/17;9.14;9.62;9.09;9.48;2376247;77514944.00
2012/07/18;9.41;9.71;9.29;9.60;2233447;74374848.00
2012/07/19;9.51;9.76;9.37;9.61;2713600;90973272.00
2012/07/20;9.45;9.89;9.36;9.54;2508619;84928384.00
2012/07/23;9.39;9.45;8.75;8.86;2209269;69431304.00
2012/07/24;8.76;9.14;8.73;8.97;1708065;53823292.00
2012/07/25;8.94;9.56;8.89;9.24;2336713;75744904.00
2012/07/26;9.15;9.38;9.04;9.06;1670652;53908564.00
2012/07/27;9.11;9.35;8.82;9.33;2464456;78428768.00
2012/07/30;9.33;9.40;9.09;9.16;1463643;47305988.00
2012/07/31;9.24;9.30;8.80;9.20;1191926;38005040.00
2012/08/01;9.11;9.41;9.09;9.20;1335648;43234728.00
2012/08/02;9.15;9.34;9.01;9.25;1185270;38221656.00
2012/08/03;9.29;9.59;9.24;9.53;2090841;69098840.00
2012/08/06;9.41;9.79;9.36;9.74;2109874;70690160.00
2012/08/07;9.71;10.04;9.59;9.72;2310106;79095720.00
2012/08/08;9.68;9.84;9.50;9.72;1602855;54076840.00
2012/08/09;9.76;10.24;9.67;10.09;3025509;105688216.00
2012/08/10;10.04;10.39;9.93;10.01;2272166;80046720.00
2012/08/13;10.01;10.01;9.67;9.69;1760215;59966728.00
2012/08/14;9.50;10.38;9.36;10.26;3762662;129670224.00
2012/08/15;10.27;10.43;9.91;10.21;3663451;129779440.00
2012/08/16;10.04;10.12;9.79;9.80;1770205;61601028.00
2012/08/17;9.78;9.99;9.66;9.83;1355434;46598076.00
2012/08/20;9.67;10.03;9.60;9.95;1454157;49915064.00
2012/08/21;9.96;10.18;9.89;9.95;1896115;66194460.00
2012/08/22;9.99;10.48;9.89;10.23;3361583;119529336.00
2012/08/23;10.16;10.32;10.06;10.14;1763725;62635736.00
2012/08/24;10.03;10.13;9.69;9.69;1547104;53302368.00
2012/08/27;9.49;9.86;9.45;9.54;1000615;33626364.00
2012/08/28;9.54;9.71;9.38;9.59;901000;29985120.00
2012/08/29;9.49;9.83;9.49;9.64;1141909;38710004.00
2012/08/30;9.64;9.71;8.77;8.86;2627562;83188656.00
2012/08/31;8.83;9.20;8.83;9.04;1139370;35928864.00
2012/09/03;8.96;9.26;8.87;9.16;1144848;36437008.00
2012/09/04;9.16;9.38;9.01;9.05;1379662;44316424.00
2012/09/05;9.06;9.14;8.89;9.04;923361;29068882.00
2012/09/06;9.07;9.26;9.07;9.18;1011200;32467404.00
2012/09/07;9.28;9.80;9.26;9.64;2083300;69593584.00
2012/09/10;9.56;9.86;9.56;9.75;1447804;49095260.00
2012/09/11;9.71;9.73;9.55;9.61;1296118;43521480.00
2012/09/12;9.68;9.82;9.56;9.70;927378;31347016.00
2012/09/13;9.65;9.76;9.38;9.40;1072564;36096808.00
2012/09/14;9.44;9.49;9.06;9.20;1187860;38295464.00
2012/09/17;9.16;9.21;9.01;9.04;563165;17862754.00
2012/09/18;9.01;9.13;8.92;9.03;541819;17136352.00
2012/09/19;9.03;9.11;8.89;9.05;402915;12703308.00
2012/09/20;9.05;9.11;8.16;8.18;1930299;56974880.00
2012/09/21;8.18;8.24;7.80;7.84;1339979;37666848.00
2012/09/24;7.69;7.82;7.44;7.76;1964728;52586476.00
2012/09/25;7.67;7.80;7.56;7.64;848513;22895050.00
2012/09/26;7.57;7.66;7.21;7.30;1191909;30770392.00
2012/09/27;7.32;7.61;7.15;7.51;1194923;31261782.00
2012/09/28;7.42;7.68;7.39;7.66;939787;24902084.00
2012/10/08;7.33;7.49;7.24;7.42;1500125;38885908.00
2012/10/09;7.37;7.76;7.34;7.74;1854385;49543760.00
2012/10/10;7.65;8.00;7.65;7.90;1967666;54384592.00
2012/10/11;8.03;8.03;7.62;7.63;1445034;39689612.00
2012/10/12;7.63;7.74;7.33;7.45;1255695;33160098.00
2012/10/15;7.43;7.45;6.96;6.99;1750494;44204672.00
2012/10/16;7.00;7.11;6.96;7.03;1176808;29251548.00
2012/10/17;7.03;7.08;6.89;7.05;869083;21455650.00
2012/10/18;7.08;7.62;7.08;7.57;2570931;67223496.00
2012/10/19;7.53;7.60;7.34;7.44;1590809;41662308.00
2012/10/22;7.45;7.64;7.33;7.58;1569418;41534128.00
2012/10/23;7.50;7.53;7.32;7.38;1316701;34478740.00
2012/10/24;7.30;7.35;7.09;7.16;801339;20395342.00
2012/10/25;7.11;7.23;7.02;7.12;917898;23029574.00
2012/10/26;7.09;7.17;6.91;6.96;669725;16566050.00
2012/10/29;6.96;7.04;6.88;7.02;798229;19609946.00
2012/10/30;7.02;7.17;7.02;7.09;717864;17955170.00
2012/10/31;7.08;7.15;7.03;7.07;530772;13246306.00
2012/11/01;7.07;7.23;7.07;7.19;1137256;28698724.00
2012/11/02;7.19;7.21;7.04;7.08;871938;21839628.00
2012/11/05;7.08;7.12;6.98;7.07;506925;12568883.00
2012/11/06;7.09;7.79;7.09;7.62;4228740;111886136.00
2012/11/07;7.56;7.56;7.34;7.40;2462606;64320736.00
2012/11/08;7.31;7.32;7.03;7.03;1453347;36793388.00
2012/11/09;6.95;7.13;6.95;7.05;924395;22937774.00
2012/11/12;7.10;7.18;7.04;7.17;708379;17787898.00
2012/11/13;7.17;7.24;7.04;7.04;753629;18867822.00
2012/11/14;7.09;7.47;6.99;7.33;1843694;47447648.00
2012/11/15;7.23;7.46;7.17;7.41;1842522;47712620.00
2012/11/16;7.36;7.67;7.31;7.40;2117912;55816068.00
2012/11/19;7.45;7.71;7.35;7.64;2100217;55724316.00
2012/11/20;7.64;7.67;7.51;7.51;1719333;45709156.00
2012/11/21;7.49;7.58;7.31;7.54;1550096;40589456.00
2012/11/22;7.46;7.55;7.36;7.42;885855;23228944.00
2012/11/23;7.43;7.50;7.37;7.43;872558;22837534.00
2012/11/26;7.45;7.45;6.66;6.66;2585621;63389044.00
2012/11/27;6.41;6.41;5.98;5.98;2219660;47907448.00
2012/11/28;5.90;6.06;5.87;5.92;961082;20321404.00
2012/11/29;5.95;6.02;5.57;5.61;1116097;22868852.00
2012/11/30;5.62;5.71;5.55;5.65;977084;19631504.00
2012/12/03;5.62;5.68;5.31;5.31;913012;17874956.00
2012/12/04;5.32;5.45;5.27;5.43;1139723;21861532.00
2012/12/05;5.40;5.79;5.40;5.78;1828797;36901144.00
2012/12/06;5.77;5.80;5.64;5.71;958532;19460538.00
2012/12/07;5.74;5.97;5.69;5.89;1606259;33398982.00
2012/12/10;5.89;6.11;5.84;6.07;1699704;36074636.00
2012/12/11;6.00;6.06;5.87;5.89;1343771;28319572.00
2012/12/12;5.86;5.95;5.79;5.95;1274668;26531834.00
2012/12/13;5.92;5.92;5.74;5.74;914310;18900976.00
2012/12/14;5.73;6.04;5.68;6.02;1748139;36909788.00
2012/12/17;6.01;6.24;5.98;6.16;2000304;43168924.00
2012/12/18;6.16;6.16;6.01;6.09;1582484;34112632.00
2012/12/19;6.06;6.33;6.02;6.21;1918499;42142784.00
2012/12/20;6.30;6.65;6.18;6.54;3377402;77482528.00
2012/12/21;6.52;7.21;6.49;7.21;5764408;141527632.00
2012/12/24;7.24;7.67;7.09;7.53;6043320;156103616.00
2012/12/25;7.45;7.91;7.34;7.62;4736334;125774632.00
2012/12/26;7.52;8.41;7.46;8.33;6061020;171070608.00
2012/12/27;8.24;8.36;7.88;7.89;4329077;123019344.00
2012/12/28;7.80;8.29;7.74;8.02;3798765;107109416.00
2012/12/31;7.95;8.05;7.59;7.74;2704312;73918952.00
2013/01/04;7.76;8.23;7.71;8.04;2952748;82497504.00
2013/01/07;8.00;8.15;7.78;8.10;2456557;68475336.00
2013/01/08;8.13;8.35;7.92;8.09;3281771;93948432.00
2013/01/09;7.98;8.31;7.90;8.01;2688941;76102176.00
2013/01/10;8.00;8.12;7.77;7.84;2209841;61557348.00
2013/01/11;7.83;8.11;7.83;7.88;2570499;71976488.00
2013/01/14;7.89;8.70;7.88;8.70;6613137;196774144.00
2013/01/15;8.68;9.00;8.57;8.82;5395672;165524816.00
2013/01/16;8.71;8.71;8.40;8.53;2866890;85747768.00
2013/01/17;8.56;8.89;8.46;8.53;2851810;86851408.00
2013/01/18;8.54;8.63;8.30;8.59;1817255;53921488.00
2013/01/21;8.59;8.76;8.40;8.71;2347419;70615152.00
2013/01/22;8.80;9.21;8.42;8.49;3818206;117905016.00
2013/01/23;8.31;8.38;8.02;8.21;2607030;74485336.00
2013/01/24;8.20;8.32;7.66;7.83;2305921;64706776.00
2013/01/25;7.80;7.96;7.68;7.81;1290726;35419944.00
2013/01/28;7.74;8.03;7.73;8.01;1174557;32687644.00
2013/01/29;8.01;8.20;7.98;8.11;1274483;36266332.00
2013/01/30;8.20;8.50;8.11;8.14;1755011;50916452.00
2013/01/31;8.05;8.14;7.83;7.93;1405344;39069300.00
2013/02/01;7.86;8.01;7.83;7.90;997636;27703334.00
2013/02/04;7.84;7.88;7.47;7.49;2187217;58516952.00
2013/02/05;7.49;7.68;7.46;7.66;1004813;26927398.00
2013/02/06;7.67;7.72;7.60;7.67;842414;22714694.00
2013/02/07;7.66;7.87;7.65;7.84;994085;27125372.00
2013/02/08;7.89;8.00;7.82;7.96;995388;27691584.00
2013/02/18;8.00;8.21;7.89;8.17;1431957;40441056.00
2013/02/19;8.10;8.30;7.92;7.94;1350458;38311792.00
2013/02/20;7.88;8.09;7.86;8.07;917799;25789124.00
2013/02/21;8.03;8.03;7.76;7.84;1078246;29807526.00
2013/02/22;7.80;7.93;7.77;7.79;656175;18081070.00
2013/02/25;7.79;7.87;7.65;7.75;728831;19826810.00
2013/02/26;7.71;7.71;7.51;7.56;936713;25082502.00
2013/02/27;7.56;7.64;7.49;7.54;564247;15032090.00
2013/02/28;7.62;7.80;7.55;7.78;1005266;27298724.00
2013/03/01;7.77;7.93;7.75;7.87;970696;26740626.00
2013/03/04;7.81;7.81;7.40;7.44;1177606;31370342.00
2013/03/05;7.44;7.59;7.39;7.59;555232;14649672.00
2013/03/06;7.65;7.85;7.64;7.82;998101;27279750.00
2013/03/07;7.83;7.97;7.68;7.79;1172931;32307260.00
2013/03/08;7.87;8.15;7.75;8.01;2020591;56737184.00
2013/03/11;8.00;8.12;7.98;8.01;1373033;38753708.00
2013/03/12;7.95;8.01;7.62;7.92;1470114;40344136.00
2013/03/13;7.95;8.49;7.92;8.20;3844471;110809080.00
2013/03/14;8.09;8.70;7.98;8.68;4855681;143548944.00
2013/03/15;8.68;8.87;8.38;8.42;4129538;124303616.00
2013/03/18;8.33;8.68;8.29;8.59;2988059;89147912.00
2013/03/19;8.62;8.71;8.15;8.27;2492586;73197536.00
2013/03/20;8.21;8.46;7.98;8.39;2294383;66681068.00
2013/03/21;8.37;8.68;8.30;8.67;2981866;88864152.00
2013/03/22;8.59;8.80;8.54;8.58;2253999;68229280.00
2013/03/25;8.74;8.80;8.51;8.54;1979174;59888292.00
2013/03/26;8.54;8.54;8.19;8.25;1531914;44516816.00
2013/03/27;8.21;8.34;8.16;8.31;1301469;37616956.00
2013/03/28;8.21;8.21;7.64;7.65;2018056;55588184.00
2013/03/29;7.52;7.76;7.52;7.62;754548;20293556.00
2013/04/01;7.10;7.32;6.84;6.84;3049906;74431480.00
2013/04/02;6.71;6.85;6.49;6.56;1853294;43538124.00
2013/04/03;6.56;6.66;6.51;6.61;910633;21212608.00
2013/04/08;6.51;6.79;6.34;6.74;1075647;24932808.00
2013/04/09;6.71;6.88;6.66;6.78;1087607;26072928.00
2013/04/10;6.71;6.84;6.62;6.66;773754;18327742.00
2013/04/11;6.76;6.82;6.68;6.74;719641;17157586.00
2013/04/12;6.79;6.90;6.62;6.66;772884;18552700.00
2013/04/15;6.52;6.61;6.33;6.33;839165;18961434.00
2013/04/16;6.29;6.44;6.21;6.39;500929;11239744.00
2013/04/17;6.39;6.50;6.37;6.45;460962;10518993.00
2013/04/18;6.45;6.48;6.35;6.41;478077;10864225.00
2013/04/19;6.42;6.68;6.41;6.61;1141592;26641074.00
2013/04/22;6.53;6.86;6.49;6.81;1110357;26361682.00
2013/04/23;6.65;6.72;6.33;6.34;1519931;34919260.00
2013/04/24;6.30;6.47;6.30;6.41;836122;18879770.00
2013/04/25;6.39;6.39;6.09;6.09;1150771;25471818.00
2013/04/26;6.09;6.09;5.71;5.79;852993;17941956.00
2013/05/02;5.77;5.85;5.70;5.81;443328;9093527.00
2013/05/03;5.87;6.12;5.82;6.04;739540;15729235.00
2013/05/06;6.02;6.15;6.01;6.11;739968;15997020.00
2013/05/07;6.12;6.19;6.09;6.12;546348;11883231.00
2013/05/08;6.13;6.26;6.13;6.21;715028;15706063.00
2013/05/09;6.26;6.26;6.04;6.21;1041870;22626574.00
2013/05/10;6.17;6.44;6.12;6.44;1609624;35991740.00
2013/05/13;6.47;6.79;6.47;6.74;2476600;58657128.00
2013/05/14;6.70;6.70;6.51;6.57;1123905;26171416.00
2013/05/15;6.59;6.68;6.42;6.56;1157008;26723516.00
2013/05/16;6.57;6.77;6.48;6.65;1443087;33905788.00
2013/05/17;6.58;6.67;6.52;6.63;1023189;23856510.00
2013/05/20;6.64;6.89;6.64;6.81;1619769;38703288.00
2013/05/21;6.85;6.90;6.71;6.86;1468597;35286560.00
2013/05/22;6.86;6.89;6.63;6.65;1279815;30528462.00
2013/05/23;6.60;6.72;6.48;6.51;1283126;29791920.00
2013/05/24;6.51;6.65;6.49;6.61;699018;16257472.00
2013/05/27;6.67;6.81;6.61;6.79;1219138;29009724.00
2013/05/28;6.78;6.91;6.66;6.66;1259693;30074776.00
2013/05/29;6.67;6.84;6.62;6.81;1081945;25784720.00
2013/05/30;6.85;6.95;6.77;6.95;1560607;37868192.00
2013/05/31;6.97;6.97;6.75;6.78;1527441;36930688.00
2013/06/03;6.74;6.76;6.47;6.50;1244452;29082292.00
2013/06/04;6.50;6.50;6.16;6.18;1036677;23036084.00
2013/06/05;6.16;6.30;6.15;6.27;548434;12143842.00
2013/06/06;6.28;6.28;6.10;6.10;654964;14333090.00
2013/06/07;6.10;6.23;6.07;6.22;687714;14993274.00
2013/06/13;6.15;6.41;5.93;6.39;1206461;26309324.00
2013/06/14;6.34;6.43;6.25;6.37;1111424;24884886.00
2013/06/17;6.34;6.44;6.24;6.37;742615;16736708.00
2013/06/18;6.38;6.41;6.14;6.19;764418;16899890.00
2013/06/19;6.17;6.26;6.07;6.21;503054;10920520.00
2013/06/20;6.21;6.31;6.10;6.21;808397;17646926.00
2013/06/21;6.16;6.16;5.61;5.76;1320320;26830944.00
2013/06/24;5.69;5.74;5.16;5.17;1017160;19542000.00
2013/06/25;5.17;5.21;4.63;4.94;1115429;19522130.00
2013/06/26;4.94;5.14;4.91;5.11;784995;14027544.00
2013/06/27;5.12;5.17;4.94;4.95;819761;14745900.00
2013/06/28;4.95;5.14;4.86;4.93;525094;9312028.00
2013/07/01;5.05;5.05;4.87;5.03;413613;7300637.50
2013/07/02;5.04;5.16;4.97;5.15;668987;12066160.00
2013/07/03;5.16;5.16;4.93;5.06;658972;11761606.00
2013/07/04;5.09;5.46;4.99;5.28;1262626;23476802.00
2013/07/05;5.30;5.31;5.16;5.28;783792;14550169.00
2013/07/08;5.25;5.25;5.00;5.03;473335;8561980.00
2013/07/09;5.03;5.14;4.95;5.08;361318;6443781.50
2013/07/10;5.03;5.22;5.02;5.21;573376;10416689.00
2013/07/11;5.26;5.41;5.18;5.34;899967;16919788.00
2013/07/12;5.35;5.46;5.27;5.28;747687;14169035.00
2013/07/15;5.30;5.43;5.30;5.40;726796;13783332.00
2013/07/16;5.39;5.48;5.33;5.47;960331;18353202.00
2013/07/17;5.46;5.47;5.29;5.30;747443;14165284.00
2013/07/18;5.29;5.31;5.18;5.19;669333;12387479.00
2013/07/19;5.22;5.30;4.96;4.99;583024;10649935.00
2013/07/22;4.89;5.07;4.89;5.06;502737;8890763.00
2013/07/23;5.00;5.21;5.00;5.21;520295;9475582.00
2013/07/24;5.21;5.25;5.06;5.21;657483;11969522.00
2013/07/25;5.21;5.23;5.06;5.12;565202;10265281.00
2013/07/26;5.14;5.18;5.03;5.08;494325;8912724.00
2013/07/29;4.99;5.08;4.98;4.99;576954;10241511.00
2013/07/30;5.00;5.04;4.88;4.92;369852;6472080.50
2013/07/31;4.94;5.00;4.91;4.93;386880;6799696.00
2013/08/01;4.99;5.44;4.96;5.44;1497962;27856096.00
2013/08/02;5.59;5.82;5.49;5.65;3353242;66825228.00
2013/08/05;5.65;5.73;5.56;5.66;1437690;28690260.00
2013/08/06;5.70;5.76;5.57;5.68;1724814;34374624.00
2013/08/07;5.68;5.72;5.56;5.58;1164211;23049122.00
2013/08/08;5.53;5.64;5.49;5.60;849737;16696668.00
2013/08/09;5.57;5.73;5.57;5.70;1266019;25226264.00
2013/08/12;5.70;6.05;5.66;5.96;2267380;46881572.00
2013/08/13;5.93;5.95;5.85;5.89;1028392;21294890.00
2013/08/14;5.88;6.01;5.78;5.84;913240;18826548.00
2013/08/15;5.91;5.93;5.66;5.66;1016462;20639504.00
2013/08/16;5.64;5.72;5.54;5.55;891245;17654698.00
2013/08/19;5.51;5.67;5.50;5.64;618554;12201101.00
2013/08/20;5.58;5.70;5.54;5.56;813473;16146385.00
2013/08/21;5.56;5.63;5.51;5.63;531200;10463446.00
2013/08/22;5.63;5.66;5.58;5.59;479952;9494221.00
2013/08/23;5.60;5.64;5.33;5.40;859739;16620273.00
2013/08/26;5.32;5.48;5.32;5.46;660061;12634249.00
2013/08/27;5.46;5.51;5.44;5.49;668359;12900977.00
2013/08/28;5.47;5.47;5.35;5.41;769690;14703216.00
2013/08/29;5.41;5.47;5.38;5.43;519171;9924544.00
2013/08/30;5.45;5.97;5.37;5.68;2351984;47219392.00
2013/09/02;5.74;5.97;5.64;5.91;2140479;44282408.00
2013/09/03;5.90;5.97;5.77;5.95;1401322;28881294.00
2013/09/04;5.88;5.91;5.77;5.83;928843;19062948.00
2013/09/05;5.84;6.07;5.76;5.90;1560635;32696988.00
2013/09/06;5.90;5.92;5.78;5.82;1148978;23590704.00
2013/09/09;5.79;5.85;5.77;5.84;861833;17655782.00
2013/09/10;5.84;5.96;5.79;5.94;1365778;28247204.00
2013/09/11;5.94;6.08;5.85;5.89;1834571;38453652.00
2013/09/12;5.85;5.94;5.68;5.70;1313318;26761904.00
2013/09/13;5.71;5.73;5.58;5.65;905467;17970356.00
2013/09/16;5.65;5.72;5.62;5.66;455483;9103668.00
2013/09/17;5.66;5.72;5.47;5.47;596440;11801350.00
2013/09/18;5.52;5.66;5.50;5.65;503050;9882630.00
2013/09/23;5.97;6.24;5.97;6.24;3035920;66340264.00
2013/09/24;6.38;6.49;6.15;6.17;5300535;118083800.00
2013/09/25;6.00;6.16;5.98;6.04;2410992;51390200.00
2013/09/26;6.12;6.65;6.07;6.42;4458646;100143560.00
2013/09/27;6.32;6.38;6.08;6.13;2200544;47901612.00
2013/09/30;6.14;6.31;6.08;6.18;1383207;30085436.00
2013/10/08;6.17;6.41;6.03;6.40;1813938;39648540.00
2013/10/09;6.32;6.41;6.24;6.34;1591359;35324816.00
2013/10/10;6.32;6.34;6.17;6.18;1363179;29825952.00
2013/10/11;6.16;6.31;6.16;6.24;1066351;23438052.00
2013/10/14;6.26;6.37;6.14;6.32;1515869;33416924.00
2013/10/15;6.26;6.28;6.12;6.17;1212289;26283428.00
2013/10/16;6.12;6.17;5.78;5.79;1300437;27017462.00
2013/10/17;5.87;5.94;5.77;5.81;777646;16029013.00
2013/10/18;5.91;5.97;5.84;5.95;723561;15047326.00
2013/10/21;5.95;6.49;5.91;6.38;2394331;53086136.00
2013/10/22;6.26;6.53;6.18;6.47;4209157;94814104.00
2013/10/23;6.44;6.96;6.24;6.67;6714624;155310384.00
2013/10/24;6.56;6.67;6.40;6.42;2867891;65167596.00
2013/10/25;6.36;6.41;6.02;6.06;2149061;46963328.00
2013/10/28;6.00;6.19;5.97;6.14;1201682;25868898.00
2013/10/29;6.08;6.26;5.54;5.81;2062437;42763776.00
2013/10/30;5.73;6.12;5.55;6.12;2357515;48993756.00
2013/10/31;6.11;6.42;6.10;6.13;2615448;57492036.00
2013/11/01;6.07;6.07;5.85;5.98;1259032;26334176.00
2013/11/04;5.98;6.32;5.98;6.29;1707371;37343308.00
2013/11/05;6.19;6.53;6.19;6.44;2613907;58856812.00
2013/11/06;6.41;7.10;6.33;6.81;7003463;168594432.00
2013/11/07;6.65;6.80;6.46;6.66;3804027;88710960.00
2013/11/08;6.61;6.84;6.54;6.61;2690559;63023732.00
2013/11/11;6.56;7.02;6.41;7.00;3442593;81799608.00
2013/11/12;6.94;7.32;6.82;6.86;5050867;124859224.00
2013/11/13;6.74;7.19;6.57;7.15;3996615;96669464.00
2013/11/14;7.00;7.46;7.00;7.22;4901018;124306944.00
2013/11/15;7.16;7.38;7.09;7.22;3922295;99401352.00
2013/11/18;7.15;7.34;7.06;7.18;3902474;97649792.00
2013/11/19;7.13;7.44;7.02;7.29;3412078;86189584.00
2013/11/20;7.26;7.26;7.06;7.14;2380885;59462172.00
2013/11/21;7.11;7.13;6.89;6.93;2255709;54947460.00
2013/11/22;7.00;7.06;6.91;6.93;1733021;42331568.00
2013/11/25;6.92;7.19;6.87;7.18;2212233;54694568.00
2013/11/26;7.18;7.48;7.11;7.25;3190959;81573216.00
2013/11/27;7.28;7.53;7.21;7.35;2627035;67549936.00
2013/11/28;7.30;7.72;7.21;7.65;4167559;109079696.00
2013/11/29;7.63;8.18;7.56;7.83;4659243;128173920.00
2013/12/02;7.25;7.54;7.03;7.03;3478927;87924464.00
2013/12/03;6.74;7.14;6.63;7.09;2121582;51350020.00
2013/12/04;7.03;7.63;6.96;7.31;2944349;75897000.00
2013/12/05;7.25;7.81;7.25;7.73;3000210;79290568.00
2013/12/06;7.70;7.82;7.51;7.63;2107913;56277340.00
2013/12/09;7.63;8.08;7.56;8.02;2864415;78735248.00
2013/12/10;8.00;8.32;7.68;7.72;3821848;106317680.00
2013/12/11;7.65;7.82;7.59;7.80;2023246;54513724.00
2013/12/12;7.73;7.96;7.66;7.75;1975198;53654252.00
2013/12/13;7.68;7.73;7.49;7.53;1520979;40327488.00
2013/12/16;7.56;7.60;7.21;7.29;1574424;40611044.00
2013/12/17;7.26;7.50;7.26;7.36;1174496;30379256.00
2013/12/18;7.57;8.11;7.52;7.62;2462198;66199748.00
2013/12/19;7.44;7.57;7.24;7.27;1449317;37537520.00
2013/12/20;7.26;7.35;6.94;7.03;1189437;29488428.00
2013/12/23;7.03;7.07;6.73;6.95;905987;21943478.00
2013/12/24;6.97;7.23;6.97;7.08;990388;24627182.00
2013/12/25;7.05;7.47;7.05;7.46;1813207;46593252.00
2013/12/26;7.43;7.51;7.31;7.31;1348210;34826100.00
2013/12/27;7.28;7.58;7.27;7.57;1389489;36313884.00
2013/12/30;7.55;7.70;7.54;7.59;1094750;29096096.00
2013/12/31;7.66;7.70;7.33;7.49;1115921;29198402.00
2014/01/02;7.48;7.48;7.29;7.40;930370;24031046.00
2014/01/03;7.38;7.62;7.32;7.62;1266416;33055924.00
2014/01/06;7.61;7.62;7.03;7.15;1209875;30964980.00
2014/01/07;6.82;7.28;6.82;7.20;678922;17030450.00
2014/01/08;7.16;7.36;7.15;7.32;809883;20556594.00
2014/01/09;7.21;7.36;7.12;7.23;789248;19985550.00
2014/01/10;7.16;7.18;6.76;6.78;1082909;26221404.00
2014/01/13;6.80;6.90;6.46;6.49;1031001;23976788.00
2014/01/14;6.46;6.75;6.38;6.74;864654;19942568.00
2014/01/15;6.76;6.78;6.60;6.74;639790;14978376.00
2014/01/16;6.73;6.98;6.65;6.87;1315778;31537220.00
2014/01/17;6.81;6.85;6.54;6.58;712133;16687451.00
2014/01/20;6.62;6.64;6.41;6.51;523064;11968813.00
2014/01/21;6.52;6.63;6.50;6.56;899984;20642492.00
2014/01/22;6.56;6.76;6.53;6.75;953219;22291662.00
2014/01/23;6.71;6.88;6.71;6.78;858399;20409104.00
2014/01/24;6.77;6.91;6.74;6.86;934883;22391420.00
2014/01/27;6.88;6.88;6.72;6.72;927589;22030280.00
2014/01/28;6.74;6.84;6.60;6.70;550081;12969572.00
2014/01/29;6.71;6.84;6.68;6.82;503351;11929450.00
2014/01/30;6.83;6.90;6.68;6.72;613770;14567437.00
2014/02/07;6.76;6.91;6.65;6.90;781396;18666326.00
2014/02/10;6.90;7.11;6.85;7.08;1358547;33298094.00
2014/02/11;7.08;7.11;6.99;7.05;1331549;32849228.00
2014/02/12;7.05;7.46;7.03;7.38;2041418;51800576.00
2014/02/13;7.36;7.51;7.22;7.31;1303596;33617436.00
2014/02/14;7.24;7.64;7.24;7.58;1518748;39650260.00
2014/02/17;7.56;7.72;7.53;7.57;1196756;31737966.00
2014/02/18;7.47;7.47;7.19;7.23;2399468;60927652.00
2014/02/19;7.26;7.29;7.11;7.28;1283307;32423184.00
2014/02/20;7.28;7.46;7.09;7.10;1446726;36822584.00
2014/02/21;6.97;7.09;6.91;6.98;1007088;24626256.00
2014/02/24;6.86;7.08;6.86;7.05;610448;14978351.00
2014/02/25;7.05;7.11;6.35;6.47;1561350;36837556.00
2014/02/26;6.47;6.51;6.34;6.51;633001;14295203.00
2014/02/27;6.52;6.53;6.09;6.18;1481323;33051984.00
2014/02/28;6.18;6.22;6.01;6.21;671918;14438666.00
2014/03/03;6.19;6.43;6.14;6.41;761031;16878726.00
2014/03/04;6.40;6.40;6.23;6.37;495474;11011329.00
2014/03/05;6.38;6.41;6.29;6.35;507987;11328221.00
2014/03/06;6.33;6.37;6.17;6.27;472316;10363314.00
2014/03/07;6.26;6.35;6.24;6.34;574077;12697240.00
2014/03/10;6.25;6.25;6.03;6.04;618525;13275530.00
2014/03/11;5.97;6.06;5.88;5.92;515164;10806499.00
2014/03/12;5.93;6.01;5.68;5.75;893655;18282688.00
2014/03/13;5.76;5.85;5.71;5.85;509430;10397264.00
2014/03/14;5.88;6.00;5.84;5.90;501065;10410224.00
2014/03/17;5.90;6.06;5.85;6.05;488017;10228979.00
2014/03/18;6.05;6.10;6.00;6.01;508039;10796176.00
2014/03/19;6.01;6.10;5.96;6.09;459246;9705559.00
2014/03/20;6.09;6.12;5.91;5.91;419689;8892819.00
2014/03/21;5.91;6.11;5.75;6.07;491278;10241912.00
2014/03/24;6.06;6.10;6.01;6.10;448929;9580880.00
2014/03/25;6.09;6.22;6.04;6.14;504342;10923513.00
2014/03/26;6.16;6.22;6.06;6.11;442154;9546846.00
2014/03/27;6.14;6.14;5.94;5.94;474901;10119505.00
2014/03/28;5.93;5.93;5.71;5.75;469761;9636248.00
2014/03/31;5.68;5.79;5.67;5.74;319421;6425697.00
2014/04/01;5.74;5.85;5.70;5.84;288596;5887363.50
2014/04/02;5.87;5.87;5.75;5.79;263186;5353417.50
2014/04/03;5.82;5.84;5.76;5.79;325934;6640504.00
2014/04/04;5.74;5.85;5.74;5.80;238931;4860729.50
2014/04/08;5.80;5.89;5.72;5.86;398919;8188901.00
2014/04/09;5.89;5.96;5.83;5.93;363886;7572954.00
2014/04/10;5.92;6.00;5.90;5.99;458371;9597978.00
2014/04/11;5.99;6.16;5.97;6.03;554556;11778499.00
2014/04/14;6.00;6.05;5.93;6.02;323020;6789626.00
2014/04/15;6.03;6.03;5.91;5.92;313021;6561946.00
2014/04/16;5.91;5.96;5.87;5.95;192368;4007583.25
2014/04/17;5.96;6.02;5.96;5.98;363814;7664681.00
2014/04/18;5.98;6.10;5.97;6.09;468240;9962661.00
2014/04/21;5.97;6.06;5.96;5.99;460131;9720887.00
2014/04/22;5.89;5.97;5.76;5.89;885742;18132722.00
2014/04/23;5.94;5.94;5.76;5.81;548877;11219959.00
2014/04/24;5.76;5.80;5.74;5.76;424560;8611243.00
2014/04/25;5.74;5.79;5.72;5.74;466316;9448567.00
2014/04/28;5.74;5.83;5.67;5.75;434431;8804978.00
2014/04/29;5.75;5.81;5.71;5.81;285675;5796500.00
2014/04/30;5.81;5.85;5.75;5.76;441594;9008186.00
2014/05/05;5.76;5.86;5.69;5.86;419609;8555344.00
2014/05/06;5.90;6.15;5.86;6.09;1528435;32538618.00
2014/05/07;6.05;6.13;6.02;6.09;867458;18533386.00
2014/05/08;6.06;6.13;6.05;6.10;651770;13969924.00
2014/05/09;6.10;6.37;5.99;6.12;1977274;42749352.00
2014/05/12;6.16;6.50;6.11;6.47;2976004;66051836.00
2014/05/13;6.44;6.54;6.32;6.38;1301079;29277174.00
2014/05/14;6.38;6.56;6.31;6.45;1784154;40347852.00
2014/05/15;6.45;6.46;6.24;6.37;1039308;23051798.00
2014/05/16;6.37;6.66;6.28;6.63;3558845;81905080.00
2014/05/19;6.63;6.85;6.53;6.79;2983263;70170000.00
2014/05/20;6.78;6.85;6.64;6.67;1823801;42973036.00
2014/05/21;6.69;6.78;6.53;6.76;3282129;76408784.00
2014/05/22;6.76;6.79;6.64;6.67;1478648;34675080.00
2014/05/23;6.72;6.73;6.59;6.67;1214931;28364298.00
2014/05/26;6.65;6.82;6.59;6.81;2340327;55194292.00
2014/05/27;6.77;6.88;6.71;6.76;2313307;54997820.00
2014/05/28;6.76;6.93;6.71;6.76;1921100;45865652.00
2014/05/29;6.73;6.76;6.64;6.74;1772888;41604692.00
2014/05/30;6.76;6.79;6.54;6.63;1465274;34049620.00
2014/06/03;6.73;6.73;6.56;6.64;727287;16904582.00
2014/06/04;6.67;6.67;6.50;6.65;755118;17473642.00
2014/06/05;6.65;6.65;6.47;6.54;1257667;28698466.00
2014/06/06;6.55;6.67;6.43;6.64;1049214;24304116.00
2014/06/09;6.62;6.74;6.56;6.72;819184;19194702.00
2014/06/10;6.71;6.79;6.65;6.65;1263455;29612808.00
2014/06/11;6.68;6.81;6.64;6.71;1967005;46327008.00
2014/06/12;6.71;6.74;6.50;6.51;919002;21350288.00
2014/06/13;6.55;6.57;6.19;6.19;3555197;78212536.00
2014/06/16;6.17;6.36;6.16;6.34;1942268;42564848.00
2014/06/17;6.35;6.35;6.24;6.24;793681;17424928.00
2014/06/18;6.21;6.31;6.20;6.21;683399;14872329.00
2014/06/19;6.22;6.27;5.80;6.16;1621593;34115064.00
2014/06/20;6.05;6.21;5.96;6.16;1023859;21951626.00
2014/06/23;6.20;6.44;6.19;6.36;1385887;30610164.00
2014/06/24;6.41;6.44;6.34;6.40;1271571;28344494.00
2014/06/25;6.39;6.43;6.31;6.34;937462;20867692.00
2014/06/26;6.34;6.45;6.34;6.42;1334930;29851804.00
2014/06/27;6.43;6.44;6.24;6.26;2759153;60719020.00
2014/06/30;6.24;6.36;6.22;6.31;2091393;45830224.00
2014/07/01;6.30;6.39;6.28;6.37;1043128;23116148.00
2014/07/02;6.37;6.39;6.26;6.38;913214;20220988.00
2014/07/03;6.38;6.47;6.31;6.45;1414363;31668948.00
2014/07/04;6.46;6.49;6.39;6.45;968396;21740154.00
2014/07/07;6.44;6.49;6.39;6.46;792747;17793326.00
2014/07/08;6.46;6.49;6.39;6.46;831744;18687912.00
2014/07/09;6.45;6.45;6.30;6.34;1520061;33849688.00
2014/07/10;6.37;6.38;6.28;6.30;1134773;25035232.00
2014/07/11;6.27;6.78;6.27;6.45;2189308;49416896.00
2014/07/14;6.45;6.51;6.42;6.51;1232707;27881990.00
2014/07/15;6.53;6.62;6.44;6.60;1721863;39276500.00
2014/07/16;6.57;6.59;6.46;6.46;898536;20435544.00
2014/07/17;6.47;6.50;6.38;6.44;592672;13306411.00
2014/07/18;6.46;6.62;6.46;6.61;1535370;35158948.00
2014/07/21;6.60;6.64;6.49;6.50;957918;21897448.00
2014/07/22;6.48;6.59;6.46;6.51;759745;17313518.00
2014/07/23;6.50;6.57;6.24;6.26;1270819;28286796.00
2014/07/24;6.24;6.30;6.10;6.12;1058801;22880062.00
2014/07/25;6.12;6.23;6.12;6.20;533751;11528483.00
2014/07/28;6.19;6.35;6.19;6.33;690278;15185333.00
2014/07/29;6.33;6.39;6.31;6.37;794726;17625472.00
2014/07/30;6.38;6.59;6.37;6.56;1437607;32543230.00
2014/07/31;6.56;7.23;6.56;7.13;5969615;144943856.00
2014/08/01;7.13;7.18;6.96;7.02;3023001;74341888.00
2014/08/04;7.01;7.01;6.86;6.97;1563777;37841560.00
2014/08/05;6.97;7.12;6.95;6.98;1681288;40985328.00
2014/08/06;6.98;7.04;6.90;6.94;909633;22048108.00
2014/08/07;6.92;7.04;6.87;6.92;1064517;25787606.00
2014/08/08;6.91;6.98;6.84;6.95;861302;20691192.00
2014/08/11;6.95;7.01;6.89;6.98;868333;21071280.00
2014/08/12;6.98;7.04;6.95;6.99;854790;20805254.00
2014/08/13;7.01;7.03;6.86;6.90;809664;19522988.00
2014/08/14;6.89;6.99;6.88;6.90;779461;18799142.00
2014/08/15;6.89;7.01;6.89;6.99;849041;20547296.00
2014/08/18;6.99;7.12;6.99;7.07;1302881;31966500.00
2014/08/19;6.99;7.04;6.91;6.96;1516206;36745792.00
2014/08/20;6.96;7.03;6.91;6.97;1097531;26697512.00
2014/08/21;6.99;7.00;6.91;6.97;872086;21101680.00
2014/08/22;7.00;7.11;6.94;7.06;1324897;32436732.00
2014/08/25;7.06;7.29;7.03;7.10;1687535;41973528.00
2014/08/26;7.06;7.08;6.83;6.87;1345323;32662710.00
2014/08/27;6.89;6.89;6.77;6.83;852213;20258992.00
2014/08/28;6.81;6.89;6.76;6.81;559142;13305282.00
2014/08/29;6.83;6.88;6.79;6.86;501433;11936463.00
2014/09/01;6.85;7.02;6.85;7.02;785664;19037962.00
2014/09/02;7.02;7.11;6.97;7.08;1055432;25910618.00
2014/09/03;7.09;7.29;7.04;7.16;2422807;60328820.00
2014/09/04;7.16;7.44;7.16;7.30;2365658;60068812.00
2014/09/05;7.28;7.32;7.22;7.30;1220187;30885308.00
2014/09/09;7.30;7.35;7.23;7.29;1282539;32463070.00
2014/09/10;7.22;7.38;7.11;7.33;1557602;39240180.00
2014/09/11;7.33;7.46;7.23;7.29;1648679;42217860.00
2014/09/12;7.26;7.64;7.25;7.50;1531994;39907256.00
2014/09/15;7.46;8.27;7.43;8.27;6551846;182398672.00
2014/09/16;8.37;8.50;8.07;8.19;4243784;121701344.00
2014/09/17;8.13;8.66;8.07;8.45;3055855;88774240.00
2014/09/18;8.39;8.65;8.30;8.51;2621905;77349120.00
2014/09/19;8.41;8.53;8.19;8.43;2191589;63830720.00
2014/09/22;8.38;8.39;8.22;8.27;1397559;40236276.00
2014/09/23;8.24;8.34;8.23;8.31;956987;27508528.00
2014/09/24;8.33;8.50;8.26;8.42;1405215;41001352.00
2014/09/25;8.49;8.49;8.27;8.45;1335526;38760424.00
2014/09/26;8.41;9.13;8.39;8.86;2992896;90895184.00
2014/09/29;8.86;8.99;8.70;8.94;1508536;46351712.00
2014/09/30;8.94;9.36;8.84;9.24;1787141;56940784.00
2014/10/08;9.24;9.41;8.97;9.29;976144;31042910.00
2014/10/09;9.24;9.33;8.86;8.95;1425003;44472812.00
2014/10/10;8.99;9.30;8.85;9.21;1786671;56667176.00
2014/10/13;9.10;9.24;8.95;9.08;1022961;32175816.00
2014/10/14;9.07;9.14;8.85;8.87;1596201;49663268.00
2014/10/15;8.85;9.04;8.79;8.91;1289845;39939264.00
2014/10/16;8.84;9.21;8.84;8.90;1751591;55095480.00
2014/10/17;8.89;9.18;8.63;9.00;2176720;66988476.00
2014/10/20;9.00;9.73;9.00;9.66;2333500;75528328.00
2014/10/21;9.56;9.88;9.46;9.69;1902438;64147048.00
2014/10/22;9.67;10.04;9.49;9.69;1779165;60884460.00
2014/10/23;9.60;9.80;9.36;9.66;1042834;34509204.00
2014/10/24;9.66;9.69;9.46;9.65;566792;18773370.00
2014/10/27;9.68;9.98;9.40;9.83;847092;28771318.00
2014/10/28;9.83;10.02;9.69;10.01;964770;32901338.00
2014/10/29;10.01;10.42;9.89;10.06;898750;31542742.00
2014/10/30;10.10;10.10;9.69;9.85;1264420;43028540.00
2014/10/31;9.84;9.94;9.50;9.90;1092377;36830456.00
2014/11/03;9.89;10.12;9.83;9.95;607226;20991602.00
2014/11/04;10.00;10.06;9.85;9.91;417775;14383376.00
2014/11/05;9.89;9.98;9.83;9.86;504489;17249318.00
2014/11/06;9.92;10.15;9.84;10.12;822487;28583958.00
2014/11/07;10.07;10.21;9.84;9.88;753725;26148142.00
2014/11/10;9.81;9.98;9.77;9.84;323303;10998152.00
2014/11/11;9.83;9.87;8.91;9.24;1100726;35562272.00
2014/11/12;9.19;9.33;8.99;9.29;393292;12507102.00
2014/11/13;9.30;9.30;8.66;8.73;966082;29800748.00
2014/11/14;8.60;8.95;8.51;8.90;579247;17743726.00
2014/11/17;8.91;9.09;8.81;9.02;408516;12711160.00
2014/11/18;8.84;9.06;8.84;8.95;421754;13109560.00
2014/11/19;8.95;9.08;8.82;8.99;577704;17814050.00
2014/11/20;8.89;8.99;8.83;8.87;319573;9857879.00
2014/11/21;8.86;8.99;8.86;8.90;339628;10492423.00
2014/11/24;8.97;9.19;8.94;9.11;558144;17564314.00
2014/11/25;9.08;9.27;9.07;9.27;480438;15260852.00
2014/11/26;9.24;9.46;9.24;9.33;507173;16410902.00
2014/11/27;9.36;9.39;9.10;9.27;711548;22798398.00
2014/11/28;9.31;9.31;9.08;9.15;604705;19227622.00
2014/12/01;9.21;9.24;8.71;8.79;725933;22389172.00
2014/12/02;8.74;9.04;8.72;8.99;501878;15594662.00
2014/12/03;9.01;9.42;8.96;9.27;954812;30485364.00
2014/12/04;9.29;9.38;9.18;9.26;1001706;32017094.00
2014/12/05;9.25;9.29;8.69;9.24;1028439;32224366.00
2014/12/08;9.24;9.24;8.95;9.02;689406;21538848.00
2014/12/09;8.95;8.95;8.45;8.46;1331899;39702832.00
2014/12/10;8.45;8.70;8.37;8.68;465092;13868604.00
2014/12/11;8.66;8.73;8.54;8.63;411789;12345963.00
2014/12/12;8.60;8.80;8.60;8.74;1012524;30516978.00
2014/12/15;8.66;8.86;8.51;8.82;505437;15230219.00
2014/12/16;8.85;9.42;8.84;9.39;1808891;57878256.00
2014/12/17;9.38;9.54;9.04;9.21;900978;28567640.00
2014/12/18;9.33;9.39;8.95;9.22;831966;26630626.00
2014/12/19;9.22;9.22;8.79;8.97;481060;14957020.00
2014/12/22;8.95;9.18;8.53;9.15;778626;23656842.00
2014/12/23;9.07;9.39;9.02;9.07;462155;14739638.00
2014/12/24;9.27;9.27;8.95;9.08;305811;9609806.00
2014/12/25;9.20;9.20;8.97;9.14;409224;12931219.00
2014/12/26;9.15;9.15;8.86;8.99;382499;11908846.00
2014/12/29;8.69;9.04;8.69;8.70;307369;9340197.00
2014/12/30;8.67;8.89;8.62;8.74;300129;9058173.00
2014/12/31;8.71;8.78;8.66;8.68;298278;8996690.00
2015/01/05;8.66;8.76;8.51;8.71;353942;10594198.00
2015/01/06;8.71;8.81;8.60;8.75;558667;16931760.00
2015/01/07;8.80;8.80;8.64;8.69;378375;11373759.00
2015/01/08;8.74;8.74;8.60;8.63;461501;13871625.00
2015/01/09;8.54;8.69;8.54;8.58;313132;9323070.00
2015/01/12;8.58;8.68;8.42;8.67;666348;19906516.00
2015/01/13;8.66;8.74;8.58;8.70;699199;20995384.00
2015/01/14;8.74;8.95;8.66;8.71;517098;15662082.00
2015/01/15;8.66;8.86;8.61;8.84;598835;18152970.00
2015/01/16;8.84;9.20;8.75;9.20;878858;27388064.00
2015/01/19;9.01;9.53;9.00;9.53;1604867;51535068.00
2015/01/20;9.47;9.89;9.42;9.54;3239729;107467600.00
2015/01/21;9.34;9.48;9.25;9.44;1624567;52491508.00
2015/01/22;9.45;9.61;9.39;9.51;1555343;51208388.00
2015/01/23;9.39;9.77;9.39;9.61;1196767;39688916.00
2015/01/26;9.58;9.58;9.40;9.54;663528;21768212.00
2015/01/27;9.68;9.68;9.36;9.47;541454;17774642.00
2015/01/28;9.47;9.80;9.39;9.60;766096;25417582.00
2015/01/29;9.69;9.79;9.54;9.73;880297;29452680.00
2015/01/30;9.80;9.80;9.35;9.36;597151;19687622.00
2015/02/02;9.24;9.44;9.13;9.42;682042;21844294.00
2015/02/03;9.44;9.51;9.36;9.45;291064;9513076.00
2015/02/04;9.46;9.65;9.36;9.46;242736;7993753.50
2015/02/05;9.46;9.64;9.24;9.24;298820;9669723.00
2015/02/06;9.14;9.24;8.82;8.95;362020;11240876.00
2015/02/09;8.71;9.01;8.66;8.95;418171;12718576.00
2015/02/10;8.92;8.95;8.73;8.85;252682;7729979.00
2015/02/11;8.74;8.93;8.74;8.86;142801;4372119.50
2015/02/12;8.83;8.90;8.76;8.87;242590;7409687.00
2015/02/13;8.91;9.12;8.83;9.01;281360;8744846.00
2015/02/16;9.13;9.13;8.99;9.07;255847;8036623.00
2015/02/17;9.18;9.18;9.01;9.10;204277;6420336.00
2015/02/25;9.10;9.16;8.99;9.14;305403;9583758.00
2015/02/26;9.15;9.21;9.05;9.15;193402;6116489.00
2015/02/27;9.21;9.36;9.15;9.25;305036;9712510.00
2015/03/02;9.26;9.45;9.26;9.42;535308;17333444.00
2015/03/03;9.41;9.71;9.36;9.71;802774;26538948.00
2015/03/04;9.69;10.69;9.54;10.53;2334359;83195696.00
2015/03/05;10.33;10.48;10.05;10.06;1222286;43025036.00
2015/03/06;10.04;10.17;9.76;9.76;709716;24349322.00
2015/03/09;9.71;9.95;9.66;9.79;478170;16214186.00
2015/03/10;9.79;9.98;9.74;9.97;391601;13342675.00
2015/03/11;9.97;9.99;9.78;9.80;440551;14978412.00
2015/03/12;9.77;10.01;9.50;9.69;542005;18189688.00
2015/03/13;9.69;9.86;9.62;9.75;287076;9648798.00
2015/03/16;9.79;9.93;9.66;9.91;742735;25244170.00
2015/03/17;9.96;10.13;9.91;9.97;749529;25926944.00
2015/03/18;10.02;10.19;9.92;10.10;892906;31133636.00
2015/03/19;10.05;10.07;9.93;10.01;705750;24399562.00
2015/03/20;10.04;10.39;10.01;10.33;1205785;42668780.00
2015/07/14;11.38;11.38;11.38;11.38;163510;3770540.50
2015/07/15;12.54;12.54;12.54;12.54;790630;20058284.00
2015/07/16;13.81;13.81;13.81;13.81;1315647;36719708.00
2015/07/17;15.20;15.20;15.20;15.20;141777;4352554.00
2015/07/20;16.74;16.74;16.74;16.74;54458;1839046.63
2015/07/21;18.43;18.43;18.43;18.43;368837;13702295.00
2015/07/22;20.29;20.29;20.29;20.29;507801;20753826.00
2015/07/23;22.33;22.33;22.33;22.33;28761;1293094.50
2015/07/24;24.58;24.58;24.10;24.58;9669365;478187584.00
2015/07/27;25.35;25.35;22.11;22.11;16404684;776852544.00
2015/07/28;19.88;20.85;19.88;19.88;7983480;322209184.00
2015/07/29;19.86;20.84;18.85;20.51;9690144;390985248.00
2015/07/30;19.85;20.09;18.45;18.45;8539648;333559072.00
2015/07/31;17.70;18.24;16.59;16.78;6703669;233845600.00
2015/08/03;16.25;16.77;15.63;16.60;4261449;139689728.00
2015/08/04;16.60;18.28;16.60;18.28;9374982;338921888.00
2015/08/05;18.65;18.83;17.10;17.20;9871454;356552576.00
2015/08/06;16.35;16.79;15.76;16.55;5808728;192505632.00
2015/08/07;16.85;18.12;16.62;17.85;5716011;200750576.00
2015/08/10;17.80;19.22;17.54;18.66;6903700;257918720.00
2015/08/11;18.40;18.85;18.14;18.40;5368290;200391440.00
2015/08/12;18.05;18.35;17.20;17.20;4549227;162835200.00
2015/08/13;16.91;18.35;16.90;18.31;5005019;178515968.00
2015/08/14;18.35;19.54;17.95;19.24;6767591;257250976.00
2015/08/17;18.95;19.97;18.85;19.23;6256174;246117264.00
2015/08/18;18.85;19.23;17.29;17.29;5835680;215813456.00
2015/08/19;16.82;18.08;16.14;18.08;4469360;154706160.00
2015/08/20;17.60;18.07;16.92;16.99;2715884;96308376.00
2015/08/21;16.67;16.90;15.36;15.55;3776712;123066928.00
2015/08/24;14.65;14.81;13.98;13.98;3736085;107078648.00
2015/08/25;12.61;13.84;12.57;12.58;5832568;152633888.00
2015/08/26;12.80;13.62;12.28;12.63;5776972;151779504.00
2015/08/27;13.04;13.91;12.86;13.91;6489728;178239504.00
2015/08/28;13.99;15.09;13.89;14.78;7424691;214566976.00
2015/08/31;14.45;14.45;13.58;13.59;4175549;117646208.00
2015/09/01;13.50;13.60;12.22;12.35;4314118;110468064.00
2015/09/02;11.60;12.79;11.60;11.95;2691672;66277148.00
2015/09/07;12.32;12.83;12.10;12.54;3033980;76880344.00
2015/09/08;12.35;13.47;12.00;13.32;3413388;87482168.00
2015/09/09;13.25;14.30;13.21;14.05;6129754;173090624.00
2015/09/10;13.68;14.79;13.65;14.60;4751238;138779408.00
2015/09/11;14.60;16.07;14.37;16.07;8715584;268843840.00
2015/09/14;16.07;16.60;14.45;16.07;8316171;259215584.00
2015/09/15;15.35;17.65;15.10;17.55;7003871;240322912.00
2015/09/16;17.85;19.09;16.30;18.52;13743413;495051808.00
2015/09/17;17.56;19.84;16.85;19.52;10150625;377660672.00
2015/09/18;18.85;19.50;18.61;19.45;4421999;170126272.00
2015/09/21;19.05;19.59;18.66;18.80;3406102;130402360.00
2015/09/22;18.40;20.54;17.94;20.10;5509409;211430864.00
2015/09/23;19.35;22.09;19.31;21.05;5988760;252648128.00
2015/09/24;20.85;21.60;20.02;20.25;3584794;148456272.00
2015/09/25;19.75;21.70;18.21;21.20;5242651;211542096.00
2015/09/28;19.79;20.79;19.48;19.62;4555492;182963888.00
2015/09/29;19.23;20.29;18.40;20.10;4341048;168642224.00
2015/09/30;19.73;19.73;18.85;18.85;2098747;81568032.00
2015/10/08;19.46;19.58;18.70;18.98;4092730;156957008.00
2015/10/09;18.71;20.29;18.66;19.63;4904530;194045568.00
2015/10/12;19.60;20.90;19.41;20.90;6105899;251449600.00
2015/10/13;20.84;20.84;19.87;20.60;3999904;163121936.00
2015/10/14;20.16;20.94;19.54;20.85;5211802;211243488.00
2015/10/15;20.61;21.29;20.35;20.72;4410933;184587232.00
2015/10/16;20.70;21.69;20.07;20.73;4676084;195754208.00
2015/10/19;20.46;22.82;20.46;21.15;11458968;493599008.00
2015/10/20;21.68;22.15;20.55;20.82;8793850;375972160.00
2015/10/21;20.64;21.32;18.73;18.73;7791852;315784672.00
2015/10/22;17.85;18.69;17.36;18.43;7626122;277887520.00
2015/10/23;18.21;19.60;17.86;18.45;9940357;376107712.00
2015/10/26;18.55;19.03;18.35;18.60;5721879;214850688.00
2015/10/27;18.35;18.38;17.25;18.34;4803695;171819504.00
2015/10/28;18.15;18.96;17.76;17.76;4024852;149155952.00
2015/10/29;17.94;18.15;17.35;17.60;2980362;106169448.00
2015/10/30;17.43;18.05;16.85;17.27;4271450;150377712.00
2015/11/09;19.01;19.01;19.01;19.01;654202;25069020.00
2015/11/10;20.60;20.93;19.90;20.93;14507985;606017280.00
2015/11/11;20.61;21.60;20.55;21.03;11649794;495874784.00
2015/11/12;21.19;22.99;21.03;22.25;9012015;399612384.00
2015/11/13;21.85;22.09;20.88;21.11;5701440;246019568.00
2015/11/16;20.78;23.19;20.77;22.85;5908460;263378208.00
2015/11/17;22.84;23.34;22.18;22.32;4678976;214573184.00
2015/11/18;22.44;23.49;21.97;22.08;4691949;216101632.00
2015/11/19;22.10;22.99;21.62;22.85;3901435;175705008.00
2015/11/20;22.83;23.78;22.65;23.13;3728221;173843360.00
2015/11/23;23.53;23.78;22.35;22.73;3446660;161075488.00
2015/11/24;22.42;23.00;22.05;22.35;2552320;114805576.00
2015/11/25;22.18;24.30;22.12;24.11;4828700;228309168.00
2015/11/26;23.95;25.22;23.50;24.35;4687112;230899664.00
2015/11/27;24.14;24.79;21.90;21.90;4661752;219362304.00
2015/11/30;22.15;22.50;19.70;21.47;4821587;207226816.00
2015/12/01;21.18;23.04;20.76;22.07;4719526;208437072.00
2015/12/02;21.64;21.95;20.07;20.65;3240480;136858864.00
2015/12/03;20.86;21.34;19.87;21.00;3054602;127113000.00
2015/12/04;20.95;21.78;20.75;21.64;3159324;134934432.00
2015/12/07;21.61;21.85;21.24;21.60;2358426;102495920.00
2015/12/08;21.44;21.65;20.61;20.82;2759753;116902512.00
2015/12/09;20.88;21.10;20.35;20.83;2100353;88198072.00
2015/12/10;20.83;21.35;20.76;21.10;2492522;105784408.00
2015/12/11;21.24;21.24;20.10;20.30;2339533;97069264.00
2015/12/14;19.66;20.69;19.66;20.66;1616873;66407408.00
2015/12/15;21.05;21.78;21.05;21.43;2633291;113686952.00
2015/12/16;21.60;22.24;21.28;21.90;3129242;137771504.00
2015/12/17;22.25;22.25;21.85;22.00;2960467;131355264.00
2015/12/18;22.00;22.65;21.91;22.40;3085328;138838688.00
2015/12/21;22.31;22.70;21.98;22.55;2554111;115017056.00
2015/12/22;22.56;23.80;22.43;23.02;2970703;138124512.00
2015/12/23;23.03;23.60;22.27;22.29;2892842;132851856.00
2015/12/24;22.30;24.54;22.16;24.54;6686984;321566176.00
2015/12/25;24.35;24.73;23.85;24.11;4426410;215641328.00
2015/12/28;24.10;25.09;23.75;23.79;3450627;168796336.00
2015/12/29;23.84;24.60;23.48;24.60;2907513;141171664.00
2015/12/30;24.69;26.45;24.69;25.80;4047352;208390352.00
2015/12/31;25.35;25.73;23.75;23.75;5000356;246663232.00
2016/01/04;23.75;23.79;21.36;21.36;2384850;106598048.00
2016/01/05;19.86;21.10;19.25;20.18;3239634;132663784.00
2016/01/06;20.35;20.84;20.13;20.78;1669398;69252344.00
2016/01/07;20.30;20.30;18.69;18.69;682300;26485200.00
2016/01/08;18.90;19.60;16.91;18.60;2239658;83878512.00
2016/01/11;17.68;18.68;17.50;17.61;2021335;73550216.00
2016/01/12;17.83;19.15;17.61;18.91;2087085;77428728.00
2016/01/13;19.14;19.74;18.35;18.50;2380877;91725016.00
2016/01/14;18.25;19.55;17.66;19.18;1889077;71583368.00
2016/01/15;19.10;19.83;18.54;18.73;2197968;85094976.00
2016/01/18;18.34;19.38;17.88;19.10;1486299;56828760.00
2016/01/19;19.07;19.60;18.86;19.54;1482727;57607900.00
2016/01/20;19.38;19.54;18.46;18.94;1815531;69662096.00
2016/01/21;19.20;19.45;17.88;18.10;3300357;123722016.00
2016/01/22;18.21;18.41;17.29;17.80;1683829;60129700.00
2016/01/25;18.01;18.76;18.01;18.23;1236539;45796760.00
2016/01/26;18.00;18.48;16.93;17.11;1819817;65170724.00
2016/01/27;17.35;17.74;16.45;17.11;1549543;52920312.00
2016/01/28;17.14;17.50;16.86;17.06;1097572;38128144.00
2016/01/29;17.06;17.63;16.52;17.41;1496657;52020292.00
2016/02/01;17.43;17.57;17.14;17.18;1007531;35159764.00
2016/02/02;17.34;17.85;17.21;17.74;998690;35593472.00
2016/02/03;17.41;17.58;17.18;17.41;840379;29542342.00
2016/02/04;17.54;17.96;17.53;17.60;1319511;47251632.00
2016/02/05;17.35;17.85;17.26;17.35;797241;28034710.00
2016/02/15;16.67;17.27;16.38;17.18;779890;26636728.00
2016/02/16;17.25;17.79;17.23;17.71;1383565;49231068.00
2016/02/17;17.68;18.47;17.65;18.28;2019958;74207008.00
2016/02/18;18.55;19.70;18.54;18.73;2814803;108493320.00
2016/02/19;18.73;19.08;18.35;18.86;1318814;50117212.00
2016/02/22;19.30;19.45;18.93;19.33;1480622;57349388.00
2016/02/23;19.32;19.35;18.90;19.00;908200;34913852.00
2016/02/24;19.01;19.30;18.45;18.86;1465869;55872664.00
2016/02/25;18.49;18.84;16.96;17.11;1775124;63446720.00
2016/02/26;17.31;17.72;17.16;17.31;1780267;62363204.00
2016/02/29;17.29;17.52;16.17;16.19;1227147;41307952.00
2016/03/01;16.35;16.64;15.40;16.60;1361094;44385664.00
2016/03/02;16.61;18.25;16.60;18.20;2222421;78398640.00
2016/03/03;18.35;19.10;18.15;18.70;2583878;97462048.00
2016/03/04;18.80;18.80;17.55;18.14;1201093;44202460.00
2016/03/07;18.31;19.54;18.30;18.84;2022353;77691608.00
2016/03/08;18.85;19.41;18.25;19.38;2393691;92134272.00
2016/03/09;19.60;20.19;19.11;19.20;2750941;109293104.00
2016/03/10;19.35;19.72;18.75;19.40;2385244;92352336.00
2016/03/11;19.11;20.59;19.11;20.56;3452757;138465552.00
2016/03/14;20.84;21.53;20.56;21.30;3488506;148299312.00
2016/03/15;20.88;21.93;20.65;21.65;5241840;221607056.00
2016/03/16;21.58;22.14;20.91;21.66;4017830;172931568.00
2016/03/17;21.35;21.50;20.20;21.35;6496004;273451776.00
2016/03/18;20.85;22.21;20.85;22.07;4120319;178149760.00
2016/03/21;21.85;21.86;21.10;21.38;2559027;110445800.00
2016/03/22;21.27;21.28;20.66;21.08;2379537;100147928.00
2016/03/23;21.15;21.63;20.66;21.08;1627176;69249264.00
2016/03/24;20.74;21.05;20.22;20.79;1623102;67343656.00
2016/03/25;20.36;21.04;20.36;20.95;1219714;51085860.00
2016/03/28;20.95;21.25;20.15;20.30;1055698;44066916.00
2016/03/29;20.35;20.49;19.28;19.86;1246287;49489652.00
2016/03/30;19.87;20.33;19.65;20.20;1107376;44662724.00
2016/03/31;20.35;20.45;19.94;20.04;844713;34239272.00
2016/04/01;20.01;20.80;20.01;20.40;1389344;57199432.00
2016/04/05;20.40;20.97;20.16;20.75;1262854;52386580.00
2016/04/06;20.70;20.85;20.35;20.65;1160004;48115224.00
2016/04/07;20.57;20.57;19.85;20.10;1364382;55270040.00
2016/04/08;19.90;20.35;19.37;20.35;1699645;68097832.00
2016/04/11;20.41;20.84;20.11;20.60;1468703;60688848.00
2016/04/12;20.60;20.75;20.00;20.68;1761035;72358168.00
2016/04/13;20.65;21.10;20.38;20.92;1469066;61689540.00
2016/04/14;20.76;20.97;20.44;20.88;1117989;46620212.00
2016/04/15;20.70;21.09;20.35;20.80;1110288;46370336.00
2016/04/18;20.95;20.95;20.10;20.83;1090641;45111696.00
2016/04/19;20.80;22.29;20.53;21.72;2544092;110212944.00
2016/04/20;21.69;22.32;19.75;22.32;3797662;164716016.00
2016/04/21;22.19;23.35;21.80;22.14;3287431;149032112.00
2016/04/22;21.84;22.60;21.23;22.46;1721813;75816488.00
2016/04/25;22.45;22.61;21.60;22.61;1520085;67872656.00
2016/04/26;22.35;23.79;22.24;23.05;2475867;115480688.00
2016/04/27;23.08;23.35;22.44;22.46;1646524;75532224.00
2016/04/28;22.51;22.69;21.36;22.20;1778500;77960112.00
2016/04/29;21.85;22.55;21.54;22.55;1453378;64584464.00
2016/05/03;22.73;22.95;22.08;22.52;1275220;58027780.00
2016/05/04;22.51;22.85;22.26;22.37;1124826;51000116.00
2016/05/05;22.20;22.31;21.71;21.83;1701183;75023520.00
2016/05/06;21.85;22.07;20.64;20.64;1836970;78965248.00
2016/05/09;20.39;21.85;19.87;20.29;2567324;106026080.00
2016/05/10;20.29;20.29;19.68;19.77;1417986;56969336.00
2016/05/11;20.05;20.34;19.46;19.86;1314514;52664848.00
2016/05/12;19.35;19.60;18.78;19.46;1179786;45803776.00
2016/05/13;19.35;19.58;19.11;19.15;653562;25499414.00
2016/05/16;19.10;21.08;18.69;20.03;2417145;96216848.00
2016/05/17;19.92;20.03;19.40;19.51;1639928;65047052.00
2016/05/18;19.53;19.53;17.87;18.10;1890659;70646448.00
2016/05/19;18.60;18.60;17.97;18.07;1049987;38719940.00
2016/05/20;17.85;18.47;17.79;18.43;1576905;57511356.00
2016/05/23;18.43;18.85;18.09;18.26;2630440;97525592.00
2016/05/24;18.28;18.45;17.82;18.00;1718693;62976124.00
2016/05/25;18.08;18.24;17.82;17.95;1059077;38484012.00
2016/05/26;17.95;18.22;17.36;18.22;1394636;49642140.00
2016/05/27;18.09;18.32;17.92;18.06;1132319;41271896.00
2016/05/30;18.06;18.23;17.78;18.06;994469;36100884.00
2016/05/31;18.01;18.91;18.01;18.76;1864509;69639400.00
2016/06/01;18.65;18.97;18.65;18.77;1655359;62861852.00
2016/06/02;18.92;18.92;18.61;18.76;1479196;55782356.00
2016/06/03;18.82;19.48;18.80;19.45;2335000;90379632.00
2016/06/06;19.45;19.79;18.83;19.04;2278177;88076752.00
2016/06/07;19.04;19.45;18.75;19.36;2151633;82862168.00
2016/06/08;19.27;19.36;18.83;18.96;1750920;66961428.00
2016/06/13;18.75;18.82;17.91;18.05;1525837;56981768.00
2016/06/14;18.00;18.18;17.85;18.08;736798;26755014.00
2016/06/15;18.02;18.85;17.85;18.50;1487722;55399020.00
2016/06/16;18.60;18.90;18.37;18.57;1331227;50002404.00
2016/06/17;18.64;19.10;18.48;18.80;1366291;51981092.00
2016/06/20;18.85;18.85;18.46;18.71;1193583;44715248.00
2016/06/21;18.71;18.83;18.54;18.59;1008980;38006600.00
2016/06/22;18.69;18.95;18.60;18.95;1188333;45066876.00
2016/06/23;18.85;20.05;18.77;19.86;3279622;128342056.00
2016/06/24;19.70;20.75;18.58;20.19;3477710;139281680.00
2016/06/27;19.94;21.10;19.89;20.80;3119484;130567320.00
2016/06/28;20.63;21.04;20.51;20.67;2484430;103512920.00
2016/06/29;20.68;21.02;20.60;20.98;2380465;99984128.00
2016/06/30;20.90;21.09;20.53;20.62;1753886;73278104.00
2016/07/01;20.66;20.98;20.55;20.73;1253034;52367768.00
2016/07/04;20.60;20.90;20.50;20.90;1957570;81751688.00
2016/07/05;20.99;21.18;20.78;20.91;1688575;71146488.00
2016/07/06;20.78;20.96;20.67;20.90;1398284;58688204.00
2016/07/07;21.00;21.69;21.00;21.34;2840749;122548720.00
2016/07/08;21.36;21.60;21.19;21.34;1942121;83619040.00
2016/07/11;21.45;21.53;20.48;20.52;2296469;97093536.00
2016/07/12;20.45;20.50;19.76;20.31;2453991;99444688.00
2016/07/13;20.10;20.76;20.10;20.72;1849811;76477496.00
2016/07/14;20.61;20.84;20.55;20.64;1288611;53651896.00
2016/07/15;20.74;20.82;20.36;20.65;1112862;46085656.00
2016/07/18;20.65;21.79;20.36;21.69;4141193;175961520.00
2016/07/19;22.35;23.55;22.35;22.55;7961434;364996128.00
2016/07/20;22.20;22.69;21.85;22.02;3877944;172621184.00
2016/07/21;22.02;23.08;21.90;22.46;5159244;233321056.00
2016/07/22;22.00;22.50;21.01;21.03;8567399;186085920.00
2016/07/25;21.03;21.80;20.88;21.19;5531709;118470808.00
2016/07/26;21.21;21.51;20.66;20.88;5733469;119992736.00
2016/07/27;20.80;21.24;18.87;18.91;7660090;151653584.00
2016/07/28;18.91;19.30;18.18;18.67;4530383;85118712.00
2016/07/29;18.86;19.10;18.54;18.79;3811926;71984672.00
2016/08/01;18.60;18.90;18.00;18.77;3570668;65821936.00
2016/08/02;18.59;18.98;18.48;18.89;1999773;37654248.00
2016/08/03;18.80;19.17;18.73;19.07;2422202;45940976.00
2016/08/04;18.91;19.20;18.50;19.03;2407107;45467124.00
2016/08/05;19.11;19.15;18.63;18.66;1856720;34965644.00
2016/08/08;18.60;19.10;18.21;19.03;2942191;55523648.00
2016/08/09;19.23;19.43;19.06;19.10;2540936;48892272.00
2016/08/10;19.19;19.27;18.95;19.06;2017110;38528244.00
2016/08/11;19.07;19.13;18.50;18.57;2498376;46785712.00
2016/08/12;18.49;18.88;18.41;18.76;1890072;35320784.00
2016/08/15;18.89;19.13;18.48;19.01;3798963;71890944.00
2016/08/16;19.16;19.25;18.99;19.20;2909012;55630820.00
2016/08/17;19.20;20.29;19.06;19.99;6439730;127512520.00
2016/08/18;19.99;21.12;19.90;20.38;5856674;120447768.00
2016/08/19;20.40;20.46;19.85;20.22;3400656;68429504.00
2016/08/22;20.34;20.68;19.92;19.93;2762336;56090972.00
2016/08/23;19.90;20.09;19.49;19.68;2072310;41089292.00
2016/08/24;19.68;19.88;19.52;19.66;1905008;37443384.00
2016/08/25;19.67;19.67;19.13;19.34;2274479;43954864.00
2016/08/26;19.46;19.58;19.33;19.48;1925265;37459440.00
2016/08/29;19.50;20.05;19.21;19.79;2631278;51664004.00
2016/08/30;19.84;19.95;19.52;19.55;1635785;32196666.00
2016/08/31;19.78;19.86;19.55;19.74;1626728;32072164.00
2016/09/01;19.74;19.83;19.38;19.38;1452058;28429664.00
2016/09/02;19.58;19.58;19.00;19.16;1303262;25114448.00
2016/09/05;19.17;19.45;19.10;19.22;1496223;28828236.00
2016/09/06;19.37;19.56;19.08;19.45;1858041;35897636.00
2016/09/07;19.44;19.65;19.25;19.62;2211420;43060640.00
2016/09/08;19.57;21.56;19.38;21.11;4986770;102714416.00
2016/09/09;20.56;20.99;20.25;20.36;5070183;104239712.00
2016/09/12;20.00;20.12;19.48;19.49;3427682;67810656.00
2016/09/13;19.50;19.78;19.46;19.55;1622081;31732446.00
2016/09/14;19.40;19.48;19.00;19.19;1712717;32953730.00
2016/09/19;19.23;19.48;19.19;19.20;1170280;22568704.00
2016/09/20;19.16;19.37;19.16;19.22;1026338;19746252.00
2016/09/21;19.29;19.35;19.18;19.24;1037317;19963226.00
2016/09/22;19.30;19.96;19.30;19.82;2654476;52206624.00
2016/09/23;19.80;20.80;19.61;20.32;3959627;79902720.00
2016/09/26;20.27;20.27;19.32;19.45;3045394;60612480.00
2016/09/27;19.16;19.55;19.16;19.46;1608598;31122676.00
2016/09/28;19.46;19.68;19.22;19.25;1344444;26082908.00
2016/09/29;19.26;19.51;19.22;19.24;1040668;20123180.00
2016/09/30;19.28;19.45;19.23;19.35;1037099;20014892.00
2016/10/10;19.60;19.77;19.40;19.74;1668362;32762194.00
2016/10/11;19.86;19.96;19.60;19.74;1658237;32725108.00
2016/10/12;19.70;19.87;19.53;19.70;1506032;29755482.00
2016/10/13;19.78;19.84;19.61;19.62;1361504;26840258.00
2016/10/14;19.62;19.88;19.24;19.84;3171808;62013872.00
2016/10/17;19.83;19.85;19.41;19.41;1780560;34950824.00
2016/10/18;19.42;19.69;19.37;19.60;1347300;26312656.00
2016/10/19;19.58;19.68;19.41;19.51;1260260;24610548.00
2016/10/20;19.74;19.76;19.50;19.66;1582042;31048500.00
2016/10/21;19.67;20.18;19.66;20.09;5465902;109124960.00
2016/10/24;20.03;20.56;19.95;19.95;3522019;71146088.00
2016/10/25;19.92;20.37;19.75;20.28;2734493;54878212.00
2016/10/26;20.30;20.33;19.83;20.00;1894160;37886936.00
2016/10/27;20.24;20.29;19.80;19.99;1598552;31995894.00
2016/10/28;19.92;20.18;19.70;19.73;2173767;43134304.00
2016/10/31;19.58;19.82;19.42;19.72;1532869;30058602.00
2016/11/01;19.77;19.89;19.62;19.80;1770661;35015516.00
2016/11/02;19.76;20.35;19.70;20.04;3215667;64257264.00
2016/11/03;19.85;20.16;19.79;19.91;2539159;50614720.00
2016/11/04;19.90;20.06;19.74;20.06;2066321;41086776.00
2016/11/07;20.05;20.54;19.80;20.48;5093927;103087104.00
2016/11/08;20.50;21.69;20.30;21.23;10251945;217734464.00
2016/11/09;21.23;21.23;20.38;20.70;6164309;127872856.00
2016/11/10;20.78;20.98;20.50;20.80;3862591;80186272.00
2016/11/11;20.89;20.90;20.45;20.63;3203104;65927880.00
2016/11/14;20.45;20.77;20.35;20.42;3030631;62132424.00
2016/11/15;20.42;20.69;20.28;20.49;2371025;48389420.00
2016/11/16;20.49;20.89;20.39;20.70;3529595;73049656.00
2016/11/17;20.70;20.89;20.50;20.51;2076200;43004200.00
数据来源:通达信
