002425 凯撒文化 日线 前复权
      日期	    开盘	    最高	    最低	    收盘	    成交量	    成交额
2010/06/08;8.80;10.53;8.43;9.34;17412800;416056864.00
2010/06/09;8.88;9.68;8.64;9.34;12632717;305677472.00
2010/06/10;8.92;10.11;8.92;9.81;11474122;291786624.00
2010/06/11;10.53;10.81;10.37;10.81;11264950;320924032.00
2010/06/17;10.84;11.17;10.42;10.57;8703857;249759264.00
2010/06/18;10.43;10.67;9.49;9.49;6765362;179325360.00
2010/06/21;9.32;9.91;9.01;9.74;6370869;159937888.00
2010/06/22;9.63;9.75;9.41;9.43;4040187;102972880.00
2010/06/23;9.26;9.61;9.16;9.56;3824835;95799768.00
2010/06/24;9.47;9.64;9.32;9.45;2695170;67961240.00
2010/06/25;9.38;9.43;8.81;8.95;3634792;88008664.00
2010/06/28;8.92;9.21;8.91;8.98;2074413;50113772.00
2010/06/29;8.96;9.19;8.61;8.73;2792540;66341176.00
2010/06/30;8.61;8.78;8.31;8.69;2533137;57886792.00
2010/07/01;8.61;8.78;8.52;8.54;1706194;39378876.00
2010/07/02;8.45;8.66;8.09;8.42;2361492;53061128.00
2010/07/05;8.24;8.39;7.93;8.22;2968454;64738132.00
2010/07/06;8.22;8.87;8.22;8.72;4103388;93631288.00
2010/07/07;8.65;8.76;8.53;8.74;2345203;54162952.00
2010/07/08;8.75;8.80;8.45;8.57;2141348;49330108.00
2010/07/09;8.59;8.91;8.38;8.83;2558261;59507624.00
2010/07/12;8.79;9.14;8.74;8.97;2782494;66726080.00
2010/07/13;8.81;9.16;8.70;9.00;2474415;59261596.00
2010/07/14;8.99;9.12;8.93;9.09;2282176;54966560.00
2010/07/15;9.09;9.18;8.60;8.60;1981919;47046136.00
2010/07/16;8.49;8.68;8.30;8.49;1402043;31646080.00
2010/07/19;8.41;8.74;8.30;8.71;1053008;24225816.00
2010/07/20;8.67;9.03;8.67;8.89;1387318;32947348.00
2010/07/21;8.91;9.14;8.84;9.06;2047799;49227052.00
2010/07/22;9.00;9.32;8.96;9.19;2657467;65031092.00
2010/07/23;9.15;9.24;9.03;9.23;2116163;51597708.00
2010/07/26;9.24;9.35;9.07;9.32;2063780;50636108.00
2010/07/27;9.29;9.63;9.13;9.57;2727213;68825848.00
2010/07/28;9.49;9.95;9.49;9.71;3109042;81072656.00
2010/07/29;9.76;9.95;9.42;9.49;3899749;99995168.00
2010/07/30;9.30;9.57;9.22;9.53;2402698;60075088.00
2010/08/02;9.45;9.69;9.42;9.61;2381097;60598052.00
2010/08/04;9.41;9.95;9.41;9.86;2564535;65949120.00
2010/08/05;9.79;9.94;9.60;9.79;2712562;70923104.00
2010/08/06;9.75;10.14;9.74;10.11;1640083;43700844.00
2010/08/09;10.11;10.40;10.11;10.33;1840133;50329612.00
2010/08/10;10.38;10.43;9.87;9.87;1516648;40766404.00
2010/08/11;9.89;10.11;9.84;9.98;917550;24299778.00
2010/08/12;9.87;9.95;9.68;9.71;1206039;31524966.00
2010/08/13;9.71;9.83;9.61;9.81;795506;20602892.00
2010/08/16;9.81;10.25;9.77;10.18;1767209;47588028.00
2010/08/17;10.18;10.39;10.11;10.24;1424969;38919076.00
2010/08/18;10.14;10.25;9.93;9.95;1052926;28102564.00
2010/08/19;9.95;10.18;9.88;10.11;1725692;46335428.00
2010/08/20;10.08;10.08;9.61;9.72;1577328;41455180.00
2010/08/23;9.76;9.81;9.66;9.80;887262;23032838.00
2010/08/24;9.76;10.10;9.76;10.07;1306023;34799192.00
2010/08/25;10.00;10.34;10.00;10.13;1402766;37939832.00
2010/08/26;10.13;10.55;10.03;10.49;1601501;44125408.00
2010/08/27;10.54;10.55;10.23;10.43;715067;19717822.00
2010/08/30;10.43;10.52;10.24;10.51;2173381;60016316.00
2010/08/31;10.44;10.70;10.27;10.61;1836165;51122748.00
2010/09/01;10.61;10.64;9.75;9.92;2575907;69386808.00
2010/09/02;9.98;10.07;9.91;10.05;1560064;41552284.00
2010/09/03;10.05;10.12;9.81;10.07;2099715;55682256.00
2010/09/06;10.07;10.34;9.95;10.22;1513530;40840172.00
2010/09/07;10.15;10.34;10.07;10.26;1027408;27919520.00
2010/09/08;10.11;10.45;9.99;10.45;4019691;108596496.00
2010/09/09;10.45;10.64;10.25;10.31;2269212;62979300.00
2010/09/10;10.32;10.72;10.31;10.68;2474896;69525160.00
2010/09/13;10.69;11.03;10.61;10.97;3229120;93608808.00
2010/09/14;10.91;11.33;10.86;11.07;1968160;57726520.00
2010/09/15;11.03;11.22;10.76;10.87;1336887;38887592.00
2010/09/16;10.84;11.08;10.60;10.99;1477402;42457664.00
2010/09/17;10.98;11.72;10.84;11.68;2297859;69536544.00
2010/09/20;11.68;11.80;11.49;11.72;1199406;37025176.00
2010/09/21;11.66;11.72;11.38;11.48;954428;29274138.00
2010/09/27;11.48;12.36;11.48;12.33;1041320;33414668.00
2010/09/28;12.17;13.07;12.16;12.79;2271162;76439696.00
2010/09/29;12.73;12.80;12.26;12.38;999330;33008306.00
2010/09/30;12.28;12.64;12.28;12.46;540254;17851804.00
2010/10/08;12.49;12.72;12.19;12.66;1262170;41916048.00
2010/10/11;12.51;12.57;11.69;12.03;1737749;56206396.00
2010/10/12;12.04;12.24;11.80;11.86;875538;27783474.00
2010/10/13;12.19;12.19;11.53;12.07;877441;27406974.00
2010/10/14;12.30;12.38;11.77;11.88;506456;16070858.00
2010/10/15;11.88;12.10;11.63;12.09;1093794;34776316.00
2010/10/18;12.02;13.14;12.00;12.99;1986802;65710920.00
2010/10/19;12.84;13.20;12.61;12.93;985328;33759008.00
2010/10/20;12.83;13.34;12.50;13.33;1302782;44899856.00
2010/10/21;13.35;13.74;13.09;13.22;924235;32902622.00
2010/10/22;13.10;13.53;12.84;13.23;564527;19836420.00
2010/10/25;13.32;13.64;13.05;13.60;835987;29706552.00
2010/10/26;13.57;13.68;13.29;13.29;599232;21292116.00
2010/10/27;13.53;13.53;13.13;13.14;602260;21220856.00
2010/10/28;13.14;13.14;12.83;13.03;498300;17100788.00
2010/10/29;13.06;13.79;13.03;13.79;620038;22125324.00
2010/11/01;13.79;13.99;13.61;13.82;846500;30825808.00
2010/11/02;13.75;14.07;13.57;13.57;848960;31026196.00
2010/11/03;13.61;13.99;13.34;13.45;989985;35676676.00
2010/11/04;13.32;13.82;13.23;13.70;605335;21582422.00
2010/11/05;13.64;13.82;13.45;13.55;477690;17204430.00
2010/11/08;13.55;13.93;13.45;13.76;794579;28879286.00
2010/11/09;13.73;14.24;13.73;13.95;1495302;55487876.00
2010/11/10;14.06;14.06;13.74;14.06;711219;26248696.00
2010/11/11;14.11;14.25;13.72;13.76;1398242;51535968.00
2010/11/12;13.76;13.83;12.72;12.76;1267828;45126516.00
2010/11/15;12.78;13.95;12.58;13.94;1125740;39785732.00
2010/11/16;13.80;14.78;13.80;14.32;1693656;64615164.00
2010/11/17;14.32;14.50;13.78;13.96;769638;28702228.00
2010/11/18;14.11;14.45;13.88;14.35;498117;18596236.00
2010/11/19;14.37;14.75;14.33;14.64;761256;29303126.00
2010/11/22;15.14;15.69;14.44;15.44;1142220;45882660.00
2010/11/24;15.10;16.11;14.99;15.57;801051;33342524.00
2010/11/25;15.57;15.72;15.41;15.52;458372;18826862.00
2010/11/26;15.68;15.68;15.20;15.65;386920;15791829.00
2010/11/29;15.45;15.72;15.24;15.46;378642;15417511.00
2010/11/30;15.46;15.53;14.52;14.74;795233;31320690.00
2010/12/01;14.72;15.72;14.72;15.23;348107;14020615.00
2010/12/02;15.53;15.70;15.18;15.45;257672;10419592.00
2010/12/03;15.49;15.53;15.11;15.41;255942;10339349.00
2010/12/06;15.41;15.41;14.84;15.18;159388;6362425.00
2010/12/07;15.18;15.48;14.74;15.38;266476;10552585.00
2010/12/08;15.40;16.14;15.19;16.09;760637;32047188.00
2010/12/09;15.91;16.09;15.45;15.45;509199;21066684.00
2010/12/10;15.34;15.84;15.26;15.70;204122;8395548.00
2010/12/13;16.00;16.11;15.53;16.02;1486685;62819116.00
2010/12/14;15.99;16.45;15.91;16.32;544219;23414564.00
2010/12/15;16.32;16.49;16.15;16.29;315300;13525147.00
2010/12/16;16.44;16.51;16.03;16.29;310660;13343934.00
2010/12/17;16.08;16.61;16.07;16.53;525169;22704498.00
2010/12/20;16.64;16.64;16.08;16.53;510414;22066834.00
2010/12/21;16.51;16.61;16.03;16.17;425254;18195616.00
2010/12/22;16.07;16.22;15.40;15.63;806615;33366870.00
2010/12/23;15.53;16.11;15.36;15.60;335701;13815402.00
2010/12/24;15.38;15.68;14.76;15.30;334296;13471204.00
2010/12/27;15.48;15.54;14.57;14.76;319175;12699053.00
2010/12/28;14.76;14.76;14.23;14.57;235606;9008445.00
2010/12/29;14.56;15.11;14.56;15.11;237945;9397443.00
2010/12/30;14.96;15.19;14.93;15.11;143986;5718087.50
2010/12/31;15.03;15.38;15.01;15.32;281904;11331895.00
2011/01/04;15.29;15.68;15.14;15.45;267160;10941320.00
2011/01/05;15.42;15.46;15.10;15.20;508966;20500208.00
2011/01/06;15.14;15.59;15.14;15.24;151917;6116957.00
2011/01/07;15.18;15.64;15.18;15.43;319048;13086316.00
2011/01/10;15.38;15.64;15.20;15.63;348731;14276953.00
2011/01/11;15.59;15.84;15.39;15.53;176770;7271874.50
2011/01/12;15.47;15.53;14.95;15.01;374191;14985139.00
2011/01/13;15.01;16.22;14.79;16.14;863261;35347996.00
2011/01/14;16.07;16.11;15.64;16.06;346391;14610677.00
2011/01/17;16.06;16.30;15.64;15.99;449890;18942846.00
2011/01/18;15.95;15.95;15.60;15.86;177882;7381543.50
2011/01/19;15.91;16.28;15.69;16.11;388702;16418942.00
2011/01/20;16.05;16.14;15.64;15.64;214554;9003158.00
2011/01/21;15.53;15.67;15.42;15.44;263859;10825695.00
2011/01/24;15.44;15.76;15.14;15.29;312695;12693836.00
2011/01/25;15.29;15.29;13.74;13.74;1396556;51674132.00
2011/01/26;13.67;13.74;13.03;13.41;659612;23451118.00
2011/01/27;13.43;13.78;13.43;13.59;375499;13547963.00
2011/01/28;13.59;13.72;13.34;13.72;145303;5219381.50
2011/01/31;13.76;14.45;13.76;14.45;404977;15350910.00
2011/02/01;14.25;15.07;14.25;15.00;477658;18648620.00
2011/02/09;14.79;15.10;14.78;15.00;143439;5675008.50
2011/02/10;15.00;15.26;14.81;14.84;264144;10484588.00
2011/02/11;14.83;15.26;14.83;14.91;536190;21232526.00
2011/02/14;14.93;15.34;14.93;15.23;419622;16814584.00
2011/02/15;15.23;15.68;15.09;15.56;537071;21888302.00
2011/02/16;15.56;15.56;15.14;15.38;455130;18379500.00
2011/02/17;15.38;15.72;15.16;15.56;805755;33074874.00
2011/02/18;15.63;15.91;15.48;15.63;523141;21745878.00
2011/02/21;15.53;16.24;15.53;16.14;1011568;42605536.00
2011/02/22;16.18;16.76;16.18;16.57;1144498;50001812.00
2011/02/23;16.57;16.68;16.33;16.59;393717;17191858.00
2011/02/24;16.68;16.76;16.47;16.68;535271;23473414.00
2011/02/25;16.84;16.84;16.62;16.77;913596;40307772.00
2011/02/28;16.77;16.87;15.78;16.07;1316384;56093804.00
2011/03/01;16.07;16.14;15.73;15.99;634192;26615266.00
2011/03/02;15.94;16.22;15.73;16.01;411672;17305786.00
2011/03/03;16.22;16.22;15.72;16.11;412630;17351264.00
2011/03/04;16.00;16.49;15.91;16.26;569273;24349580.00
2011/03/07;16.18;16.37;16.05;16.25;252708;10820036.00
2011/03/08;16.08;16.22;15.95;16.22;321089;13634558.00
2011/03/09;16.14;16.22;15.91;16.14;272299;11534224.00
2011/03/10;16.14;16.34;16.03;16.08;508490;21730276.00
2011/03/11;15.95;16.28;15.95;16.12;320880;13640456.00
2011/03/14;16.12;16.18;15.95;16.08;472517;20042528.00
2011/03/15;15.99;16.19;15.80;15.89;352966;14864404.00
2011/03/16;15.91;16.20;15.84;15.91;208671;8774146.00
2011/03/17;15.99;15.99;15.61;15.82;303069;12580762.00
2011/03/18;15.88;15.89;15.67;15.73;118169;4913789.00
2011/03/22;15.76;16.41;15.66;16.29;588433;25231140.00
2011/03/23;16.30;16.39;16.22;16.29;282990;12163518.00
2011/03/24;16.49;16.49;16.18;16.33;349759;15035772.00
2011/03/25;16.33;16.33;15.91;16.03;287068;12143131.00
2011/03/28;16.02;16.02;15.64;15.81;306203;12744245.00
2011/03/29;15.66;15.99;15.66;15.91;288328;12044056.00
2011/03/30;15.91;16.06;15.80;15.92;356020;14966286.00
2011/03/31;16.06;16.06;15.33;15.50;293099;12198716.00
2011/04/01;15.69;15.82;15.11;15.76;786570;15840058.00
2011/04/06;15.70;15.96;15.52;15.76;439131;9087991.00
2011/04/07;15.63;15.81;15.19;15.39;996329;20233424.00
2011/04/08;15.39;16.13;15.20;16.03;1154002;23895406.00
2011/04/11;16.23;16.28;14.41;15.47;1264794;25727988.00
2011/04/12;15.30;15.46;15.05;15.40;438701;8808530.00
2011/04/13;15.13;15.69;15.13;15.38;560837;11385959.00
2011/04/14;15.43;15.99;15.33;15.99;1151302;23920924.00
2011/04/15;15.99;16.11;15.43;15.65;461952;9569612.00
2011/04/18;15.70;15.70;15.43;15.60;322361;6583931.50
2011/04/19;15.68;15.68;15.17;15.42;634671;12802830.00
2011/04/20;15.42;15.46;15.26;15.28;437290;8812693.00
2011/04/21;15.32;16.09;15.32;15.88;1073609;22421762.00
2011/04/22;15.88;16.42;15.68;16.24;1827091;38904648.00
2011/04/25;16.27;16.27;15.73;15.96;645038;13487291.00
2011/04/26;15.96;15.96;15.43;15.79;489259;10062882.00
2011/04/28;15.79;15.79;14.66;14.66;784195;15680619.00
2011/04/29;14.66;15.20;14.66;14.82;497775;9689605.00
2011/05/03;14.86;14.89;14.59;14.88;306759;5936591.00
2011/05/04;14.88;14.88;14.05;14.49;374100;7137182.00
2011/05/05;14.09;14.69;14.07;14.55;170220;3245468.50
2011/05/06;14.43;14.54;14.36;14.51;202600;3859145.00
2011/05/09;14.72;14.73;14.39;14.51;107360;2053617.00
2011/05/10;14.60;15.98;14.60;15.90;2738913;56776832.00
2011/05/11;15.74;16.13;15.20;15.88;1299518;26860208.00
2011/05/12;15.87;15.96;15.59;15.59;607984;12598005.00
2011/05/13;15.51;15.96;15.36;15.74;586984;12098553.00
2011/05/16;15.85;15.91;15.43;15.55;383053;7901179.00
2011/05/17;15.50;15.53;15.24;15.47;382942;7739813.50
2011/05/18;15.27;15.63;15.20;15.63;397617;8081000.50
2011/05/19;15.65;16.11;15.63;15.97;1169743;24539316.00
2011/05/20;15.96;16.36;15.74;16.22;1021387;21758364.00
2011/05/23;16.19;16.36;15.68;15.74;854513;18034752.00
2011/05/24;15.67;15.85;14.96;15.80;487680;9897285.00
2011/05/25;15.78;16.09;15.49;15.79;518601;10775220.00
2011/05/26;15.47;15.97;15.45;15.63;334563;6917396.50
2011/05/27;15.66;15.66;14.99;15.43;379058;7637756.00
2011/05/30;15.22;15.50;14.83;15.31;333854;6689896.50
2011/05/31;15.31;15.50;15.15;15.50;327440;6626470.00
2011/06/01;15.59;15.59;15.43;15.57;232801;4753536.50
2011/06/02;15.32;15.50;15.13;15.36;442785;8913679.00
2011/06/03;15.36;15.44;15.13;15.43;306113;6170847.00
2011/06/07;15.49;16.11;15.20;15.97;982708;20292786.00
2011/06/08;15.97;16.07;15.72;15.94;725471;15150437.00
2011/06/09;15.94;15.98;15.74;15.74;405012;8455446.00
2011/06/10;15.70;15.88;15.20;15.59;468602;9565705.00
2011/06/13;15.62;15.62;15.22;15.49;215737;4366518.00
2011/06/14;15.49;15.89;15.49;15.69;266217;5493501.50
2011/06/15;15.44;15.69;15.13;15.40;847067;17053674.00
2011/06/16;15.20;15.36;15.16;15.16;236733;4734081.50
2011/06/17;15.13;15.36;14.97;15.19;325621;6511424.00
2011/06/20;14.83;15.20;14.83;15.18;193566;3829274.75
2011/06/21;15.20;15.28;15.05;15.10;263947;5258899.50
2011/06/22;15.10;15.54;15.10;15.25;166820;3359791.75
2011/06/23;15.21;15.57;15.21;15.57;323574;6577474.00
2011/06/24;16.68;16.68;15.40;15.64;1864585;38723688.00
2011/06/27;15.43;15.77;15.40;15.59;729184;14882591.00
2011/06/28;15.66;15.66;15.33;15.42;473519;9612580.00
2011/06/29;15.42;15.43;15.21;15.38;348507;7011220.50
2011/06/30;15.21;15.47;15.21;15.42;712824;14408811.00
2011/07/01;15.46;15.62;15.36;15.46;443100;9013701.00
2011/07/04;15.53;15.76;15.46;15.65;924490;19008256.00
2011/07/05;15.80;15.85;15.20;15.63;720597;14869250.00
2011/07/06;15.51;15.66;15.36;15.65;660917;13467963.00
2011/07/07;15.66;15.97;15.58;15.90;1492116;31050262.00
2011/07/08;15.85;15.86;15.36;15.43;744649;15248449.00
2011/07/11;15.36;15.42;15.19;15.39;720721;14498438.00
2011/07/12;15.39;15.39;15.17;15.19;503071;10069813.00
2011/07/13;15.19;15.39;15.14;15.27;750000;15049579.00
2011/07/14;15.26;15.34;15.04;15.26;691456;13831043.00
2011/07/15;15.27;15.33;15.13;15.32;593900;11922733.00
2011/07/18;15.32;15.50;15.20;15.29;1055770;21261772.00
2011/07/19;15.29;16.73;15.19;16.37;9716238;206679760.00
2011/07/20;16.11;16.28;15.23;15.51;10099678;208602560.00
2011/07/21;15.43;15.43;14.66;14.78;5244953;102930648.00
2011/07/22;14.79;14.96;14.59;14.82;2143782;41808440.00
2011/07/25;14.82;14.82;13.36;13.40;3661723;67092692.00
2011/07/26;13.32;13.96;12.75;13.71;2405106;42738536.00
2011/07/27;13.69;13.74;12.89;13.49;2430230;43091540.00
2011/07/28;13.35;13.35;12.99;13.13;1781717;30796468.00
2011/07/29;13.19;13.33;12.93;12.99;1287129;22237792.00
2011/08/01;12.91;13.36;12.89;13.17;1330629;23012202.00
2011/08/02;13.16;13.17;12.61;12.79;1608789;27125790.00
2011/08/03;12.56;12.84;12.43;12.65;928723;15499465.00
2011/08/04;12.66;13.03;12.65;12.93;1341749;22702088.00
2011/08/05;12.61;12.61;12.16;12.36;1568159;25731274.00
2011/08/08;12.05;12.20;11.20;11.44;2090617;32124800.00
2011/08/09;10.89;11.36;10.59;11.36;1649299;23899326.00
2011/08/10;11.47;11.89;11.36;11.39;986957;15109266.00
2011/08/11;10.96;11.59;10.84;11.43;1630552;24324290.00
2011/08/12;11.54;11.66;11.36;11.43;2033111;30944934.00
2011/08/15;11.46;11.81;11.28;11.69;1674741;25659852.00
2011/08/16;11.82;12.03;11.59;11.81;1558064;24307688.00
2011/08/17;11.81;12.04;11.73;11.77;1254863;19673444.00
2011/08/18;11.66;11.70;11.16;11.17;1891815;28431984.00
2011/08/19;10.70;11.02;10.64;10.92;1040389;14974104.00
2011/08/22;10.85;11.11;10.59;10.89;1067932;15338731.00
2011/08/23;10.89;10.98;10.82;10.97;1140138;16446591.00
2011/08/24;11.00;11.32;10.97;11.03;1469404;21580164.00
2011/08/25;11.06;11.28;10.97;11.27;1474964;21751314.00
2011/08/26;11.26;11.33;11.13;11.26;1221165;18111358.00
2011/08/29;11.14;11.23;11.05;11.06;1017279;14941669.00
2011/08/30;11.14;11.25;10.82;10.87;1229140;17999952.00
2011/08/31;10.86;10.93;10.63;10.73;1664064;23681358.00
2011/09/01;10.74;10.95;10.65;10.67;1172850;16695388.00
2011/09/02;10.51;10.64;10.28;10.49;1715086;23583046.00
2011/09/05;10.36;10.53;10.05;10.24;1353238;18317984.00
2011/09/06;10.13;10.33;10.05;10.18;1005979;13551185.00
2011/09/07;10.21;10.40;10.13;10.39;1492161;20268978.00
2011/09/08;10.49;10.49;10.15;10.15;895593;12195329.00
2011/09/09;10.05;10.23;9.79;10.04;2172796;28610618.00
2011/09/13;9.80;9.93;9.39;9.86;2001919;25557992.00
2011/09/14;9.79;9.82;9.50;9.80;1242490;15950189.00
2011/09/15;9.86;10.01;9.76;9.90;1490819;19598444.00
2011/09/16;9.91;9.99;9.71;9.76;1223732;15931119.00
2011/09/19;9.66;9.73;9.52;9.69;820210;10433199.00
2011/09/20;9.62;9.77;9.55;9.72;761726;9769959.00
2011/09/21;9.69;10.11;9.56;10.04;1710420;22316862.00
2011/09/22;9.86;10.00;9.58;9.62;1748747;22684546.00
2011/09/23;9.40;9.59;9.06;9.50;1539112;19018698.00
2011/09/26;9.35;9.49;9.13;9.16;1613078;19782652.00
2011/09/27;9.20;9.36;9.16;9.26;783567;9594604.00
2011/09/28;9.28;9.34;9.13;9.21;791442;9693930.00
2011/09/29;9.18;9.18;8.72;8.74;1193726;14037313.00
2011/09/30;8.74;8.85;8.63;8.73;773942;8955607.00
2011/10/10;8.80;8.80;8.63;8.68;551214;6367975.50
2011/10/11;8.88;9.07;8.59;8.69;882814;10411519.00
2011/10/12;8.55;9.04;8.52;9.01;1220063;14421587.00
2011/10/13;9.00;9.20;8.92;9.09;1893391;22825610.00
2011/10/14;9.12;9.81;9.06;9.59;4699448;59134480.00
2011/10/17;9.55;9.68;9.42;9.61;2724684;34421340.00
2011/10/18;9.50;9.50;9.06;9.06;1850433;22699444.00
2011/10/19;9.06;9.33;9.05;9.12;1199425;14570541.00
2011/10/20;9.11;9.11;8.63;8.70;1315809;15270138.00
2011/10/21;8.56;8.79;8.55;8.63;719407;8277195.00
2011/10/24;8.63;8.91;8.52;8.86;1102740;12800915.00
2011/10/25;8.86;9.16;8.80;9.06;1696517;20265350.00
2011/10/26;8.99;9.15;8.97;9.03;1925431;23170912.00
2011/10/27;8.99;9.23;8.98;9.23;2703691;32658748.00
2011/10/28;9.32;9.41;9.14;9.37;3533432;43364864.00
2011/10/31;9.32;9.42;9.22;9.28;2359936;29104034.00
2011/11/01;9.21;9.36;9.15;9.31;2811745;34461712.00
2011/11/02;9.16;9.51;8.97;9.47;3439615;42016788.00
2011/11/03;9.43;9.89;9.43;9.61;5763598;73932760.00
2011/11/04;9.61;9.80;9.48;9.63;3144378;40127992.00
2011/11/07;9.66;9.68;9.49;9.61;2531390;32052510.00
2011/11/08;9.59;9.63;9.26;9.32;2549770;31824574.00
2011/11/09;9.36;9.56;9.26;9.55;2585693;32323402.00
2011/11/10;9.40;9.49;9.26;9.32;2438140;30257972.00
2011/11/11;9.36;9.60;9.33;9.45;2544493;31878004.00
2011/11/14;9.59;9.81;9.51;9.78;3853890;49441420.00
2011/11/15;9.74;9.99;9.65;9.97;3942434;51236592.00
2011/11/16;10.09;10.39;9.63;9.68;5805267;76807928.00
2011/11/17;9.68;9.78;9.43;9.55;2419743;30805108.00
2011/11/18;9.52;9.52;8.98;9.09;2250941;27523718.00
2011/11/21;9.33;9.33;9.02;9.21;1082416;13133189.00
2011/11/22;9.14;9.38;9.07;9.36;1512912;18577640.00
2011/11/23;9.39;9.42;9.03;9.14;1116161;13605838.00
2011/11/24;8.93;8.96;8.69;8.86;1847721;21645750.00
2011/11/25;8.84;8.97;8.75;8.86;961704;11297752.00
2011/11/28;8.82;8.94;8.79;8.91;725803;8548677.00
2011/11/29;8.90;9.13;8.89;9.09;1333514;15936693.00
2011/11/30;9.05;9.06;8.45;8.51;1640290;19028064.00
2011/12/01;8.89;8.90;8.64;8.66;1429730;16613855.00
2011/12/02;8.54;8.71;8.36;8.51;1046637;11785616.00
2011/12/05;8.52;8.53;8.14;8.28;753017;8255133.50
2011/12/06;8.16;8.32;8.13;8.27;971498;10589506.00
2011/12/07;8.26;8.50;8.23;8.30;600789;6655646.50
2011/12/08;8.34;8.43;8.13;8.29;629578;6910317.50
2011/12/09;8.26;8.29;8.13;8.16;586049;6380527.50
2011/12/12;8.16;8.23;7.99;8.02;521964;5622839.50
2011/12/13;7.97;7.97;7.56;7.56;940960;9628664.00
2011/12/14;7.51;7.54;7.24;7.29;903159;8882649.00
2011/12/15;7.19;7.19;6.78;6.78;1463747;13595163.00
2011/12/16;6.76;6.96;6.68;6.96;1164735;10611502.00
2011/12/19;6.89;6.89;6.59;6.82;1099902;9912981.00
2011/12/20;6.81;6.97;6.76;6.84;1116434;10226091.00
2011/12/21;6.90;6.98;6.69;6.69;1185562;10852157.00
2011/12/22;6.63;6.63;6.21;6.54;1457693;12529115.00
2011/12/23;6.41;6.67;6.41;6.57;876046;7710660.50
2011/12/26;6.48;6.65;6.41;6.43;639100;5585111.50
2011/12/27;6.32;6.41;6.11;6.11;844866;7092426.00
2011/12/28;6.09;6.09;5.77;5.93;1903033;14949898.00
2011/12/29;5.88;6.05;5.83;5.99;1145803;9120918.00
2011/12/30;5.99;6.11;5.97;6.05;935168;7566323.00
2012/01/04;6.14;6.14;5.83;5.83;886079;7142602.50
2012/01/05;5.73;5.79;5.52;5.53;1127205;8511220.00
2012/01/06;5.51;5.69;5.47;5.64;827192;6202690.00
2012/01/09;5.67;5.99;5.65;5.99;1245576;9762784.00
2012/01/10;5.96;6.33;5.92;6.27;1894449;15609704.00
2012/01/11;6.25;6.66;6.19;6.42;4130747;35660108.00
2012/01/12;6.37;6.50;6.35;6.40;1543232;13240033.00
2012/01/13;6.37;6.44;6.05;6.07;1694180;14038253.00
2012/01/16;5.90;6.08;5.82;5.83;854113;6822636.50
2012/01/17;5.82;6.22;5.74;6.20;1325913;10745277.00
2012/01/18;6.21;6.54;5.98;6.05;1514751;12798102.00
2012/01/19;6.01;6.26;6.01;6.16;737555;6064458.50
2012/01/20;6.16;6.29;6.15;6.29;647044;5400894.00
2012/01/30;6.29;6.42;6.20;6.24;644693;5427196.50
2012/01/31;6.20;6.24;6.11;6.19;556424;4589381.00
2012/02/01;6.09;6.39;6.09;6.19;1018209;8531918.00
2012/02/02;6.19;6.32;6.19;6.32;573301;4805322.50
2012/02/03;6.32;6.63;6.27;6.56;2243056;19606136.00
2012/02/06;6.66;6.80;6.51;6.56;2271876;20183970.00
2012/02/07;6.52;6.64;6.37;6.43;1279058;11092273.00
2012/02/08;6.39;6.69;6.39;6.69;1585546;13984329.00
2012/02/09;6.68;6.91;6.62;6.83;2170749;19742640.00
2012/02/10;6.81;7.00;6.74;6.96;1731499;15949632.00
2012/02/13;6.92;7.10;6.89;7.07;1460794;13675764.00
2012/02/14;7.06;7.24;7.01;7.13;1879379;17827524.00
2012/02/15;7.11;7.71;7.03;7.41;5691565;56264056.00
2012/02/16;7.40;7.71;7.29;7.66;4472574;44519216.00
2012/02/17;7.67;7.69;7.37;7.62;5262669;52965224.00
2012/02/20;7.62;7.72;7.49;7.71;4201843;42621052.00
2012/02/21;7.63;8.22;7.62;8.18;7436388;78406808.00
2012/02/22;8.32;8.53;8.02;8.50;7767400;85344032.00
2012/02/23;8.70;8.93;8.32;8.66;8733468;99300456.00
2012/02/24;8.69;8.80;8.49;8.56;10959611;125510760.00
2012/02/27;8.58;8.92;8.22;8.29;12585299;139925392.00
2012/02/28;8.28;8.28;7.93;8.00;6644417;71060208.00
2012/02/29;8.06;8.13;7.90;8.01;2959756;31536690.00
2012/03/01;7.97;8.16;7.86;8.06;3380260;36035436.00
2012/03/02;8.06;8.36;8.00;8.35;6071592;66179044.00
2012/03/05;8.36;8.36;8.09;8.12;4085529;44574616.00
2012/03/06;8.05;8.33;7.88;8.26;7962192;86141384.00
2012/03/07;8.20;8.33;7.98;8.10;6046609;65691728.00
2012/03/08;8.09;8.19;7.99;8.09;3372287;36294868.00
2012/03/09;8.09;8.17;8.06;8.16;2623970;28325344.00
2012/03/12;8.16;8.26;8.10;8.23;2743667;29874148.00
2012/03/13;8.25;8.26;8.13;8.21;2048841;22274500.00
2012/03/14;8.22;8.26;7.52;7.58;4184353;44065688.00
2012/03/15;7.48;7.58;6.97;7.21;3138524;30376514.00
2012/03/16;7.19;7.32;7.13;7.30;2016562;19406644.00
2012/03/19;7.31;7.38;7.17;7.36;1635518;15900427.00
2012/03/20;7.36;7.36;7.09;7.10;1672803;15992471.00
2012/03/21;7.09;7.20;7.03;7.14;1228520;11651920.00
2012/03/22;7.10;7.19;7.07;7.11;1054486;10023238.00
2012/03/23;7.11;7.11;6.97;6.99;1083627;10155043.00
2012/03/26;6.96;7.03;6.79;6.85;896862;8251193.00
2012/03/27;6.92;6.92;6.71;6.76;1225710;11141728.00
2012/03/28;6.72;6.76;6.43;6.45;1414139;12451685.00
2012/03/29;6.37;6.45;6.22;6.26;1089888;9230222.00
2012/03/30;6.28;6.36;6.23;6.29;761213;6412745.50
2012/04/05;6.33;6.46;6.30;6.44;888409;7600731.50
2012/04/06;6.44;6.58;6.41;6.47;1065758;9250396.00
2012/04/09;6.46;6.56;6.40;6.46;826451;7169410.50
2012/04/10;6.44;6.54;6.27;6.54;894742;7676579.00
2012/04/11;6.43;6.70;6.42;6.63;975766;8600330.00
2012/04/12;6.66;6.72;6.57;6.71;1598948;14215801.00
2012/04/13;6.73;6.95;6.71;6.83;1651992;15004772.00
2012/04/16;6.83;6.83;6.70;6.73;1121973;10124842.00
2012/04/17;6.73;6.79;6.63;6.63;1028851;9203074.00
2012/04/18;6.69;6.77;6.59;6.74;2296161;20575904.00
2012/04/20;6.73;6.80;6.66;6.77;2155812;19392014.00
2012/04/23;6.79;6.79;6.46;6.51;1957383;17370906.00
2012/04/24;6.42;6.50;6.13;6.29;2058359;17317170.00
2012/04/25;6.23;6.44;6.13;6.41;1488405;12556443.00
2012/04/26;6.39;6.45;6.29;6.36;908637;7752907.00
2012/04/27;6.35;6.39;6.27;6.33;777305;6584908.00
2012/05/02;6.37;6.53;6.37;6.49;1362734;11765497.00
2012/05/03;6.49;7.16;6.44;7.16;6978179;64480052.00
2012/05/04;7.09;7.09;6.88;6.97;5503624;51280168.00
2012/05/07;6.91;7.03;6.88;7.02;2557169;23758032.00
2012/05/08;7.03;7.15;6.90;7.01;2889298;27035344.00
2012/05/09;6.96;6.96;6.78;6.79;2006498;18333396.00
2012/05/10;6.78;6.85;6.73;6.82;1746510;15822969.00
2012/05/11;6.80;6.86;6.74;6.75;1517193;13752539.00
2012/05/14;6.84;6.89;6.74;6.75;1684478;15347034.00
2012/05/15;6.69;6.69;6.43;6.56;1849740;16115945.00
2012/05/16;6.52;6.58;6.41;6.45;1056930;9173232.00
2012/05/17;6.44;6.62;6.44;6.53;1914523;16743223.00
2012/05/18;6.49;6.51;6.29;6.34;1688213;14452529.00
2012/05/21;6.32;6.40;6.30;6.33;843070;7153808.50
2012/05/23;6.46;6.83;6.43;6.51;2875410;25277062.00
2012/05/24;6.40;6.47;6.34;6.36;1533329;13134795.00
2012/05/25;6.35;6.45;6.16;6.18;1221936;10230267.00
2012/05/28;6.13;6.33;5.99;6.26;1578071;12880346.00
2012/05/29;6.23;6.40;6.21;6.37;1592060;13484120.00
2012/05/30;6.43;6.43;6.33;6.36;894449;7622283.00
2012/05/31;6.33;6.49;6.30;6.39;1162874;9878464.00
2012/06/01;6.39;6.46;6.36;6.46;971270;8299378.50
2012/06/04;6.31;6.34;6.13;6.13;1203362;9952272.00
2012/06/05;6.06;6.19;6.06;6.13;507124;4140836.00
2012/06/06;6.16;6.16;6.07;6.10;425569;3463305.25
2012/06/07;6.16;6.24;6.06;6.08;570796;4644750.50
2012/06/08;6.13;6.16;6.06;6.06;468494;3806802.00
2012/06/11;6.06;6.19;6.03;6.17;601031;4897315.50
2012/06/12;6.11;6.17;6.11;6.13;377259;3080862.25
2012/06/13;6.13;6.30;6.13;6.27;967172;8025895.00
2012/06/14;6.24;6.41;6.22;6.29;1239738;10403285.00
2012/06/15;6.27;6.36;6.23;6.31;1164255;9729164.00
2012/06/18;6.37;6.39;6.30;6.32;1090452;9191875.00
2012/06/19;6.36;6.36;6.26;6.27;691970;5808869.50
2012/06/20;6.28;6.33;6.24;6.26;609588;5086560.00
2012/06/21;6.24;6.29;6.08;6.10;888458;7261230.50
2012/06/25;6.09;6.09;5.90;5.90;809678;6456415.50
2012/06/26;5.84;5.99;5.76;5.96;851754;6668112.00
2012/06/27;5.96;5.99;5.86;5.89;498328;3926953.25
2012/06/28;5.89;5.96;5.79;5.79;730467;5727782.00
2012/06/29;5.74;5.92;5.73;5.87;470134;3645192.00
2012/07/02;5.89;6.01;5.87;5.96;846445;6680538.00
2012/07/03;5.93;6.31;5.89;6.15;2070719;16861236.00
2012/07/04;6.13;6.20;6.09;6.20;1048659;8572614.00
2012/07/05;6.13;6.23;6.06;6.15;1254419;10251554.00
2012/07/06;6.15;6.76;6.14;6.55;4038215;34547588.00
2012/07/09;6.54;6.57;6.31;6.45;2388873;20464242.00
2012/07/10;6.43;6.52;6.23;6.30;1781718;15057720.00
2012/07/11;6.28;6.39;6.24;6.33;720807;6031587.00
2012/07/12;6.32;6.57;6.26;6.49;2496412;21349422.00
2012/07/13;6.47;6.58;6.29;6.33;2409910;20494808.00
2012/07/16;6.37;6.38;6.13;6.23;2154728;17924676.00
2012/07/17;6.23;6.23;5.89;6.01;1172375;9429151.00
2012/07/18;6.02;6.36;5.87;6.09;1227290;9831570.00
2012/07/19;6.08;6.27;6.05;6.18;1982031;16234896.00
2012/07/20;6.16;6.24;6.05;6.11;1353736;11067937.00
2012/07/23;6.04;6.16;5.93;6.09;801401;6468974.00
2012/07/24;6.03;6.16;5.95;6.08;964050;7813906.50
2012/07/25;6.09;6.12;5.97;6.07;747474;6002872.50
2012/07/26;6.06;6.10;5.97;6.00;713883;5722669.00
2012/07/27;6.00;6.16;5.94;6.10;1944419;15683612.00
2012/07/31;5.93;6.23;5.73;6.13;3578032;28573778.00
2012/08/01;6.13;6.29;6.05;6.26;4650178;38359624.00
2012/08/02;6.23;6.38;6.15;6.16;2806542;23305736.00
2012/08/03;6.16;6.16;5.94;6.08;2087195;16758233.00
2012/08/06;6.03;6.19;5.98;6.19;2008495;16300147.00
2012/08/07;6.17;6.30;6.14;6.29;2552532;21165918.00
2012/08/08;6.32;6.33;6.18;6.24;1799058;14962572.00
2012/08/09;6.24;6.75;6.19;6.64;6426602;55529408.00
2012/08/10;6.59;6.93;6.49;6.79;5774848;51315056.00
2012/08/13;6.74;7.05;6.59;6.61;4719332;42417176.00
2012/08/14;6.56;6.66;6.42;6.62;2382536;20611946.00
2012/08/15;6.64;6.81;6.46;6.69;2694239;23770994.00
2012/08/16;6.63;6.66;6.47;6.48;1654524;14393021.00
2012/08/17;6.46;6.48;6.36;6.43;1158839;9855017.00
2012/08/20;6.41;6.58;6.36;6.54;1188542;10243423.00
2012/08/21;6.54;6.66;6.49;6.58;1541536;13490723.00
2012/08/22;6.56;6.60;6.36;6.50;2038240;17468720.00
2012/08/23;6.49;6.56;6.39;6.53;1319938;11384650.00
2012/08/24;6.50;6.51;6.16;6.16;1612988;13596596.00
2012/08/27;6.10;6.10;5.88;5.88;1374530;10918953.00
2012/08/28;5.93;5.99;5.84;5.89;717384;5648947.50
2012/08/29;5.92;5.92;5.79;5.84;1069538;8344113.50
2012/08/30;5.82;5.96;5.73;5.86;912571;7101371.50
2012/08/31;5.86;5.91;5.83;5.85;446810;3491668.25
2012/09/03;5.90;5.96;5.84;5.96;710889;5613535.00
2012/09/04;5.96;5.99;5.85;5.85;766997;6047827.50
2012/09/05;5.85;5.93;5.76;5.90;803110;6252083.00
2012/09/06;5.92;5.98;5.86;5.96;731000;5767116.00
2012/09/07;5.97;6.23;5.97;6.16;2076300;16926884.00
2012/09/10;6.20;6.29;6.13;6.20;990799;8156893.00
2012/09/11;6.19;6.19;6.12;6.16;838288;6853356.00
2012/09/12;6.20;6.22;6.13;6.22;992881;8169822.00
2012/09/13;6.24;6.24;6.09;6.09;920418;7538798.50
2012/09/14;6.16;6.17;6.02;6.06;1089923;8818500.00
2012/09/17;6.06;6.07;5.83;5.84;895819;7075941.00
2012/09/18;5.85;5.89;5.74;5.85;403061;3141163.75
2012/09/19;5.84;5.93;5.84;5.91;299912;2351264.50
2012/09/20;5.91;5.91;5.72;5.73;684037;5266447.00
2012/09/21;5.72;5.79;5.69;5.73;598080;4574102.00
2012/09/24;5.73;5.73;5.61;5.68;522971;3955468.50
2012/09/25;5.63;5.71;5.59;5.65;443839;3338730.75
2012/09/26;5.59;5.64;5.51;5.52;450036;3333616.00
2012/09/27;5.52;5.69;5.49;5.62;547895;4080873.50
2012/09/28;5.61;5.74;5.60;5.69;388675;2938495.25
2012/10/08;5.63;5.72;5.63;5.67;270051;2037139.63
2012/10/09;5.67;5.81;5.67;5.79;578024;4443529.50
2012/10/10;5.74;5.92;5.74;5.89;841028;6551557.00
2012/10/11;5.86;5.88;5.74;5.74;617924;4773286.00
2012/10/12;5.73;5.83;5.64;5.71;591094;4513951.00
2012/10/15;5.66;5.70;5.59;5.65;382944;2875337.25
2012/10/16;5.65;5.76;5.65;5.70;386276;2943849.50
2012/10/17;5.70;5.75;5.67;5.73;308124;2344116.75
2012/10/18;5.75;5.83;5.73;5.81;536485;4141320.25
2012/10/19;5.83;5.86;5.76;5.83;602341;4664824.50
2012/10/22;5.81;5.87;5.76;5.84;550575;4266718.00
2012/10/23;5.85;5.85;5.72;5.72;716534;5505267.50
2012/10/24;5.67;5.73;5.66;5.67;404935;3075462.50
2012/10/25;5.67;5.71;5.63;5.63;390689;2954360.00
2012/10/26;5.62;5.62;5.49;5.52;584917;4317060.50
2012/10/29;5.52;5.57;5.46;5.52;279014;2057611.63
2012/10/30;5.51;5.59;5.51;5.56;231283;1713017.88
2012/10/31;5.59;5.59;5.47;5.54;349530;2570439.75
2012/11/01;5.59;5.66;5.54;5.65;523949;3918156.00
2012/11/02;5.65;5.66;5.59;5.63;342264;2567297.50
2012/11/05;5.58;5.63;5.57;5.58;502324;3743898.00
2012/11/06;5.60;5.60;5.36;5.52;558080;4069496.50
2012/11/07;5.53;5.53;5.48;5.49;176409;1296312.88
2012/11/08;5.43;5.47;5.26;5.26;538721;3864538.25
2012/11/09;5.25;5.31;5.24;5.28;397258;2800440.25
2012/11/12;5.34;5.35;5.26;5.30;341785;2414207.50
2012/11/13;5.29;5.32;5.16;5.19;616363;4287627.50
2012/11/14;5.21;5.24;5.13;5.18;295000;2037139.00
2012/11/15;5.18;5.20;5.09;5.10;311459;2139539.75
2012/11/16;5.15;5.62;5.15;5.25;660935;4627967.00
2012/11/19;5.26;5.27;5.09;5.27;429589;2975971.25
2012/11/20;5.28;5.29;5.20;5.21;285547;1997511.00
2012/11/21;5.16;5.31;5.16;5.29;568216;3982015.25
2012/11/22;5.28;5.28;5.16;5.19;376020;2616933.00
2012/11/23;5.16;5.24;5.16;5.19;218111;1518655.13
2012/11/26;5.16;5.20;5.08;5.08;237691;1625417.63
2012/11/27;5.03;5.07;4.71;4.78;418493;2736039.75
2012/11/28;4.71;4.76;4.53;4.55;534890;3304173.00
2012/11/29;4.56;4.59;4.50;4.53;263248;1606748.50
2012/11/30;4.51;4.59;4.51;4.56;324188;1983394.50
2012/12/03;4.56;4.60;4.43;4.43;345800;2102688.00
2012/12/04;4.36;4.50;4.22;4.48;431485;2525142.00
2012/12/05;4.48;4.68;4.46;4.61;793457;4907928.00
2012/12/06;4.61;4.63;4.56;4.59;342343;2111878.00
2012/12/07;4.62;4.70;4.58;4.69;795239;4963960.00
2012/12/10;4.69;4.89;4.68;4.80;641845;4106684.50
2012/12/11;4.75;4.81;4.72;4.75;495897;3164957.50
2012/12/12;4.74;4.81;4.69;4.73;613240;3884420.50
2012/12/13;4.73;4.73;4.63;4.63;453681;2832798.00
2012/12/14;4.62;4.83;4.62;4.83;1039304;6642628.50
2012/12/17;4.79;4.90;4.79;4.87;617240;4011080.50
2012/12/18;4.82;5.37;4.82;5.37;3495571;24480654.00
2012/12/19;5.82;5.93;5.49;5.54;9056076;69013592.00
2012/12/20;5.56;5.59;5.22;5.36;5491533;39215364.00
2012/12/21;5.29;5.35;5.15;5.23;3886335;27246878.00
2012/12/24;5.20;5.29;5.17;5.24;2170407;15230858.00
2012/12/25;5.23;5.36;5.17;5.31;2989884;21116430.00
2012/12/27;5.36;5.39;5.20;5.21;3032269;21452892.00
2012/12/28;5.16;5.25;5.06;5.24;2134875;14710172.00
2012/12/31;5.23;5.26;5.18;5.26;1345110;9384772.00
2013/01/04;5.28;5.32;5.16;5.25;1396792;9811419.00
2013/01/07;5.25;5.42;5.24;5.40;2278376;16282471.00
2013/01/08;5.43;5.43;5.29;5.37;2239081;16004279.00
2013/01/09;5.37;5.46;5.32;5.39;2162692;15522965.00
2013/01/10;5.38;5.42;5.33;5.39;1518368;10884364.00
2013/01/11;5.40;5.43;5.17;5.18;2018418;14282995.00
2013/01/14;5.15;5.35;5.10;5.33;1595667;11200925.00
2013/01/15;5.35;5.58;5.32;5.46;3533266;25749894.00
2013/01/16;5.47;5.59;5.37;5.57;3478041;25477828.00
2013/01/17;5.62;5.62;5.41;5.48;2040546;14892799.00
2013/01/18;5.43;5.82;5.43;5.63;3529893;26486806.00
2013/01/21;5.60;5.75;5.49;5.58;1532650;11390131.00
2013/01/22;5.60;5.63;5.43;5.48;1493508;10996958.00
2013/01/23;5.48;5.55;5.30;5.39;1474266;10645197.00
2013/01/24;5.43;5.49;5.26;5.28;1491904;10662269.00
2013/01/25;5.30;5.30;5.21;5.26;615721;4325288.00
2013/01/28;5.30;5.43;5.25;5.38;1102410;7887967.50
2013/01/29;5.35;5.50;5.35;5.47;1038130;7544329.50
2013/01/30;5.56;5.56;5.39;5.47;1205631;8755710.00
2013/01/31;5.53;5.93;5.36;5.89;4136670;31164736.00
2013/02/01;5.77;6.46;5.64;6.17;9504852;75832640.00
2013/02/04;6.03;6.38;5.87;5.89;4936955;39188348.00
2013/02/05;5.82;5.85;5.61;5.74;2391682;18212256.00
2013/02/06;5.74;5.79;5.68;5.76;1074485;8214397.50
2013/02/07;5.76;5.81;5.67;5.74;978911;7457713.50
2013/02/08;5.70;5.96;5.70;5.88;2735979;21327700.00
2013/02/18;5.87;6.09;5.78;6.05;1890937;14870445.00
2013/02/19;5.98;5.99;5.89;5.91;1512114;11959086.00
2013/02/20;5.89;6.04;5.86;5.97;885154;7019048.50
2013/02/21;5.97;5.98;5.76;5.77;1141220;8900279.00
2013/02/22;5.78;5.83;5.70;5.77;665355;5126485.00
2013/02/25;5.82;5.93;5.76;5.86;988220;7655149.00
2013/02/26;5.84;6.02;5.77;5.92;1666368;13045189.00
2013/02/27;5.91;6.14;5.91;6.09;2771742;22272962.00
2013/02/28;6.19;6.23;6.08;6.10;2975078;24267754.00
2013/03/01;6.11;6.19;6.03;6.16;2132020;17282142.00
2013/03/04;6.13;6.21;6.03;6.09;2798348;22825574.00
2013/03/05;6.04;6.36;6.04;6.31;2785022;23014278.00
2013/03/06;6.31;6.51;6.26;6.45;2787057;23671910.00
2013/03/07;6.51;6.53;6.33;6.36;1612419;13676798.00
2013/03/08;6.41;6.49;6.25;6.26;1163924;9786014.00
2013/03/11;6.24;6.32;6.23;6.27;752417;6278435.50
2013/03/12;6.26;6.29;6.13;6.22;1675631;13827399.00
2013/03/13;6.18;6.26;6.14;6.18;619608;5100616.00
2013/03/14;6.20;6.30;6.15;6.28;927054;7675432.00
2013/03/15;6.31;6.31;6.18;6.26;744399;6202612.50
2013/03/18;6.22;6.39;6.18;6.30;885360;7405339.00
2013/03/19;6.30;6.38;6.23;6.35;1422194;11909631.00
2013/03/20;6.36;6.69;6.31;6.66;3516996;30549510.00
2013/03/21;6.61;6.72;6.54;6.64;2178912;19236736.00
2013/03/22;6.61;6.73;6.59;6.69;1373722;12162108.00
2013/03/25;7.20;7.36;6.87;6.90;8588516;79893544.00
2013/03/26;6.76;7.61;6.73;7.61;14565353;141870160.00
2013/03/27;7.63;7.93;7.41;7.64;14272701;145105856.00
2013/03/28;7.41;7.67;7.28;7.45;7560028;74846656.00
2013/03/29;7.32;7.58;7.32;7.43;4279262;42161816.00
2013/04/01;7.29;7.46;7.16;7.39;3446799;33518434.00
2013/04/02;7.38;7.52;7.20;7.37;4803483;35846748.00
2013/04/03;7.30;7.41;7.21;7.35;2167048;16047506.00
2013/04/08;7.34;7.37;7.10;7.36;2413505;17767118.00
2013/04/09;7.35;7.46;7.30;7.40;1934221;14473515.00
2013/04/10;7.43;7.48;7.25;7.33;1818622;13536066.00
2013/04/11;7.33;7.38;7.23;7.24;1508818;11133072.00
2013/04/12;7.26;7.31;7.22;7.24;1078867;7932302.50
2013/04/15;7.21;7.28;7.17;7.26;969766;7105465.50
2013/04/16;7.20;7.30;7.20;7.30;999554;7356574.50
2013/04/17;7.30;7.32;7.24;7.30;1187749;8762284.00
2013/04/18;7.30;7.40;7.24;7.34;1473134;10908945.00
2013/04/19;7.34;7.60;7.31;7.53;3284003;24815020.00
2013/04/22;7.45;7.45;7.06;7.15;6865369;50198028.00
2013/04/23;7.14;7.20;6.96;7.11;1772672;12763655.00
2013/04/24;6.97;7.16;6.92;7.06;2797629;19976574.00
2013/04/25;6.99;7.04;6.48;6.61;2851352;19409838.00
2013/04/26;6.53;6.69;6.32;6.33;1848322;12191389.00
2013/05/02;6.38;6.42;6.18;6.42;748581;4787819.00
2013/05/03;6.42;6.62;6.41;6.57;1166333;7746596.50
2013/05/06;6.62;6.66;6.55;6.63;1279353;8561772.00
2013/05/07;6.63;6.64;6.57;6.61;572802;3838481.00
2013/05/08;6.61;6.66;6.43;6.48;1428714;9445600.00
2013/05/09;6.49;6.50;6.34;6.46;917312;5988968.50
2013/05/10;6.40;6.49;6.38;6.47;669688;4375576.00
2013/05/13;6.45;6.47;6.28;6.38;5022240;32255646.00
2013/05/14;6.27;6.27;5.91;6.10;4871364;30140294.00
2013/05/15;6.07;6.18;6.02;6.12;2166265;13446478.00
2013/05/16;6.14;6.16;6.07;6.11;2284346;14195190.00
2013/05/17;6.12;6.23;6.10;6.22;2986766;18736196.00
2013/05/20;6.25;6.39;6.17;6.36;3312698;21181776.00
2013/05/21;6.37;6.54;6.33;6.53;3531912;23133588.00
2013/05/22;6.53;6.53;6.36;6.42;2248309;14738074.00
2013/05/23;6.38;6.49;6.36;6.38;1916425;12490769.00
2013/05/24;6.38;6.61;6.37;6.59;1855011;12175781.00
2013/05/27;6.60;6.87;6.56;6.82;4763932;32541548.00
2013/05/28;6.82;6.84;6.64;6.70;2372210;16183003.00
2013/05/29;6.68;6.84;6.66;6.82;2204363;15203885.00
2013/05/30;6.83;6.88;6.75;6.80;1775707;12250252.00
2013/05/31;6.81;6.87;6.72;6.74;2560272;17670582.00
2013/06/03;6.71;6.77;6.45;6.74;3481560;23194296.00
2013/06/04;6.68;6.73;6.49;6.73;2156237;14451402.00
2013/06/05;6.67;7.27;6.57;6.94;6856874;48121624.00
2013/06/06;6.90;6.90;6.51;6.53;3499087;23637890.00
2013/06/07;6.53;6.57;6.21;6.33;2128842;13719790.00
2013/06/13;6.24;6.24;6.00;6.16;1377659;8536929.00
2013/06/14;6.15;6.29;6.14;6.23;689534;4356874.50
2013/06/17;6.25;6.34;6.10;6.28;706729;4472914.50
2013/06/18;6.27;6.35;6.23;6.31;647639;4133939.00
2013/06/19;6.21;6.37;6.10;6.31;758989;4824218.00
2013/06/20;6.30;6.37;6.18;6.19;908351;5804819.50
2013/06/21;6.11;6.12;5.95;6.06;810491;4976634.00
2013/06/24;6.05;6.20;5.52;6.04;1723875;10435638.00
2013/06/25;5.80;6.06;5.43;5.92;1660629;9742217.00
2013/06/26;5.84;5.96;5.67;5.90;1240918;7352104.00
2013/06/27;5.90;5.95;5.65;5.65;1264356;7497086.50
2013/06/28;5.59;5.95;5.42;5.87;1273888;7458565.50
2013/07/01;5.79;5.93;5.71;5.90;739509;4395368.50
2013/07/02;5.85;5.95;5.78;5.95;1161959;6952750.50
2013/07/03;6.08;6.08;5.76;5.92;1338012;8037614.00
2013/07/04;5.95;6.11;5.82;6.05;2159269;13090888.00
2013/07/05;6.06;6.11;5.95;6.05;2294201;14048711.00
2013/07/08;6.02;6.02;5.78;5.91;2115371;12675434.00
2013/07/09;5.88;5.93;5.79;5.93;1494346;8895150.00
2013/07/10;5.86;6.08;5.80;6.03;1953140;11815720.00
2013/07/11;6.03;6.45;5.97;6.35;4941025;30952228.00
2013/07/12;6.24;6.49;6.19;6.30;4012458;25772766.00
2013/07/15;6.21;6.47;6.21;6.33;2420573;15587702.00
2013/07/16;6.25;6.45;6.25;6.38;2747994;17689650.00
2013/07/17;6.38;6.58;6.26;6.51;5476246;35714744.00
2013/07/18;6.39;6.66;6.36;6.56;5072250;33589676.00
2013/07/19;6.55;6.65;6.31;6.51;5211796;34638420.00
2013/07/22;6.40;6.49;6.21;6.32;2949722;18992232.00
2013/07/23;6.38;6.57;6.33;6.57;5023712;33077586.00
2013/07/24;6.56;6.70;6.39;6.70;6378025;42529136.00
2013/07/25;6.68;6.69;6.47;6.55;4421893;29538856.00
2013/07/26;6.48;6.51;6.32;6.40;1692033;11005473.00
2013/07/29;6.40;6.46;6.26;6.41;2928767;18963748.00
2013/07/30;6.40;6.46;6.25;6.36;3537233;22846964.00
2013/07/31;6.41;6.43;6.30;6.36;3382211;21857550.00
2013/08/01;6.35;6.55;6.35;6.53;3517506;23072612.00
2013/08/02;6.53;6.65;6.48;6.52;2524389;16841672.00
2013/08/05;6.53;6.68;6.50;6.68;2375644;15948913.00
2013/08/06;6.65;6.90;6.61;6.84;4534708;31168024.00
2013/08/07;6.88;6.99;6.50;6.54;4731075;32253262.00
2013/08/08;6.53;6.64;6.46;6.51;2381145;15835521.00
2013/08/09;6.56;6.58;6.35;6.51;2285665;14990562.00
2013/08/12;6.50;6.62;6.46;6.60;2827178;18761646.00
2013/08/13;6.56;6.66;6.55;6.65;2025855;13598087.00
2013/08/14;6.61;6.68;6.49;6.56;2126942;14259590.00
2013/08/15;6.56;6.60;6.45;6.46;1531154;10125478.00
2013/08/16;6.43;6.59;6.37;6.42;2358514;15466093.00
2013/08/19;6.37;6.46;6.30;6.45;1523577;9879242.00
2013/08/20;6.41;6.55;6.41;6.52;2003030;13198190.00
2013/08/21;6.51;6.51;6.30;6.41;2292793;14903352.00
2013/08/22;6.38;6.45;6.27;6.29;2151527;13832518.00
2013/08/23;6.28;6.32;6.03;6.12;2643347;16525305.00
2013/08/26;6.12;6.21;6.11;6.20;1758847;11020238.00
2013/08/27;6.22;6.52;6.17;6.50;3240443;20866598.00
2013/08/28;6.48;6.63;6.38;6.48;6243217;41426540.00
2013/08/29;6.48;6.56;6.26;6.48;2683191;17310110.00
2013/08/30;6.41;6.50;6.33;6.36;2865633;18773110.00
2013/09/02;6.36;6.36;6.20;6.31;1816490;11576680.00
2013/09/03;6.39;6.39;6.29;6.36;1614845;10381747.00
2013/09/04;6.33;6.45;6.30;6.43;1775762;11528219.00
2013/09/05;6.43;6.46;6.37;6.41;1748690;11398288.00
2013/09/06;6.41;6.57;6.32;6.49;3011863;19771112.00
2013/09/09;6.49;6.55;6.47;6.50;2261693;14963016.00
2013/09/10;6.50;6.51;6.44;6.49;2401127;15780068.00
2013/09/11;6.51;6.60;6.36;6.44;3502843;22972818.00
2013/09/12;6.41;6.45;6.33;6.43;2017758;13101185.00
2013/09/13;6.42;6.59;6.37;6.58;3594167;23775592.00
2013/09/16;6.60;6.65;6.47;6.54;3555312;23657872.00
2013/09/17;6.51;6.54;6.44;6.45;1669327;10961425.00
2013/09/18;6.44;6.54;6.41;6.52;1206196;7946242.00
2013/09/23;6.50;6.68;6.50;6.68;3289026;22024338.00
2013/09/24;6.64;6.74;6.58;6.70;2756389;18678100.00
2013/09/25;6.71;6.71;6.56;6.62;2281652;15342674.00
2013/09/26;6.61;6.61;6.45;6.45;1600139;10590909.00
2013/09/27;6.42;6.49;6.35;6.39;1339627;8710480.00
2013/09/30;6.39;6.45;6.29;6.39;1284386;8295840.00
2013/10/08;6.37;6.48;6.34;6.45;1296169;8457253.00
2013/10/09;5.90;6.65;5.90;6.61;7845236;50240096.00
2013/10/10;6.49;6.77;6.45;6.69;5625677;37765952.00
2013/10/11;6.68;6.74;6.59;6.67;4040679;27334276.00
2013/10/14;6.69;7.06;6.63;6.93;7804679;54422152.00
2013/10/15;6.93;6.93;6.75;6.91;5254999;36410436.00
2013/10/16;6.95;7.10;6.86;7.00;8980502;63735224.00
2013/10/17;6.96;7.28;6.87;6.88;6547779;46691408.00
2013/10/18;6.81;7.02;6.81;6.88;2714090;19041694.00
2013/10/21;6.88;7.00;6.85;6.98;2873311;20215168.00
2013/10/22;7.00;7.11;6.94;7.10;3609286;25778832.00
2013/10/23;7.06;7.09;6.72;6.97;3385328;23785354.00
2013/10/24;6.96;7.00;6.83;6.84;1645854;11509777.00
2013/10/25;6.93;7.12;6.81;6.95;6250667;44286048.00
2013/10/28;6.94;7.18;6.90;7.15;6707256;47857760.00
2013/10/29;7.15;7.18;6.84;7.10;6004101;42633544.00
2013/10/30;7.10;7.42;7.02;7.23;8675021;63363712.00
2013/10/31;7.20;7.34;7.14;7.32;6578738;48307780.00
2013/11/01;7.33;7.36;7.20;7.21;4543289;33433348.00
2013/11/04;7.20;7.22;6.96;7.13;3987190;28791562.00
2013/11/05;7.10;7.31;7.06;7.31;4973958;36453744.00
2013/11/06;7.34;7.50;7.17;7.50;9121750;67634240.00
2013/11/07;7.42;7.73;7.36;7.73;8233894;63224048.00
2013/11/08;7.74;8.09;7.65;8.01;11318289;91207344.00
2013/11/11;7.99;8.09;7.88;8.02;6624735;53559404.00
2013/11/12;8.00;8.21;7.90;7.96;5934383;48047452.00
2013/11/13;7.91;7.97;7.81;7.90;4070266;32566094.00
2013/11/14;7.85;8.16;7.85;8.04;3771950;30684578.00
2013/11/15;7.98;8.10;7.97;8.02;3246532;26419452.00
2013/11/18;8.14;8.28;8.02;8.23;4475428;37042396.00
2013/11/19;8.28;8.30;8.12;8.15;3766449;31205248.00
2013/11/20;8.20;8.20;8.00;8.14;2661066;21758418.00
2013/11/21;8.11;8.28;7.98;8.26;2424683;19880598.00
2013/11/22;8.26;8.38;8.12;8.18;2228753;18554112.00
2013/11/25;8.07;8.22;8.00;8.15;2807833;23000596.00
2013/11/26;8.14;8.23;8.08;8.12;1741770;14396095.00
2013/11/27;8.11;8.19;8.04;8.15;3040776;25046762.00
2013/11/28;8.25;8.32;8.11;8.16;2144582;17758434.00
2013/11/29;8.20;8.20;8.03;8.08;2208705;18132396.00
2013/12/02;7.81;8.29;7.81;8.18;3429438;28297194.00
2013/12/03;8.20;8.34;8.01;8.32;4133791;34488916.00
2013/12/04;8.31;8.54;8.25;8.52;3540000;30302510.00
2013/12/05;8.54;9.23;8.49;8.97;5749871;51851884.00
2013/12/06;8.92;9.07;8.79;8.83;3893125;35168344.00
2013/12/09;8.85;8.86;8.63;8.69;3150360;27814932.00
2013/12/10;8.75;8.94;8.61;8.89;4115674;36521072.00
2013/12/11;8.92;9.05;8.83;8.94;2365515;21410948.00
2013/12/12;9.05;9.05;8.69;8.70;2058752;18379386.00
2013/12/13;8.67;8.77;8.44;8.70;2472866;21647748.00
2013/12/16;8.74;9.00;8.62;8.80;1516266;13490081.00
2013/12/17;8.84;8.84;8.51;8.55;2009057;17546962.00
2013/12/18;8.63;8.65;8.50;8.56;719051;6230323.50
2013/12/19;8.54;8.80;8.45;8.57;1119906;9806904.00
2013/12/20;8.58;8.68;8.57;8.62;986754;8590638.00
2013/12/23;8.61;8.84;7.80;8.41;2167794;18745582.00
2013/12/24;8.39;8.69;8.20;8.30;2384751;20195326.00
2013/12/25;8.29;8.55;8.25;8.54;4240835;35907956.00
2013/12/26;8.47;8.85;8.40;8.70;6267068;55112456.00
2013/12/27;8.70;8.92;8.63;8.72;5021383;44560748.00
2013/12/30;8.70;9.25;8.60;8.66;4814241;43087720.00
2013/12/31;8.70;8.76;8.45;8.53;4549061;39448184.00
2014/01/02;8.53;8.73;8.50;8.73;2978487;26074026.00
2014/01/03;8.73;8.78;8.61;8.75;2473400;21725806.00
2014/01/06;8.70;8.77;8.62;8.76;1839655;16232027.00
2014/01/07;8.65;8.98;8.55;8.70;3274294;28857286.00
2014/01/08;8.65;8.70;8.54;8.55;1226291;10653964.00
2014/01/09;8.55;8.71;8.42;8.53;2569554;22192468.00
2014/01/10;8.53;8.78;8.50;8.78;2657610;23333052.00
2014/01/13;8.78;9.24;8.59;9.22;6661536;60082672.00
2014/01/14;9.22;9.29;8.95;9.10;5067468;46339456.00
2014/01/15;9.07;9.21;8.86;8.97;5017412;45941352.00
2014/01/16;8.91;8.96;8.66;8.80;3988690;35369428.00
2014/01/17;8.77;8.77;8.40;8.50;3288551;28366134.00
2014/01/20;8.55;8.66;8.30;8.65;4112060;35313056.00
2014/01/21;8.57;8.90;8.57;8.90;3014142;26801920.00
2014/01/22;8.90;9.75;8.83;9.50;7917719;73429800.00
2014/01/23;9.55;9.95;9.40;9.90;9489263;93440336.00
2014/01/24;9.86;10.00;9.70;9.93;5676400;56240936.00
2014/01/27;9.91;10.20;9.75;9.93;4537411;45459828.00
2014/01/28;9.93;10.11;9.66;10.06;8048387;80469760.00
2014/01/29;9.91;10.07;9.74;9.76;2563402;25485430.00
2014/01/30;9.78;9.89;9.50;9.87;4513387;43848392.00
2014/02/07;9.74;9.90;9.65;9.84;2669354;26400040.00
2014/02/10;9.68;10.19;9.68;10.08;3997815;40360740.00
2014/02/11;9.85;10.10;9.79;10.04;3555072;35595692.00
2014/02/12;9.90;10.90;9.90;10.20;5377110;56033060.00
2014/02/13;10.19;10.39;10.01;10.28;3977643;40871348.00
2014/02/14;10.30;10.50;10.04;10.27;5214056;53723848.00
2014/02/17;10.21;10.50;10.14;10.35;4116419;42947732.00
2014/02/18;10.29;11.40;10.22;10.99;9532519;103659968.00
2014/02/19;10.87;10.90;10.57;10.61;3907315;42314696.00
2014/02/20;10.65;10.88;10.22;10.22;5429508;57263964.00
2014/02/21;10.22;10.41;10.05;10.32;4657724;48184516.00
2014/02/24;10.18;10.68;10.13;10.63;2869343;30172226.00
2014/02/25;10.57;10.70;10.18;10.43;3584811;38106896.00
2014/02/26;10.33;10.62;10.11;10.49;2999284;31635760.00
2014/02/27;10.38;10.94;10.36;10.54;6542911;70141440.00
2014/02/28;10.38;10.65;9.90;10.50;4860833;50103032.00
2014/03/03;10.35;10.61;10.35;10.55;3227789;34275900.00
2014/03/04;10.55;10.55;10.32;10.41;2469523;26029032.00
2014/03/05;10.42;10.55;10.26;10.39;3061131;32098728.00
2014/03/06;10.39;11.03;10.39;10.90;15826828;172626272.00
2014/03/11;10.10;10.40;9.80;10.10;7477494;75051896.00
2014/03/12;9.95;10.20;9.35;9.36;3782679;36831004.00
2014/03/13;9.20;9.35;8.67;9.31;5170591;46955676.00
2014/03/14;9.09;9.52;9.01;9.44;3386576;31970950.00
2014/03/17;9.44;9.60;9.40;9.47;1659553;15890250.00
2014/03/18;9.50;9.55;9.38;9.46;2168268;20754098.00
2014/03/19;9.50;9.60;9.35;9.41;1741989;16587004.00
2014/03/20;9.35;9.43;8.54;8.55;3822944;34799532.00
2014/03/21;8.59;9.17;8.59;9.14;4657010;41812504.00
2014/06/20;10.06;10.06;10.06;10.06;2931329;29694362.00
2014/06/23;10.73;11.06;10.05;11.06;16374507;173788576.00
2014/06/24;10.71;10.88;10.45;10.65;8483491;91404176.00
2014/06/25;10.80;11.23;10.63;10.73;7728225;84748992.00
2014/06/26;10.73;11.08;10.48;10.75;6998046;75776352.00
2014/06/27;10.69;11.11;10.69;10.85;8223209;90165528.00
2014/06/30;10.74;10.74;10.30;10.39;6982485;73576616.00
2014/07/01;10.41;10.58;10.31;10.48;4178478;43862048.00
2014/07/02;10.49;10.53;10.03;10.27;5718229;58702736.00
2014/07/03;10.39;10.39;10.08;10.12;3852397;39429888.00
2014/07/04;10.15;10.42;10.05;10.33;3802699;39253100.00
2014/07/07;10.33;10.55;10.26;10.48;4841723;50677544.00
2014/07/08;10.49;10.49;10.07;10.22;4071372;41872080.00
2014/07/09;10.43;11.25;10.43;11.25;22114598;247095328.00
2014/07/10;11.61;12.38;11.51;12.38;16525653;201804832.00
2014/07/11;12.53;13.20;12.39;12.90;20451439;261156128.00
2014/07/14;12.57;12.62;11.63;11.97;19966827;241563600.00
2014/07/15;12.14;12.76;12.00;12.08;13468316;166632256.00
2014/07/16;11.69;11.76;11.29;11.68;8611502;100116200.00
2014/07/17;11.54;11.72;11.26;11.57;5413175;62463064.00
2014/07/18;11.52;11.61;11.13;11.20;7485993;85361248.00
2014/07/21;11.26;11.49;10.86;11.15;5009571;56204888.00
2014/07/22;11.13;11.33;10.83;11.21;4871354;54791944.00
2014/07/23;11.08;11.37;10.79;10.93;5091106;56595288.00
2014/07/24;11.03;11.05;10.38;10.49;6290547;67131640.00
2014/07/25;10.43;10.56;10.28;10.53;2721162;28576742.00
2014/07/28;10.54;10.85;10.41;10.74;3703788;39698104.00
2014/07/29;10.75;11.02;10.65;10.82;4986141;54618896.00
2014/07/30;10.82;10.89;10.71;10.79;3017822;32806842.00
2014/07/31;10.73;10.90;10.65;10.87;2991306;32537014.00
2014/08/01;10.92;11.31;10.78;10.78;5237272;58201196.00
2014/08/04;10.71;10.79;10.55;10.71;3446758;37041340.00
2014/08/05;10.77;11.03;10.69;10.94;3628051;39774124.00
2014/08/06;10.88;11.25;10.82;11.20;6441640;71969048.00
2014/08/07;11.23;11.26;10.94;10.96;2953923;32843214.00
2014/08/08;10.93;11.22;10.93;11.20;3409454;38109376.00
2014/08/11;11.21;11.27;11.14;11.20;3173731;35800216.00
2014/08/12;11.18;11.20;11.05;11.13;2669082;29851874.00
2014/08/13;11.16;11.17;10.80;10.97;3304011;36505080.00
2014/08/14;11.02;11.08;10.80;10.84;2666703;29408390.00
2014/08/15;10.82;11.00;10.53;10.99;3378381;36642332.00
2014/08/18;10.92;11.53;10.86;11.48;6550573;74059440.00
2014/08/19;11.47;11.52;11.16;11.26;7354840;83837616.00
2014/08/20;11.23;11.83;11.20;11.75;11445302;134159728.00
2014/08/21;11.61;11.83;11.14;11.49;5381229;61939440.00
2014/08/22;11.43;11.99;11.28;11.86;7452462;87029776.00
2014/08/25;11.86;11.91;11.37;11.43;6547034;76007160.00
2014/08/26;11.34;11.42;11.03;11.13;4450371;50169460.00
2014/08/27;11.10;11.40;11.09;11.20;3363283;38191396.00
2014/08/28;11.20;11.33;10.93;11.00;3031526;33856192.00
2014/08/29;10.93;11.08;10.90;11.03;3925597;43390116.00
2014/09/01;11.17;11.35;11.02;11.23;7815443;88298200.00
2014/09/02;11.23;11.93;11.03;11.88;17623306;206696992.00
2014/09/03;11.79;12.32;11.75;11.89;15455035;186946896.00
2014/09/04;11.93;12.37;11.72;12.32;15515901;188212800.00
2014/09/05;12.23;13.08;12.18;13.00;16495232;211449248.00
2014/09/09;13.14;13.17;12.69;13.00;9458645;122933656.00
2014/09/10;12.87;12.98;12.53;12.85;7172806;92147504.00
2014/09/11;12.78;13.11;12.73;12.76;5643485;73345536.00
2014/09/12;12.65;14.04;12.64;14.04;8815400;118656616.00
2014/09/15;14.04;14.91;13.93;14.28;11221542;162250032.00
2014/09/16;14.33;14.37;13.23;13.33;9746542;134693584.00
2014/09/17;13.33;13.48;12.90;13.16;5780733;76397512.00
2014/09/18;13.16;13.65;13.02;13.08;6898314;92385776.00
2014/09/19;12.94;14.40;12.93;14.40;15162290;210896672.00
2014/09/22;15.06;15.16;14.41;14.95;16873887;250912544.00
2014/09/23;14.57;15.08;14.54;14.99;6490622;96809912.00
2014/09/24;14.98;14.98;14.59;14.71;6137935;90705624.00
2014/09/25;14.71;14.90;14.45;14.72;4547820;66904740.00
2014/09/26;14.57;14.72;13.93;14.24;7742345;111341600.00
2014/09/29;14.21;14.40;14.04;14.19;5597680;79802328.00
2014/09/30;14.33;14.37;14.03;14.15;3816984;54307736.00
2014/10/08;14.20;14.22;13.74;13.93;9489094;132846824.00
2014/10/09;14.08;14.52;13.93;14.16;9109144;130280408.00
2014/10/10;14.16;15.13;14.05;14.74;12577205;186080560.00
2014/10/13;14.82;14.98;14.28;14.84;8357448;122689248.00
2014/10/14;14.75;15.07;14.63;14.83;4698823;70116072.00
2014/10/15;14.73;14.87;13.63;14.66;10959142;156878624.00
2014/10/16;14.45;14.51;13.85;13.91;5093032;72878920.00
2014/10/17;13.88;14.24;13.21;13.22;6725520;91365096.00
2014/10/20;13.32;13.53;13.28;13.43;2467733;33298794.00
2014/10/21;13.46;14.05;13.46;13.55;3260303;45071016.00
2014/10/22;13.48;13.68;13.10;13.11;3736320;50250184.00
2014/10/23;13.13;13.29;12.13;12.66;2998749;38864740.00
2014/10/24;12.45;13.32;12.45;13.32;3180358;41488980.00
2014/10/27;13.23;13.63;13.18;13.45;2489013;33684944.00
2014/10/28;13.41;13.81;13.39;13.71;4316376;59070812.00
2014/10/29;13.65;14.04;13.56;13.73;3302033;45662620.00
2014/10/30;13.74;13.88;13.56;13.64;1844646;25441380.00
2014/10/31;13.55;13.85;13.51;13.63;3009458;41330588.00
2014/11/03;13.56;13.73;13.26;13.35;4072419;55204944.00
2014/11/04;13.32;13.45;12.97;12.99;3321051;43817140.00
2014/11/05;13.09;13.23;12.85;12.94;2215733;29027738.00
2014/11/06;12.97;13.42;12.81;13.38;3225868;42459012.00
2014/11/07;13.38;13.57;13.11;13.21;2675000;35951648.00
2014/11/10;13.22;13.30;13.08;13.26;2546432;33764068.00
2014/11/11;13.27;13.27;12.35;12.48;4992760;63723592.00
2014/11/12;12.34;12.88;12.04;12.74;4239206;52831604.00
2014/11/13;12.53;12.74;12.17;12.38;3764966;46981036.00
2014/11/14;12.23;12.47;11.93;12.33;3668343;44953880.00
2014/11/17;12.33;12.67;12.11;12.35;2599679;32393494.00
2014/11/18;12.46;12.46;12.21;12.26;1687377;20874440.00
2014/11/19;12.28;12.61;12.18;12.30;1856967;23073558.00
2014/11/20;12.37;12.59;12.14;12.29;2161473;26801256.00
2014/11/21;12.29;12.40;12.18;12.26;2247022;27715266.00
2014/11/24;12.30;12.43;12.02;12.09;5195665;63408132.00
2014/11/25;12.08;12.30;11.98;12.23;3197602;39155228.00
2014/11/26;12.23;12.41;12.07;12.40;5191740;63834132.00
2014/11/27;12.39;12.58;12.24;12.33;5477874;67908008.00
2014/11/28;12.35;12.43;11.79;11.88;7781153;94262520.00
2014/12/01;11.87;11.87;11.02;11.10;11162832;126284856.00
2014/12/02;11.11;11.23;10.95;11.17;8333641;93270680.00
2014/12/03;11.19;11.93;11.08;11.88;10255310;118542912.00
2014/12/04;11.82;12.11;11.77;11.86;7120829;85189904.00
2014/12/05;11.86;11.86;11.01;11.19;7700169;87646112.00
2014/12/08;11.17;11.25;10.59;10.92;13331248;145808176.00
2014/12/09;10.90;10.90;10.22;10.36;11200750;117728544.00
2014/12/10;10.51;10.67;10.31;10.61;7001106;73892448.00
2014/12/11;10.54;10.90;10.52;10.79;6789375;73051528.00
2014/12/12;10.83;11.11;10.71;11.09;5571655;61209608.00
2014/12/15;11.06;11.37;10.84;11.31;7688174;86655960.00
2014/12/16;11.23;11.23;10.99;11.05;5189727;57944900.00
2014/12/17;11.05;11.07;10.60;10.77;3660464;39761248.00
2014/12/18;10.74;10.89;10.60;10.71;3268021;35235892.00
2014/12/19;10.71;10.71;10.23;10.33;6052803;63279968.00
2014/12/22;10.14;10.14;9.29;9.29;9355163;89793360.00
2014/12/23;9.28;9.90;8.91;9.58;9769826;91879520.00
2014/12/24;9.56;9.86;9.43;9.68;3970909;38556812.00
2014/12/25;9.67;10.65;9.66;10.54;9041780;94056224.00
2014/12/26;10.54;11.19;10.41;10.88;8908202;97809648.00
2014/12/29;10.87;10.92;10.50;10.64;4728944;51065488.00
2014/12/30;10.67;11.09;10.55;10.73;4432823;48463536.00
2015/01/08;11.81;11.81;11.24;11.81;6576078;77484656.00
2015/01/09;11.93;11.93;10.83;11.13;11723532;134890304.00
2015/01/12;11.00;11.00;10.24;10.31;5922696;62392324.00
2015/01/13;10.31;10.71;10.15;10.56;2715064;28560384.00
2015/01/14;10.51;10.61;10.24;10.28;2128907;22305746.00
2015/01/15;10.33;10.57;10.20;10.40;2377389;24883438.00
2015/01/16;10.42;10.48;10.20;10.28;3458754;35838680.00
2015/01/19;9.98;10.20;9.70;9.74;3875687;38772676.00
2015/01/20;9.78;10.10;9.78;10.08;3062594;30764492.00
2015/01/21;10.09;10.87;10.05;10.83;6672884;70835720.00
2015/01/22;10.76;11.32;10.76;11.07;6423687;71207968.00
2015/01/23;11.02;11.21;10.76;10.76;4397643;48389008.00
2015/01/26;10.81;11.38;10.78;11.34;7435526;84056968.00
2015/01/27;11.38;11.90;11.23;11.81;11543146;136093328.00
2015/01/28;11.83;12.04;11.58;11.79;6650645;79257872.00
2015/01/29;11.79;11.88;11.46;11.46;5404518;63248656.00
2015/01/30;11.46;11.86;11.46;11.59;3101948;36466236.00
2015/02/02;11.47;11.80;11.08;11.72;4349719;50776076.00
2015/02/03;11.75;12.03;11.62;11.82;4423786;52575236.00
2015/02/04;11.75;12.98;11.75;12.53;11060584;138858320.00
2015/02/05;12.53;13.15;12.52;12.94;10716100;139238512.00
2015/02/06;12.92;12.92;12.49;12.57;4753685;60696700.00
2015/02/09;12.53;12.81;11.83;12.22;4868114;60842252.00
2015/02/10;12.21;13.26;12.21;13.15;6454225;83195512.00
2015/02/11;13.53;13.53;12.94;13.34;7643275;101748792.00
2015/02/12;13.34;13.73;13.24;13.65;4832923;65875308.00
2015/02/13;13.63;14.73;13.43;14.17;8248357;118483552.00
2015/02/16;14.34;14.92;14.14;14.67;6365578;93714120.00
2015/02/17;14.67;14.99;14.35;14.98;5734413;85100976.00
2015/02/25;15.00;15.14;14.49;14.61;4304956;64198788.00
2015/02/26;14.53;14.53;14.03;14.44;4012720;57797384.00
2015/02/27;14.51;14.71;14.23;14.67;3978705;57829488.00
2015/03/02;14.58;14.92;14.49;14.77;3967778;58996992.00
2015/03/03;14.73;14.98;14.43;14.59;4396558;64883948.00
2015/03/04;14.44;15.57;14.43;15.42;6336180;96680432.00
2015/03/05;15.55;15.68;15.04;15.22;5358856;82158144.00
2015/03/06;15.22;15.83;15.02;15.02;5249274;80979280.00
2015/03/09;14.88;15.41;14.81;15.05;3298568;50242544.00
2015/03/10;15.05;15.55;15.05;15.35;4335935;66734480.00
2015/03/11;15.35;15.51;15.13;15.23;2517135;38653620.00
2015/03/12;15.09;15.30;14.33;14.88;5323610;79796000.00
2015/03/13;14.94;15.62;14.68;14.91;5871335;88373064.00
2015/03/16;15.03;15.63;14.54;15.53;9282835;142914352.00
2015/03/17;15.63;16.53;15.33;16.18;8799568;142791296.00
2015/03/18;16.23;16.49;15.56;15.68;18784771;300280896.00
2015/03/26;17.26;17.26;17.26;17.26;1820917;31556492.00
2015/03/27;17.70;18.91;17.00;18.67;38681651;695955072.00
2015/03/30;17.93;18.21;17.46;17.73;19574620;349851744.00
2015/03/31;17.72;17.72;16.63;17.05;16013249;275392992.00
2015/04/01;17.18;17.53;17.04;17.33;11404721;197737536.00
2015/04/02;17.33;17.73;17.10;17.37;12475296;218593552.00
2015/04/03;17.22;18.25;17.11;17.99;15344875;275641696.00
2015/04/07;18.04;18.42;17.65;17.89;14193423;255487920.00
2015/04/08;17.89;18.23;17.13;17.46;13382624;237418304.00
2015/04/09;17.38;17.43;15.83;16.67;18081222;299340896.00
2015/04/10;16.67;17.30;16.50;17.15;13813223;233328240.00
2015/04/13;17.23;18.87;17.23;18.51;28726109;527279264.00
2015/04/14;18.54;20.00;18.34;20.00;17921157;348827968.00
2015/04/15;20.15;21.93;19.43;21.03;25574519;540786688.00
2015/04/16;21.03;21.81;19.98;21.63;17769393;378004704.00
2015/04/17;21.63;23.49;21.62;22.15;19891765;447633696.00
2015/04/20;21.78;22.83;21.46;22.10;17533045;392484032.00
2015/04/21;21.93;22.35;21.23;22.14;12882590;280578880.00
2015/04/22;22.15;23.49;22.03;23.38;15105515;348864032.00
2015/09/22;21.04;21.04;21.04;21.04;182000;3838380.00
2015/09/23;18.93;18.93;18.93;18.93;51800;983164.00
2015/09/24;17.03;17.03;17.03;17.03;177800;3036824.00
2015/09/25;15.32;15.32;15.32;15.32;9992200;153580112.00
2015/09/28;13.97;14.75;13.78;13.78;70058988;981083712.00
2015/09/29;14.02;15.16;13.86;15.10;58888295;856151488.00
2015/09/30;14.65;15.13;13.95;14.02;21982739;322384192.00
2015/10/08;14.80;15.43;14.68;15.43;9954351;152108736.00
2015/10/09;16.73;16.98;15.55;16.98;52405180;879363392.00
2015/10/12;16.85;18.22;16.35;17.18;28553903;494188864.00
2015/10/13;17.05;17.85;16.35;17.47;19931883;343024864.00
2015/10/14;17.15;17.63;16.94;17.14;12682258;219001344.00
2015/10/15;17.05;18.86;16.96;18.71;28858557;530548864.00
2015/10/16;19.31;19.53;18.09;18.75;22416591;423500352.00
2015/10/19;18.55;19.38;18.35;18.93;10684737;202453152.00
2015/10/20;18.95;19.45;18.63;19.21;12067834;231872864.00
2015/10/21;19.23;20.30;17.28;18.03;20469524;388354112.00
2015/10/22;17.85;19.84;17.85;19.39;13311325;251171296.00
2015/10/23;19.42;21.33;19.42;21.33;16733677;348609504.00
2015/10/26;21.45;22.28;20.45;21.35;13271755;284273408.00
2015/10/27;20.70;21.65;20.04;21.25;10879606;226200736.00
2015/10/28;20.85;21.22;20.30;20.42;6168130;128615840.00
2015/10/29;20.42;22.47;19.95;22.47;11475493;246464208.00
2015/10/30;22.36;24.72;22.03;24.72;11630888;277720576.00
2015/11/02;23.95;25.95;22.77;23.28;18283974;447654240.00
2015/11/03;23.95;23.96;21.94;22.45;13727342;311312416.00
2015/11/04;22.75;24.50;22.34;24.45;14421076;342609120.00
2015/11/05;24.15;26.90;24.13;26.23;19967731;514110784.00
2015/11/06;25.95;28.15;25.47;27.96;13161541;356719744.00
2015/11/09;27.95;30.60;26.65;29.55;15090442;432644832.00
2015/11/10;28.85;30.29;28.17;29.55;10089244;293318496.00
2015/11/11;29.18;29.18;26.59;26.71;25967884;710000192.00
2015/11/12;26.73;26.87;25.03;26.12;26641054;685373376.00
2015/11/13;25.33;25.94;23.90;25.15;21528079;539437568.00
2015/11/16;24.56;27.06;24.27;26.46;19965206;520067040.00
2015/11/17;26.45;27.95;24.95;25.70;13712784;361069920.00
2015/11/18;25.53;26.26;24.55;24.95;8780168;223557616.00
2015/11/19;25.11;27.45;25.11;27.45;15000159;399764512.00
2015/11/20;27.47;29.22;27.10;28.34;16189482;455952352.00
2015/11/23;28.02;28.33;26.95;27.14;8837962;244545200.00
2015/11/24;26.94;27.23;26.05;27.14;6226549;166498384.00
2015/11/25;26.86;29.75;26.72;28.81;9536431;272779520.00
2015/11/26;28.45;30.05;27.79;28.80;10628167;307603808.00
2015/11/27;28.20;28.55;25.92;25.92;16053364;428875168.00
2015/11/30;25.65;26.25;23.32;25.10;16998932;419785120.00
2015/12/01;25.24;25.29;23.49;23.75;8775197;214023792.00
2015/12/02;23.91;24.15;21.95;23.70;11896595;273796672.00
2015/12/03;23.73;24.54;22.79;24.17;10570346;251177264.00
2015/12/04;23.91;24.70;23.55;23.95;9627474;231152864.00
2015/12/07;23.98;25.75;23.95;24.95;9528397;238594800.00
2015/12/08;24.74;24.74;23.26;23.77;8627500;206929360.00
2015/12/09;22.95;23.77;22.75;22.95;8509059;197250464.00
2015/12/10;22.86;23.64;22.41;22.61;5391800;124236368.00
2015/12/11;22.55;23.05;21.06;22.44;8013828;176230064.00
2015/12/14;21.95;23.82;21.68;23.55;7413057;172944144.00
2015/12/15;23.95;25.39;23.50;24.87;10213109;253950256.00
2015/12/16;24.87;27.35;24.87;26.35;11592772;307172000.00
2015/12/17;26.50;27.40;25.82;26.07;13291163;353805920.00
2015/12/18;26.33;27.31;25.18;27.03;9508681;249318752.00
2015/12/21;26.53;27.56;26.48;27.25;7278228;198109376.00
2015/12/22;27.03;27.25;26.05;26.78;7647469;204224240.00
2015/12/23;26.58;26.77;25.45;25.60;11032616;285682368.00
2015/12/24;25.37;25.96;24.51;25.93;5710453;145013744.00
2015/12/25;25.61;27.05;25.61;26.85;6070931;161870944.00
2015/12/28;27.45;27.95;26.31;26.75;5810766;157699024.00
2015/12/29;26.70;27.35;25.76;27.15;6449047;171515408.00
2015/12/30;27.14;29.87;26.97;29.87;14039167;408389696.00
2015/12/31;30.25;30.35;28.43;28.94;9770909;285206496.00
2016/01/04;29.23;29.23;26.04;26.04;5345299;146320848.00
2016/01/05;24.61;26.55;23.56;25.75;16773159;425603200.00
2016/01/06;26.01;26.52;24.25;25.63;10766124;271987616.00
2016/01/07;24.96;25.15;23.06;23.06;1606681;37988676.00
2016/01/08;23.45;23.93;20.75;21.90;19510021;424444224.00
2016/01/18;19.71;22.25;19.71;21.21;20175230;410648320.00
2016/01/19;20.48;23.10;20.48;22.71;11348059;251401472.00
2016/01/20;22.73;24.63;22.24;22.90;14397959;335941024.00
2016/01/21;22.42;23.63;21.50;21.55;10149828;227983472.00
2016/01/22;21.70;23.20;21.46;22.46;9352007;207963408.00
2016/01/25;22.45;23.38;22.45;23.06;5512052;126626304.00
2016/01/26;22.56;22.95;20.75;20.75;6107409;131848952.00
2016/01/27;21.40;21.40;18.67;20.42;6778377;132655296.00
2016/01/28;19.95;19.95;18.37;18.37;6103003;118174264.00
2016/01/29;18.68;19.25;17.96;18.65;6158086;116216168.00
2016/02/01;18.65;19.65;18.25;18.64;6291025;120088288.00
2016/02/02;18.64;20.51;18.64;20.51;9502285;188940864.00
2016/02/03;20.45;22.35;19.85;21.73;9825233;208147792.00
2016/02/04;22.17;23.80;21.95;22.95;8062381;185577184.00
2016/02/05;23.39;23.51;22.28;22.96;2838606;65243596.00
2016/02/15;21.58;24.15;21.58;23.71;4247446;99752584.00
2016/02/16;23.85;25.52;23.85;25.26;3347461;83863800.00
2016/02/17;25.26;25.50;23.75;24.46;6413084;158429808.00
2016/02/18;24.75;24.93;24.13;24.33;4353461;106566920.00
2016/02/19;24.37;24.85;23.55;24.40;3056506;74372384.00
2016/02/22;25.45;25.46;23.71;23.95;7760857;187740400.00
2016/02/23;23.96;24.24;22.99;23.48;4706722;110562160.00
2016/02/24;23.44;23.65;22.15;22.50;7302435;166644400.00
2016/02/25;22.63;22.89;20.25;20.25;8307103;175832624.00
2016/02/26;19.95;21.05;19.25;20.53;10033603;206405712.00
2016/02/29;20.25;20.25;18.47;18.47;5044600;94757136.00
2016/03/01;18.14;18.35;16.62;17.64;22967298;396719808.00
2016/03/02;16.95;19.41;16.85;19.41;18173280;332623296.00
2016/03/03;20.05;20.55;19.26;19.27;17303774;346381888.00
2016/03/04;18.95;19.23;17.34;17.45;14959889;270105440.00
2016/03/07;17.71;18.33;17.26;17.80;8077739;144425984.00
2016/03/08;17.77;19.59;16.41;19.59;17951829;331927936.00
2016/03/09;19.55;20.30;18.73;19.66;16479294;325318208.00
2016/03/10;19.45;19.65;18.51;18.74;7842240;150376288.00
2016/03/11;18.46;19.00;17.95;18.61;5755144;106317528.00
2016/03/14;18.82;20.48;18.82;20.34;15847047;320222464.00
2016/03/15;20.25;20.94;19.75;19.90;11616303;237029872.00
2016/03/16;20.30;20.55;19.45;20.33;9366062;187456976.00
2016/03/17;20.45;22.37;20.45;22.37;15685695;344492576.00
2016/03/18;22.38;24.61;22.38;24.61;15114034;360739008.00
2016/03/21;24.95;26.45;24.95;25.25;10281172;263149184.00
2016/03/22;25.27;25.65;24.31;24.50;10063571;251556592.00
2016/03/23;25.15;26.05;23.56;25.49;18618931;463075680.00
2016/03/24;24.45;25.43;24.27;24.75;8845473;220229024.00
2016/03/25;24.69;25.05;24.15;24.40;4803795;118233624.00
2016/03/28;24.40;25.15;23.85;24.83;11105147;272565984.00
2016/03/29;24.55;24.70;23.70;24.22;6260116;151555344.00
2016/03/30;24.59;25.53;23.90;24.72;7444690;182614144.00
2016/03/31;24.47;25.45;24.30;24.95;11692022;291843232.00
2016/04/01;24.75;24.78;23.11;23.55;10349156;247350224.00
2016/04/05;23.39;24.11;23.17;23.87;8951836;212512976.00
2016/04/06;23.87;24.40;23.55;23.92;8412562;201541840.00
2016/04/07;23.95;24.12;23.20;23.45;7974357;187684240.00
2016/04/08;22.96;23.67;22.93;23.30;5643732;132032880.00
2016/04/11;23.65;24.61;23.35;24.03;8374640;202230432.00
2016/04/12;24.17;24.33;23.33;23.53;5834635;138072000.00
2016/04/13;23.70;24.37;23.56;23.75;7670915;184040464.00
2016/04/14;23.83;25.60;23.81;25.13;12719794;317008768.00
2016/04/15;25.43;25.43;24.45;24.85;6137759;152501936.00
2016/04/18;24.75;24.75;23.73;23.91;6525891;157390000.00
2016/04/19;24.05;24.45;23.46;23.77;5025086;120119568.00
2016/04/20;23.83;24.05;21.55;22.13;6699213;151162160.00
2016/04/21;22.15;22.37;20.68;21.04;6369954;137717280.00
2016/04/22;21.03;21.91;20.69;21.73;5037049;107003816.00
2016/04/25;21.75;23.08;21.06;22.81;6480940;146528560.00
2016/04/26;22.46;23.18;21.98;22.55;4264061;96003272.00
2016/04/27;22.46;23.01;22.01;22.48;3131267;70810480.00
2016/04/28;22.62;22.62;22.03;22.34;2672766;59576832.00
2016/04/29;22.50;23.40;22.27;23.06;4406858;101987776.00
2016/05/03;22.71;23.77;22.68;23.54;5194947;121381552.00
2016/05/04;23.61;23.75;23.25;23.31;3480351;81992464.00
2016/05/05;23.10;23.45;23.08;23.19;2661891;61890028.00
2016/05/06;23.44;23.45;22.35;22.63;2772337;63391004.00
2016/05/09;22.45;22.47;20.98;21.35;5344556;114928784.00
2016/05/10;21.31;21.71;21.07;21.40;2547616;54417020.00
2016/05/11;21.28;21.40;19.26;19.26;13478527;263790496.00
2016/05/12;18.60;20.76;18.15;20.35;10927338;213233376.00
2016/05/13;20.05;20.44;19.55;19.55;5540012;110462344.00
2016/05/16;19.60;20.02;19.15;19.97;5051841;100243800.00
2016/05/17;20.02;20.94;19.85;20.52;4539883;92130280.00
2016/05/18;20.25;20.83;20.05;20.27;2772213;56558824.00
2016/05/19;20.44;20.94;20.05;20.30;2680587;55203408.00
2016/05/20;20.10;20.48;19.73;20.19;3061530;61846220.00
2016/05/23;20.35;22.20;20.05;21.95;6754083;146308880.00
2016/05/24;21.95;21.95;20.96;21.10;2782525;59464192.00
2016/05/25;21.17;21.85;21.05;21.10;3600916;77607896.00
2016/05/26;21.13;21.64;20.65;21.51;5467162;115894016.00
2016/05/27;21.45;21.93;21.40;21.58;2315755;50246008.00
2016/05/30;21.75;21.83;21.14;21.15;3754287;80558856.00
2016/05/31;21.30;21.90;21.15;21.82;5216156;113173616.00
2016/06/01;21.69;22.13;21.64;21.66;5549921;121256752.00
2016/06/02;21.64;22.15;21.56;22.09;3547149;77917920.00
2016/06/03;22.09;22.92;21.70;22.26;4671453;104545560.00
2016/06/06;22.35;24.25;22.33;23.56;8903823;209586416.00
2016/06/07;23.55;24.45;23.42;23.75;6380808;153261120.00
2016/06/08;24.25;24.34;22.95;23.63;9290269;218399584.00
2016/06/13;22.83;23.16;21.45;21.45;8211883;185687568.00
2016/06/14;21.55;21.83;20.47;21.05;7268123;152717088.00
2016/06/15;20.74;22.33;20.48;22.27;8617097;186048176.00
2016/06/16;22.12;22.17;21.08;21.35;6987389;150767200.00
2016/06/17;21.06;21.92;21.06;21.47;4482945;96464488.00
2016/06/20;21.53;21.73;20.75;20.98;4436736;93726368.00
2016/06/21;21.20;21.30;20.65;20.76;3846477;80789896.00
2016/06/22;20.83;21.13;20.71;21.00;2859512;59886488.00
2016/06/23;20.95;21.59;20.85;21.34;3113358;66105200.00
2016/06/24;21.25;21.50;19.95;20.77;5339322;111471704.00
2016/06/27;20.65;20.83;20.42;20.81;6082286;125769880.00
2016/06/28;20.68;22.45;20.51;22.10;10051512;217841248.00
2016/06/29;22.10;23.08;22.00;22.26;10164389;230448320.00
2016/06/30;22.15;22.73;21.75;21.95;4652421;103219544.00
2016/07/01;21.96;22.83;21.85;22.04;4645688;103668680.00
2016/07/04;21.95;22.30;21.47;22.27;4137594;90970808.00
2016/07/05;22.43;23.85;22.43;23.24;11173527;260812704.00
2016/07/06;23.25;23.43;22.70;23.31;5286070;121814912.00
2016/07/07;23.23;23.41;22.46;22.60;5188151;118870320.00
2016/07/08;22.45;22.70;22.13;22.55;3939013;88395344.00
2016/07/11;22.67;23.53;22.55;22.78;9528642;220939568.00
2016/07/12;22.74;23.23;22.20;23.11;4292958;97092392.00
2016/07/13;23.11;23.54;22.72;23.24;7347839;171074576.00
2016/07/14;23.24;24.95;23.06;24.48;12411648;300651904.00
2016/07/15;24.48;25.00;24.05;24.63;7473435;183728400.00
2016/07/18;24.54;25.25;23.80;24.94;7351788;181204432.00
2016/07/19;24.95;24.99;24.39;24.79;4540822;112131928.00
2016/07/20;24.83;27.15;24.39;26.25;11158010;286340576.00
2016/07/21;25.95;26.05;25.48;25.60;5872549;151428128.00
2016/07/22;25.61;25.99;24.96;25.07;4064377;103418784.00
2016/07/25;24.96;25.32;24.35;24.61;5520188;137012720.00
2016/07/26;24.58;25.44;24.50;25.00;4427076;110959408.00
2016/07/27;25.15;25.15;22.50;22.91;12226896;286909312.00
2016/07/28;22.91;23.02;21.95;22.43;7194813;161486176.00
2016/07/29;22.54;22.54;21.85;22.32;4587736;101754032.00
2016/08/01;21.98;22.37;21.25;21.94;6616928;144406720.00
2016/08/02;21.95;23.05;21.95;22.89;5657062;128381480.00
2016/08/03;22.75;22.83;22.43;22.66;3148677;71230376.00
2016/08/04;22.66;22.94;22.35;22.91;2554352;57948880.00
2016/08/05;22.91;22.92;21.98;22.27;3590692;80589344.00
2016/08/08;22.22;22.63;21.61;22.49;3755451;83320328.00
2016/08/09;22.32;23.10;22.32;22.83;4303085;98447736.00
2016/08/10;22.83;23.04;22.36;22.49;2341588;53141112.00
2016/08/11;22.50;22.62;21.85;21.85;3444389;76153080.00
2016/08/12;21.84;22.03;21.65;21.95;2676581;58665244.00
2016/08/15;21.96;23.15;21.59;22.71;6512653;147471984.00
2016/08/16;22.63;22.90;22.63;22.72;2939189;66998240.00
2016/08/17;22.73;23.33;22.63;22.84;5598219;129010216.00
2016/08/18;22.84;23.01;22.09;22.24;5886766;132848480.00
2016/08/19;22.15;22.55;22.03;22.43;3883202;86711888.00
2016/08/22;22.41;22.41;21.68;21.78;6430606;141107632.00
2016/08/23;21.75;22.23;21.72;21.92;3569885;78583000.00
2016/08/24;21.95;23.02;21.95;22.96;10210361;232872576.00
2016/08/25;23.03;24.45;22.75;24.45;14870460;351762720.00
2016/08/26;24.23;24.84;23.69;23.75;9346414;225953280.00
2016/08/29;23.85;24.10;23.47;23.83;5211731;124473960.00
2016/08/30;23.82;23.93;22.99;23.09;6338184;148294080.00
2016/08/31;23.05;23.27;22.55;22.98;5223506;119652736.00
2016/09/01;22.99;23.24;22.73;22.88;4550454;104823792.00
2016/09/02;22.79;23.04;22.53;22.55;4456104;101381776.00
2016/09/05;22.56;23.63;22.56;23.13;6547935;152721056.00
2016/09/06;23.15;23.44;22.81;23.15;4603810;106625920.00
2016/09/07;23.29;23.53;23.09;23.17;6198841;144415296.00
2016/09/08;23.15;23.37;22.96;23.14;4796025;111113488.00
2016/09/09;23.13;23.93;23.02;23.75;8673522;205086320.00
2016/09/12;22.75;23.40;22.62;23.00;5264973;121473056.00
2016/09/13;23.00;23.95;22.94;23.76;6556595;154207696.00
2016/09/14;23.65;24.47;23.50;23.77;8704555;209552480.00
2016/09/19;23.57;25.45;23.57;24.69;11700987;288093568.00
2016/09/20;24.61;25.15;24.16;24.30;9549333;235380928.00
2016/09/21;24.30;24.44;23.87;23.98;4611634;111408992.00
2016/09/22;24.13;24.41;23.95;24.34;3913754;94955816.00
2016/09/23;24.15;24.34;23.67;23.76;3488045;83534536.00
2016/09/26;24.00;24.02;23.43;23.52;3476819;82379480.00
2016/09/27;23.39;23.89;23.06;23.84;5868087;137886752.00
2016/09/28;23.65;24.10;23.54;24.05;3863047;92121288.00
2016/09/29;23.90;24.29;23.76;23.78;3238513;78039480.00
2016/09/30;23.75;24.25;23.70;24.13;3554352;85862040.00
2016/10/10;24.53;24.59;24.02;24.16;4725642;115123240.00
2016/10/11;24.13;24.15;23.80;24.10;5914064;141306480.00
2016/10/12;23.90;24.17;23.78;24.15;2767657;66290520.00
2016/10/13;24.14;24.45;23.92;24.40;4690309;113506264.00
2016/10/14;24.35;24.46;23.70;23.87;6059382;144955200.00
2016/10/17;23.95;23.97;23.18;23.39;7796089;183560576.00
2016/10/18;23.44;23.80;22.93;23.65;5233705;121897112.00
2016/10/19;23.70;23.70;23.20;23.28;2636439;61654200.00
2016/10/20;23.28;23.51;23.10;23.25;3786371;88099224.00
2016/10/21;23.35;23.45;23.00;23.08;2082882;48260588.00
2016/10/24;23.27;23.38;23.05;23.31;2550838;59246896.00
2016/10/25;23.40;23.56;23.00;23.31;3504458;81322448.00
2016/10/26;23.25;23.25;22.06;22.10;9622703;216776320.00
2016/10/27;22.11;22.53;22.11;22.21;4406649;98354016.00
2016/10/28;22.18;22.37;21.95;21.98;4045822;89478248.00
2016/10/31;21.96;22.30;21.93;22.00;2959536;65392980.00
2016/11/01;22.06;22.29;22.00;22.19;2825778;62698748.00
2016/11/02;22.17;22.27;21.91;22.06;5683893;125109760.00
2016/11/03;22.08;22.10;21.65;21.73;5663080;123599720.00
2016/11/04;21.73;22.17;21.71;22.15;4838101;106325616.00
2016/11/07;22.15;22.20;21.40;21.56;6496699;141312336.00
2016/11/08;21.58;21.72;20.76;21.25;6853387;145536192.00
2016/11/09;21.13;21.50;21.02;21.36;5059258;107941944.00
2016/11/10;21.52;22.14;21.38;22.00;6115162;133096776.00
2016/11/11;22.00;22.10;21.69;21.73;4381568;95774960.00
2016/11/14;21.60;21.95;21.59;21.90;5082900;110481928.00
2016/11/15;21.89;22.50;21.82;22.39;6729424;149389808.00
2016/11/16;22.55;23.43;22.55;23.08;14863802;342876992.00
2016/11/17;23.00;23.25;22.74;22.86;3269600;74947752.00
数据来源:通达信
