002678 珠江钢琴 日线 前复权
      日期	    开盘	    最高	    最低	    收盘	    成交量	    成交额
2012/05/30;7.49;8.27;7.45;8.27;41125816;662639424.00
2012/05/31;8.15;8.68;8.03;8.60;30079116;518587360.00
2012/06/01;8.49;8.58;8.28;8.34;15404456;266928704.00
2012/06/04;8.04;8.15;7.84;7.92;13976228;230114928.00
2012/06/05;7.97;8.04;7.67;7.77;9429878;152422112.00
2012/06/06;7.79;8.03;7.74;7.79;9295149;151184736.00
2012/06/07;7.88;7.93;7.52;7.53;9650608;153229232.00
2012/06/08;7.58;7.70;7.24;7.27;8362199;129798568.00
2012/06/11;7.27;7.38;6.93;7.16;9060132;133631704.00
2012/06/12;7.03;7.29;6.96;7.08;7887191;116783624.00
2012/06/13;7.06;7.26;6.96;7.22;7200503;106339400.00
2012/06/14;7.14;7.41;6.99;7.24;8204100;123549688.00
2012/06/15;7.24;7.27;7.04;7.12;5430351;80410328.00
2012/06/18;7.17;7.50;7.09;7.35;7272989;110305200.00
2012/06/19;7.26;7.33;7.19;7.27;5506595;82881096.00
2012/06/20;7.30;7.52;7.25;7.37;6988527;107153816.00
2012/06/21;7.33;7.37;7.15;7.31;4771320;71821056.00
2012/06/26;7.04;7.15;6.74;7.11;4752317;68806432.00
2012/06/27;7.09;7.32;7.01;7.07;4004544;59623032.00
2012/06/28;7.11;7.16;6.94;6.99;3642727;53110672.00
2012/06/29;6.94;7.31;6.84;7.20;6222782;91985344.00
2012/07/02;7.21;7.31;7.13;7.23;3948016;59031452.00
2012/07/03;7.22;7.61;7.19;7.44;7414848;113913128.00
2012/07/04;7.39;7.47;7.24;7.34;4564094;69576248.00
2012/07/05;7.29;7.30;7.09;7.10;4052037;60344700.00
2012/07/06;7.14;7.25;6.92;7.22;4986092;73337840.00
2012/07/09;7.13;7.14;6.96;7.01;4544633;66423944.00
2012/07/10;6.99;7.03;6.83;6.85;3177994;45667492.00
2012/07/11;6.87;6.98;6.81;6.85;2225550;31728828.00
2012/07/12;6.85;7.13;6.68;6.89;5851250;83538976.00
2012/07/13;6.84;6.91;6.70;6.74;3211387;45263788.00
2012/07/16;6.75;6.78;6.14;6.23;4096151;54654888.00
2012/07/17;6.15;6.33;6.09;6.25;2172343;28160110.00
2012/07/18;6.27;6.27;6.03;6.17;2841653;36423912.00
2012/07/19;6.14;6.33;6.14;6.20;2504225;32592128.00
2012/07/20;6.20;6.21;6.05;6.07;2308353;29498788.00
2012/07/23;6.02;6.02;5.80;5.85;2319055;28480182.00
2012/07/24;5.74;5.94;5.74;5.91;2027255;24746944.00
2012/07/25;5.86;6.52;5.83;6.52;5204654;68902056.00
2012/07/26;6.54;6.54;6.29;6.31;6722081;89448712.00
2012/07/27;6.33;6.40;6.21;6.31;3312665;43469864.00
2012/07/30;6.31;6.35;5.92;6.02;3453140;43799088.00
2012/07/31;5.98;6.17;5.94;6.04;2768991;35119736.00
2012/08/01;5.95;6.23;5.95;6.10;2761067;35079532.00
2012/08/02;6.07;6.12;5.96;5.99;1992923;25056324.00
2012/08/03;6.03;6.29;5.97;6.28;3777525;48787832.00
2012/08/06;6.18;6.46;6.18;6.39;4074071;53540716.00
2012/08/07;6.38;6.52;6.29;6.37;3202088;42547724.00
2012/08/08;6.38;6.48;6.31;6.44;3071239;40995840.00
2012/08/09;6.43;6.49;6.29;6.45;3288223;43876340.00
2012/08/10;6.43;6.48;6.30;6.36;2347275;31092000.00
2012/08/13;6.32;6.39;6.11;6.11;2348732;30630244.00
2012/08/14;6.13;6.16;5.82;6.03;2818207;35152460.00
2012/08/15;6.02;6.02;5.90;5.97;1426761;17730366.00
2012/08/16;5.93;6.11;5.89;5.98;1732400;21782188.00
2012/08/17;5.98;6.01;5.85;5.92;1503151;18563080.00
2012/08/20;5.92;6.10;5.90;6.08;1939326;24396280.00
2012/08/21;6.03;6.24;6.03;6.18;2457940;31535258.00
2012/08/22;6.18;6.20;6.04;6.06;1508178;19235496.00
2012/08/23;6.06;6.22;6.03;6.20;1668441;21340012.00
2012/08/24;6.18;6.32;6.14;6.18;3185161;41428200.00
2012/08/27;6.10;6.10;5.89;5.95;1621388;20259796.00
2012/08/28;5.89;6.05;5.89;5.96;1294719;16129496.00
2012/08/29;5.94;6.06;5.91;5.96;972093;12134544.00
2012/08/30;5.97;6.05;5.64;5.77;1926376;23514042.00
2012/08/31;5.70;5.80;5.66;5.71;1160777;13913243.00
2012/09/03;5.72;5.86;5.72;5.83;1128084;13692517.00
2012/09/04;5.86;5.86;5.72;5.74;1377614;16658006.00
2012/09/05;5.74;5.85;5.70;5.83;1151577;13949932.00
2012/09/06;5.83;5.95;5.82;5.91;1278800;15691856.00
2012/09/07;5.97;6.15;5.93;6.08;2915300;36876344.00
2012/09/10;6.08;6.15;6.04;6.09;1869242;23741514.00
2012/09/11;6.08;6.21;6.01;6.16;2396405;30631266.00
2012/09/12;6.20;6.23;6.04;6.10;1670357;21254444.00
2012/09/13;6.10;6.13;5.95;5.96;1441078;18120642.00
2012/09/14;6.02;6.06;5.90;5.95;1380861;17271212.00
2012/09/17;5.98;5.98;5.69;5.70;1650395;20029522.00
2012/09/18;5.70;5.86;5.69;5.78;810972;9777977.00
2012/09/19;5.77;5.84;5.76;5.82;675486;8194920.00
2012/09/20;5.82;5.82;5.50;5.50;1846627;21701004.00
2012/09/21;5.46;5.56;5.32;5.33;1631421;18619252.00
2012/09/24;5.33;5.41;5.24;5.37;914983;10206668.00
2012/09/25;5.35;5.43;5.28;5.32;1032078;11575808.00
2012/09/26;5.33;5.38;5.13;5.15;1054216;11600289.00
2012/09/27;5.16;5.36;5.10;5.34;1519626;16778536.00
2012/09/28;5.29;5.45;5.28;5.38;1324492;14902964.00
2012/10/08;5.41;5.46;5.32;5.34;1020678;11493984.00
2012/10/09;5.40;5.62;5.37;5.54;1954225;22641360.00
2012/10/10;5.56;5.71;5.49;5.61;1965285;23057464.00
2012/10/11;5.58;5.60;5.45;5.46;1305763;15117722.00
2012/10/12;5.56;5.90;5.54;5.62;2671349;31710060.00
2012/10/15;5.60;5.61;5.39;5.47;1172794;13439328.00
2012/10/16;5.47;5.53;5.40;5.48;772287;8877553.00
2012/10/17;5.45;5.52;5.37;5.46;628652;7186825.50
2012/10/18;5.45;5.58;5.45;5.54;974456;11295630.00
2012/10/19;5.53;5.59;5.51;5.55;590810;6858973.00
2012/10/22;5.50;5.68;5.49;5.67;1436567;16906640.00
2012/10/23;5.67;5.67;5.53;5.53;1210181;14157641.00
2012/10/24;5.49;5.56;5.44;5.46;818704;9438676.00
2012/10/25;5.50;5.54;5.44;5.45;775771;8914699.00
2012/10/26;5.45;5.46;5.11;5.29;1117216;12467458.00
2012/10/29;5.24;5.33;5.23;5.33;469837;5218764.00
2012/10/30;5.29;5.40;5.29;5.33;490372;5497832.50
2012/10/31;5.33;5.35;5.28;5.33;380851;4249699.50
2012/11/01;5.34;5.48;5.34;5.45;1061829;12084749.00
2012/11/02;5.46;5.47;5.40;5.45;751192;8559271.00
2012/11/05;5.44;5.70;5.39;5.56;2103511;24484876.00
2012/11/06;5.48;5.60;5.44;5.60;2120695;24527854.00
2012/11/07;5.57;5.60;5.51;5.56;1019341;11859235.00
2012/11/08;5.48;5.55;5.36;5.36;1028399;11758186.00
2012/11/09;5.34;5.40;5.32;5.36;701001;7884457.00
2012/11/12;5.33;5.47;5.33;5.39;582394;6587601.50
2012/11/13;5.39;5.39;5.20;5.23;952129;10558437.00
2012/11/14;5.27;5.36;5.21;5.30;598848;6619114.50
2012/11/15;5.24;5.36;5.21;5.24;704659;7847251.50
2012/11/16;5.24;5.24;4.75;5.07;1197262;12679520.00
2012/11/19;5.05;5.07;4.95;5.03;594998;6265737.50
2012/11/20;5.05;5.06;4.98;4.98;416871;4412203.00
2012/11/21;4.94;5.03;4.88;5.03;848613;8871905.00
2012/11/22;5.01;5.09;4.99;5.01;585549;6208223.50
2012/11/23;5.01;5.06;5.00;5.01;447591;4733546.00
2012/11/26;5.00;5.03;4.89;4.89;459700;4781213.50
2012/11/27;4.87;4.88;4.64;4.67;1291839;12916775.00
2012/11/28;4.64;4.69;4.55;4.57;654839;6389889.00
2012/11/29;4.57;4.64;4.50;4.50;420493;4075104.25
2012/11/30;4.52;4.58;4.48;4.54;725896;6948938.50
2012/12/03;4.52;4.56;4.33;4.35;631359;5957517.00
2012/12/04;4.28;4.44;4.28;4.43;697632;6458211.50
2012/12/05;4.39;4.65;4.39;4.58;1237652;11970702.00
2012/12/06;4.58;4.63;4.48;4.51;721564;6919505.50
2012/12/07;4.51;4.68;4.50;4.66;1230455;11999449.00
2012/12/10;4.70;4.89;4.70;4.86;2396078;24301916.00
2012/12/11;4.82;4.86;4.76;4.77;1396240;14151958.00
2012/12/12;4.81;4.95;4.77;4.95;1825327;18696880.00
2012/12/13;4.94;4.94;4.76;4.77;1197188;12237215.00
2012/12/14;4.78;5.04;4.78;5.01;1937525;20186714.00
2012/12/17;5.01;5.07;4.91;4.98;1429762;14949854.00
2012/12/18;4.98;5.03;4.89;4.91;1301647;13582480.00
2012/12/19;4.89;4.98;4.88;4.94;985690;10236650.00
2012/12/20;4.94;5.12;4.90;5.02;1392722;14717485.00
2012/12/21;5.03;5.33;4.99;5.24;3863387;42041124.00
2012/12/24;5.24;5.36;5.20;5.32;2251436;25029200.00
2012/12/25;5.32;5.48;5.29;5.43;2739972;31159788.00
2012/12/26;5.44;5.69;5.40;5.66;3348084;39146224.00
2012/12/27;5.66;5.85;5.44;5.45;4450647;52781220.00
2012/12/28;5.42;5.64;5.31;5.52;3092712;35573252.00
2012/12/31;5.56;5.61;5.44;5.53;1831189;21212102.00
2013/01/04;5.59;5.64;5.49;5.54;1863669;21691818.00
2013/01/07;5.56;5.64;5.50;5.63;1892793;22133110.00
2013/01/08;5.74;5.83;5.62;5.73;3107102;37358048.00
2013/01/09;5.79;6.31;5.78;5.94;7250137;91367648.00
2013/01/10;5.89;5.95;5.79;5.86;3124932;38265388.00
2013/01/11;5.87;5.94;5.63;5.63;3173477;38194480.00
2013/01/14;5.59;5.84;5.56;5.83;2886255;34755708.00
2013/01/15;5.89;6.03;5.84;5.99;3594965;44567848.00
2013/01/16;5.99;5.99;5.79;5.88;2777072;34121008.00
2013/01/17;5.88;5.89;5.70;5.73;2030665;24520804.00
2013/01/18;5.74;5.81;5.64;5.79;1689327;20256054.00
2013/01/21;5.89;6.03;5.89;5.96;3422692;42589328.00
2013/01/22;5.93;5.93;5.68;5.70;2809899;34041504.00
2013/01/23;5.70;5.77;5.64;5.73;1522779;18185390.00
2013/01/24;5.74;5.83;5.49;5.55;2096201;24787460.00
2013/01/25;5.53;5.59;5.45;5.49;1020171;11757461.00
2013/01/28;5.50;5.67;5.50;5.65;1343970;15730741.00
2013/01/29;5.60;5.71;5.59;5.67;1402338;16593983.00
2013/01/30;5.64;5.69;5.56;5.63;1101751;12967667.00
2013/01/31;5.63;5.64;5.52;5.59;950716;11086478.00
2013/02/01;5.60;5.65;5.54;5.64;1142626;13432242.00
2013/02/04;5.68;5.68;5.55;5.59;1327186;15522849.00
2013/02/05;5.57;5.67;5.54;5.64;1236407;14517502.00
2013/02/06;5.65;5.92;5.61;5.86;3085135;37486084.00
2013/02/07;5.82;5.86;5.74;5.85;1334347;16195255.00
2013/02/08;5.87;5.97;5.85;5.88;1815754;22374452.00
2013/02/18;5.95;5.95;5.83;5.89;1384552;17021720.00
2013/02/19;5.91;5.94;5.70;5.73;1709913;20765502.00
2013/02/20;5.70;5.83;5.68;5.82;1335434;16088188.00
2013/02/21;5.76;5.82;5.64;5.68;1387852;16581893.00
2013/02/22;5.68;5.94;5.68;5.81;1953222;23833234.00
2013/02/25;6.18;6.40;6.03;6.18;6633602;84906384.00
2013/02/26;6.16;6.16;5.91;5.92;4211245;53160684.00
2013/02/27;5.85;6.02;5.82;5.94;2697893;33396992.00
2013/02/28;6.56;6.56;6.28;6.56;7528574;101565000.00
2013/03/01;6.76;7.09;6.69;6.89;12907265;184033104.00
2013/03/04;6.74;6.87;6.61;6.74;6577894;92308648.00
2013/03/05;6.76;7.23;6.74;7.16;8115035;117709016.00
2013/03/06;7.09;7.16;6.95;7.14;5132792;75313792.00
2013/03/07;7.13;7.44;6.93;7.08;5261170;78139248.00
2013/03/08;7.07;7.07;6.84;6.91;3314097;47742476.00
2013/03/11;6.89;7.15;6.76;7.15;3496438;50723952.00
2013/03/12;7.06;7.08;6.69;6.78;3805625;54192688.00
2013/03/13;6.74;6.84;6.64;6.78;1806895;25314566.00
2013/03/14;6.78;6.98;6.77;6.86;2655840;38051276.00
2013/03/15;6.86;7.01;6.79;6.84;2148354;30835854.00
2013/03/18;6.83;6.89;6.59;6.62;1733144;24267514.00
2013/03/19;6.63;6.73;6.54;6.69;1529999;21132648.00
2013/03/20;6.68;6.92;6.62;6.91;2547498;35942500.00
2013/03/21;6.93;6.98;6.84;6.90;2061038;29526044.00
2013/03/22;6.90;7.11;6.86;7.06;3127917;45488780.00
2013/03/25;7.04;7.11;6.93;6.94;2231148;32317328.00
2013/03/26;6.93;6.93;6.65;6.76;2374559;33201738.00
2013/03/27;6.84;6.93;6.72;6.81;1843550;26178442.00
2013/03/28;6.76;6.77;6.57;6.58;1925984;26604160.00
2013/03/29;6.57;6.68;6.57;6.64;961970;13258326.00
2013/04/01;6.63;6.69;6.57;6.68;909249;12554812.00
2013/04/02;6.68;6.76;6.60;6.68;1045074;14490559.00
2013/04/03;6.64;6.70;6.44;6.52;1377913;18698128.00
2013/04/08;6.33;6.61;6.27;6.60;940251;12694463.00
2013/04/09;6.62;6.69;6.58;6.69;1042359;14371735.00
2013/04/10;6.68;6.68;6.54;6.61;749615;10275175.00
2013/04/11;6.64;6.64;6.47;6.56;522151;7134488.00
2013/04/12;6.54;6.57;6.38;6.45;711376;9554000.00
2013/04/15;6.38;6.43;6.32;6.33;447211;5917013.00
2013/04/16;6.29;6.47;6.27;6.47;741640;9861805.00
2013/04/17;6.45;6.55;6.40;6.54;743604;10018863.00
2013/04/18;6.53;6.70;6.49;6.65;1347088;18609602.00
2013/04/19;6.74;6.85;6.66;6.84;2118981;29837394.00
2013/04/22;6.81;6.88;6.77;6.88;2205831;31296504.00
2013/04/23;6.88;6.88;6.61;6.66;1504669;21005276.00
2013/04/24;6.71;7.11;6.66;7.06;3476019;50219072.00
2013/04/25;7.08;7.20;6.93;6.94;2964404;43507332.00
2013/04/26;6.90;7.05;6.81;6.89;1377637;19843776.00
2013/05/02;6.84;6.97;6.79;6.90;936651;13387786.00
2013/05/03;6.90;7.10;6.90;7.05;2266417;33127738.00
2013/05/06;7.05;7.28;7.05;7.17;3292195;49054980.00
2013/05/07;7.10;7.17;6.99;7.08;1655406;24242362.00
2013/05/08;7.04;7.20;7.01;7.19;2052020;30203642.00
2013/05/09;7.16;7.43;7.11;7.43;5184356;78456976.00
2013/05/10;7.43;7.58;7.33;7.43;3892813;59960512.00
2013/05/13;7.46;7.71;7.38;7.67;3579568;56400428.00
2013/05/14;7.68;7.70;7.34;7.44;2828023;43733116.00
2013/05/15;7.43;7.57;7.31;7.57;2255784;34915884.00
2013/05/16;7.57;7.68;7.36;7.43;3286375;51153092.00
2013/05/17;7.43;7.48;7.21;7.43;2814736;42967232.00
2013/05/20;7.44;7.67;7.39;7.65;3455417;54196232.00
2013/05/21;7.67;7.73;7.50;7.69;3259841;51377264.00
2013/05/22;7.66;7.70;7.44;7.45;2513899;39285432.00
2013/05/23;7.39;7.51;7.24;7.27;2119806;32478216.00
2013/05/24;7.32;7.48;7.29;7.46;2034670;31079350.00
2013/05/27;7.49;7.51;7.34;7.47;2632615;40479008.00
2013/05/28;7.47;7.47;7.30;7.32;2186238;33260364.00
2013/05/29;7.30;7.43;7.24;7.24;2863700;43433728.00
2013/05/30;7.19;7.40;7.19;7.38;2285213;34709592.00
2013/05/31;7.35;7.37;7.23;7.25;2459224;37156604.00
2013/06/03;7.24;7.33;7.09;7.09;2026453;30420430.00
2013/06/04;7.08;7.13;6.89;6.97;2137059;31105672.00
2013/06/05;6.97;7.03;6.94;7.02;981699;14235085.00
2013/06/06;7.00;7.01;6.82;6.88;1308106;18755664.00
2013/06/07;6.88;6.93;6.67;6.73;1235149;17372212.00
2013/06/13;6.68;6.68;6.39;6.49;1569616;21271846.00
2013/06/14;6.49;6.67;6.49;6.67;1766607;24199222.00
2013/06/17;6.67;6.86;6.60;6.83;1748555;24553468.00
2013/06/18;6.81;6.84;6.69;6.84;1078376;15222986.00
2013/06/19;6.83;6.83;6.63;6.77;1043716;14572945.00
2013/06/20;6.70;6.95;6.66;6.76;1791911;25414636.00
2013/06/21;6.66;6.78;6.50;6.73;1189028;16488337.00
2013/06/24;6.78;6.78;6.25;6.39;1572806;21195704.00
2013/06/25;6.38;6.48;5.77;6.45;2676171;34450244.00
2013/06/26;6.42;6.49;6.29;6.43;2049127;27333178.00
2013/06/27;6.53;6.76;6.48;6.48;3426253;47283816.00
2013/06/28;6.34;6.54;6.14;6.36;1514907;20185062.00
2013/07/01;6.49;6.57;6.32;6.55;1499315;20071312.00
2013/07/02;6.50;6.75;6.49;6.72;2708950;37597388.00
2013/07/03;6.74;6.74;6.48;6.54;2334009;32015492.00
2013/07/04;6.29;6.52;6.20;6.37;4153482;27478286.00
2013/07/05;6.37;6.44;6.25;6.25;2897005;18884540.00
2013/07/08;6.13;6.25;5.83;5.83;3647499;22570164.00
2013/07/09;5.85;6.25;5.85;6.16;5113285;32048132.00
2013/07/10;6.16;6.30;6.05;6.25;3348563;21430264.00
2013/07/11;6.22;6.45;6.18;6.30;6600023;42942492.00
2013/07/12;6.32;6.43;6.24;6.28;4058094;26424682.00
2013/07/15;6.27;6.43;6.22;6.39;4315880;28328988.00
2013/07/16;6.40;6.56;6.31;6.53;5226025;34866660.00
2013/07/17;6.51;6.54;6.20;6.24;4704965;30996914.00
2013/07/18;6.19;6.31;6.12;6.21;2476918;15871780.00
2013/07/19;6.20;6.28;6.06;6.06;2595724;16596634.00
2013/07/22;6.00;6.19;5.93;6.16;1804859;11307447.00
2013/07/23;6.21;6.41;6.20;6.39;4907610;32086146.00
2013/07/24;6.36;6.53;6.29;6.51;7006715;46668756.00
2013/07/25;6.49;6.49;6.25;6.27;3856251;25306414.00
2013/07/26;6.27;6.32;6.12;6.22;2306606;14776767.00
2013/07/29;6.18;6.25;6.13;6.15;1566166;9977830.00
2013/07/30;6.16;6.27;6.06;6.19;2060212;13133392.00
2013/07/31;6.23;6.27;6.11;6.16;1558700;9972293.00
2013/08/01;6.17;6.50;6.15;6.41;5509731;36243240.00
2013/08/02;6.38;6.47;6.33;6.43;4457627;29413150.00
2013/08/05;6.42;6.72;6.40;6.70;9912326;67572344.00
2013/08/06;6.70;6.73;6.61;6.69;5129504;35187284.00
2013/08/07;6.65;6.69;6.48;6.50;5262713;35636152.00
2013/08/08;6.50;6.66;6.44;6.61;3520682;23836770.00
2013/08/09;6.62;6.70;6.48;6.59;2897748;19687392.00
2013/08/12;6.53;6.68;6.53;6.66;4264843;29119708.00
2013/08/13;6.68;7.21;6.66;7.01;14798253;105926248.00
2013/08/14;6.99;7.10;6.92;7.04;7243285;52087896.00
2013/08/15;7.01;7.08;6.87;6.90;5318095;38077592.00
2013/08/16;6.91;7.07;6.83;6.85;6355909;45435544.00
2013/08/19;6.73;7.05;6.72;7.00;4780027;34166008.00
2013/08/20;7.01;7.03;6.85;6.89;4042910;28792698.00
2013/08/21;6.90;6.96;6.87;6.92;2726846;19406112.00
2013/08/22;6.92;6.97;6.82;6.84;3073511;21712266.00
2013/08/23;6.82;6.93;6.65;6.77;4505807;31490008.00
2013/08/26;6.76;7.28;6.75;7.21;13178705;96605488.00
2013/08/27;7.14;7.56;7.06;7.50;14581196;109953312.00
2013/08/28;7.38;7.65;7.30;7.35;11848921;90799840.00
2013/08/29;7.30;7.65;7.27;7.55;7987240;61538008.00
2013/08/30;7.53;7.57;7.32;7.41;6887250;52610896.00
2013/09/02;7.45;7.49;7.20;7.42;2987546;22643394.00
2013/09/03;7.42;7.94;7.30;7.94;12829250;102438328.00
2013/09/04;7.94;8.18;7.86;8.12;14308238;117962264.00
2013/09/05;8.08;8.95;7.88;8.60;20950632;182400816.00
2013/09/16;7.72;7.72;7.72;7.72;4905700;38853144.00
2013/09/17;7.45;7.66;7.16;7.34;23343903;177560064.00
2013/09/18;7.25;7.49;7.20;7.40;9449038;71511896.00
2013/09/23;7.37;7.55;7.26;7.40;11702369;88058456.00
2013/09/24;7.36;7.36;7.15;7.27;8376108;62463200.00
2013/09/25;7.29;7.32;7.21;7.28;6344831;47423628.00
2013/09/26;7.23;7.28;6.98;6.98;6119176;44903496.00
2013/09/27;6.95;7.31;6.92;7.25;4918065;36261448.00
2013/09/30;7.23;7.50;7.22;7.38;6886647;52307404.00
2013/10/08;7.31;7.51;7.20;7.42;5610127;42649752.00
2013/10/09;7.39;7.44;7.32;7.43;3984842;30230280.00
2013/10/10;7.45;7.45;7.20;7.25;5395405;40421780.00
2013/10/11;7.26;7.33;7.21;7.31;3397669;25371462.00
2013/10/14;7.32;7.44;7.24;7.32;6346860;47816596.00
2013/10/15;7.32;7.42;7.25;7.30;4193748;31599880.00
2013/10/16;7.30;7.30;6.96;6.97;5028701;36480608.00
2013/10/17;6.97;7.14;6.97;7.04;3389623;24585676.00
2013/10/18;7.04;7.08;6.98;7.05;1591285;11504279.00
2013/10/21;7.06;7.21;7.04;7.20;4051732;29689316.00
2013/10/22;7.22;7.24;7.04;7.10;4216708;30949436.00
2013/10/23;7.10;7.18;7.00;7.06;3869896;28165002.00
2013/10/24;7.06;7.08;6.98;7.05;2164089;15641180.00
2013/10/25;7.04;7.11;6.94;6.95;3102299;22383464.00
2013/10/28;6.95;7.00;6.69;6.75;3703594;25963034.00
2013/10/29;6.76;6.80;6.16;6.40;4519706;30237150.00
2013/10/30;6.39;6.55;6.32;6.55;2726600;18086572.00
2013/10/31;6.52;6.52;6.33;6.39;3224823;21276186.00
2013/11/01;6.35;6.41;6.29;6.35;2646112;17313138.00
2013/11/04;6.33;6.52;6.31;6.45;2564640;16942102.00
2013/11/05;6.41;6.51;6.36;6.49;2700102;17963714.00
2013/11/06;6.46;6.54;6.35;6.37;2298757;15331997.00
2013/11/07;6.35;6.42;6.28;6.30;1686823;11051276.00
2013/11/08;6.30;6.34;6.03;6.10;4214930;26731520.00
2013/11/11;6.10;6.19;6.07;6.16;1360677;8618154.00
2013/11/12;6.13;6.26;6.13;6.23;1344968;8603246.00
2013/11/13;6.19;6.51;6.15;6.33;4595869;30293002.00
2013/11/14;6.29;6.49;6.24;6.44;2439853;16060990.00
2013/11/15;6.44;6.86;6.40;6.71;5684229;39287356.00
2013/11/18;7.10;7.40;6.98;7.40;14117154;105266936.00
2013/11/19;7.88;8.05;7.47;7.69;37852967;302640928.00
2013/11/20;7.40;7.63;7.23;7.54;18598409;141781664.00
2013/11/21;7.36;7.44;7.15;7.17;11223080;83808640.00
2013/11/22;7.17;7.26;7.05;7.13;7298649;53670324.00
2013/11/25;7.09;7.26;7.01;7.20;5985996;44015212.00
2013/11/26;7.25;7.27;7.01;7.06;6128616;44915404.00
2013/11/27;7.28;7.42;7.15;7.25;12367049;92846944.00
2013/11/28;7.15;7.31;7.07;7.26;8402475;62073984.00
2013/11/29;7.22;7.25;7.11;7.19;5625127;41446972.00
2013/12/02;7.17;7.17;6.50;6.58;10023356;70164120.00
2013/12/03;6.55;6.71;6.47;6.68;4966816;33745880.00
2013/12/04;6.66;6.95;6.61;6.83;4853295;34068624.00
2013/12/05;6.78;6.90;6.76;6.82;3420679;24007630.00
2013/12/06;6.82;6.85;6.75;6.78;2138764;14953828.00
2013/12/09;6.78;6.88;6.75;6.87;2624143;18496650.00
2013/12/10;6.87;6.95;6.81;6.93;3875673;27483878.00
2013/12/11;6.88;6.88;6.73;6.76;3490944;24473356.00
2013/12/12;6.80;6.84;6.75;6.79;1848427;12925884.00
2013/12/13;6.76;6.82;6.73;6.78;2342757;16324952.00
2013/12/16;6.77;6.79;6.61;6.64;2834491;19548338.00
2013/12/17;6.65;6.67;6.59;6.62;1693772;11553318.00
2013/12/18;6.60;6.67;6.56;6.62;1364760;9322741.00
2013/12/19;6.68;6.77;6.63;6.69;2631056;18180332.00
2013/12/20;6.75;6.75;6.53;6.54;1928378;13181915.00
2013/12/23;6.55;6.59;6.30;6.48;3018518;20180716.00
2013/12/24;6.53;6.74;6.49;6.60;2977634;20448574.00
2013/12/25;6.58;6.72;6.54;6.70;2791540;19149852.00
2013/12/26;6.70;6.72;6.52;6.52;2152512;14626362.00
2013/12/27;6.55;6.72;6.52;6.69;2104013;14391862.00
2013/12/30;6.72;6.82;6.68;6.82;2860451;19900324.00
2013/12/31;6.83;6.89;6.75;6.87;3134755;22111192.00
2014/01/02;6.88;6.94;6.83;6.87;3352317;23756852.00
2014/01/03;6.85;6.89;6.75;6.83;2173549;15260932.00
2014/01/06;6.83;6.85;6.61;6.69;2661075;18365464.00
2014/01/07;6.69;6.73;6.60;6.63;1717512;11757601.00
2014/01/08;6.63;6.75;6.61;6.75;1966058;13518936.00
2014/01/09;6.75;7.06;6.69;6.95;8806948;63143424.00
2014/01/10;6.96;7.04;6.76;6.83;5409727;38542732.00
2014/01/13;6.81;6.94;6.79;6.93;4754060;33660104.00
2014/01/14;6.95;7.15;6.93;7.13;8209978;59728040.00
2014/01/15;7.14;7.20;7.03;7.17;4759584;34779044.00
2014/01/16;7.16;7.16;7.02;7.06;3507657;25524726.00
2014/01/17;7.10;7.22;6.94;6.94;4289693;31262812.00
2014/01/20;6.92;7.10;6.83;7.06;3925774;28075566.00
2014/01/21;7.10;7.19;7.00;7.17;4474333;32802892.00
2014/01/22;7.16;7.30;7.10;7.28;5898841;43807644.00
2014/01/23;7.28;7.87;7.22;7.63;13636695;105720096.00
2014/01/24;7.58;7.71;7.51;7.55;7724189;60144412.00
2014/01/27;7.55;7.78;7.35;7.57;7500762;58417104.00
2014/01/28;7.60;7.72;7.43;7.56;4506162;34966060.00
2014/01/29;7.51;7.66;7.51;7.61;3924487;30583930.00
2014/01/30;7.60;7.67;7.47;7.55;3531335;27396044.00
2014/02/07;7.56;7.62;7.41;7.60;3899454;30142616.00
2014/02/10;7.64;7.98;7.63;7.92;9030135;72778128.00
2014/02/11;7.92;8.00;7.77;7.99;7973073;64436972.00
2014/02/12;8.00;8.18;7.91;8.08;7196277;59350396.00
2014/02/13;8.08;8.60;7.96;8.19;16532012;141391168.00
2014/02/14;8.18;8.59;8.13;8.58;13494630;116603272.00
2014/02/18;8.70;8.92;8.27;8.45;15745357;138020032.00
2014/02/19;8.36;8.39;8.05;8.17;13934945;116337872.00
2014/02/20;8.16;8.44;7.99;8.06;9348607;78565880.00
2014/02/21;8.06;8.17;7.95;8.14;4539541;37560912.00
2014/02/24;8.10;8.19;7.83;8.11;6502680;53486412.00
2014/02/25;8.08;8.29;7.58;7.71;8731713;71257304.00
2014/02/26;7.62;7.80;7.45;7.80;4592882;36105788.00
2014/02/27;7.86;8.14;7.86;7.98;8015164;65897092.00
2014/02/28;8.04;8.35;8.04;8.31;8998194;75693200.00
2014/03/03;8.45;9.16;8.24;9.16;22236495;202380560.00
2014/03/04;9.20;9.38;8.91;9.16;13339340;124523728.00
2014/03/05;9.20;9.25;8.96;8.98;9807759;90979248.00
2014/03/06;8.94;9.59;8.94;9.31;18168112;172959552.00
2014/03/07;9.20;9.24;8.73;8.88;13456716;122933728.00
2014/03/10;8.73;8.77;8.26;8.31;8187115;71317664.00
2014/03/11;8.11;8.41;8.03;8.19;6565946;55290828.00
2014/03/12;8.20;8.65;8.16;8.49;6606377;56862040.00
2014/03/13;8.58;8.60;8.30;8.37;5811783;50166100.00
2014/03/14;8.36;8.60;8.20;8.40;5136355;44317304.00
2014/03/17;8.30;8.52;8.25;8.51;5634610;48563756.00
2014/03/18;8.57;9.01;8.51;8.83;9552443;86444832.00
2014/03/19;8.71;9.19;8.71;9.14;9917568;91196024.00
2014/03/20;9.20;9.29;8.65;8.65;7827353;71967472.00
2014/03/21;8.60;8.81;8.35;8.80;6169391;54009924.00
2014/03/24;8.80;8.83;8.54;8.59;6460350;57135104.00
2014/03/25;8.53;8.83;8.45;8.79;7343076;64839944.00
2014/03/26;8.83;9.09;8.69;8.78;7119919;64903884.00
2014/03/27;8.78;9.10;8.67;8.96;8928705;81480136.00
2014/03/28;8.98;9.35;8.85;9.08;13840605;129103896.00
2014/03/31;9.01;9.13;8.53;8.58;8840278;79623168.00
2014/04/01;8.41;8.60;8.30;8.56;5582389;48237064.00
2014/04/02;8.53;8.55;8.20;8.24;6539360;55824660.00
2014/04/03;8.21;8.35;8.17;8.30;2524954;21361712.00
2014/04/04;8.29;8.61;8.20;8.49;4073305;35213760.00
2014/04/08;8.34;8.48;8.31;8.42;3972156;34149052.00
2014/04/09;8.40;8.57;8.40;8.51;3404154;29590508.00
2014/04/10;8.55;8.55;8.41;8.47;4224343;36597940.00
2014/04/11;8.45;8.45;8.15;8.22;5937187;50167620.00
2014/04/14;8.20;8.44;8.19;8.35;3764495;32135160.00
2014/04/15;8.36;8.41;8.18;8.21;3084207;26142996.00
2014/04/16;8.21;8.26;7.92;7.97;5510885;45438196.00
2014/04/17;8.02;8.13;7.96;8.05;2624873;21645166.00
2014/04/18;8.05;8.15;7.93;8.09;2703663;22249166.00
2014/04/21;8.00;8.07;7.89;7.91;2952506;24107542.00
2014/04/22;7.91;7.96;7.60;7.73;4242943;33752420.00
2014/04/23;7.70;7.85;7.68;7.77;2284478;18175250.00
2014/04/24;7.66;7.95;7.54;7.83;3845853;30488288.00
2014/04/25;7.82;7.96;7.62;7.70;2888749;23245936.00
2014/04/28;7.60;7.65;7.24;7.24;3302556;25103596.00
2014/04/29;7.26;7.38;7.22;7.35;2157040;16163410.00
2014/04/30;7.32;7.44;7.30;7.42;2211691;16710772.00
2014/05/05;7.34;7.44;7.28;7.41;2364859;17825968.00
2014/05/06;7.40;7.55;7.36;7.48;2259273;17359848.00
2014/05/07;7.46;7.46;7.19;7.20;2678733;20127860.00
2014/05/08;7.16;7.38;7.08;7.18;3787849;28031100.00
2014/05/09;7.18;7.23;6.81;6.97;5039124;36174932.00
2014/05/12;7.02;7.15;6.95;7.13;2978914;21652052.00
2014/05/13;7.15;7.19;7.06;7.09;1794788;13122637.00
2014/05/14;7.10;7.14;7.04;7.05;1538758;11203333.00
2014/05/15;7.05;7.12;6.96;7.01;1969269;14234558.00
2014/05/16;7.00;7.13;6.97;7.10;1586514;11531515.00
2014/05/19;7.11;7.30;7.04;7.29;2111942;15408002.00
2014/05/20;7.26;7.40;7.14;7.20;3014590;22339054.00
2014/05/21;7.18;7.22;6.96;7.22;2461206;17765106.00
2014/05/22;7.19;7.29;7.07;7.11;2210972;16232334.00
2014/05/23;7.10;7.19;7.10;7.18;1289811;9399238.00
2014/05/26;7.18;7.34;7.18;7.32;3190214;23653758.00
2014/05/27;7.32;7.33;7.22;7.29;1491589;11056678.00
2014/05/28;7.26;7.35;7.20;7.35;2568527;19080680.00
2014/05/29;7.35;7.46;7.31;7.42;3747811;28188728.00
2014/05/30;7.41;7.53;7.29;7.44;3238397;24468320.00
2014/06/03;7.43;7.61;7.37;7.58;3999204;30647546.00
2014/06/04;7.58;7.74;7.47;7.69;4395972;34032168.00
2014/06/05;7.65;7.95;7.63;7.88;7621160;60733956.00
2014/06/06;7.89;7.94;7.80;7.81;4006133;32022956.00
2014/06/09;7.79;7.81;7.58;7.65;3695682;28799674.00
2014/06/20;8.43;8.43;7.99;8.10;20004181;167293792.00
2014/06/23;8.53;8.92;8.31;8.92;19048081;168842944.00
2014/06/24;8.96;9.36;8.72;9.11;30103293;276845984.00
2014/06/25;8.86;8.94;8.56;8.82;16474625;146573232.00
2014/06/26;8.76;9.24;8.74;9.02;16865639;153758288.00
2014/06/27;8.99;9.74;8.86;9.52;24975313;237820384.00
2014/06/30;9.22;9.46;8.95;9.21;17026531;158842304.00
2014/07/01;9.21;9.52;9.06;9.09;12652681;118857504.00
2014/07/02;9.04;9.04;8.58;8.79;16916075;151088224.00
2014/07/03;8.73;8.96;8.68;8.91;9239477;83004368.00
2014/07/04;8.90;8.94;8.66;8.92;7041438;63161784.00
2014/07/07;8.91;8.91;8.72;8.75;5632222;50387772.00
2014/07/08;8.67;8.85;8.48;8.78;6563819;57628044.00
2014/07/09;8.68;8.74;8.47;8.48;6989437;61154008.00
2014/07/10;8.48;8.52;8.35;8.37;5216585;44721920.00
2014/07/11;8.38;8.45;8.35;8.42;4445619;37988572.00
2014/07/14;8.41;8.77;8.38;8.73;6801026;59648992.00
2014/07/15;8.71;8.78;8.44;8.54;5106841;44554392.00
2014/07/16;8.56;8.59;8.37;8.45;3105008;26707840.00
2014/07/17;8.43;8.57;8.38;8.54;2789390;24061790.00
2014/07/18;8.53;8.58;8.41;8.43;2165934;18695300.00
2014/07/21;8.47;8.63;8.42;8.56;4368659;37898960.00
2014/07/22;8.65;8.81;8.61;8.72;6977658;61739544.00
2014/07/23;8.65;8.68;8.18;8.28;9110836;77923664.00
2014/07/24;8.27;8.27;8.01;8.05;8109387;66910840.00
2014/07/25;8.01;8.17;7.99;8.13;3470116;28633966.00
2014/07/28;8.13;8.32;8.13;8.25;4371340;36619832.00
2014/07/29;8.26;8.40;8.22;8.33;9064844;76439624.00
2014/07/30;8.26;8.32;8.18;8.31;5915031;49604476.00
2014/07/31;8.29;8.42;8.26;8.36;5522932;46867440.00
2014/08/01;8.35;8.39;8.23;8.23;4641380;39301408.00
2014/08/04;8.18;8.35;8.18;8.32;3536835;29827026.00
2014/08/05;8.34;8.50;8.26;8.47;5924551;50649576.00
2014/08/06;8.45;8.79;8.41;8.75;11073212;97469936.00
2014/08/07;8.69;8.99;8.61;8.63;8670646;77350672.00
2014/08/08;8.63;8.77;8.56;8.74;4609541;40696896.00
2014/08/11;8.74;8.90;8.67;8.83;6976561;62391120.00
2014/08/12;8.83;8.91;8.74;8.85;6446923;57763228.00
2014/08/13;8.80;8.83;8.54;8.63;7526657;66051588.00
2014/08/14;8.51;8.75;8.51;8.59;4797218;42179836.00
2014/08/15;8.57;8.72;8.56;8.66;4445162;39077432.00
2014/08/18;8.72;9.08;8.68;8.99;9844883;89474944.00
2014/08/19;9.01;9.43;8.91;9.25;14053439;131519528.00
2014/08/20;9.11;9.42;9.04;9.14;7415369;69313608.00
2014/08/21;9.17;9.20;8.90;9.08;5650450;51798976.00
2014/08/22;9.09;9.36;8.97;9.24;7182431;66774072.00
2014/08/25;9.25;9.27;8.94;8.99;6438902;58955732.00
2014/08/26;8.98;9.01;8.67;8.70;5226554;46804412.00
2014/08/27;8.71;8.92;8.66;8.77;4012557;35799052.00
2014/08/28;8.77;8.89;8.59;8.60;4011213;35513904.00
2014/08/29;8.57;8.76;8.56;8.73;2168626;19138860.00
2014/09/02;9.62;9.62;9.62;9.62;4166544;40665468.00
2014/09/03;10.36;10.60;9.85;10.54;47046673;489210208.00
2014/09/04;10.24;10.44;10.08;10.29;26499559;275929696.00
2014/09/05;10.22;11.01;10.17;10.73;28744198;312033344.00
2014/09/09;10.85;11.51;10.50;11.11;26023280;291359840.00
2014/09/10;10.97;11.31;10.76;11.06;16745019;186568848.00
2014/09/11;10.91;11.10;10.58;10.63;19082896;209511344.00
2014/09/12;10.63;10.75;10.55;10.70;11606478;125150144.00
2014/09/15;10.70;11.33;10.60;11.29;20280861;226157728.00
2014/09/16;11.16;11.70;10.82;10.90;29016315;333489824.00
2014/09/17;10.73;11.34;10.73;11.31;16694129;187308576.00
2014/09/18;11.29;11.64;11.08;11.31;20337311;234739120.00
2014/09/19;11.21;11.59;11.04;11.36;13659727;155682304.00
2014/09/22;11.26;11.48;10.98;11.25;15527456;177398928.00
2014/09/23;11.20;11.25;10.80;11.05;12724571;142026512.00
2014/09/24;10.99;11.50;10.91;11.43;18986365;216298368.00
2014/09/25;11.26;11.47;11.06;11.18;15779704;179548544.00
2014/09/26;11.07;11.21;10.86;10.93;10554783;117186568.00
2014/09/29;11.04;11.10;10.91;11.04;6234781;69469656.00
2014/09/30;11.18;11.18;10.99;11.10;5738017;64389364.00
2014/10/08;11.16;11.45;11.12;11.28;8080751;92212232.00
2014/10/09;11.26;11.41;11.08;11.23;8293832;94384216.00
2014/10/10;11.26;12.15;11.17;11.98;22839294;271649856.00
2014/10/13;11.77;11.94;11.52;11.82;10640773;126070312.00
2014/10/14;11.76;11.83;11.37;11.49;9493444;111169784.00
2014/10/15;11.39;11.46;11.07;11.24;7319302;83375224.00
2014/10/16;11.14;11.42;10.89;10.92;9026565;101565144.00
2014/10/17;10.95;11.51;10.78;11.51;15708884;178898224.00
2014/10/20;11.48;11.48;11.12;11.26;9493743;108288104.00
2014/10/21;11.20;11.24;10.93;10.95;7925352;88784208.00
2014/10/22;10.96;11.19;10.90;10.97;4554160;50727732.00
2014/10/23;10.95;10.96;10.11;10.26;11613611;122818168.00
2014/10/24;10.23;10.51;10.18;10.29;3945372;41320960.00
2014/10/27;10.29;10.38;10.06;10.37;3136882;32442570.00
2014/10/28;10.38;11.08;10.34;10.91;11709581;127511216.00
2014/10/29;10.87;10.98;10.68;10.89;6427421;70629336.00
2014/10/30;10.89;10.92;10.70;10.74;5362673;58671224.00
2014/10/31;10.67;10.81;10.41;10.64;4613534;49470304.00
2014/11/03;10.65;11.30;10.54;11.19;15602296;173375808.00
2014/11/04;11.10;11.66;11.08;11.32;21792171;250810304.00
2014/11/05;11.16;11.32;10.91;11.22;7896848;88587920.00
2014/11/06;11.17;11.59;11.11;11.53;16085127;185098992.00
2014/11/07;11.31;11.52;11.08;11.14;10789990;123419928.00
2014/11/10;11.20;11.38;11.10;11.19;4833361;54797748.00
2014/11/11;11.20;11.24;10.21;10.38;12194199;131147824.00
2014/11/12;10.39;10.67;10.39;10.63;4503573;48201484.00
2014/11/13;10.64;10.75;10.24;10.30;5543066;58224248.00
2014/11/14;10.31;10.39;10.10;10.22;3488108;36129776.00
2014/11/17;10.31;10.58;10.15;10.40;3894735;41137388.00
2014/11/18;10.37;10.81;10.37;10.51;4670041;50171676.00
2014/11/19;10.53;11.24;10.40;11.15;13185917;146218800.00
2014/11/20;10.97;11.05;10.83;10.90;7770293;85997352.00
2014/11/21;10.86;11.24;10.76;11.03;9395338;105350096.00
2014/11/24;11.20;11.54;10.97;11.48;16226647;186078224.00
2014/11/25;11.56;12.64;11.56;12.16;24574924;303940032.00
2014/11/26;12.05;12.45;11.85;12.05;13577813;166316016.00
2014/11/27;12.06;12.52;11.91;12.49;15760747;196425888.00
2014/11/28;12.35;12.54;12.06;12.16;10186912;126087264.00
2014/12/01;12.18;12.22;11.44;11.54;13351549;157749792.00
2014/12/02;11.54;11.74;11.46;11.60;6382379;75052792.00
2014/12/03;11.66;11.88;11.43;11.87;10007627;118117192.00
2014/12/04;11.87;12.13;11.71;11.77;10480096;125889864.00
2014/12/05;11.67;11.71;10.76;11.10;12072933;137037200.00
2014/12/08;10.99;11.25;10.89;11.16;6537023;73391456.00
2014/12/09;11.21;12.01;11.16;11.26;14609110;171745168.00
2014/12/10;11.24;11.80;10.86;11.69;9547086;111474232.00
2014/12/11;11.55;11.95;11.44;11.78;6790412;80273544.00
2014/12/12;11.92;12.97;11.92;12.97;30481956;388643296.00
2014/12/15;13.06;13.76;12.92;12.98;29150733;389663840.00
2014/12/16;12.83;14.01;12.72;13.63;23039918;312999232.00
2014/12/17;13.26;14.74;13.01;14.40;24452388;348233728.00
2014/12/18;14.25;14.57;13.96;14.05;10351122;148188000.00
2014/12/19;13.96;14.25;13.19;13.66;8904424;122744736.00
2014/12/22;13.68;13.72;12.28;12.61;8990762;115532832.00
2014/12/23;12.45;13.06;12.36;12.67;5674038;73208008.00
2014/12/24;12.62;13.41;12.62;13.17;7228889;95848712.00
2014/12/25;13.16;13.52;12.95;13.19;5523145;73965088.00
2014/12/26;13.22;13.56;12.96;13.20;4522961;60397688.00
2014/12/29;13.45;14.01;13.16;13.73;10752851;147684592.00
2014/12/30;13.77;14.14;13.51;13.58;8509000;119149944.00
2014/12/31;13.56;13.56;12.74;13.07;7819491;102449784.00
2015/01/05;12.90;12.91;12.05;12.71;8137122;102107520.00
2015/01/06;12.44;13.04;12.24;12.96;7659089;99202520.00
2015/01/07;12.83;13.07;12.52;12.66;4740224;60936192.00
2015/01/08;12.88;13.11;12.69;12.79;5365890;70260576.00
2015/01/09;12.62;13.02;12.52;12.66;4288628;55521544.00
2015/01/12;12.56;12.83;12.31;12.41;3096981;39181256.00
2015/01/13;12.45;12.76;12.21;12.43;4400728;55480640.00
2015/01/14;12.46;12.82;12.46;12.51;3192316;40761288.00
2015/01/15;12.54;12.80;12.42;12.64;3439089;44092324.00
2015/01/16;12.74;12.96;12.66;12.94;5184571;67114136.00
2015/01/19;12.71;12.90;11.95;12.23;6006389;76446744.00
2015/01/20;12.25;12.81;12.16;12.76;6075795;76821176.00
2015/01/21;12.74;13.58;12.62;13.30;12628065;168492848.00
2015/01/22;13.26;13.53;13.09;13.42;6214794;83843016.00
2015/01/23;13.41;13.49;13.06;13.16;4638288;61761556.00
2015/01/26;13.07;14.06;13.07;13.68;11850395;164154592.00
2015/01/27;13.72;13.92;13.46;13.85;8830547;122519248.00
2015/01/28;13.70;14.22;13.61;13.81;8587318;121309952.00
2015/01/29;13.65;13.78;13.20;13.50;5839122;79393896.00
2015/01/30;13.49;13.65;13.17;13.17;3380401;45520368.00
2015/02/02;13.06;13.40;12.97;13.09;2834329;37729792.00
2015/02/03;13.02;13.59;13.02;13.48;4113257;55617720.00
2015/02/04;13.48;13.72;13.40;13.54;3637861;49764388.00
2015/02/05;13.47;14.19;13.47;13.79;11357853;159874656.00
2015/02/06;13.81;14.01;13.56;13.96;8001162;111085656.00
2015/02/09;13.96;14.10;13.58;13.83;4187155;58304128.00
2015/02/10;13.74;13.83;13.36;13.72;4458505;61004104.00
2015/02/11;13.72;14.41;13.46;14.35;9028267;127814968.00
2015/02/12;14.36;14.45;14.01;14.04;6515062;93457440.00
2015/02/13;14.07;14.45;13.98;14.21;5694123;81771264.00
2015/02/16;14.75;15.06;14.26;14.55;9813227;144467264.00
2015/02/17;14.46;16.02;14.46;16.02;15694135;247155968.00
2015/02/25;15.83;16.05;15.48;15.80;10396416;164999872.00
2015/02/26;15.73;15.94;15.44;15.77;7545395;119338464.00
2015/02/27;15.76;16.25;15.54;16.10;10671934;171002096.00
2015/03/02;16.06;16.06;15.42;15.61;14990110;235270784.00
2015/03/03;15.55;15.64;15.25;15.34;8806684;137066768.00
2015/03/04;15.36;16.11;15.36;15.70;10553715;167723680.00
2015/03/05;15.56;15.56;15.02;15.15;9311693;142600576.00
2015/03/06;15.14;15.45;15.04;15.06;6513413;100163656.00
2015/03/09;15.15;15.40;14.93;15.37;4909728;75586168.00
2015/03/10;15.37;15.95;15.27;15.49;7469442;117899136.00
2015/03/11;15.26;15.81;15.16;15.61;7484844;117161064.00
2015/03/12;15.59;16.01;15.41;15.54;6595958;104372296.00
2015/03/13;15.65;16.22;15.45;16.08;9815884;156981120.00
2015/03/16;16.14;16.61;15.96;16.16;13874895;226104336.00
2015/03/17;16.18;16.60;15.97;16.56;14388616;236101744.00
2015/03/18;16.64;17.03;16.36;16.61;12281465;205572336.00
2015/03/19;16.61;16.61;16.01;16.10;12781217;208950976.00
2015/03/20;16.06;16.43;15.94;16.32;11049276;180491024.00
2015/03/23;16.29;17.26;16.07;17.21;15986127;269569120.00
2015/03/24;17.86;18.01;16.79;17.88;20872324;366886560.00
2015/03/25;18.26;19.36;17.92;18.84;18343583;345411808.00
2015/03/26;20.01;20.36;18.04;18.92;24045772;468176064.00
2015/03/27;18.97;19.36;18.13;18.61;14188887;264761632.00
2015/03/30;18.51;18.98;18.05;18.98;11801776;220417248.00
2015/03/31;18.93;19.08;18.36;18.72;11265090;212272128.00
2015/04/01;18.48;19.34;18.48;18.84;9088151;173611712.00
2015/04/02;18.76;19.32;18.67;19.24;9399172;178887984.00
2015/04/03;19.07;19.38;18.84;19.21;11616696;224118688.00
2015/04/07;19.21;20.01;18.87;19.84;12327052;242451152.00
2015/04/08;19.66;19.75;18.11;18.69;12341160;236372384.00
2015/04/09;18.65;18.65;16.86;18.36;11812452;212920832.00
2015/04/10;18.23;18.81;17.86;18.43;6765112;125587616.00
2015/04/13;18.58;18.66;18.07;18.44;7199998;133171544.00
2015/04/14;18.31;18.37;17.92;18.03;7075324;129138136.00
2015/04/15;17.67;18.03;16.91;16.94;7234084;127036088.00
2015/04/16;16.66;17.24;16.34;16.95;6149375;104662232.00
2015/04/17;17.02;18.14;17.02;18.14;10229378;183294000.00
2015/04/20;18.31;18.31;17.51;17.66;6990417;124911000.00
2015/04/21;17.42;17.95;17.42;17.92;4340025;77787112.00
2015/04/22;17.93;18.23;17.86;18.06;8622228;156686784.00
2015/04/23;18.05;18.31;17.76;18.25;8643079;157530240.00
2015/04/24;18.05;18.20;17.46;17.81;6394619;115105584.00
2015/04/27;17.96;18.21;17.21;17.38;8135196;144018960.00
2015/04/28;17.44;17.54;16.59;16.69;5694239;97407992.00
2015/04/29;16.71;17.57;16.71;17.35;5829902;101584232.00
2015/04/30;17.51;17.56;16.89;17.12;3931755;68469000.00
2015/05/04;17.12;17.34;16.95;17.28;3449258;59744728.00
2015/05/05;17.30;17.30;16.60;16.71;3821222;65293732.00
2015/05/06;16.71;17.11;16.59;16.68;3759580;63874264.00
2015/05/07;16.84;16.84;15.44;15.53;5624427;90729216.00
2015/05/08;15.81;16.21;15.58;16.08;5347650;85868144.00
2015/05/11;16.30;16.83;15.86;16.66;8633324;143139632.00
2015/05/12;16.76;18.26;16.62;17.97;13584069;240434208.00
2015/05/13;17.86;18.27;17.36;17.89;9393642;169016736.00
2015/05/14;17.84;17.98;17.47;17.95;7857898;140491952.00
2015/05/15;18.16;18.23;17.42;17.47;5835565;103858256.00
2015/05/18;17.16;17.69;17.02;17.65;6228567;110005704.00
2015/05/19;17.52;18.04;17.52;17.87;7758781;139459520.00
2015/05/20;18.01;18.71;17.86;18.07;12719361;234365696.00
2015/05/21;18.13;18.63;18.10;18.54;10572502;195889280.00
2015/05/22;18.86;19.54;18.36;18.71;12728150;241878944.00
2015/05/25;18.84;19.36;18.84;19.24;13596287;262328192.00
2015/05/26;19.26;21.18;18.76;21.13;23562920;473895808.00
2015/05/27;21.26;23.14;21.10;21.91;25372370;562479936.00
2015/05/28;21.49;22.71;19.71;19.73;19616151;421455136.00
2015/05/29;19.73;20.21;17.96;19.24;13677824;266732352.00
2015/06/01;19.85;21.18;19.84;21.18;16082502;339337216.00
2015/06/02;22.22;23.27;21.27;22.93;22720736;509123808.00
2015/06/03;23.01;23.26;21.32;22.27;14893934;336657536.00
2015/06/04;22.21;22.71;20.03;22.34;11296371;247386720.00
2015/06/05;22.66;23.11;21.61;22.17;11738600;264197632.00
2015/06/08;22.45;24.36;21.87;23.93;17239465;407357056.00
2015/06/09;23.97;24.44;23.18;23.47;11017036;262143488.00
2015/06/10;23.12;25.47;22.77;24.56;12026668;297062528.00
2015/06/11;24.55;25.84;23.97;25.47;11202642;282903584.00
2015/06/12;25.77;28.03;25.77;28.03;12356094;342314592.00
2015/06/15;28.17;29.44;26.74;27.21;16318364;459806432.00
2015/06/16;26.48;26.89;25.07;25.48;9251730;240861776.00
2015/06/17;25.74;27.66;25.45;27.56;11894563;316806848.00
2015/06/18;27.57;29.34;26.76;27.11;11702762;330119776.00
2015/06/19;26.04;26.06;24.39;24.39;9763462;245621376.00
2015/06/23;23.85;24.84;21.94;22.89;9508337;219073728.00
2015/06/24;23.14;24.46;22.71;23.99;9293139;221349328.00
2015/06/25;23.98;25.10;22.61;23.73;9065774;221656880.00
2015/06/26;21.90;22.85;21.34;21.34;6295609;137698912.00
2015/06/29;22.06;22.16;19.19;19.19;8141989;162397344.00
2015/06/30;18.54;20.86;17.26;20.14;10088668;190857024.00
2015/07/01;19.86;20.74;18.11;18.11;7921019;157653648.00
2015/07/02;18.26;18.26;16.29;16.29;7187459;121458200.00
2015/07/03;15.55;16.46;14.65;14.65;7340681;110856672.00
2015/07/06;15.96;15.96;13.17;13.21;11437420;162140352.00
2015/07/07;12.16;12.84;11.88;11.88;4664991;56414892.00
2015/07/08;10.68;13.06;10.68;12.55;40060376;465473056.00
2015/07/09;12.55;13.82;12.55;13.82;6776493;91953760.00
2015/07/10;14.46;15.22;14.46;15.22;2907707;44169268.00
2015/07/13;16.76;16.76;15.51;16.76;8904013;147741552.00
2015/07/14;17.06;18.36;16.46;17.28;13885697;242924480.00
2015/07/15;16.84;16.86;15.54;15.54;6942827;111591312.00
2015/07/16;15.54;16.54;13.97;16.04;7721954;122823320.00
2015/07/17;16.04;17.51;16.04;17.42;6494479;111603520.00
2015/07/20;17.43;18.25;16.86;17.69;7573447;135205424.00
2015/07/21;17.41;18.11;16.86;17.80;5986998;107169624.00
2015/07/22;17.76;19.59;17.37;19.11;9384292;173008512.00
2015/07/23;19.06;20.28;18.63;19.53;8349850;164022592.00
2015/07/24;19.42;19.71;18.43;18.62;9032812;173072576.00
2015/07/27;18.05;19.32;16.75;16.75;9022598;165960304.00
2015/07/28;16.40;17.44;15.09;16.42;7442435;120722800.00
2015/07/29;16.75;17.77;16.09;17.77;5991721;100618848.00
2015/07/30;17.93;18.28;16.73;16.81;5368433;96151416.00
2015/07/31;16.56;17.41;16.47;16.70;4424632;74068880.00
2015/08/03;16.63;16.63;15.02;15.02;4559621;71102880.00
2015/08/04;15.06;16.29;15.01;16.26;4502388;71067304.00
2015/08/05;16.11;16.90;15.93;16.06;4249204;69954448.00
2015/08/06;15.73;16.38;15.63;16.21;3000796;48373708.00
2015/08/07;16.23;16.92;16.23;16.86;4183818;70318008.00
2015/08/10;17.03;18.33;17.01;18.09;6232159;111464880.00
2015/08/11;18.35;18.83;17.93;18.14;5975110;110623928.00
2015/08/12;17.94;18.60;17.84;18.45;5065072;93043504.00
2015/08/13;18.38;19.43;18.26;19.41;7210722;138139680.00
2015/08/14;20.48;21.36;19.96;21.36;8134626;172879696.00
2015/08/17;22.43;23.50;21.93;23.50;19304666;445994080.00
2015/08/18;23.65;24.51;21.14;21.14;15781689;355077280.00
2015/08/19;19.43;22.41;19.02;21.88;13812932;282603456.00
2015/08/20;20.79;22.86;20.18;20.72;11819970;253907408.00
2015/08/21;19.86;20.80;18.64;18.64;8940092;173137776.00
2015/08/24;16.83;17.54;16.77;16.77;3045007;51530300.00
2015/08/25;15.09;15.43;15.09;15.09;4279268;65030180.00
2015/08/26;14.23;15.81;13.57;13.57;9709605;140948016.00
2015/08/27;13.93;14.25;12.61;14.13;9831040;134160792.00
2015/08/28;14.23;15.52;13.97;15.52;12188629;179872576.00
2015/08/31;15.73;15.73;13.96;13.96;8767111;129924056.00
2015/09/01;13.63;13.66;12.56;12.56;6470630;82994104.00
2015/09/02;11.30;12.88;11.30;12.83;12959877;156238160.00
2015/09/07;12.93;13.56;11.68;11.78;18096736;226601936.00
2015/09/08;11.78;12.70;11.26;12.64;8744236;105725808.00
2015/09/09;12.73;13.33;12.51;12.98;31850402;410505504.00
2015/09/10;12.64;13.10;12.48;12.51;11725032;150745504.00
2015/09/11;12.43;12.94;12.38;12.74;10912332;139047152.00
2015/09/14;13.28;13.55;11.46;11.50;18329411;234586544.00
2015/09/15;10.93;11.17;10.34;10.34;11810127;127015712.00
2015/09/16;10.41;11.38;10.25;11.28;13188209;143189632.00
2015/09/17;11.17;11.74;10.73;10.78;14307093;161250112.00
2015/09/18;10.74;11.06;10.43;10.79;8860591;96156592.00
2015/09/21;10.59;11.47;10.33;11.44;9958687;110523736.00
2015/09/22;11.44;11.71;11.28;11.56;11518074;133427304.00
2015/09/23;11.23;11.63;11.11;11.39;8674480;98986856.00
2015/09/24;11.39;11.68;11.34;11.53;8283291;95918648.00
2015/09/25;11.62;12.52;11.52;11.98;17357389;209596048.00
2015/09/28;12.14;12.88;11.33;12.71;15825431;195058704.00
2015/09/29;12.23;13.55;12.08;13.00;22859025;301408832.00
2015/09/30;12.76;12.99;12.09;12.34;12173671;152650368.00
2015/10/08;12.72;13.27;12.48;12.88;11770620;152681088.00
2015/10/09;12.73;13.08;12.50;12.81;9829004;126179784.00
2015/10/12;13.05;13.73;12.94;13.70;15049190;202153504.00
2015/10/13;13.48;14.49;13.38;13.78;13474511;187867360.00
2015/10/14;13.58;13.90;13.15;13.22;11928528;161302912.00
2015/10/15;13.30;14.18;13.30;13.92;13499485;187188272.00
2015/10/16;14.15;14.87;13.54;14.60;18536864;262821776.00
2015/10/19;14.56;16.07;14.18;16.07;23703625;358041888.00
2015/10/20;15.79;17.29;15.47;16.40;23555586;388086336.00
2015/10/21;16.16;17.44;14.88;14.88;23663628;389255296.00
2015/10/22;15.16;16.07;14.98;15.83;18974725;293981920.00
2015/10/23;15.85;17.42;15.85;17.42;19737205;331548320.00
2015/10/26;18.43;18.43;16.73;16.98;24046881;422351456.00
2015/10/27;16.98;17.30;15.58;16.62;17745431;295146496.00
2015/10/28;16.32;17.40;16.09;16.77;17080465;289546048.00
2015/10/29;16.68;17.33;16.21;16.73;13804842;233764784.00
2015/10/30;17.34;18.34;16.96;17.00;31984207;564478400.00
2015/11/02;15.78;16.20;15.29;15.29;19748211;310224448.00
2015/11/03;15.14;15.39;14.25;14.57;14628051;216010240.00
2015/11/04;14.66;15.34;14.65;15.32;12964861;196184112.00
2015/11/05;15.57;15.83;15.33;15.48;14782845;230847344.00
2015/11/06;15.47;15.89;15.36;15.74;13769008;216099024.00
2015/11/09;15.53;15.81;15.21;15.66;18021722;281411264.00
2015/11/10;15.56;16.30;15.46;15.78;18473219;295120416.00
2015/11/11;15.79;17.11;15.58;16.79;23923281;391140640.00
2015/11/12;16.79;17.11;16.25;16.38;18762597;313637184.00
2015/11/13;16.05;16.08;15.28;15.46;12913251;203191344.00
2015/11/16;15.08;15.77;14.94;15.77;8732806;134979040.00
2015/11/17;16.06;16.33;15.43;15.49;10416118;166113856.00
2015/11/18;15.45;15.80;15.30;15.30;6700281;104366824.00
2015/11/19;15.38;16.59;15.29;16.26;13344476;213084256.00
2015/11/20;16.13;16.38;15.91;16.30;12488372;202618992.00
2015/11/23;16.25;16.73;16.03;16.09;12954384;212965968.00
2015/11/24;16.19;16.29;15.45;15.93;7395141;117718464.00
2015/11/25;16.09;16.42;16.01;16.16;9363282;152060496.00
2015/11/26;16.33;16.33;15.65;15.71;9113031;145701680.00
2015/11/27;15.31;15.78;14.13;14.38;9644241;147135456.00
2015/11/30;14.40;14.72;13.19;14.46;8409858;119794688.00
2015/12/01;14.43;14.74;14.04;14.48;5929041;86260432.00
2015/12/02;14.48;15.41;14.12;15.01;7445648;110828824.00
2015/12/03;15.01;16.52;15.01;16.52;21028714;337588992.00
2015/12/04;16.43;16.82;15.89;16.13;20199377;329088832.00
2015/12/07;16.13;17.75;15.94;17.44;24568538;413882336.00
2015/12/08;16.93;17.17;16.52;16.63;15668443;263866528.00
2015/12/09;16.43;16.60;15.84;15.93;9783129;158193696.00
2015/12/10;16.03;16.21;15.73;15.96;7395093;118749888.00
2015/12/11;15.83;16.58;15.48;16.36;8971846;144397600.00
2015/12/14;16.28;17.41;16.15;17.01;12705787;215764288.00
2015/12/15;16.81;17.38;16.73;16.75;9397898;159991840.00
2015/12/16;16.73;17.87;16.73;17.17;14105792;245977296.00
2015/12/17;17.13;17.73;17.13;17.37;11933497;208315984.00
2015/12/18;17.53;17.73;16.94;17.14;10124981;175190800.00
2016/01/19;15.42;15.42;15.42;15.42;8648400;133963712.00
2016/01/20;15.44;16.97;15.44;16.97;30386316;497601536.00
2016/01/21;16.43;16.65;15.27;15.27;24306644;385130848.00
2016/01/22;14.61;14.90;13.74;14.07;17059682;242099008.00
2016/01/25;14.13;14.38;13.53;13.83;10305354;144359984.00
2016/01/26;13.65;14.07;12.44;12.44;12216105;163251536.00
2016/01/27;12.13;12.51;11.23;11.73;10288649;121542440.00
2016/01/28;11.52;11.70;10.55;10.55;8975373;99684400.00
2016/01/29;10.64;11.15;10.23;10.99;8806956;96453216.00
2016/02/01;10.92;11.22;10.63;11.01;6675589;73683624.00
2016/02/02;11.01;11.48;10.83;11.40;6468675;73735328.00
2016/02/03;11.20;12.03;10.94;11.73;8012835;91853320.00
2016/02/04;11.62;12.91;11.53;12.91;13789136;173258448.00
2016/02/05;12.92;13.38;12.45;12.88;10673009;138342784.00
2016/02/15;11.99;12.76;11.98;12.53;4714231;59080576.00
2016/02/16;12.63;13.33;12.53;13.04;7978304;104216104.00
2016/02/17;13.04;13.12;12.61;12.89;7002727;90117904.00
2016/02/18;13.00;13.80;12.81;13.02;10249018;136274992.00
2016/02/19;13.02;13.08;12.63;12.83;6283602;80874864.00
2016/02/22;13.02;13.23;12.93;13.08;5619444;74009232.00
2016/02/23;13.10;13.22;12.63;12.88;4843310;62846244.00
2016/02/24;12.83;13.58;12.79;13.39;12484862;166033680.00
2016/02/25;13.18;13.28;12.04;12.04;11738426;147458144.00
2016/02/26;12.03;12.16;11.18;11.89;6693453;79434496.00
2016/02/29;11.74;11.93;10.77;11.46;5648480;63833572.00
2016/03/01;11.49;12.03;11.05;11.83;4722686;55036280.00
2016/03/02;11.78;12.42;11.67;12.29;7097985;86321896.00
2016/03/03;12.26;12.78;12.11;12.31;8132934;101129488.00
2016/03/04;12.06;12.33;11.43;11.89;6371721;75708256.00
2016/03/07;11.82;12.21;11.82;12.03;4309885;52084928.00
2016/03/08;11.92;11.93;11.23;11.88;4608404;53948672.00
2016/03/09;11.68;12.28;11.43;11.89;5558137;66634128.00
2016/03/10;11.66;11.86;11.29;11.35;4594741;53634180.00
2016/03/11;11.18;11.47;11.04;11.25;2277596;25780148.00
2016/03/14;11.44;11.82;11.44;11.61;5914243;69492040.00
2016/03/15;11.53;11.70;11.43;11.43;3001704;34843860.00
2016/03/16;11.52;11.64;11.21;11.28;3025272;34660968.00
2016/03/17;11.32;11.73;11.32;11.61;5311573;61678972.00
2016/03/18;11.62;12.21;11.62;12.11;7739366;93472272.00
2016/03/21;12.22;12.63;12.15;12.57;8934178;111427096.00
2016/03/22;12.28;12.48;12.23;12.31;6571060;81570664.00
2016/03/23;12.23;12.60;12.23;12.52;5888376;73593872.00
2016/03/24;12.43;12.60;12.24;12.36;6454660;80422816.00
2016/03/25;12.33;12.51;12.24;12.39;3825173;47539872.00
2016/03/28;12.51;12.60;12.24;12.26;5324441;66569080.00
2016/03/29;12.28;12.36;11.73;11.90;5194676;62824500.00
2016/03/30;12.02;12.33;11.94;12.33;4311758;52764264.00
2016/03/31;12.43;12.73;12.33;12.55;6936110;87293424.00
2016/04/01;12.44;12.61;12.09;12.53;6718146;83275176.00
2016/04/05;12.66;13.01;12.41;12.93;8834132;113015704.00
2016/04/06;12.81;13.23;12.73;13.11;8664588;113663672.00
2016/04/07;13.23;13.28;12.77;12.93;5843917;75923120.00
2016/04/08;12.79;12.85;12.62;12.81;3384548;43213340.00
2016/04/11;12.92;13.21;12.92;13.10;5192724;68139088.00
2016/04/12;13.02;13.09;12.68;12.91;3797611;48991200.00
2016/04/13;12.93;13.22;12.93;13.08;6073097;80049976.00
2016/04/14;13.08;13.25;13.04;13.22;4389557;57976372.00
2016/04/15;13.24;13.28;13.00;13.23;4355010;57322180.00
2016/04/18;13.07;13.13;12.76;12.91;4470606;58153332.00
2016/04/19;12.97;13.00;12.76;12.86;2681456;34649728.00
2016/04/20;12.89;13.22;11.93;12.50;6154063;77994512.00
2016/04/21;12.51;12.53;12.08;12.08;3152090;38915476.00
2016/04/22;12.08;12.20;11.97;12.09;2574099;31219044.00
2016/04/25;12.09;12.52;11.71;12.33;3586688;43572796.00
2016/04/26;12.19;12.61;12.19;12.47;3280668;40788844.00
2016/04/27;12.47;12.72;12.30;12.40;3845401;48272428.00
2016/04/28;12.33;12.50;12.03;12.28;2796121;34445920.00
2016/04/29;12.23;12.32;12.15;12.21;1401152;17259458.00
2016/05/03;12.25;12.53;12.06;12.46;4124579;51431396.00
2016/05/04;12.46;12.53;12.35;12.42;2821478;35333628.00
2016/05/05;12.43;12.55;12.38;12.53;2648543;33190620.00
2016/05/06;12.71;13.79;12.71;13.14;15500862;208326704.00
2016/05/09;12.72;13.02;11.93;12.47;9762545;121708864.00
2016/05/10;12.23;12.29;11.92;12.12;4526391;54998312.00
2016/05/11;12.20;12.22;11.79;11.99;3224523;38859992.00
2016/05/12;11.63;11.81;11.25;11.62;3312562;38369272.00
2016/05/13;11.53;11.73;11.46;11.68;2527426;29556560.00
2016/05/16;11.61;11.77;11.58;11.75;2218083;26099888.00
2016/05/17;11.82;11.85;11.57;11.64;2322924;27330246.00
2016/05/18;11.64;11.64;10.94;11.21;3296781;37271192.00
2016/05/19;11.28;11.52;11.22;11.22;2075842;23738058.00
2016/05/20;11.11;11.43;10.89;11.38;2119261;23889422.00
2016/05/23;11.37;11.59;11.33;11.49;2204692;25463170.00
2016/05/24;11.53;11.58;11.30;11.34;1603785;18393162.00
2016/05/25;11.33;11.52;11.21;11.25;1590460;18188976.00
2016/05/26;11.23;11.31;10.98;11.17;1929287;21552786.00
2016/05/27;11.25;12.13;11.25;11.59;5390974;63650168.00
2016/05/30;11.53;11.67;11.28;11.49;2569286;29642002.00
2016/05/31;11.49;11.91;11.44;11.88;4611854;54648128.00
2016/06/01;12.12;12.13;11.81;11.90;4299895;51638400.00
2016/06/02;11.83;12.17;11.78;11.99;4162715;50144768.00
2016/06/03;12.03;12.17;11.85;12.07;4109452;49713880.00
2016/06/06;11.96;12.25;11.96;12.03;3407854;41452072.00
2016/06/07;12.03;12.07;11.85;11.89;1929534;23114908.00
2016/06/08;11.90;12.00;11.69;11.88;2393196;28561964.00
2016/06/13;11.73;11.97;11.43;11.82;2127084;25090304.00
2016/06/14;11.68;11.72;11.47;11.67;1583266;18474960.00
2016/06/15;11.46;12.07;11.44;11.91;3186434;38074312.00
2016/06/16;11.91;12.02;11.63;11.81;2582637;30620970.00
2016/06/17;11.84;12.05;11.78;11.98;3599140;43223920.00
2016/06/20;11.93;12.03;11.72;11.92;2079990;24755908.00
2016/06/21;11.93;12.05;11.71;11.83;2338999;28018376.00
2016/06/22;11.75;11.95;11.73;11.94;1649494;19673236.00
2016/06/23;11.92;12.29;11.82;12.03;3430569;41589928.00
2016/06/24;11.95;12.12;11.44;11.94;3583780;42596860.00
2016/06/27;11.74;12.11;11.73;12.10;3113298;37561828.00
2016/06/28;12.04;12.43;11.92;12.29;4656342;57199952.00
2016/06/29;12.31;12.62;12.19;12.29;3551402;44251492.00
2016/06/30;12.29;12.41;12.13;12.20;2705782;33246782.00
2016/07/01;12.20;12.37;12.13;12.24;2451218;30202736.00
2016/07/04;12.14;12.57;12.13;12.48;4394135;54851580.00
2016/07/05;12.48;13.68;12.45;13.25;10575674;139903296.00
2016/07/06;13.01;13.19;12.94;13.02;5207867;68225872.00
2016/07/07;12.98;13.03;12.62;12.82;4953393;63951360.00
2016/07/08;12.80;13.10;12.78;12.93;3374523;44038204.00
2016/07/11;12.98;13.03;12.64;12.78;3035223;39237564.00
2016/07/12;12.71;13.07;12.63;12.98;3895227;50384420.00
2016/07/13;13.01;13.06;12.87;12.93;3487986;45472252.00
2016/07/14;12.94;13.12;12.89;13.03;2832102;37053720.00
2016/07/15;13.13;13.13;12.87;12.93;2793837;36442704.00
2016/07/18;12.98;13.08;12.89;12.98;2636013;34409392.00
2016/07/19;12.98;13.10;12.89;13.04;2382145;31137860.00
2016/07/20;13.01;13.09;12.93;13.01;3380936;44245672.00
2016/07/21;13.00;13.23;12.94;13.13;3816295;50256932.00
2016/07/22;13.15;13.23;12.96;13.12;2952405;38575624.00
2016/07/25;13.16;13.16;12.97;12.99;2774182;36184076.00
2016/07/26;12.96;13.16;12.94;13.16;2892022;37850312.00
2016/07/27;13.21;13.59;12.80;13.05;7821589;103555352.00
2016/07/28;12.98;13.22;12.61;13.22;5352418;69276472.00
2016/07/29;13.25;13.60;13.19;13.40;6470744;86703296.00
2016/08/01;13.36;13.98;13.22;13.51;9041455;123057552.00
2016/08/02;13.30;13.50;12.84;13.20;5603899;73263016.00
2016/08/03;13.20;13.90;12.94;13.89;12312363;167251344.00
2016/08/04;13.70;13.83;13.45;13.71;7911374;107723664.00
2016/08/05;13.60;14.14;13.48;13.63;9551842;132301864.00
2016/08/08;13.67;13.78;13.35;13.74;5725031;77640704.00
2016/08/09;13.60;14.19;13.51;14.19;9070142;125737648.00
2016/08/10;14.14;14.49;13.84;13.97;11482105;162507584.00
2016/08/11;14.03;14.16;13.75;13.96;7841193;109761160.00
2016/08/12;13.85;14.09;13.62;13.96;6207259;85750496.00
2016/08/15;13.96;14.28;13.74;14.15;7474472;105002024.00
2016/08/16;14.20;14.20;13.93;13.95;6534548;91525056.00
2016/08/17;13.90;13.91;13.66;13.69;6266561;86092672.00
2016/08/18;13.70;13.85;13.66;13.76;3288555;45127016.00
2016/08/19;13.79;13.80;13.54;13.56;4158885;56658572.00
2016/08/22;13.56;13.59;13.22;13.38;3359156;44973216.00
2016/08/23;13.36;13.52;13.31;13.34;2152632;28842470.00
2016/08/24;13.34;13.48;13.29;13.33;2016205;26979100.00
2016/08/25;13.30;13.30;13.01;13.28;2178895;28676484.00
2016/08/26;13.32;13.58;13.28;13.39;2572339;34623376.00
2016/08/29;13.39;13.42;13.26;13.36;1827696;24348128.00
2016/08/30;13.42;13.42;13.12;13.14;2546657;33696380.00
2016/08/31;13.15;13.28;13.08;13.21;1449369;19119992.00
2016/09/01;13.22;13.27;13.09;13.13;1504030;19814054.00
2016/09/02;13.16;13.30;13.13;13.22;1584887;20935582.00
2016/09/05;13.54;14.18;13.36;13.77;13006247;178034096.00
2016/09/06;13.58;13.76;13.30;13.62;5647220;76395176.00
2016/09/07;13.50;14.88;13.48;14.04;10860043;153516832.00
2016/09/08;13.88;13.97;13.75;13.94;5145661;71378024.00
2016/09/09;13.85;14.16;13.75;14.07;10120020;141634704.00
2016/09/12;13.88;13.88;13.35;13.51;5113565;69625688.00
2016/09/13;13.50;13.69;13.25;13.43;6914695;92715784.00
2016/09/14;13.38;13.62;13.10;13.13;3379839;44779632.00
2016/09/19;13.17;13.52;13.11;13.29;3005452;39878600.00
2016/09/20;13.40;13.40;13.16;13.17;1663761;21993422.00
2016/09/21;13.16;13.31;13.13;13.29;1776600;23529192.00
2016/09/22;13.29;13.48;13.29;13.35;2404878;32189084.00
2016/09/23;13.33;13.41;13.16;13.33;2111118;27982132.00
2016/09/26;13.25;13.49;12.90;13.17;2498474;33079208.00
2016/09/27;13.10;13.32;13.00;13.28;1877346;24833400.00
2016/09/28;13.28;13.37;13.20;13.35;2137214;28392014.00
2016/09/29;13.37;13.39;13.15;13.20;1803923;23873516.00
2016/09/30;13.16;13.39;13.13;13.37;2778833;36840840.00
2016/10/10;13.36;13.53;13.33;13.51;2620419;35246540.00
2016/10/11;13.58;13.60;13.41;13.51;2344382;31596522.00
2016/10/12;13.46;13.50;13.23;13.50;3122575;41686504.00
2016/10/13;13.37;13.52;13.32;13.43;2806469;37628968.00
2016/10/14;13.42;13.50;13.33;13.40;1997096;26807902.00
2016/10/17;13.36;13.47;13.21;13.23;1950121;25998586.00
2016/10/18;13.10;13.32;13.10;13.32;2418967;32021204.00
2016/10/19;13.27;13.35;13.20;13.21;1884090;24957840.00
2016/10/20;13.21;13.38;13.14;13.33;3583043;47624784.00
2016/10/21;13.40;13.40;13.13;13.19;2472458;32732340.00
2016/10/24;13.19;13.56;13.12;13.56;5562784;74440616.00
2016/10/25;13.75;13.95;13.68;13.78;7641076;105547448.00
2016/10/26;13.72;15.08;13.71;14.95;21023103;305383104.00
2016/10/27;14.71;15.13;14.61;14.91;13717914;203053520.00
2016/10/28;15.07;15.07;14.77;14.92;11515033;171950736.00
2016/10/31;14.86;15.59;14.86;15.15;25253720;385569184.00
2016/11/01;15.14;15.59;14.89;15.39;25830989;391562528.00
2016/11/02;15.20;16.28;15.12;15.87;26693557;416037536.00
2016/11/03;15.56;15.86;15.35;15.64;17574538;273053696.00
2016/11/04;15.95;17.20;15.22;17.20;40468683;656820672.00
2016/11/07;17.30;17.33;16.66;16.76;22637245;382446304.00
2016/11/08;16.90;17.22;16.40;17.12;27421518;464546112.00
2016/11/09;17.11;17.39;16.59;16.90;26982239;458251456.00
2016/11/10;16.90;17.59;16.70;17.14;32749139;558031424.00
2016/11/11;17.00;17.52;16.80;17.39;34641090;594965312.00
2016/11/14;17.37;17.52;16.90;17.37;30434021;527028576.00
2016/11/15;17.33;17.40;16.96;16.98;15158164;259462576.00
2016/11/16;16.95;17.13;16.40;16.55;17622395;296226752.00
2016/11/17;16.55;16.68;16.11;16.39;4669100;76491320.00
数据来源:通达信
