002593 日上集团 日线 前复权
      日期	    开盘	    最高	    最低	    收盘	    成交量	    成交额
2011/06/28;4.56;4.96;4.56;4.76;37273335;550917312.00
2011/06/29;4.59;4.75;4.50;4.55;19148882;274361824.00
2011/06/30;4.47;4.55;4.41;4.50;11911815;165758624.00
2011/07/01;4.49;4.75;4.45;4.62;15145620;217368736.00
2011/07/04;4.62;4.72;4.59;4.67;11944069;172366352.00
2011/07/05;4.66;4.66;4.54;4.59;9079523;129367144.00
2011/07/06;4.57;5.06;4.55;5.06;18755668;283596128.00
2011/07/07;5.13;5.30;5.01;5.16;26352696;419777920.00
2011/07/08;5.01;5.14;4.96;5.08;11603975;181396656.00
2011/07/11;5.02;5.19;5.02;5.12;8471654;134144256.00
2011/07/12;5.07;5.07;4.86;4.91;9692903;148310640.00
2011/07/13;4.93;5.05;4.89;4.98;7857922;120973264.00
2011/07/14;4.99;5.19;4.97;5.15;11033965;173918224.00
2011/07/15;5.14;5.29;5.08;5.11;10988628;176075808.00
2011/07/18;5.11;5.30;5.07;5.28;10835706;174079120.00
2011/07/19;5.25;5.25;4.99;5.05;7644063;120607512.00
2011/07/20;5.09;5.12;4.90;4.96;5507728;85048520.00
2011/07/21;4.96;5.02;4.85;4.87;3794817;57958012.00
2011/07/22;4.90;4.95;4.81;4.89;4013696;60671540.00
2011/07/25;4.86;4.92;4.61;4.64;4571626;67307808.00
2011/07/26;4.64;4.73;4.58;4.73;3388864;49149180.00
2011/07/27;4.70;4.91;4.64;4.85;6164154;91902384.00
2011/07/28;4.77;4.82;4.70;4.76;4043836;59762456.00
2011/07/29;4.81;4.89;4.76;4.77;4040570;60354100.00
2011/08/01;4.75;5.00;4.70;4.94;6116075;92853952.00
2011/08/02;4.93;5.10;4.82;5.02;8210352;126267800.00
2011/08/03;4.96;5.07;4.91;4.95;5049516;77845496.00
2011/08/04;4.92;5.02;4.86;4.89;3732611;57003180.00
2011/08/05;4.73;4.76;4.62;4.67;4290847;62736812.00
2011/08/08;4.63;4.63;4.21;4.26;4688335;64168872.00
2011/08/09;4.11;4.30;3.92;4.24;4496895;57955092.00
2011/08/10;4.33;4.39;4.20;4.22;4104153;55169072.00
2011/08/11;4.10;4.32;4.06;4.31;3735826;49101596.00
2011/08/12;4.34;4.44;4.31;4.34;3456273;46962512.00
2011/08/15;4.36;4.51;4.36;4.50;4282256;59399904.00
2011/08/16;4.48;4.51;4.40;4.43;3144503;43441360.00
2011/08/17;4.41;4.46;4.36;4.39;1992368;27270130.00
2011/08/18;4.39;4.40;4.22;4.24;2065269;27792034.00
2011/08/19;4.11;4.21;4.10;4.19;1769210;22957078.00
2011/08/22;4.23;4.35;4.21;4.25;2264051;30204782.00
2011/08/23;4.27;4.46;4.27;4.44;3462938;47287692.00
2011/08/24;4.44;4.49;4.38;4.40;3570244;49432480.00
2011/08/25;4.42;4.56;4.42;4.54;3554690;49785820.00
2011/08/26;4.52;4.57;4.46;4.53;3042404;42694832.00
2011/08/29;4.53;4.58;4.49;4.50;3186646;44919144.00
2011/08/30;4.54;4.57;4.35;4.36;3411185;47537876.00
2011/08/31;4.36;4.44;4.30;4.39;1984872;27050154.00
2011/09/01;4.46;4.48;4.38;4.40;2002538;27630788.00
2011/09/02;4.40;4.43;4.32;4.40;1385384;18925236.00
2011/09/05;4.35;4.35;4.22;4.23;1617472;21519348.00
2011/09/06;4.19;4.26;4.15;4.20;1383919;18098224.00
2011/09/07;4.24;4.35;4.24;4.34;1708245;22861766.00
2011/09/08;4.31;4.37;4.25;4.25;1857042;24962908.00
2011/09/09;4.25;4.30;4.20;4.22;1040377;13739223.00
2011/09/13;4.19;4.19;4.11;4.11;1459962;18852424.00
2011/09/14;4.14;4.19;4.07;4.19;1365305;17596608.00
2011/09/15;4.20;4.26;4.20;4.20;1678249;22096344.00
2011/09/16;4.23;4.26;4.19;4.21;1081228;14205460.00
2011/09/19;4.20;4.20;4.09;4.09;1179072;15160949.00
2011/09/20;4.09;4.14;4.03;4.10;944896;12039766.00
2011/09/21;4.12;4.25;4.07;4.23;2098768;27377720.00
2011/09/22;4.19;4.22;4.08;4.08;1484548;19226642.00
2011/09/23;3.97;4.06;3.92;4.03;1206504;15052485.00
2011/09/26;3.98;4.06;3.98;4.00;762261;9556645.00
2011/09/27;4.04;4.08;4.00;4.05;1039259;13116481.00
2011/09/28;4.06;4.09;3.84;3.84;3615253;44484056.00
2011/09/29;3.84;3.84;3.70;3.73;1896474;22281290.00
2011/09/30;3.74;3.75;3.66;3.73;1272259;14753770.00
2011/10/10;3.73;3.76;3.67;3.70;718640;8362556.50
2011/10/11;3.80;3.84;3.69;3.72;1595177;18806452.00
2011/10/12;3.73;3.87;3.68;3.86;2501749;29850532.00
2011/10/13;3.85;3.93;3.85;3.89;2467995;30021010.00
2011/10/14;3.89;3.99;3.88;3.93;2961742;36358416.00
2011/10/17;3.94;3.98;3.91;3.98;2488701;30709954.00
2011/10/18;3.94;3.96;3.79;3.80;2203394;26704300.00
2011/10/19;3.82;4.08;3.80;3.94;5626771;69754128.00
2011/10/20;3.87;3.90;3.70;3.79;3406044;40461416.00
2011/10/21;3.80;3.80;3.67;3.70;1381109;16121718.00
2011/10/24;3.73;3.79;3.57;3.77;1734298;20108622.00
2011/10/25;3.76;3.93;3.74;3.91;2882306;34820696.00
2011/10/26;3.86;3.99;3.86;3.93;3171678;39049760.00
2011/10/27;3.95;3.97;3.87;3.89;3189613;39136024.00
2011/10/28;3.94;4.06;3.91;4.05;3929438;48804392.00
2011/10/31;4.06;4.09;3.99;4.05;3293774;41520884.00
2011/11/01;3.99;4.05;3.95;4.02;2700680;33796548.00
2011/11/02;3.95;4.15;3.92;4.11;3602490;45498572.00
2011/11/03;4.13;4.20;4.07;4.07;4515373;58300580.00
2011/11/04;4.13;4.13;4.04;4.08;2375471;30252400.00
2011/11/07;4.05;4.10;4.03;4.05;2179275;27564222.00
2011/11/08;4.06;4.07;3.95;3.95;2452688;30616234.00
2011/11/09;3.99;4.04;3.90;4.03;2157412;26777548.00
2011/11/10;3.99;4.10;3.96;4.00;3182330;40068972.00
2011/11/11;4.01;4.09;3.99;4.03;1971515;24837742.00
2011/11/14;4.06;4.17;4.06;4.16;3669680;47320416.00
2011/11/15;4.15;4.22;4.13;4.16;2807009;36476796.00
2011/11/16;4.17;4.21;4.02;4.04;2855782;36566088.00
2011/11/17;4.06;4.12;4.02;4.07;1997104;25325832.00
2011/11/18;4.02;4.03;3.90;3.90;2186902;27072760.00
2011/11/21;3.91;3.94;3.86;3.93;1331036;16190009.00
2011/11/22;3.89;3.94;3.85;3.94;1249659;15203950.00
2011/11/23;3.93;3.96;3.88;3.90;1258271;15374629.00
2011/11/24;3.86;3.90;3.80;3.82;1923818;23103506.00
2011/11/25;3.82;3.87;3.77;3.80;1187509;14192447.00
2011/11/28;3.80;3.83;3.77;3.82;818946;9750244.00
2011/11/29;3.86;3.89;3.82;3.88;1321866;15963621.00
2011/11/30;3.88;3.88;3.57;3.60;2791842;32236376.00
2011/12/01;3.74;3.77;3.67;3.68;2166529;25235398.00
2011/12/02;3.66;3.82;3.61;3.76;3038137;35537216.00
2011/12/05;3.76;3.79;3.61;3.62;1674300;19455838.00
2011/12/06;3.60;3.66;3.58;3.62;936663;10619025.00
2011/12/07;3.63;3.67;3.61;3.62;702981;8021211.50
2011/12/08;3.62;3.70;3.56;3.68;1334553;15249735.00
2011/12/09;3.64;3.71;3.64;3.69;1262088;14578195.00
2011/12/12;3.70;3.72;3.64;3.66;1046172;12022635.00
2011/12/13;3.62;3.66;3.50;3.51;1230613;13731537.00
2011/12/14;3.52;3.53;3.38;3.39;919737;10021909.00
2011/12/15;3.39;3.41;3.31;3.31;914781;9662376.00
2011/12/16;3.32;3.42;3.30;3.42;752281;7936597.50
2011/12/19;3.40;3.49;3.38;3.47;1411326;15154361.00
2011/12/20;3.44;3.49;3.44;3.45;901627;9819618.00
2011/12/21;3.48;3.49;3.34;3.34;877501;9485415.00
2011/12/22;3.33;3.33;3.17;3.25;980403;10004037.00
2011/12/23;3.25;3.57;3.24;3.45;3842793;41404936.00
2011/12/26;3.44;3.47;3.40;3.46;1035918;11215634.00
2011/12/27;3.46;3.52;3.36;3.46;1643497;17852332.00
2011/12/28;3.42;3.48;3.32;3.47;1367233;14643160.00
2011/12/29;3.44;3.52;3.41;3.45;1009167;10924687.00
2011/12/30;3.45;3.58;3.43;3.55;3176327;35065388.00
2012/01/04;3.56;3.59;3.50;3.53;1488870;16541583.00
2012/01/05;3.52;3.53;3.34;3.44;1412634;15267994.00
2012/01/06;3.45;3.49;3.26;3.45;2181009;23182032.00
2012/01/09;3.45;3.59;3.37;3.59;2190108;24349268.00
2012/01/10;3.59;3.76;3.52;3.71;6071764;69123120.00
2012/01/11;3.68;3.73;3.61;3.69;3943955;45334932.00
2012/01/12;3.64;3.69;3.61;3.67;2492350;28501980.00
2012/01/13;3.67;3.67;3.49;3.54;2014732;22393484.00
2012/01/16;3.50;3.56;3.40;3.44;1066533;11577063.00
2012/01/17;3.44;3.67;3.36;3.67;5077683;56936968.00
2012/01/18;3.70;3.70;3.57;3.64;2949974;33664856.00
2012/01/19;3.64;3.78;3.58;3.71;2841000;32889412.00
2012/01/20;3.64;3.79;3.60;3.71;7948495;91981656.00
2012/01/30;3.68;3.82;3.57;3.80;8441617;98538896.00
2012/01/31;3.79;3.87;3.71;3.85;5139154;61189456.00
2012/02/01;3.86;3.90;3.78;3.83;3539951;42302556.00
2012/02/02;3.82;4.00;3.76;3.86;7020970;84659664.00
2012/02/03;3.84;3.90;3.77;3.78;10646306;126065224.00
2012/02/06;3.73;3.74;3.64;3.72;6281635;72634848.00
2012/02/07;3.69;3.70;3.61;3.63;3258745;37412068.00
2012/02/08;3.62;3.71;3.62;3.70;3541937;40773608.00
2012/02/09;3.71;3.76;3.70;3.70;4412266;51481444.00
2012/02/10;3.69;3.75;3.67;3.71;3710819;43143484.00
2012/02/13;3.69;3.77;3.66;3.74;3381365;39505028.00
2012/02/14;3.76;3.78;3.72;3.77;3630676;42639224.00
2012/02/15;3.77;3.84;3.75;3.83;4957107;59136792.00
2012/02/16;3.83;3.83;3.71;3.75;4155858;49095296.00
2012/02/17;3.77;3.81;3.72;3.75;2526181;29786216.00
2012/02/20;3.79;3.90;3.75;3.86;5849267;70078032.00
2012/02/21;3.84;3.86;3.77;3.86;3316517;39622160.00
2012/02/22;3.85;3.89;3.80;3.87;4442634;53570340.00
2012/02/23;3.87;3.91;3.83;3.85;3622105;43836552.00
2012/02/24;3.86;3.89;3.84;3.87;3486288;42076176.00
2012/02/27;3.87;3.93;3.84;3.85;4665248;56662276.00
2012/02/28;3.80;3.82;3.71;3.74;4135254;48626828.00
2012/02/29;3.72;3.76;3.69;3.71;1842275;21491722.00
2012/03/01;3.70;3.74;3.69;3.72;1198524;13967314.00
2012/03/02;3.73;3.78;3.71;3.78;2264258;26604386.00
2012/03/06;3.75;3.75;3.65;3.68;1932274;22367874.00
2012/03/07;3.66;3.72;3.64;3.68;1426789;16475271.00
2012/03/08;3.67;3.75;3.67;3.73;1626821;18967202.00
2012/03/09;3.73;3.80;3.73;3.79;2029117;23937914.00
2012/03/12;3.79;3.92;3.75;3.91;7229955;87018000.00
2012/03/13;3.90;3.91;3.85;3.89;4300050;52135416.00
2012/03/14;3.90;3.93;3.66;3.69;5717464;68622448.00
2012/03/15;3.69;3.72;3.54;3.59;3457857;39261220.00
2012/03/16;3.59;3.65;3.57;3.65;2140331;24273702.00
2012/03/19;3.66;3.70;3.61;3.69;1781828;20424692.00
2012/03/20;3.67;3.67;3.51;3.54;2225285;25089632.00
2012/03/21;3.54;3.58;3.51;3.56;1230973;13711502.00
2012/03/22;3.56;3.57;3.52;3.53;1162553;12928216.00
2012/03/23;3.53;3.53;3.43;3.44;1584212;17288432.00
2012/03/26;3.44;3.47;3.42;3.46;695658;7536297.50
2012/03/27;3.45;3.49;3.45;3.45;905990;9866526.00
2012/03/28;3.45;3.45;3.26;3.27;1244257;13029783.00
2012/03/29;3.25;3.28;3.18;3.22;1066941;10860113.00
2012/03/30;3.22;3.25;3.18;3.20;784976;7951847.00
2012/04/05;3.26;3.29;3.20;3.28;1048599;10790016.00
2012/04/06;3.28;3.32;3.25;3.29;1212811;12584266.00
2012/04/09;3.28;3.33;3.25;3.26;712890;7383411.00
2012/04/10;3.24;3.30;3.17;3.30;939671;9591151.00
2012/04/11;3.27;3.29;3.23;3.28;891304;9160020.00
2012/04/12;3.28;3.38;3.28;3.36;1427042;14966089.00
2012/04/13;3.38;3.39;3.33;3.36;1360843;14397191.00
2012/04/16;3.34;3.39;3.34;3.36;752638;7974753.00
2012/04/17;3.35;3.38;3.31;3.32;937265;9888118.00
2012/04/18;3.38;3.61;3.37;3.46;2487618;27110478.00
2012/04/19;3.43;3.53;3.40;3.47;1845940;20132228.00
2012/04/20;3.42;3.46;3.39;3.44;2078929;22373940.00
2012/04/23;3.44;3.44;3.27;3.27;2043297;21531590.00
2012/04/24;3.27;3.33;3.20;3.27;1255651;12861186.00
2012/04/25;3.30;3.32;3.25;3.30;1183033;12274703.00
2012/04/26;3.30;3.33;3.28;3.31;1100689;11459667.00
2012/04/27;3.32;3.38;3.31;3.32;1197273;12571504.00
2012/05/02;3.37;3.42;3.35;3.39;1441021;15332262.00
2012/05/03;3.39;3.44;3.37;3.44;1663217;17855984.00
2012/05/04;3.44;3.45;3.40;3.43;1309885;14087500.00
2012/05/07;3.41;3.47;3.39;3.47;1311651;14113310.00
2012/05/08;3.44;3.47;3.43;3.45;992684;10746861.00
2012/05/09;3.42;3.42;3.33;3.34;1380870;14632982.00
2012/05/10;3.33;3.38;3.33;3.34;808449;8530554.00
2012/05/14;3.37;3.37;3.30;3.31;1100202;11517517.00
2012/05/15;3.31;3.31;3.25;3.29;700712;7224745.50
2012/05/16;3.28;3.30;3.27;3.27;671351;6939668.00
2012/05/17;3.27;3.32;3.27;3.31;720780;7497319.00
2012/05/18;3.30;3.32;3.26;3.27;752264;7794125.50
2012/05/21;3.29;3.30;3.24;3.27;617590;6365967.00
2012/05/22;3.29;3.32;3.28;3.31;621435;6459542.50
2012/05/23;3.30;3.32;3.26;3.28;544800;5646820.00
2012/05/24;3.27;3.32;3.26;3.31;790699;8213010.50
2012/05/25;3.30;3.32;3.20;3.21;813820;8347475.50
2012/05/29;3.37;3.50;3.32;3.32;2507634;26501588.00
2012/05/30;3.30;3.37;3.29;3.34;1857719;19457446.00
2012/05/31;3.33;3.35;3.30;3.32;864028;9039861.00
2012/06/01;3.31;3.35;3.30;3.32;791380;8299138.50
2012/06/04;3.27;3.27;3.21;3.21;1040677;10613646.00
2012/06/05;3.21;3.23;3.20;3.22;564590;5716793.50
2012/06/06;3.23;3.25;3.17;3.20;564417;5707786.00
2012/06/07;3.23;3.24;3.18;3.20;597349;6048991.50
2012/06/08;3.24;3.24;3.19;3.22;775702;7873201.50
2012/06/11;3.24;3.28;3.20;3.27;725329;7415099.00
2012/06/12;3.26;3.26;3.21;3.21;510266;5188094.00
2012/06/13;3.22;3.27;3.21;3.27;876407;8975250.00
2012/06/14;3.25;3.29;3.25;3.28;1032379;10649065.00
2012/06/15;3.27;3.28;3.24;3.27;774299;7957313.00
2012/06/18;3.30;3.31;3.27;3.29;1048327;10716881.00
2012/06/19;3.29;3.29;3.25;3.26;670788;6805964.50
2012/06/20;3.26;3.30;3.26;3.29;651590;6630559.50
2012/06/21;3.28;3.29;3.24;3.27;770190;7794637.00
2012/06/25;3.28;3.28;3.19;3.19;739349;7421689.00
2012/06/26;3.17;3.20;3.13;3.17;662520;6503906.00
2012/06/27;3.18;3.20;3.15;3.16;613450;6055157.00
2012/06/28;3.18;3.19;3.02;3.02;675242;6548443.50
2012/06/29;3.01;3.06;2.99;3.05;661702;6239943.00
2012/07/02;3.08;3.14;3.06;3.07;729786;7006695.00
2012/07/03;3.07;3.12;3.05;3.09;525004;5047956.50
2012/07/04;3.09;3.12;3.05;3.07;510390;4893437.00
2012/07/05;3.05;3.07;2.98;2.99;550161;5145616.50
2012/07/06;3.02;3.11;2.98;3.07;657906;6199597.50
2012/07/09;3.06;3.08;2.95;2.97;546110;5138261.00
2012/07/10;2.97;2.98;2.95;2.95;398923;3678532.00
2012/07/11;2.82;2.84;2.68;2.74;2140360;18318728.00
2012/07/12;2.71;2.73;2.65;2.71;1848169;15508710.00
2012/07/13;2.69;2.73;2.68;2.68;907980;7658601.00
2012/07/16;2.69;2.69;2.50;2.51;1166036;9370678.00
2012/07/17;2.50;2.54;2.49;2.53;640244;5048418.50
2012/07/18;2.54;2.54;2.49;2.53;784444;6183795.50
2012/07/19;2.52;2.61;2.52;2.58;877155;7073830.00
2012/07/20;2.58;2.59;2.55;2.57;497554;4006067.50
2012/07/23;2.56;2.56;2.52;2.54;442867;3519323.50
2012/07/24;2.52;2.58;2.52;2.56;812973;6484868.50
2012/07/25;2.55;2.59;2.53;2.57;572450;4606761.00
2012/07/26;2.55;2.59;2.54;2.55;475978;3828319.25
2012/07/27;2.55;2.57;2.52;2.55;414756;3305058.00
2012/07/30;2.54;2.56;2.46;2.46;444525;3490407.50
2012/07/31;2.44;2.49;2.39;2.40;578736;4420958.50
2012/08/01;2.40;2.48;2.40;2.45;434286;3334158.50
2012/08/02;2.44;2.47;2.42;2.44;398629;3065255.50
2012/08/03;2.45;2.51;2.44;2.50;586982;4571119.50
2012/08/06;2.51;2.57;2.49;2.56;883615;7036487.00
2012/08/07;2.57;2.58;2.55;2.58;779129;6269841.00
2012/08/08;2.57;2.64;2.55;2.62;977089;7933754.00
2012/08/09;2.58;2.63;2.57;2.62;803982;6556499.50
2012/08/10;2.62;2.67;2.61;2.62;1028078;8480759.00
2012/08/13;2.62;2.62;2.56;2.56;614208;4951221.50
2012/08/14;2.56;2.59;2.53;2.59;395080;3169112.00
2012/08/15;2.58;2.58;2.55;2.55;339237;2722888.75
2012/08/16;2.55;2.57;2.53;2.55;357204;2855292.75
2012/08/17;2.54;2.58;2.53;2.57;348270;2786516.50
2012/08/20;2.57;2.65;2.56;2.62;1274066;10398284.00
2012/08/21;2.61;2.65;2.59;2.63;1335523;11009552.00
2012/08/22;2.62;2.64;2.59;2.61;566363;4637459.50
2012/08/23;2.59;2.65;2.59;2.65;963088;7915745.00
2012/08/24;2.65;2.65;2.57;2.57;763912;6239242.00
2012/08/27;2.52;2.55;2.44;2.44;609800;4775829.50
2012/08/28;2.44;2.49;2.44;2.49;524358;4052571.75
2012/08/29;2.49;2.57;2.49;2.52;809453;6428896.50
2012/08/30;2.48;2.57;2.48;2.52;711570;5644879.00
2012/08/31;2.51;2.56;2.49;2.53;368589;2913762.00
2012/09/03;2.51;2.61;2.51;2.59;693661;5603168.00
2012/09/04;2.57;2.82;2.57;2.74;5819554;49331208.00
2012/09/05;2.72;2.78;2.64;2.73;3299419;27973258.00
2012/09/06;2.74;2.80;2.69;2.73;3307200;28245254.00
2012/09/07;2.74;2.83;2.71;2.79;4878200;42268872.00
2012/09/10;2.79;2.86;2.75;2.84;3087810;27095566.00
2012/09/11;2.82;2.86;2.75;2.81;2068884;18038044.00
2012/09/12;2.81;2.84;2.78;2.82;1685497;14767176.00
2012/09/13;2.82;2.82;2.73;2.73;1299634;11269517.00
2012/09/14;2.74;2.78;2.66;2.73;1066246;9073294.00
2012/09/17;2.73;2.75;2.65;2.65;1226575;10328183.00
2012/09/18;2.61;2.67;2.58;2.60;1009821;8259546.00
2012/09/19;2.60;2.62;2.59;2.62;622572;5076739.50
2012/09/20;2.61;2.62;2.49;2.49;1090459;8697333.00
2012/09/21;2.50;2.53;2.47;2.49;578900;4547667.00
2012/09/24;2.49;2.51;2.44;2.50;472379;3669827.75
2012/09/25;2.50;2.51;2.45;2.46;398435;3088401.75
2012/09/26;2.48;2.58;2.38;2.38;1590663;12234392.00
2012/09/27;2.38;2.51;2.36;2.45;1022250;7802384.00
2012/09/28;2.44;2.51;2.40;2.50;903365;7006589.00
2012/10/08;2.52;2.53;2.48;2.50;458373;3589977.00
2012/10/09;2.52;2.57;2.52;2.56;988167;7915820.50
2012/10/10;2.56;2.59;2.55;2.59;855252;6901157.50
2012/10/11;2.58;2.59;2.53;2.53;845391;6784665.00
2012/10/12;2.53;2.65;2.53;2.57;877348;7094526.50
2012/10/15;2.57;2.57;2.49;2.50;668158;5261574.50
2012/10/16;2.50;2.54;2.50;2.52;293072;2313916.50
2012/10/17;2.54;2.54;2.48;2.52;297510;2337238.50
2012/10/18;2.51;2.56;2.51;2.55;589274;4700875.50
2012/10/19;2.55;2.56;2.53;2.55;596447;4766911.50
2012/10/22;2.55;2.56;2.53;2.56;403432;3220846.50
2012/10/23;2.55;2.57;2.52;2.53;447691;3565705.75
2012/10/24;2.52;2.55;2.52;2.53;297654;2361226.75
2012/10/25;2.51;2.55;2.48;2.50;500282;3946083.00
2012/10/26;2.50;2.50;2.42;2.42;530747;4065722.75
2012/10/29;2.42;2.43;2.38;2.40;245968;1858689.00
2012/10/30;2.43;2.60;2.40;2.47;952862;7436555.50
2012/10/31;2.45;2.46;2.37;2.44;540905;4090134.75
2012/11/01;2.42;2.48;2.41;2.46;480077;3704582.50
2012/11/02;2.49;2.49;2.45;2.48;346348;2683380.25
2012/11/05;2.47;2.49;2.47;2.48;312920;2432668.50
2012/11/06;2.48;2.50;2.42;2.50;530531;4100608.00
2012/11/07;2.68;2.76;2.68;2.76;9067556;78077496.00
2012/11/08;2.79;3.01;2.77;2.86;17175219;153907200.00
2012/11/09;2.72;2.72;2.62;2.68;9410802;78571928.00
2012/11/12;2.65;2.88;2.65;2.86;10117733;87789536.00
2012/11/13;2.80;2.83;2.65;2.70;5598186;47671356.00
2012/11/14;2.67;2.71;2.57;2.65;4216180;34521256.00
2012/11/15;2.59;2.64;2.50;2.51;3517356;28399090.00
2012/11/16;2.50;2.51;2.42;2.42;3547858;27169404.00
2012/11/19;2.43;2.47;2.38;2.46;1964510;14999225.00
2012/11/20;2.46;2.53;2.44;2.49;3822223;29919796.00
2012/11/21;2.49;2.55;2.43;2.52;2890722;22504056.00
2012/11/22;2.49;2.49;2.45;2.45;1671866;12922393.00
2012/11/23;2.44;2.52;2.42;2.48;2144495;16634217.00
2012/11/26;2.48;2.49;2.40;2.41;1500914;11481440.00
2012/11/27;2.39;2.41;2.16;2.17;4402477;30835486.00
2012/11/28;2.15;2.15;2.09;2.11;1594472;10595870.00
2012/11/29;2.11;2.13;2.09;2.10;1176415;7859955.00
2012/11/30;2.11;2.14;2.09;2.13;966602;6485714.50
2012/12/03;2.14;2.15;2.00;2.00;1226660;8038093.00
2012/12/04;2.02;2.05;1.95;2.04;1096307;6969439.50
2012/12/05;2.04;2.19;2.03;2.17;2701694;18159028.00
2012/12/06;2.15;2.18;2.12;2.15;1390799;9461968.00
2012/12/07;2.15;2.22;2.13;2.20;2621485;18082426.00
2012/12/10;2.19;2.27;2.18;2.25;2407486;16892608.00
2012/12/11;2.25;2.25;2.18;2.19;2167078;15124101.00
2012/12/12;2.17;2.21;2.15;2.19;1168962;8037498.00
2012/12/13;2.18;2.20;2.16;2.17;1117331;7689899.50
2012/12/14;2.16;2.33;2.16;2.27;2996797;21267134.00
2012/12/17;2.27;2.30;2.24;2.26;2123443;15163115.00
2012/12/18;2.27;2.31;2.25;2.27;1781714;12797200.00
2012/12/19;2.28;2.31;2.26;2.30;1861621;13427311.00
2012/12/20;2.28;2.30;2.25;2.28;1804851;12936111.00
2012/12/21;2.29;2.38;2.26;2.31;3237970;23580410.00
2012/12/24;2.31;2.34;2.29;2.31;2015219;14673968.00
2012/12/25;2.32;2.40;2.30;2.38;3115437;23113990.00
2012/12/26;2.38;2.44;2.37;2.43;3242456;24518820.00
2012/12/27;2.42;2.48;2.39;2.41;3212180;24493064.00
2012/12/28;2.39;2.44;2.39;2.43;1883803;14282480.00
2012/12/31;2.43;2.45;2.41;2.42;1504443;11468288.00
2013/01/04;2.43;2.45;2.37;2.41;1669172;12623594.00
2013/01/07;2.41;2.44;2.39;2.43;1467535;11147651.00
2013/01/08;2.45;2.52;2.45;2.47;2890893;22471302.00
2013/01/09;2.48;2.52;2.44;2.48;3063182;23854434.00
2013/01/10;2.50;2.50;2.46;2.48;1718063;13366746.00
2013/01/11;2.60;2.60;2.42;2.42;2657399;20818274.00
2013/01/14;2.40;2.50;2.40;2.50;2690338;20811274.00
2013/01/15;2.50;2.58;2.49;2.55;3017239;23941498.00
2013/01/16;2.56;2.57;2.49;2.56;3028199;23991492.00
2013/01/17;2.55;2.58;2.49;2.53;2232043;17763716.00
2013/01/18;2.53;2.57;2.52;2.56;1795478;14344198.00
2013/01/21;2.56;2.61;2.55;2.59;2214608;17890926.00
2013/01/22;2.59;2.59;2.51;2.51;1842603;14718828.00
2013/01/23;2.50;2.54;2.47;2.54;1651202;13026120.00
2013/01/24;2.53;2.57;2.44;2.45;2216271;17429006.00
2013/01/25;2.45;2.49;2.43;2.47;1213693;9372292.00
2013/01/28;2.47;2.53;2.47;2.52;1231013;9662502.00
2013/01/29;2.53;2.61;2.53;2.60;3495052;28260030.00
2013/01/30;2.56;2.57;2.50;2.53;3143016;24966262.00
2013/01/31;2.51;2.53;2.48;2.50;1299046;10206684.00
2013/02/01;2.49;2.53;2.49;2.51;1280274;10077872.00
2013/02/04;2.54;2.54;2.50;2.50;1051739;8288674.00
2013/02/05;2.49;2.50;2.45;2.49;1099786;8544602.00
2013/02/06;2.47;2.53;2.46;2.52;1277540;10061689.00
2013/02/07;2.52;2.52;2.49;2.52;837583;6590896.00
2013/02/08;2.53;2.55;2.51;2.54;1571924;12508464.00
2013/02/18;2.55;2.58;2.54;2.55;1453902;11640057.00
2013/02/19;2.54;2.59;2.53;2.54;1321319;10555750.00
2013/02/20;2.52;2.59;2.51;2.59;1688247;13593623.00
2013/02/21;2.59;2.59;2.50;2.52;1777689;14171310.00
2013/02/22;2.51;2.53;2.48;2.48;1051387;8263001.00
2013/02/25;2.48;2.54;2.47;2.50;858906;6733925.00
2013/02/26;2.49;2.52;2.48;2.48;1223762;9589080.00
2013/02/27;2.48;2.50;2.47;2.50;1116891;8722111.00
2013/02/28;2.50;2.56;2.49;2.55;1591777;12637922.00
2013/03/01;2.55;2.57;2.53;2.56;1595482;12748540.00
2013/03/04;2.55;2.55;2.45;2.46;1329818;10417668.00
2013/03/05;2.47;2.53;2.46;2.51;930426;7287705.50
2013/03/06;2.53;2.60;2.50;2.60;3550438;28647872.00
2013/03/07;2.61;2.66;2.56;2.57;2870158;23429184.00
2013/03/08;2.56;2.60;2.56;2.57;1275119;10291699.00
2013/03/11;2.57;2.63;2.57;2.63;1992990;16281904.00
2013/03/12;2.65;2.66;2.50;2.54;2010509;16150399.00
2013/03/13;2.52;2.57;2.49;2.55;1124409;8893879.00
2013/03/14;2.53;2.60;2.52;2.59;1299151;10452952.00
2013/03/15;2.59;2.69;2.56;2.62;4221929;34797008.00
2013/03/18;2.60;2.71;2.59;2.71;5845739;49001204.00
2013/03/19;2.71;2.77;2.63;2.68;4778866;40272148.00
2013/03/20;2.65;2.71;2.65;2.71;3812774;32055578.00
2013/03/21;2.70;2.82;2.69;2.81;6145929;53092368.00
2013/03/22;2.79;2.79;2.74;2.79;3224790;27876464.00
2013/03/25;2.80;2.81;2.68;2.69;3271408;27806400.00
2013/03/26;2.69;2.70;2.57;2.60;2531933;20736236.00
2013/03/27;2.60;2.64;2.58;2.61;1800348;14692023.00
2013/03/28;2.61;2.61;2.45;2.45;2452339;19342974.00
2013/03/29;2.46;2.48;2.39;2.42;1729435;13160110.00
2013/04/01;2.42;2.46;2.39;2.45;914934;6999592.00
2013/04/02;2.44;2.45;2.35;2.36;1402584;10568036.00
2013/04/03;2.36;2.38;2.23;2.32;1181077;8582579.00
2013/04/08;2.29;2.33;2.24;2.33;916572;6585208.50
2013/04/09;2.34;2.45;2.32;2.40;1352873;10168278.00
2013/04/10;2.37;2.41;2.32;2.33;952063;7047126.50
2013/04/11;2.33;2.36;2.30;2.31;485717;3574124.50
2013/04/12;2.31;2.33;2.29;2.30;388970;2826014.25
2013/04/15;2.29;2.31;2.23;2.25;572186;4064631.00
2013/04/16;2.23;2.27;2.20;2.26;549813;3877535.75
2013/04/17;2.25;2.28;2.24;2.27;408197;2903201.50
2013/04/18;2.27;2.28;2.24;2.26;396178;2829854.50
2013/04/19;2.26;2.32;2.26;2.31;934585;6772985.50
2013/04/22;2.31;2.33;2.29;2.33;686764;4994032.00
2013/04/23;2.32;2.32;2.24;2.25;690024;4939467.00
2013/04/24;2.26;2.49;2.24;2.36;1420446;10490554.00
2013/04/25;2.34;2.36;2.26;2.34;971586;7051173.00
2013/04/26;2.29;2.32;2.25;2.25;539421;3873647.00
2013/05/02;2.27;2.27;2.21;2.22;461382;3244402.00
2013/05/03;2.22;2.28;2.22;2.25;779003;5546367.50
2013/05/06;2.26;2.31;2.26;2.30;798887;5753204.00
2013/05/07;2.30;2.32;2.26;2.31;796410;5757988.50
2013/05/08;2.31;2.34;2.31;2.32;1024265;7480268.50
2013/05/09;2.33;2.33;2.30;2.32;827776;6032493.00
2013/05/10;2.31;2.35;2.31;2.35;855606;6276487.50
2013/05/13;2.34;2.36;2.32;2.34;1173500;8609642.00
2013/05/14;2.34;2.35;2.26;2.28;1487703;10697128.00
2013/05/15;2.27;2.29;2.26;2.29;1895802;13592964.00
2013/05/16;2.29;2.31;2.27;2.30;2400456;17322092.00
2013/05/17;2.30;2.34;2.29;2.34;2128219;15544120.00
2013/05/20;2.34;2.41;2.34;2.39;2795148;20851226.00
2013/05/21;2.37;2.41;2.37;2.40;1925386;14480517.00
2013/05/22;2.41;2.43;2.36;2.38;1595487;11970252.00
2013/05/23;2.38;2.41;2.36;2.36;1453530;10873181.00
2013/05/24;2.38;2.41;2.36;2.40;1501875;11278076.00
2013/05/27;2.42;2.44;2.39;2.43;1687883;12830770.00
2013/05/28;2.43;2.47;2.39;2.45;1872168;14256880.00
2013/05/29;2.46;2.53;2.44;2.48;3069691;23953500.00
2013/05/30;2.48;2.50;2.47;2.49;1598910;12440659.00
2013/05/31;2.48;2.52;2.48;2.49;2288002;17948480.00
2013/06/03;2.50;2.50;2.45;2.46;1565798;11982230.00
2013/06/04;2.46;2.46;2.39;2.40;1472720;11008268.00
2013/06/05;2.40;2.45;2.40;2.42;1151903;8662748.00
2013/06/06;2.42;2.45;2.39;2.40;767951;5745310.50
2013/06/07;2.41;2.42;2.31;2.33;1041987;7560517.00
2013/06/13;2.33;2.33;2.23;2.28;945824;6619395.00
2013/06/14;2.29;2.33;2.27;2.29;758057;5371972.50
2013/06/17;2.29;2.31;2.27;2.29;581109;4111053.75
2013/06/18;2.29;2.31;2.27;2.30;596001;4224513.00
2013/06/19;2.29;2.30;2.26;2.30;572474;4035176.50
2013/06/20;2.29;2.29;2.23;2.23;529873;3716672.75
2013/06/21;2.22;2.24;2.19;2.23;423921;2914083.75
2013/06/24;2.23;2.23;2.01;2.04;1113000;7337544.00
2013/06/25;2.05;2.08;1.94;2.04;1005779;6250183.50
2013/06/26;2.05;2.09;2.02;2.06;885649;5668409.50
2013/06/27;2.04;2.09;2.01;2.02;565194;3619960.75
2013/06/28;2.01;2.05;1.98;2.02;405053;2548694.00
2013/07/01;2.02;2.07;2.01;2.07;433989;2755413.00
2013/07/02;2.07;2.08;2.05;2.08;409251;2629893.25
2013/07/03;2.09;2.09;2.01;2.07;431709;2752164.00
2013/07/04;2.07;2.11;2.04;2.08;761348;4932759.50
2013/07/05;2.09;2.12;2.07;2.07;515885;3357370.75
2013/07/08;2.06;2.06;1.98;1.98;497760;3106800.00
2013/07/09;1.99;2.02;1.96;2.01;425736;2650389.00
2013/07/10;2.00;2.07;2.00;2.06;597728;3790536.75
2013/07/11;2.07;2.13;2.05;2.12;1053241;6872335.50
2013/07/12;2.10;2.15;2.08;2.08;1179555;7701562.00
2013/07/15;2.09;2.25;2.08;2.20;2354144;15877871.00
2013/07/16;2.18;2.33;2.16;2.25;2948241;20521220.00
2013/07/17;2.22;2.32;2.21;2.21;1336397;9296664.00
2013/07/18;2.19;2.21;2.14;2.15;1572082;10523884.00
2013/07/19;2.18;2.19;2.14;2.15;902966;6065623.00
2013/07/22;2.11;2.16;2.09;2.15;744266;4957800.50
2013/07/23;2.14;2.21;2.14;2.19;831383;5644607.50
2013/07/24;2.20;2.24;2.18;2.22;904788;6195876.00
2013/07/25;2.22;2.22;2.16;2.19;693500;4714713.00
2013/07/26;2.19;2.22;2.16;2.17;674202;4571953.50
2013/07/29;2.17;2.18;2.13;2.14;420395;2805155.75
2013/07/30;2.14;2.23;2.14;2.16;839752;5703156.00
2013/07/31;2.16;2.19;2.14;2.15;514414;3455165.75
2013/08/01;2.15;2.21;2.15;2.20;827669;5603144.00
2013/08/02;2.19;2.22;2.19;2.20;775854;5300035.00
2013/08/05;2.22;2.25;2.20;2.24;1117905;7699040.00
2013/08/06;2.24;2.25;2.21;2.24;876161;6066302.50
2013/08/07;2.24;2.25;2.21;2.21;967602;6672043.00
2013/08/08;2.21;2.39;2.20;2.37;5046458;36235420.00
2013/08/09;2.34;2.51;2.28;2.47;6382568;47449896.00
2013/08/12;2.45;2.53;2.41;2.47;5363425;40821552.00
2013/08/13;2.44;2.49;2.36;2.38;6126574;45490152.00
2013/08/14;2.37;2.40;2.35;2.36;2069404;15187778.00
2013/08/15;2.36;2.38;2.34;2.35;1290158;9406088.00
2013/08/16;2.34;2.38;2.29;2.29;1433025;10381303.00
2013/08/19;2.29;2.34;2.28;2.34;999109;7179365.00
2013/08/20;2.34;2.36;2.31;2.32;1014127;7325896.00
2013/08/21;2.32;2.35;2.30;2.35;855512;6174315.00
2013/08/22;2.34;2.36;2.32;2.33;953066;6891025.50
2013/08/23;2.34;2.35;2.25;2.29;1146393;8183681.00
2013/08/26;2.30;2.34;2.28;2.34;861173;6172252.00
2013/08/27;2.34;2.37;2.33;2.36;1164994;8488422.00
2013/08/28;2.35;2.38;2.34;2.34;1278101;9306217.00
2013/08/29;2.34;2.35;2.32;2.34;961911;6937914.00
2013/08/30;2.33;2.36;2.30;2.31;1102668;7975848.00
2013/09/02;2.31;2.35;2.30;2.34;885047;6364788.50
2013/09/03;2.35;2.41;2.35;2.39;1712830;12612056.00
2013/09/04;2.40;2.40;2.34;2.35;1302124;9527565.00
2013/09/05;2.36;2.37;2.34;2.35;877958;6382507.00
2013/09/06;2.35;2.36;2.33;2.35;1077758;7803096.00
2013/09/09;2.34;2.37;2.34;2.35;1307564;9535594.00
2013/09/10;2.36;2.38;2.35;2.38;999269;7321392.00
2013/09/11;2.38;2.41;2.37;2.38;1691152;12483789.00
2013/09/12;2.38;2.42;2.37;2.42;1712888;12723247.00
2013/09/13;2.40;2.43;2.38;2.40;1017393;7547860.00
2013/09/16;2.40;2.42;2.37;2.40;721508;5328695.00
2013/09/17;2.40;2.40;2.33;2.33;964449;7028801.50
2013/09/18;2.35;2.35;2.31;2.34;447090;3219808.25
2013/09/23;2.34;2.37;2.33;2.37;813917;5909969.00
2013/09/24;2.37;2.42;2.37;2.41;2227735;16510245.00
2013/09/25;2.39;2.44;2.38;2.40;1481954;11018091.00
2013/09/26;2.40;2.41;2.37;2.37;838068;6172887.00
2013/09/27;2.36;2.38;2.33;2.34;838450;6108115.00
2013/09/30;2.34;2.36;2.33;2.36;484938;3514677.25
2013/10/08;2.36;2.40;2.34;2.39;694301;5100527.00
2013/10/09;2.39;2.42;2.38;2.42;1403034;10410906.00
2013/10/10;2.43;2.43;2.39;2.40;1016145;7571095.00
2013/10/11;2.40;2.43;2.40;2.42;1312713;9816847.00
2013/10/14;2.43;2.54;2.42;2.52;3407981;26354392.00
2013/10/15;2.52;2.53;2.47;2.49;1622714;12498228.00
2013/10/16;2.49;2.54;2.38;2.42;1841515;13832963.00
2013/10/17;2.42;2.48;2.40;2.42;1092318;8199333.50
2013/10/18;2.42;2.44;2.42;2.44;745593;5599291.00
2013/10/21;2.45;2.48;2.43;2.47;1007080;7652593.00
2013/10/22;2.47;2.49;2.46;2.48;1458430;11138708.00
2013/10/23;2.48;2.54;2.41;2.42;1229719;9360112.00
2013/10/24;2.43;2.44;2.40;2.43;742989;5558760.50
2013/10/25;2.43;2.48;2.36;2.37;864595;6441955.50
2013/10/28;2.37;2.37;2.31;2.34;597277;4325464.00
2013/10/29;2.34;2.37;2.20;2.24;1267749;8976479.00
2013/10/30;2.24;2.27;2.23;2.26;767948;5355973.00
2013/10/31;2.24;2.27;2.24;2.27;517317;3613716.25
2013/11/01;2.26;2.28;2.25;2.25;449631;3152235.50
2013/11/04;2.26;2.28;2.24;2.26;387300;2711301.50
2013/11/05;2.25;2.29;2.24;2.28;441657;3105143.25
2013/11/06;2.27;2.31;2.27;2.27;581812;4120225.50
2013/11/07;2.26;2.28;2.21;2.22;577837;4013342.50
2013/11/08;2.22;2.23;2.19;2.20;566809;3872803.75
2013/11/11;2.19;2.26;2.19;2.26;402639;2788701.25
2013/11/12;2.25;2.27;2.22;2.27;525316;3662624.50
2013/11/13;2.26;2.27;2.22;2.24;397253;2753286.75
2013/11/14;2.23;2.28;2.22;2.28;814057;5702669.50
2013/11/15;2.27;2.33;2.27;2.32;900845;6454972.50
2013/11/18;2.34;2.36;2.31;2.35;1262506;9153935.00
2013/11/19;2.35;2.38;2.34;2.37;1026808;7505314.00
2013/11/20;2.38;2.38;2.34;2.37;751661;5490453.50
2013/11/21;2.36;2.40;2.34;2.40;1067138;7846411.00
2013/11/22;2.39;2.41;2.37;2.38;706011;5216618.00
2013/11/25;2.36;2.40;2.36;2.38;658524;4867379.00
2013/11/26;2.39;2.43;2.38;2.41;833569;6191834.50
2013/11/27;2.41;2.43;2.40;2.42;996055;7438549.00
2013/11/28;2.44;2.47;2.43;2.44;1138710;8614984.00
2013/11/29;2.43;2.52;2.43;2.47;1885260;14424889.00
2013/12/02;2.41;2.46;2.33;2.34;2006682;14859724.00
2013/12/03;2.34;2.42;2.33;2.41;822087;6069480.00
2013/12/04;2.41;2.52;2.41;2.52;2799912;21489724.00
2013/12/05;2.51;2.61;2.49;2.60;5397824;42709048.00
2013/12/06;2.59;2.62;2.52;2.61;3674359;29115680.00
2013/12/09;2.59;2.64;2.57;2.63;2670115;21473116.00
2013/12/10;2.64;2.64;2.58;2.61;2247372;18053414.00
2013/12/11;2.61;2.62;2.53;2.59;2556116;20190120.00
2013/12/12;2.58;2.62;2.55;2.58;2213499;17655098.00
2013/12/13;2.60;2.60;2.54;2.58;1642642;13009390.00
2013/12/16;2.58;2.59;2.53;2.56;1659183;13098641.00
2013/12/17;2.54;2.57;2.53;2.56;805790;6345087.50
2013/12/18;2.56;2.56;2.53;2.55;938803;7373167.50
2013/12/19;2.56;2.58;2.54;2.55;1200329;9475770.00
2013/12/20;2.55;2.55;2.45;2.54;1700714;13087581.00
2013/12/23;2.53;2.53;2.45;2.51;800240;6162532.50
2013/12/24;2.51;2.52;2.48;2.51;1035952;7986783.00
2013/12/25;2.50;2.53;2.49;2.52;1335464;10360449.00
2013/12/26;2.52;2.54;2.49;2.51;1267243;9833705.00
2013/12/27;2.51;2.55;2.49;2.54;1715077;13414902.00
2013/12/30;2.57;2.64;2.55;2.60;2752973;22043636.00
2013/12/31;2.59;2.60;2.55;2.56;1200076;9513233.00
2014/01/02;2.57;2.60;2.53;2.59;1736982;13745563.00
2014/01/03;2.59;2.59;2.52;2.56;1411928;11117463.00
2014/01/06;2.54;2.55;2.46;2.54;1286822;9942976.00
2014/01/07;2.50;2.52;2.48;2.52;630693;4882353.50
2014/01/08;2.52;2.55;2.51;2.53;985717;7689652.00
2014/01/09;2.52;2.53;2.46;2.53;1323939;10236268.00
2014/01/10;2.50;2.52;2.46;2.52;750028;5777953.00
2014/01/13;2.52;2.52;2.48;2.51;706540;5446006.00
2014/01/14;2.51;2.58;2.50;2.58;1943051;15291154.00
2014/01/15;2.59;2.61;2.56;2.59;1812588;14458733.00
2014/01/16;2.59;2.64;2.57;2.64;2061295;16568172.00
2014/01/17;2.63;2.69;2.61;2.62;2634876;21466896.00
2014/01/20;2.59;2.62;2.52;2.54;1695566;13390776.00
2014/01/21;2.55;2.57;2.54;2.57;1128488;8922655.00
2014/01/22;2.57;2.66;2.57;2.66;2789688;22587098.00
2014/01/23;2.66;2.68;2.64;2.66;3073516;25154240.00
2014/01/24;2.65;2.71;2.63;2.71;2965139;24542892.00
2014/01/27;2.70;2.73;2.67;2.70;2301069;19143586.00
2014/01/28;2.69;2.71;2.63;2.68;1746048;14350920.00
2014/01/29;2.68;2.69;2.66;2.68;1175380;9686001.00
2014/01/30;2.67;2.68;2.62;2.63;1757938;14328470.00
2014/02/07;2.63;2.67;2.59;2.67;1678077;13619383.00
2014/02/10;2.67;2.77;2.67;2.75;2916004;24517744.00
2014/02/11;2.74;2.81;2.73;2.78;2811836;23947978.00
2014/02/12;2.78;2.85;2.75;2.81;2721475;23478726.00
2014/02/13;2.83;2.88;2.77;2.79;3176080;27655572.00
2014/02/14;2.77;2.97;2.76;2.97;4514744;39955012.00
2014/02/17;2.99;3.11;2.93;3.05;8230469;76586032.00
2014/02/18;3.03;3.13;3.00;3.04;4705647;44392104.00
2014/02/19;3.02;3.08;2.98;3.01;2788876;25857826.00
2014/02/20;3.01;3.01;2.87;2.90;3212862;28896330.00
2014/02/21;2.89;2.95;2.87;2.93;2011409;17960828.00
2014/02/24;2.90;2.96;2.85;2.96;2398244;21374010.00
2014/02/25;2.96;3.02;2.87;2.95;4722873;42986044.00
2014/02/26;2.96;3.25;2.96;3.13;8232866;78036928.00
2014/02/27;3.16;3.16;3.02;3.06;3811744;35958356.00
2014/02/28;2.99;3.09;2.98;3.05;3939032;36797432.00
2014/03/03;3.09;3.14;3.02;3.09;3666563;34688056.00
2014/03/04;3.10;3.16;3.07;3.14;3548210;33894412.00
2014/03/05;3.19;3.22;3.10;3.18;3549961;34299268.00
2014/03/06;3.19;3.21;3.14;3.18;3531291;34474860.00
2014/03/07;3.19;3.42;3.18;3.24;6643066;66310664.00
2014/03/10;3.25;3.25;3.06;3.06;3648429;35226280.00
2014/03/11;3.06;3.13;2.93;3.06;3407793;31585692.00
2014/03/12;3.12;3.23;3.00;3.07;3871042;36873736.00
2014/03/13;3.08;3.08;2.97;3.05;2395172;22167026.00
2014/03/14;3.04;3.05;2.97;3.00;2064233;19060738.00
2014/03/17;3.00;3.19;3.00;3.06;3349162;31487000.00
2014/03/18;3.08;3.12;3.03;3.04;2732709;25738898.00
2014/03/19;3.05;3.07;3.00;3.07;1974677;18367318.00
2014/03/20;3.09;3.09;3.01;3.02;1817523;16982272.00
2014/03/21;3.01;3.04;2.93;2.99;3467348;31885826.00
2014/03/24;2.99;2.99;2.93;2.94;1681284;15284349.00
2014/03/25;2.96;3.12;2.90;3.02;3342554;30918028.00
2014/03/26;3.02;3.15;3.02;3.08;3781599;35674848.00
2014/03/27;3.12;3.17;3.04;3.06;3836739;36513700.00
2014/03/28;3.05;3.08;2.93;2.96;2340975;21437078.00
2014/03/31;2.99;3.04;2.92;3.00;2705799;24887100.00
2014/04/01;2.99;3.02;2.97;3.02;1407066;12970192.00
2014/04/02;3.05;3.10;2.99;3.03;2899159;27018378.00
2014/04/03;3.02;3.07;2.98;3.00;2046346;18972774.00
2014/04/04;3.01;3.01;2.96;3.00;1177007;10776616.00
2014/04/08;2.99;3.03;2.98;3.02;1520650;14073077.00
2014/04/09;3.03;3.11;3.01;3.11;4151092;39081240.00
2014/04/10;3.10;3.14;3.07;3.07;2944652;28078968.00
2014/04/11;3.08;3.08;3.00;3.02;1375333;12792756.00
2014/04/14;3.02;3.07;3.00;3.06;1287628;12058659.00
2014/04/15;3.06;3.08;3.03;3.06;1145052;10761440.00
2014/04/16;3.06;3.10;3.03;3.10;1814585;17158648.00
2014/04/17;3.09;3.09;3.05;3.05;1183786;11160724.00
2014/04/18;3.04;3.04;2.99;3.00;1365244;12613603.00
2014/04/21;2.98;2.99;2.87;2.87;1892898;17095418.00
2014/04/22;2.83;2.85;2.71;2.77;3111928;26561928.00
2014/04/23;2.76;2.79;2.73;2.78;858512;7315260.00
2014/04/24;2.78;2.78;2.75;2.76;631910;5372483.00
2014/04/25;2.76;2.77;2.64;2.67;1162300;9704873.00
2014/04/28;2.67;2.69;2.46;2.47;2133047;16629374.00
2014/04/29;2.47;2.53;2.47;2.53;842748;6525498.50
2014/04/30;2.54;2.59;2.51;2.56;1061414;8365089.00
2014/05/05;2.56;2.66;2.56;2.65;1549569;12543862.00
2014/05/06;2.66;2.72;2.64;2.67;1280182;10596557.00
2014/05/07;2.66;2.66;2.58;2.58;1049679;8473356.00
2014/05/08;2.58;2.65;2.58;2.60;761443;6163318.00
2014/05/09;2.60;2.61;2.55;2.58;605646;4812495.00
2014/05/12;2.62;2.68;2.59;2.68;895113;7278953.00
2014/05/13;2.66;2.90;2.66;2.73;1519888;12759727.00
2014/05/14;2.72;2.73;2.69;2.70;685777;5702956.00
2014/05/15;2.70;2.71;2.60;2.62;800877;6548935.50
2014/05/16;2.61;2.66;2.61;2.66;439930;3566628.00
2014/05/19;2.64;2.64;2.60;2.63;296643;2394566.25
2014/05/20;2.65;2.67;2.62;2.63;419541;3418686.25
2014/05/21;2.62;2.65;2.60;2.64;380641;3088483.50
2014/05/27;2.79;2.88;2.72;2.73;3393961;29083304.00
2014/05/28;2.71;2.76;2.68;2.75;1854585;15564181.00
2014/05/29;2.73;2.78;2.70;2.73;1066660;8950716.00
2014/05/30;2.73;2.81;2.71;2.73;1021664;8633727.00
2014/06/03;2.75;2.75;2.67;2.68;1343517;11248349.00
2014/06/04;2.68;2.70;2.66;2.67;619022;5111187.50
2014/06/05;2.67;2.71;2.66;2.71;836378;6927685.00
2014/06/06;2.69;2.70;2.66;2.67;662037;5462909.50
2014/06/09;2.68;2.71;2.66;2.70;818034;6797018.50
2014/06/10;2.71;2.72;2.67;2.72;675593;5628632.00
2014/06/11;2.72;2.76;2.70;2.75;1116004;9408820.00
2014/06/12;2.75;2.75;2.71;2.74;752246;6315465.00
2014/06/13;2.74;2.77;2.73;2.75;936508;7929389.50
2014/06/16;2.74;2.80;2.74;2.79;1108836;9499415.00
2014/06/17;2.79;2.82;2.77;2.77;1011698;8690487.00
2014/06/18;2.77;2.78;2.73;2.74;668308;5658264.50
2014/06/19;2.74;2.77;2.63;2.66;967089;8015935.50
2014/06/20;2.66;2.72;2.65;2.70;493815;4085479.00
2014/06/23;2.69;2.79;2.69;2.74;645430;5454034.00
2014/06/24;2.74;2.79;2.74;2.76;826192;7053674.00
2014/06/25;2.76;2.78;2.73;2.75;788301;6682377.50
2014/06/26;2.75;2.84;2.74;2.80;1651653;14235214.00
2014/06/27;2.79;2.88;2.78;2.84;1976163;17301078.00
2014/06/30;2.84;2.90;2.83;2.83;1653106;14561247.00
2014/07/01;2.83;2.92;2.81;2.92;3443185;30263472.00
2014/07/02;2.90;2.95;2.88;2.91;1675243;15035546.00
2014/07/03;2.92;2.97;2.89;2.94;1367299;12380995.00
2014/07/04;2.93;2.96;2.92;2.94;1066927;9656364.00
2014/07/07;2.94;2.96;2.89;2.95;1467132;13211878.00
2014/07/08;2.94;3.01;2.90;2.99;1507686;13806584.00
2014/07/09;2.98;3.01;2.93;2.94;1461511;13382739.00
2014/07/10;2.93;2.98;2.93;2.95;992476;8998084.00
2014/07/11;2.94;3.01;2.94;2.97;911934;8358888.50
2014/07/14;2.98;3.04;2.95;3.03;1590036;14709013.00
2014/07/15;3.03;3.08;2.98;3.00;1663046;15478730.00
2014/07/16;3.00;3.02;2.94;2.96;1095690;10016421.00
2014/07/17;2.94;3.01;2.94;2.97;961668;8805892.00
2014/07/18;3.00;3.02;2.97;2.99;771450;7060082.50
2014/07/21;2.99;2.99;2.92;2.94;922706;8314538.50
2014/07/22;2.92;2.99;2.92;2.96;919668;8290479.50
2014/07/23;2.97;2.98;2.78;2.78;1479348;13184889.00
2014/07/24;2.94;3.06;2.93;3.06;11781848;109832536.00
2014/07/25;3.06;3.07;2.91;2.94;8898265;80612656.00
2014/07/28;2.95;3.00;2.92;2.96;5234901;47240760.00
2014/07/29;2.95;3.00;2.93;2.98;3086953;27964734.00
2014/07/30;2.96;3.07;2.96;3.04;3552980;32760452.00
2014/07/31;3.02;3.11;2.99;3.06;3951449;36772080.00
2014/08/01;3.06;3.08;2.99;2.99;2398579;22208554.00
2014/08/04;3.01;3.04;2.99;3.04;2279147;20987710.00
2014/08/05;3.04;3.06;3.01;3.06;1905435;17676568.00
2014/08/06;3.05;3.10;3.02;3.08;2510215;23524956.00
2014/08/07;3.08;3.10;3.03;3.03;2033493;19024016.00
2014/08/08;3.03;3.09;3.03;3.06;1263084;11797042.00
2014/08/11;3.06;3.11;3.06;3.11;1949731;18407766.00
2014/08/12;3.10;3.16;3.10;3.11;1831036;17460740.00
2014/08/13;3.11;3.15;3.07;3.11;2289488;21711064.00
2014/08/14;3.10;3.14;3.08;3.10;1831678;17382594.00
2014/08/15;3.10;3.13;3.09;3.12;1705956;16178679.00
2014/08/18;3.12;3.20;3.12;3.19;3099338;29848546.00
2014/08/19;3.19;3.23;3.16;3.21;2381075;23158040.00
2014/08/20;3.21;3.26;3.20;3.22;2420599;23751428.00
2014/08/21;3.23;3.33;3.15;3.30;3216883;31787104.00
2014/08/22;3.30;3.64;3.26;3.64;16285114;176783616.00
2014/08/25;3.67;3.71;3.53;3.66;8915483;98106840.00
2014/08/26;3.62;3.71;3.50;3.57;5775379;63060500.00
2014/08/27;3.57;3.64;3.51;3.55;4051512;43865012.00
2014/08/28;3.54;3.54;3.45;3.50;2109139;22378262.00
2014/08/29;3.50;3.54;3.47;3.53;1765146;18861240.00
2014/09/01;3.53;3.57;3.49;3.57;2523570;27266462.00
2014/09/02;3.58;3.67;3.56;3.63;3957060;43414448.00
2014/09/03;3.62;3.63;3.56;3.61;2841878;31099824.00
2014/09/04;3.61;3.64;3.58;3.62;2171348;23868330.00
2014/09/05;3.62;3.83;3.59;3.76;6178253;69981880.00
2014/09/09;3.75;3.81;3.69;3.81;3003250;34200928.00
2014/09/10;3.79;3.84;3.73;3.82;2288244;26426634.00
2014/09/11;3.82;3.96;3.78;3.81;3675748;43343432.00
2014/09/12;3.81;3.92;3.76;3.89;2615811;30369232.00
2014/09/15;3.87;3.98;3.85;3.96;2161134;25906202.00
2014/09/16;3.93;4.05;3.76;3.80;3009330;35401872.00
2014/09/17;3.81;3.85;3.75;3.84;1404131;16211330.00
2014/09/18;3.83;3.90;3.81;3.88;1569610;18458738.00
2014/09/19;3.89;4.12;3.84;4.11;2646119;31908788.00
2014/09/22;4.10;4.10;4.00;4.06;1553413;19041826.00
2014/09/23;4.06;4.11;4.00;4.05;2092855;25590532.00
2014/09/24;4.04;4.27;4.00;4.14;4055387;50699312.00
2014/09/25;4.13;4.17;4.01;4.05;2668341;32954354.00
2014/09/26;4.03;4.05;3.98;4.01;1163390;14181239.00
2014/09/29;4.02;4.06;3.99;4.02;2171598;26504586.00
2014/09/30;4.02;4.05;4.01;4.04;1395950;17106126.00
2014/10/15;4.45;4.45;4.16;4.33;7982523;104078384.00
2014/10/16;4.27;4.27;4.05;4.05;4685299;58364368.00
2014/10/17;3.97;4.00;3.74;3.78;3273626;38240304.00
2014/10/20;3.80;3.87;3.71;3.85;1855990;21572200.00
2014/10/21;3.87;3.91;3.82;3.89;1930068;22826064.00
2014/10/22;3.89;3.93;3.84;3.87;2065587;24384736.00
2014/10/23;3.83;3.86;3.72;3.78;1878603;21573544.00
2014/10/24;3.77;3.83;3.72;3.78;1269793;14560122.00
2014/10/27;3.78;3.89;3.78;3.87;3563458;41625324.00
2014/10/28;3.87;4.09;3.87;4.08;4611899;56432008.00
2014/10/29;4.10;4.36;4.09;4.35;6747991;86741104.00
2014/10/30;4.32;4.40;4.21;4.25;2434526;31580058.00
2014/10/31;4.25;4.67;4.17;4.62;4801107;63613688.00
2014/11/03;4.65;4.73;4.55;4.64;3117313;43718012.00
2014/11/04;4.61;4.65;4.54;4.59;2416124;33613904.00
2014/11/05;4.59;4.65;4.55;4.59;1316758;18366232.00
2014/11/06;4.59;4.68;4.55;4.67;3056377;43041728.00
2014/11/07;4.47;4.71;4.47;4.65;2403204;33686996.00
2014/11/10;4.65;4.94;4.58;4.91;3860374;55394304.00
2014/11/11;4.85;4.94;4.61;4.71;2723399;39391656.00
2014/11/12;4.71;4.76;4.64;4.75;2157506;30773146.00
2014/11/13;4.74;4.74;4.48;4.52;2546877;35288072.00
2014/11/14;4.53;4.54;4.42;4.51;1146654;15634199.00
2014/11/17;4.51;4.53;4.45;4.51;2484149;33804008.00
2014/11/18;4.50;4.56;4.45;4.47;2220501;30193806.00
2014/11/19;4.48;4.57;4.46;4.53;3334989;45637844.00
2014/11/20;4.51;4.55;4.46;4.53;3210701;43821040.00
2014/11/21;4.52;4.58;4.47;4.51;2898475;39698464.00
2014/11/24;4.52;4.55;4.48;4.51;3081500;42065776.00
2014/11/25;4.50;4.52;4.43;4.43;3492511;47379524.00
2014/11/26;4.43;4.54;4.42;4.53;3277454;44894548.00
2014/11/27;4.54;4.65;4.50;4.59;4471263;62030624.00
2014/11/28;4.58;4.59;4.46;4.53;2876656;39403588.00
2014/12/01;4.53;4.56;4.45;4.53;2943271;40172620.00
2014/12/02;4.52;4.64;4.51;4.58;2956221;41273264.00
2014/12/03;4.58;4.88;4.58;4.82;6315816;91549104.00
2014/12/04;4.91;4.93;4.82;4.86;4371162;64453428.00
2014/12/05;4.88;4.89;4.70;4.84;7816626;114524232.00
2014/12/08;4.83;4.85;4.60;4.60;3262921;46518336.00
2014/12/09;4.55;4.77;4.28;4.62;4126943;56570500.00
2014/12/10;4.60;4.65;4.44;4.54;1867797;25816370.00
2014/12/11;4.53;4.63;4.48;4.54;1780285;24562184.00
2014/12/12;4.54;4.59;4.48;4.50;4935332;67411848.00
2014/12/15;4.52;4.61;4.51;4.61;3198456;44461112.00
2014/12/16;4.61;4.68;4.59;4.66;2829814;39894996.00
2014/12/17;4.66;4.72;4.62;4.72;3230117;45974212.00
2014/12/18;4.72;4.72;4.60;4.61;1584971;22367958.00
2014/12/19;4.61;5.08;4.61;4.80;6195570;90632600.00
2014/12/22;4.80;4.80;4.32;4.49;2267491;31522758.00
2014/12/23;4.43;4.64;4.35;4.55;2051087;27916840.00
2014/12/24;4.55;4.64;4.51;4.55;4208101;58339716.00
2014/12/25;4.56;4.63;4.41;4.57;3027606;41633256.00
2014/12/26;4.58;4.61;4.48;4.54;1108055;15241629.00
2014/12/29;4.53;4.59;4.45;4.48;808029;11049008.00
2014/12/30;4.48;4.50;4.31;4.46;2265701;30337898.00
2014/12/31;4.43;4.50;4.38;4.44;1179400;15895685.00
2015/01/05;4.40;4.47;4.34;4.35;1698076;22587478.00
2015/01/06;4.34;4.47;4.15;4.45;3545137;46752364.00
2015/01/07;4.43;4.49;4.36;4.47;1545435;20839260.00
2015/01/08;4.47;4.47;4.38;4.45;962629;12979639.00
2015/01/09;4.44;4.49;4.43;4.43;897980;12118202.00
2015/01/12;4.43;4.45;4.38;4.42;436800;5855791.00
2015/01/13;4.43;4.48;4.43;4.48;441321;5974368.50
2015/01/14;4.48;4.56;4.46;4.48;992022;13612395.00
2015/01/15;4.48;4.54;4.47;4.51;557903;7651915.00
2015/01/16;4.55;4.76;4.48;4.74;4471184;62398532.00
2015/01/19;4.74;4.85;4.62;4.85;6562241;95071832.00
2015/01/20;4.85;5.01;4.74;4.80;11156405;163327168.00
2015/01/21;4.89;5.29;4.82;5.11;9574574;146305440.00
2015/01/22;5.28;5.28;5.07;5.15;7337580;114518360.00
2015/01/23;5.11;5.15;4.97;5.01;3231322;49290996.00
2015/01/26;5.04;5.27;5.00;5.19;4332890;67837576.00
2015/01/27;5.19;5.47;5.19;5.41;6676444;108492456.00
2015/01/28;5.47;5.47;5.25;5.26;2104687;34055472.00
2015/01/29;5.26;5.79;5.25;5.28;5552850;90138136.00
2015/01/30;5.33;5.43;5.24;5.36;3796072;61170304.00
2015/02/02;5.36;5.38;5.19;5.20;1528169;24495224.00
2015/02/03;5.23;5.28;5.00;5.05;2536730;39227868.00
2015/02/04;5.15;5.24;5.05;5.15;2240292;35115080.00
2015/02/05;5.20;5.25;5.10;5.16;2507656;39349928.00
2015/02/06;5.15;5.48;5.15;5.32;4637638;74578488.00
2015/02/09;5.36;5.36;5.15;5.25;1596541;25257852.00
2015/02/10;4.95;5.27;4.75;5.25;3212599;49086992.00
2015/02/11;5.25;5.44;5.15;5.32;4039465;64869120.00
2015/02/12;5.32;5.38;5.18;5.21;1904945;30392172.00
2015/02/13;5.27;5.27;5.15;5.17;1723989;27056074.00
2015/02/16;5.18;5.26;5.16;5.25;3147350;49644276.00
2015/02/17;5.23;5.51;5.21;5.31;4627953;74170640.00
2015/02/25;5.35;5.61;5.24;5.41;7116641;116345544.00
2015/02/26;5.48;5.60;5.29;5.45;4539155;74973144.00
2015/02/27;5.37;5.41;5.26;5.27;8571049;138287984.00
2015/03/02;5.24;5.27;5.19;5.24;4988553;78997008.00
2015/03/03;5.27;5.34;5.19;5.24;3838062;60968260.00
2015/03/04;5.22;5.30;4.94;4.95;18181179;275797568.00
2015/03/05;4.96;5.00;4.93;4.97;6855533;103045544.00
2015/03/06;4.96;5.01;4.94;4.99;4932018;74443312.00
2015/03/09;5.00;5.00;4.90;4.94;4296880;64198632.00
2015/03/10;4.94;4.99;4.92;4.97;4757275;71504280.00
2015/03/11;4.98;4.99;4.87;4.91;5277881;78719768.00
2015/03/12;4.95;4.96;4.78;4.79;7389086;108793472.00
2015/03/13;4.79;4.87;4.74;4.86;5855887;85148528.00
2015/03/16;4.87;5.01;4.87;5.01;8665853;130157000.00
2015/03/17;5.01;5.28;4.95;5.24;14715191;227053376.00
2015/03/18;5.18;5.26;5.13;5.21;9709430;153019088.00
2015/03/19;5.21;5.38;5.15;5.37;11830952;189012352.00
2015/03/20;5.35;5.35;5.25;5.27;7091888;113635872.00
2015/03/23;5.28;5.35;5.18;5.34;8671385;138413440.00
2015/03/24;5.33;5.33;5.08;5.21;7290319;115155056.00
2015/03/25;5.20;5.46;5.15;5.39;14808629;240070224.00
2015/03/26;5.33;5.34;5.15;5.24;8580629;136627680.00
2015/03/27;5.23;5.33;5.19;5.24;4694124;74841752.00
2015/03/30;5.29;5.38;5.21;5.33;8881502;142706176.00
2015/03/31;5.34;5.53;5.34;5.42;11221984;184677520.00
2015/04/01;5.43;5.60;5.42;5.54;9352035;156905840.00
2015/04/02;5.57;5.80;5.48;5.75;10788403;184562080.00
2015/04/03;5.68;5.98;5.65;5.91;9795021;174080624.00
2015/04/07;5.94;5.97;5.79;5.96;8328258;148991136.00
2015/04/08;5.95;5.96;5.60;5.71;10711512;187860096.00
2015/04/09;5.70;5.71;5.28;5.66;7454378;124827816.00
2015/04/10;5.62;6.24;5.51;6.24;12432679;225937376.00
2015/04/13;6.68;6.87;6.65;6.87;19096557;393211040.00
2015/04/14;7.04;7.46;6.73;7.25;14986930;320001888.00
2015/04/15;7.12;7.96;6.97;7.41;13065742;295766368.00
2015/04/16;7.11;7.94;6.66;7.64;10645811;238146704.00
2015/04/17;7.67;7.79;7.30;7.42;8329365;187505152.00
2015/04/20;7.30;7.64;6.98;7.29;9044132;200450000.00
2015/04/21;7.30;8.02;7.08;8.02;9063191;207031760.00
2015/04/22;8.43;8.75;8.20;8.36;12451026;317333952.00
2015/04/23;8.40;8.63;8.20;8.37;10870033;275205952.00
2015/04/24;8.05;8.37;7.93;8.29;9448818;232456224.00
2015/04/27;8.33;8.53;8.05;8.29;9342779;235366928.00
2015/04/28;8.30;8.45;7.78;7.92;6763488;164024704.00
2015/04/29;7.76;8.25;7.76;8.14;6395134;156260752.00
2015/04/30;8.30;8.40;8.09;8.15;6209924;154106288.00
2015/05/04;8.15;8.27;7.93;8.01;3991342;96746808.00
2015/05/05;8.03;8.23;7.90;8.15;5685605;138424336.00
2015/05/06;8.16;8.51;8.16;8.33;7610735;191358784.00
2015/05/07;8.40;9.07;8.23;8.83;8237850;216332336.00
2015/05/08;9.04;9.68;8.83;9.55;8534476;234908784.00
2015/05/11;9.55;10.39;9.55;10.26;9234436;278188512.00
2015/05/12;10.46;11.29;9.97;11.29;11025950;355894048.00
2015/05/13;11.20;11.62;10.50;10.97;9001566;302107648.00
2015/05/14;11.17;11.17;10.66;10.80;6862966;223615104.00
2015/05/15;10.83;11.58;10.64;11.34;7647170;256438048.00
2015/05/18;11.58;11.63;11.20;11.49;5596152;191711824.00
2015/05/19;11.61;11.61;11.23;11.42;5065809;172915024.00
2015/05/20;11.45;12.57;11.20;12.09;6682823;240479104.00
2015/05/21;11.93;13.06;11.93;12.96;6134388;232998944.00
2015/05/22;13.22;13.81;12.63;13.26;6002264;235880144.00
2015/05/25;13.26;13.47;12.60;13.13;6699668;262014976.00
2015/05/26;13.63;13.71;13.16;13.32;7031972;284722816.00
2015/05/27;13.60;13.60;12.83;12.95;6761286;264589424.00
2015/05/28;12.85;14.25;12.57;13.39;10842656;440245344.00
2015/05/29;13.47;14.06;12.04;13.80;9334986;376754080.00
2015/06/01;13.80;14.63;13.80;14.50;6311522;272381504.00
2015/06/02;14.64;14.66;13.93;14.55;6686309;288841024.00
2015/06/03;14.55;14.55;13.63;13.63;5679940;239453952.00
2015/06/04;13.32;13.33;12.27;12.81;10516482;399427232.00
2015/06/05;12.81;13.07;12.07;12.53;11018665;416074016.00
2015/06/08;12.53;12.54;11.53;11.70;9623786;342706912.00
2015/06/09;11.64;12.27;11.20;11.92;6810090;243295088.00
2015/06/10;11.92;12.23;11.56;12.09;5624406;203655664.00
2015/06/11;12.09;12.48;12.08;12.22;4922709;180714384.00
2015/06/12;12.25;12.40;11.87;11.97;5793126;209603360.00
2015/06/15;11.97;12.03;11.00;11.07;8895119;303004096.00
2015/06/16;11.03;11.03;10.36;10.43;6310316;200466384.00
2015/06/17;10.43;11.13;9.99;11.06;6296347;200787664.00
2015/06/18;10.97;11.30;10.47;10.52;4525053;149326480.00
2015/06/19;10.07;10.53;9.50;9.66;3305264;100695008.00
2015/06/23;9.53;9.96;8.71;9.52;3790834;107248536.00
2015/06/24;9.63;10.30;9.50;10.16;6044363;178368832.00
2015/06/25;10.16;10.26;9.49;9.73;5324577;158644624.00
2015/06/26;9.53;9.53;8.75;8.75;3966058;107483000.00
2015/06/29;9.08;9.08;7.87;7.87;4814420;117322432.00
2015/06/30;7.45;8.15;7.08;8.01;9616994;218379488.00
2015/07/01;7.72;8.12;7.20;7.20;7767983;182145376.00
2015/07/02;6.83;7.23;6.48;6.48;6398770;127906504.00
2015/07/03;5.99;6.73;5.83;5.83;7491182;135540720.00
2015/07/06;6.41;6.42;5.24;5.24;9594912;163310240.00
2015/07/21;5.77;5.77;5.77;5.77;232971;4056025.00
2015/07/22;6.35;6.35;6.35;6.35;38411;735570.63
2015/07/23;6.99;6.99;6.99;6.99;415205;8748369.00
2015/07/24;7.69;7.69;7.69;7.69;1155599;26786784.00
2015/07/27;8.47;8.47;7.20;7.41;26004172;639236672.00
2015/07/28;6.68;7.60;6.67;6.80;12384881;257405168.00
2015/07/29;7.00;7.36;6.49;7.34;9908301;204412528.00
2015/07/30;7.30;7.67;7.04;7.33;10901957;240798416.00
2015/07/31;7.17;7.33;6.64;6.90;5643002;120588288.00
2015/08/03;6.67;6.77;6.20;6.21;6667956;127788728.00
2015/08/04;6.53;6.84;6.22;6.84;7750029;153601024.00
2015/08/05;6.84;7.19;6.72;6.90;9556805;201859552.00
2015/08/06;6.70;7.03;6.53;6.80;4156482;85965360.00
2015/08/07;6.96;7.45;6.85;7.37;11314215;244980640.00
2015/08/10;7.69;8.05;7.23;7.91;12390105;290369568.00
2015/08/11;8.07;8.26;7.83;8.11;10012713;243752416.00
2015/08/12;8.02;8.80;7.88;8.43;10530502;268154672.00
2015/08/13;8.33;8.85;8.13;8.79;9326684;236968752.00
2015/08/14;8.87;9.16;8.63;9.03;12358243;333171552.00
2015/08/17;9.00;9.63;8.91;9.40;11193984;314277952.00
2015/08/18;9.55;9.55;8.46;8.46;10744903;287583040.00
2015/08/19;8.07;9.01;7.64;8.69;8072434;202966128.00
2015/08/20;8.63;8.80;8.23;8.23;5158913;132932752.00
2015/08/21;8.05;8.23;7.40;7.43;6006431;141106272.00
2015/08/24;7.20;7.20;6.69;6.69;4003400;82018672.00
2015/08/25;6.01;6.22;6.01;6.01;4248738;77300656.00
2015/08/26;6.01;6.57;5.43;5.74;8085331;144397664.00
2015/08/27;5.83;6.03;5.47;6.02;5921449;104717096.00
2015/08/28;6.30;6.63;6.02;6.63;8962684;171694096.00
2015/08/31;6.64;6.80;6.44;6.45;6404900;127853776.00
2015/09/01;6.45;6.45;5.80;5.80;6514636;115554624.00
2015/09/02;5.22;5.90;5.22;5.22;9346428;150023936.00
2015/09/07;5.23;5.47;5.13;5.16;5904611;95116312.00
2015/09/08;5.10;5.46;4.87;5.38;5008128;78009408.00
2015/09/09;5.40;5.63;5.34;5.57;8281609;137560864.00
2015/09/10;5.47;5.72;5.42;5.47;5689869;96049184.00
2015/09/11;5.47;5.53;5.34;5.44;4207796;69050344.00
2015/09/14;5.45;5.52;4.89;4.89;4417571;68397544.00
2015/09/15;4.67;4.67;4.40;4.40;3900882;53160336.00
2015/09/16;4.45;4.84;4.31;4.80;5961375;82019960.00
2015/09/17;4.73;4.93;4.57;4.60;7210999;103540952.00
2015/09/18;4.64;4.69;4.50;4.56;3635191;50488644.00
2015/09/21;4.56;4.90;4.49;4.87;5273432;75615608.00
2015/09/22;4.91;5.00;4.84;4.92;5170358;76948040.00
2015/09/23;4.80;5.07;4.73;4.94;5612611;83869880.00
2015/09/24;5.02;5.09;4.90;5.08;5567395;83688168.00
2015/09/25;5.02;5.09;4.76;4.87;4751768;70503392.00
2015/09/28;4.80;5.36;4.77;5.35;5026427;76166056.00
2015/09/29;5.13;5.21;5.04;5.10;4106937;63530660.00
2015/09/30;5.17;5.33;5.10;5.25;4264567;67209512.00
2015/10/08;5.41;5.62;5.31;5.50;4810764;79405120.00
2015/10/09;5.50;5.58;5.39;5.50;3174260;52460376.00
2015/10/12;5.63;5.96;5.57;5.83;6257075;109262104.00
2015/10/13;5.87;6.08;5.78;5.99;5131363;91949936.00
2015/10/14;5.97;5.97;5.77;5.84;3787723;66805184.00
2015/10/15;5.80;6.43;5.77;6.24;6314855;117625544.00
2015/10/16;6.26;6.34;6.08;6.28;6622052;124594520.00
2015/10/19;6.30;6.83;6.20;6.46;6554995;127389144.00
2015/10/20;6.46;6.47;6.25;6.47;3633319;69923600.00
2015/10/21;6.47;6.47;5.82;5.82;5888186;108593800.00
2015/10/22;5.68;6.00;5.68;5.93;3894135;68878056.00
2015/10/23;6.02;6.23;5.88;6.13;4493532;81279872.00
2015/10/26;6.26;6.29;6.05;6.20;3905564;72829888.00
2015/10/27;6.30;6.54;6.13;6.49;7016258;134696640.00
2015/10/28;6.48;6.94;6.36;6.56;7926680;159919696.00
2015/10/29;6.66;7.20;6.57;7.20;10577275;221015568.00
2015/10/30;7.13;7.64;7.02;7.20;12951787;289451072.00
2015/11/02;7.10;7.49;6.87;7.33;10765261;237540784.00
2015/11/03;7.27;7.53;7.06;7.41;6832609;150642752.00
2015/11/04;7.45;7.90;7.44;7.90;8389630;195600560.00
2015/11/05;8.15;8.69;7.83;7.99;11599688;290194880.00
2015/11/06;7.86;8.53;7.84;8.38;7650469;189673872.00
2015/11/09;8.30;8.39;7.78;8.08;11056070;266211248.00
2015/11/10;7.98;7.98;7.65;7.75;11015606;256846816.00
2015/11/11;7.70;8.35;7.65;8.33;14085946;342650016.00
2015/11/12;8.33;9.15;8.32;8.88;12377160;325640032.00
2015/11/13;8.90;8.90;8.13;8.31;7104799;180560800.00
2015/11/16;8.07;9.15;8.00;9.15;9298535;247923136.00
2015/11/17;9.32;10.06;9.22;9.92;18972085;561550784.00
2015/11/18;9.99;10.07;9.33;9.41;8748858;256353808.00
2015/11/19;9.57;10.06;9.34;10.02;6829222;201209376.00
2015/11/20;10.20;10.96;10.20;10.20;7448612;236538880.00
2015/11/23;10.30;10.97;9.63;10.13;10378474;321607712.00
2015/11/24;9.86;11.15;9.86;11.15;9906948;318552768.00
2015/11/25;11.15;12.26;11.15;12.26;9320500;336194400.00
2015/11/26;12.50;12.60;11.89;12.29;5883880;215184768.00
2015/11/27;12.15;12.76;11.31;12.13;5598141;203708496.00
2015/11/30;11.98;12.73;11.32;11.97;8649104;314276288.00
2015/12/01;11.97;12.12;10.77;10.77;8954583;307627840.00
2015/12/02;10.38;10.59;9.69;9.88;9430102;282154080.00
2015/12/03;9.87;10.31;9.67;10.27;5063125;153607584.00
2015/12/04;10.13;11.30;9.99;11.30;6016943;191917104.00
2015/12/07;11.55;12.10;11.26;11.60;5195314;181741696.00
2015/12/08;11.63;11.97;11.30;11.85;3704196;130192856.00
2015/12/09;11.50;11.76;10.78;10.94;5669164;191007136.00
2015/12/10;10.82;11.20;10.24;11.10;5249246;170586160.00
2015/12/11;10.97;11.03;10.64;10.67;2241272;72735864.00
2015/12/14;10.60;11.19;10.13;11.09;2622515;83426696.00
2015/12/15;10.97;11.63;10.89;11.07;2787388;94618912.00
2015/12/16;11.30;11.30;10.78;10.86;3141806;103020368.00
2015/12/17;11.07;11.13;10.70;10.80;6934277;225662944.00
2015/12/18;10.83;10.91;10.45;10.67;4491781;143627968.00
2015/12/21;10.90;10.95;10.57;10.63;5646136;181745696.00
2015/12/22;10.63;10.63;10.22;10.48;6480449;201853392.00
2015/12/23;10.53;10.80;10.42;10.56;5438212;173763440.00
2015/12/24;10.62;10.63;9.90;10.30;4007662;123192264.00
2015/12/25;10.30;10.42;10.07;10.35;3377878;104202776.00
2015/12/28;10.37;10.82;10.26;10.73;6690791;214189968.00
2015/12/29;10.72;10.72;10.25;10.36;4514733;141653600.00
2015/12/30;11.40;11.40;11.40;11.40;3111930;106708080.00
2015/12/31;12.23;12.54;11.91;12.20;20795132;764046208.00
2016/01/04;11.90;11.97;10.97;10.98;12948305;443615712.00
2016/01/05;10.30;11.37;10.03;11.25;9935914;322595968.00
2016/01/06;11.23;12.30;10.98;12.24;11290574;396718336.00
2016/01/07;11.90;11.90;11.02;11.02;2245900;77271688.00
2016/01/08;11.30;11.96;10.36;11.60;10337021;351798272.00
2016/01/11;10.97;11.23;10.44;10.44;7754903;250421808.00
2016/01/12;9.97;10.37;9.39;9.39;6487619;188498080.00
2016/01/13;9.37;9.67;8.81;8.83;5381196;149050016.00
2016/01/14;8.30;9.22;8.29;9.08;4931585;129911112.00
2016/01/15;8.95;9.15;8.23;8.25;4376816;115522392.00
2016/01/18;7.84;9.08;7.84;8.81;6010522;157321344.00
2016/01/19;8.83;9.31;8.63;9.18;6033291;163555424.00
2016/01/20;9.03;9.93;8.98;9.50;8659048;247827200.00
2016/01/21;9.25;9.74;8.99;8.99;6151189;175156816.00
2016/01/22;9.16;9.67;9.10;9.66;6055610;170596400.00
2016/01/25;9.82;10.13;9.61;9.91;8246135;245177712.00
2016/01/26;9.63;9.83;8.92;8.92;6244657;174898624.00
2016/01/27;8.80;9.13;8.13;8.93;5027246;130857480.00
2016/01/28;8.73;8.97;8.13;8.13;3490284;90133344.00
2016/01/29;8.13;8.77;8.03;8.57;3983238;100977288.00
2016/02/01;8.50;8.67;7.84;8.17;3297940;82612344.00
2016/02/02;8.26;8.57;8.13;8.47;3433580;87347224.00
2016/02/03;8.30;8.55;8.14;8.47;2838335;71128328.00
2016/02/04;8.50;8.80;8.50;8.53;4756984;123707472.00
2016/02/05;8.58;8.69;8.30;8.31;3475879;88858272.00
2016/02/15;8.00;8.28;7.91;8.20;3039047;74123408.00
2016/02/16;8.30;9.00;8.21;8.90;5083338;131637440.00
2016/02/17;8.93;9.35;8.65;9.26;7561242;204552784.00
2016/02/18;9.30;9.42;9.02;9.07;6777598;187436272.00
2016/02/19;9.13;9.16;8.92;9.04;3521719;95856496.00
2016/02/22;9.15;9.16;8.99;9.14;5520099;150998592.00
2016/02/23;9.15;9.23;8.92;9.07;5303832;145448128.00
2016/02/24;8.95;9.09;8.37;8.80;5551807;146049936.00
2016/02/25;8.67;8.92;7.92;7.92;5284492;131815368.00
2016/02/26;8.19;8.19;7.61;7.84;3215826;76604688.00
2016/02/29;7.82;7.83;7.05;7.29;3574391;77764240.00
2016/03/01;7.21;7.48;6.93;7.38;4154980;90434656.00
2016/03/02;7.30;7.73;7.24;7.69;4807478;108397048.00
2016/03/03;7.58;7.80;7.57;7.58;4420527;102097096.00
2016/03/04;7.53;7.55;6.86;7.03;4481730;97012304.00
2016/03/07;7.10;7.30;6.97;7.07;3383030;72880752.00
2016/03/08;7.08;7.13;6.55;7.05;4688686;96129960.00
2016/03/09;6.88;6.95;6.72;6.83;3184303;65562328.00
2016/03/10;6.84;7.04;6.74;6.88;3468261;72152352.00
2016/03/11;6.88;6.88;6.63;6.76;2892975;58867188.00
2016/03/14;6.97;7.26;6.86;7.04;5212268;110890480.00
2016/03/15;6.99;7.07;6.85;6.87;3468789;72579600.00
2016/03/16;6.94;7.01;6.69;6.73;3376146;69525728.00
2016/03/17;6.76;7.04;6.67;7.01;4947103;103646976.00
2016/03/18;7.23;7.56;7.16;7.41;7787253;173275712.00
2016/03/21;7.60;7.77;7.47;7.71;7340686;168309680.00
2016/03/22;7.70;8.28;7.54;8.00;7689916;181312608.00
2016/03/23;7.98;8.40;7.90;8.34;8233268;201516576.00
2016/03/24;8.17;9.01;8.17;8.45;13332623;344934176.00
2016/03/25;8.42;8.62;8.18;8.37;7114663;179243136.00
2016/03/28;8.45;8.65;8.23;8.30;6048133;154217472.00
2016/03/29;8.27;8.30;7.80;8.03;5442548;132017032.00
2016/03/30;8.10;8.76;7.97;8.68;8662864;219851648.00
2016/03/31;8.87;9.27;8.65;8.95;12881037;346134592.00
2016/04/01;8.77;9.47;8.74;9.47;13558904;371613344.00
2016/04/05;9.38;9.80;9.32;9.58;10715178;307180256.00
2016/04/06;9.53;10.13;9.43;10.09;10627431;313323776.00
2016/04/07;10.09;10.09;9.69;9.77;9105595;271510880.00
2016/04/08;9.62;10.08;9.55;9.98;9659576;283824032.00
2016/04/11;10.30;10.36;9.87;9.93;9147024;276716160.00
2016/04/12;9.88;9.90;8.99;9.07;13159337;369944352.00
2016/04/13;9.18;9.41;9.08;9.16;8131865;226978256.00
2016/04/14;9.23;9.46;9.15;9.46;6394323;179454272.00
2016/04/15;9.46;9.61;9.37;9.39;5088851;144715104.00
2016/04/18;9.35;9.52;9.19;9.47;4968139;140619056.00
2016/04/19;9.52;9.57;9.17;9.27;4810365;134991696.00
2016/04/20;9.26;9.36;8.34;8.45;8899773;231821680.00
2016/04/21;8.40;8.53;8.18;8.20;4179408;105660824.00
2016/04/22;8.13;8.59;8.07;8.52;4082365;103327296.00
2016/04/25;8.47;8.47;8.21;8.33;2459766;61618884.00
2016/04/26;8.31;8.50;8.31;8.48;2886014;73339880.00
2016/04/27;8.49;8.63;8.35;8.40;3432161;87518816.00
2016/04/28;8.36;8.43;8.06;8.27;2949676;73173040.00
2016/04/29;8.23;8.46;8.14;8.32;2263748;56917104.00
2016/05/03;8.41;8.83;8.32;8.80;5594921;145355616.00
2016/05/04;8.77;9.06;8.70;8.83;5930720;158994592.00
2016/05/05;8.83;9.37;8.70;9.33;7663007;209578752.00
2016/05/06;9.37;9.47;8.87;8.96;9004028;248281888.00
2016/05/09;8.81;8.85;8.30;8.50;4246180;109107248.00
2016/05/10;8.57;8.91;8.56;8.68;5944949;156274752.00
2016/05/11;8.69;8.80;8.27;8.42;3896278;99932648.00
2016/05/12;8.27;8.46;7.90;8.42;4483728;109914776.00
2016/05/13;8.35;8.58;8.21;8.23;3432866;86699920.00
2016/05/16;8.28;8.39;8.23;8.32;4663379;116675216.00
2016/05/17;8.40;8.40;7.87;8.08;12634402;102210488.00
2016/05/18;7.91;7.97;7.27;7.29;16560182;123504800.00
2016/05/19;7.28;7.65;7.09;7.27;11047915;81466824.00
2016/05/20;7.15;7.50;7.01;7.48;11007162;79126376.00
2016/05/23;7.47;7.54;7.39;7.44;9941141;74220464.00
2016/05/24;7.43;7.43;7.17;7.21;7478442;54190684.00
2016/05/25;7.29;7.37;7.01;7.02;10519336;75232968.00
2016/05/26;7.06;7.15;6.81;7.07;9625971;67244352.00
2016/05/27;7.08;7.13;6.86;6.87;10238693;71199384.00
2016/05/30;6.88;6.95;6.70;6.79;7463147;51018944.00
2016/05/31;6.84;7.16;6.79;7.15;11510803;81087280.00
2016/06/01;7.15;7.42;7.11;7.28;15003490;109073368.00
2016/06/02;7.32;7.48;7.24;7.37;12565207;92451552.00
2016/06/03;7.29;7.41;7.26;7.35;10052996;73610344.00
2016/06/06;7.39;7.40;7.23;7.29;7861487;57279396.00
2016/06/07;7.26;7.28;7.09;7.19;9502531;68041992.00
2016/06/08;7.17;7.21;7.00;7.12;8345682;59107712.00
2016/06/13;7.05;7.05;6.66;6.69;10392975;71530632.00
2016/06/14;6.67;6.75;6.56;6.63;6498083;43212056.00
2016/06/15;6.58;6.95;6.51;6.88;9885690;67373232.00
2016/06/16;6.91;6.97;6.80;6.88;8014370;55163140.00
2016/06/17;6.92;7.09;6.70;6.81;10433710;71827440.00
2016/06/20;6.85;6.86;6.69;6.75;6776087;45682404.00
2016/06/21;6.81;7.26;6.67;7.25;19396754;134368288.00
2016/06/22;7.28;7.80;7.11;7.56;31914667;239095120.00
2016/06/23;7.49;7.70;7.31;7.46;17492261;131248712.00
2016/06/24;7.38;7.52;6.90;7.23;17963404;129972824.00
2016/06/27;7.20;7.44;7.10;7.36;11650185;85108424.00
2016/06/28;7.33;7.48;7.21;7.39;11584771;85094160.00
2016/06/29;7.30;7.38;7.20;7.32;14887520;108759280.00
2016/06/30;7.31;7.70;7.26;7.62;21142231;159151696.00
2016/07/01;7.54;7.69;7.50;7.50;14549868;110113528.00
2016/07/04;7.43;7.60;7.35;7.54;13044897;97994856.00
2016/07/05;7.55;7.57;7.40;7.45;12300765;91769496.00
2016/07/06;7.48;7.49;7.35;7.45;9509115;70443848.00
2016/07/07;7.45;7.46;7.33;7.41;9010780;66646732.00
2016/07/08;7.45;7.53;7.37;7.43;8597229;64053672.00
2016/07/11;7.43;7.47;7.34;7.40;10273089;76130408.00
2016/07/12;7.36;7.47;7.24;7.46;12018882;88372928.00
2016/07/13;7.47;8.21;7.42;7.85;36484624;288270432.00
2016/07/14;7.72;7.98;7.63;7.74;23635856;183446912.00
2016/07/15;7.70;7.82;7.62;7.78;14164194;108984176.00
2016/07/18;7.78;7.78;7.59;7.59;11060366;84601640.00
2016/07/19;7.55;7.65;7.53;7.63;7991978;60551896.00
2016/07/20;7.63;7.69;7.54;7.64;9630441;73574312.00
2016/07/21;7.68;7.70;7.58;7.60;9383414;71602264.00
2016/07/22;7.61;7.67;7.51;7.62;9879543;75024128.00
2016/07/25;7.59;7.64;7.53;7.59;5438305;41268060.00
2016/07/26;7.60;7.66;7.56;7.66;6804442;51894624.00
2016/07/27;7.66;7.68;7.00;7.10;16296921;118474888.00
2016/07/28;7.12;7.14;6.78;6.94;10815002;75274184.00
2016/07/29;6.92;7.23;6.88;7.06;7978553;56218588.00
2016/08/01;7.06;7.08;6.81;7.01;5450605;37783848.00
2016/08/02;7.02;7.10;6.98;7.07;4383845;30944886.00
2016/08/03;7.07;7.09;7.00;7.05;3600503;25353946.00
2016/08/04;7.05;7.39;7.03;7.17;7970135;57495224.00
2016/08/05;7.15;7.25;7.06;7.07;5056746;35933600.00
2016/08/08;7.07;7.28;7.01;7.19;5814404;41576120.00
2016/08/09;7.19;7.25;7.13;7.20;4495642;32326446.00
2016/08/10;7.22;7.26;7.12;7.18;5083684;36511100.00
2016/08/11;7.17;7.18;7.04;7.04;3978163;28170546.00
2016/08/12;7.02;7.07;6.98;7.05;4539948;31929074.00
2016/08/15;7.06;7.22;7.04;7.18;8623602;61756440.00
2016/08/16;7.21;7.38;7.16;7.22;6382636;46279156.00
2016/08/17;7.27;7.27;7.18;7.20;5457635;39323808.00
2016/08/18;7.30;7.30;7.17;7.18;6321023;45596108.00
2016/08/19;7.19;7.21;7.13;7.20;4099481;29401732.00
2016/08/22;7.20;7.20;7.07;7.12;5410329;38627496.00
2016/08/23;7.24;7.83;7.21;7.83;52429397;405307104.00
2016/08/24;7.89;8.37;7.82;8.17;72238514;582226496.00
2016/08/25;8.02;8.06;7.77;7.92;32515555;257516144.00
2016/08/26;7.91;7.98;7.78;7.87;24664905;194105344.00
2016/08/29;7.82;7.87;7.66;7.84;17560509;136265184.00
2016/08/30;7.79;7.83;7.66;7.75;14598295;112904808.00
2016/08/31;7.72;7.77;7.58;7.77;12285914;94384488.00
2016/09/01;7.76;8.03;7.68;7.75;21616500;169793344.00
2016/09/02;7.70;7.71;7.50;7.59;12657341;96173352.00
2016/09/05;7.57;7.66;7.51;7.64;8192300;62155116.00
2016/09/06;7.62;7.82;7.58;7.77;15118754;117078000.00
2016/09/07;7.75;7.87;7.69;7.72;13410322;104146064.00
2016/09/08;7.72;7.75;7.62;7.67;7292934;55812964.00
2016/09/09;7.66;7.79;7.66;7.67;10733448;82999800.00
2016/09/12;7.68;8.18;7.52;7.82;32769225;258216176.00
2016/09/13;7.76;8.00;7.74;7.98;23171296;182477168.00
2016/09/14;7.90;8.30;7.78;8.27;36325376;293394720.00
2016/09/19;8.21;9.10;8.06;8.67;66101511;570589440.00
2016/09/20;8.48;8.62;8.31;8.45;37236253;313983232.00
2016/09/21;8.38;8.46;8.26;8.31;17753281;148034256.00
2016/09/22;8.34;8.40;8.19;8.31;20208053;167393520.00
2016/09/23;8.27;8.49;8.19;8.37;25886703;215531088.00
2016/09/26;8.28;8.33;7.82;7.83;20459799;164756304.00
2016/09/27;7.78;7.95;7.65;7.94;10634341;83120352.00
2016/09/28;7.95;7.98;7.83;7.84;6839499;54041264.00
2016/09/29;8.00;8.02;7.87;7.88;7725810;61279452.00
2016/09/30;7.89;8.15;7.85;8.11;10678932;86093648.00
2016/10/10;8.11;8.20;8.06;8.20;13157977;107115032.00
2016/10/11;8.20;8.26;8.12;8.15;10588382;86575408.00
2016/10/12;8.15;8.21;8.11;8.18;8909879;72706584.00
2016/10/13;8.18;8.37;8.12;8.29;18486811;152453904.00
2016/10/14;8.18;8.29;8.15;8.18;9640050;79111792.00
2016/10/17;8.18;8.24;7.95;7.96;10155960;82315504.00
2016/10/18;7.96;8.04;7.88;8.04;8359503;66576536.00
2016/10/19;8.09;8.09;7.92;7.99;7216379;57724768.00
2016/10/20;7.94;8.06;7.93;8.04;6459190;51655156.00
2016/10/21;8.04;8.04;7.81;7.89;7435944;58831416.00
2016/10/24;7.95;8.36;7.91;8.17;19471961;159930800.00
2016/10/25;8.21;8.21;8.00;8.15;11722088;95008200.00
2016/10/26;8.12;8.18;8.04;8.06;7611390;61555112.00
2016/10/27;8.01;8.08;7.96;8.02;7908822;63377108.00
2016/10/28;8.08;8.08;7.91;7.92;8936336;71148400.00
2016/10/31;8.00;8.10;7.78;8.00;11669115;92449432.00
2016/11/01;8.10;8.11;7.89;7.91;15005903;119507864.00
2016/11/02;7.91;7.96;7.59;7.63;22105414;171536912.00
2016/11/03;7.62;7.72;7.58;7.68;12909920;99098640.00
2016/11/04;7.68;7.75;7.66;7.71;8221419;63340776.00
2016/11/07;7.71;7.74;7.61;7.64;5439100;41601620.00
2016/11/08;7.73;7.76;7.65;7.72;7330450;56562172.00
2016/11/09;7.72;7.72;7.45;7.60;7782500;59201792.00
2016/11/10;7.62;7.92;7.62;7.78;12591566;97848576.00
2016/11/11;7.95;7.96;7.72;7.78;13576039;105747680.00
2016/11/14;7.78;7.93;7.73;7.84;9754302;76512416.00
2016/11/15;7.84;7.92;7.82;7.91;9075000;71481744.00
2016/11/16;7.92;8.00;7.91;7.92;10567632;84067584.00
2016/11/17;8.12;8.23;7.92;8.02;13068900;104789520.00
数据来源:通达信
