002761 多喜爱 日线 前复权
      日期	    开盘	    最高	    最低	    收盘	    成交量	    成交额
2015/06/10;9.48;10.44;9.48;10.44;11800;123563.00
2015/06/11;11.49;11.49;11.49;11.49;3400;39202.00
2015/06/12;12.64;12.64;12.64;12.64;7400;93832.00
2015/06/15;13.91;13.91;13.91;13.91;2600;36270.00
2015/06/16;15.31;15.31;15.31;15.31;6900;105915.00
2015/06/17;16.85;16.85;16.85;16.85;13900;234771.00
2015/06/18;18.54;18.54;18.54;18.54;9600;178368.00
2015/06/19;20.40;20.40;20.40;20.40;104808;2142275.50
2015/06/23;22.44;22.44;22.44;22.44;41400;930672.00
2015/06/24;24.69;24.69;24.69;24.69;7500;185475.00
2015/06/25;27.16;27.16;27.16;27.16;29230;795056.00
2015/06/26;29.88;29.88;29.88;29.88;2006291;60028228.00
2015/06/29;30.96;30.96;26.89;26.89;15763762;446600128.00
2015/06/30;24.21;29.58;24.20;29.58;15937742;424234016.00
2015/07/01;29.16;32.54;29.01;31.14;11745513;369701248.00
2015/07/02;28.26;33.96;28.26;31.14;11428335;353460704.00
2015/07/03;28.94;33.62;28.02;30.96;9410336;282689952.00
2015/07/06;34.06;34.06;28.96;32.81;9632725;312689248.00
2015/07/07;29.96;36.10;29.53;36.10;9571569;301922464.00
2015/07/08;32.49;32.49;32.49;32.49;932700;30340732.00
2015/07/09;29.24;35.74;29.24;35.74;20449521;668178432.00
2015/07/10;35.87;39.32;35.87;39.32;14020631;541533888.00
2015/07/13;38.96;43.26;36.74;43.26;15364299;629298176.00
2015/07/14;41.76;46.46;39.96;40.56;13706904;593524032.00
2015/07/15;37.84;38.93;36.50;36.50;3530125;130987248.00
2015/07/16;32.85;37.43;32.85;32.85;9246765;315547552.00
2015/07/17;32.94;34.96;30.47;34.81;8901129;295527936.00
2015/07/20;33.74;34.61;31.68;32.66;6684148;223048960.00
2015/07/21;31.66;33.29;30.26;31.62;9818284;306832640.00
2015/07/22;30.56;31.94;30.26;30.60;6437711;199913680.00
2015/07/23;30.71;33.66;30.71;33.66;7769772;252190784.00
2015/07/24;34.86;36.36;33.29;34.48;11911427;419501696.00
2015/07/27;32.79;35.56;31.03;31.05;8172567;272596640.00
2015/07/28;28.85;33.16;27.94;32.96;9044833;271925504.00
2015/07/29;33.80;36.26;31.80;36.26;8213507;281197664.00
2015/07/30;36.80;39.66;34.96;36.36;9087687;342481184.00
2015/07/31;34.56;39.69;34.52;38.48;8286493;313457824.00
2015/08/03;38.48;39.59;35.96;36.61;6883548;260555376.00
2015/08/04;35.36;37.86;33.71;37.14;6550125;235518960.00
2015/08/05;37.06;40.86;35.96;40.86;5689924;226687232.00
2015/08/06;43.96;44.95;42.46;44.95;11435184;507682496.00
2015/08/07;43.56;48.94;40.84;46.26;10883472;492287936.00
2015/08/10;44.96;48.06;44.34;46.97;7858013;366003200.00
2015/08/11;45.96;50.98;45.56;49.63;8494746;409926048.00
2015/08/12;48.29;49.42;45.96;46.96;6595080;313019840.00
2015/08/13;45.96;50.26;43.40;50.26;4464246;204332688.00
2015/08/14;48.96;50.96;47.76;49.15;4773200;235631616.00
2015/08/17;47.96;50.46;45.96;49.99;4609587;220308864.00
2015/08/18;51.46;51.46;45.00;46.96;4422598;213234384.00
2015/08/19;46.96;47.06;42.76;46.98;3124048;141689664.00
2015/08/20;45.90;45.90;42.34;42.34;2150448;95095912.00
2015/08/21;40.36;40.67;38.10;38.10;2475372;95881960.00
2015/08/24;34.66;36.14;34.29;34.29;1013025;35018400.00
2015/08/25;30.86;35.96;30.86;30.86;3300211;106703584.00
2015/08/26;30.96;33.95;28.86;33.95;5828894;191561024.00
2015/08/27;35.86;35.86;33.46;35.83;3906923;136828064.00
2015/08/28;35.89;38.55;33.98;38.43;3814021;138511728.00
2015/08/31;37.39;37.40;35.56;35.96;2060543;75624504.00
2015/09/01;35.76;35.76;32.36;33.61;2315206;77702544.00
2015/09/02;30.25;35.58;30.25;34.04;3188358;108351968.00
2015/09/07;33.07;35.80;32.46;33.67;2707846;92737456.00
2015/09/08;33.66;34.98;31.96;34.76;2120280;72987160.00
2015/09/09;35.13;37.24;34.13;35.75;4222546;150256768.00
2015/09/10;34.17;34.98;34.17;34.46;1630239;56454548.00
2015/09/11;34.46;35.43;33.66;34.46;981808;33896060.00
2015/09/14;34.47;34.81;31.01;31.01;1468399;47352152.00
2015/09/15;31.31;31.31;29.51;30.26;1375288;41111860.00
2015/09/16;31.06;33.26;30.07;32.81;2008689;63420204.00
2015/09/17;32.81;32.84;30.76;30.86;1826244;58129044.00
2015/09/18;31.96;31.96;30.24;30.89;1128709;34867140.00
2015/09/21;30.89;31.54;29.57;31.39;1561818;48706564.00
2015/09/22;31.36;33.46;30.56;33.10;3185386;103710816.00
2015/09/23;32.84;32.97;31.16;32.06;1953432;62909976.00
2015/09/24;32.07;32.61;31.96;32.28;1276166;41270584.00
2015/09/25;32.35;33.46;31.46;32.52;1918414;62842044.00
2015/09/28;33.26;33.35;31.76;32.93;1242335;40569864.00
2015/09/29;32.07;32.62;31.96;32.55;1347877;43377396.00
2015/09/30;32.68;32.94;32.53;32.82;957600;31362808.00
2015/10/08;33.46;34.13;33.17;33.91;1112475;37600024.00
2015/10/09;33.76;33.89;32.97;33.66;782932;26189264.00
2015/10/12;33.16;36.94;33.16;36.36;2890147;101627440.00
2015/10/13;35.44;36.06;34.92;35.86;2197475;78128784.00
2015/10/14;35.96;36.71;35.31;35.92;1872908;67576920.00
2015/10/15;36.58;39.26;35.96;37.81;3250445;122001752.00
2015/10/16;37.69;38.64;36.67;37.81;3397792;127670904.00
2015/10/19;38.19;41.60;36.96;41.60;5424898;215553040.00
2015/10/20;43.69;43.69;39.18;40.29;5444502;225662448.00
2015/10/21;39.76;39.89;36.26;37.16;5468636;207698416.00
2015/10/22;37.66;37.71;35.45;37.64;3509099;129485872.00
2015/10/23;38.19;38.56;36.80;37.96;4050019;153242464.00
2015/10/26;38.46;38.57;36.96;38.03;3576455;135362288.00
2015/10/27;38.96;38.96;35.46;37.41;4160064;154477376.00
2015/10/28;36.26;36.82;34.86;35.14;4417640;158344288.00
2015/10/29;35.17;35.66;34.62;35.21;2216749;77844952.00
2015/10/30;35.26;35.49;34.56;35.41;2199068;77430856.00
2015/11/02;34.96;37.06;34.73;35.81;5036209;181504736.00
2015/11/03;35.76;35.86;33.96;35.06;3467880;121030312.00
2015/11/04;35.26;37.06;34.78;36.94;8551820;309633184.00
2015/11/05;36.96;37.76;35.96;36.20;6174690;226493520.00
2015/11/06;36.21;37.64;35.86;37.48;6796280;252841232.00
2015/11/09;37.54;39.82;37.26;39.46;10040246;387779136.00
2015/11/10;38.66;39.36;37.49;38.35;6800104;261106560.00
2015/11/11;38.11;40.43;37.61;40.16;9799006;385778784.00
2015/11/12;39.76;43.24;39.63;42.17;10311800;427675680.00
2015/11/13;40.96;41.76;37.95;37.96;8876077;349811328.00
2015/11/16;36.46;37.83;35.67;37.63;4294598;158951536.00
2015/11/17;37.83;38.48;36.62;36.76;4411592;166454432.00
2015/11/18;36.46;37.33;35.66;35.71;2958936;107904936.00
2015/11/19;35.86;36.81;35.81;36.77;3133634;114214680.00
2015/11/20;36.92;36.94;36.04;36.42;3032351;110764720.00
2015/11/23;36.42;37.26;35.97;37.05;3060971;113239688.00
2015/11/24;37.18;39.46;36.90;38.71;4858217;184508496.00
2015/11/25;38.12;38.91;37.97;38.36;4012892;153958544.00
2015/11/26;38.37;39.86;37.72;37.87;4343028;168800928.00
2015/11/27;37.80;37.80;34.16;34.46;4155853;149988800.00
2015/11/30;34.21;35.04;31.98;34.72;3335660;113299320.00
2015/12/01;34.46;35.41;34.12;34.78;2342604;81831856.00
2015/12/02;34.81;34.86;31.96;34.21;1782182;60537360.00
2015/12/03;34.46;35.69;33.88;35.65;2107514;74341760.00
2015/12/04;35.35;39.22;35.04;39.22;7617127;288990304.00
2015/12/07;40.17;43.15;39.96;43.15;10459675;440853760.00
2015/12/08;43.95;44.96;41.29;42.71;12504438;539110656.00
2015/12/09;42.16;46.99;42.14;46.99;12320258;558474688.00
2015/12/10;46.06;49.83;44.96;47.26;10644986;500715712.00
2015/12/11;46.97;49.46;45.04;47.41;9037408;431164704.00
2015/12/14;45.71;51.84;45.34;49.76;8334958;406911520.00
2015/12/15;48.96;50.96;44.78;47.83;8053810;392165888.00
2015/12/16;47.80;52.62;47.11;52.62;12416562;630950848.00
2015/12/17;52.96;54.95;51.56;52.95;12143525;645283072.00
2015/12/18;52.96;54.96;47.66;49.20;17956766;906936192.00
2015/12/21;47.41;47.41;45.81;46.42;9705013;450650848.00
2015/12/22;46.26;47.26;46.02;46.77;5455040;253966112.00
2015/12/23;46.77;46.81;44.96;45.65;6345826;288960480.00
2015/12/24;45.46;45.65;44.14;45.31;4045387;181430384.00
2015/12/25;45.66;46.22;44.82;45.64;4036237;183924512.00
2015/12/28;46.05;46.11;44.63;44.84;3943599;179026064.00
2015/12/29;44.86;45.45;42.97;45.16;4103782;181121968.00
2015/12/30;44.85;45.43;44.42;44.87;3111838;140001168.00
2015/12/31;44.68;44.76;42.46;42.48;3789632;164960512.00
2016/01/04;42.76;42.90;38.23;38.23;2449123;98260856.00
2016/01/05;35.16;38.26;35.04;37.85;4521289;165417600.00
2016/01/06;37.99;39.79;37.10;38.95;3664755;141567200.00
2016/01/07;38.96;38.96;35.05;35.05;817778;30388908.00
2016/01/08;35.86;36.66;31.66;34.74;3621211;126751608.00
2016/01/11;33.56;34.40;31.26;31.26;3026298;98868848.00
2016/01/12;31.26;31.91;29.71;31.29;2635686;81541656.00
2016/01/13;31.61;32.36;29.94;29.97;2721155;85669288.00
2016/01/14;28.95;32.10;28.28;32.04;4325754;134655888.00
2016/01/15;31.76;31.94;28.96;29.22;4388289;134571968.00
2016/01/18;28.66;30.44;27.99;29.62;2974931;88206448.00
2016/01/19;29.37;31.32;29.32;31.12;3840211;117308344.00
2016/01/20;30.90;31.44;30.46;30.96;3398238;105502632.00
2016/01/21;30.39;31.03;29.17;29.23;2629147;79664752.00
2016/01/22;29.48;29.90;28.69;29.62;2359093;69483272.00
2016/01/25;30.21;30.86;29.78;30.27;2267198;68860056.00
2016/01/26;29.77;29.95;27.24;27.24;2992419;85495920.00
2016/01/27;27.73;27.73;24.62;26.26;2670180;69513672.00
2016/01/28;25.96;26.46;24.26;24.60;1994937;51081504.00
2016/01/29;24.46;27.06;24.37;26.61;3415058;90172272.00
2016/02/01;26.01;29.28;25.84;29.28;5795037;159995312.00
2016/02/02;29.71;31.81;28.92;30.26;6213183;187046448.00
2016/02/03;29.84;29.92;28.34;29.28;4463396;130114816.00
2016/02/04;29.14;30.25;28.97;29.20;3906420;116111160.00
2016/02/05;29.16;29.45;28.36;28.37;2449561;70722896.00
2016/02/15;27.66;29.48;26.67;28.47;2327340;65206792.00
2016/02/16;28.49;30.46;28.47;29.99;3617443;107252464.00
2016/02/17;29.96;30.44;29.41;30.39;3957553;118836704.00
2016/02/18;30.48;30.93;29.78;29.86;3456634;104297824.00
2016/02/19;29.84;30.39;29.64;30.26;2580154;77381552.00
2016/02/22;30.63;32.66;30.56;32.10;4748088;150174464.00
2016/02/23;31.87;31.87;30.61;31.07;3320731;103677568.00
2016/02/24;30.96;31.45;29.56;31.19;3823563;117585632.00
2016/02/25;31.06;31.06;28.07;28.07;3434168;100487768.00
2016/02/26;28.11;28.37;26.82;27.56;2585654;71462056.00
2016/02/29;27.54;27.54;24.81;25.35;2178167;55853364.00
2016/03/01;25.35;26.51;24.30;25.96;2344001;59478372.00
2016/03/02;25.46;27.36;25.46;27.06;2427452;64491692.00
2016/03/03;26.80;27.54;26.73;26.79;2372975;64353072.00
2016/03/04;26.77;26.97;24.99;25.55;1991002;52158464.00
2016/03/07;25.81;26.66;25.68;26.36;1718021;45055652.00
2016/03/08;26.16;27.46;24.96;26.92;2495676;65517504.00
2016/03/09;26.36;26.78;25.76;26.06;1877993;49321424.00
2016/03/10;26.05;26.43;25.58;25.69;1356972;35331136.00
2016/03/11;25.36;27.45;25.19;26.84;3644778;97092784.00
2016/03/14;27.28;29.46;26.96;28.86;5212840;148432016.00
2016/03/15;28.46;28.46;27.46;28.16;3648991;102484808.00
2016/03/16;28.46;30.41;27.98;28.46;5423485;158078976.00
2016/03/17;28.46;29.96;28.23;29.46;5200004;151595456.00
2016/03/18;29.16;30.90;29.02;30.16;5943916;177765472.00
2016/03/21;30.31;30.90;29.76;30.74;5368754;162712640.00
2016/03/22;30.14;31.32;30.06;30.81;5399383;166923744.00
2016/03/23;30.97;31.40;30.29;30.97;3080760;94870008.00
2016/03/24;30.00;30.74;29.76;29.76;3703475;111849864.00
2016/03/25;29.51;32.74;29.34;32.74;10693280;339076192.00
2016/03/28;32.76;34.76;31.89;33.64;12690427;423234560.00
2016/03/29;32.76;32.95;30.54;30.89;7076093;225387600.00
2016/03/30;31.01;32.76;30.98;32.36;4786228;152356976.00
2016/03/31;32.36;33.05;32.01;32.51;5378368;175589440.00
2016/04/01;32.35;32.35;30.96;31.24;3306652;104144288.00
2016/04/05;31.06;32.62;31.06;32.21;3080502;98882368.00
2016/04/06;32.21;33.07;31.88;33.03;4599291;149590864.00
2016/04/07;33.45;36.34;33.45;36.34;11330649;399797536.00
2016/04/08;36.96;39.78;36.34;39.78;11751780;448007104.00
2016/04/11;41.96;43.76;41.96;43.76;9803413;423853056.00
2016/04/12;45.08;47.64;42.89;43.81;15150708;684896576.00
2016/04/13;43.05;45.25;42.46;44.28;12248390;538496256.00
2016/04/14;45.16;48.46;43.86;46.39;11214087;521621184.00
2016/04/15;44.88;45.38;43.16;44.16;8483558;374569440.00
2016/04/18;43.99;44.44;41.96;43.55;5111988;220298928.00
2016/04/19;43.55;44.28;42.26;43.36;5075742;219815312.00
2016/04/20;43.59;43.59;39.02;39.51;6662640;270558368.00
2016/04/21;39.25;39.40;38.18;38.55;4709581;182244576.00
2016/04/22;38.86;39.06;38.26;39.00;3225798;125315992.00
2016/04/25;39.03;41.61;37.48;41.56;5952794;236177136.00
2016/04/26;40.75;42.62;40.47;40.88;4443902;183746048.00
2016/04/27;40.91;41.56;40.46;40.62;3103919;127142704.00
2016/04/28;39.97;42.56;39.16;42.26;5146251;213466704.00
2016/04/29;41.36;43.33;40.76;41.02;3218811;135394816.00
2016/05/03;40.46;42.83;39.46;42.57;3531359;145921216.00
2016/05/04;41.90;44.51;41.67;44.10;5865067;254781440.00
2016/05/05;43.51;44.17;42.71;43.74;3647625;158276976.00
2016/05/06;43.27;44.16;40.00;40.56;3898850;164710096.00
2016/05/09;39.90;39.90;37.36;37.52;3079652;117992712.00
2016/05/10;38.25;39.52;36.82;37.49;2665589;101358056.00
2016/05/11;37.84;38.35;35.76;36.41;2624165;96636672.00
2016/05/12;35.37;37.23;34.57;37.02;2676460;96469264.00
2016/05/13;37.02;37.76;35.99;37.01;2243521;83317344.00
2016/05/16;36.85;37.56;36.18;37.21;2730946;101462640.00
2016/05/17;36.86;37.58;35.99;36.81;2546682;94007456.00
2016/05/18;36.35;37.94;36.00;37.87;3538253;131030728.00
2016/05/19;37.76;38.95;37.36;38.32;4317292;165124432.00
2016/05/20;36.96;38.31;36.47;37.86;3025110;113541488.00
2016/05/23;38.36;40.64;38.04;39.41;5013819;197192448.00
2016/05/24;38.76;39.71;37.59;38.38;4028395;155803760.00
2016/05/25;38.40;38.78;37.81;38.17;2293100;87667104.00
2016/05/26;37.70;38.38;36.12;37.90;2311098;86615152.00
2016/05/27;37.80;38.60;37.35;37.99;2930681;111327024.00
2016/05/30;37.30;37.89;36.22;36.55;3257225;120217120.00
2016/05/31;36.23;37.91;36.23;37.76;3988169;148793424.00
2016/06/01;38.80;41.54;38.68;40.13;6319874;254460544.00
2016/06/02;39.98;42.97;39.38;42.65;7180709;295726624.00
2016/06/03;42.13;42.65;41.15;41.18;4694487;195302432.00
2016/06/06;40.99;41.83;40.66;40.97;3044407;125583632.00
2016/06/07;41.15;41.15;39.38;40.59;4257233;171206288.00
2016/06/08;40.10;42.71;40.10;42.11;6514100;272156416.00
2016/06/13;41.00;41.20;37.90;37.90;4385172;174435296.00
2016/06/14;36.29;37.59;36.29;37.10;2951410;109341872.00
2016/06/15;36.31;38.95;36.10;37.99;3168863;121287664.00
2016/06/16;38.01;38.55;37.20;37.36;2880487;108088088.00
2016/06/17;37.30;38.41;37.30;37.70;2776084;104828016.00
2016/06/20;37.70;38.19;37.28;37.87;2492261;94196784.00
2016/06/21;37.60;38.21;37.02;37.48;3364818;126390344.00
2016/06/22;37.11;38.30;36.60;38.10;2605835;97854824.00
2016/06/23;38.27;39.96;37.97;39.86;4645845;180342528.00
2016/06/24;39.90;40.68;37.00;38.29;5363556;210600944.00
2016/06/27;37.35;39.47;37.34;39.00;3148404;121852280.00
2016/06/28;38.51;41.93;38.29;40.30;6956242;279490752.00
2016/06/29;40.14;41.04;39.38;40.28;5730004;230775440.00
2016/06/30;40.28;41.49;39.75;40.38;3632971;147532560.00
2016/07/01;40.55;41.36;40.10;40.10;3561119;144672656.00
2016/07/04;39.30;40.72;39.22;40.63;3033019;121425096.00
2016/07/05;40.65;41.23;40.36;40.40;3361192;137008432.00
2016/07/06;40.39;40.98;39.26;40.40;3511990;140699664.00
2016/07/07;40.20;41.95;39.66;41.21;5093505;209540656.00
2016/07/08;41.23;41.89;40.20;40.20;3019503;123472648.00
2016/07/11;40.80;41.00;39.44;39.52;2520322;101014072.00
2016/07/12;40.00;40.00;38.70;39.65;1852813;73113320.00
2016/07/13;40.10;42.82;39.28;42.82;5126349;209328368.00
2016/07/14;42.00;42.72;41.38;41.82;5269908;222458784.00
2016/07/15;41.41;41.80;40.51;40.78;2634491;108071424.00
2016/07/18;41.05;42.39;40.66;41.95;3056699;127222528.00
2016/07/19;41.69;42.62;41.28;41.54;2199724;91773264.00
2016/07/20;41.54;42.10;41.30;41.70;2261409;94551656.00
2016/07/21;41.99;43.85;41.56;43.03;4885821;208968192.00
2016/07/22;43.04;43.04;41.00;41.89;3549277;148337376.00
2016/07/25;41.90;42.10;41.25;41.62;1415290;59013808.00
2016/07/26;40.98;41.79;39.93;41.45;3083534;125840104.00
2016/07/27;41.29;41.33;38.38;38.45;2638772;104519384.00
2016/07/28;38.71;39.39;38.25;38.44;1671052;64950740.00
2016/07/29;38.46;39.18;38.46;38.74;970417;37663148.00
2016/08/01;38.52;38.94;36.90;38.70;1551182;58553224.00
2016/08/02;38.60;39.91;38.50;39.52;1206773;47523908.00
2016/08/03;39.52;43.00;39.52;41.91;3814779;157282624.00
2016/08/04;41.70;42.98;41.40;41.96;2957507;125038688.00
2016/08/05;41.74;42.90;41.20;41.20;1582285;66231300.00
2016/08/08;41.21;41.55;39.50;41.49;1651140;67775920.00
2016/08/09;41.30;42.40;40.88;41.55;1618920;67219272.00
2016/08/10;40.93;41.85;40.59;41.16;1502839;61752832.00
2016/08/11;41.16;41.52;40.00;40.06;1148401;46628804.00
2016/08/12;40.00;41.20;40.00;40.94;1165126;47579264.00
2016/08/15;40.96;42.01;40.96;41.71;1725827;71925584.00
2016/08/16;41.71;41.99;41.40;41.65;1364932;56932356.00
2016/08/17;41.66;45.82;41.65;45.79;5765896;253849168.00
2016/08/18;45.03;45.99;44.42;45.75;4088864;183992736.00
2016/08/19;45.45;45.65;44.23;45.03;2692765;120686000.00
2016/08/22;44.97;47.33;44.05;44.08;2817611;128813712.00
2016/08/23;44.00;44.90;43.10;44.08;2661519;116267272.00
2016/08/24;44.40;44.55;43.56;43.70;1260617;55330780.00
2016/08/25;42.94;44.40;42.51;43.77;1904141;82900520.00
2016/08/26;44.10;45.95;44.01;44.35;1863436;83777184.00
2016/08/29;44.69;44.79;43.67;43.88;1118478;49574736.00
2016/08/30;44.38;44.38;43.40;44.26;955139;41954656.00
2016/08/31;44.28;44.37;43.50;43.99;629198;27595238.00
2016/09/01;44.40;44.53;43.50;43.96;920829;40521636.00
2016/09/02;43.60;44.55;42.70;44.48;1025638;45065364.00
2016/09/05;44.20;45.78;44.06;45.47;1496364;67700168.00
2016/09/06;45.00;45.98;43.61;45.80;2567542;114994024.00
2016/09/07;45.99;46.29;45.01;45.01;1724768;78627888.00
2016/09/08;45.02;45.35;44.29;44.56;1117432;49981504.00
2016/09/09;44.18;44.90;43.71;43.93;1744051;76921120.00
2016/09/12;43.00;43.58;42.50;43.01;1204457;51936696.00
2016/09/13;43.60;43.60;42.91;43.07;424444;18338754.00
2016/09/14;43.04;43.04;42.00;42.36;743222;31661304.00
2016/09/19;42.36;42.68;41.71;41.96;1631174;68662392.00
2016/09/20;41.89;42.68;41.77;42.59;1349782;57312420.00
2016/09/21;42.69;42.97;41.71;42.58;1537720;64948216.00
2016/09/22;42.68;42.79;42.17;42.20;663402;28214270.00
2016/09/23;42.17;42.40;41.18;41.30;950701;39574232.00
2016/09/26;41.50;41.65;40.88;40.98;823888;33983412.00
2016/09/27;40.80;41.25;40.51;41.02;574980;23504784.00
2016/09/28;40.98;40.99;39.99;40.24;1013803;41003260.00
2016/09/29;40.16;40.63;39.74;39.91;917383;36707032.00
2016/09/30;40.10;40.13;39.61;40.11;413692;16554594.00
2016/10/10;40.47;41.98;40.47;41.65;1062175;44068804.00
2016/10/11;41.50;41.80;41.15;41.43;579392;23991668.00
2016/10/12;41.38;41.38;40.68;41.12;712202;29177206.00
2016/10/13;41.00;41.29;40.76;41.00;527300;21642938.00
2016/10/14;40.50;41.03;39.90;40.50;1002400;40317144.00
2016/10/17;40.40;41.48;40.20;40.68;890020;36416360.00
2016/10/18;40.71;41.37;40.50;41.00;1086655;44533568.00
2016/10/19;41.05;41.29;40.52;40.69;733435;29969364.00
2016/10/20;40.79;40.87;40.40;40.54;725889;29485492.00
2016/10/21;40.75;41.49;40.50;41.44;1456015;59832300.00
2016/10/24;41.38;42.13;41.01;41.66;1246571;51987928.00
2016/10/25;41.66;43.44;41.41;43.25;2734754;116492888.00
2016/10/26;42.96;43.37;42.22;43.00;1676856;71695088.00
2016/10/27;43.10;43.20;42.50;43.00;957216;41017632.00
2016/10/28;42.80;43.38;42.60;42.61;1135774;48988304.00
2016/10/31;42.61;43.24;42.00;42.57;829933;35079604.00
2016/11/01;42.58;42.97;42.07;42.63;983774;41723652.00
2016/11/02;42.63;43.79;42.52;43.01;1387302;59909024.00
2016/11/03;42.61;44.30;42.40;43.88;2077793;90688880.00
2016/11/04;43.80;44.98;43.60;44.45;1972968;87556568.00
2016/11/07;44.16;46.00;44.16;45.50;2349368;106760304.00
2016/11/08;45.43;45.59;44.81;45.31;1594707;72235064.00
2016/11/09;45.42;45.76;43.65;44.80;1696573;76526752.00
2016/11/10;45.00;45.50;44.77;45.27;1026873;46318524.00
2016/11/11;45.28;45.39;44.15;44.75;1151108;51247484.00
2016/11/14;44.50;45.02;43.70;44.90;1115216;49518492.00
2016/11/15;44.85;44.85;43.48;43.89;844202;37111732.00
2016/11/16;43.89;44.50;43.72;43.85;822088;36210036.00
2016/11/17;43.86;44.28;43.08;43.23;441600;19244876.00
数据来源:通达信
