002750 龙津药业 日线 前复权
      日期	    开盘	    最高	    最低	    收盘	    成交量	    成交额
2015/03/24;4.49;4.92;4.49;4.92;18300;557612.00
2015/03/25;5.42;5.42;5.42;5.42;4200;141078.00
2015/03/26;5.98;5.98;5.98;5.98;5900;218005.00
2015/03/27;6.60;6.60;6.60;6.60;14000;569100.00
2015/03/30;7.28;7.28;7.28;7.28;74600;3336112.00
2015/03/31;8.02;8.02;8.02;8.02;157700;7757263.00
2015/04/01;8.84;8.84;8.84;8.84;645644;34935796.00
2015/04/02;9.57;9.75;9.46;9.75;3682700;216435872.00
2015/04/03;10.71;10.74;10.54;10.74;3050892;199029536.00
2015/04/07;11.82;11.83;10.86;11.34;8416456;584502080.00
2015/04/08;10.99;11.16;10.79;10.98;4633881;309800416.00
2015/04/09;10.83;12.10;10.79;12.10;5477347;379431296.00
2015/04/10;11.99;12.24;11.51;11.81;3725744;267969536.00
2015/04/13;11.68;12.05;11.43;11.76;3306407;235990336.00
2015/04/14;11.66;12.29;11.60;11.83;3442023;251488544.00
2015/04/15;11.66;11.69;11.05;11.09;2692535;185680928.00
2015/04/16;11.09;11.34;10.84;11.15;1929786;131400800.00
2015/04/17;11.19;11.44;11.16;11.24;1776752;122021992.00
2015/04/20;11.08;11.27;10.79;10.81;1782801;119881592.00
2015/04/21;10.71;11.18;10.71;11.17;1651382;111193088.00
2015/04/22;11.23;11.65;11.17;11.64;2240302;157325008.00
2015/04/23;11.48;11.58;11.26;11.39;2457913;170767264.00
2015/04/24;11.14;11.54;10.90;11.46;1942380;133746192.00
2015/04/27;11.48;11.98;11.48;11.63;2651048;189380016.00
2015/04/28;11.78;12.81;11.63;12.43;4690450;346619584.00
2015/04/29;12.40;13.16;11.99;12.93;3262471;248114352.00
2015/04/30;12.91;13.66;12.48;12.52;3184673;251903456.00
2015/05/04;12.37;12.49;11.96;12.18;1579340;117342504.00
2015/05/05;12.10;12.41;11.96;12.27;1794590;132937568.00
2015/05/06;12.22;12.65;12.04;12.18;2089069;156949008.00
2015/05/07;11.99;12.22;11.92;12.01;1419837;104157528.00
2015/05/08;12.19;12.78;12.14;12.78;2553776;192965056.00
2015/05/11;12.84;14.03;12.63;13.75;3725324;303036512.00
2015/05/12;13.58;13.99;13.33;13.81;3316337;274277696.00
2015/05/13;13.49;14.64;13.24;14.15;2998706;256206640.00
2015/05/14;14.16;15.16;14.03;14.92;2689384;239200896.00
2015/05/15;14.91;14.92;14.08;14.57;2671977;235283216.00
2015/05/18;14.30;16.04;14.30;16.04;3097652;290083744.00
2015/05/19;16.16;17.47;15.60;17.16;3341557;333904992.00
2015/05/20;16.66;18.11;16.49;16.64;2517154;262640880.00
2015/05/21;16.41;16.99;16.16;16.48;2142536;214459440.00
2015/05/22;16.49;16.99;15.99;16.83;2354784;237104128.00
2015/05/25;16.68;18.12;16.31;17.83;2660301;279353344.00
2015/05/26;17.51;18.93;17.33;18.47;2389545;263305328.00
2015/05/27;18.49;20.33;17.95;20.33;3288937;385788320.00
2015/05/28;20.67;22.38;19.97;20.00;4469391;579354496.00
2015/05/29;19.60;20.66;17.98;18.86;3461443;404966912.00
2015/06/01;18.89;19.14;17.49;18.39;3194572;352237504.00
2015/06/02;18.66;18.99;18.16;18.87;2115646;238648256.00
2015/06/03;18.79;19.04;18.18;18.29;2104736;236012656.00
2015/06/04;18.27;18.27;16.44;16.84;2589931;265482688.00
2015/06/05;17.21;17.71;16.57;17.24;1859916;193715024.00
2015/06/08;17.17;17.22;15.78;15.99;2349288;230900832.00
2015/06/09;15.93;16.43;15.71;16.19;1415977;137233248.00
2015/06/10;15.96;17.37;15.78;17.02;1799794;182412816.00
2015/06/11;17.17;18.62;17.02;18.43;2645545;286303648.00
2015/06/12;18.35;18.85;17.20;17.62;2354632;253063744.00
2015/06/15;17.57;17.57;16.10;16.12;1738468;173278320.00
2015/06/16;15.62;15.95;14.95;15.47;1460707;135525424.00
2015/06/17;15.58;17.02;15.57;17.02;2670258;262400016.00
2015/06/18;17.18;18.73;17.18;18.59;4145932;456869792.00
2015/06/19;18.20;19.93;17.08;18.78;3146530;359041792.00
2015/06/23;18.49;20.66;18.49;20.66;3103317;372857568.00
2015/06/24;21.12;21.78;19.95;21.10;3554908;441899904.00
2015/06/25;21.12;21.20;18.99;18.99;2518510;305962784.00
2015/06/26;17.47;17.95;17.08;17.08;1383077;143461280.00
2015/06/29;16.45;16.60;15.37;15.37;2238450;209043920.00
2015/06/30;16.91;16.91;16.12;16.91;3931087;398941120.00
2015/07/01;17.45;18.61;17.22;18.61;3741612;413077696.00
2015/07/02;17.95;20.27;17.62;18.79;5431375;620076032.00
2015/07/03;17.27;20.03;16.91;17.12;4207790;451226272.00
2015/07/06;18.83;18.83;15.40;15.40;4259107;429908064.00
2015/07/07;13.86;13.86;13.86;13.86;328700;27423440.00
2015/07/14;15.25;15.25;15.25;15.25;73910;6782720.50
2015/07/15;16.78;16.78;14.62;15.15;4808266;460902592.00
2015/07/16;15.12;16.45;13.86;15.42;2959517;274341632.00
2015/07/17;15.74;16.81;15.47;16.59;2861169;279928736.00
2015/07/20;16.42;17.45;16.09;16.94;2689021;271670528.00
2015/07/21;16.60;18.64;16.30;18.55;4339340;474811328.00
2015/07/22;17.95;19.40;17.78;18.79;3959576;447524832.00
2015/07/23;18.46;20.17;18.12;19.48;3725250;428678976.00
2015/07/24;19.31;20.25;18.93;19.10;3329680;389804704.00
2015/07/27;18.29;19.64;17.18;17.18;3400051;380770560.00
2015/07/28;15.78;17.45;15.46;16.12;2828344;273981376.00
2015/07/29;16.62;17.17;15.62;17.15;2155202;212794480.00
2015/07/30;16.78;17.95;16.62;16.70;2313169;239959792.00
2015/07/31;15.97;17.45;15.97;16.56;1934692;194257280.00
2015/08/03;16.37;16.53;14.90;14.92;2163409;201299360.00
2015/08/04;15.28;16.26;14.92;16.25;1943894;182350384.00
2015/08/05;16.23;16.45;15.52;15.78;1581888;152846832.00
2015/08/06;15.28;15.77;15.12;15.43;891597;83203312.00
2015/08/07;15.53;16.37;15.53;16.14;1396292;134732304.00
2015/08/10;16.28;17.34;16.14;17.16;1771533;179390720.00
2015/08/11;17.09;17.68;16.87;17.15;1689556;176134928.00
2015/08/12;16.78;17.15;16.53;16.57;1379183;139906960.00
2015/08/13;16.45;17.22;16.45;17.20;1403555;143615200.00
2015/08/14;17.40;17.93;17.38;17.68;1771081;188218192.00
2015/08/17;17.62;18.01;17.16;17.18;1625803;171158352.00
2015/08/18;17.28;17.98;15.53;16.26;3027714;313848448.00
2015/08/19;15.45;16.77;15.12;16.59;1741546;166839216.00
2015/08/20;16.28;16.54;15.65;15.70;1041486;101072392.00
2015/08/21;15.45;15.90;15.17;15.25;1146514;107047296.00
2015/08/24;14.62;14.75;13.72;13.72;1054478;88137016.00
2015/08/25;12.34;12.93;12.34;12.34;1023547;76987672.00
2015/08/26;12.62;13.10;11.19;11.92;1631910;120645696.00
2015/08/27;12.28;12.62;11.42;12.28;1191172;86982344.00
2015/08/28;12.50;13.09;12.20;13.08;1430493;108229376.00
2015/08/31;12.90;12.93;12.01;12.04;987864;74495664.00
2015/09/01;11.79;12.53;11.65;11.78;1086243;79449448.00
2015/09/02;10.78;12.20;10.77;11.04;1092915;74323624.00
2015/09/07;11.29;12.02;11.23;11.40;1004415;69750552.00
2015/09/08;11.62;12.55;11.45;12.55;1408890;102088776.00
2015/09/09;13.00;13.81;12.72;13.81;2183686;175680608.00
2015/09/10;13.51;13.72;13.31;13.33;1367840;111262224.00
2015/09/11;13.34;13.87;13.28;13.87;1212362;98661528.00
2015/09/14;13.88;13.95;12.48;12.48;1482622;117033056.00
2015/09/15;11.50;13.19;11.35;11.63;3984904;99167824.00
2015/09/16;11.85;12.80;10.91;12.70;5639206;135682608.00
2015/09/17;12.23;12.55;11.64;11.65;5587952;135833744.00
2015/09/18;11.72;11.94;11.06;11.25;3016692;68743696.00
2015/09/21;11.25;11.95;11.08;11.88;3714245;86579168.00
2015/09/22;11.88;12.45;11.84;12.13;4426735;108478128.00
2015/09/23;11.83;12.24;11.70;11.83;3470323;83084296.00
2015/09/24;12.00;13.02;12.00;13.02;6486891;165013776.00
2015/09/25;13.02;13.87;12.83;13.16;9910924;266318992.00
2015/09/28;13.34;13.35;12.20;13.05;4744402;121969448.00
2015/09/29;12.65;12.85;12.39;12.50;3528530;89296056.00
2015/09/30;12.63;12.65;12.20;12.35;2199311;54691028.00
2015/10/08;12.90;13.59;12.71;13.59;5829746;155594208.00
2015/10/09;13.59;13.59;12.98;13.21;5609277;148976544.00
2015/10/12;13.30;14.23;13.21;13.95;7141096;195248576.00
2015/10/13;13.78;13.97;13.60;13.83;4724753;130750416.00
2015/10/14;13.67;14.05;13.41;13.44;4318927;119159944.00
2015/10/15;13.27;13.85;13.26;13.78;3913085;107086128.00
2015/10/16;13.93;13.95;13.49;13.75;4144249;114166832.00
2015/10/19;13.80;13.82;13.41;13.54;3276989;89334880.00
2015/10/20;13.54;14.45;13.54;14.37;6529208;184268496.00
2015/10/21;14.25;14.33;12.96;13.03;5423267;149282528.00
2015/10/22;13.21;13.64;13.03;13.59;4220243;113110192.00
2015/10/23;13.69;14.95;13.69;14.95;9201617;268844672.00
2015/10/26;15.23;16.19;15.06;15.35;10343540;324563168.00
2015/10/27;14.99;15.15;14.05;14.95;6732584;197304512.00
2015/10/28;14.71;14.90;14.23;14.27;4584337;133892984.00
2015/10/29;14.40;14.58;14.25;14.43;2618230;75625080.00
2015/10/30;14.34;14.70;14.34;14.39;3305718;96272376.00
2015/11/02;14.05;14.87;13.78;14.09;5460304;155440384.00
2015/11/03;14.09;14.20;13.61;13.86;3593133;99977312.00
2015/11/04;14.18;14.58;13.99;14.56;5274837;152443424.00
2015/11/05;14.68;15.08;14.39;14.48;5928309;174795568.00
2015/11/06;14.60;15.04;14.60;14.90;5454140;162949216.00
2015/11/09;14.71;15.70;14.57;15.47;7188430;218636256.00
2015/11/10;15.28;15.70;14.99;15.29;5558744;171050256.00
2015/11/11;15.28;16.14;15.10;16.13;7856921;247756528.00
2015/11/12;16.33;17.75;15.89;17.75;11668522;395013088.00
2015/11/13;17.95;19.52;17.75;18.35;17434637;648998144.00
2015/11/16;17.50;18.38;16.95;18.08;7724383;274883136.00
2015/11/17;18.43;19.89;18.15;19.89;14269710;553960064.00
2015/11/18;20.15;21.89;19.97;21.89;18178369;777193280.00
2015/11/19;22.55;24.08;22.55;24.08;10734672;503538752.00
2015/11/20;26.50;26.50;24.96;26.50;22008356;1142585728.00
2015/11/23;25.45;25.90;23.84;23.84;20072401;982086016.00
2015/11/24;23.13;24.20;22.72;23.62;13344519;626600256.00
2015/11/25;23.25;23.62;22.88;23.41;10266340;478044480.00
2015/11/26;23.33;24.20;22.95;23.18;11588562;547045696.00
2015/11/27;22.72;22.73;20.86;20.86;11179263;490253088.00
2015/11/30;20.88;22.95;20.88;22.95;12415963;546854976.00
2015/12/01;23.10;24.99;21.90;23.73;17788983;853118080.00
2015/12/02;22.45;22.50;21.35;21.36;10205656;442512576.00
2015/12/03;20.89;21.94;20.86;21.71;6463665;278848992.00
2015/12/04;21.75;23.20;21.75;22.08;7736513;348848096.00
2015/12/07;22.23;22.44;21.20;21.96;5286393;229230480.00
2015/12/08;21.85;22.90;21.38;22.20;7192532;318447712.00
2015/12/09;21.45;21.83;21.08;21.18;5184737;222306496.00
2015/12/10;21.25;21.75;20.68;20.84;4487311;189830288.00
2015/12/11;20.62;20.63;19.71;19.78;4950134;199451840.00
2015/12/14;19.64;21.76;19.25;21.76;6465385;265750704.00
2015/12/15;21.86;23.48;21.40;21.44;8771669;390965504.00
2015/12/16;21.40;21.68;20.96;21.27;5039568;215261264.00
2015/12/17;21.32;22.20;21.32;21.71;5602931;244316464.00
2015/12/18;21.64;22.89;21.56;22.27;8393530;376051360.00
2015/12/21;21.70;22.23;21.45;21.83;4940395;215314016.00
2015/12/22;21.94;22.20;21.60;21.95;3914309;171989440.00
2015/12/23;22.15;23.45;22.10;22.81;9828175;452485056.00
2015/12/24;22.23;25.09;21.46;25.09;15658789;762973056.00
2015/12/25;24.95;25.87;24.10;24.12;12896172;638908672.00
2015/12/28;24.34;24.34;22.59;22.62;8335154;388048064.00
2015/12/29;22.55;22.78;21.95;22.53;4913262;220132640.00
2015/12/30;22.80;22.99;22.53;22.81;4192941;191681568.00
2015/12/31;22.94;22.94;21.45;21.47;4928307;217781536.00
2016/01/04;21.48;21.70;19.32;19.32;3849881;156191328.00
2016/01/05;17.51;19.30;17.51;18.40;5051657;187170880.00
2016/01/06;18.93;20.25;18.93;20.25;4589729;183221664.00
2016/01/07;20.45;21.46;18.45;18.93;3403923;140542656.00
2016/01/08;20.20;20.64;18.62;19.89;8355168;331758304.00
2016/01/11;19.00;19.45;17.90;17.90;5293350;198048304.00
2016/01/12;17.95;19.16;17.71;18.66;4243705;156732816.00
2016/01/13;18.95;19.67;17.70;18.25;4407436;168012352.00
2016/01/14;17.57;19.18;17.09;19.15;4649018;172083968.00
2016/01/15;18.95;19.60;18.21;18.59;4889707;186937520.00
2016/01/18;17.94;19.35;17.71;19.10;4042155;153888992.00
2016/01/19;19.03;19.60;18.77;19.50;4556029;175495728.00
2016/01/20;19.28;20.27;19.25;19.59;5022896;197981904.00
2016/01/21;19.18;19.45;18.05;18.26;3943831;149576784.00
2016/01/22;18.50;18.75;17.95;18.45;2464608;91020888.00
2016/01/25;18.95;19.19;18.53;18.68;1986279;75181528.00
2016/01/26;18.45;18.68;16.81;16.90;3344136;118275624.00
2016/01/27;17.34;17.39;15.45;16.69;3343461;109656112.00
2016/01/28;16.35;16.66;15.46;15.54;2205200;71220696.00
2016/01/29;15.80;16.38;15.54;16.15;2354433;76046608.00
2016/02/01;15.98;16.34;15.70;15.94;1701160;54858384.00
2016/02/02;15.98;16.60;15.78;16.48;2309633;75810624.00
2016/02/03;16.45;16.49;16.05;16.38;1470798;47936304.00
2016/02/04;16.45;16.85;16.38;16.72;1972839;66036444.00
2016/02/05;16.75;18.40;16.75;17.31;3733105;132875880.00
2016/02/15;16.90;17.30;16.47;17.05;2348784;79219960.00
2016/02/16;17.03;18.13;17.03;17.73;2663865;94523744.00
2016/02/17;17.80;18.25;17.63;17.98;3141986;112745344.00
2016/02/18;18.35;18.43;17.65;17.65;2664300;95446168.00
2016/02/19;17.47;17.79;17.41;17.50;1878575;66083556.00
2016/02/22;17.93;17.93;17.51;17.81;1834212;65069968.00
2016/02/23;17.83;17.87;17.25;17.47;2092495;73435336.00
2016/02/24;17.45;18.25;17.26;17.86;3403007;121788592.00
2016/02/25;17.68;18.82;17.52;17.94;8925767;325988992.00
2016/02/26;18.05;18.25;16.39;17.03;5394625;186058864.00
2016/02/29;16.70;16.75;15.32;15.32;3358172;105153496.00
2016/03/01;15.32;15.45;13.96;15.09;3301375;99193264.00
2016/03/02;15.09;15.95;14.88;15.79;3016325;93343656.00
2016/03/03;15.79;16.05;15.61;15.71;2763272;87710904.00
2016/03/04;15.45;15.70;14.40;14.60;2843308;85205600.00
2016/03/07;14.63;15.05;14.63;14.82;1449775;43203752.00
2016/03/08;14.80;14.80;13.70;14.55;2262004;64389804.00
2016/03/09;14.06;14.50;13.47;14.11;1451603;41455084.00
2016/03/10;14.10;14.50;13.89;13.94;1445694;41219756.00
2016/03/11;13.67;14.20;13.67;13.99;1322556;37125428.00
2016/03/14;14.47;14.77;14.18;14.59;2612134;76294680.00
2016/03/15;14.50;14.60;14.25;14.33;1647122;47703180.00
2016/03/16;14.38;14.75;14.07;14.17;1138611;32665568.00
2016/03/17;14.20;14.85;14.18;14.60;2603842;75797768.00
2016/03/18;14.69;16.07;14.58;16.07;4804302;147101840.00
2016/03/21;16.29;17.02;16.21;16.38;5378661;178248944.00
2016/03/22;16.10;16.25;15.89;16.01;3582118;115490144.00
2016/03/23;15.98;16.64;15.89;16.38;3289840;107647792.00
2016/03/24;16.00;16.30;15.76;15.86;3595996;115367080.00
2016/03/25;15.63;16.34;15.63;16.10;2761359;88914904.00
2016/03/28;16.34;16.44;15.71;15.76;2502278;80939472.00
2016/03/29;15.78;16.00;15.16;15.29;2352858;72653200.00
2016/03/30;15.43;16.03;15.37;15.96;2187779;68985000.00
2016/03/31;15.96;16.51;15.96;16.26;3413260;111497192.00
2016/04/01;16.08;16.25;15.67;15.88;2415034;76835624.00
2016/04/05;15.98;16.54;15.86;16.46;3562287;116264392.00
2016/04/06;16.89;17.90;16.74;17.07;6230598;216417104.00
2016/04/07;17.08;17.77;16.85;17.41;6453688;226681008.00
2016/04/08;16.95;17.18;16.45;16.73;4198326;140779568.00
2016/04/11;16.85;17.45;16.85;17.27;3267465;113190608.00
2016/04/12;17.10;17.30;16.69;16.86;2508552;85027032.00
2016/04/13;16.84;17.21;16.84;17.09;2836568;97449480.00
2016/04/14;17.15;17.21;16.85;17.12;2131041;72636336.00
2016/04/15;17.13;17.13;16.85;16.98;1687568;57370336.00
2016/04/18;16.90;16.90;16.51;16.60;1636559;54520452.00
2016/04/19;16.70;16.78;16.52;16.61;1432764;47723280.00
2016/04/20;16.65;16.73;14.97;15.33;3030289;95298368.00
2016/04/21;15.32;15.40;15.01;15.03;1748756;53329528.00
2016/04/22;14.95;15.24;14.73;15.20;1151371;34817056.00
2016/04/25;15.05;15.70;14.91;15.43;1482688;45792980.00
2016/04/26;15.43;15.58;15.15;15.46;1045230;32193034.00
2016/04/27;15.46;15.65;15.30;15.31;976568;30202916.00
2016/04/28;15.32;15.50;14.99;15.21;864940;26366550.00
2016/04/29;15.15;15.40;14.99;15.10;704836;21426552.00
2016/05/03;15.09;15.82;15.09;15.77;1497804;46728184.00
2016/05/04;15.78;15.87;15.55;15.64;1299290;41051752.00
2016/05/05;15.54;15.73;15.52;15.73;1209175;37913360.00
2016/05/06;15.72;15.88;15.08;15.09;1836079;56864380.00
2016/05/09;14.88;14.88;14.40;14.48;1336642;39287808.00
2016/05/10;14.48;14.70;14.38;14.51;836391;24364276.00
2016/05/11;14.85;15.90;14.85;15.41;2975820;91960232.00
2016/05/12;15.05;15.10;14.39;14.91;1556796;46256288.00
2016/05/13;14.91;15.45;14.91;15.43;1842865;56655140.00
2016/05/16;15.55;15.72;15.28;15.67;2241813;69684840.00
2016/05/17;15.70;15.86;15.44;15.47;2093570;65422912.00
2016/05/18;15.52;15.52;14.10;14.44;3822556;56379228.00
2016/05/19;14.30;14.74;14.20;14.32;2464599;35628336.00
2016/05/20;14.05;14.28;14.00;14.27;2056373;29083682.00
2016/05/23;14.50;14.80;14.30;14.62;2907732;42446860.00
2016/05/24;14.62;14.62;14.11;14.31;2446251;35012408.00
2016/05/25;14.43;14.60;14.16;14.33;2074692;29817014.00
2016/05/26;14.25;14.37;13.80;14.20;2392785;33535638.00
2016/05/27;14.22;14.27;14.03;14.13;1683500;23848038.00
2016/05/30;13.95;14.20;13.70;13.88;1643150;22921060.00
2016/05/31;13.88;14.57;13.88;14.45;3442011;49400696.00
2016/06/01;14.64;14.71;14.50;14.52;3132947;45733012.00
2016/06/02;14.40;14.85;14.38;14.83;4075381;59871872.00
2016/06/03;14.96;15.00;14.68;14.98;3624425;53860564.00
2016/06/06;14.87;15.14;14.73;14.84;2537008;37781328.00
2016/06/07;14.84;14.93;14.62;14.69;1841377;27078740.00
2016/06/08;14.70;14.75;14.39;14.43;3729274;53969788.00
2016/06/13;14.25;14.63;13.65;14.00;3261719;46368032.00
2016/06/14;13.97;15.20;13.85;14.98;6287475;91494776.00
2016/06/15;14.53;15.30;14.53;15.15;8452726;127195752.00
2016/06/16;15.00;15.07;14.80;14.85;4396047;65622748.00
2016/06/17;14.75;15.18;14.75;14.95;3390845;50903124.00
2016/06/20;15.00;15.11;14.60;14.78;2786882;41166252.00
2016/06/21;14.90;14.97;14.36;14.47;3038050;44488068.00
2016/06/22;14.42;14.68;14.33;14.65;2313718;33583956.00
2016/06/23;14.65;14.83;14.45;14.52;2129120;31135122.00
2016/06/24;14.60;14.75;13.92;14.40;3264138;47065976.00
2016/06/27;14.20;14.73;14.01;14.63;2690280;39181592.00
2016/06/28;14.67;15.00;14.57;14.97;4366607;65059364.00
2016/06/29;15.02;15.14;14.83;14.94;3602781;53989668.00
2016/06/30;15.05;15.05;14.76;14.98;2532801;37743464.00
2016/07/01;14.96;16.25;14.85;15.65;8936491;139573232.00
2016/07/04;15.50;15.88;15.35;15.79;5912836;92479736.00
2016/07/05;15.70;15.79;15.56;15.62;4097003;64056696.00
2016/07/06;15.51;15.94;15.40;15.91;5464863;85976152.00
2016/07/07;15.99;16.72;15.90;16.61;9830880;161014336.00
2016/07/08;16.40;16.40;16.00;16.12;6103107;98611160.00
2016/07/11;16.12;16.20;15.83;15.85;4368065;69963496.00
2016/07/12;15.84;16.12;15.64;16.10;3946045;63082840.00
2016/07/13;16.10;17.00;16.10;16.55;8203591;136411808.00
2016/07/14;16.54;16.79;16.30;16.40;4878187;80407104.00
2016/07/15;16.39;16.49;16.24;16.30;2382005;38840056.00
2016/07/18;16.35;16.55;16.20;16.39;3167570;51993672.00
2016/07/19;16.36;16.45;16.07;16.30;2901116;47006460.00
2016/07/20;16.28;16.32;16.10;16.19;1883230;30508166.00
2016/07/21;16.16;16.35;16.08;16.17;2100509;34058996.00
2016/07/22;16.26;16.27;15.92;15.93;2684845;43094204.00
2016/07/25;15.89;15.92;15.65;15.73;2373731;37470896.00
2016/07/26;15.70;16.72;15.70;16.72;5128441;83838472.00
2016/07/27;16.72;16.72;15.58;15.87;6537926;105819496.00
2016/07/28;15.55;16.03;15.54;15.98;2715161;42845524.00
2016/07/29;15.85;16.26;15.84;16.02;3111728;50064960.00
2016/08/01;16.02;16.14;15.48;15.60;2582012;40276328.00
2016/08/02;15.57;15.71;15.53;15.61;1320671;20594412.00
2016/08/03;15.63;15.67;15.42;15.44;1409010;21830834.00
2016/08/04;15.54;15.58;15.37;15.50;1220526;18878598.00
2016/08/05;15.50;15.74;15.36;15.52;1445439;22559992.00
2016/08/08;15.50;16.13;15.41;16.11;3189736;50746092.00
2016/08/09;16.00;16.50;16.00;16.37;4393860;71632656.00
2016/08/10;16.30;17.35;16.26;17.17;11836816;201589824.00
2016/08/11;16.86;17.95;16.68;16.70;10107355;174947840.00
2016/08/12;16.59;17.02;16.31;16.65;4036964;66984784.00
2016/08/15;16.60;17.15;16.30;17.14;6860599;114424640.00
2016/08/16;17.09;17.29;16.87;17.00;4488758;76516456.00
2016/08/17;17.00;17.16;16.85;16.90;3163697;53596332.00
2016/08/18;17.00;17.13;16.69;16.81;2903622;48813432.00
2016/08/19;16.81;16.87;16.68;16.80;2250230;37684788.00
2016/08/22;16.75;17.31;16.75;17.00;5355789;91628104.00
2016/08/23;16.91;17.15;16.80;16.86;2044615;34612004.00
2016/08/24;17.03;17.05;16.70;16.82;1508486;25414780.00
2016/08/25;16.82;16.82;16.58;16.73;1949510;32539838.00
2016/08/26;16.73;17.24;16.73;16.96;3108701;52996044.00
2016/08/29;17.01;17.36;16.81;17.30;4478946;77035120.00
2016/08/30;17.30;17.35;17.05;17.07;2385945;40896996.00
2016/08/31;17.07;17.15;16.81;17.00;1968412;33354918.00
2016/09/01;16.99;17.10;16.83;16.88;2118238;35857756.00
2016/09/02;16.99;16.99;16.68;16.85;1654462;27768294.00
2016/09/05;16.95;16.97;16.81;16.85;1728118;29144502.00
2016/09/06;16.85;17.48;16.51;17.46;3442523;58351088.00
2016/09/07;17.36;17.36;17.02;17.08;2850363;49092236.00
2016/09/08;17.08;17.25;17.04;17.13;1713417;29398294.00
2016/09/09;17.13;17.29;16.87;17.10;1918058;32755032.00
2016/09/12;16.85;16.85;16.60;16.68;1982050;33081432.00
2016/09/13;16.68;16.87;16.39;16.56;1958762;32391290.00
2016/09/14;16.58;16.97;16.33;16.70;1698522;28074898.00
2016/09/19;16.65;16.78;16.52;16.64;1540312;25597832.00
2016/09/20;16.64;16.64;16.39;16.54;1314104;21631322.00
2016/09/21;16.46;16.59;16.43;16.49;1051300;17363236.00
2016/09/22;16.59;16.69;16.47;16.55;871682;14416181.00
2016/09/23;16.55;16.60;16.37;16.38;1145300;18863078.00
2016/09/26;16.38;16.40;15.78;15.99;2614849;41828152.00
2016/09/27;15.91;16.10;15.86;16.00;734000;11722227.00
2016/09/28;16.05;16.13;15.94;16.00;682565;10936512.00
2016/09/29;15.97;16.22;15.87;16.13;972485;15676234.00
2016/09/30;16.14;16.14;16.00;16.11;770560;12366396.00
2016/10/10;16.20;16.48;16.16;16.46;1719931;28167584.00
2016/10/11;16.54;16.85;16.35;16.77;2324053;38678824.00
2016/10/12;16.68;16.96;16.60;16.78;1583520;26608876.00
2016/10/13;16.81;16.96;16.60;16.89;1815425;30547232.00
2016/10/14;16.95;16.95;16.50;16.87;1268847;21164984.00
2016/10/17;16.79;16.82;16.50;16.54;1248325;20721486.00
2016/10/18;16.61;16.86;16.53;16.83;1254477;20937252.00
2016/10/19;16.87;16.88;16.67;16.76;973193;16306060.00
2016/10/20;16.76;16.83;16.70;16.79;1006097;16855426.00
2016/10/21;16.79;16.85;16.58;16.78;1016008;16976942.00
2016/10/24;16.84;17.17;16.75;16.97;2715448;46247280.00
2016/10/25;16.95;17.08;16.80;16.98;1693063;28687280.00
2016/10/26;16.87;17.15;16.87;17.07;2592804;44181604.00
2016/10/27;17.07;17.35;17.01;17.20;3297377;56797552.00
2016/10/28;17.05;17.23;16.93;16.97;1881363;32069522.00
2016/10/31;16.93;17.80;16.76;17.72;5209188;90151032.00
2016/11/01;17.74;18.28;17.45;17.75;7613660;136153088.00
2016/11/02;17.60;18.09;17.48;17.87;5759435;102187736.00
2016/11/03;17.80;17.90;17.50;17.55;4284521;75850232.00
2016/11/04;17.55;17.84;17.22;17.31;3577974;62391880.00
2016/11/07;17.25;17.39;17.10;17.16;2918132;50142360.00
2016/11/08;17.19;17.84;17.06;17.83;5776025;101131368.00
2016/11/09;17.71;17.72;17.25;17.32;4021973;70164888.00
2016/11/10;17.59;17.98;17.42;17.81;5076191;90200600.00
2016/11/11;17.86;17.89;17.71;17.79;2840503;50532248.00
2016/11/14;17.70;18.07;17.55;18.07;4648150;82774640.00
2016/11/15;18.02;18.10;17.80;17.97;3023539;54200592.00
2016/11/16;18.02;18.05;17.81;17.84;2897866;51965280.00
2016/11/17;17.93;18.27;17.75;17.99;2164900;39037632.00
数据来源:通达信
