002292 奥飞娱乐 日线 前复权
      日期	    开盘	    最高	    最低	    收盘	    成交量	    成交额
2009/09/10;5.19;5.58;4.92;5.06;26589335;1104137856.00
2009/09/11;5.15;5.59;5.15;5.59;11996077;520202688.00
2009/09/14;5.78;6.05;5.47;5.72;17781536;816985536.00
2009/09/15;5.58;5.70;5.43;5.45;9553692;427688992.00
2009/09/16;5.39;5.97;5.39;5.75;9505390;435822016.00
2009/09/17;5.75;5.95;5.64;5.90;6971302;324213664.00
2009/09/18;5.85;6.49;5.85;6.10;8602109;425384064.00
2009/09/21;6.01;6.44;5.84;6.23;7885046;388338464.00
2009/09/22;6.11;6.24;5.77;5.77;6066724;291273792.00
2009/09/23;5.74;5.91;5.52;5.66;5588915;258433648.00
2009/09/24;5.60;5.74;5.39;5.49;3915503;175253408.00
2009/09/25;5.45;5.62;5.41;5.52;2713847;121092416.00
2009/09/28;5.66;5.81;5.22;5.32;3672939;164623728.00
2009/09/29;5.26;5.32;4.76;4.88;4692075;189199440.00
2009/09/30;4.96;5.00;4.80;4.81;3218865;128032424.00
2009/10/09;4.91;5.11;4.85;5.07;3406147;138106000.00
2009/10/12;5.09;5.12;4.88;5.00;2612742;106001000.00
2009/10/13;4.95;5.26;4.95;5.22;3119930;129916976.00
2009/10/14;5.18;5.38;5.16;5.18;3806368;161799088.00
2009/10/16;5.21;5.37;5.18;5.29;2750343;117409152.00
2009/10/19;5.29;5.57;5.27;5.49;3075500;135521232.00
2009/10/20;5.52;5.80;5.42;5.77;4349935;196198000.00
2009/10/21;5.69;5.79;5.56;5.57;3095694;141047504.00
2009/10/22;5.65;6.10;5.58;5.91;5269552;249231248.00
2009/10/23;5.95;6.08;5.84;5.91;4172671;198694224.00
2009/10/26;5.92;6.18;5.91;5.96;3421316;165616112.00
2009/10/27;5.83;5.83;5.50;5.52;4545545;206042704.00
2009/10/28;5.48;5.77;5.40;5.75;3238344;145600896.00
2009/10/29;5.60;5.73;5.52;5.56;2896943;130691136.00
2009/10/30;5.68;5.78;5.40;5.44;5368860;242052160.00
2009/11/02;5.17;5.44;5.07;5.41;3241882;138732384.00
2009/11/03;5.40;5.52;5.39;5.45;2108358;92685464.00
2009/11/04;5.45;5.58;5.40;5.53;2119280;93988168.00
2009/11/05;5.57;5.57;5.47;5.52;1918491;85440272.00
2009/11/06;5.54;5.58;5.47;5.48;2239461;99562592.00
2009/11/09;5.47;5.47;5.32;5.45;2010721;87538040.00
2009/11/10;5.48;5.54;5.40;5.48;2386223;105448880.00
2009/11/11;5.48;5.48;5.33;5.36;1851549;80242080.00
2009/11/12;5.35;5.43;5.34;5.39;1547529;67264352.00
2009/11/13;5.39;5.57;5.36;5.55;2900468;128609304.00
2009/11/16;5.56;5.69;5.52;5.61;2808197;126695584.00
2009/11/17;5.60;5.64;5.51;5.55;2061619;92280680.00
2009/11/18;5.56;5.56;5.44;5.49;1842968;81601840.00
2009/11/19;5.49;5.96;5.48;5.82;6328534;293517344.00
2009/11/20;5.74;5.81;5.69;5.76;2875707;133030624.00
2009/11/23;5.73;5.91;5.73;5.88;3153904;148063088.00
2009/11/24;5.88;6.04;5.40;5.49;4255673;197738560.00
2009/11/25;5.45;5.73;5.40;5.70;3236338;145694784.00
2009/11/26;5.71;5.94;5.50;5.57;4170558;192744656.00
2009/11/27;5.45;5.66;5.43;5.49;2453811;109314784.00
2009/11/30;5.57;5.67;5.50;5.67;2226641;100390024.00
2009/12/01;5.60;5.88;5.60;5.84;3431889;159397568.00
2009/12/02;5.85;6.22;5.79;6.07;6101146;293830880.00
2009/12/03;6.03;6.14;5.92;6.04;3844280;185878560.00
2009/12/04;6.02;6.02;5.56;5.66;5035040;232962416.00
2009/12/07;5.62;5.73;5.58;5.70;1659540;75711080.00
2009/12/08;5.70;5.71;5.49;5.60;2092969;94280944.00
2009/12/09;5.55;5.66;5.52;5.57;1464600;66152400.00
2009/12/10;5.57;5.74;5.54;5.60;4795270;217253792.00
2009/12/11;5.60;5.68;5.55;5.57;2409713;108690584.00
2009/12/14;5.56;5.57;5.27;5.39;3360858;145486944.00
2009/12/15;5.40;5.44;5.33;5.40;1575046;68432352.00
2009/12/16;5.37;5.41;5.34;5.36;1371078;59448200.00
2009/12/17;5.40;5.40;5.13;5.13;2091097;88293824.00
2009/12/18;5.08;5.11;4.89;4.95;2138644;86162840.00
2009/12/21;5.02;5.06;4.96;5.05;1584633;64367456.00
2009/12/22;5.08;5.10;4.91;4.93;1534874;62181772.00
2009/12/23;4.96;5.09;4.95;5.07;1608835;65528940.00
2009/12/24;5.09;5.23;5.03;5.22;1882581;78638384.00
2009/12/25;5.19;5.24;5.11;5.21;1512031;63303388.00
2009/12/28;5.33;5.42;5.24;5.28;1629008;69845408.00
2009/12/29;5.26;5.32;5.22;5.30;1355982;57755984.00
2009/12/30;5.31;5.32;5.18;5.21;1746658;73806176.00
2009/12/31;5.19;5.29;5.18;5.26;1208255;51246160.00
2010/01/04;5.32;5.47;5.28;5.39;2516326;109402640.00
2010/01/05;5.41;5.76;5.41;5.70;5702471;259001280.00
2010/01/06;5.62;5.69;5.51;5.56;3358350;151272000.00
2010/01/07;5.52;5.58;5.36;5.38;2776032;121734128.00
2010/01/08;5.33;5.47;5.32;5.45;1387159;60467608.00
2010/01/11;5.41;5.52;5.31;5.50;2695920;117686240.00
2010/01/12;5.49;5.69;5.45;5.57;2936789;132276512.00
2010/01/13;5.41;6.16;5.41;6.16;10139420;483268960.00
2010/01/14;6.36;6.68;6.26;6.45;12069242;621554624.00
2010/01/15;6.42;6.53;6.31;6.43;4734574;243050000.00
2010/01/18;6.37;6.62;6.31;6.51;5317713;274679104.00
2010/01/19;6.52;6.54;6.21;6.26;5716837;289449088.00
2010/01/20;6.26;6.35;5.63;5.72;7028194;336858272.00
2010/01/21;5.73;5.82;5.66;5.72;2940491;135680336.00
2010/01/22;5.58;5.66;5.32;5.47;3593306;158725232.00
2010/01/25;5.44;5.66;5.36;5.49;2931462;130723976.00
2010/01/26;5.51;5.52;5.25;5.32;2410108;104394792.00
2010/01/27;5.32;5.46;5.26;5.32;1710291;74257200.00
2010/01/28;5.28;5.41;5.28;5.37;1294890;55900480.00
2010/01/29;5.32;5.49;5.30;5.39;1797795;78585960.00
2010/02/01;5.40;5.40;5.06;5.14;1859427;77948768.00
2010/02/02;5.19;5.24;5.02;5.03;1590375;65972288.00
2010/02/03;5.06;5.16;4.92;5.14;1894026;77108048.00
2010/02/04;5.11;5.24;5.05;5.15;1747052;73070272.00
2010/02/05;5.08;5.25;5.04;5.20;2016520;84270696.00
2010/02/08;5.23;5.24;5.16;5.16;1477936;62161156.00
2010/02/09;5.16;5.18;5.01;5.03;1199298;49260780.00
2010/02/10;5.06;5.22;5.06;5.19;1310468;54392004.00
2010/02/11;5.19;5.30;5.15;5.25;1390607;58759572.00
2010/02/12;5.25;5.29;5.21;5.27;1114447;47343948.00
2010/02/22;5.22;5.27;5.14;5.18;1301891;54681436.00
2010/02/23;5.17;5.17;5.04;5.14;1148071;47343396.00
2010/02/24;5.13;5.38;5.07;5.36;2016934;86575456.00
2010/02/25;5.40;5.48;5.37;5.43;2370197;103733464.00
2010/02/26;5.45;5.52;5.36;5.45;1796849;78912792.00
2010/03/01;5.47;5.53;5.43;5.49;1635722;72353344.00
2010/03/02;5.55;5.64;5.49;5.49;2020839;90514632.00
2010/03/03;5.49;5.52;5.39;5.48;1715176;75498856.00
2010/03/04;5.48;5.56;5.30;5.34;2015485;88206360.00
2010/03/05;5.35;5.39;5.28;5.36;1278705;55106828.00
2010/03/08;5.36;5.49;5.31;5.49;1383915;60702416.00
2010/03/09;5.49;5.50;5.41;5.43;978745;43055940.00
2010/03/10;5.44;5.70;5.43;5.69;4891433;221531648.00
2010/03/11;5.78;5.95;5.78;5.88;6715858;316461952.00
2010/03/12;5.80;5.87;5.72;5.73;3281033;152981728.00
2010/03/15;5.71;5.79;5.56;5.64;2012197;91094816.00
2010/03/16;5.64;5.78;5.61;5.73;1959238;89906720.00
2010/03/17;5.81;5.81;5.65;5.77;2117661;97522848.00
2010/03/18;5.79;5.89;5.76;5.84;1935291;90471136.00
2010/03/19;5.83;6.00;5.78;5.94;2320693;110369120.00
2010/03/22;5.94;5.97;5.84;5.91;1456993;68962544.00
2010/03/23;5.91;5.91;5.73;5.78;1680552;78395488.00
2010/03/24;5.82;6.04;5.77;5.96;2223556;106100856.00
2010/03/25;5.96;6.02;5.85;5.97;2026495;96673248.00
2010/03/26;5.94;5.98;5.82;5.94;1803229;85551984.00
2010/03/29;5.97;6.13;5.86;5.97;2717555;130758520.00
2010/03/30;5.87;6.05;5.77;6.03;3927291;186291200.00
2010/03/31;5.97;6.12;5.95;5.97;2355441;114148720.00
2010/04/01;5.97;6.02;5.85;5.94;3008362;143396544.00
2010/04/02;5.91;5.93;5.81;5.83;2114199;99471920.00
2010/04/06;5.83;5.89;5.78;5.89;1570209;73728880.00
2010/04/07;5.89;6.44;5.82;6.30;6508066;320905184.00
2010/04/08;6.23;6.41;6.21;6.23;4358814;220469232.00
2010/04/09;6.25;6.64;6.25;6.39;4345012;226070896.00
2010/04/12;6.39;6.52;6.37;6.49;2490093;128410000.00
2010/04/13;6.56;6.60;5.86;6.11;3978797;196274064.00
2010/04/14;6.03;6.09;5.96;6.03;1846372;89469680.00
2010/04/15;5.99;6.05;5.65;5.77;2950365;137802416.00
2010/04/16;5.71;5.91;5.70;5.84;1263773;59197088.00
2010/04/19;5.84;5.91;5.67;5.69;1424700;66482688.00
2010/04/20;5.59;5.82;5.58;5.79;1225232;56506264.00
2010/04/22;5.92;6.21;5.92;6.05;2783855;135582112.00
2010/04/23;6.03;6.30;5.95;6.23;3054960;150990192.00
2010/04/26;6.23;6.36;6.18;6.22;1788904;89914088.00
2010/04/27;6.30;6.30;5.84;5.94;1818213;87030680.00
2010/04/28;5.86;5.97;5.78;5.86;1170460;55325336.00
2010/04/29;5.89;6.07;5.86;5.86;1164647;55777652.00
2010/04/30;5.79;5.86;5.52;5.66;1333169;60698852.00
2010/05/04;5.43;5.87;5.43;5.56;1513059;43627612.00
2010/05/05;5.53;5.83;5.45;5.79;1494528;42930860.00
2010/05/06;5.79;5.95;5.75;5.75;2012411;58997692.00
2010/05/07;5.56;5.95;5.54;5.85;2473525;71939352.00
2010/05/10;5.85;5.91;5.23;5.23;3738263;101415344.00
2010/05/11;5.34;5.36;4.92;4.93;2841023;73306248.00
2010/05/12;4.93;4.95;4.56;4.82;1810101;43973140.00
2010/05/13;4.81;5.01;4.71;4.99;1506743;37176880.00
2010/05/14;4.93;5.11;4.88;5.06;1905998;48256864.00
2010/05/17;4.94;5.16;4.79;4.85;1671652;42510880.00
2010/05/18;4.84;5.01;4.84;4.99;1271404;31846202.00
2010/05/19;4.97;5.19;4.89;5.07;1519051;38983104.00
2010/05/20;5.07;5.18;4.93;5.04;1441394;37286720.00
2010/05/21;4.90;5.18;4.83;5.17;1383829;35416704.00
2010/05/24;5.25;5.49;5.25;5.45;2701841;73632320.00
2010/05/25;5.43;5.53;5.37;5.45;1815886;49796908.00
2010/05/26;5.41;5.48;5.24;5.30;1501796;40443944.00
2010/05/27;5.30;5.45;5.22;5.43;1442824;39082916.00
2010/05/28;5.47;5.61;5.43;5.57;2647669;73834832.00
2010/05/31;5.57;5.60;5.36;5.37;1426330;39429448.00
2010/06/01;5.36;5.37;4.91;5.10;1869374;48635020.00
2010/06/02;5.06;5.26;4.95;5.26;1109752;28552248.00
2010/06/03;5.21;5.41;5.21;5.27;1573243;42305708.00
2010/06/04;5.24;5.27;5.04;5.22;1288507;33715080.00
2010/06/07;5.05;5.72;5.04;5.62;3162100;86550656.00
2010/06/08;5.60;5.76;5.46;5.66;3606600;102485824.00
2010/06/09;5.76;5.81;5.60;5.70;3365168;96523840.00
2010/06/10;5.66;5.96;5.62;5.88;3889868;114358712.00
2010/06/11;5.91;5.91;5.71;5.76;2192587;63885544.00
2010/06/17;5.83;6.09;5.72;5.73;3177599;94784488.00
2010/06/18;5.72;5.72;5.23;5.35;2668386;73495216.00
2010/06/21;5.26;5.56;5.22;5.53;1416969;38868344.00
2010/06/22;5.50;5.67;5.50;5.53;995841;28017804.00
2010/06/23;5.47;5.68;5.46;5.58;1491484;41973956.00
2010/06/24;5.66;5.66;5.54;5.56;1017294;28613650.00
2010/06/25;5.46;5.56;5.28;5.56;1267250;34681976.00
2010/06/29;5.41;5.45;4.97;4.97;1875140;48985732.00
2010/06/30;4.77;4.92;4.73;4.89;1150983;28212502.00
2010/07/01;4.85;4.96;4.83;4.89;791695;19665334.00
2010/07/02;4.87;4.93;4.50;4.75;3242252;77204056.00
2010/07/05;4.68;4.72;4.58;4.62;1482405;34998120.00
2010/07/06;4.58;4.77;4.56;4.76;2421465;57737144.00
2010/07/07;4.78;4.88;4.70;4.86;1212008;29422372.00
2010/07/08;4.90;4.90;4.74;4.82;954826;23255702.00
2010/07/09;4.85;5.10;4.75;5.09;1956780;49635352.00
2010/07/12;5.07;5.18;4.97;5.09;1310930;33738144.00
2010/07/13;5.01;5.09;4.93;4.98;882160;22324240.00
2010/07/14;5.00;5.11;4.98;5.08;836031;21372434.00
2010/07/15;5.08;5.08;4.91;4.93;915847;23035734.00
2010/07/16;4.93;5.01;4.82;4.89;1118323;27666346.00
2010/07/19;4.83;5.04;4.80;5.00;1302149;32414302.00
2010/07/20;5.00;5.18;5.00;5.13;1617240;41658104.00
2010/07/21;5.13;5.29;5.08;5.13;1667996;43719100.00
2010/07/22;5.13;5.20;5.08;5.20;1289445;33543218.00
2010/07/23;5.18;5.24;5.06;5.14;1111164;28861174.00
2010/07/26;5.14;5.40;5.12;5.31;2080293;55274148.00
2010/07/27;5.29;5.49;5.22;5.42;2722718;73621488.00
2010/07/28;5.39;5.47;5.32;5.43;2043611;55797324.00
2010/07/29;5.45;5.62;5.43;5.53;3364571;93521632.00
2010/07/30;5.50;5.72;5.44;5.71;4515025;127659576.00
2010/08/02;5.68;5.79;5.64;5.73;4402025;126466912.00
2010/08/03;5.76;5.77;5.52;5.52;3914388;110889280.00
2010/08/04;5.52;5.63;5.32;5.62;3069967;84404608.00
2010/08/05;5.56;5.72;5.50;5.60;3206431;90871872.00
2010/08/06;5.59;5.66;5.49;5.65;2710458;76404568.00
2010/08/09;5.68;5.84;5.67;5.80;4396980;127386784.00
2010/08/10;5.84;5.84;5.52;5.52;2857777;81152104.00
2010/08/11;5.52;5.58;5.45;5.51;1507434;41839160.00
2010/08/12;5.41;5.62;5.41;5.46;1910863;53384968.00
2010/08/13;5.47;5.59;5.38;5.55;1692785;46771512.00
2010/08/16;5.56;5.76;5.56;5.72;2820924;80935592.00
2010/08/17;5.79;5.83;5.70;5.72;3213973;92924224.00
2010/08/18;5.72;5.72;5.60;5.64;2199421;62603468.00
2010/08/19;5.65;5.75;5.63;5.70;2119630;60704288.00
2010/08/20;5.70;5.75;5.58;5.59;2341513;66818748.00
2010/08/23;5.56;5.63;5.42;5.48;1745482;48454828.00
2010/08/24;5.49;5.77;5.45;5.68;2190967;62236708.00
2010/08/25;5.66;5.97;5.62;5.79;9916401;290288288.00
2010/08/26;5.79;6.39;5.71;6.27;10329637;319014464.00
2010/08/27;6.18;6.50;6.14;6.22;6500733;204856848.00
2010/08/30;6.29;6.47;6.16;6.39;5095582;160721648.00
2010/08/31;6.36;6.66;6.19;6.49;7135095;228873568.00
2010/09/01;6.48;6.56;6.14;6.21;6143967;194641584.00
2010/09/02;6.26;6.34;6.10;6.28;3802845;119000584.00
2010/09/03;6.34;6.36;6.14;6.22;3600369;112506280.00
2010/09/06;6.28;6.41;6.10;6.13;3679123;115532616.00
2010/09/07;6.10;6.23;5.97;6.22;2704190;82933000.00
2010/09/08;6.19;6.43;6.12;6.35;4086255;129477056.00
2010/09/09;6.44;6.50;6.10;6.11;4061291;127466344.00
2010/09/10;6.04;6.12;5.93;6.08;2739135;82989400.00
2010/09/13;6.04;6.29;6.04;6.18;2953761;91723720.00
2010/09/14;6.18;6.26;5.97;6.14;2503720;76805384.00
2010/09/15;6.10;6.14;5.72;5.78;3645378;108631368.00
2010/09/16;5.78;5.93;5.60;5.90;3564165;103752736.00
2010/09/17;5.86;6.08;5.83;6.02;3035102;91092456.00
2010/09/20;6.02;6.08;5.72;6.02;2986639;89117688.00
2010/09/21;6.00;6.07;5.87;5.90;1433705;42975032.00
2010/09/27;5.89;6.02;5.82;5.97;1438479;42871356.00
2010/09/28;5.97;5.97;5.78;5.79;1358967;40146576.00
2010/09/29;5.79;5.97;5.75;5.82;1127306;33122924.00
2010/09/30;5.82;5.91;5.79;5.89;935293;27567690.00
2010/10/08;5.94;6.07;5.90;6.05;2297085;69250136.00
2010/10/11;6.05;6.07;5.95;5.97;2370234;71364328.00
2010/10/12;5.95;6.23;5.93;6.21;4973227;152516928.00
2010/10/13;6.22;6.22;6.05;6.12;3264817;100095832.00
2010/10/14;6.12;6.15;5.66;5.69;5330507;156427792.00
2010/10/15;5.62;5.67;5.16;5.38;6405825;175163536.00
2010/10/18;5.35;5.35;5.10;5.23;3446206;90330632.00
2010/10/19;5.25;5.55;5.23;5.50;5062083;137473296.00
2010/10/20;5.39;5.51;5.33;5.40;2664129;72777480.00
2010/10/21;5.41;5.45;5.35;5.42;2414534;65577708.00
2010/10/22;5.43;5.54;5.37;5.49;2199632;60719352.00
2010/10/25;5.48;5.70;5.47;5.66;2912931;82614120.00
2010/10/26;5.67;5.79;5.60;5.66;2997162;85756936.00
2010/10/27;5.66;5.82;5.63;5.65;2876170;82803952.00
2010/10/28;5.65;5.78;5.64;5.76;3728272;107441296.00
2010/10/29;5.72;5.87;5.62;5.85;4179143;121496952.00
2010/11/01;5.83;5.92;5.76;5.88;3685753;108048056.00
2010/11/02;5.89;5.92;5.66;5.67;3794321;110338552.00
2010/11/03;5.66;5.66;5.44;5.45;4684046;130658464.00
2010/11/04;5.45;5.60;5.45;5.58;3029263;84164808.00
2010/11/05;5.66;5.68;5.53;5.58;2590974;72731456.00
2010/11/08;5.62;5.96;5.58;5.93;6075768;176950704.00
2010/11/09;5.91;6.04;5.83;6.03;5161730;154054176.00
2010/11/10;6.02;6.42;5.98;6.21;7736908;242653360.00
2010/11/11;6.13;6.28;5.92;5.93;4912891;151159072.00
2010/11/12;5.89;6.14;5.86;5.97;7105656;213605648.00
2010/11/15;6.00;6.60;5.98;6.60;9380013;300358368.00
2010/11/16;6.73;6.93;6.33;6.58;12567657;418020032.00
2010/11/17;6.39;6.56;5.93;6.07;5817338;183322720.00
2010/11/18;6.18;6.71;6.03;6.71;9250982;301482656.00
2010/11/19;6.81;7.13;6.55;7.02;11302901;390508640.00
2010/11/22;7.00;7.34;6.81;7.06;8776918;310064256.00
2010/11/23;6.97;7.25;6.72;7.20;5711449;199445360.00
2010/11/24;7.09;7.41;7.02;7.18;5641242;202180400.00
2010/11/25;7.12;7.17;6.80;6.93;4887180;169827744.00
2010/11/26;6.93;7.05;6.81;7.00;3353471;116436672.00
2010/11/29;6.92;7.18;6.89;7.10;3249419;114683880.00
2010/11/30;7.10;7.10;6.40;6.72;4764482;159561568.00
2010/12/01;6.61;6.87;6.56;6.87;2230509;74689640.00
2010/12/02;6.87;6.91;6.73;6.82;2171815;73912224.00
2010/12/03;6.82;6.97;6.71;6.85;1748936;59841336.00
2010/12/06;6.83;6.83;6.43;6.53;2594864;85264808.00
2010/12/07;6.46;6.65;6.40;6.63;1917403;63100284.00
2010/12/08;6.63;7.15;6.63;6.89;3320937;114851032.00
2010/12/09;6.90;6.98;6.77;6.93;2149951;73871944.00
2010/12/10;6.93;7.04;6.84;7.01;2408377;83679640.00
2010/12/13;7.10;7.54;7.03;7.42;5101331;185360400.00
2010/12/14;7.43;7.60;7.23;7.56;4124166;153550048.00
2010/12/15;7.61;7.62;7.38;7.42;2916750;108694320.00
2010/12/16;7.35;7.52;7.34;7.43;2021481;74811280.00
2010/12/17;7.41;7.41;7.25;7.40;1581268;57549520.00
2010/12/20;7.36;7.60;7.22;7.53;3711783;137807712.00
2010/12/21;7.51;7.60;7.33;7.39;1886174;69650400.00
2010/12/22;7.37;7.43;7.12;7.20;2102213;75603704.00
2010/12/23;7.12;7.20;6.97;7.11;1789705;63020756.00
2010/12/24;7.01;7.06;6.74;6.79;2040152;69591408.00
2010/12/27;6.76;6.95;6.45;6.77;1693704;56772960.00
2010/12/28;6.72;6.73;6.55;6.72;994409;33061174.00
2010/12/29;6.71;6.90;6.71;6.85;1194917;40728580.00
2010/12/30;6.86;6.95;6.64;6.92;1868368;63841332.00
2010/12/31;6.89;7.01;6.87;7.01;1438689;50054468.00
2011/01/04;7.01;7.08;6.92;6.99;1540284;53686048.00
2011/01/05;7.00;7.00;6.75;6.77;2170004;73881840.00
2011/01/06;6.75;6.76;6.62;6.75;1152734;38533428.00
2011/01/07;6.72;6.86;6.62;6.77;1140414;38406180.00
2011/01/10;6.77;6.77;6.53;6.53;1181720;39147928.00
2011/01/11;6.53;6.59;6.18;6.30;2006359;63629980.00
2011/01/12;6.29;6.34;6.20;6.24;1192850;37407828.00
2011/01/13;6.27;6.38;6.25;6.34;1050978;33318544.00
2011/01/14;6.30;6.33;6.10;6.28;779563;24235536.00
2011/01/17;6.26;6.26;5.83;5.92;1384940;41554260.00
2011/01/18;5.91;5.98;5.85;5.98;694098;20702356.00
2011/01/19;5.98;6.11;5.96;6.07;658771;20018430.00
2011/01/20;6.07;6.08;5.87;5.95;1094284;32859684.00
2011/01/21;5.93;6.06;5.89;5.97;577711;17310680.00
2011/01/24;5.98;6.02;5.63;5.68;1374722;39572788.00
2011/01/25;5.68;5.77;5.52;5.68;735746;20871572.00
2011/01/26;5.77;5.79;5.66;5.73;808354;23260844.00
2011/01/27;5.72;5.85;5.57;5.83;817083;23607678.00
2011/01/28;5.81;5.96;5.77;5.93;584857;17297798.00
2011/01/31;5.84;6.01;5.84;5.97;719439;21530212.00
2011/02/01;5.98;6.11;5.95;6.05;860755;26101508.00
2011/02/09;6.02;6.04;5.85;5.86;708899;21068142.00
2011/02/10;5.81;6.00;5.81;5.99;1040948;30890930.00
2011/02/11;5.99;6.23;5.95;6.10;1434575;43915736.00
2011/02/14;6.10;6.20;6.06;6.16;1043325;32092116.00
2011/02/15;6.18;6.22;6.10;6.14;910135;28084414.00
2011/02/16;6.12;6.21;6.08;6.20;952886;29460912.00
2011/02/17;6.20;6.27;6.15;6.17;1076484;33445358.00
2011/02/18;6.17;6.34;6.15;6.27;1348215;42366036.00
2011/02/21;6.19;6.36;6.19;6.35;1159497;36535652.00
2011/02/22;6.35;6.55;6.14;6.20;1422083;44924800.00
2011/02/23;6.20;6.35;6.14;6.32;1290367;40453312.00
2011/02/24;6.35;6.43;6.20;6.34;1276943;40535152.00
2011/02/25;6.34;6.44;6.22;6.35;1111295;35445832.00
2011/02/28;6.43;6.63;6.35;6.58;1847862;60302520.00
2011/03/01;6.59;6.77;6.56;6.66;1862168;61963496.00
2011/03/02;6.58;6.66;6.51;6.64;957884;31578512.00
2011/03/03;6.65;6.72;6.43;6.44;802746;26331914.00
2011/03/04;6.45;6.51;6.36;6.51;775652;24920436.00
2011/03/07;6.55;6.55;6.41;6.47;1036324;33439248.00
2011/03/08;6.46;6.46;6.34;6.40;916297;29272282.00
2011/03/09;6.40;6.45;6.34;6.39;786542;25104488.00
2011/03/10;6.36;6.53;6.32;6.48;1069392;34568776.00
2011/03/11;6.47;6.52;6.27;6.39;939436;30247758.00
2011/03/14;6.31;6.37;6.12;6.22;1318796;41115692.00
2011/03/15;6.19;6.22;5.95;6.16;1173265;35574796.00
2011/03/16;6.12;6.23;6.08;6.20;640865;19778358.00
2011/03/17;6.10;6.30;5.98;6.14;832500;25711672.00
2011/03/18;6.15;6.23;6.10;6.18;322841;10008555.00
2011/03/21;6.18;6.21;6.06;6.16;569368;17465216.00
2011/03/22;6.16;6.22;6.08;6.22;699337;21610040.00
2011/03/23;6.22;6.33;6.19;6.24;783811;24592828.00
2011/03/24;6.24;6.45;6.24;6.31;1684861;53811596.00
2011/03/25;6.31;6.37;6.25;6.31;1034335;32562840.00
2011/03/28;6.31;6.37;6.11;6.11;818300;25553756.00
2011/03/29;6.12;6.16;5.93;6.05;1006471;30393546.00
2011/03/30;6.06;6.11;5.91;6.07;763106;22964136.00
2011/03/31;6.12;6.15;6.02;6.10;386770;11803856.00
2011/04/01;6.18;6.23;6.11;6.20;531278;16467021.00
2011/04/06;6.20;6.30;6.18;6.22;998746;31172182.00
2011/04/07;6.22;6.28;6.03;6.12;721839;22125300.00
2011/04/08;6.12;6.22;6.05;6.22;678080;20870800.00
2011/04/11;6.22;6.23;6.11;6.12;611361;18877486.00
2011/04/12;6.12;6.24;6.08;6.23;729588;22529646.00
2011/04/13;6.20;6.39;6.16;6.37;1168181;37019224.00
2011/04/14;6.38;6.47;6.32;6.37;1054519;33834056.00
2011/04/15;6.44;6.72;6.44;6.57;1820522;59926888.00
2011/04/18;6.45;6.54;6.40;6.46;877444;28373358.00
2011/04/19;6.46;6.70;6.46;6.61;1948888;64556420.00
2011/04/21;6.70;6.93;6.60;6.60;2155775;72863648.00
2011/04/22;6.60;6.71;6.42;6.55;1037294;33887308.00
2011/04/25;6.51;6.70;6.47;6.55;1137839;37639188.00
2011/04/26;6.50;6.59;6.30;6.36;1069507;34294700.00
2011/04/27;6.37;6.45;6.27;6.39;609917;19443048.00
2011/04/28;6.43;6.44;6.08;6.21;929000;29096292.00
2011/04/29;6.18;6.23;6.08;6.18;694421;21365520.00
2011/05/03;6.21;6.24;6.05;6.21;613672;18882174.00
2011/05/04;6.21;6.21;6.07;6.15;468717;14389517.00
2011/05/05;6.08;6.38;6.08;6.29;854210;26723834.00
2011/05/06;6.27;6.39;6.20;6.33;665070;21114492.00
2011/05/09;6.35;6.47;6.34;6.39;745829;23914668.00
2011/05/10;6.40;6.45;6.33;6.44;692310;22189980.00
2011/05/11;6.46;6.64;6.25;6.55;1633771;32820760.00
2011/05/12;6.50;6.52;6.33;6.35;1202201;23921770.00
2011/05/13;6.32;6.39;6.09;6.31;1435506;27636650.00
2011/05/16;6.25;6.44;6.18;6.20;1865402;36379280.00
2011/05/17;6.13;6.28;6.13;6.24;869694;16800416.00
2011/05/18;6.24;6.29;6.14;6.24;661928;12791041.00
2011/05/19;6.27;6.27;6.16;6.24;607795;11725534.00
2011/05/20;6.22;6.26;6.15;6.23;512031;9856506.00
2011/05/23;6.27;6.27;5.80;6.00;1419571;26468120.00
2011/05/24;5.97;5.99;5.73;5.88;842571;15327141.00
2011/05/25;5.88;5.96;5.69;5.72;596576;10766518.00
2011/05/26;5.78;5.90;5.71;5.79;1044237;18804024.00
2011/05/27;5.85;5.85;5.51;5.69;1015665;17891588.00
2011/05/30;5.69;5.99;5.65;5.92;1767146;32160260.00
2011/05/31;5.88;5.99;5.83;5.98;784957;14456591.00
2011/06/01;6.00;6.05;5.89;5.93;578925;10691557.00
2011/06/02;5.86;5.92;5.82;5.82;662798;12057265.00
2011/06/03;5.85;5.90;5.82;5.88;514800;9386726.00
2011/06/07;5.89;5.98;5.82;5.94;706539;13014913.00
2011/06/08;5.98;5.98;5.81;5.88;519244;9462992.00
2011/06/09;5.89;5.89;5.70;5.82;765536;13745913.00
2011/06/10;5.82;5.83;5.73;5.76;336778;6049611.00
2011/06/13;5.76;5.80;5.61;5.78;374887;6679643.50
2011/06/14;5.92;5.92;5.79;5.84;405011;7379912.00
2011/06/15;5.82;5.88;5.74;5.81;598499;10817256.00
2011/06/16;6.02;6.41;5.94;5.99;3280286;62102436.00
2011/06/17;5.85;5.94;5.76;5.84;1468390;26631582.00
2011/06/20;5.77;5.80;5.52;5.72;993274;17475378.00
2011/06/21;5.72;5.83;5.62;5.83;783560;14080643.00
2011/06/22;5.81;5.84;5.67;5.82;820269;14722791.00
2011/06/23;5.82;5.95;5.69;5.95;734039;13387052.00
2011/06/24;5.92;6.23;5.89;6.14;2178013;40996868.00
2011/06/27;6.14;6.20;6.06;6.18;1266864;24126138.00
2011/06/28;6.18;6.18;6.12;6.15;760645;14510836.00
2011/06/29;6.12;6.24;6.06;6.06;1408582;26802748.00
2011/06/30;6.11;6.17;6.03;6.12;828100;15742110.00
2011/07/01;6.12;6.15;6.05;6.12;944271;17910394.00
2011/07/04;6.11;6.23;6.06;6.21;1285096;24688270.00
2011/07/05;6.24;6.35;6.18;6.35;1714373;33407910.00
2011/07/06;6.36;6.67;6.36;6.67;4551858;92141864.00
2011/07/07;6.62;6.85;6.49;6.79;5188412;107531936.00
2011/07/08;6.84;6.92;6.62;6.72;6227222;130885384.00
2011/07/11;6.65;6.72;6.52;6.65;2136356;43742004.00
2011/07/12;6.65;6.80;6.59;6.63;2582658;53771860.00
2011/07/13;6.64;6.74;6.54;6.69;1840431;37816392.00
2011/07/14;6.75;6.76;6.60;6.70;1498535;30910274.00
2011/07/15;6.69;6.86;6.65;6.82;3357661;70548128.00
2011/07/18;6.83;6.88;6.74;6.84;2165681;45497796.00
2011/07/19;6.84;6.85;6.56;6.58;2145293;44485748.00
2011/07/20;6.60;6.67;6.49;6.62;2248731;45629064.00
2011/07/21;6.56;6.59;6.45;6.49;791880;15990195.00
2011/07/22;6.51;6.61;6.49;6.51;630978;12785518.00
2011/07/25;6.51;6.54;6.16;6.19;1568899;30711102.00
2011/07/26;6.19;6.28;6.10;6.23;889610;17001374.00
2011/07/28;6.25;6.31;6.13;6.27;991558;19156816.00
2011/07/29;6.27;6.35;6.19;6.30;929562;18148754.00
2011/08/01;6.26;6.34;6.25;6.29;611092;11943617.00
2011/08/02;6.30;6.30;6.04;6.19;809707;15387766.00
2011/08/03;6.11;6.33;6.06;6.33;755019;14629949.00
2011/08/04;6.34;6.44;6.27;6.33;607407;11985433.00
2011/08/05;6.14;6.25;5.79;6.23;782736;14945404.00
2011/08/08;6.13;6.21;5.75;5.99;1348058;25104636.00
2011/08/09;5.85;6.01;5.75;5.95;1181297;21718952.00
2011/08/10;6.05;6.20;6.02;6.02;958022;18199816.00
2011/08/11;5.85;6.34;5.83;6.28;1816840;35137100.00
2011/08/12;6.28;6.50;6.25;6.40;1675164;33281398.00
2011/08/15;6.48;6.54;6.34;6.47;1287753;25742512.00
2011/08/16;6.54;6.57;6.36;6.47;1013333;20224286.00
2011/08/17;6.44;6.47;6.34;6.45;1080992;21459478.00
2011/08/18;6.43;6.47;6.30;6.40;778295;15364603.00
2011/08/19;6.32;6.44;6.25;6.42;991744;19519520.00
2011/08/22;6.41;6.50;6.36;6.45;952358;19020672.00
2011/08/23;6.46;6.68;6.46;6.61;2254860;46179844.00
2011/08/24;6.65;6.68;6.56;6.56;1120750;22913440.00
2011/08/25;6.50;6.57;6.39;6.56;1562411;31306022.00
2011/08/26;6.55;6.62;6.51;6.56;1079807;21922266.00
2011/08/29;6.55;6.61;6.45;6.51;907945;18413700.00
2011/08/30;6.54;6.65;6.48;6.55;1707798;34756760.00
2011/08/31;6.53;6.61;6.35;6.46;1118894;22345492.00
2011/09/01;6.46;6.49;6.40;6.41;628593;12540437.00
2011/09/02;6.39;6.51;6.35;6.35;595266;11830403.00
2011/09/05;6.33;6.33;6.11;6.19;883975;16920356.00
2011/09/06;6.15;6.23;6.05;6.18;659464;12553544.00
2011/09/07;6.21;6.28;6.10;6.25;411576;7907494.00
2011/09/08;6.24;6.28;6.05;6.06;999161;19103052.00
2011/09/09;6.12;6.18;5.95;5.96;382457;7183640.50
2011/09/13;5.92;5.92;5.74;5.89;803088;14527735.00
2011/09/14;5.88;5.95;5.79;5.92;394642;7185826.50
2011/09/15;5.92;6.01;5.89;5.98;544616;10096209.00
2011/09/16;5.99;6.04;5.98;6.01;345341;6433473.00
2011/09/19;5.98;5.98;5.81;5.84;504807;9231750.00
2011/09/20;5.98;5.99;5.79;5.89;243671;4455586.00
2011/09/21;5.92;6.18;5.84;6.09;1411945;26598984.00
2011/09/22;6.04;6.10;5.92;5.92;666874;12485798.00
2011/09/23;5.83;6.01;5.80;5.96;964292;17726506.00
2011/09/26;5.97;6.04;5.84;5.87;623867;11521254.00
2011/09/27;5.89;6.01;5.89;5.89;547525;10135185.00
2011/09/28;5.97;5.98;5.65;5.69;944467;16961418.00
2011/09/29;5.69;5.73;5.47;5.55;867564;15122702.00
2011/09/30;5.58;5.59;5.39;5.55;366208;6265168.00
2011/10/10;5.59;5.66;5.50;5.53;389148;6764663.00
2011/10/11;5.78;5.78;5.55;5.59;584043;10297595.00
2011/10/12;5.59;6.05;5.52;6.02;1301702;23667780.00
2011/10/13;5.99;6.24;5.97;6.20;2328800;44614416.00
2011/10/14;6.20;6.22;6.07;6.18;1079665;20609364.00
2011/10/17;6.22;6.37;6.09;6.12;2347634;45328224.00
2011/10/18;6.02;6.08;5.89;5.91;2049979;38118688.00
2011/10/19;5.99;6.22;5.94;5.95;2841187;53806504.00
2011/10/20;6.02;6.22;5.89;5.92;4701369;88297584.00
2011/10/21;5.92;5.92;5.46;5.55;2670469;46464192.00
2011/10/24;5.55;5.89;5.12;5.79;2956598;51019232.00
2011/10/25;5.79;6.07;5.66;5.97;4520505;83492640.00
2011/10/26;5.96;6.59;5.92;6.59;11357596;228616320.00
2011/10/27;6.77;7.20;6.73;6.85;23276752;498662656.00
2011/10/28;6.89;7.54;6.88;7.33;22659981;503233408.00
2011/10/31;7.15;7.95;7.12;7.62;24349002;568641280.00
2011/11/01;7.46;7.88;7.42;7.61;17494740;409980032.00
2011/11/02;7.43;8.09;7.43;7.96;20765482;495173984.00
2011/11/03;7.88;7.95;7.60;7.62;18414027;440560960.00
2011/11/04;7.62;8.01;7.51;7.77;14816580;353959904.00
2011/11/07;7.70;7.90;7.63;7.89;10679792;256474288.00
2011/11/08;7.99;8.09;7.54;7.61;11558172;279066240.00
2011/11/09;7.54;7.91;7.26;7.89;19642686;462162272.00
2011/11/10;7.72;7.75;7.08;7.11;17724961;407074432.00
2011/11/11;7.12;7.40;7.02;7.15;13100556;290773760.00
2011/11/14;7.18;7.38;7.15;7.30;9339044;209812928.00
2011/11/15;7.25;8.05;7.17;8.05;21027917;493707360.00
2011/11/16;8.11;8.18;7.78;8.04;24607361;605201344.00
2011/11/17;8.01;8.11;7.83;7.91;11483260;280927776.00
2011/11/18;7.84;7.90;7.29;7.33;12302883;287334912.00
2011/11/21;7.32;7.39;7.16;7.32;7110787;159622416.00
2011/11/22;7.22;7.47;7.12;7.25;9467216;213245856.00
2011/11/23;7.27;7.97;7.16;7.69;18049606;424670208.00
2011/11/24;7.60;7.95;7.49;7.74;15206900;362465632.00
2011/11/25;7.69;8.54;7.60;8.35;28293305;724202176.00
2011/11/28;8.30;8.53;8.00;8.24;22364717;571660288.00
2011/11/29;8.20;8.66;8.16;8.45;20216174;521644832.00
2011/11/30;8.24;8.30;7.59;7.59;21609369;520994624.00
2011/12/01;7.85;7.94;7.59;7.65;13872337;332259936.00
2011/12/02;7.46;7.78;6.99;7.32;14261086;325268128.00
2011/12/05;7.20;7.51;7.02;7.11;8466656;191485376.00
2011/12/06;7.13;7.45;6.82;7.35;13621534;300671168.00
2011/12/07;7.29;7.67;7.23;7.57;14724286;340165664.00
2011/12/08;7.54;8.29;7.46;7.98;18850738;459973344.00
2011/12/09;7.84;8.00;7.61;7.66;11984786;288383040.00
2011/12/12;7.56;8.14;7.56;7.85;14624012;356685280.00
2011/12/13;7.73;8.48;7.19;8.19;23250894;569430784.00
2011/12/14;7.98;8.30;7.55;7.74;19626278;482112864.00
2011/12/15;7.51;8.20;7.35;7.82;16595773;402367200.00
2011/12/16;7.62;8.63;7.60;8.63;26940563;682218624.00
2011/12/19;8.52;9.40;8.32;9.09;30941520;830940736.00
2011/12/20;8.94;9.09;8.62;8.68;20031151;545171456.00
2011/12/21;8.78;9.23;8.69;8.72;22067950;605151680.00
2011/12/22;8.55;9.12;8.13;8.92;21693320;580843392.00
2011/12/23;8.79;9.08;8.58;8.79;15866168;431271872.00
2011/12/26;8.70;8.99;8.35;8.36;13483216;359094048.00
2011/12/27;8.15;8.49;7.78;7.89;16206846;405427744.00
2011/12/28;7.72;8.27;7.66;8.25;15001653;368545696.00
2011/12/29;8.18;8.25;7.92;8.02;11614212;288134144.00
2011/12/30;8.04;8.45;8.04;8.16;10319416;261907072.00
2012/01/04;8.32;8.94;8.32;8.51;17024420;450862080.00
2012/01/05;8.37;8.71;8.31;8.38;15518153;406433088.00
2012/01/06;8.22;8.34;7.75;8.33;14534007;360584256.00
2012/01/09;8.28;8.88;8.20;8.73;17023073;448301664.00
2012/01/10;8.72;9.51;8.64;9.49;25961605;724012736.00
2012/01/11;9.36;9.61;9.25;9.25;19325726;557481920.00
2012/01/12;9.22;9.50;9.04;9.20;15851485;450705248.00
2012/01/13;9.19;9.25;8.67;8.78;15163190;415519232.00
2012/01/16;8.60;8.95;8.32;8.82;12307213;327889728.00
2012/01/17;8.72;9.39;8.36;9.25;16418825;452697600.00
2012/01/18;9.15;9.42;8.79;8.83;15347024;429925664.00
2012/01/19;8.45;8.55;7.92;7.92;18866336;468290336.00
2012/01/20;7.70;8.12;7.62;7.83;12390676;299385536.00
2012/01/30;7.85;8.07;7.85;7.93;7696437;188817376.00
2012/01/31;7.93;8.07;7.46;8.01;10452826;250491936.00
2012/02/01;7.89;7.97;7.66;7.67;6695622;161294384.00
2012/02/02;7.70;7.95;7.54;7.89;10384372;249157600.00
2012/02/03;7.85;7.97;7.73;7.90;9246509;224358960.00
2012/02/06;7.84;8.05;7.84;7.90;8203600;200526544.00
2012/02/07;7.85;8.18;7.76;8.03;14991430;371111040.00
2012/02/08;7.98;8.19;7.93;8.17;11431432;284249824.00
2012/02/09;8.15;8.52;8.11;8.25;14821397;380754688.00
2012/02/10;8.25;8.36;8.09;8.19;9767768;246453600.00
2012/02/13;8.12;8.89;8.07;8.61;19150445;501330400.00
2012/02/14;8.59;8.62;8.35;8.48;11489408;299532512.00
2012/02/15;8.48;8.73;8.40;8.64;12399912;327469728.00
2012/02/16;8.67;8.94;8.55;8.63;12501195;335493280.00
2012/02/17;8.59;8.67;8.36;8.53;9301193;243567056.00
2012/02/20;8.64;9.06;8.58;8.66;14569923;393858432.00
2012/02/21;8.61;9.15;8.51;9.00;20331796;553948480.00
2012/02/22;8.97;9.14;8.89;9.05;14255923;394653792.00
2012/02/23;8.98;9.07;8.80;8.88;11546158;316554848.00
2012/02/24;8.89;9.14;8.79;8.90;13893531;383200352.00
2012/02/27;8.94;9.31;8.82;9.07;17028684;473484256.00
2012/02/28;9.05;9.39;9.00;9.20;19462765;548551552.00
2012/02/29;9.35;9.58;8.75;8.78;20149864;569778560.00
2012/03/01;8.57;8.88;8.55;8.72;9260736;247748816.00
2012/03/02;8.74;8.90;8.72;8.88;7429122;201364816.00
2012/03/05;8.88;9.25;8.85;9.07;13047316;363043328.00
2012/03/06;9.02;9.17;8.85;8.90;8267182;227967920.00
2012/03/07;8.80;9.17;8.76;9.05;10618875;292714624.00
2012/03/08;9.06;9.43;9.01;9.23;14599433;414454336.00
2012/03/09;9.20;9.33;9.11;9.24;9781451;276158400.00
2012/03/12;9.26;9.65;9.14;9.59;16166535;466707552.00
2012/03/13;9.53;9.58;9.30;9.46;11411128;330373504.00
2012/03/14;9.49;9.50;8.54;8.75;15930101;444875616.00
2012/03/15;8.66;8.84;8.29;8.45;9177459;241114448.00
2012/03/16;8.47;8.65;8.37;8.62;6971067;183528096.00
2012/03/19;8.61;8.69;8.39;8.68;6819141;179134096.00
2012/03/20;8.65;8.65;8.41;8.42;4774453;125037528.00
2012/03/21;8.48;8.56;8.31;8.48;5213872;135294656.00
2012/03/22;8.45;8.50;8.34;8.35;3812084;98632080.00
2012/03/23;8.31;8.52;8.25;8.30;4853190;125189392.00
2012/03/26;8.27;8.37;7.98;8.07;4129453;103707360.00
2012/03/27;8.13;8.24;8.06;8.09;3071209;76910680.00
2012/03/28;8.08;8.15;7.63;7.78;5559890;134265008.00
2012/03/29;7.72;7.85;7.58;7.60;4036762;95939400.00
2012/03/30;7.61;7.69;7.10;7.33;5542033;125489768.00
2012/04/05;7.30;7.57;7.24;7.54;5505403;126344744.00
2012/04/06;7.53;7.63;7.48;7.61;4826916;112635760.00
2012/04/09;7.58;7.58;7.27;7.30;4396220;100349848.00
2012/04/10;7.25;7.50;7.20;7.50;5448905;124199688.00
2012/04/11;7.45;7.71;7.34;7.58;7677192;179658272.00
2012/04/12;7.62;7.69;7.47;7.65;6176468;144658032.00
2012/04/13;7.62;8.05;7.58;7.85;8901653;214839952.00
2012/04/16;7.75;7.83;7.69;7.74;4717074;112651896.00
2012/04/17;7.74;7.78;7.52;7.55;5376626;126405472.00
2012/04/18;7.57;7.70;7.56;7.67;5156529;121737312.00
2012/04/19;7.69;7.77;7.59;7.62;4768513;112871440.00
2012/04/20;7.63;7.76;7.47;7.68;5920903;139219792.00
2012/04/23;7.62;7.65;7.13;7.16;6880093;156135168.00
2012/04/24;7.11;7.11;6.60;7.07;8751707;184930064.00
2012/04/25;6.97;7.11;6.79;6.99;5967949;128251616.00
2012/04/26;6.99;7.07;6.84;6.85;4476647;95563200.00
2012/04/27;6.88;7.25;6.87;7.08;8691503;190388496.00
2012/05/02;7.12;7.19;7.00;7.12;6225596;136666496.00
2012/05/03;7.10;7.14;7.02;7.07;3900234;85299976.00
2012/05/04;7.07;7.20;7.02;7.17;4827276;106721272.00
2012/05/07;7.12;7.26;7.04;7.23;4981161;110173184.00
2012/05/08;7.26;7.78;7.26;7.60;14899961;348210304.00
2012/05/09;7.53;7.53;7.36;7.37;7141597;163492448.00
2012/05/10;7.36;7.48;7.29;7.32;4576971;104216840.00
2012/05/14;7.50;7.77;7.42;7.44;10234466;240048256.00
2012/05/15;7.30;7.45;7.15;7.39;5065439;113590584.00
2012/05/16;7.36;7.36;7.06;7.06;4635876;103085968.00
2012/05/17;7.03;7.19;6.94;7.12;4363007;95329992.00
2012/05/18;7.06;7.11;6.94;6.95;3467493;74907904.00
2012/05/21;6.92;7.00;6.72;6.79;3309441;69922072.00
2012/05/22;6.83;6.97;6.83;6.90;2463258;52648800.00
2012/05/23;6.90;6.94;6.79;6.87;3055854;64787824.00
2012/05/24;6.85;6.92;6.82;6.88;2937329;62346708.00
2012/05/25;6.88;6.91;6.67;6.69;3098870;64888344.00
2012/05/28;6.69;6.69;6.40;6.66;3631170;73528568.00
2012/05/29;6.78;6.93;6.68;6.88;5165019;108139424.00
2012/05/30;6.89;6.97;6.85;6.89;3419574;72240392.00
2012/05/31;6.83;7.11;6.72;7.02;6293788;134623536.00
2012/06/01;7.01;7.05;6.89;6.90;3679480;78556112.00
2012/06/04;6.75;6.91;6.67;6.68;3551729;73707928.00
2012/06/05;6.68;6.83;6.61;6.75;3026451;62552268.00
2012/06/06;6.76;6.81;6.57;6.63;2246341;46036024.00
2012/06/07;6.71;6.75;6.50;6.50;2632860;53258688.00
2012/06/08;6.58;6.68;6.47;6.58;3265509;65993660.00
2012/06/11;6.56;6.75;6.55;6.69;2958057;60608300.00
2012/06/12;6.63;6.77;6.56;6.70;3059506;62327252.00
2012/06/13;6.72;6.85;6.67;6.81;4215052;87519496.00
2012/06/14;6.82;6.82;6.71;6.72;3128897;64854896.00
2012/06/15;6.77;6.82;6.61;6.70;2457594;50646352.00
2012/06/18;6.76;6.92;6.76;6.90;5887707;123805728.00
2012/06/19;6.89;7.22;6.85;7.09;10890786;236138208.00
2012/06/20;7.07;7.18;6.95;6.98;5280481;114155856.00
2012/06/21;6.95;7.35;6.92;7.22;9421564;206242048.00
2012/06/25;7.21;7.21;7.06;7.07;5066690;110523864.00
2012/06/26;7.02;7.03;6.62;6.80;5404701;112179720.00
2012/06/27;6.78;6.95;6.69;6.70;3516995;73665992.00
2012/06/28;6.69;6.77;6.59;6.59;3291386;67295096.00
2012/06/29;6.63;6.89;6.60;6.83;4124226;85214208.00
2012/07/02;6.91;7.08;6.83;6.99;4145239;88477424.00
2012/07/03;7.02;7.13;6.95;7.07;4180070;90162328.00
2012/07/04;7.04;7.09;6.92;6.96;2969934;63576636.00
2012/07/05;6.98;7.19;6.97;7.08;6674777;145195232.00
2012/07/06;7.23;7.72;7.12;7.52;13601624;306892128.00
2012/07/09;7.45;7.70;7.39;7.44;10464858;242187808.00
2012/07/10;7.38;7.66;7.38;7.54;7381295;170293712.00
2012/07/11;7.42;7.54;7.23;7.35;6539061;147089312.00
2012/07/12;7.34;7.62;7.22;7.56;7983252;181527264.00
2012/07/13;7.72;7.78;7.40;7.41;11433022;266502864.00
2012/07/16;7.34;7.35;6.96;7.02;6751556;148160208.00
2012/07/17;6.96;7.19;6.92;7.13;3651106;79050184.00
2012/07/18;7.30;7.33;7.08;7.28;4180147;92685712.00
2012/07/19;7.23;7.48;7.19;7.36;5107734;114892512.00
2012/07/20;7.35;7.38;7.16;7.17;2969490;66012120.00
2012/07/23;7.10;7.21;6.92;7.06;3428628;73949752.00
2012/07/24;7.05;7.19;6.97;7.09;2776226;60220348.00
2012/07/25;7.15;7.19;7.01;7.01;2980003;64802156.00
2012/07/26;7.00;7.08;6.92;6.99;3262331;69854896.00
2012/07/27;7.03;7.13;6.99;7.04;2523969;54561848.00
2012/07/30;7.05;7.11;6.62;6.67;3618567;76239656.00
2012/07/31;6.67;6.78;6.42;6.43;2519091;50366200.00
2012/08/01;6.56;7.07;6.45;6.79;3354860;69134096.00
2012/08/02;6.79;6.84;6.65;6.69;1943991;40202220.00
2012/08/03;6.66;6.95;6.62;6.87;2790052;57935600.00
2012/08/06;6.80;6.99;6.78;6.96;2827732;60002444.00
2012/08/07;7.01;7.15;6.97;6.99;3394051;73367024.00
2012/08/08;7.00;7.16;6.88;7.07;3916347;84190192.00
2012/08/09;7.06;7.25;7.05;7.15;3301775;72137360.00
2012/08/10;7.15;7.15;6.99;7.03;2575747;55479280.00
2012/08/13;7.02;7.02;6.78;6.79;2158550;45608756.00
2012/08/14;6.76;6.86;6.58;6.86;2833937;58633880.00
2012/08/15;6.81;7.02;6.77;6.95;3421564;72430968.00
2012/08/16;6.89;6.93;6.72;6.75;2574917;53750240.00
2012/08/17;6.73;6.81;6.63;6.76;1522787;31481538.00
2012/08/20;6.72;6.80;6.63;6.75;1017975;20971350.00
2012/08/21;6.82;7.02;6.77;6.94;2915924;61683536.00
2012/08/22;6.94;7.06;6.89;6.97;3045682;65141524.00
2012/08/23;6.97;7.01;6.87;6.95;1665618;35381240.00
2012/08/24;6.95;7.02;6.72;6.73;1815170;38259656.00
2012/08/27;6.73;6.73;6.54;6.56;1935777;39196296.00
2012/08/28;6.56;6.67;6.56;6.60;1015136;20590572.00
2012/08/29;6.60;6.62;6.45;6.51;1844953;36885320.00
2012/08/30;6.46;6.55;6.05;6.35;2461511;47861280.00
2012/08/31;6.32;6.39;6.22;6.31;1136438;21963552.00
2012/09/03;6.31;6.47;6.25;6.40;1610044;31528696.00
2012/09/04;6.39;6.44;6.26;6.28;1394981;27214384.00
2012/09/05;6.27;6.35;6.15;6.31;1834520;35252412.00
2012/09/06;6.26;6.26;5.86;5.98;7176700;131814576.00
2012/09/07;5.99;6.30;5.94;6.19;7567600;142043728.00
2012/09/10;6.17;6.43;6.09;6.38;5037925;97544512.00
2012/09/11;6.35;6.55;6.26;6.42;4130309;81440424.00
2012/09/12;6.48;6.58;6.45;6.58;5139811;102950696.00
2012/09/13;6.63;6.64;6.40;6.40;2212593;44151628.00
2012/09/14;6.51;6.57;6.40;6.45;1998653;39728184.00
2012/09/17;6.47;6.47;6.19;6.20;1735586;33528214.00
2012/09/18;6.18;6.24;6.05;6.11;1090666;20577878.00
2012/09/19;6.11;6.27;6.11;6.19;905771;17264468.00
2012/09/20;6.22;6.22;5.99;6.03;1102428;20581750.00
2012/09/21;6.16;6.27;6.02;6.06;1440424;27173584.00
2012/09/24;5.89;6.22;5.88;6.14;1465821;27557380.00
2012/09/25;6.10;6.14;5.99;6.02;1027813;19109594.00
2012/09/26;6.05;6.09;5.89;5.91;926969;16896822.00
2012/09/27;5.91;6.06;5.88;6.00;1409552;25928460.00
2012/09/28;6.00;6.11;5.97;6.10;1278802;23779338.00
2012/10/08;6.11;6.16;6.03;6.05;781085;14589925.00
2012/10/12;6.67;6.67;6.28;6.39;6174828;123111168.00
2012/10/15;6.32;6.32;6.15;6.26;2452764;46924128.00
2012/10/16;6.29;6.59;6.26;6.50;4397128;86997936.00
2012/10/17;6.50;6.50;6.39;6.42;2147736;42352220.00
2012/10/18;6.42;6.50;6.39;6.44;1946906;38467880.00
2012/10/19;6.42;6.48;6.31;6.32;1745729;34141816.00
2012/10/22;6.26;6.34;6.20;6.33;2481851;47619956.00
2012/10/23;6.35;6.35;6.23;6.25;1235087;23789908.00
2012/10/24;6.25;6.25;6.14;6.15;1352126;25678384.00
2012/10/25;6.09;6.17;6.08;6.09;1304223;24507592.00
2012/10/26;6.09;6.13;5.95;6.06;1507474;27968492.00
2012/10/29;6.07;6.15;6.01;6.12;935236;17520172.00
2012/10/30;6.13;6.23;6.12;6.16;1151192;21860842.00
2012/10/31;6.18;6.21;6.13;6.18;669830;12677715.00
2012/11/01;6.17;6.27;6.17;6.24;1675744;32043328.00
2012/11/02;6.24;6.34;6.21;6.32;2356688;45502424.00
2012/11/05;6.29;6.34;6.15;6.15;2110584;40271104.00
2012/11/06;6.12;6.25;6.05;6.22;1955940;36771724.00
2012/11/07;6.22;6.24;6.12;6.21;1608145;30546146.00
2012/11/08;6.15;6.30;6.12;6.25;2980092;57011240.00
2012/11/09;6.19;6.25;6.12;6.12;1603228;30503376.00
2012/11/12;6.13;6.14;6.06;6.09;1169088;21905580.00
2012/11/13;6.11;6.11;5.99;6.00;1196134;22238472.00
2012/11/14;5.98;6.04;5.96;6.01;806593;14863678.00
2012/11/15;5.96;6.04;5.88;5.89;907847;16631453.00
2012/11/16;5.87;5.91;5.79;5.80;989541;17784450.00
2012/11/19;5.77;5.84;5.61;5.77;1708141;30071722.00
2012/11/20;5.79;5.83;5.64;5.67;1160917;20458852.00
2012/11/21;5.66;5.73;5.58;5.71;1016642;17702410.00
2012/11/22;5.67;5.75;5.65;5.66;869651;15240761.00
2012/11/23;5.69;5.71;5.63;5.68;782954;13667658.00
2012/11/26;5.64;5.71;5.58;5.58;730574;12663671.00
2012/11/27;5.56;5.58;5.27;5.27;1293282;21394560.00
2012/11/28;5.27;5.29;5.00;5.09;1189486;18735804.00
2012/11/29;5.04;5.15;4.95;4.95;837275;13098152.00
2012/11/30;4.95;5.08;4.92;5.06;973735;15049764.00
2012/12/03;5.06;5.07;4.95;4.97;1088186;16796542.00
2012/12/04;4.95;5.07;4.77;5.02;1746123;26409354.00
2012/12/05;5.02;5.23;5.02;5.22;2164594;34438012.00
2012/12/06;5.23;5.25;5.15;5.20;1036175;16583895.00
2012/12/07;5.14;5.33;5.14;5.28;1931632;31230376.00
2012/12/10;5.32;5.46;5.23;5.39;2168866;35713884.00
2012/12/11;5.35;5.35;5.27;5.33;1645613;26951052.00
2012/12/12;5.35;5.35;5.22;5.26;1054862;17138426.00
2012/12/13;5.27;5.29;5.17;5.19;1633111;26296254.00
2012/12/14;5.19;5.46;5.18;5.39;2880781;47304924.00
2012/12/17;5.40;5.48;5.33;5.44;2250485;37420776.00
2012/12/18;5.39;5.48;5.35;5.37;1937434;32275316.00
2012/12/19;5.39;5.64;5.39;5.46;2999099;50920972.00
2012/12/20;5.45;5.45;5.27;5.43;2684696;44292872.00
2012/12/21;5.44;5.52;5.37;5.46;2138387;35863080.00
2012/12/24;5.45;5.47;5.39;5.45;1169989;19572088.00
2012/12/25;5.43;5.68;5.42;5.60;3156662;54376440.00
2012/12/26;5.60;5.75;5.60;5.73;3229571;56568572.00
2012/12/27;5.74;5.79;5.60;5.75;2333369;40853732.00
2012/12/28;5.92;6.18;5.92;6.07;6674422;123729344.00
2012/12/31;6.04;6.24;6.00;6.15;4042254;76149856.00
2013/01/04;6.19;6.23;5.96;6.00;2838092;52933264.00
2013/01/07;6.00;6.62;5.95;6.59;7927054;154663568.00
2013/01/08;6.52;6.65;6.45;6.53;4221325;84724216.00
2013/01/09;6.52;6.53;6.40;6.47;2488277;49217084.00
2013/01/10;6.47;6.55;6.45;6.49;1969117;39204544.00
2013/01/11;6.51;6.51;6.23;6.23;2873442;56045516.00
2013/01/14;6.19;6.52;6.19;6.43;4388519;86670416.00
2013/01/15;6.45;6.77;6.45;6.59;4356140;88818224.00
2013/01/16;6.58;6.72;6.54;6.62;3748998;76277112.00
2013/01/17;6.65;6.65;6.49;6.57;2586962;52228860.00
2013/01/18;6.60;6.92;6.57;6.86;4232088;88612208.00
2013/01/21;6.82;7.25;6.79;7.19;6260433;136444368.00
2013/01/22;7.22;7.24;6.92;6.99;3340547;72365248.00
2013/01/23;7.12;7.69;7.12;7.23;4242507;94979792.00
2013/01/24;7.26;7.37;6.89;7.02;3323311;72587768.00
2013/01/25;7.02;7.27;6.92;7.08;2136914;46674012.00
2013/01/28;7.14;7.55;7.14;7.50;5526578;125712048.00
2013/01/29;7.55;7.67;7.38;7.55;4451474;102633896.00
2013/01/30;7.55;7.65;7.47;7.51;2511979;58058800.00
2013/01/31;7.52;7.60;7.26;7.56;3323359;75632424.00
2013/02/01;7.57;7.57;7.31;7.37;2753178;62410900.00
2013/02/04;7.47;7.48;6.62;6.95;9682423;203444480.00
2013/02/05;6.83;7.05;6.64;7.00;3281814;69261824.00
2013/02/06;7.02;7.13;6.92;6.93;2311960;49713832.00
2013/02/07;6.89;7.24;6.79;7.12;2415823;52214364.00
2013/02/08;7.05;7.37;6.97;7.33;3565929;78180632.00
2013/02/18;7.32;7.33;7.15;7.20;2347816;51825884.00
2013/02/19;7.20;7.28;6.91;7.01;1982367;42881972.00
2013/02/20;7.01;7.11;6.90;7.09;1838452;39602312.00
2013/02/21;7.03;7.06;6.83;6.96;2470493;52360392.00
2013/02/22;6.90;7.19;6.90;7.10;2683761;58287056.00
2013/02/25;7.09;7.13;6.97;7.05;1569731;33807864.00
2013/02/26;7.02;7.27;6.92;7.02;2821125;61568780.00
2013/02/27;6.97;7.10;6.94;7.01;1251856;26877852.00
2013/02/28;7.02;7.10;6.97;7.07;2061388;44417748.00
2013/03/01;7.15;7.35;7.14;7.27;4381159;97198488.00
2013/03/04;7.27;7.41;7.12;7.17;4095701;91430712.00
2013/03/05;7.19;7.52;7.15;7.49;4951653;111742512.00
2013/03/06;7.50;7.68;7.42;7.61;5264278;121807760.00
2013/03/07;7.61;7.65;7.33;7.44;3421611;78249056.00
2013/03/08;7.43;7.51;7.24;7.25;1738910;39248616.00
2013/03/11;7.25;7.29;7.11;7.19;1349135;29608310.00
2013/03/12;7.18;7.25;6.60;6.77;2937302;61548496.00
2013/03/13;6.74;6.74;6.40;6.51;2740736;54781312.00
2013/03/14;6.50;6.62;6.46;6.49;1453908;29203994.00
2013/03/15;6.49;6.66;6.43;6.51;1876767;37757508.00
2013/03/18;6.51;6.58;6.43;6.49;1237619;24604408.00
2013/03/19;6.56;6.67;6.32;6.47;1953176;38514100.00
2013/03/20;6.47;6.69;6.46;6.68;2615733;52854296.00
2013/03/21;6.72;6.80;6.68;6.77;2489237;51462356.00
2013/03/22;6.74;6.84;6.73;6.78;1610454;33510450.00
2013/03/25;6.78;6.85;6.59;6.65;1727481;35357520.00
2013/03/26;6.65;6.65;6.44;6.50;1727452;34426556.00
2013/03/27;6.45;6.69;6.39;6.66;3198969;64156872.00
2013/03/28;6.59;6.59;6.41;6.50;1872873;37365280.00
2013/03/29;6.51;6.58;6.25;6.32;2282605;44610964.00
2013/04/01;6.24;6.44;6.21;6.39;1494530;28997520.00
2013/04/02;6.39;6.44;6.12;6.22;2140516;41048292.00
2013/04/03;6.19;6.28;5.94;6.15;2113818;39109108.00
2013/04/08;6.02;6.16;5.86;6.14;1084027;20134644.00
2013/04/09;6.09;6.27;6.09;6.23;1161702;22176596.00
2013/04/10;6.23;6.26;6.17;6.19;1158109;22094506.00
2013/04/11;6.19;6.27;6.19;6.19;645960;12369062.00
2013/04/12;6.22;6.23;6.08;6.19;903319;17098252.00
2013/04/15;6.19;6.33;6.12;6.32;1248501;23957950.00
2013/04/16;6.28;6.42;6.25;6.38;2362569;46282400.00
2013/04/17;6.38;6.55;6.36;6.52;2211553;43980248.00
2013/04/18;6.53;7.15;6.47;6.85;8152277;113732064.00
2013/04/19;6.87;7.06;6.80;7.06;7497250;106358688.00
2013/04/22;7.04;7.39;6.92;7.36;8950098;132036536.00
2013/04/23;7.36;7.37;7.03;7.06;6380948;93066328.00
2013/04/24;7.03;7.78;7.02;7.71;23657471;367203296.00
2013/04/25;7.62;7.70;7.12;7.37;17376038;264338176.00
2013/04/26;7.28;7.55;7.13;7.32;6777095;101430608.00
2013/05/02;7.30;7.57;7.22;7.53;6921734;105116512.00
2013/05/03;7.55;7.99;7.52;7.82;10893894;172578576.00
2013/05/06;7.77;8.25;7.75;7.97;13734125;225811440.00
2013/05/07;7.91;8.20;7.88;8.02;6238586;101795112.00
2013/05/08;8.02;8.50;7.97;8.37;12678784;212479744.00
2013/05/09;8.27;8.60;8.22;8.38;10620746;180704160.00
2013/05/10;8.32;8.42;8.03;8.14;8694337;144366640.00
2013/05/13;8.07;8.36;8.00;8.26;5865779;97520208.00
2013/05/14;8.26;8.37;8.09;8.20;5392068;90328832.00
2013/05/15;8.17;8.75;8.17;8.64;10461466;180968592.00
2013/05/16;8.66;8.82;8.27;8.40;18616032;321200288.00
2013/05/17;8.28;8.54;8.00;8.40;14156154;238160688.00
2013/05/20;8.35;8.67;8.17;8.57;11253448;193028640.00
2013/05/21;8.51;9.44;8.43;9.44;17916332;325884608.00
2013/05/22;9.44;9.44;8.92;8.99;11124152;205235440.00
2013/05/23;9.00;9.17;8.93;8.94;6494305;119217464.00
2013/05/24;9.12;9.54;9.12;9.52;13635865;259285520.00
2013/05/27;9.47;9.69;9.36;9.67;10075661;194612896.00
2013/05/28;9.62;9.62;9.12;9.22;7950694;150207616.00
2013/05/29;9.25;9.40;9.08;9.32;6492608;121867216.00
2013/05/30;9.31;9.41;9.18;9.35;5411789;102204984.00
2013/05/31;9.40;9.45;8.87;8.91;9319466;172223648.00
2013/06/03;8.82;9.34;8.77;9.01;7890984;145041200.00
2013/06/04;9.02;9.09;8.30;8.61;9595153;168065888.00
2013/06/05;8.60;8.80;8.44;8.69;4132552;72648016.00
2013/06/06;8.71;8.80;8.49;8.71;4007491;70627552.00
2013/06/07;8.77;8.98;8.62;8.76;5654047;101339856.00
2013/06/13;8.70;8.74;8.17;8.50;4888389;84217040.00
2013/06/14;8.45;9.20;8.45;9.11;11075069;200895120.00
2013/06/17;9.17;9.66;9.10;9.39;16602190;317394336.00
2013/06/18;9.30;9.64;9.06;9.41;10082306;191609360.00
2013/06/19;9.27;9.61;9.17;9.52;7902502;151262944.00
2013/06/20;9.47;10.04;9.37;9.48;15593816;307245472.00
2013/06/21;9.07;9.60;8.83;9.27;9232043;172865520.00
2013/06/24;9.32;9.79;8.95;9.46;17653148;338881504.00
2013/06/25;9.22;10.23;8.50;10.13;21918334;415939072.00
2013/06/26;10.37;11.15;10.23;11.15;29273307;633358656.00
2013/06/27;10.87;12.06;10.77;11.45;33582050;767654528.00
2013/06/28;11.16;11.85;10.97;11.07;18424666;422707328.00
2013/07/01;10.90;11.86;10.67;11.75;17224880;397245248.00
2013/07/02;11.55;12.32;11.50;11.72;14990442;359969696.00
2013/07/03;11.57;12.35;11.28;11.99;15461444;372760928.00
2013/07/04;11.86;12.30;11.72;11.75;10667102;257002864.00
2013/07/05;11.75;12.10;11.03;11.04;10435358;245400848.00
2013/07/08;10.91;11.65;10.29;11.32;11286083;253627232.00
2013/07/09;11.15;11.60;11.04;11.42;7170793;165676192.00
2013/07/10;11.56;12.58;11.52;12.58;17590315;435191520.00
2013/07/11;12.37;13.01;12.14;12.71;15226234;386409920.00
2013/07/12;12.77;13.87;12.77;13.33;12262318;331544384.00
2013/07/15;13.62;14.08;13.13;13.87;10518177;291389120.00
2013/07/16;13.82;14.16;13.47;13.66;8929092;247122528.00
2013/07/17;13.55;14.10;13.50;13.99;10642153;295922592.00
2013/07/18;13.99;14.18;13.62;13.88;8552185;240792384.00
2013/07/19;13.65;14.55;13.65;13.75;9813739;279840640.00
2013/07/22;13.76;14.29;13.58;13.95;8033302;224520192.00
2013/10/23;15.36;15.36;15.36;15.36;195775;6065109.50
2013/10/24;16.91;16.91;16.91;16.91;2303109;78489952.00
2013/10/25;18.62;18.62;15.27;16.38;29872679;1016103168.00
2013/10/28;15.71;16.46;15.62;16.14;11515312;373184384.00
2013/10/29;16.18;17.12;15.16;16.96;15725643;522279968.00
2013/10/30;16.78;17.63;16.52;16.68;13060533;448110464.00
2013/10/31;16.34;16.34;15.00;15.00;13146021;402424256.00
2013/11/01;14.31;14.55;13.49;13.94;14721999;414302464.00
2013/11/04;13.71;14.50;13.56;13.92;7346608;207343440.00
2013/11/05;13.87;14.80;13.61;14.72;8074591;234320048.00
2013/11/06;14.63;15.11;13.82;14.04;8567090;251134128.00
2013/11/07;13.82;14.55;13.38;13.46;11804653;329364416.00
2013/11/08;13.47;13.47;12.71;12.97;10213729;268862496.00
2013/11/11;12.73;12.92;12.37;12.60;7174447;182682096.00
2013/11/12;12.72;13.47;12.72;13.47;10316299;274363456.00
2013/11/13;13.37;14.27;13.23;13.80;10819946;304913376.00
2013/11/14;13.62;14.44;13.27;14.17;8201214;230290848.00
2013/11/15;14.16;14.61;14.02;14.37;7416257;215289968.00
2013/11/18;15.37;15.62;14.62;15.12;11888503;361327744.00
2013/11/19;15.18;16.37;14.87;15.83;11572575;366004832.00
2013/11/20;15.57;15.87;15.26;15.64;6974406;218003024.00
2013/11/21;15.56;15.57;15.07;15.18;6984751;214681248.00
2013/11/22;15.16;15.38;14.48;14.85;6858351;206223856.00
2013/11/25;14.75;15.02;14.50;14.74;4547543;135122800.00
2013/11/26;14.72;14.81;14.08;14.17;6312789;182064432.00
2013/11/27;14.08;15.45;14.02;14.94;8064192;240282288.00
2013/11/28;14.90;15.29;14.78;15.02;6408609;194633344.00
2013/11/29;15.13;15.56;14.87;15.37;7217162;223220592.00
2013/12/02;13.88;14.96;13.82;13.82;9595324;274395552.00
2013/12/03;13.31;13.70;12.63;13.69;7604877;203370768.00
2013/12/04;13.62;14.27;13.40;13.98;7064238;199608016.00
2013/12/05;13.92;13.92;13.17;13.59;5896196;160328480.00
2013/12/06;13.42;13.58;13.03;13.47;7296950;194791056.00
2013/12/09;13.38;13.84;13.28;13.78;6265475;172304368.00
2013/12/10;13.87;14.57;13.82;14.29;8558838;246209136.00
2013/12/11;14.08;14.50;13.96;14.25;6399939;184320880.00
2013/12/12;14.27;15.12;14.07;14.95;13666226;407230816.00
2013/12/13;14.75;15.05;14.32;14.70;9366316;277907968.00
2013/12/16;14.85;15.97;14.85;15.87;19910187;627199680.00
2013/12/17;15.97;16.65;15.55;16.32;18146657;584943616.00
2013/12/18;15.87;16.27;14.87;15.72;13205300;415119072.00
2013/12/19;15.57;16.48;15.35;15.36;11065768;356320800.00
2013/12/20;15.40;15.86;15.03;15.56;9679888;300513344.00
2013/12/23;15.55;15.55;14.38;14.61;8443071;254243488.00
2013/12/24;14.42;15.31;14.31;14.92;7303755;219468672.00
2013/12/25;14.81;16.43;14.68;16.43;14866023;474470784.00
2013/12/26;16.44;17.44;16.22;16.63;19639336;667059904.00
2013/12/27;16.87;17.09;16.22;16.54;9518101;317570464.00
2013/12/30;16.62;16.80;15.70;15.95;9618878;314175776.00
2013/12/31;15.87;16.35;15.68;16.20;6731347;217646112.00
2014/01/02;16.23;17.43;16.02;17.37;13220327;451540000.00
2014/01/03;17.32;17.96;16.99;17.58;12390909;439794880.00
2014/01/06;17.41;17.94;16.90;17.34;8659139;305228000.00
2014/01/07;17.27;19.08;17.27;19.08;15156363;566952704.00
2014/01/08;18.87;20.06;18.72;19.52;14786909;576009856.00
2014/01/09;19.80;20.63;18.62;18.63;16217261;638695104.00
2014/01/10;18.64;19.72;18.62;18.92;8802313;338562336.00
2014/01/13;19.37;20.48;19.13;20.48;11085296;444553344.00
2014/01/14;20.24;20.75;19.65;20.44;11264886;456283104.00
2014/01/15;20.21;20.52;19.76;20.36;8320416;337039584.00
2014/01/16;20.15;20.27;19.17;19.19;9561380;375638592.00
2014/01/17;18.99;19.92;18.63;19.49;9248214;362706432.00
2014/01/20;19.00;19.36;18.23;18.72;9143558;344154336.00
2014/01/21;18.78;19.87;18.78;19.75;7650412;298352384.00
2014/01/22;19.63;20.06;19.01;19.80;8155647;320966688.00
2014/01/23;19.77;21.51;19.58;20.90;16472872;676175104.00
2014/01/24;20.62;20.62;20.02;20.16;10964779;446615648.00
2014/01/27;19.97;20.10;19.37;19.40;7939183;314247680.00
2014/01/28;19.47;19.69;18.62;19.02;7615250;290496544.00
2014/01/29;19.05;19.58;18.82;19.52;6010717;233071424.00
2014/01/30;19.42;20.21;19.20;19.70;7474867;298177504.00
2014/02/07;19.67;19.67;18.80;19.39;7884191;305242816.00
2014/02/10;19.35;20.07;18.92;19.86;9102566;358684512.00
2014/02/11;19.84;21.05;19.27;20.87;13297736;541700288.00
2014/02/12;20.37;20.57;19.87;20.10;7327462;298404544.00
2014/02/13;20.22;20.35;18.85;19.27;6589762;258479856.00
2014/02/14;19.27;19.52;18.62;19.09;7158668;273890624.00
2014/02/17;19.10;19.51;18.62;19.37;8186892;314384448.00
2014/02/18;19.25;19.28;18.67;18.79;6491610;246584528.00
2014/02/19;18.81;18.82;17.77;18.22;9194187;336715456.00
2014/02/27;18.04;18.86;16.38;16.38;11615224;410563328.00
2014/02/28;15.97;16.52;15.37;16.42;9004407;289171456.00
2014/03/03;16.37;17.17;16.30;16.94;8163902;278172672.00
2014/03/04;16.77;17.76;16.71;17.55;7704632;270241120.00
2014/03/05;17.55;18.47;17.47;17.53;5921087;213820368.00
2014/03/06;18.05;18.21;17.55;18.17;5686533;205861504.00
2014/03/07;18.17;18.25;17.72;18.12;6127854;221243472.00
2014/03/10;17.86;19.31;17.38;18.26;11686664;437178816.00
2014/03/11;17.98;18.66;17.47;18.22;5745330;208815408.00
2014/03/12;18.37;18.55;17.54;17.82;3452652;125459776.00
2014/03/13;17.65;18.21;17.65;18.05;3235891;117017952.00
2014/03/14;18.06;19.12;18.06;18.99;9892176;374977504.00
2014/03/17;19.30;20.02;19.12;19.47;11172116;442505728.00
2014/03/18;19.37;20.07;19.22;19.85;7193813;284471040.00
2014/03/19;19.72;19.85;19.09;19.17;4208511;164402016.00
2014/03/20;19.22;19.37;17.64;17.92;6046443;225778672.00
2014/03/21;17.84;18.01;16.97;17.88;6324752;223306624.00
2014/03/24;17.87;17.88;16.08;16.61;11391915;383685984.00
2014/03/25;16.47;17.00;15.89;16.61;6290445;209883984.00
2014/03/26;16.61;17.05;16.60;16.86;4453616;151365456.00
2014/03/27;16.81;16.81;15.61;15.63;7545958;242914944.00
2014/03/28;15.58;15.70;14.17;14.58;11300251;333995008.00
2014/03/31;14.58;15.17;14.27;15.05;6955628;208863616.00
2014/04/01;15.08;15.42;14.89;15.22;5894608;180881792.00
2014/04/02;15.16;15.42;14.70;15.17;4512557;135689104.00
2014/04/03;14.89;15.37;14.88;15.16;3316322;101480536.00
2014/04/04;15.18;16.69;15.00;16.69;13045481;428853376.00
2014/04/08;16.67;17.02;16.45;16.68;10605456;357494112.00
2014/04/09;16.86;16.97;16.47;16.62;6891829;232355600.00
2014/04/10;16.72;17.25;16.62;16.77;9582636;327961344.00
2014/04/11;16.47;16.60;15.91;16.50;4954029;162945728.00
2014/04/14;16.57;16.84;16.00;16.17;6366059;208575200.00
2014/04/15;16.17;16.28;15.98;16.01;4149884;134788656.00
2014/04/16;16.02;16.52;15.71;16.25;4578284;149348528.00
2014/04/17;16.34;16.36;15.80;16.04;4700859;151773232.00
2014/04/18;16.02;16.17;15.77;15.94;2710349;87111696.00
2014/04/21;15.85;15.85;15.16;15.18;5227493;162639584.00
2014/04/22;15.02;15.29;14.52;14.78;5840507;174564240.00
2014/04/23;14.92;15.52;14.92;15.07;5044104;154821504.00
2014/04/24;14.93;15.45;14.57;15.26;4596725;139570400.00
2014/04/25;15.12;15.12;14.72;14.79;3151384;94935680.00
2014/04/28;14.79;14.79;14.18;14.48;4122631;119644904.00
2014/04/29;14.55;14.82;14.37;14.52;2344890;68935208.00
2014/04/30;14.55;15.05;14.50;14.92;2548069;76221144.00
2014/05/05;14.87;15.52;14.77;15.45;4954162;153013008.00
2014/05/06;15.45;15.73;15.37;15.45;4323934;135257856.00
2014/05/07;15.33;15.33;14.60;14.64;3837991;115459976.00
2014/05/08;14.63;14.97;14.29;14.67;3364375;99287256.00
2014/05/09;14.65;14.96;14.43;14.54;2373958;70026080.00
2014/05/12;14.60;15.08;14.50;14.98;2631023;78752776.00
2014/05/13;15.00;15.24;14.75;14.98;2698159;81791616.00
2014/05/14;14.86;15.20;14.86;15.04;1324787;40098088.00
2014/05/15;15.04;15.41;14.62;14.75;3389916;102118336.00
2014/05/16;14.74;14.74;14.07;14.26;5042970;145112224.00
2014/05/19;14.22;14.47;13.94;14.21;3311735;94505584.00
2014/05/20;14.28;14.60;14.22;14.33;2996831;86783824.00
2014/05/21;14.19;14.43;14.07;14.38;2409509;68988504.00
2014/05/22;14.37;14.79;14.35;14.42;3919018;115375984.00
2014/05/23;14.48;14.75;14.20;14.75;4200956;122651864.00
2014/05/26;14.88;15.70;14.82;15.59;9880098;305613664.00
2014/05/27;15.44;15.71;15.31;15.39;4844244;150971344.00
2014/05/28;15.29;15.70;15.27;15.60;4942701;154569984.00
2014/05/29;15.58;15.80;15.37;15.37;3333309;104110472.00
2014/05/30;15.37;15.75;15.05;15.68;4352649;135763680.00
2014/06/03;15.55;16.40;15.55;16.14;6548720;211484880.00
2014/06/04;16.10;16.36;15.83;16.20;3715246;120117312.00
2014/06/05;16.15;17.36;16.09;17.17;10415170;354970464.00
2014/06/06;17.02;17.62;16.67;16.97;5597799;192583264.00
2014/06/09;16.98;17.11;16.40;16.48;3950681;133005576.00
2014/06/10;16.48;17.26;16.37;17.10;4922927;167715520.00
2014/06/11;17.03;17.51;16.88;17.18;4089471;142465680.00
2014/06/12;17.07;17.34;16.80;16.80;3651456;125476496.00
2014/06/13;16.73;17.14;16.43;17.02;4676635;158146144.00
2014/06/16;16.95;17.16;16.80;17.13;3786369;129403032.00
2014/06/17;17.12;17.12;16.67;16.97;3224820;109395112.00
2014/06/18;16.82;17.11;16.40;16.48;3602228;120798200.00
2014/06/19;16.48;16.56;15.70;16.12;3766241;122308456.00
2014/06/20;16.12;16.52;15.90;16.41;2626313;85938800.00
2014/06/23;16.37;17.21;16.35;17.05;3806440;129623032.00
2014/06/24;16.93;18.25;16.93;18.00;7903147;284237696.00
2014/06/25;17.95;18.17;17.64;18.02;5789611;209124608.00
2014/06/26;18.18;18.26;17.82;18.07;4328995;157032352.00
2014/06/27;17.93;18.21;17.64;17.96;3653668;131889752.00
2014/06/30;17.97;18.36;17.52;18.27;4546150;165196016.00
2014/07/01;18.17;18.61;18.17;18.42;3164665;117184528.00
2014/07/02;18.42;18.94;18.36;18.53;5026627;188706992.00
2014/07/03;18.50;18.58;18.07;18.28;3610193;132431720.00
2014/07/04;18.27;18.27;17.92;17.98;1882737;68237328.00
2014/07/07;17.87;18.64;17.72;18.11;3958897;145245088.00
2014/07/08;18.07;18.41;17.73;18.35;2720318;98198368.00
2014/07/09;18.27;18.27;17.22;17.68;3869116;137599632.00
2014/07/10;17.46;17.66;16.79;16.85;3930385;134885456.00
2014/07/11;16.77;17.17;15.92;16.52;6069185;199674496.00
2014/07/14;16.41;16.67;16.27;16.53;5287362;174998720.00
2014/07/15;17.12;17.22;16.72;16.82;6296727;214510928.00
2014/07/16;16.83;16.90;15.92;16.51;6570463;214339360.00
2014/07/17;16.43;16.48;16.18;16.42;2732688;89623048.00
2014/07/18;16.40;16.65;16.28;16.42;2228076;73694960.00
2014/07/21;16.42;16.65;16.27;16.61;2226025;73800176.00
2014/07/22;16.67;16.85;16.57;16.69;2679528;89968248.00
2014/07/23;16.70;16.77;16.02;16.13;4004607;131251312.00
2014/07/24;16.02;16.32;15.17;15.66;6403643;199560688.00
2014/07/25;15.52;16.01;15.44;15.76;3169498;100790088.00
2014/07/28;15.79;16.36;15.78;16.31;4444617;144032272.00
2014/07/29;16.31;16.52;16.11;16.51;3294716;108716736.00
2014/07/30;16.53;16.66;16.38;16.49;1993418;65940924.00
2014/07/31;16.56;16.81;16.34;16.62;4905085;163716016.00
2014/08/01;16.42;16.62;15.95;16.05;4981495;162445584.00
2014/08/04;16.05;16.26;15.86;16.06;2642335;85053760.00
2014/08/05;16.06;16.68;15.89;16.55;5755365;189467264.00
2014/08/06;16.47;16.85;16.40;16.80;5800411;194760048.00
2014/08/07;16.72;17.21;16.69;16.70;4792887;163168096.00
2014/08/08;16.58;16.90;16.58;16.82;3175688;107100632.00
2014/08/11;16.82;17.47;16.82;17.32;6524314;226195152.00
2014/08/12;17.17;17.31;16.85;17.26;3669702;125940576.00
2014/08/13;17.12;17.25;16.67;16.89;3197261;108306592.00
2014/08/14;16.76;16.98;16.55;16.57;3072086;103706064.00
2014/08/15;16.57;16.85;16.57;16.85;2533787;85241128.00
2014/08/18;16.82;17.42;16.82;17.40;6607526;228535312.00
2014/08/19;17.52;18.27;17.31;17.39;7820388;278814720.00
2014/08/20;17.37;17.48;17.10;17.17;3066916;106260408.00
2014/08/21;17.17;18.00;17.11;17.98;6016949;212397440.00
2014/08/22;18.01;18.25;17.70;17.88;7170883;258427776.00
2014/08/25;17.88;18.13;17.67;17.72;3829107;137761360.00
2014/08/26;17.71;17.72;16.93;17.02;4465982;154700624.00
2014/08/27;17.02;17.27;17.02;17.03;2802458;96446176.00
2014/08/28;17.05;17.22;17.04;17.13;2899988;99834512.00
2014/08/29;17.17;17.22;16.60;17.22;2826207;95867840.00
2014/09/01;17.22;17.47;17.15;17.42;5097747;177785872.00
2014/09/02;17.47;17.71;17.32;17.55;5019852;176674864.00
2014/09/03;17.62;18.11;17.42;17.91;7426356;265648544.00
2014/09/04;17.82;18.07;17.60;18.02;6341344;228127280.00
2014/09/05;18.00;18.07;17.56;17.90;5148340;184257296.00
2014/09/09;17.85;17.92;17.57;17.78;3215303;114594432.00
2014/09/10;17.78;18.02;17.57;17.97;3872601;138985360.00
2014/09/11;17.90;18.31;17.52;17.67;7912049;285467776.00
2014/09/12;17.53;17.72;17.26;17.68;5168220;181132656.00
2014/09/15;17.61;17.70;17.31;17.52;6462222;226402208.00
2014/09/16;17.52;17.66;17.02;17.02;5732876;199856048.00
2014/09/17;17.02;17.17;16.57;16.78;6056341;204730432.00
2014/09/18;16.79;17.01;16.57;16.89;2760581;93444920.00
2014/09/19;16.87;17.33;16.87;17.33;3394319;116437432.00
2014/09/22;17.29;17.29;16.62;16.70;5497937;186220944.00
2014/09/23;16.75;17.20;16.72;17.02;4042787;137823824.00
2014/09/24;16.95;17.34;16.82;17.18;3030823;104302256.00
2014/09/25;17.32;17.36;17.04;17.10;3055497;105385848.00
2014/09/26;17.12;17.16;16.88;17.07;2127432;72688360.00
2014/09/29;17.09;17.31;17.03;17.23;3603740;124438536.00
2014/09/30;17.22;17.67;17.18;17.53;4688781;164955456.00
2014/10/08;17.56;17.67;17.47;17.58;3533159;124686744.00
2014/10/09;17.77;18.04;17.65;17.87;7560957;271349152.00
2014/10/10;17.80;17.93;17.69;17.79;3415109;122180992.00
2014/10/13;17.83;18.02;17.43;17.82;4699761;167852000.00
2014/10/14;17.91;17.92;17.53;17.78;2874117;102222384.00
2014/10/15;17.72;17.86;17.56;17.63;2242087;79506552.00
2014/10/16;17.55;17.82;17.33;17.33;2967902;105120096.00
2014/10/17;17.18;17.42;17.18;17.25;2618221;90893336.00
2014/10/20;17.35;17.45;17.18;17.33;2734718;95135536.00
2014/10/21;17.30;17.54;17.29;17.32;2224979;77797320.00
2014/10/22;17.25;17.42;16.76;16.80;3119357;106888712.00
2014/10/23;16.91;17.14;16.77;16.88;2098227;71417584.00
2014/10/24;16.80;17.11;16.79;17.07;1634215;55891460.00
2014/10/27;17.07;17.07;16.66;16.93;1772859;60018828.00
2014/10/28;16.95;17.23;16.95;17.23;3748184;128734080.00
2014/10/29;17.22;17.46;17.08;17.44;3894973;135285616.00
2014/10/30;17.56;17.73;17.15;17.17;4675138;163395680.00
2014/10/31;17.08;17.43;16.80;17.41;3870252;132081568.00
2014/11/03;17.33;17.56;17.19;17.26;3566363;124293216.00
2014/11/04;17.26;17.30;16.83;16.88;4777017;162556240.00
2014/11/05;16.85;17.02;16.69;16.73;3116840;105292960.00
2014/11/06;16.73;16.88;16.66;16.83;3256340;109558616.00
2014/11/07;16.84;16.87;16.35;16.50;5125485;171088272.00
2014/11/10;16.43;16.47;15.93;15.94;6083206;196781488.00
2014/11/11;15.96;16.04;14.83;14.92;10615338;324599296.00
2014/11/12;14.99;15.21;14.93;15.18;3269123;99326032.00
2014/11/13;15.17;15.17;14.32;14.33;7344941;216816832.00
2014/11/14;14.38;14.92;14.38;14.86;6085034;179700512.00
2014/11/17;14.91;15.22;14.46;15.02;4590469;138239872.00
2014/11/18;14.96;15.22;14.85;15.21;3491867;106123328.00
2014/11/19;15.29;15.67;15.24;15.31;4041903;125208368.00
2014/11/20;15.22;15.34;14.85;14.94;3783657;114318136.00
2014/11/21;15.07;15.39;14.97;15.32;3483730;106503248.00
2014/11/24;15.43;15.49;15.01;15.29;4282355;131054752.00
2014/11/25;15.29;15.47;15.12;15.40;3925891;120856120.00
2014/11/26;15.46;15.51;15.07;15.17;4612220;141557040.00
2014/11/27;15.27;15.32;15.03;15.07;4350451;132800760.00
2014/11/28;15.07;15.22;14.78;14.86;5995067;179546928.00
2014/12/01;14.86;14.98;14.63;14.97;4423176;132154208.00
2014/12/02;15.00;15.26;15.00;15.15;5380701;163847328.00
2014/12/03;15.12;15.76;14.86;15.47;10492118;323838656.00
2014/12/04;15.86;16.61;15.82;16.33;15684848;513134464.00
2014/12/05;16.37;16.57;15.46;15.98;11070643;356095616.00
2014/12/08;15.87;16.50;15.56;15.96;8682451;279672768.00
2014/12/09;15.68;16.36;15.42;15.48;11339698;365631584.00
2014/12/10;15.49;16.47;15.49;16.34;11292403;368024192.00
2014/12/11;16.42;16.47;15.92;16.12;7032324;228578128.00
2014/12/12;16.16;16.42;16.03;16.30;5342966;174578144.00
2014/12/15;16.30;16.74;16.24;16.56;8671905;288986144.00
2014/12/16;16.52;16.56;16.22;16.36;4868494;160294112.00
2014/12/17;16.27;16.34;15.86;15.97;4709316;151845168.00
2014/12/18;15.92;16.24;15.87;15.96;3334412;107439272.00
2014/12/19;15.92;15.92;15.30;15.55;4344913;136019536.00
2014/12/22;15.42;15.42;14.82;15.00;4797701;144686192.00
2014/12/23;15.00;15.40;14.86;14.89;3099655;93902688.00
2014/12/24;15.02;15.07;14.60;14.78;5465978;162737712.00
2014/12/25;14.87;15.01;14.77;14.94;4273865;127671632.00
2014/12/26;15.30;15.65;15.03;15.17;7068721;217157232.00
2014/12/29;15.17;15.42;14.96;15.15;4399046;134146168.00
2014/12/30;15.15;15.18;14.54;14.65;4823735;144066672.00
2014/12/31;14.66;14.79;14.16;14.67;10189680;295466144.00
2015/01/05;14.62;14.92;14.22;14.75;6204522;181736576.00
2015/01/06;14.67;15.44;14.55;15.24;8286729;250773232.00
2015/01/07;15.32;15.56;15.14;15.21;6837109;210863920.00
2015/01/08;15.42;15.52;15.16;15.32;6206758;191901808.00
2015/01/09;15.32;15.83;15.25;15.33;7024371;219980640.00
2015/01/12;15.25;15.66;14.93;15.60;6287337;195581680.00
2015/01/13;15.60;16.52;15.49;16.23;11217426;361946912.00
2015/01/14;16.24;16.57;15.91;16.05;6534610;214107296.00
2015/01/15;15.97;16.39;15.85;16.20;4532057;146749280.00
2015/01/16;16.20;16.59;15.92;16.36;6769308;222510400.00
2015/01/19;16.17;18.00;15.94;17.02;15934320;549834176.00
2015/01/20;17.16;17.73;16.92;17.60;11205164;392679616.00
2015/01/21;18.92;19.17;18.04;18.24;19198368;712100800.00
2015/01/22;18.12;18.67;17.82;17.97;12133056;440792768.00
2015/01/23;17.97;18.51;17.72;18.00;9912761;360242176.00
2015/01/26;18.06;18.35;17.90;18.28;7725277;282282816.00
2015/01/27;18.27;18.29;17.42;17.68;10791802;385368800.00
2015/01/28;17.53;17.93;17.42;17.58;7569775;268707264.00
2015/01/29;17.43;17.43;16.99;17.02;7181207;248404496.00
2015/01/30;17.12;17.20;16.92;17.10;4135574;141834992.00
2015/02/02;16.91;17.11;16.77;17.10;6461443;219920960.00
2015/02/03;17.11;17.60;17.09;17.39;7073432;247671984.00
2015/02/04;17.09;17.57;17.01;17.53;7152153;247677568.00
2015/02/05;17.48;18.20;17.31;17.70;10249770;367122048.00
2015/02/06;17.70;17.82;17.17;17.55;5638882;198129680.00
2015/02/09;17.55;17.57;16.55;16.67;7476920;253972256.00
2015/02/10;16.92;16.92;16.57;16.82;4084699;137414752.00
2015/02/11;16.78;17.08;16.74;16.93;5285481;179342368.00
2015/02/12;16.89;17.32;16.81;17.32;7573659;260218160.00
2015/02/13;17.34;17.68;17.33;17.60;7623451;268733248.00
2015/02/16;17.95;18.52;17.55;18.29;14426618;522061440.00
2015/02/17;18.03;18.42;17.68;17.78;9159116;328535904.00
2015/02/25;17.87;18.92;17.72;18.37;14851594;549370752.00
2015/02/26;18.42;18.67;17.92;18.12;9036787;330532544.00
2015/02/27;18.11;18.75;17.91;18.33;10726019;397250080.00
2015/03/02;18.22;18.65;18.03;18.62;9622807;356435456.00
2015/03/03;18.44;18.92;18.12;18.20;11131081;416100288.00
2015/03/04;18.19;19.35;18.09;19.17;15168922;577202560.00
2015/03/05;19.17;19.50;18.83;19.07;8278984;316693344.00
2015/03/06;19.07;19.35;18.42;18.67;7507500;282245280.00
2015/03/09;18.39;19.02;18.15;18.89;5912190;221315136.00
2015/03/10;18.90;19.92;18.63;19.38;10431661;408560704.00
2015/03/11;19.19;21.32;19.19;21.32;15717832;643536640.00
2015/03/12;21.49;22.67;20.48;21.72;18325057;794518464.00
2015/03/13;21.17;23.46;20.97;22.37;16793963;742411840.00
2015/03/16;22.47;22.92;22.01;22.85;14918399;672159296.00
2015/03/17;22.62;22.67;21.88;22.14;12931944;577498560.00
2015/03/18;21.95;22.37;21.52;22.22;9786554;430577056.00
2015/03/19;22.10;22.20;21.60;22.07;9030190;395277184.00
2015/03/20;21.93;22.50;21.72;21.90;8550566;378968000.00
2015/03/23;21.92;22.90;21.84;22.90;17092597;768625600.00
2015/03/24;22.91;22.96;21.32;22.66;17845545;799942592.00
2015/03/25;22.58;23.17;22.12;22.53;11996154;545201536.00
2015/03/26;22.32;22.42;21.20;21.22;11304917;491638240.00
2015/03/27;21.12;22.18;20.97;22.11;10421396;450881152.00
2015/03/30;22.11;22.17;21.30;21.64;10346918;448782816.00
2015/03/31;21.82;22.36;21.60;21.91;10046767;444218080.00
2015/04/01;22.01;22.86;21.83;22.61;10351713;463445824.00
2015/04/02;22.77;23.47;22.42;23.41;13522162;626321536.00
2015/04/03;23.58;24.14;23.03;23.61;13185070;626202688.00
2015/04/07;23.42;24.11;23.24;23.50;10935160;517493728.00
2015/04/08;23.52;23.72;21.87;22.24;11317898;513533536.00
2015/04/09;22.17;22.17;21.05;21.75;9991973;430933472.00
2015/04/10;21.67;22.51;21.45;22.41;7442557;333152736.00
2015/04/13;22.37;22.52;21.87;22.19;8546982;381094176.00
2015/04/14;22.02;22.67;21.64;22.08;10030542;445888416.00
2015/04/15;21.90;22.10;20.70;20.72;9479902;404321696.00
2015/04/16;20.67;21.22;20.26;20.84;6066841;254027792.00
2015/04/17;20.92;21.52;20.90;21.18;5979925;254768544.00
2015/04/20;21.16;21.41;20.42;20.72;5686445;239592480.00
2015/04/21;20.82;22.39;20.77;22.11;10701040;467610112.00
2015/04/22;22.21;22.52;22.03;22.31;8443682;377073536.00
2015/04/23;22.46;24.55;22.22;24.55;23753116;1130854784.00
2015/04/24;24.49;25.55;24.10;24.52;18785167;932889536.00
2015/04/27;24.52;25.73;24.18;24.92;15043731;755360064.00
2015/04/28;24.91;25.17;23.67;24.17;10343201;509104672.00
2015/04/29;24.94;26.60;24.72;26.60;12160851;626590848.00
2015/04/30;28.09;29.27;28.09;29.27;9473426;551524736.00
2015/05/04;30.22;30.35;27.42;28.37;14393556;832905856.00
2015/05/05;29.07;29.47;26.94;28.52;11527569;653639104.00
2015/05/06;28.29;31.37;28.27;30.15;14770147;895797312.00
2015/05/07;29.37;32.54;29.17;30.96;12579195;784841728.00
2015/05/08;30.52;32.84;30.52;32.17;10832914;695117824.00
2015/05/11;32.37;35.27;31.45;34.18;11930041;788001856.00
2015/05/12;34.64;37.60;34.07;37.60;12516009;895431872.00
2015/05/13;37.78;41.17;36.60;39.15;13313906;1057662848.00
2015/05/14;39.02;40.72;36.67;37.67;12152966;935145280.00
2015/05/15;36.99;38.43;34.93;37.81;10032564;737915776.00
2015/08/28;34.03;34.03;34.03;34.03;831700;28336020.00
2015/08/31;30.62;30.62;30.62;30.62;1072600;32885916.00
2015/09/01;27.55;27.55;27.55;27.55;372500;10277275.00
2015/09/02;24.79;24.79;24.79;24.79;64217800;1594528000.00
2015/09/07;24.81;26.26;22.32;22.32;65346628;1571967616.00
2015/09/08;21.51;24.43;20.87;23.61;43009606;961783936.00
2015/09/09;23.54;25.56;22.97;24.96;41868287;1032219072.00
2015/09/10;24.66;26.62;24.12;24.48;31501886;804987712.00
2015/09/11;24.16;26.50;24.13;26.46;29706863;758209664.00
2015/09/14;27.29;27.54;23.81;23.81;34244862;873063424.00
2015/09/15;22.07;23.61;21.43;21.43;24524869;547878400.00
2015/09/16;21.66;23.58;21.66;23.58;23756630;541727552.00
2015/09/17;23.58;24.96;22.96;22.96;27604316;666152192.00
2015/09/18;23.46;24.56;22.96;24.28;21980401;525241632.00
2015/09/21;23.96;26.46;23.46;26.21;28535681;733929664.00
2015/09/22;26.24;27.27;25.06;26.25;23018104;605405568.00
2015/09/23;25.16;27.06;25.16;25.91;17804260;464509632.00
2015/09/24;26.23;28.42;25.87;28.15;20933547;567070848.00
2015/09/25;27.86;28.46;25.74;26.76;23617811;643987584.00
2015/09/28;26.84;29.33;25.96;29.06;18590793;518088480.00
2015/09/29;28.24;31.44;27.91;29.58;26954332;805032576.00
2015/09/30;29.84;30.15;27.70;29.22;16675413;485881408.00
2015/10/08;29.96;31.26;29.95;30.05;18946971;579328448.00
2015/10/09;29.86;29.86;28.76;29.53;17194796;505570560.00
2015/10/12;29.61;30.91;28.94;29.07;39388985;1172659072.00
2015/10/13;28.57;30.65;28.43;30.45;33251650;994238656.00
2015/10/14;29.84;30.25;28.76;29.09;20683506;609170688.00
2015/10/15;28.57;29.69;28.57;29.67;17841277;523022624.00
2015/10/16;29.96;32.41;29.96;31.85;32004185;994107456.00
2015/10/19;31.96;32.76;31.04;32.25;32051791;1023907008.00
2015/10/20;32.26;32.26;31.26;31.86;21057852;669209216.00
2015/10/21;32.67;32.88;28.97;29.47;23725910;740122816.00
2015/10/22;29.55;31.76;29.55;30.94;21019800;648141952.00
2015/10/23;31.56;34.04;30.56;34.04;33984933;1101178496.00
2015/10/26;33.96;33.96;32.34;33.10;31090087;1025007552.00
2015/10/27;32.56;32.90;30.58;32.12;21745647;697655040.00
2015/10/28;32.15;32.96;30.61;30.71;18486820;586334848.00
2015/10/29;31.41;31.46;30.02;31.11;13799603;426205504.00
2015/10/30;32.76;34.23;31.78;33.56;50346540;1676683264.00
2015/11/02;30.96;31.78;30.20;30.20;45079233;1395458176.00
2015/11/03;29.84;30.20;28.68;28.98;29285084;853878336.00
2015/11/04;29.26;30.68;29.06;30.60;23809488;715267136.00
2015/11/05;30.46;31.16;29.26;29.88;27938983;840413184.00
2015/11/06;29.85;30.77;29.74;30.65;26523620;806578048.00
2015/11/09;29.97;31.83;29.46;31.39;36249665;1109395840.00
2015/11/10;31.06;32.90;30.76;31.96;33765165;1083948672.00
2015/11/11;31.95;34.44;31.51;33.33;37351567;1232702336.00
2015/11/12;33.31;33.45;32.08;32.44;24672923;805103616.00
2015/11/13;31.86;32.06;29.97;30.61;22015744;682855616.00
2015/11/16;29.95;33.68;29.74;33.68;33108660;1061810496.00
2015/11/17;34.54;37.05;33.54;34.84;53075620;1896386304.00
2015/11/18;34.84;35.26;33.26;33.46;24012755;824660992.00
2015/11/19;33.81;36.76;33.56;35.66;35910991;1271787136.00
2015/11/20;36.92;37.72;35.96;36.84;38283508;1409468800.00
2015/11/23;36.46;40.34;36.16;38.31;35817084;1382661376.00
2015/11/24;37.97;39.84;36.96;39.11;28025876;1080846336.00
2015/11/25;39.04;39.62;37.96;38.89;22447605;869868608.00
2015/11/26;38.90;39.86;37.90;38.20;18700620;723728512.00
2015/11/27;37.43;37.87;34.38;35.11;22380250;811826880.00
2015/11/30;35.19;35.94;32.32;34.46;21660264;740964928.00
2015/12/01;34.06;35.46;32.46;34.15;18336287;631128000.00
2015/12/02;33.81;34.40;31.96;33.31;13443642;446627904.00
2015/12/03;33.84;35.57;33.56;35.56;17690708;612710144.00
2015/12/04;35.26;38.09;34.97;36.77;26388693;970513728.00
2015/12/07;37.04;40.45;37.04;40.45;28077217;1118516864.00
2015/12/08;42.46;44.50;41.46;43.33;57383862;2481040384.00
2015/12/09;43.40;47.67;42.08;47.67;48484813;2166895104.00
2015/12/10;45.96;46.94;44.45;45.52;35388534;1619634048.00
2015/12/11;44.48;46.56;42.86;43.43;21206608;944341376.00
2015/12/14;42.59;45.46;42.44;44.98;21912392;958529920.00
2015/12/15;44.76;47.44;44.26;45.96;25915934;1186815488.00
2015/12/16;45.65;47.34;44.64;45.96;20498690;944205184.00
2015/12/17;46.39;50.56;46.02;50.56;25067248;1241472896.00
2015/12/18;52.16;52.95;49.94;50.56;28625040;1472261376.00
2015/12/21;50.55;51.66;48.66;49.86;22477206;1124064640.00
2015/12/22;49.90;54.85;48.93;53.78;29902262;1558565760.00
2015/12/23;53.11;54.14;50.07;50.96;22459421;1174302592.00
2015/12/31;53.28;54.89;51.64;51.67;34540444;1831677312.00
2016/01/04;51.07;51.64;46.50;46.50;17716976;836295936.00
2016/01/05;41.85;44.46;41.85;41.85;40528899;1713754496.00
2016/01/06;41.55;43.96;39.67;43.45;36558947;1513805184.00
2016/01/07;41.69;41.70;39.10;39.10;5941264;238584320.00
2016/01/08;37.96;39.95;35.34;36.98;29132781;1101266176.00
2016/01/11;35.55;35.55;33.28;33.28;31208192;1058356864.00
2016/01/12;33.26;34.76;32.16;34.04;34304697;1161458432.00
2016/01/13;34.46;34.67;31.12;31.22;28837988;948594368.00
2016/01/14;29.36;34.26;28.96;33.71;32673646;1044254144.00
2016/01/15;33.15;34.94;32.46;32.86;28892722;973799616.00
2016/01/18;31.96;34.52;31.56;33.66;33919449;1133117568.00
2016/01/19;33.08;35.34;33.06;35.04;35696113;1218891904.00
2016/01/20;35.76;36.66;34.48;35.14;41497180;1476584064.00
2016/01/21;34.07;35.52;31.76;32.09;29490104;1010936896.00
2016/01/22;32.86;33.42;31.12;32.84;25887553;838827008.00
2016/01/25;33.31;36.13;33.04;36.13;34779271;1223681408.00
2016/01/26;36.96;36.96;33.26;33.66;56132713;1994773248.00
2016/01/27;33.67;34.05;30.29;32.84;46674022;1502388992.00
2016/01/28;31.76;32.20;29.55;29.55;29477241;909343168.00
2016/01/29;29.39;31.56;29.00;30.76;28425805;870714688.00
2016/02/01;30.71;31.93;29.93;31.08;24143205;746492352.00
2016/02/02;30.82;34.08;30.62;33.01;31688615;1033357440.00
2016/02/03;32.12;33.71;31.69;33.06;25114468;817030784.00
2016/02/04;33.16;35.56;33.16;34.13;29345917;1013510912.00
2016/02/05;32.35;32.82;30.98;31.17;44366065;1408850432.00
2016/02/15;29.95;31.29;29.16;30.74;22237146;675624192.00
2016/02/16;31.81;33.82;31.81;33.82;36199146;1197211648.00
2016/02/17;34.56;37.06;33.26;36.01;74006377;2583560960.00
2016/02/18;35.56;35.96;34.66;34.74;53976722;1903274368.00
2016/02/19;35.03;36.51;34.75;36.06;67204766;2395283968.00
2016/02/22;37.96;39.67;37.26;39.67;87535092;3354664960.00
2016/02/23;38.88;42.55;38.66;41.96;92058016;3739047424.00
2016/02/24;40.96;41.77;38.81;40.18;69218657;2785205760.00
2016/02/25;39.96;40.69;36.67;37.96;72939503;2810592256.00
2016/02/26;38.46;39.14;36.73;37.70;61164384;2336869376.00
2016/02/29;36.76;36.81;33.93;33.93;18336043;632271744.00
2016/03/01;31.76;36.64;31.27;35.11;68916802;2285951232.00
2016/03/02;34.37;36.96;34.14;36.46;57905802;2065194880.00
2016/03/03;35.96;38.94;35.69;36.55;61878416;2303686400.00
2016/03/04;36.11;36.96;33.26;33.45;53251327;1868062592.00
2016/03/07;33.94;35.54;33.54;34.00;37249661;1285640960.00
2016/03/08;33.58;35.96;31.37;35.13;55564119;1875018880.00
2016/03/09;34.07;36.16;33.56;34.55;41362462;1457098880.00
2016/03/10;34.54;35.24;32.91;33.21;31018712;1055180800.00
2016/03/11;32.26;33.30;31.95;32.67;24217351;789911936.00
2016/03/14;33.60;35.94;33.57;35.94;61919931;2195814144.00
2016/03/15;35.94;36.33;35.12;35.18;46013922;1646813440.00
2016/03/16;35.86;36.31;33.94;35.18;43159695;1530936320.00
2016/03/17;35.46;38.70;35.46;38.70;78267983;2952361984.00
2016/03/18;39.44;41.31;38.81;40.23;83306710;3326205952.00
2016/03/21;40.56;41.58;39.49;40.96;73198793;2960066304.00
2016/03/22;40.10;41.37;39.74;39.84;56049202;2264622336.00
2016/03/23;39.96;42.96;39.47;42.75;72416081;2980961792.00
2016/03/24;41.56;42.74;40.76;40.88;64131873;2663259136.00
2016/03/25;40.84;41.89;40.28;40.96;42879700;1762441472.00
2016/03/28;40.96;41.53;39.21;39.46;49807147;2017193216.00
2016/03/29;39.06;40.25;37.96;39.38;43278684;1689101568.00
2016/03/30;39.97;41.51;39.56;41.51;51239523;2080008064.00
2016/03/31;41.28;42.40;40.56;40.67;55630374;2299549184.00
2016/04/01;40.67;41.34;38.74;39.47;39426336;1574969344.00
2016/04/05;39.57;41.16;38.95;40.88;39837095;1601982208.00
2016/04/06;40.76;41.15;39.80;40.16;36770114;1488305024.00
2016/04/07;40.26;40.44;38.72;38.73;39402663;1549912832.00
2016/04/08;38.44;38.44;36.64;37.56;36825452;1386982528.00
2016/04/11;38.31;39.16;37.96;38.02;35902123;1385850240.00
2016/04/12;37.66;38.71;36.91;38.68;34137359;1287042432.00
2016/04/13;39.08;40.76;39.07;39.47;62644190;2506066432.00
2016/04/14;39.96;40.86;39.48;40.06;43444004;1746464128.00
2016/04/15;39.76;39.92;38.84;39.13;33050311;1300133376.00
2016/04/18;38.66;38.66;37.63;37.95;29196925;1111759360.00
2016/04/19;38.07;38.52;37.49;38.31;28417917;1080942976.00
2016/04/20;38.24;38.43;34.60;35.19;50515217;1829622656.00
2016/04/21;35.19;35.54;33.65;33.96;28783469;1003116736.00
2016/04/22;33.66;34.89;33.46;34.87;21516526;738198400.00
2016/04/25;34.56;34.56;33.48;34.17;21252312;722983872.00
2016/04/26;34.20;34.96;34.06;34.96;20539065;710660800.00
2016/04/27;34.96;35.12;34.27;34.38;20364902;706873920.00
2016/04/28;34.39;34.63;33.19;34.04;22189721;750812096.00
2016/04/29;33.78;34.32;33.65;33.73;15940323;541440960.00
2016/05/03;33.91;35.34;33.39;35.19;30279561;1050402816.00
2016/05/04;35.01;35.42;34.67;34.83;25730054;901752256.00
2016/05/05;34.86;35.30;34.71;35.11;22008456;772149760.00
2016/05/06;35.20;35.26;33.23;33.23;35970759;1226914304.00
2016/05/09;32.58;32.58;30.96;31.17;29106531;923163456.00
2016/05/10;31.15;31.55;31.00;31.16;14890247;465735520.00
2016/05/11;31.27;31.60;29.96;30.04;26311505;802022272.00
2016/05/12;29.62;29.70;28.58;29.19;25395315;740124352.00
2016/05/13;29.26;29.72;28.97;29.31;18188341;533752256.00
2016/05/16;29.37;30.00;29.26;29.96;20226368;600904256.00
2016/05/17;30.31;30.31;29.36;29.66;22972266;684009536.00
2016/05/18;29.23;29.23;27.98;28.34;20264393;582635392.00
2016/05/19;28.62;30.86;28.62;29.34;37854105;1124368896.00
2016/05/20;28.96;29.96;28.66;29.68;17710111;521347072.00
2016/05/23;29.93;30.41;29.79;30.35;23958809;721947136.00
2016/05/24;30.24;30.24;29.42;29.64;19358798;576160256.00
2016/05/25;29.95;30.26;29.36;29.58;18594294;556446656.00
2016/05/26;29.46;29.96;28.66;29.84;19407987;569288000.00
2016/05/27;29.94;30.39;29.71;29.93;20891258;627382336.00
2016/05/30;29.84;30.11;29.28;29.51;14215935;422499424.00
2016/05/31;29.67;31.58;29.58;31.46;36517153;1120423680.00
2016/06/01;31.47;31.58;31.06;31.17;29568825;927091968.00
2016/06/02;31.04;31.41;30.96;31.38;22154414;692501376.00
2016/06/03;31.38;32.31;31.04;31.58;32865064;1040667520.00
2016/06/06;31.80;32.02;31.06;31.21;21192653;666461184.00
2016/06/07;31.24;31.36;30.67;31.13;16656682;517019776.00
2016/06/08;31.16;31.30;30.73;31.04;16286570;505248320.00
2016/06/13;30.65;30.65;28.37;28.46;27879311;825683456.00
2016/06/14;28.44;28.75;28.06;28.26;15926516;451982752.00
2016/06/15;27.97;29.33;27.77;28.96;17996787;519182048.00
2016/06/16;28.87;29.07;28.40;28.52;15943087;456904608.00
2016/06/17;28.45;29.30;28.40;28.55;17117635;493847936.00
2016/06/20;28.61;29.28;28.34;28.96;18281400;526155616.00
2016/06/21;29.30;29.42;28.39;28.47;17552919;506658176.00
2016/06/22;28.50;28.85;28.31;28.82;11365063;324857728.00
2016/06/23;28.80;29.48;28.75;29.34;22069564;643837056.00
2016/06/24;29.12;29.32;27.03;28.47;22852203;653396800.00
2016/06/27;28.22;29.09;28.22;28.98;15789972;453840960.00
2016/06/28;28.90;29.65;28.73;29.50;25365998;744570944.00
2016/06/29;29.64;30.13;29.30;29.80;26226902;778169984.00
2016/06/30;29.80;30.23;29.36;29.95;20666950;615458240.00
2016/07/01;29.90;30.37;29.70;29.71;19388330;581071680.00
2016/07/04;29.40;30.14;29.30;29.95;18664923;558139584.00
2016/07/05;30.10;30.19;29.54;29.88;20956472;625626944.00
2016/07/06;29.71;29.90;29.40;29.58;18549461;548876096.00
2016/07/07;29.55;29.75;28.72;29.12;19839336;579448768.00
2016/07/08;29.13;29.50;28.91;29.29;13684915;399641504.00
2016/07/11;30.00;30.50;29.24;29.42;34949522;1047065856.00
2016/07/12;29.70;30.45;29.48;30.28;36510680;1096838272.00
2016/07/13;30.51;33.31;30.11;33.31;66216434;2109198208.00
2016/07/14;34.41;35.67;32.74;34.20;104537838;3556298496.00
2016/07/15;33.89;34.37;33.30;33.75;42686130;1444478848.00
2016/07/18;33.83;34.45;33.62;33.79;37494798;1274474368.00
2016/07/19;33.88;34.00;32.68;33.65;35334458;1176323200.00
2016/07/20;33.74;34.14;33.02;33.02;33644290;1132036736.00
2016/07/21;32.90;33.43;32.75;32.83;23977888;792326208.00
2016/07/22;32.75;33.45;32.75;32.80;21317683;703846656.00
2016/07/25;32.75;32.75;32.00;32.24;19781656;639113280.00
2016/07/26;32.06;32.66;32.06;32.45;14944666;484054368.00
2016/07/27;32.48;32.48;29.49;29.70;41191125;1263614976.00
2016/07/28;29.68;30.11;28.01;28.83;29892526;867355840.00
2016/07/29;28.99;29.19;28.40;28.64;15922238;457655520.00
2016/08/01;28.69;29.35;27.90;28.76;18615901;531212832.00
2016/08/02;28.88;29.15;28.51;28.77;14510066;417168768.00
2016/08/03;28.78;28.96;28.40;28.60;15630411;447431872.00
2016/08/04;28.64;29.18;28.40;28.76;19148074;551470720.00
2016/08/05;28.63;28.81;28.13;28.29;18474374;525474464.00
2016/08/08;28.20;28.48;27.71;28.45;12462846;350756576.00
2016/08/09;28.40;29.69;28.30;29.65;24388519;706797184.00
2016/08/10;29.65;29.85;29.28;29.30;21375114;633451200.00
2016/08/11;29.12;29.48;28.60;28.66;13569860;393462368.00
2016/08/12;28.32;28.99;28.31;28.80;12676502;362395744.00
2016/08/15;28.66;30.00;28.50;29.83;26500077;783308288.00
2016/08/16;29.78;30.35;29.60;29.71;21518649;645132992.00
2016/08/17;29.82;30.20;29.55;29.90;16541274;493579232.00
2016/08/18;30.08;30.34;29.62;29.67;17718640;530684256.00
2016/08/19;29.70;29.88;29.32;29.43;12625936;372331200.00
2016/08/22;29.39;29.58;28.80;28.84;12298666;357783840.00
2016/08/23;28.78;29.12;28.65;28.88;10555008;304537600.00
2016/08/24;28.95;29.48;28.95;29.22;12923152;378040416.00
2016/08/25;29.55;30.17;29.38;29.71;31932312;951069504.00
2016/08/26;29.67;29.68;29.10;29.26;16874562;495024224.00
2016/08/29;29.12;29.22;28.84;28.97;11307619;327954272.00
2016/08/30;29.19;29.19;28.85;28.90;11508667;333732064.00
2016/08/31;28.90;29.08;28.55;28.96;10079983;290705408.00
2016/09/01;29.05;29.14;28.61;28.67;7675977;221390016.00
2016/09/02;28.74;29.10;28.65;28.78;9851750;284698656.00
2016/09/05;29.03;29.10;28.70;28.76;7189550;207631456.00
2016/09/06;28.96;29.49;28.70;29.41;15228938;443704864.00
2016/09/07;29.52;29.54;29.08;29.11;12001176;351957248.00
2016/09/08;29.22;29.34;28.93;29.09;8809380;256494304.00
2016/09/09;29.07;29.24;28.90;28.91;9722518;282019904.00
2016/09/12;28.30;28.62;28.01;28.03;13713180;387968032.00
2016/09/13;28.21;28.38;27.89;27.98;10784258;302361792.00
2016/09/14;27.90;28.26;27.80;27.91;6790650;190354144.00
2016/09/19;27.90;28.33;27.90;28.19;6211928;174819680.00
2016/09/20;28.23;28.25;28.00;28.01;5061660;141952944.00
2016/09/21;28.02;28.24;28.01;28.15;5658455;159118528.00
2016/09/22;28.43;28.49;28.15;28.16;6071379;171572704.00
2016/09/23;28.29;28.32;28.00;28.03;5119747;143847120.00
2016/09/26;28.10;28.16;27.77;27.79;7332985;205309632.00
2016/09/27;27.45;27.98;27.45;27.95;7095612;196730304.00
2016/09/28;28.01;28.12;27.86;27.87;4353787;121814888.00
2016/09/29;27.93;28.03;27.77;27.79;4709955;131228384.00
2016/09/30;27.88;28.06;27.72;27.98;5196035;144989968.00
2016/10/10;28.08;28.66;28.08;28.51;9335792;264909440.00
2016/10/11;28.47;28.58;28.26;28.39;7231598;205236512.00
2016/10/12;28.36;28.36;28.11;28.19;6175866;174248960.00
2016/10/13;28.30;28.62;28.13;28.38;8761729;248618832.00
2016/10/14;28.30;28.59;28.20;28.31;6778110;192121344.00
2016/10/17;28.51;28.51;27.78;27.87;9459159;265847664.00
2016/10/18;27.83;28.22;27.75;28.19;8026969;224614656.00
2016/10/19;28.19;28.30;27.93;28.01;7562144;212691360.00
2016/10/20;28.02;28.48;27.90;28.36;13453159;379432064.00
2016/10/21;28.29;28.29;27.78;27.93;13059007;365106048.00
2016/10/24;27.92;28.10;27.84;27.93;9644238;269872384.00
2016/10/25;27.94;28.20;27.93;28.07;7812107;219264608.00
2016/10/26;28.07;28.07;27.78;27.85;9357955;260751056.00
2016/10/27;27.80;27.85;27.67;27.75;6829102;189519632.00
2016/10/28;27.75;28.04;27.71;27.73;7081772;197107904.00
2016/10/31;27.78;27.94;27.59;27.71;4849526;134373456.00
2016/11/01;27.65;27.88;27.60;27.85;7454148;206836128.00
2016/11/02;27.81;27.81;27.20;27.35;11058876;304584288.00
2016/11/03;27.20;27.68;27.11;27.38;11349801;310152960.00
2016/11/04;27.42;27.78;27.25;27.46;10047618;276272000.00
2016/11/07;27.40;27.40;27.21;27.25;6459753;176167776.00
2016/11/08;27.33;27.56;27.25;27.38;7114731;194701952.00
2016/11/09;27.40;27.56;26.48;26.85;12413372;336006048.00
2016/11/10;27.14;27.24;26.89;26.99;9223632;249309232.00
2016/11/11;27.13;27.13;26.72;26.92;10267146;275603424.00
2016/11/14;26.96;27.66;26.93;27.20;12275688;335248160.00
2016/11/15;27.18;27.45;27.03;27.42;10556634;287799744.00
2016/11/16;27.41;27.97;27.40;27.71;18373974;509442880.00
2016/11/17;27.69;27.69;27.24;27.34;5962400;163437568.00
数据来源:通达信
