002743 富煌钢构 日线 前复权
      日期	    开盘	    最高	    最低	    收盘	    成交量	    成交额
2015/02/17;4.27;5.14;4.27;5.14;47200;490271.00
2015/02/25;5.66;5.66;5.66;5.66;12600;144144.00
2015/02/26;6.23;6.23;6.23;6.23;17100;215118.00
2015/02/27;6.86;6.86;6.86;6.86;17400;240816.00
2015/03/02;7.55;7.55;7.55;7.55;65800;1001476.00
2015/03/03;8.31;8.31;8.31;8.31;401398;6719402.50
2015/03/04;9.15;9.15;9.15;9.15;1356235;24968286.00
2015/03/05;10.07;10.07;10.07;10.07;1388799;28123180.00
2015/03/06;11.08;11.08;11.08;11.08;688351;15336460.00
2015/03/09;10.69;10.97;9.97;10.18;17595825;361363008.00
2015/03/10;9.69;9.88;9.30;9.65;11542816;222252096.00
2015/03/11;9.58;10.15;9.47;9.92;10863803;215515504.00
2015/03/12;9.83;10.43;9.29;9.54;10479381;207868688.00
2015/03/13;9.34;9.63;9.30;9.50;5934018;112648104.00
2015/03/16;9.60;10.08;9.54;10.07;7851537;155618208.00
2015/03/17;10.22;11.08;9.97;10.74;11365422;238969328.00
2015/03/18;10.72;11.48;10.44;10.58;12470188;272012096.00
2015/03/19;10.47;11.64;10.40;11.44;15173482;340052096.00
2015/03/20;11.17;12.59;11.15;12.59;11968092;286022688.00
2015/03/23;13.48;13.69;12.61;12.74;14699873;385781984.00
2015/03/24;12.34;12.48;11.74;12.19;10600374;258933024.00
2015/03/25;12.03;12.95;11.68;12.95;10433168;256127536.00
2015/03/26;12.59;14.25;12.45;14.25;12115749;329632384.00
2015/03/27;14.63;14.63;13.34;13.69;8238589;226335424.00
2015/03/30;13.54;14.05;13.34;13.57;4765815;131000664.00
2015/03/31;13.46;13.46;12.96;13.09;3481100;92324056.00
2015/04/01;12.98;13.38;12.88;13.22;2906829;76803080.00
2015/04/02;13.27;13.36;13.02;13.32;3285851;87043000.00
2015/04/03;13.29;13.76;13.19;13.66;3729498;102000272.00
2015/04/07;13.70;14.49;13.70;14.18;5139665;146219072.00
2015/04/08;14.17;14.93;13.19;14.59;4103092;117038488.00
2015/04/09;14.38;15.25;13.63;14.37;3586576;104096576.00
2015/04/10;14.28;14.87;13.99;14.40;2033727;59194064.00
2015/04/13;14.19;15.85;14.09;15.70;4081203;124059280.00
2015/04/14;15.37;15.70;14.87;14.91;3430388;104624336.00
2015/04/15;15.03;15.57;13.94;15.17;4592285;135368240.00
2015/04/16;14.67;16.11;14.09;15.66;3805231;117702760.00
2015/04/17;15.94;17.04;15.50;16.45;3357810;108799784.00
2015/04/20;16.21;16.74;15.82;16.04;2521080;82350312.00
2015/04/21;15.88;17.44;15.74;17.35;2690622;90479288.00
2015/04/22;17.00;17.84;17.00;17.37;2295192;80043032.00
2015/04/23;17.44;17.69;16.98;17.36;2215025;76677984.00
2015/04/24;17.25;17.42;16.58;17.19;2065940;70752448.00
2015/04/27;17.19;17.42;16.74;17.14;2213524;75487480.00
2015/04/28;16.94;17.14;15.42;15.42;4142100;130668440.00
2015/04/29;14.88;16.80;14.44;16.39;6548220;208463904.00
2015/04/30;16.29;16.29;15.34;15.34;3797464;119019832.00
2015/05/04;13.81;15.94;13.80;14.94;11148611;316013056.00
2015/05/05;14.04;14.74;13.94;14.30;6009431;173354416.00
2015/05/06;14.24;14.53;13.99;14.03;3478170;100002560.00
2015/05/07;14.08;14.62;14.08;14.42;3095423;89319744.00
2015/05/08;14.62;15.22;14.37;15.12;2428625;72652232.00
2015/05/11;15.37;16.64;15.24;15.94;4704160;152605328.00
2015/05/12;15.96;17.54;15.67;17.54;4588262;155110832.00
2015/05/13;17.28;19.30;17.00;19.30;4441723;162064608.00
2015/05/14;21.24;21.24;21.24;21.24;955322;40687164.00
2015/05/15;23.04;23.06;19.20;21.93;7110352;298254304.00
2015/05/18;20.44;22.89;20.10;21.93;8319030;358994240.00
2015/05/19;21.44;22.12;19.73;20.29;15686194;633116032.00
2015/05/20;19.59;20.57;19.45;19.79;8803869;351904448.00
2015/05/21;19.45;19.76;19.29;19.63;6287762;246313344.00
2015/05/22;19.77;21.08;19.31;21.04;10842645;435158592.00
2015/05/25;20.37;22.67;19.94;21.90;12118232;518418560.00
2015/05/26;21.19;24.06;20.95;23.71;11319766;515139200.00
2015/05/27;23.44;25.94;22.73;25.39;11513409;566271872.00
2015/06/30;22.85;22.85;22.85;22.85;285400;13059904.00
2015/07/01;20.56;20.56;20.56;20.56;193600;7972448.00
2015/07/02;18.50;18.50;18.50;18.50;49800;1845588.00
2015/07/03;16.65;16.65;16.65;16.65;71200;2374520.00
2015/07/06;14.98;18.12;14.98;14.98;7003120;217988192.00
2015/07/07;13.48;13.48;13.48;13.48;205400;5549908.00
2015/07/08;12.13;12.13;12.13;12.13;34900;848768.00
2015/07/09;10.92;13.35;10.92;13.35;11814427;284711904.00
2015/07/10;12.95;14.69;12.95;14.69;9355657;267495280.00
2015/07/13;14.69;16.16;13.98;16.16;10830888;333074336.00
2015/07/14;15.50;16.76;14.66;15.62;10496670;330326048.00
2015/07/15;14.62;15.22;14.05;14.05;3285874;94989728.00
2015/07/16;14.05;14.41;12.64;12.65;5628932;149144384.00
2015/07/17;12.75;13.71;12.75;13.35;4073663;107441192.00
2015/07/20;13.22;13.87;12.98;13.54;4140207;111751640.00
2015/07/21;13.32;14.21;13.04;14.09;4293839;118872432.00
2015/07/22;14.17;14.34;13.38;13.97;5218888;144998592.00
2015/07/23;13.87;15.17;13.62;14.95;5717089;166865168.00
2015/07/24;15.01;15.39;14.20;14.33;5857548;174765664.00
2015/07/27;13.65;14.37;12.90;12.90;3969380;108319624.00
2015/07/28;11.78;12.90;11.61;11.67;3513659;84766288.00
2015/07/29;12.12;12.83;11.63;12.83;3842925;93485376.00
2015/07/30;12.77;13.77;12.47;12.68;5067338;134148768.00
2015/07/31;12.68;13.67;12.38;13.04;4315904;113036008.00
2015/08/03;12.98;13.33;11.83;12.57;3555349;90596960.00
2015/08/04;12.57;13.41;12.47;13.34;3607786;94147056.00
2015/08/05;13.34;14.44;13.28;13.87;5717204;159542768.00
2015/08/06;13.49;13.73;13.26;13.28;3713042;100237368.00
2015/08/07;13.47;14.17;13.33;13.91;3801051;105896272.00
2015/08/10;13.96;14.70;13.72;14.57;4939320;140999472.00
2015/08/11;14.78;15.22;14.51;14.71;4746041;141200464.00
2015/08/12;14.52;14.69;13.87;13.92;3280073;94251280.00
2015/08/13;14.14;14.62;13.93;14.55;2943604;84502176.00
2015/08/14;14.52;16.01;14.52;16.01;8068593;253341552.00
2015/08/17;16.25;17.37;15.74;15.75;9630180;316793376.00
2015/08/18;15.42;15.50;14.17;14.17;5745120;170584048.00
2015/08/19;13.10;15.59;12.97;15.59;6164101;176023488.00
2015/08/20;15.52;17.15;14.85;17.15;12146093;405645664.00
2015/08/21;17.12;17.37;16.38;16.96;8787005;299806272.00
2015/08/24;15.76;17.69;15.47;17.22;7105825;237125280.00
2015/08/25;16.40;17.97;15.50;15.50;7089188;241816512.00
2015/08/26;15.71;16.47;13.95;13.95;13153838;380138720.00
2015/08/27;13.47;14.12;12.55;12.55;8311845;215288688.00
2015/08/28;12.22;13.39;11.62;13.20;7677783;192136160.00
2015/08/31;12.78;12.78;11.88;11.88;4359323;106853704.00
2015/09/01;11.47;11.47;10.69;10.72;5202520;112687616.00
2015/09/02;10.00;11.30;9.98;10.97;3729011;80443576.00
2015/09/07;10.92;11.60;10.81;11.02;2944068;66349388.00
2015/09/08;10.63;11.64;10.62;11.60;2665124;59367444.00
2015/09/09;11.47;12.76;11.47;12.76;7674094;192042288.00
2015/09/10;12.72;13.08;12.42;12.69;2962376;75769480.00
2015/09/11;12.57;13.96;12.37;13.86;5982582;160762432.00
2015/09/14;13.60;13.69;12.47;12.47;2408181;63365264.00
2015/09/15;11.47;12.58;11.22;11.22;4620601;110489016.00
2015/09/16;11.22;12.34;10.97;12.24;4488448;102790224.00
2015/09/17;12.02;12.20;11.01;11.02;3502764;81882000.00
2015/09/18;10.77;11.97;10.77;11.29;4791869;109293928.00
2015/09/21;11.22;12.23;10.81;11.86;2900825;67311168.00
2015/09/22;11.86;12.96;11.72;12.85;4373774;109155232.00
2015/09/23;12.32;12.82;11.94;12.45;3224682;79843040.00
2015/09/24;12.45;13.36;12.32;12.82;3920216;100567704.00
2015/09/25;12.52;12.77;11.86;12.11;2307427;56815624.00
2015/09/28;12.42;12.49;11.99;12.46;1194836;29521690.00
2015/09/29;12.22;12.36;12.02;12.07;723078;17628166.00
2015/09/30;12.19;13.28;12.19;13.19;9881214;258659312.00
2015/10/08;13.12;13.57;12.97;13.21;11573510;308474528.00
2015/10/09;13.22;13.40;13.03;13.30;9667869;255553920.00
2015/10/12;13.18;13.97;13.18;13.68;8565446;232756816.00
2015/10/13;13.61;13.61;13.27;13.52;5428803;146663408.00
2015/10/14;13.47;13.62;13.05;13.15;4307312;115066864.00
2015/10/15;13.02;13.58;13.02;13.54;4450809;119619208.00
2015/10/16;13.72;14.18;13.29;13.96;6796457;186527312.00
2015/10/19;13.97;14.01;13.42;13.52;5382557;148167360.00
2015/10/20;13.62;13.97;13.35;13.82;4327804;118475992.00
2015/10/21;13.80;14.25;12.43;12.43;5739691;155612384.00
2015/10/22;12.27;12.82;12.20;12.70;4776415;120011352.00
2015/10/23;12.72;13.07;12.55;12.90;3289205;84023360.00
2015/10/26;13.08;13.17;12.77;12.99;3043458;79233000.00
2015/10/27;12.88;13.06;12.27;12.92;3206537;81630888.00
2015/10/28;12.90;13.87;12.83;13.34;5291115;142889728.00
2015/10/29;13.52;13.82;13.37;13.82;4990873;136171312.00
2015/10/30;13.82;14.05;13.51;13.52;4716621;130320136.00
2015/11/02;13.02;14.07;12.73;13.65;4329331;118975416.00
2015/11/03;13.66;14.65;13.45;14.38;5810960;163259696.00
2015/11/04;14.37;15.03;14.22;14.93;6831046;199924640.00
2015/11/05;14.86;15.21;14.33;14.47;6179955;182130416.00
2015/11/06;14.45;14.82;14.45;14.76;5239559;154273984.00
2015/11/09;14.77;15.97;14.77;15.69;7626041;235657040.00
2015/11/10;15.37;15.61;15.00;15.38;4916273;151054512.00
2015/11/11;15.27;16.50;15.25;16.27;6516825;208642384.00
2015/11/12;16.37;17.72;15.86;16.99;7731189;257235040.00
2015/11/13;16.67;16.91;15.48;15.72;6080544;196244928.00
2015/11/16;15.33;16.07;15.22;16.05;3304756;104637848.00
2015/11/17;16.30;16.96;16.22;16.80;6912742;229000848.00
2015/11/18;16.56;17.31;16.23;16.47;6911921;233745648.00
2015/11/19;16.47;16.65;15.47;16.59;5877358;190248368.00
2015/11/20;16.47;16.65;16.24;16.32;3673580;120701400.00
2015/11/23;16.30;16.41;15.72;15.82;3319549;107071760.00
2015/11/24;15.78;16.98;15.76;16.92;4619411;151647296.00
2015/11/25;16.97;17.41;16.65;16.93;4816607;163496144.00
2015/11/26;16.97;18.43;16.90;17.52;8408896;297705984.00
2015/11/27;17.37;17.95;15.76;15.81;6727757;228486720.00
2015/11/30;15.84;16.40;14.30;15.84;5990797;185931248.00
2015/12/01;15.76;16.62;15.62;16.08;5531055;179387760.00
2015/12/02;15.73;15.97;14.72;15.55;4006515;123731808.00
2015/12/03;15.72;16.15;15.55;16.12;3323735;106220632.00
2015/12/04;16.08;16.72;16.08;16.36;4247001;139484416.00
2015/12/07;16.36;17.17;16.36;16.98;3989437;134268016.00
2015/12/08;16.82;17.91;16.73;17.12;6120457;213704512.00
2015/12/09;17.61;17.61;16.13;16.27;4350577;146214528.00
2015/12/10;16.21;16.57;15.92;16.30;2771143;90260384.00
2015/12/11;16.22;16.91;16.02;16.77;2166737;70951704.00
2015/12/14;16.55;17.77;16.55;17.37;3199532;111094928.00
2015/12/15;17.27;17.61;17.06;17.38;3262268;112988464.00
2015/12/16;17.52;19.12;17.52;19.12;5535826;208285696.00
2015/12/17;19.62;21.03;19.43;20.44;10582063;425102912.00
2015/12/18;20.47;20.87;19.28;19.45;6363433;254221408.00
2015/12/21;19.68;20.19;19.12;19.74;4659159;183787280.00
2015/12/22;19.71;20.44;19.33;20.07;4331916;174177424.00
2015/12/23;20.27;20.29;18.97;18.97;3572052;139548304.00
2015/12/24;18.73;19.27;18.31;19.25;2329904;87452240.00
2015/12/25;19.05;19.57;18.91;19.08;1538544;59367812.00
2015/12/28;19.12;19.27;18.03;18.22;3080290;114423400.00
2015/12/29;18.00;18.76;18.00;18.68;2114318;77925008.00
2015/12/30;18.54;18.84;18.22;18.67;2115645;78359920.00
2015/12/31;18.55;18.87;18.25;18.60;2250355;83899056.00
2016/01/04;18.52;18.52;16.74;16.74;2244945;77856920.00
2016/01/05;15.07;16.97;15.07;16.62;3238243;102939792.00
2016/01/06;16.46;17.45;16.43;17.32;3493836;119381624.00
2016/01/07;16.83;16.96;15.58;15.59;532500;17203578.00
2016/01/08;15.62;16.37;14.03;15.31;3273043;99867304.00
2016/01/11;14.67;15.31;13.77;13.77;2967705;85023912.00
2016/01/12;13.88;13.97;12.47;13.13;2235597;59467188.00
2016/01/13;13.37;13.77;12.17;12.17;1765154;46040308.00
2016/01/14;11.71;12.72;11.47;12.56;2564679;62210940.00
2016/01/15;12.35;12.56;11.67;11.80;2545639;61967480.00
2016/01/18;11.57;12.40;11.48;12.08;2101220;50720340.00
2016/01/19;12.17;12.92;11.98;12.75;2631608;66239768.00
2016/01/20;12.72;13.21;12.57;12.91;2751244;71046928.00
2016/01/21;12.47;12.97;12.02;12.02;2185870;55136452.00
2016/01/22;12.22;12.60;11.96;12.47;1874528;46119732.00
2016/01/25;12.60;13.07;12.49;12.87;2196276;56503768.00
2016/01/26;12.87;13.16;11.77;11.82;2719580;68165600.00
2016/01/27;11.97;12.07;10.80;11.25;2346982;53607412.00
2016/01/28;11.29;11.57;10.81;10.85;2092358;47448248.00
2016/01/29;10.87;11.53;10.72;11.37;2058660;46356036.00
2016/02/01;11.42;11.44;10.99;11.11;1712772;38655420.00
2016/02/02;11.21;11.75;11.11;11.55;1833135;42491940.00
2016/02/03;11.42;11.72;11.26;11.67;1725658;39708524.00
2016/02/04;11.68;12.06;11.68;11.98;2070206;49528096.00
2016/02/05;11.98;12.07;11.76;12.07;1998632;47796812.00
2016/02/15;11.30;13.28;11.30;13.28;4801384;121106856.00
2016/02/16;13.27;14.37;13.14;13.97;5987230;164762272.00
2016/02/17;13.97;13.97;13.29;13.57;4866977;131778208.00
2016/02/18;13.58;14.05;13.23;13.56;4321132;117887936.00
2016/02/19;13.45;13.95;13.39;13.61;3782364;103643624.00
2016/02/22;14.03;14.17;13.60;13.67;3258527;90137280.00
2016/02/23;13.57;13.87;13.08;13.87;4636093;123985512.00
2016/02/24;13.61;13.97;13.46;13.85;3640605;100345944.00
2016/02/25;13.78;13.85;12.46;12.46;2543810;66553120.00
2016/02/26;12.81;12.81;11.38;11.90;3236172;77996560.00
2016/02/29;11.90;11.90;10.72;10.75;2595619;56939412.00
2016/03/01;10.80;11.17;10.63;11.06;2126243;46515788.00
2016/03/02;11.14;11.67;11.11;11.62;2035230;46514100.00
2016/03/03;11.67;12.00;11.48;11.59;1905008;44841036.00
2016/03/04;11.39;11.59;10.43;10.82;1815138;40452756.00
2016/03/07;11.11;11.81;11.11;11.38;1941929;44824484.00
2016/03/08;11.29;11.97;11.04;11.97;2683871;62308060.00
2016/03/09;11.51;11.79;11.47;11.54;1796038;41817132.00
2016/03/10;11.88;12.69;11.88;12.05;4746098;116951080.00
2016/03/11;11.83;11.97;11.48;11.75;2078028;48828248.00
2016/03/14;11.87;12.46;11.87;12.37;3173291;77622424.00
2016/03/15;12.22;12.92;12.22;12.52;3338737;84598784.00
2016/03/16;12.97;12.99;12.26;12.77;2789343;70565192.00
2016/03/17;12.72;13.35;12.66;13.12;2983872;78040984.00
2016/03/18;13.23;13.72;13.22;13.72;3161665;84995288.00
2016/03/21;13.83;14.07;13.47;13.80;4146120;114527520.00
2016/03/22;13.69;15.18;13.44;14.52;5805885;167886288.00
2016/03/23;14.22;14.71;14.08;14.32;3367234;97378408.00
2016/03/24;14.31;14.56;13.73;14.02;2600473;73761008.00
2016/03/25;14.00;14.46;13.73;14.08;2013003;56647540.00
2016/03/28;14.04;14.21;13.72;13.75;1728460;48483076.00
2016/03/29;13.66;13.75;13.05;13.13;2037380;54310928.00
2016/03/30;13.13;13.70;12.96;13.60;1880342;50759124.00
2016/03/31;13.67;14.11;13.67;13.98;2975943;83272504.00
2016/04/01;13.95;14.21;13.74;14.11;3009409;84369064.00
2016/04/05;14.37;15.52;13.98;15.31;5070444;150869904.00
2016/04/06;15.22;15.30;14.86;15.13;3498213;105577848.00
2016/04/07;15.12;16.14;14.67;15.78;6420601;197881520.00
2016/04/08;15.48;17.17;15.48;17.00;8272749;273727392.00
2016/04/11;16.87;16.87;15.97;16.34;8940076;293005952.00
2016/04/12;16.25;16.25;15.32;15.37;4766958;148753312.00
2016/04/13;15.52;15.92;15.43;15.50;3806687;119472416.00
2016/04/14;15.52;15.70;15.37;15.60;3127281;97063048.00
2016/04/15;15.59;15.77;15.53;15.69;3226376;101197408.00
2016/04/18;15.65;15.65;14.95;15.25;3350551;101293824.00
2016/04/19;15.30;15.36;15.03;15.29;1966086;59860940.00
2016/04/20;15.29;15.37;13.77;14.30;3598535;104535240.00
2016/04/21;14.32;14.85;14.17;14.18;2421829;70716640.00
2016/04/22;14.01;14.58;13.83;14.35;1835671;51965772.00
2016/04/25;14.35;14.35;13.83;14.24;1422988;40090644.00
2016/04/26;14.23;14.55;14.10;14.55;2687415;77075936.00
2016/04/27;14.57;14.94;14.38;14.75;2882031;84410144.00
2016/04/28;14.72;14.77;14.08;14.71;1596441;46580292.00
2016/04/29;14.77;15.04;14.60;14.80;1950208;57984712.00
2016/05/03;14.67;15.25;14.60;15.23;2846645;85687424.00
2016/05/04;15.10;15.46;15.10;15.29;2974588;91250160.00
2016/05/05;15.27;15.57;15.18;15.47;2319221;71330720.00
2016/05/06;15.82;16.16;15.02;15.32;6400163;201715472.00
2016/05/09;15.02;15.03;13.97;14.41;3134025;90117904.00
2016/05/10;14.32;14.74;14.22;14.71;2227571;64855620.00
2016/05/11;14.80;14.85;14.03;14.16;2245760;64957588.00
2016/05/12;14.10;14.10;12.96;13.73;4292580;57618040.00
2016/05/13;13.71;13.71;13.20;13.42;4114149;55355292.00
2016/05/16;13.45;13.96;13.22;13.73;4100832;55848420.00
2016/05/17;13.99;14.57;13.75;14.03;6956229;98696656.00
2016/05/18;13.50;13.79;12.69;13.06;4863862;64023952.00
2016/05/19;13.50;13.50;13.00;13.03;3036536;40177412.00
2016/05/20;12.89;13.22;12.66;13.12;3154412;41049864.00
2016/05/23;13.20;13.69;13.15;13.58;3675164;49313488.00
2016/05/24;13.65;13.75;13.21;13.66;3285944;44285276.00
2016/05/25;13.60;14.18;13.36;13.48;4329623;59443244.00
2016/05/26;13.50;13.74;12.90;13.43;3271666;43196336.00
2016/05/27;13.40;13.47;13.21;13.22;2367854;31536726.00
2016/05/30;13.11;13.20;12.82;13.02;2394247;31176594.00
2016/05/31;13.18;13.58;13.06;13.54;4442615;59549440.00
2016/06/01;13.65;14.09;13.50;13.85;5535121;76774768.00
2016/06/02;13.80;14.33;13.68;14.24;6249570;87724896.00
2016/06/03;14.15;14.30;13.95;14.06;4153516;58524352.00
2016/06/06;14.00;14.18;13.91;14.03;3602862;50594660.00
2016/06/07;13.96;14.09;13.70;14.05;3286866;45714664.00
2016/06/08;14.05;14.08;13.77;13.91;2706504;37789488.00
2016/06/13;13.61;13.74;12.52;12.52;5493984;72768160.00
2016/06/14;12.50;13.10;12.47;12.98;5086220;64799212.00
2016/06/15;12.71;13.45;12.71;13.29;3537269;46725952.00
2016/06/16;13.29;13.77;13.29;13.60;4961795;67386888.00
2016/06/17;13.55;13.85;13.37;13.43;3905529;52922848.00
2016/06/20;13.50;13.65;13.11;13.40;2847612;37982396.00
2016/06/21;13.55;13.63;13.04;13.27;3964717;52931312.00
2016/06/22;13.20;13.62;13.11;13.59;3288686;44100020.00
2016/06/23;13.48;13.83;13.35;13.52;3523573;47957244.00
2016/06/24;13.51;13.76;12.72;13.51;4822622;64846904.00
2016/06/27;13.40;13.97;13.20;13.86;5232909;71919432.00
2016/06/28;13.80;14.10;13.71;13.99;5071669;70656328.00
2016/06/29;14.00;14.56;13.94;14.36;7933578;113380336.00
2016/06/30;14.30;14.47;14.00;14.42;6373351;90376808.00
2016/07/01;14.50;14.50;14.10;14.21;4316411;61535424.00
2016/07/04;14.18;14.47;14.00;14.42;4753626;68162048.00
2016/07/05;14.42;15.86;14.28;15.86;15423561;234074096.00
2016/07/06;15.87;16.27;15.48;16.08;19336969;307657440.00
2016/07/07;16.00;16.08;15.50;15.63;9495516;149065344.00
2016/07/08;15.63;15.85;15.51;15.55;6401157;100220936.00
2016/07/11;15.60;15.69;15.18;15.56;7234271;111731784.00
2016/07/12;15.56;15.86;15.15;15.69;6682933;103907528.00
2016/07/13;15.70;15.85;15.50;15.61;5428828;85087864.00
2016/07/14;15.84;15.99;15.45;15.62;6183789;96998544.00
2016/07/15;15.52;15.68;15.20;15.32;3686655;56841792.00
2016/07/18;15.19;15.56;14.81;15.46;5154504;78663584.00
2016/07/19;15.40;15.46;15.19;15.39;2547575;39037188.00
2016/07/20;15.41;15.65;15.25;15.27;3227486;49890612.00
2016/07/21;15.50;15.58;15.22;15.23;4329539;66586528.00
2016/07/22;15.22;15.35;14.93;14.94;3631640;55074456.00
2016/07/25;14.90;14.99;14.63;14.74;3533798;52288180.00
2016/07/26;14.81;15.19;14.70;15.19;4813862;72125464.00
2016/07/27;15.23;15.32;14.01;14.25;6375807;93463064.00
2016/07/28;14.22;14.39;13.90;14.11;3240235;45815324.00
2016/07/29;14.11;14.24;13.95;14.09;1810326;25530142.00
2016/08/01;14.09;14.20;13.67;14.07;2564326;35844288.00
2016/08/02;14.07;14.20;13.98;14.15;2352429;33161758.00
2016/08/03;14.13;14.22;14.10;14.16;1909650;27040144.00
2016/08/04;14.16;14.33;14.07;14.28;2141945;30410786.00
2016/08/05;14.32;14.55;14.24;14.35;2818882;40568964.00
2016/08/08;14.36;14.52;14.13;14.50;3278127;46904828.00
2016/08/09;14.50;14.78;14.40;14.65;3565637;52345652.00
2016/08/10;14.61;14.83;14.58;14.62;2533531;37148392.00
2016/08/11;14.60;14.68;14.24;14.26;2728430;39408128.00
2016/08/12;14.27;14.39;14.17;14.39;1821726;25981044.00
2016/08/15;14.43;15.50;14.36;15.31;5831551;86677600.00
2016/08/16;15.29;15.58;15.08;15.08;6982263;106919096.00
2016/08/17;15.15;15.48;14.87;15.20;5544048;83923528.00
2016/08/18;15.25;15.37;15.07;15.08;4523260;68751408.00
2016/08/19;15.00;15.36;15.00;15.31;5120642;78129568.00
2016/08/22;15.27;15.62;15.18;15.21;5424666;83717768.00
2016/08/23;15.21;15.50;15.10;15.34;4270924;65311212.00
2016/08/24;15.42;15.60;15.31;15.38;5476332;84716920.00
2016/08/25;15.11;15.42;14.80;14.99;3594062;53873276.00
2016/08/26;15.08;15.23;14.93;14.98;2820620;42522632.00
2016/08/29;15.08;16.48;14.91;15.79;17445372;277286944.00
2016/08/30;15.81;16.25;15.38;15.48;10859593;171538592.00
2016/08/31;15.52;15.78;15.30;15.68;7368523;114578736.00
2016/09/01;15.63;15.79;15.16;15.18;5712757;88134880.00
2016/09/02;15.06;15.22;15.02;15.08;3999953;60425812.00
2016/09/05;15.26;15.32;15.06;15.08;3456945;52420940.00
2016/09/06;15.08;15.50;14.86;15.39;7320708;111449768.00
2016/09/07;15.42;16.09;15.35;15.87;14443086;228406944.00
2016/09/08;15.90;16.08;15.56;15.87;9034820;142484944.00
2016/09/09;15.78;16.23;15.70;16.22;14077220;225468208.00
2016/09/12;15.88;17.17;15.70;16.30;24930651;413885664.00
2016/09/13;16.38;17.59;16.38;17.15;23481633;398357568.00
2016/09/14;16.90;16.96;16.03;16.18;14716738;242088160.00
2016/09/19;17.12;17.16;16.40;16.58;16223216;271229920.00
2016/09/20;16.15;17.40;16.12;17.30;19691584;331189888.00
2016/09/21;17.45;17.45;16.70;16.72;14695997;249873680.00
2016/09/22;16.87;17.05;16.48;16.86;11718584;196326192.00
2016/09/23;16.89;17.05;16.35;16.35;10749720;179402720.00
2016/09/26;16.08;16.29;15.00;15.13;11316607;177209392.00
2016/09/27;15.16;15.27;14.85;15.26;6578583;99185752.00
2016/09/28;15.22;15.55;15.10;15.32;5210074;80148248.00
2016/09/29;15.27;15.49;15.27;15.40;3991191;61415912.00
2016/09/30;15.38;15.52;15.27;15.38;3151242;48463148.00
2016/10/10;15.50;16.10;15.45;15.85;7210139;114500976.00
2016/10/11;15.85;16.13;15.85;15.90;5985199;95476416.00
2016/10/12;15.82;15.96;15.68;15.93;4854023;76830376.00
2016/10/13;15.99;17.40;15.91;16.99;16705449;276013824.00
2016/10/14;16.90;17.58;16.78;17.46;22127847;382194464.00
2016/10/17;17.38;17.43;16.91;17.30;12181423;209248720.00
2016/10/18;17.15;19.03;17.15;19.03;38894189;710903040.00
2016/10/19;18.90;19.00;18.36;18.40;34723062;647843776.00
2016/10/20;18.18;19.70;17.71;19.59;28354146;521848224.00
2016/10/21;18.90;19.19;18.30;18.45;29364646;550558784.00
2016/10/24;18.40;18.65;18.02;18.26;14834841;271649600.00
2016/10/25;18.31;18.54;17.98;18.43;13163140;240199840.00
2016/10/26;18.44;18.44;17.25;17.36;17543377;310420896.00
2016/10/27;17.55;17.56;17.18;17.48;8450107;146940864.00
2016/10/28;17.51;17.75;17.27;17.40;9140882;159829184.00
2016/10/31;17.32;17.62;16.91;17.61;7934353;136766864.00
2016/11/01;17.51;17.94;17.50;17.85;9442703;167302320.00
2016/11/02;17.67;17.83;17.36;17.39;8316395;145716176.00
2016/11/03;17.18;17.57;17.05;17.10;8619999;148604992.00
2016/11/04;17.05;17.50;17.05;17.32;7158029;123639920.00
2016/11/07;17.33;17.50;17.18;17.21;5195285;89936232.00
2016/11/08;17.34;17.41;17.19;17.29;4161119;71922672.00
2016/11/09;17.29;17.49;16.60;16.77;8699246;148358912.00
2016/11/10;16.91;17.19;16.82;17.05;6811373;115893760.00
2016/11/11;17.25;17.65;16.98;17.53;10559380;183830864.00
2016/11/14;17.53;18.35;17.43;18.24;15634154;281368960.00
2016/11/15;18.18;18.18;17.81;18.00;7514855;134954016.00
2016/11/16;17.94;18.20;17.82;17.87;5673045;101729432.00
2016/11/17;17.80;17.87;17.31;17.42;3655500;64032716.00
数据来源:通达信
