002673 西部证券 日线 前复权
      日期	    开盘	    最高	    最低	    收盘	    成交量	    成交额
2012/05/03;6.64;6.75;6.16;6.66;112448745;1608625152.00
2012/05/04;6.92;7.35;6.76;6.80;117091677;1774733056.00
2012/05/07;6.73;7.13;6.71;7.04;70889971;1064902016.00
2012/05/08;7.01;7.03;6.73;6.84;43629201;650030528.00
2012/05/09;6.71;6.84;6.51;6.68;32286625;469402016.00
2012/05/10;6.64;7.35;6.56;7.03;60859572;916231936.00
2012/05/11;6.96;7.23;6.87;7.03;49059470;749783104.00
2012/05/14;7.14;7.75;6.87;7.26;62747095;992346496.00
2012/05/15;7.16;8.00;7.12;7.87;61722930;1004063296.00
2012/05/16;7.79;8.19;7.74;7.75;56771403;967045824.00
2012/05/17;7.91;8.58;7.82;8.58;55780879;980016576.00
2012/05/18;8.41;8.99;8.37;8.97;56066117;1037145152.00
2012/05/21;8.66;8.85;8.11;8.20;52033047;943545216.00
2012/05/22;8.21;8.55;8.21;8.37;32736992;586661760.00
2012/05/23;8.33;9.15;8.27;9.04;46364391;861727040.00
2012/05/24;8.91;9.13;8.70;8.89;38591041;732336128.00
2012/05/25;8.89;9.06;8.57;8.70;36076303;677789120.00
2012/05/28;8.52;8.60;7.90;8.37;36678037;649985088.00
2012/05/29;8.27;8.99;8.22;8.65;40507761;749364736.00
2012/05/30;8.66;8.81;8.52;8.59;24043548;444920960.00
2012/05/31;8.45;8.94;8.42;8.67;34921214;652888896.00
2012/06/01;8.80;8.88;8.55;8.61;25280301;470230784.00
2012/06/04;8.29;8.68;8.22;8.30;23970049;433430240.00
2012/06/05;8.40;8.46;7.84;8.03;22605120;392565600.00
2012/06/06;8.07;8.11;7.63;7.74;23236327;391625952.00
2012/06/07;7.90;8.00;7.72;7.75;20562974;347221472.00
2012/06/08;7.89;8.22;7.79;7.92;31785402;546602880.00
2012/06/11;7.94;8.09;7.64;8.07;19380043;329642464.00
2012/06/12;7.93;8.07;7.77;7.81;16090778;274908384.00
2012/06/13;7.91;8.65;7.87;8.62;59866731;1081382016.00
2012/06/14;8.49;8.59;8.35;8.43;32541193;590104576.00
2012/06/15;8.55;8.69;8.35;8.61;35787898;655853184.00
2012/06/18;8.71;8.80;8.52;8.57;24843988;458606592.00
2012/06/19;8.50;8.56;8.24;8.32;19288914;346354816.00
2012/06/20;8.40;8.69;8.24;8.48;24731796;450460960.00
2012/06/21;8.37;8.40;8.19;8.22;15910718;282148960.00
2012/06/25;8.07;8.08;7.66;7.71;17229655;290245664.00
2012/06/26;7.61;7.94;7.56;7.81;16531050;277490624.00
2012/06/27;7.77;7.88;7.57;7.58;14347804;238262544.00
2012/06/29;7.37;7.87;7.29;7.81;19004679;313591680.00
2012/07/02;7.81;7.91;7.69;7.83;16261179;272849376.00
2012/07/03;7.86;8.01;7.74;7.81;14971560;253094688.00
2012/07/04;7.80;7.88;7.58;7.72;13422649;222868416.00
2012/07/05;7.61;7.61;7.32;7.35;16825414;270530400.00
2012/07/06;7.43;7.82;7.34;7.73;17968773;292681248.00
2012/07/09;7.66;7.71;7.29;7.34;14841168;240401424.00
2012/07/10;7.39;7.41;7.26;7.31;9570234;151826128.00
2012/07/11;7.32;7.59;7.30;7.47;12431559;199866512.00
2012/07/12;7.42;7.84;7.07;7.69;25155671;406908416.00
2012/07/13;7.51;7.67;7.36;7.42;17671886;285822528.00
2012/07/16;7.38;7.38;6.94;6.99;15551186;239784384.00
2012/07/17;6.92;7.34;6.89;7.07;19214767;294846528.00
2012/07/18;6.96;7.20;6.75;7.11;20727184;313109984.00
2012/07/19;7.01;7.61;6.97;7.30;34822167;552907520.00
2012/07/20;7.19;7.38;7.07;7.09;18451470;287707808.00
2012/07/23;6.97;7.14;6.81;7.01;11292840;170979024.00
2012/07/24;6.92;7.34;6.90;7.15;16800998;260408864.00
2012/07/25;7.08;7.16;6.99;7.01;10781789;164749568.00
2012/07/26;7.01;7.31;6.99;7.08;16737971;259353072.00
2012/07/27;7.14;7.16;6.91;6.95;13854576;210556080.00
2012/07/30;6.91;6.99;6.60;6.65;14723173;216189104.00
2012/07/31;6.50;6.58;6.22;6.24;18448935;258124544.00
2012/08/01;6.19;6.44;6.06;6.30;18412364;252327696.00
2012/08/02;6.16;6.24;5.91;5.96;17995878;239138960.00
2012/08/03;6.02;6.33;5.88;6.32;58596354;780945216.00
2012/08/06;6.19;6.56;6.17;6.47;46470658;644489024.00
2012/08/07;6.42;6.50;6.33;6.40;29289723;409843776.00
2012/08/08;6.49;6.64;6.44;6.45;29914706;426070944.00
2012/08/09;6.39;6.60;6.29;6.56;28346616;398743712.00
2012/08/10;6.52;6.56;6.40;6.45;16113988;227093024.00
2012/08/13;6.37;6.41;6.01;6.06;23277899;315999872.00
2012/08/14;6.04;6.11;5.86;6.09;20313180;266921600.00
2012/08/15;6.01;6.09;5.93;5.93;11937116;157018000.00
2012/08/16;5.92;6.04;5.91;5.96;13048075;171392784.00
2012/08/17;5.91;5.98;5.84;5.97;11428177;148277904.00
2012/08/20;5.88;6.06;5.78;6.00;12373949;160787104.00
2012/08/21;6.02;6.21;5.98;6.07;19628903;262702608.00
2012/08/22;6.07;6.13;5.99;6.00;12653581;167924000.00
2012/08/23;6.11;6.23;6.02;6.09;16850001;226001920.00
2012/08/24;6.03;6.19;6.00;6.02;12870506;171659120.00
2012/08/27;5.91;5.91;5.51;5.53;18024673;226120080.00
2012/08/28;5.55;5.85;5.51;5.67;18655152;233941408.00
2012/08/29;5.61;5.67;5.55;5.56;11698739;144560704.00
2012/08/30;5.54;6.13;5.52;5.92;35696044;458836000.00
2012/08/31;5.82;5.94;5.75;5.88;19108006;245980288.00
2012/09/03;5.81;6.19;5.79;6.06;27935276;371104992.00
2012/09/04;6.02;6.09;5.93;5.94;17207991;226354960.00
2012/09/05;5.92;6.21;5.91;6.04;20980027;280130528.00
2012/09/06;6.05;6.16;5.96;6.12;15865500;211563872.00
2012/09/07;6.24;6.77;6.19;6.66;48362100;689940160.00
2012/09/10;6.57;6.78;6.55;6.62;33734100;488859808.00
2012/09/11;6.54;6.59;6.43;6.56;20249942;287119040.00
2012/09/12;6.66;6.70;6.46;6.55;15344363;219178992.00
2012/09/13;6.54;6.64;6.31;6.31;15232262;215262352.00
2012/09/14;6.41;6.58;6.31;6.42;20136300;282741664.00
2012/09/17;6.39;6.43;6.16;6.16;14330693;195918272.00
2012/09/18;6.11;6.22;6.04;6.07;8753045;117619464.00
2012/09/19;6.11;6.23;6.10;6.18;13668084;184757472.00
2012/09/20;6.11;6.12;5.92;5.92;12993821;170860832.00
2012/09/21;5.88;6.04;5.72;5.84;14392148;186342928.00
2012/09/24;5.73;6.06;5.69;5.91;13290036;172248272.00
2012/09/25;5.86;6.05;5.84;5.92;13224004;173080992.00
2012/09/26;6.00;6.20;5.83;5.85;15259878;200728816.00
2012/09/27;5.80;6.49;5.78;6.41;53136581;732448960.00
2012/09/28;6.21;6.55;6.18;6.49;43552260;606233472.00
2012/10/08;6.44;6.50;6.31;6.35;20459953;285596448.00
2012/10/09;6.39;7.04;6.39;6.79;51392555;758257088.00
2012/10/10;6.71;6.85;6.66;6.81;25212984;370181856.00
2012/10/11;6.75;7.01;6.64;6.65;30267407;448288320.00
2012/10/12;6.71;6.86;6.50;6.71;22812739;331489920.00
2012/10/15;6.74;6.89;6.63;6.82;22811749;335822400.00
2012/10/16;6.82;6.87;6.66;6.69;19369009;284860384.00
2012/10/17;6.77;7.00;6.59;6.79;28624332;423488256.00
2012/10/18;6.81;7.14;6.73;7.01;36973252;556323008.00
2012/10/19;7.00;7.06;6.88;6.97;20495697;309877088.00
2012/10/22;6.90;6.97;6.82;6.91;22537868;337453632.00
2012/10/23;6.88;6.91;6.50;6.53;36688914;530456352.00
2012/10/24;6.48;6.57;6.34;6.42;18254773;257701648.00
2012/10/25;6.39;6.46;6.23;6.35;16989847;235836640.00
2012/10/26;6.35;6.38;6.21;6.29;14775186;204008272.00
2012/10/29;6.29;6.33;6.20;6.26;9214929;126396024.00
2012/10/30;6.29;6.48;6.25;6.33;14981683;208275632.00
2012/10/31;6.33;6.42;6.27;6.40;11585178;160490192.00
2012/11/01;6.51;6.90;6.48;6.68;37098738;540913408.00
2012/11/02;6.68;6.76;6.59;6.72;20570555;298742112.00
2012/11/05;6.65;6.73;6.55;6.68;12768242;184759696.00
2012/11/06;6.67;6.98;6.46;6.82;29624183;431332992.00
2012/11/07;6.70;6.75;6.57;6.58;18322629;264686192.00
2012/11/08;6.45;6.52;6.26;6.28;15903195;221968224.00
2012/11/09;6.16;6.26;6.15;6.20;10921452;148274496.00
2012/11/12;6.22;6.27;6.10;6.24;11095809;150589120.00
2012/11/13;6.23;6.24;5.93;5.95;11213428;149079056.00
2012/11/14;5.96;6.05;5.87;6.01;10029282;131676664.00
2012/11/15;5.95;6.03;5.84;5.85;8965172;116944840.00
2012/11/16;5.85;6.02;5.84;5.95;11280492;147151376.00
2012/11/19;5.97;6.10;5.91;6.08;13853247;183210112.00
2012/11/20;6.09;6.10;5.95;5.95;8828930;116621672.00
2012/11/21;5.97;6.23;5.95;6.16;16038747;214447872.00
2012/11/22;6.10;6.12;6.01;6.05;9154724;121851752.00
2012/11/23;6.08;6.14;6.01;6.05;9028030;120576048.00
2012/11/26;6.00;6.01;5.85;5.85;8918375;116055640.00
2012/11/27;5.84;5.94;5.67;5.68;10417792;133464680.00
2012/11/28;5.62;5.72;5.58;5.67;8149676;101814104.00
2012/11/29;5.67;5.74;5.05;5.05;20419793;239979792.00
2012/11/30;5.05;5.05;4.66;4.92;17807853;194286784.00
2012/12/03;4.87;4.96;4.59;4.62;12617631;135461840.00
2012/12/04;4.61;4.90;4.59;4.86;15784495;168349616.00
2012/12/05;4.82;5.40;4.79;5.25;37297197;437031456.00
2012/12/06;5.21;5.25;5.12;5.15;19833511;228752256.00
2012/12/07;5.16;5.39;5.14;5.33;22573212;264869104.00
2012/12/10;5.33;5.45;5.29;5.41;19800136;236465296.00
2012/12/11;5.43;5.44;5.33;5.36;12475987;143537472.00
2012/12/12;5.34;5.46;5.27;5.42;13953639;159973712.00
2012/12/13;5.36;5.38;5.26;5.27;9224477;104736504.00
2012/12/14;5.25;5.80;5.24;5.74;31537221;376559136.00
2012/12/17;5.75;6.01;5.67;5.85;29426621;363787584.00
2012/12/18;5.79;6.21;5.73;5.94;32766590;418108480.00
2012/12/19;5.86;6.10;5.84;5.92;17255350;219005632.00
2012/12/20;5.86;6.37;5.79;6.23;32835018;422998272.00
2012/12/21;6.16;6.30;6.06;6.13;26721619;349027744.00
2012/12/24;6.10;6.51;6.09;6.30;23620680;316740800.00
2012/12/25;6.24;6.97;6.16;6.86;55034798;784057664.00
2012/12/26;6.79;6.91;6.71;6.86;27161992;390190048.00
2012/12/27;6.86;6.97;6.64;6.68;30144181;432587968.00
2012/12/28;6.81;7.04;6.69;6.99;36547621;531333312.00
2012/12/31;7.07;7.13;6.89;6.96;27963101;411011968.00
2013/01/04;7.04;7.11;6.68;6.79;27354159;393303008.00
2013/01/07;6.72;6.86;6.65;6.78;16697024;237146224.00
2013/01/08;6.74;6.78;6.60;6.72;17778592;250672576.00
2013/01/09;6.69;6.92;6.56;6.73;19492607;277334720.00
2013/01/10;6.73;6.89;6.60;6.68;23798711;337984384.00
2013/01/11;6.64;6.68;6.37;6.41;21461797;295204192.00
2013/01/14;6.35;6.81;6.34;6.76;29383607;412230368.00
2013/01/15;6.75;6.86;6.69;6.82;22629765;322651328.00
2013/01/16;6.89;6.90;6.57;6.65;16879528;238234976.00
2013/01/17;6.61;6.90;6.50;6.72;27562007;391035136.00
2013/01/18;6.73;6.90;6.57;6.79;24683899;352124192.00
2013/01/21;6.79;6.81;6.67;6.72;15103274;214234304.00
2013/01/22;6.73;6.89;6.64;6.68;23320247;332633248.00
2013/01/23;6.61;6.67;6.44;6.57;18049020;248965456.00
2013/01/24;6.57;6.94;6.44;6.54;38779011;551135296.00
2013/01/25;6.47;6.51;6.33;6.33;16980298;229652752.00
2013/01/28;6.34;6.62;6.34;6.61;17698169;244622128.00
2013/01/29;6.63;6.89;6.55;6.75;28955927;412173792.00
2013/01/30;6.80;7.39;6.80;6.99;46255180;691419520.00
2013/01/31;6.99;7.28;6.85;7.16;35219865;524751392.00
2013/02/01;7.06;7.60;7.01;7.45;41949408;641673152.00
2013/02/04;7.59;7.82;7.29;7.46;40497445;638844160.00
2013/02/05;7.29;7.56;7.29;7.40;17848161;276970432.00
2013/02/06;7.43;7.69;7.39;7.48;21292310;336970656.00
2013/02/07;7.49;7.63;7.21;7.50;23227488;363586944.00
2013/02/08;7.44;7.51;7.34;7.41;14246751;222343552.00
2013/02/18;7.41;7.44;7.13;7.14;14334302;218373552.00
2013/02/19;7.10;7.23;7.04;7.12;13582057;203621712.00
2013/02/20;7.13;7.24;7.04;7.22;12991909;195195696.00
2013/02/21;7.11;7.18;6.93;6.94;15073842;223162480.00
2013/02/22;6.89;7.00;6.73;6.76;12888448;186236064.00
2013/02/25;6.81;7.01;6.81;6.90;11028472;160428176.00
2013/02/26;6.74;7.02;6.69;6.77;13145176;190167680.00
2013/02/27;6.82;7.06;6.82;6.93;12884062;188101472.00
2013/02/28;6.99;7.23;6.82;7.17;27991380;416447296.00
2013/03/01;7.19;7.21;7.02;7.10;18746489;280314688.00
2013/03/04;6.98;6.98;6.51;6.61;18509325;263413888.00
2013/03/05;6.56;6.91;6.56;6.88;15601787;222524048.00
2013/03/06;6.92;6.99;6.79;6.89;12668749;183724544.00
2013/03/07;6.94;7.07;6.80;6.87;18544787;271732992.00
2013/03/08;6.89;6.93;6.73;6.74;9365108;134694624.00
2013/03/11;6.74;6.93;6.69;6.80;7208772;103396656.00
2013/03/12;6.80;7.50;6.80;7.10;37676892;566595776.00
2013/03/13;7.02;7.26;6.98;7.18;29147474;437911072.00
2013/03/14;7.13;7.28;7.09;7.10;20371398;307489120.00
2013/03/15;7.13;7.72;6.88;7.36;53400140;827466048.00
2013/03/18;7.26;7.50;7.15;7.30;24027979;369005152.00
2013/03/19;7.24;7.37;6.94;7.24;31380173;474708416.00
2013/03/20;7.22;7.69;7.18;7.62;42079704;660021952.00
2013/03/21;7.60;7.68;7.49;7.62;28299555;449140640.00
2013/03/22;7.64;8.00;7.56;7.75;36026187;588292032.00
2013/03/25;7.77;7.82;7.49;7.52;21906434;350127360.00
2013/03/26;7.53;7.53;7.30;7.35;18353854;284366528.00
2013/03/27;7.39;7.57;7.28;7.40;17618700;274653184.00
2013/03/28;7.18;7.19;6.74;6.75;23334114;341840800.00
2013/03/29;6.79;6.87;6.71;6.72;11482883;164176928.00
2013/04/01;6.73;6.94;6.72;6.83;9544873;137322224.00
2013/04/02;6.84;7.08;6.77;6.98;15537825;226868016.00
2013/04/03;6.95;7.03;6.76;6.79;10771740;155844864.00
2013/04/08;6.49;6.67;6.43;6.63;10359383;142940368.00
2013/04/09;6.70;6.87;6.70;6.76;9651469;137826192.00
2013/04/10;6.75;6.81;6.53;6.65;9991271;139991936.00
2013/04/11;6.72;6.76;6.53;6.54;7353423;102645960.00
2013/04/12;6.51;6.58;6.20;6.25;11661926;157167568.00
2013/04/15;6.14;6.39;6.12;6.22;7960891;104919208.00
2013/04/16;6.14;6.48;6.09;6.43;10766978;144091696.00
2013/04/17;6.40;6.52;6.30;6.42;9925157;134581776.00
2013/04/18;6.36;6.54;6.32;6.45;9169628;125320688.00
2013/04/19;6.48;6.73;6.46;6.67;15950257;223416160.00
2013/04/22;6.70;6.78;6.63;6.69;12848344;181089952.00
2013/04/23;6.72;6.72;6.39;6.39;11945882;164749184.00
2013/04/24;6.35;6.66;6.19;6.55;17342353;236625728.00
2013/04/25;6.48;6.67;6.34;6.41;14043022;192636976.00
2013/04/26;6.44;6.67;6.40;6.45;11968580;165232048.00
2013/05/02;6.37;6.58;6.29;6.47;9713363;132427928.00
2013/05/03;6.54;6.87;6.54;6.74;26210616;373495744.00
2013/05/06;6.80;7.00;6.70;6.98;25349437;367242656.00
2013/05/07;6.90;6.90;6.77;6.87;16249301;233593424.00
2013/05/08;6.82;6.93;6.65;6.78;15738697;224436992.00
2013/05/09;6.75;7.24;6.64;7.16;32273278;472814304.00
2013/05/10;7.04;7.25;7.00;7.08;23270373;347597248.00
2013/05/13;7.04;7.11;6.85;6.95;16909739;247363008.00
2013/05/14;6.94;7.26;6.89;7.06;26836369;400928864.00
2013/05/15;7.09;7.17;6.95;7.11;21569970;321451712.00
2013/05/16;7.04;7.57;6.99;7.29;51914205;799971392.00
2013/05/17;7.28;7.36;7.15;7.32;35970470;548277376.00
2013/05/20;7.33;7.54;7.26;7.36;31293130;485841376.00
2013/05/21;7.32;7.39;7.26;7.36;21324526;327579488.00
2013/05/22;7.39;7.56;7.24;7.30;25863634;401742464.00
2013/05/23;7.26;7.51;7.24;7.28;24943813;386433600.00
2013/05/24;7.31;7.42;7.11;7.22;20837326;316158816.00
2013/05/27;7.33;7.45;7.21;7.37;22001119;340246464.00
2013/05/28;7.38;7.61;7.34;7.58;35472171;557641152.00
2013/05/29;7.58;7.65;7.47;7.48;25461808;401952064.00
2013/05/30;7.48;7.61;7.44;7.48;19164106;302401728.00
2013/05/31;7.51;7.55;7.23;7.24;20460427;316635296.00
2013/06/03;7.24;7.34;7.11;7.15;14968104;226768400.00
2013/06/04;7.16;7.19;7.03;7.08;11272128;167978416.00
2013/06/05;7.16;7.25;7.08;7.17;13654366;205623920.00
2013/06/06;7.11;7.23;7.09;7.10;11804828;177573312.00
2013/06/07;7.21;7.38;7.04;7.08;28501354;433032352.00
2013/06/13;6.81;6.81;6.34;6.44;22342179;306646080.00
2013/06/14;6.48;6.53;6.34;6.49;15415477;209999824.00
2013/06/17;6.52;6.54;6.34;6.35;12715756;172134416.00
2013/06/18;6.40;6.47;6.29;6.37;11896343;160791120.00
2013/06/19;6.36;6.36;6.09;6.32;16051377;211931968.00
2013/06/20;6.24;6.32;6.11;6.12;11985531;157542464.00
2013/06/21;5.92;6.23;5.81;6.13;12524348;161188096.00
2013/06/24;6.13;6.13;5.48;5.48;16169350;197679040.00
2013/06/25;5.39;5.55;4.91;5.31;19654597;220558720.00
2013/06/26;5.32;5.58;5.19;5.46;16357856;188927760.00
2013/06/27;5.46;5.57;5.20;5.25;15897098;183983792.00
2013/06/28;5.21;5.61;5.11;5.43;17454858;201967488.00
2013/07/01;5.39;5.48;5.28;5.47;10795606;124442304.00
2013/07/02;5.48;5.62;5.37;5.56;15756727;184946400.00
2013/07/03;5.49;5.52;5.31;5.40;12776122;147317024.00
2013/07/04;5.32;5.56;5.25;5.47;14504959;166787856.00
2013/07/05;5.48;5.63;5.46;5.51;14302490;167923072.00
2013/07/08;5.32;5.41;5.16;5.17;14202135;159174608.00
2013/07/09;5.17;5.24;5.09;5.09;8909154;97619376.00
2013/07/10;5.10;5.42;5.08;5.37;14817931;166511024.00
2013/07/11;5.38;5.94;5.33;5.92;42792147;519925088.00
2013/07/12;5.81;5.94;5.70;5.70;27371775;336526080.00
2013/07/15;5.83;6.13;5.76;5.90;32293853;405355488.00
2013/07/16;5.86;6.01;5.81;5.96;16174757;201999408.00
2013/07/17;5.91;6.02;5.77;5.78;16097811;200368256.00
2013/07/18;5.73;6.02;5.72;5.82;17122338;212440256.00
2013/07/19;5.92;6.06;5.71;5.73;25203207;315768384.00
2013/07/22;5.56;5.73;5.48;5.72;17848143;211552752.00
2013/07/23;5.71;6.08;5.68;5.96;26707207;334372864.00
2013/07/24;5.87;5.95;5.76;5.91;19874298;246063008.00
2013/07/25;5.92;6.09;5.86;5.89;20557784;258970016.00
2013/07/26;5.79;5.87;5.73;5.80;11277613;138265696.00
2013/07/29;5.76;5.82;5.66;5.67;10118683;122565648.00
2013/07/30;5.75;6.00;5.67;5.83;16991539;209733248.00
2013/07/31;5.93;6.01;5.79;5.79;13720961;170827456.00
2013/08/01;5.81;6.01;5.81;5.97;18422874;230761888.00
2013/08/02;6.01;6.05;5.90;5.91;13392081;168300576.00
2013/08/05;5.91;6.06;5.90;6.03;15601869;197272320.00
2013/08/06;6.04;6.24;5.95;6.19;27313716;351870944.00
2013/08/07;6.19;6.27;6.06;6.08;23486360;305132672.00
2013/08/08;6.02;6.13;5.93;6.00;14581404;184933440.00
2013/08/09;6.06;6.15;5.98;6.09;14050684;179886128.00
2013/08/12;6.11;6.37;6.08;6.33;28399232;373869792.00
2013/08/13;6.33;6.35;6.20;6.29;17347126;229222848.00
2013/08/14;6.29;6.41;6.18;6.22;17170033;226927984.00
2013/08/15;6.21;6.29;6.10;6.11;12993003;169201184.00
2013/08/16;6.09;6.72;6.04;6.13;40781711;543352192.00
2013/08/19;5.90;6.01;5.79;5.94;24281100;302673984.00
2013/08/20;5.90;6.03;5.86;5.90;14780874;185545840.00
2013/08/21;5.93;5.97;5.87;5.94;8973799;112128520.00
2013/08/22;5.90;5.98;5.82;5.83;12764583;159062576.00
2013/08/23;5.89;5.90;5.62;5.72;11885628;144926736.00
2013/08/26;5.90;6.11;5.88;6.08;26484767;334069728.00
2013/08/27;6.05;6.10;6.00;6.08;14712545;187680496.00
2013/08/28;6.01;6.05;5.92;5.95;15499847;195502432.00
2013/08/29;6.07;6.12;5.96;6.00;12259003;156073520.00
2013/08/30;5.97;6.22;5.93;6.09;23878572;307623392.00
2013/09/02;6.09;6.38;6.00;6.33;26900195;354150528.00
2013/09/03;6.41;6.41;6.15;6.30;22074294;290835456.00
2013/09/04;6.27;6.31;6.20;6.24;11598962;152431744.00
2013/09/05;6.26;6.28;6.13;6.24;12497909;163737552.00
2013/09/06;6.24;6.34;6.21;6.28;17392430;230311872.00
2013/09/09;6.31;6.77;6.29;6.57;34209014;470891264.00
2013/09/10;6.52;6.74;6.51;6.72;27208477;379225728.00
2013/09/11;6.74;6.87;6.60;6.63;27432693;388069312.00
2013/09/12;6.58;6.86;6.57;6.70;22134294;313091136.00
2013/09/13;6.69;6.72;6.53;6.59;15642933;216972336.00
2013/09/16;6.62;6.65;6.47;6.49;10821316;148432448.00
2013/09/17;6.52;6.59;6.38;6.38;9447873;128676176.00
2013/09/18;6.37;6.65;6.28;6.53;15107415;205602064.00
2013/09/23;6.56;6.66;6.43;6.60;13124433;180667472.00
2013/09/24;6.58;6.66;6.37;6.60;17222040;235217232.00
2013/09/25;6.56;6.65;6.47;6.60;15532038;214282064.00
2013/09/26;6.54;6.58;6.24;6.24;14825052;199651840.00
2013/09/27;6.26;6.36;6.19;6.33;10576993;139545456.00
2013/09/30;6.35;6.36;6.20;6.25;7718800;101679656.00
2013/10/08;6.21;6.35;6.14;6.32;9333784;123297512.00
2013/10/09;6.28;6.40;6.26;6.35;7103643;94489376.00
2013/10/10;6.35;6.36;6.11;6.14;12005362;157153088.00
2013/10/11;6.21;6.31;6.20;6.26;10324097;135835600.00
2013/10/14;6.26;6.32;6.18;6.27;8418729;110653008.00
2013/10/15;6.34;6.37;6.24;6.30;10238495;135809200.00
2013/10/16;6.26;6.26;5.94;6.00;12624557;161789040.00
2013/10/17;6.09;6.17;5.97;6.04;9749632;124424840.00
2013/10/18;6.01;6.25;5.98;6.12;11073966;143188416.00
2013/10/21;6.12;6.23;6.04;6.20;10224220;132602200.00
2013/10/22;6.20;6.26;6.12;6.14;10318378;134821744.00
2013/10/23;6.17;6.41;6.14;6.20;20200373;267508048.00
2013/10/24;6.21;6.21;5.99;6.00;11756656;150323856.00
2013/10/25;6.02;6.11;5.89;5.91;8779528;111189952.00
2013/10/28;5.92;5.96;5.80;5.88;5710256;70954384.00
2013/10/29;5.89;6.04;5.66;5.83;11496802;142158912.00
2013/10/30;5.84;5.90;5.76;5.89;7216478;88893224.00
2013/10/31;5.91;5.97;5.82;5.89;7825833;97309608.00
2013/11/01;5.90;5.98;5.85;5.93;7058215;88418224.00
2013/11/04;5.93;6.00;5.87;5.89;5300522;66165568.00
2013/11/05;5.86;5.86;5.70;5.85;7396124;90381992.00
2013/11/06;5.82;5.86;5.75;5.76;5770662;70800112.00
2013/11/07;5.71;5.80;5.65;5.65;6419335;77466168.00
2013/11/08;5.63;5.69;5.45;5.47;7236917;85144440.00
2013/11/11;5.42;5.55;5.40;5.49;4320645;50119444.00
2013/11/12;5.52;5.59;5.48;5.53;3865683;45336644.00
2013/11/13;5.51;5.51;5.27;5.27;7234599;82456448.00
2013/11/14;5.27;5.34;5.22;5.32;5102181;57303956.00
2013/11/15;5.37;5.83;5.37;5.65;21817269;261401072.00
2013/11/18;5.71;5.97;5.62;5.96;22443423;276241696.00
2013/11/19;5.92;5.92;5.80;5.85;13133945;162331680.00
2013/11/20;5.89;5.94;5.80;5.91;10035104;124350480.00
2013/11/21;5.86;6.27;5.75;6.09;22980595;292211520.00
2013/11/22;6.08;6.23;6.03;6.06;19036040;245878864.00
2013/11/25;6.02;6.15;5.87;5.94;12814697;162194368.00
2013/11/26;5.93;6.15;5.92;6.01;12955417;165450176.00
2013/11/27;6.01;6.26;5.97;6.23;21587900;281832224.00
2013/11/28;6.20;6.30;6.16;6.17;16012235;209732976.00
2013/11/29;6.18;6.27;6.14;6.23;10229968;133738312.00
2013/12/02;6.50;6.72;6.32;6.43;43950583;602092864.00
2013/12/03;6.33;6.40;6.18;6.36;16334290;216944416.00
2013/12/04;6.36;6.51;6.31;6.38;15933272;215086672.00
2013/12/05;6.35;6.47;6.31;6.38;13178903;177405872.00
2013/12/06;6.35;6.38;6.19;6.22;11368923;150006816.00
2013/12/09;6.22;6.32;6.17;6.19;11815782;154962112.00
2013/12/10;6.19;6.29;6.18;6.23;7845277;102898976.00
2013/12/11;6.21;6.23;5.99;6.05;9931716;127434272.00
2013/12/12;6.03;6.23;6.03;6.15;10647469;137480224.00
2013/12/13;6.23;6.46;6.17;6.42;25669148;342223424.00
2013/12/16;6.50;6.51;6.23;6.24;18345247;243987792.00
2013/12/17;6.25;6.35;6.16;6.24;12928300;170670432.00
2013/12/18;6.24;6.46;6.22;6.40;18366221;246366576.00
2013/12/19;6.46;6.55;6.32;6.39;18378404;248773600.00
2013/12/20;6.38;6.52;6.30;6.38;18655535;252108896.00
2013/12/23;6.42;6.43;6.07;6.11;16215194;211437552.00
2013/12/24;6.12;6.20;5.87;5.93;15573715;198513296.00
2013/12/25;5.96;6.10;5.90;6.05;11216608;142492736.00
2013/12/26;6.01;6.04;5.80;5.84;10844567;135724848.00
2013/12/27;5.82;6.03;5.81;5.98;9897847;124611336.00
2013/12/30;6.11;6.11;6.01;6.04;8637566;110306312.00
2013/12/31;6.06;6.30;6.00;6.27;16557388;217034816.00
2014/01/02;6.27;6.27;6.16;6.24;10112905;132287776.00
2014/01/03;6.21;6.32;6.19;6.25;14745778;193932240.00
2014/01/06;6.22;6.37;6.05;6.36;19171533;252344480.00
2014/01/07;6.23;6.33;6.05;6.15;15954528;207838272.00
2014/01/08;6.13;6.42;6.11;6.21;15295423;201555984.00
2014/01/09;6.16;6.29;5.93;6.00;17172583;220943184.00
2014/01/10;5.92;5.97;5.61;5.70;16056836;194427248.00
2014/01/13;5.70;5.72;5.55;5.59;7540993;89724288.00
2014/01/14;5.57;5.72;5.57;5.68;6602633;79077512.00
2014/01/15;5.68;5.71;5.57;5.69;6799813;81229112.00
2014/01/16;5.67;5.79;5.64;5.70;7910718;95735944.00
2014/01/17;5.67;5.76;5.58;5.65;5223900;62599208.00
2014/01/20;5.60;5.74;5.60;5.67;5469079;65705580.00
2014/01/21;5.69;5.84;5.69;5.77;7741008;94596144.00
2014/01/22;5.77;5.91;5.76;5.90;9773722;120855912.00
2014/01/23;5.86;5.92;5.82;5.86;7784603;96381696.00
2014/01/24;5.85;6.00;5.82;5.93;9548218;119474360.00
2014/01/27;5.88;5.90;5.74;5.75;8470001;104023200.00
2014/01/28;5.77;5.88;5.76;5.79;5241412;64339440.00
2014/01/29;5.80;5.89;5.80;5.84;6112687;75538208.00
2014/01/30;5.83;5.91;5.80;5.81;6131420;75790328.00
2014/02/07;5.80;5.86;5.68;5.84;8162718;99409544.00
2014/02/10;5.84;6.01;5.84;5.99;11830865;148644128.00
2014/02/11;5.95;6.15;5.94;5.99;14575378;185552704.00
2014/02/12;6.03;6.10;5.94;5.99;10110957;128070720.00
2014/02/13;5.97;6.10;5.94;5.99;12662020;160596128.00
2014/02/14;5.99;6.05;5.94;6.03;8861794;112136160.00
2014/02/17;6.06;6.09;6.02;6.05;13101027;166972640.00
2014/02/18;6.04;6.07;5.83;5.86;14516434;181520560.00
2014/02/19;5.83;5.96;5.75;5.89;11316832;139843456.00
2014/02/20;5.93;6.04;5.77;5.78;13873611;173632384.00
2014/02/21;5.77;5.81;5.60;5.61;11732074;141317680.00
2014/02/24;5.57;5.58;5.47;5.55;10139176;118451424.00
2014/02/25;5.56;5.60;5.30;5.32;9061946;105076480.00
2014/02/26;5.32;5.41;5.29;5.40;6547498;74413976.00
2014/02/27;5.43;5.46;5.31;5.31;7576922;86999456.00
2014/02/28;5.32;5.63;5.30;5.55;12209575;141995456.00
2014/03/03;5.53;5.57;5.47;5.53;7695854;90014944.00
2014/03/04;5.61;5.65;5.50;5.57;7857470;92422144.00
2014/03/05;5.57;5.59;5.42;5.43;6734800;78552632.00
2014/03/06;5.42;5.53;5.34;5.47;7409953;85704208.00
2014/03/07;5.47;5.58;5.41;5.43;6132299;71402576.00
2014/03/10;5.39;5.41;5.22;5.23;6021197;67880392.00
2014/03/11;5.23;5.33;5.21;5.28;3978456;44493240.00
2014/03/12;5.27;5.33;5.15;5.24;5122492;57087696.00
2014/03/13;5.27;5.40;5.24;5.32;6091743;68946344.00
2014/03/14;5.27;5.40;5.25;5.29;5227458;58898404.00
2014/03/17;5.28;5.36;5.26;5.35;3835781;43262120.00
2014/03/18;5.35;5.42;5.33;5.38;5281382;60167128.00
2014/03/19;5.35;5.35;5.29;5.32;3853496;43421036.00
2014/03/20;5.29;5.36;5.15;5.15;5550500;61945192.00
2014/03/21;5.13;5.43;5.13;5.40;11357584;128212064.00
2014/03/24;5.38;5.55;5.34;5.47;11852981;136711520.00
2014/03/25;5.43;5.52;5.41;5.44;6801507;78867328.00
2014/03/26;5.51;5.55;5.40;5.41;5252504;60719308.00
2014/03/27;5.41;5.47;5.31;5.35;7124217;81540472.00
2014/03/28;5.35;5.39;5.24;5.26;5378509;60671448.00
2014/03/31;5.29;5.31;5.19;5.25;3435230;38399088.00
2014/04/01;5.26;5.40;5.26;5.37;5575028;63421032.00
2014/04/02;5.40;5.42;5.34;5.38;4846012;55319772.00
2014/04/03;5.42;5.53;5.36;5.37;7798342;89971792.00
2014/04/04;5.34;5.43;5.30;5.43;5866873;66959880.00
2014/04/08;5.40;5.57;5.38;5.52;10366116;120678000.00
2014/04/09;5.52;5.54;5.45;5.49;6327981;73615784.00
2014/04/10;5.51;5.71;5.47;5.62;17062044;202325424.00
2014/04/11;5.62;5.66;5.54;5.57;8866377;104771776.00
2014/04/14;5.53;5.59;5.51;5.55;4743265;55676408.00
2014/04/15;5.53;5.54;5.44;5.46;5385695;62571956.00
2014/04/16;5.44;5.60;5.44;5.50;4703983;54992668.00
2014/04/17;5.52;5.59;5.46;5.51;4684300;54884684.00
2014/04/18;5.49;5.59;5.46;5.57;6098419;71666792.00
2014/04/21;5.54;5.65;5.47;5.47;7589252;89387216.00
2014/04/22;5.45;5.49;5.36;5.48;5264922;60680216.00
2014/04/23;5.45;5.54;5.43;5.51;5134011;59810852.00
2014/04/24;5.50;5.56;5.43;5.45;5399931;62837892.00
2014/04/25;5.40;5.44;5.24;5.25;9526290;107122016.00
2014/04/28;5.25;5.27;5.15;5.17;4948385;54634780.00
2014/04/29;5.17;5.28;5.16;5.25;4330586;47974140.00
2014/04/30;5.25;5.26;5.22;5.25;2665817;29691518.00
2014/05/05;5.23;5.31;5.17;5.30;3858884;42920636.00
2014/05/06;5.26;5.33;5.26;5.28;3928728;44154456.00
2014/05/07;5.26;5.32;5.24;5.24;3417915;38299388.00
2014/05/08;5.23;5.39;5.21;5.29;5256233;59249140.00
2014/05/09;5.31;5.33;5.24;5.32;4515634;50771620.00
2014/05/12;5.46;5.64;5.35;5.52;12628994;147330528.00
2014/05/13;5.49;5.55;5.43;5.46;6045978;70238624.00
2014/05/14;5.49;5.51;5.44;5.45;4074751;47246568.00
2014/05/15;5.47;5.47;5.30;5.31;4618601;52645492.00
2014/05/16;5.30;5.34;5.23;5.24;4359698;48848236.00
2014/05/19;5.26;5.26;5.17;5.20;3977651;43989656.00
2014/05/20;5.24;5.27;5.19;5.21;3494430;38737760.00
2014/05/21;5.20;5.28;5.15;5.27;3759630;41857888.00
2014/05/22;5.28;5.33;5.22;5.23;3989278;44760564.00
2014/05/23;5.23;5.28;5.20;5.27;2910804;32450364.00
2014/05/26;5.30;5.31;5.25;5.28;3084816;34536484.00
2014/05/27;5.28;5.29;5.22;5.22;2823930;31524344.00
2014/05/28;5.24;5.33;5.21;5.31;6786500;76088104.00
2014/05/29;5.31;5.31;5.21;5.21;5107812;56997216.00
2014/05/30;5.22;5.26;5.20;5.22;3653807;40625836.00
2014/06/03;5.23;5.28;5.21;5.22;2558670;28471392.00
2014/06/04;5.21;5.22;5.15;5.17;3936339;43343640.00
2014/06/05;5.19;5.22;5.15;5.22;4294955;47362720.00
2014/06/06;5.23;5.23;5.13;5.15;4227359;46479892.00
2014/06/09;5.13;5.20;5.13;5.13;2611043;28627120.00
2014/06/10;5.17;5.23;5.14;5.22;4526106;50021980.00
2014/06/11;5.19;5.21;5.16;5.18;2887385;31810296.00
2014/06/12;5.16;5.19;5.14;5.15;3101116;34075312.00
2014/06/13;5.17;5.26;5.13;5.22;5673912;62403692.00
2014/06/16;5.22;5.25;5.21;5.24;4906403;54207700.00
2014/06/17;5.23;5.23;5.17;5.17;3815419;41903424.00
2014/06/18;5.17;5.20;5.12;5.12;4811379;52333012.00
2014/06/19;5.13;5.16;4.96;4.99;4779770;51132676.00
2014/06/27;5.08;5.11;4.98;5.06;6808592;72597424.00
2014/06/30;5.05;5.14;5.04;5.11;6327885;68157984.00
2014/07/01;5.10;5.13;5.07;5.11;4973647;53636008.00
2014/07/02;5.11;5.16;5.09;5.15;4569287;49562848.00
2014/07/03;5.15;5.17;5.11;5.15;4991233;54237836.00
2014/07/04;5.16;5.17;5.09;5.09;3977420;43057616.00
2014/07/07;5.10;5.14;5.06;5.09;3334085;35909364.00
2014/07/08;5.10;5.14;5.08;5.13;5003676;54118476.00
2014/07/09;5.12;5.14;5.02;5.03;5259060;56551172.00
2014/07/10;5.05;5.06;5.02;5.04;3343896;35661488.00
2014/07/11;5.05;5.11;5.01;5.04;7493075;80200328.00
2014/07/14;5.04;5.13;5.03;5.13;7782769;83658976.00
2014/07/15;5.13;5.23;5.09;5.23;11329008;123287528.00
2014/07/16;5.23;5.34;5.16;5.22;14373373;158987760.00
2014/07/17;5.20;5.26;5.14;5.23;8895989;97887072.00
2014/07/18;5.23;5.34;5.16;5.31;17534687;195249376.00
2014/07/21;5.30;5.30;5.20;5.27;8105194;89900368.00
2014/07/22;5.28;5.34;5.24;5.29;17530945;195831408.00
2014/07/23;5.28;5.35;5.23;5.25;13388850;149454544.00
2014/07/24;5.25;5.45;5.24;5.39;19871958;225025344.00
2014/07/25;5.36;5.45;5.32;5.41;12998924;147508656.00
2014/07/28;5.50;5.84;5.43;5.62;36470734;432229088.00
2014/07/29;5.56;5.66;5.53;5.55;20348182;238765856.00
2014/07/30;5.56;5.65;5.52;5.57;15102369;177357264.00
2014/07/31;5.58;5.63;5.54;5.63;11266809;132602888.00
2014/08/01;5.60;5.64;5.48;5.49;13505637;158173472.00
2014/08/04;5.54;5.69;5.50;5.68;19713425;233271424.00
2014/08/05;5.67;5.73;5.61;5.66;14009752;166746864.00
2014/08/06;5.64;5.72;5.59;5.66;15388455;183161824.00
2014/08/07;5.71;5.80;5.62;5.62;18017173;216532368.00
2014/08/08;5.63;5.68;5.55;5.58;11181627;132039584.00
2014/08/11;5.60;5.73;5.60;5.68;10603852;126605112.00
2014/08/12;5.70;5.70;5.61;5.67;10748918;127783680.00
2014/08/13;5.68;5.76;5.65;5.70;11975233;143298272.00
2014/08/14;5.69;5.78;5.65;5.66;14635886;176252080.00
2014/08/15;5.67;5.90;5.66;5.87;25728183;314116032.00
2014/08/18;5.89;5.93;5.78;5.83;16563294;203200128.00
2014/08/19;5.83;5.86;5.71;5.78;14580303;177105728.00
2014/08/20;5.78;5.86;5.74;5.80;11493741;140420672.00
2014/08/21;5.80;5.83;5.66;5.70;10351984;124449912.00
2014/08/22;5.70;5.80;5.68;5.77;9619772;115899592.00
2014/08/25;5.79;5.80;5.62;5.63;9951525;119427704.00
2014/08/26;5.62;5.67;5.48;5.51;9267848;108544920.00
2014/08/27;5.51;5.57;5.49;5.52;6501716;75662960.00
2014/08/28;5.51;5.57;5.43;5.47;7711829;89189032.00
2014/08/29;5.49;5.54;5.46;5.53;5232195;60665880.00
2014/09/01;5.54;5.60;5.52;5.58;7546252;88476184.00
2014/09/02;5.58;5.69;5.56;5.69;13695845;162285776.00
2014/09/03;5.68;5.73;5.66;5.68;11954087;143148128.00
2014/09/04;5.70;5.79;5.68;5.78;12963209;156506624.00
2014/09/05;5.83;5.89;5.75;5.83;17001244;207741392.00
2014/09/09;5.85;5.85;5.76;5.80;9518323;115964832.00
2014/09/10;5.78;5.79;5.72;5.76;8726205;105494088.00
2014/09/11;5.75;5.91;5.73;5.75;16809433;204878608.00
2014/09/12;5.74;5.80;5.70;5.80;7872643;95253952.00
2014/09/15;5.79;5.86;5.75;5.82;12119296;147630640.00
2014/09/16;5.82;5.85;5.63;5.63;16086446;194668112.00
2014/09/17;5.65;5.71;5.59;5.64;8289939;98443976.00
2014/09/18;5.63;5.78;5.61;5.75;11580574;138927088.00
2014/09/19;5.78;5.79;5.71;5.77;9563129;115734848.00
2014/09/22;5.78;5.90;5.77;5.79;23733813;290648960.00
2014/09/23;5.80;6.38;5.78;6.11;44062921;561152000.00
2014/09/24;6.04;6.75;6.01;6.75;60076934;812853632.00
2014/09/25;7.13;7.45;7.09;7.28;109441657;1655330048.00
2014/09/26;7.15;7.30;7.11;7.18;49319169;738089600.00
2014/09/29;7.26;7.36;7.09;7.16;51000375;764036416.00
2014/09/30;7.21;7.23;6.91;6.98;38488590;562009920.00
2014/10/08;6.98;7.18;6.87;7.10;34593181;506069920.00
2014/10/09;7.07;7.07;6.89;6.99;25962359;377203008.00
2014/10/10;6.93;7.15;6.90;7.02;28216694;412770976.00
2014/10/13;6.94;7.14;6.87;7.10;25462570;372680736.00
2014/10/14;7.09;7.17;6.86;6.95;25212728;369590336.00
2014/10/15;6.95;7.41;6.87;7.22;46811588;701604096.00
2014/10/16;7.13;7.30;6.95;6.95;32194061;476972064.00
2014/10/17;6.95;7.11;6.75;7.05;26779831;388324256.00
2014/10/20;7.00;7.15;6.93;7.04;19010424;279016448.00
2014/10/21;7.05;7.25;6.99;7.02;26293295;390174432.00
2014/10/22;7.02;7.23;6.93;7.02;26828343;396543424.00
2014/10/23;6.96;7.36;6.93;7.23;39153101;584430144.00
2014/10/24;7.20;7.26;7.05;7.10;21607597;321666624.00
2014/10/27;6.86;6.87;6.43;6.48;32419200;450426528.00
2014/10/28;6.55;6.85;6.51;6.78;28957544;403512704.00
2014/10/29;6.80;7.32;6.72;7.13;40205886;588619008.00
2014/10/30;7.06;7.35;7.04;7.29;34717623;522567712.00
2014/10/31;7.36;7.90;7.35;7.59;59511939;946329600.00
2014/11/03;7.61;7.77;7.46;7.52;39791527;628846464.00
2014/11/04;7.46;7.88;7.44;7.77;43218518;692860800.00
2014/11/05;7.74;8.22;7.62;7.95;44165427;727445056.00
2014/11/06;7.90;8.13;7.83;8.00;28542458;472714080.00
2014/11/07;8.05;8.70;8.01;8.16;46645154;803579712.00
2014/11/10;8.36;8.58;7.92;8.46;41589656;716384704.00
2014/11/11;8.51;8.88;7.96;8.20;51568464;898947712.00
2014/11/12;8.11;8.56;7.96;8.56;33460723;572364224.00
2014/11/13;8.56;8.78;8.37;8.43;40070625;709720896.00
2014/11/14;8.27;8.37;8.03;8.12;22039268;372917504.00
2014/11/17;8.27;8.33;7.85;8.05;25949488;436000896.00
2014/11/18;7.98;8.14;7.86;7.98;17063188;282961248.00
2014/11/19;7.95;8.17;7.91;8.05;16640978;279071296.00
2014/11/20;8.01;8.47;7.98;8.40;29417885;507253280.00
2014/11/21;8.40;9.15;8.26;9.05;45040009;812213568.00
2014/11/24;9.35;9.84;9.21;9.52;54651386;1073978880.00
2014/11/25;9.51;9.72;9.36;9.47;28748612;563826688.00
2014/11/26;9.61;10.20;9.56;9.78;36268658;734648320.00
2014/11/27;9.88;10.45;9.57;10.26;51642230;1062271552.00
2014/11/28;10.13;10.44;9.86;10.18;41235851;861538496.00
2014/12/01;10.22;10.61;9.82;10.10;39244690;826540352.00
2014/12/02;9.97;11.14;9.89;11.14;49144530;1085078272.00
2014/12/03;11.51;12.28;11.22;12.05;71838145;1752136704.00
2014/12/04;11.76;13.29;11.61;13.29;50167847;1291128576.00
2014/12/05;14.00;14.65;13.24;14.65;72038244;2103933056.00
2014/12/08;14.65;16.14;14.21;16.14;59217924;1874341248.00
2014/12/09;16.21;17.79;14.50;15.12;81466623;2813656576.00
2014/12/10;15.93;16.66;15.13;16.66;109683130;3630990336.00
2014/12/11;16.21;16.46;14.96;14.96;101849666;3233376512.00
2014/12/12;14.21;16.13;14.11;14.86;70019033;2155438848.00
2014/12/15;14.71;15.29;14.15;15.04;42137290;1260347264.00
2014/12/16;15.11;16.58;15.00;16.58;71876240;2326382336.00
2014/12/17;17.06;17.66;15.78;17.14;79006487;2725340160.00
2014/12/18;16.61;16.70;15.41;15.43;47173142;1541653248.00
2014/12/19;15.41;15.76;14.19;14.78;41761260;1275675648.00
2014/12/22;14.41;15.03;13.71;14.35;35574118;1044927808.00
2014/12/23;14.26;14.80;14.07;14.21;24290994;717607360.00
2014/12/24;14.41;14.64;12.96;13.31;38543367;1083733760.00
2014/12/25;13.37;14.67;13.26;14.67;57783361;1684994176.00
2014/12/26;14.65;16.17;14.53;16.17;71417993;2276851712.00
2014/12/29;16.71;17.45;16.11;16.66;80643613;2743661824.00
2014/12/30;16.66;18.35;16.46;18.35;89115367;3218068992.00
2014/12/31;18.20;20.11;18.06;18.43;88970617;3425433088.00
2015/01/05;18.21;19.41;17.81;18.56;76374660;2902939136.00
2015/01/06;17.86;18.31;16.92;17.61;73107866;2627899136.00
2015/01/07;17.51;18.71;17.38;17.61;60812940;2222879232.00
2015/01/08;17.50;18.56;16.55;17.84;77357193;2767288320.00
2015/01/09;17.48;18.70;17.21;17.21;76893987;2823690240.00
2015/01/12;17.00;17.53;16.54;16.84;39221291;1356998528.00
2015/01/13;16.71;17.35;16.56;17.28;40530306;1399120256.00
2015/01/14;17.21;17.47;16.81;16.97;33993848;1185483136.00
2015/01/15;16.86;17.65;16.41;17.36;45549722;1581706752.00
2015/01/16;17.26;17.41;16.72;16.98;38620214;1339399552.00
2015/01/19;15.25;15.43;15.25;15.25;13089224;407347584.00
2015/01/20;13.91;14.65;13.86;14.18;60175886;1743814272.00
2015/01/21;14.50;15.50;14.36;15.20;53787018;1621514880.00
2015/01/22;15.07;15.21;14.68;15.08;31514674;962479168.00
2015/01/23;15.11;16.16;15.11;15.54;44829021;1438349824.00
2015/01/26;15.82;16.04;15.40;15.59;25845029;824136832.00
2015/01/27;15.46;15.55;14.91;15.20;30159358;936072128.00
2015/01/28;15.16;15.69;14.96;15.25;26213898;821382144.00
2015/01/29;14.64;14.95;14.33;14.65;25664863;767395136.00
2015/01/30;14.72;14.86;14.20;14.21;20015690;591711488.00
2015/02/02;13.81;14.29;13.47;14.00;21001677;595076160.00
2015/02/03;14.28;14.72;14.06;14.64;25076604;735415296.00
2015/02/04;14.58;14.91;14.07;14.14;24858218;739713472.00
2015/02/05;14.71;14.71;14.02;14.08;24307667;716053824.00
2015/02/06;14.00;14.55;13.91;14.28;20809792;607024512.00
2015/02/09;14.38;15.74;14.38;15.74;47963279;1498787328.00
2015/02/10;16.21;17.20;16.02;16.95;76387758;2589524736.00
2015/02/11;16.81;17.27;16.54;17.25;48449445;1658679296.00
2015/02/12;17.15;17.20;16.71;16.92;33876398;1171089792.00
2015/02/13;17.06;17.20;16.51;16.56;39149156;1341557248.00
2015/02/16;16.42;17.71;16.42;17.31;49305654;1715420160.00
2015/02/17;17.23;17.95;17.06;17.19;42538951;1512306816.00
2015/02/25;17.15;17.18;16.43;16.59;22271125;757711872.00
2015/02/26;16.52;18.28;16.37;18.28;65938433;2388497408.00
2015/02/27;18.45;19.05;18.03;18.21;67226851;2534779648.00
2015/03/02;18.83;19.46;18.31;18.43;57573365;2198755328.00
2015/03/03;18.28;18.45;17.39;17.40;48129911;1739233280.00
2015/03/04;17.20;17.65;17.04;17.26;36078006;1268879872.00
2015/03/05;17.11;18.10;17.06;17.53;37905801;1358789248.00
2015/03/06;17.21;17.90;17.06;17.08;27992846;989655872.00
2015/03/09;16.37;17.08;15.75;16.81;35459291;1174384256.00
2015/03/10;16.66;17.76;16.59;17.21;32263173;1124993536.00
2015/03/11;17.21;18.06;17.16;17.54;36116901;1297905920.00
2015/03/12;17.61;18.19;17.12;17.74;37761937;1357845888.00
2015/03/13;18.01;18.31;17.42;17.59;32867455;1192817792.00
2015/03/16;17.67;18.03;17.16;17.86;34577991;1241680640.00
2015/03/17;18.08;18.46;17.71;18.23;48709484;1792966400.00
2015/03/18;18.35;18.51;17.98;18.25;38867948;1440592256.00
2015/03/19;18.14;18.28;17.88;17.91;30034175;1102945536.00
2015/03/20;17.92;19.73;17.91;19.73;81723955;3175237888.00
2015/03/23;20.15;21.74;19.74;21.74;85745340;3586277120.00
2015/03/24;22.18;23.80;21.46;22.81;84515165;3851499776.00
2015/03/25;22.81;23.87;21.91;21.96;70257796;3228577280.00
2015/03/26;21.70;22.86;21.22;22.15;58071375;2607470848.00
2015/03/27;21.76;22.50;21.43;21.79;34463183;1537812992.00
2015/03/30;21.72;23.05;21.61;22.50;45913472;2087016320.00
2015/03/31;22.71;24.15;21.65;22.16;55279850;2574282240.00
2015/04/01;21.96;22.96;21.96;22.70;37345614;1695705600.00
2015/04/02;22.71;22.94;22.01;22.45;30930867;1404963456.00
2015/04/03;22.13;23.01;22.04;22.66;38938431;1785574016.00
2015/04/07;22.71;23.16;22.36;22.99;42729774;1967275136.00
2015/04/08;22.99;25.32;22.71;25.32;61884911;3073422080.00
2015/04/09;26.85;27.88;25.32;25.61;87075072;4740048896.00
2015/04/10;25.33;28.20;24.71;28.20;64089066;3455035904.00
2015/04/13;29.76;31.05;28.78;31.05;64508033;3893520384.00
2015/04/14;31.05;34.15;29.51;32.01;76444010;4925048832.00
2015/04/15;31.21;33.11;29.61;29.61;51415957;3264354816.00
2015/04/16;28.57;31.16;28.36;29.46;46224675;2773263616.00
2015/04/17;29.38;30.20;28.76;29.26;41313089;2464985600.00
2015/04/20;29.36;29.36;27.21;27.86;40106467;2306111744.00
2015/04/21;28.21;30.67;28.21;30.67;37576567;2259322880.00
2015/04/22;32.21;33.77;31.31;33.77;51279343;3374501888.00
2015/04/23;35.11;36.96;32.76;33.55;78134173;5503874048.00
2015/04/24;32.81;34.70;32.26;33.43;57435794;3866622720.00
2015/04/27;33.20;34.13;32.42;32.74;39839927;2656126208.00
2015/04/28;32.67;32.96;31.38;31.74;43223824;2801522432.00
2015/04/29;31.21;33.96;29.71;32.98;49599025;3176024064.00
2015/04/30;33.10;33.44;31.36;31.41;34063363;2229758976.00
2015/05/04;30.86;32.47;30.51;31.42;23424834;1493233408.00
2015/05/05;31.11;33.45;31.01;31.76;42541667;2782702080.00
2015/05/06;31.79;33.42;31.32;32.32;39287464;2572311552.00
2015/05/07;32.16;34.91;31.71;33.85;50138960;3369939712.00
2015/05/08;33.71;34.03;31.79;32.97;44703761;2953710848.00
2015/05/11;33.21;34.31;32.71;34.20;48199690;3271418112.00
2015/05/12;33.87;36.51;33.21;34.73;56414658;3977534720.00
2015/05/13;34.32;34.46;33.17;33.19;37605466;2555592448.00
2015/05/14;33.21;34.13;32.50;32.75;27889927;1861340416.00
2015/05/15;32.51;32.51;30.86;31.28;29434221;1883086464.00
2015/05/18;30.71;32.41;30.46;31.28;24146172;1539463168.00
2015/05/19;31.28;34.43;31.21;34.05;62955455;4251308800.00
2015/05/20;33.54;33.69;32.49;32.86;45326594;3017535488.00
2015/05/21;32.51;33.06;32.01;32.57;30016010;1969301120.00
2015/05/22;33.06;34.43;32.68;33.46;52401126;3553166848.00
2015/05/25;33.46;34.87;33.46;33.89;53441768;3677216256.00
2015/05/26;33.89;34.59;32.93;34.18;49942364;3393961984.00
2015/05/27;34.35;37.50;33.96;35.63;64924437;4698017280.00
2015/05/28;35.20;35.88;32.04;32.04;49932808;3446210304.00
2015/05/29;31.47;32.66;30.54;31.08;36989361;2364421376.00
2015/06/01;31.06;33.10;30.96;32.66;32896220;2123212032.00
2015/06/02;32.41;33.05;31.97;32.64;26460414;1727867904.00
2015/06/03;32.95;34.44;32.71;33.37;31093485;2101843072.00
2015/06/04;34.21;36.48;33.43;35.71;60657806;4270461696.00
2015/06/05;37.16;37.34;34.41;35.13;46569594;3358418944.00
2015/06/08;35.21;38.67;34.71;38.67;57553760;4323916800.00
2015/06/09;40.01;41.19;38.25;39.46;61345868;4949343744.00
2015/06/10;38.66;39.09;37.05;37.91;49248162;3764460544.00
2015/06/11;37.46;37.91;36.09;36.82;40931766;3039794944.00
2015/06/12;36.28;39.04;36.28;36.36;108093988;4081686528.00
2015/06/15;36.98;37.93;34.09;34.17;96844354;3501306880.00
2015/06/16;33.09;35.08;31.38;32.18;79856894;2674758912.00
2015/06/17;32.18;32.68;30.28;32.12;72437689;2297283328.00
2015/06/18;31.78;31.78;28.93;29.14;72802962;2240453888.00
2015/06/19;28.31;31.04;27.79;28.33;84755999;2542721280.00
2015/06/23;28.66;31.19;28.06;30.93;88062150;2633170432.00
2015/06/24;31.20;31.21;29.88;31.00;80583996;2475720704.00
2015/06/25;30.78;31.33;28.86;29.40;67302314;2061826048.00
2015/06/26;28.43;30.30;26.44;26.44;79461828;2255927552.00
2015/06/29;27.59;27.73;23.77;25.57;101017703;2649514496.00
2015/06/30;25.78;28.15;24.48;28.15;95886006;2594141440.00
2015/07/01;28.36;29.90;27.79;28.38;122936090;3588774656.00
2015/07/02;29.68;30.57;28.08;29.68;134494461;4009130496.00
2015/07/03;28.58;32.34;28.08;30.88;147175029;4495830528.00
2015/07/06;33.99;33.99;30.88;33.15;142294790;4685763584.00
2015/07/07;31.78;33.08;29.81;29.81;135023715;4143525120.00
2015/07/08;26.81;27.28;26.81;26.81;170931857;4624057344.00
2015/07/09;26.81;29.51;24.11;29.51;83845971;2369021440.00
2015/07/10;29.79;32.48;29.53;32.48;96931090;3118355456.00
2015/07/13;32.53;34.98;30.78;33.49;124648296;4125644032.00
2015/07/14;31.90;33.76;30.79;31.11;90189442;2922585856.00
2015/07/15;30.29;32.26;28.86;28.91;70683161;2182285824.00
2015/07/16;26.78;30.13;26.78;28.68;51133673;1480338944.00
2015/07/17;29.08;31.25;28.38;30.55;56985482;1701124224.00
2015/07/20;30.56;31.25;29.28;29.78;56126849;1701846016.00
2015/07/21;29.10;30.98;28.58;29.91;68082337;2043489024.00
2015/07/22;29.33;29.92;28.68;28.87;45570333;1339176704.00
2015/07/23;29.08;30.55;29.08;29.73;60239722;1815381888.00
2015/07/24;29.74;30.05;28.38;28.58;55242166;1629540480.00
2015/07/27;27.79;28.37;25.70;25.70;51111949;1401659008.00
2015/07/28;24.82;27.37;23.11;26.74;74704514;1930659456.00
2015/07/29;26.58;26.78;25.30;26.58;40510537;1067950208.00
2015/07/30;26.16;27.08;24.53;25.13;35670061;940395648.00
2015/07/31;24.68;25.53;23.58;24.15;32081356;801438464.00
2015/08/03;23.63;24.50;22.71;22.89;28956952;683901376.00
2015/08/04;23.20;24.18;22.79;24.09;32975929;785417664.00
2015/08/05;23.98;24.22;23.24;23.37;28826889;690779328.00
2015/08/06;22.88;23.18;22.38;22.41;26740227;613978688.00
2015/08/07;22.79;23.15;22.49;22.90;30826026;711023616.00
2015/08/10;23.08;25.21;22.76;25.21;70232681;1701894144.00
2015/08/11;25.21;25.25;24.49;24.71;54964626;1382081408.00
2015/08/12;24.23;25.93;23.99;24.77;51272500;1294330880.00
2015/08/13;24.78;25.44;24.36;25.08;37107335;933992768.00
2015/08/14;25.43;25.76;24.88;25.10;43589552;1107552512.00
2015/08/17;24.78;24.88;24.25;24.46;32031248;791187968.00
2015/08/18;24.93;26.43;22.59;23.26;72366278;1835952128.00
2015/08/19;22.48;23.79;21.63;23.51;45326814;1050796800.00
2015/08/20;22.90;23.37;22.19;22.26;28924493;664796160.00
2015/08/21;22.03;22.98;21.29;21.48;36117085;813765056.00
2015/08/24;20.08;21.23;19.31;19.31;30779850;609907648.00
2015/08/25;17.36;17.87;17.36;17.36;30333841;535190816.00
2015/08/26;16.89;18.08;15.60;15.60;62874859;1057588992.00
2015/08/27;15.68;16.61;14.08;16.58;68050005;1078285568.00
2015/08/28;16.42;17.73;15.97;17.20;71181274;1194006528.00
2015/08/31;16.91;16.93;15.51;16.29;57499866;941376256.00
2015/09/01;15.86;17.13;14.93;17.10;79996108;1338245632.00
2015/09/02;15.98;17.63;15.78;17.36;68217887;1177930112.00
2015/09/07;17.38;18.33;16.78;16.81;31711512;562341952.00
2015/09/08;16.37;17.68;15.79;17.57;28807104;488013344.00
2015/09/09;17.58;18.45;17.28;17.93;41064767;743371456.00
2015/09/10;17.48;17.69;16.78;16.92;24942493;437824672.00
2015/09/11;16.92;17.34;16.72;16.81;15429306;265495808.00
2015/09/14;16.66;16.89;15.11;15.11;31677926;500367648.00
2015/09/15;14.43;15.02;13.58;13.58;28049890;401152480.00
2015/09/16;13.68;14.96;13.07;14.69;31057419;444324992.00
2015/09/17;14.36;14.89;13.86;13.92;27480935;403777568.00
2015/09/18;14.09;14.13;13.64;13.94;14747210;208553216.00
2015/09/21;13.70;14.65;13.56;14.50;21194828;305720416.00
2015/09/22;14.53;15.97;14.46;15.97;66748351;1064764416.00
2015/09/23;15.23;15.76;15.18;15.38;40405420;633697088.00
2015/09/24;15.55;15.87;15.27;15.53;26025411;410412160.00
2015/09/25;15.39;15.72;14.49;14.70;23993728;367355104.00
2015/09/28;14.93;15.11;14.48;15.04;15275742;230871952.00
2015/09/29;14.71;16.53;14.38;15.71;38631657;609823936.00
2015/09/30;15.48;16.48;15.39;15.97;45042447;732814272.00
2015/10/08;17.04;17.04;16.35;16.48;41233495;696480064.00
2015/10/09;16.29;16.98;16.18;16.77;33607081;567269312.00
2015/10/12;16.77;18.26;16.59;17.83;48500119;859754240.00
2015/10/13;17.43;18.04;17.35;17.59;32018852;571710336.00
2015/10/14;17.43;17.88;16.99;17.01;36046545;634906496.00
2015/10/15;16.83;17.52;16.80;17.50;35047893;612009728.00
2015/10/16;17.78;18.44;17.68;18.11;56696060;1039722368.00
2015/10/19;18.18;19.94;18.18;19.94;101147194;2013811712.00
2015/10/20;19.94;21.16;19.54;20.98;89323218;1819652096.00
2015/10/21;20.96;20.96;18.86;19.18;73139659;1487755392.00
2015/10/22;18.93;20.19;18.79;20.00;48109356;950203328.00
2015/10/23;19.91;20.31;19.33;19.97;58328122;1176859008.00
2015/10/26;20.18;21.99;20.07;21.23;91981642;1989603840.00
2015/10/27;20.60;21.22;19.15;20.88;61727824;1260630784.00
2015/10/28;20.45;20.76;19.57;19.73;41084464;838126976.00
2015/10/29;20.03;20.26;19.73;19.88;28457282;575588672.00
2015/10/30;19.70;21.89;19.29;21.16;108460311;2336635136.00
2015/11/02;19.88;21.18;19.26;20.08;59740964;1236122752.00
2015/11/03;20.08;21.51;20.08;20.97;66096548;1394552320.00
2015/11/04;21.31;23.09;21.09;23.09;95403028;2181321728.00
2015/11/05;24.78;25.42;24.43;25.42;43152420;1095432448.00
2015/11/06;26.28;27.98;25.79;27.98;138638906;3798069760.00
2015/11/09;28.81;30.80;28.79;30.36;172741111;5262882816.00
2015/11/10;29.28;33.42;29.20;32.96;169335029;5387402240.00
2015/11/11;32.06;36.28;31.36;36.28;149664725;5019853312.00
2015/11/12;35.51;39.78;35.48;37.38;182651133;6877317120.00
2015/11/13;36.77;40.33;36.77;39.18;154279612;5996882944.00
2015/11/16;37.87;40.27;37.48;39.18;109048196;4244044544.00
2015/11/17;39.37;43.12;39.37;40.63;185692146;7792353280.00
2015/11/18;40.48;40.48;36.55;36.89;168684248;6486050304.00
2015/11/19;37.32;39.63;36.93;39.59;122962121;4730453504.00
2015/11/20;39.16;39.28;37.36;38.24;108771858;4175470336.00
2015/11/23;38.28;39.88;36.34;37.48;100104750;3825579520.00
2015/11/24;37.08;39.58;36.69;38.41;100978371;3893435136.00
2015/11/25;37.78;38.98;37.38;38.42;84480622;3235222272.00
2015/11/26;38.83;39.98;37.27;37.53;105058680;4069498112.00
2015/11/27;36.43;36.97;33.76;33.77;105735063;3758328064.00
2015/11/30;34.11;36.32;32.98;35.62;104773891;3644906752.00
2015/12/01;35.18;35.18;33.57;34.22;71060032;2455992576.00
2015/12/02;34.22;36.62;33.59;36.21;101299765;3601368832.00
2015/12/03;35.55;36.57;34.66;35.38;81619730;2915814144.00
2015/12/04;34.79;35.21;33.93;34.21;59961807;2077619072.00
2015/12/07;33.80;34.76;32.69;34.19;66271105;2246337536.00
2015/12/08;33.78;35.33;33.49;33.93;69802058;2432263680.00
2015/12/09;33.49;35.51;33.30;34.78;76464378;2677856512.00
2015/12/10;35.08;37.78;34.98;35.41;116556602;4273962752.00
2015/12/11;34.48;37.18;33.83;35.83;99062479;3526317312.00
2015/12/14;34.87;39.44;34.68;39.44;140701104;5295587328.00
2015/12/15;39.78;40.30;38.02;38.13;133027208;5223117312.00
2015/12/16;38.21;39.13;37.29;37.65;86221070;3303827200.00
2015/12/17;38.03;39.08;37.28;37.64;112221604;4288150784.00
2015/12/18;37.44;37.96;36.78;37.13;74590586;2792719104.00
2015/12/21;36.97;37.98;35.76;36.56;90241603;3374146816.00
2015/12/22;36.58;37.07;36.13;36.83;58214125;2145127040.00
2015/12/23;36.93;38.27;36.58;36.94;132272047;4978696704.00
2015/12/24;35.98;36.30;34.01;34.41;93894534;3303520256.00
2015/12/25;34.41;34.58;33.22;33.90;55861782;1909690496.00
2015/12/28;34.50;34.99;33.61;33.79;54373618;1876779008.00
2015/12/29;33.77;34.77;33.67;34.33;43905834;1518237696.00
2015/12/30;34.34;34.42;33.67;33.88;44171634;1506243072.00
2015/12/31;33.98;34.13;32.68;32.69;58817088;1969176576.00
2016/01/04;31.78;32.17;29.40;29.40;46116397;1419522432.00
2016/01/05;27.67;30.08;26.77;29.54;68918956;1974184704.00
2016/01/06;29.18;30.26;28.58;29.59;56736321;1674400256.00
2016/01/07;28.79;28.90;26.61;26.72;16875451;468966592.00
2016/01/08;27.63;29.41;25.04;28.18;88514369;2485191424.00
2016/01/11;26.76;27.27;25.34;25.34;62754645;1674802176.00
2016/01/12;25.77;27.13;25.77;26.20;69486200;1855111040.00
2016/01/13;26.50;28.23;25.79;27.07;98868439;2699714304.00
2016/01/14;25.68;28.28;25.39;28.23;97823590;2725378816.00
2016/01/15;27.76;28.17;26.66;27.19;77249829;2135168640.00
2016/01/18;26.60;27.78;26.60;27.10;52964205;1455055488.00
2016/01/19;27.14;29.73;26.96;28.97;102674462;2948043264.00
2016/01/20;28.29;28.85;27.97;28.33;79206654;2270283776.00
2016/01/21;26.98;28.02;25.48;25.49;91458452;2485639424.00
2016/01/22;25.70;25.98;24.09;24.91;66604381;1677396352.00
2016/01/25;24.84;25.27;24.48;24.79;42552922;1067224320.00
2016/01/26;24.51;25.68;23.42;23.80;79752937;1993829760.00
2016/01/27;23.83;24.34;22.38;23.95;69410972;1658728832.00
2016/01/28;23.63;24.53;22.78;22.94;60055525;1442291200.00
2016/01/29;22.96;24.36;22.76;23.93;70643395;1701754752.00
2016/02/01;23.68;23.88;22.15;22.65;45450554;1057846144.00
2016/02/02;22.72;23.46;22.72;23.16;41994965;982910336.00
2016/02/03;22.28;22.62;21.79;22.49;49757347;1119457024.00
2016/02/04;22.73;23.48;22.46;23.13;63121675;1458394624.00
2016/02/05;22.97;23.00;22.13;22.16;41062549;937239680.00
2016/02/15;20.99;21.87;20.89;21.67;29233484;632813056.00
2016/02/16;22.23;23.63;22.08;23.21;67615309;1573381376.00
2016/02/17;22.97;23.71;22.81;23.50;64007129;1506220800.00
2016/02/18;23.79;24.29;22.89;22.98;74915366;1782368896.00
2016/02/19;22.88;23.27;22.58;22.96;50644663;1171871232.00
2016/02/22;23.33;24.77;22.98;24.19;93376772;2250002688.00
2016/02/23;24.04;24.05;23.27;23.60;55618976;1328013568.00
2016/02/24;23.40;23.88;22.89;23.77;52034911;1231601408.00
2016/02/25;23.78;23.83;21.37;21.37;66028392;1497371392.00
2016/02/26;21.43;21.65;19.78;20.52;56381255;1188104832.00
2016/02/29;20.17;20.22;18.45;19.00;54689136;1047397248.00
2016/03/01;19.00;20.78;18.31;20.04;64404587;1269590400.00
2016/03/02;19.68;21.38;19.60;21.04;76770065;1591475840.00
2016/03/03;20.86;21.36;20.56;20.59;63315836;1337211392.00
2016/03/04;20.72;21.24;20.11;20.49;68964749;1449431680.00
2016/03/07;20.68;21.33;20.59;20.78;48554063;1026166272.00
2016/03/08;20.64;20.64;19.26;20.42;47441844;955634048.00
2016/03/09;19.78;21.36;19.48;20.38;57764645;1201060224.00
2016/03/10;20.18;20.63;19.58;19.66;41131477;834018752.00
2016/03/11;19.28;20.46;19.28;19.91;46496046;937577536.00
2016/03/14;20.43;20.99;20.04;20.28;83590964;1735509760.00
2016/03/15;20.15;20.21;19.69;19.84;45202470;909608512.00
2016/03/16;19.80;20.25;19.49;19.62;39418598;789713408.00
2016/03/17;19.77;20.76;19.57;20.36;75312533;1537720960.00
2016/03/18;20.54;22.42;20.34;22.42;142573725;3119949568.00
2016/03/21;24.28;24.68;23.79;24.68;58289031;1438147584.00
2016/03/22;26.68;27.17;25.82;26.38;282369726;7578234880.00
2016/03/23;25.91;29.04;25.45;29.04;221903551;5973597184.00
2016/03/24;27.71;30.15;27.54;28.15;236645388;6876386816.00
2016/03/25;27.28;27.78;26.28;27.06;278923060;7635776512.00
2016/03/28;26.76;27.28;26.27;26.36;171248742;4612884480.00
2016/03/29;26.34;26.94;25.58;26.19;192053256;5102903296.00
2016/03/30;26.66;27.34;26.41;27.01;221405070;5992677888.00
2016/03/31;27.16;28.08;26.58;26.80;208461534;5703721984.00
2016/04/01;26.38;26.53;25.16;25.58;157886880;4107065344.00
2016/04/05;25.58;27.58;25.39;26.89;186091541;4963842560.00
2016/04/06;26.66;26.80;25.99;26.33;128248424;3418875648.00
2016/04/07;26.68;26.95;26.08;26.13;157142451;4212202496.00
2016/04/08;25.44;25.59;24.68;25.36;157894518;4008588032.00
2016/04/21;24.34;25.25;23.86;24.01;125843000;3093118720.00
2016/04/22;23.68;24.38;23.51;24.22;98484400;2387597568.00
2016/04/25;23.90;24.03;23.18;23.45;84031417;1999911040.00
2016/04/26;23.83;24.64;23.68;24.23;122169037;2977530112.00
2016/04/27;24.08;24.13;23.45;23.61;95484458;2292448768.00
2016/04/28;23.61;23.97;23.04;23.85;117179405;2786520320.00
2016/04/29;23.48;23.73;23.32;23.39;75273947;1785651840.00
2016/05/03;23.58;24.62;23.30;24.47;133992292;3273611264.00
2016/05/04;24.38;24.77;24.23;24.32;101868566;2514038272.00
2016/05/05;24.18;24.58;24.16;24.49;77728405;1911891584.00
2016/05/06;24.53;24.63;22.78;22.78;147897832;3532115200.00
2016/05/09;22.18;22.38;21.37;21.51;106942579;2356440576.00
2016/05/10;21.48;21.97;21.48;21.65;66770270;1465095808.00
2016/05/11;21.93;22.02;21.21;21.42;63784003;1393306368.00
2016/05/12;20.98;21.98;20.83;21.75;86303898;1881856512.00
2016/05/13;21.68;21.81;21.31;21.44;62998085;1371774208.00
2016/05/16;21.45;21.81;21.19;21.81;59409484;1292657792.00
2016/05/17;21.90;22.73;21.51;22.03;103925124;2313752576.00
2016/05/18;21.67;22.66;21.48;22.17;121244440;2693812992.00
2016/05/19;22.08;22.53;21.90;22.03;90449369;2029082880.00
2016/05/20;21.66;22.44;21.48;22.35;84221083;1877641216.00
2016/05/23;22.46;22.68;22.02;22.20;91637988;2069930752.00
2016/05/24;22.13;22.13;21.65;21.74;57133134;1260272640.00
2016/05/25;21.99;22.38;21.71;21.76;69337919;1544739584.00
2016/05/26;21.70;21.96;21.23;21.83;71303006;1553719296.00
2016/05/27;21.78;21.91;21.57;21.62;51204767;1124706432.00
2016/05/30;21.46;21.96;21.25;21.64;51076544;1116321280.00
2016/05/31;21.73;23.83;21.72;23.83;196960089;4673907200.00
2016/06/01;24.73;25.02;23.88;23.89;218782833;5387143168.00
2016/06/02;23.63;24.76;23.63;24.58;162515188;3978395904.00
2016/06/03;24.45;25.58;24.00;24.55;182776166;4550337024.00
2016/06/06;24.47;24.95;24.16;24.33;100473016;2484866560.00
2016/06/07;24.48;24.93;24.38;24.58;100610697;2499812096.00
2016/06/08;24.44;24.93;24.09;24.51;108274566;2678138368.00
2016/06/13;23.91;24.76;22.88;22.91;106748867;2595834624.00
2016/06/14;22.75;23.27;22.28;23.07;91612938;2119080832.00
2016/06/15;22.46;24.23;22.46;23.59;102174465;2416924416.00
2016/06/16;23.55;23.61;23.08;23.22;67136349;1580408960.00
2016/06/17;23.40;24.17;23.33;23.45;85315640;2028765568.00
2016/06/20;23.45;23.58;22.80;23.30;61979439;1438788736.00
2016/06/21;23.75;25.11;23.31;23.49;141264324;3405407232.00
2016/06/22;23.19;24.20;23.19;24.10;90434856;2148652288.00
2016/06/23;24.09;24.17;23.52;23.91;71667751;1711831424.00
2016/06/24;23.80;24.29;22.58;23.73;112074661;2663831808.00
2016/06/27;23.61;24.60;23.56;24.53;100898859;2442156800.00
2016/06/28;24.38;26.51;24.28;26.00;189691248;4794833920.00
2016/06/29;25.95;26.16;25.60;25.77;135140675;3493242880.00
2016/06/30;25.82;26.30;25.51;25.86;102682733;2659877888.00
2016/07/01;25.88;26.09;25.36;25.53;92661896;2382709504.00
2016/07/04;25.14;26.69;25.03;25.96;138731475;3606814976.00
2016/07/05;25.80;26.19;25.63;25.77;81587559;2110486656.00
2016/07/06;25.68;25.96;25.47;25.68;64542028;1655239936.00
2016/07/07;25.61;25.95;25.06;25.65;88550367;2260512256.00
2016/07/08;25.84;26.68;25.66;26.21;160804990;4229812736.00
2016/07/11;26.00;27.16;25.78;25.99;133641852;3522664960.00
2016/07/12;26.00;27.78;25.89;27.35;186467441;4994363392.00
2016/07/13;27.60;28.09;26.80;26.99;164924345;4518302720.00
2016/07/14;27.00;27.15;26.68;26.94;75502606;2026354944.00
2016/07/15;26.95;27.13;26.48;26.71;75601483;2018893824.00
2016/07/18;26.40;26.60;26.01;26.09;72376069;1897714048.00
2016/07/19;26.11;26.97;26.11;26.66;86612005;2295077376.00
2016/07/20;26.71;26.78;26.30;26.37;56162116;1488930432.00
2016/07/21;26.36;26.96;26.34;26.46;84687696;2258619136.00
2016/07/22;26.27;26.90;26.22;26.57;76154662;2025012480.00
2016/07/25;26.34;26.55;26.01;26.11;63918241;1676737024.00
2016/07/26;26.30;26.81;26.15;26.51;64463880;1709106560.00
2016/07/27;26.51;26.75;24.48;25.00;114802984;2927489280.00
2016/07/28;24.98;25.14;24.01;24.38;84557788;2074027392.00
2016/07/29;24.50;24.77;24.00;24.39;62041933;1512336000.00
2016/08/01;24.14;24.37;23.80;24.14;50274418;1209860224.00
2016/08/02;24.20;24.38;24.04;24.27;37831070;916522752.00
2016/08/03;24.16;24.26;23.92;24.08;45372436;1092619392.00
2016/08/04;24.00;24.20;23.63;24.17;54763757;1310543488.00
2016/08/05;24.02;24.60;23.86;24.15;67240741;1627874560.00
2016/08/08;23.97;24.35;23.70;24.28;49266100;1186613632.00
2016/08/09;24.28;24.76;24.15;24.65;72215911;1765320576.00
2016/08/10;24.60;24.98;24.44;24.51;68795734;1697682816.00
2016/08/11;24.51;25.14;24.51;24.62;91451314;2270444288.00
2016/08/12;24.48;25.05;24.30;24.99;79642305;1963295872.00
2016/08/15;25.15;27.49;25.06;27.15;254047698;6772450304.00
2016/08/16;26.89;27.13;26.50;26.54;141178071;3778000384.00
2016/08/17;26.90;27.19;26.07;26.35;129939562;3462566656.00
2016/08/18;26.10;26.50;25.99;26.19;77342496;2026203392.00
2016/08/19;26.23;26.38;26.01;26.12;50216948;1313447040.00
2016/08/22;26.11;26.22;25.36;25.40;67176255;1726559616.00
2016/08/23;25.48;25.82;25.31;25.61;50623960;1293413504.00
2016/08/24;25.60;25.76;25.35;25.43;42607166;1088231808.00
2016/08/25;25.31;25.98;25.21;25.60;71379999;1827855488.00
2016/08/26;25.60;25.72;25.40;25.46;44240802;1130057216.00
2016/08/29;25.33;25.87;25.33;25.68;39845007;1020181056.00
2016/08/30;25.66;25.97;25.58;25.75;51727778;1333978240.00
2016/08/31;25.88;26.10;25.55;25.89;55779479;1442782720.00
2016/09/01;25.95;26.03;25.50;25.50;48766759;1256886656.00
2016/09/02;25.33;25.94;25.33;25.46;48820405;1249006464.00
2016/09/05;25.48;25.85;25.35;25.43;42636369;1090997504.00
2016/09/06;25.39;25.62;24.75;25.55;62325362;1570595968.00
2016/09/07;25.46;25.65;25.25;25.30;42827700;1090439040.00
2016/09/08;25.21;25.35;25.00;25.08;37060452;932440960.00
2016/09/09;25.09;25.28;24.80;24.81;40413364;1010980032.00
2016/09/12;24.20;24.34;23.66;23.67;63347468;1520472320.00
2016/09/13;23.89;23.96;23.51;23.59;34159461;808638976.00
2016/09/14;23.40;23.66;23.31;23.42;28460921;667661568.00
2016/09/19;23.45;23.67;23.45;23.54;24687720;581508800.00
2016/09/20;23.52;23.75;23.50;23.69;23013388;543847488.00
2016/09/21;23.70;24.15;23.65;23.85;41870139;1000045376.00
2016/09/22;24.17;24.18;23.71;23.75;32268583;771737600.00
2016/09/23;23.77;23.88;23.52;23.54;22723205;538894400.00
2016/09/26;23.50;23.53;22.86;22.94;35884941;832856384.00
2016/09/27;22.94;23.37;22.94;23.35;31647610;735001024.00
2016/09/28;23.30;23.38;23.19;23.23;16439669;382678400.00
2016/09/29;23.36;23.76;23.30;23.42;34605941;815175808.00
2016/09/30;23.40;23.75;23.32;23.71;27964137;660316352.00
2016/10/10;24.10;24.20;23.77;24.03;34591108;829586304.00
2016/10/11;24.04;24.17;23.78;23.97;30838836;738952768.00
2016/10/12;23.96;24.07;23.80;23.94;22714961;542801984.00
2016/10/13;23.95;24.06;23.81;23.97;28696908;687213824.00
2016/10/14;23.90;23.97;23.62;23.81;23785689;565310656.00
2016/10/17;23.85;23.94;23.31;23.37;30254992;714906368.00
2016/10/18;23.38;24.24;23.38;24.10;59822240;1431566336.00
2016/10/19;24.10;24.16;23.73;23.84;33742371;807753920.00
2016/10/20;23.87;23.95;23.76;23.78;21229773;505881696.00
2016/10/21;23.78;24.64;23.72;24.09;70567272;1705825280.00
2016/10/24;23.95;25.58;23.90;24.64;115879429;2867989248.00
2016/10/25;24.63;24.63;24.31;24.40;48126742;1175318656.00
2016/10/26;24.47;24.68;24.20;24.28;40826698;996698624.00
2016/10/27;24.29;24.46;24.18;24.39;32374746;787654528.00
2016/10/28;24.73;25.39;24.31;24.32;79424974;1973955584.00
2016/10/31;24.16;24.35;23.86;24.21;36141965;870916544.00
2016/11/01;24.21;24.60;24.11;24.43;36215369;882576768.00
2016/11/02;24.36;24.86;24.31;24.42;51752548;1269628544.00
2016/11/03;24.38;25.55;24.29;24.83;118520876;2961017088.00
2016/11/04;24.71;24.95;24.54;24.63;53538516;1322748800.00
2016/11/07;24.65;24.78;24.54;24.75;37977137;936469056.00
2016/11/08;25.03;25.14;24.65;24.69;40341647;1001312064.00
2016/11/09;24.61;24.67;23.85;24.11;60278015;1464883584.00
2016/11/10;24.47;24.74;24.33;24.38;51203838;1255029760.00
2016/11/11;24.64;25.68;24.55;25.37;151129718;3809074176.00
2016/11/14;25.02;26.10;25.02;25.39;123654360;3162068992.00
2016/11/15;25.28;25.58;25.05;25.19;52875584;1333193856.00
2016/11/16;25.31;26.08;25.11;25.85;113753648;2917777152.00
2016/11/17;25.62;26.14;25.50;26.04;51152100;1319070848.00
数据来源:通达信
