002751 易尚展示 日线 前复权
      日期	    开盘	    最高	    最低	    收盘	    成交量	    成交额
2015/04/24;6.81;7.44;6.81;7.44;32400;488291.00
2015/04/27;8.19;8.19;8.19;8.19;4500;74700.00
2015/04/28;9.02;9.02;9.02;9.02;7800;142428.00
2015/04/29;9.94;9.94;9.94;9.94;6100;122549.00
2015/04/30;10.94;10.94;10.94;10.94;15300;338130.00
2015/05/04;12.05;12.05;12.05;12.05;15900;386529.00
2015/05/05;13.26;13.26;13.26;13.26;28100;751394.00
2015/05/06;14.60;14.60;14.60;14.60;71500;2102815.00
2015/05/07;16.07;16.07;16.07;16.07;238611;7719066.00
2015/05/08;17.69;17.69;17.69;17.69;118900;4231651.00
2015/05/11;19.47;19.47;19.47;19.47;29900;1170585.00
2015/05/12;21.43;21.43;21.43;21.43;24500;1055215.00
2015/05/13;23.58;23.58;23.58;23.58;22400;1061312.00
2015/05/14;25.95;25.95;25.95;25.95;17200;896464.00
2015/05/15;28.56;28.56;28.56;28.56;38401;2201529.25
2015/05/18;31.42;31.42;31.42;31.42;26700;1683702.00
2015/05/19;34.58;34.58;34.58;34.58;19600;1359652.00
2015/05/20;38.05;38.05;38.05;38.05;20700;1579617.00
2015/05/21;41.86;41.86;41.86;41.86;28101;2358798.00
2015/05/22;46.06;46.06;46.06;46.06;46333;4277926.00
2015/05/25;50.67;50.67;50.67;50.67;100900;10247404.00
2015/05/26;55.75;55.75;55.75;55.75;31600;3530352.00
2015/05/27;61.34;61.34;61.34;61.34;19450;2390210.50
2015/05/28;67.48;67.48;67.48;67.48;921840;124614328.00
2015/05/29;74.24;74.24;67.40;74.24;6676540;976498880.00
2015/06/01;81.68;81.68;79.45;81.68;3416099;557963904.00
2015/06/02;85.33;89.86;81.39;89.86;6127146;1075497728.00
2015/06/03;93.39;98.39;80.86;81.33;7705874;1331355392.00
2015/06/04;80.83;84.89;73.48;77.15;4777508;753667904.00
2015/06/05;79.89;81.65;73.54;79.19;5155039;805522496.00
2015/06/08;77.41;87.12;77.41;87.12;7062245;1211076352.00
2015/06/09;82.40;85.89;79.64;82.39;3898282;648839936.00
2015/06/10;83.02;90.64;83.02;90.64;2662505;469567936.00
2015/06/11;95.39;99.72;93.93;99.72;4134915;817920128.00
2015/06/12;104.89;108.83;89.79;89.79;6275615;1226339584.00
2015/06/15;87.39;87.86;80.80;80.80;3964792;658299840.00
2015/06/16;77.89;84.27;77.39;77.39;2646243;427483744.00
2015/06/17;77.90;81.06;77.17;79.88;2108389;334751744.00
2015/06/18;80.14;83.62;73.95;77.88;2301643;364549248.00
2015/06/19;74.89;85.68;73.88;80.39;3569595;589523712.00
2015/06/23;79.39;88.44;78.00;88.44;4265975;737642048.00
2015/06/24;91.39;91.89;85.45;90.38;2990706;528945280.00
2015/06/25;87.88;90.38;81.33;81.33;2177162;372766464.00
2015/06/26;74.89;77.34;73.19;73.19;1235400;183132480.00
2015/06/29;65.86;66.33;65.86;65.86;507000;66892332.00
2015/06/30;59.26;64.88;59.26;59.26;4008176;483791424.00
2015/07/01;57.89;61.14;53.33;53.33;4810080;546717568.00
2015/07/02;48.89;49.88;47.98;47.98;2186982;211776640.00
2015/07/03;43.17;45.93;43.17;43.17;1615999;141694592.00
2015/07/06;44.89;45.89;38.84;38.84;1948423;162096016.00
2015/07/07;34.95;34.95;34.95;34.95;27900;1956069.00
2015/07/14;38.45;38.45;38.45;38.45;148155;11425714.00
2015/07/15;42.31;42.31;34.60;34.60;6065504;490897312.00
2015/07/16;31.13;36.94;31.13;34.32;4191030;284075712.00
2015/07/17;34.44;37.76;33.44;37.76;3825906;280148864.00
2015/07/20;39.44;41.54;38.24;41.54;3946772;314320576.00
2015/07/21;39.95;45.70;39.34;45.68;4149558;362214528.00
2015/07/22;46.74;50.11;45.23;49.44;3612684;343026976.00
2015/07/23;48.14;54.39;48.14;54.39;1963202;202586880.00
2015/07/24;59.37;59.84;55.94;59.84;3234480;384276672.00
2015/07/27;56.95;65.79;56.44;58.44;4082291;495892864.00
2015/07/28;52.59;61.33;52.59;55.74;2803359;311285344.00
2015/07/29;56.94;59.69;50.44;56.62;2734642;301077504.00
2015/07/30;55.44;56.44;50.95;50.95;1964478;212825520.00
2015/07/31;47.44;50.65;45.85;45.85;2891417;272251648.00
2015/08/03;42.49;43.95;41.26;41.26;2026515;169118752.00
2015/08/04;42.84;45.39;38.83;45.39;2663093;226648768.00
2015/08/05;46.09;49.19;45.39;46.29;2517174;238329136.00
2015/08/06;43.44;45.69;41.94;42.55;1672835;146882080.00
2015/08/07;43.59;46.81;42.94;46.81;2037436;184485488.00
2015/08/10;47.68;51.49;46.81;51.49;2230215;220056880.00
2015/08/11;53.94;55.94;52.11;53.69;2721578;293950752.00
2015/08/12;51.44;52.19;49.12;49.12;2239703;226942592.00
2015/08/13;48.24;50.94;48.19;50.89;1603454;159770192.00
2015/08/14;51.44;53.43;49.92;50.84;1888377;196137520.00
2015/08/17;50.44;51.69;48.09;50.00;1414576;140162048.00
2015/08/18;49.95;50.91;44.99;44.99;1528223;145734528.00
2015/08/19;40.49;46.94;40.49;45.66;2394340;203426912.00
2015/08/20;44.67;45.24;41.19;41.19;1924272;165877552.00
2015/08/21;39.45;41.08;37.07;37.07;2134523;165519536.00
2015/08/24;35.94;39.19;33.36;33.94;2934449;214149200.00
2015/08/25;31.94;35.03;30.54;30.54;2920251;188847472.00
2015/08/26;31.48;33.60;30.04;33.36;4007662;260580912.00
2015/08/27;33.84;34.38;30.54;33.44;2982619;194861328.00
2015/08/28;33.69;36.23;32.54;36.10;2489872;169563120.00
2015/08/31;35.08;35.19;32.49;32.49;2064079;138761600.00
2015/09/01;32.49;32.49;29.23;29.23;1369917;82949792.00
2015/09/02;26.45;32.16;26.45;31.49;3805229;237372816.00
2015/09/07;31.49;33.94;31.29;32.54;2369817;153589728.00
2015/09/08;31.34;34.03;30.44;33.72;2622343;169569104.00
2015/09/09;33.94;35.84;33.69;34.94;2675608;186942800.00
2015/09/10;34.34;34.94;33.69;33.92;1706680;117515416.00
2015/09/11;33.99;36.19;33.64;35.02;2347039;164413840.00
2015/09/14;35.18;35.59;31.51;31.51;1637551;108359192.00
2015/09/15;29.28;30.43;28.36;28.36;1484097;87015608.00
2015/09/16;28.44;31.20;28.44;31.20;1779055;108186856.00
2015/09/17;31.93;32.83;29.96;30.24;4171966;132314200.00
2015/09/18;30.54;32.05;28.95;31.34;3486440;108137664.00
2015/09/21;30.24;34.48;29.95;34.48;4333866;144028192.00
2015/09/22;37.93;37.93;37.93;37.93;1507822;57282156.00
2015/09/23;38.94;41.73;38.74;41.73;9990382;403525952.00
2015/09/24;43.92;45.91;41.07;42.72;14029475;622928512.00
2015/09/25;41.08;43.19;38.44;38.44;9825239;399291616.00
2015/09/28;38.87;41.44;36.95;41.24;7243526;287502432.00
2015/09/29;39.74;40.94;38.24;38.76;5583995;219758832.00
2015/09/30;38.29;40.09;38.29;38.55;3894899;152871488.00
2015/10/08;40.44;42.41;39.44;42.41;6813602;282717984.00
2015/10/09;42.38;43.89;41.94;42.64;5339952;229418720.00
2015/10/12;42.99;45.98;41.80;45.53;5911760;263973312.00
2015/10/13;44.92;46.00;43.90;45.53;5209729;235783360.00
2015/10/14;44.94;46.41;44.14;44.26;3903182;175995680.00
2015/10/15;43.44;46.36;43.44;45.90;4071667;184417328.00
2015/10/16;45.94;50.50;45.94;50.50;6851730;339076416.00
2015/10/19;50.94;51.60;48.32;50.51;6321574;316727840.00
2015/10/20;50.44;54.93;49.24;53.93;4946146;262569136.00
2015/10/21;52.94;57.94;48.53;48.95;8443400;443180480.00
2015/10/22;49.62;52.54;48.94;51.31;6486535;330820672.00
2015/10/23;51.11;52.13;49.55;51.66;5850477;299042848.00
2015/10/26;52.78;54.94;50.12;53.84;5985204;316795520.00
2015/10/27;52.79;55.06;50.22;54.89;5438055;286018880.00
2015/10/28;54.84;57.83;53.74;55.39;5211763;290258592.00
2015/10/29;56.44;57.34;54.54;55.77;3605198;200659024.00
2015/10/30;55.94;57.74;53.49;56.54;3750611;210117616.00
2015/11/02;54.24;62.20;53.80;58.85;5410975;320439680.00
2015/11/03;59.84;61.94;58.04;61.38;3906270;236502640.00
2015/11/04;60.94;67.48;59.94;67.43;4770748;303875040.00
2015/11/05;67.49;71.22;64.94;67.99;6063549;411489472.00
2015/11/06;67.94;70.94;66.64;70.94;4179629;288934240.00
2015/11/09;70.44;78.04;68.94;78.04;5646882;421304000.00
2015/11/10;78.94;85.85;76.95;85.85;6154893;517433696.00
2015/11/11;90.74;94.44;90.15;94.44;1111756;103590648.00
2015/11/12;103.89;103.89;97.94;103.89;7899211;803601856.00
2015/11/13;101.94;101.94;93.50;93.50;8726871;846079616.00
2015/11/16;96.79;102.86;95.94;102.86;5182165;519499232.00
2015/11/17;110.06;113.15;108.01;113.15;8583600;963125120.00
2015/11/18;109.71;118.75;102.94;106.94;7832734;865637632.00
2015/11/19;111.94;117.64;109.94;117.64;8079778;930634496.00
2015/11/20;122.35;129.41;111.34;122.46;8902984;1065388096.00
2015/11/23;120.95;134.71;118.95;134.71;8647032;1124034560.00
2015/11/24;129.94;148.19;125.94;148.19;9266728;1235186816.00
2015/11/25;145.94;163.02;141.19;163.02;11834870;1871464832.00
2015/11/26;158.88;170.73;146.94;150.94;14659678;2320076800.00
2015/11/27;145.94;159.84;140.14;146.95;12038430;1759508224.00
2015/11/30;147.94;153.84;140.09;144.94;11092231;1642194560.00
2015/12/01;141.95;143.94;130.44;134.70;11688445;1587240960.00
2015/12/02;136.15;145.70;130.74;137.74;10716893;1484369408.00
2015/12/03;133.02;141.44;131.24;140.26;8736132;1197752576.00
2015/12/04;144.94;149.91;133.15;137.34;9070881;1286436352.00
2015/12/07;134.04;141.34;132.94;138.52;6330090;871018176.00
2015/12/08;135.54;144.94;135.54;140.10;7699336;1086070016.00
2015/12/09;138.85;140.09;128.95;131.22;7734449;1027650304.00
2015/12/10;128.55;134.90;125.05;127.84;7041518;913656192.00
2015/12/11;126.94;130.44;120.24;121.44;6352079;793639232.00
2015/12/14;118.94;123.89;118.02;123.87;4636733;565502336.00
2015/12/15;122.04;126.94;120.94;124.42;5245821;652548480.00
2015/12/16;125.04;133.02;123.02;131.54;8795887;1129036032.00
2015/12/17;131.44;131.94;128.44;131.60;6849638;893113152.00
2015/12/18;129.24;136.94;123.96;126.93;7481160;976535296.00
2015/12/21;123.83;124.06;118.76;120.08;6088109;737368960.00
2015/12/22;121.14;123.04;119.14;123.03;3975335;484082848.00
2015/12/23;123.82;123.83;118.07;119.06;3896349;467174496.00
2015/12/24;119.03;126.92;118.14;122.36;6091019;752105792.00
2015/12/25;120.93;125.46;119.24;121.44;4647563;571113472.00
2015/12/28;121.44;123.84;115.01;115.04;5738858;681637632.00
2015/12/29;113.94;115.82;109.94;111.97;4294220;482463168.00
2015/12/30;112.70;118.60;111.46;117.80;6229508;714860224.00
2015/12/31;116.94;118.44;106.94;107.34;5129266;577581376.00
2016/01/04;107.35;107.94;96.60;96.60;3990449;410069792.00
2016/01/05;91.94;94.80;87.94;92.07;5766191;529874944.00
2016/01/06;92.94;100.94;91.15;98.94;8516013;820864512.00
2016/01/07;95.14;95.54;89.04;89.04;2150607;197208144.00
2016/01/08;91.94;93.48;83.15;88.50;5764131;512804672.00
2016/01/11;86.94;86.94;79.66;80.39;5208503;433535488.00
2016/01/12;81.60;88.44;80.52;88.44;6628639;578423296.00
2016/01/13;92.44;94.41;88.44;89.63;11588565;1056575680.00
2016/01/14;84.43;98.60;84.14;98.60;8971358;833146112.00
2016/01/15;100.62;104.96;98.44;99.54;10600348;1070694272.00
2016/01/18;96.45;104.52;96.34;99.45;7953582;806166272.00
2016/01/19;97.04;102.44;93.44;101.52;7904205;772859648.00
2016/01/20;99.64;101.94;95.94;96.24;6528615;643964800.00
2016/01/21;93.71;105.87;93.71;97.54;8920411;900280832.00
2016/01/22;101.68;107.30;99.74;107.30;7286427;763390528.00
2016/01/25;115.94;115.94;107.95;109.60;10727203;1200055552.00
2016/01/26;102.94;106.83;98.63;98.63;7819085;800495488.00
2016/01/27;96.30;97.94;88.84;94.79;6544469;608935296.00
2016/01/28;92.14;94.91;85.31;85.31;4865874;431401760.00
2016/01/29;82.44;91.24;81.14;87.43;5587936;486936896.00
2016/02/01;87.94;95.92;87.94;89.90;5365641;487461920.00
2016/02/02;89.82;96.46;86.45;94.28;5982660;554241664.00
2016/02/03;91.44;92.82;88.82;91.76;4930365;448265248.00
2016/02/04;91.64;95.74;91.54;94.13;5401031;507216480.00
2016/02/05;94.94;95.24;88.64;88.84;4234987;384793824.00
2016/02/15;84.91;92.99;83.94;91.64;4482282;401787808.00
2016/02/16;91.05;99.93;91.05;97.20;5187225;498997792.00
2016/02/17;95.94;106.93;93.94;106.93;7079528;708072576.00
2016/02/18;107.95;110.95;102.50;104.66;8324741;886268608.00
2016/02/19;102.94;108.52;101.94;104.69;5767534;609295232.00
2016/02/22;105.69;108.82;102.74;106.89;5756599;607711104.00
2016/02/23;107.54;111.94;105.99;106.84;6404461;696715648.00
2016/02/24;103.94;105.73;98.04;99.83;6357137;643148096.00
2016/02/25;99.33;101.34;89.84;89.86;5073361;482245056.00
2016/02/26;91.02;92.44;85.84;90.22;4281554;386877376.00
2016/02/29;87.94;87.94;81.19;81.19;4026771;332389440.00
2016/03/01;81.20;87.00;74.99;83.85;4849806;392841376.00
2016/03/02;82.94;88.22;81.94;86.94;4822071;412304640.00
2016/03/03;86.07;91.82;85.29;87.99;5839201;517627232.00
2016/03/04;86.57;86.79;80.26;80.56;4383008;366590784.00
2016/03/07;80.44;85.04;80.44;82.12;2976338;247376144.00
2016/03/08;81.84;83.44;75.94;82.30;3447589;276348736.00
2016/03/09;80.34;83.94;77.95;79.75;2725900;221395376.00
2016/03/10;80.18;81.43;77.94;78.09;2160200;171390816.00
2016/03/11;76.72;78.82;75.74;76.89;1908033;147266960.00
2016/03/14;78.94;82.92;78.24;82.36;4216406;343463680.00
2016/03/15;80.94;82.14;80.04;80.09;2779816;225071552.00
2016/03/16;81.43;82.43;77.52;78.52;2659194;211391744.00
2016/03/17;78.46;84.93;78.34;84.44;6344517;526387168.00
2016/03/18;85.75;92.89;85.74;92.24;8585963;776037312.00
2016/03/21;90.16;94.76;88.53;93.15;9961192;915388544.00
2016/03/22;93.99;99.82;93.94;94.82;7953585;768334656.00
2016/03/23;91.94;95.14;91.94;95.14;5728363;536630304.00
2016/03/24;94.54;99.84;92.61;92.89;5726072;549979264.00
2016/03/25;90.94;94.62;90.44;91.94;4010323;370182048.00
2016/03/28;93.52;96.54;91.38;92.14;3895046;365021568.00
2016/03/29;91.24;92.14;86.95;89.54;3913151;349666336.00
2016/03/30;90.62;93.43;89.53;92.87;4090281;374041248.00
2016/03/31;96.64;96.64;92.97;93.39;4709595;445077216.00
2016/04/01;91.94;92.32;88.14;89.94;4063093;364541632.00
2016/04/05;91.93;93.94;89.81;93.34;5043770;463731008.00
2016/04/06;92.89;93.02;90.04;91.42;4103372;376189184.00
2016/04/07;92.29;92.35;88.82;88.82;3739268;336682848.00
2016/04/08;86.96;87.14;83.94;84.84;4491757;381890272.00
2016/04/11;85.72;88.24;85.49;86.54;3429940;298897632.00
2016/04/12;86.44;86.44;83.54;84.54;2767412;233641648.00
2016/04/13;85.21;91.58;84.94;89.94;6352895;567042944.00
2016/04/14;89.72;90.43;88.02;89.93;4152069;370042880.00
2016/04/15;89.94;95.82;89.93;92.08;7086337;659676928.00
2016/04/18;89.94;89.94;87.44;88.28;4186311;369748864.00
2016/04/19;88.74;89.70;86.76;87.33;2917001;256632384.00
2016/04/20;87.34;87.34;79.94;80.45;5484848;455004000.00
2016/04/21;80.46;82.64;78.44;78.89;2639666;212746416.00
2016/04/22;74.95;78.19;74.94;78.11;2764539;213478064.00
2016/04/25;77.34;77.34;74.74;75.52;2701390;203615904.00
2016/04/26;75.42;75.94;73.42;74.44;4242392;316697248.00
2016/04/27;74.94;75.93;74.14;74.56;3064428;229758368.00
2016/04/28;73.94;74.56;70.32;72.32;4182712;300670816.00
2016/04/29;71.94;72.93;71.45;71.96;2296310;165848576.00
2016/05/03;72.63;77.24;71.54;75.62;5801467;430756480.00
2016/05/04;75.22;75.33;73.64;73.81;6536324;486271968.00
2016/05/05;73.81;74.90;73.29;74.55;4599890;340780032.00
2016/05/06;74.64;74.74;69.94;70.16;5844827;421505728.00
2016/05/09;69.14;69.14;63.94;64.50;4086011;267595376.00
2016/05/10;63.94;65.33;63.74;64.48;2356070;152334288.00
2016/05/11;65.09;65.44;62.09;62.31;3002225;190258208.00
2016/05/12;62.34;62.54;59.94;62.44;3529193;216408016.00
2016/05/13;62.71;64.79;62.06;62.35;3324780;210859152.00
2016/05/16;62.14;63.24;60.99;63.21;4686898;292417984.00
2016/05/17;62.84;63.81;61.93;62.84;4430182;278469632.00
2016/05/18;62.86;66.94;61.94;62.29;7272844;468107264.00
2016/05/19;62.41;66.84;59.97;64.34;8319892;535504544.00
2016/05/20;62.94;65.94;61.60;65.12;6354043;404401952.00
2016/05/23;65.60;66.43;64.34;64.93;7399836;483190976.00
2016/05/24;64.00;64.42;62.34;63.28;6742672;426868096.00
2016/05/25;63.94;64.24;61.44;61.80;5948673;374665728.00
2016/05/26;61.64;62.19;59.40;61.84;5976005;362760896.00
2016/05/27;61.76;63.29;60.94;61.89;6529201;408530720.00
2016/05/30;61.93;61.93;60.44;60.83;4459847;273005152.00
2016/05/31;61.43;66.33;60.94;65.83;13454463;861884160.00
2016/06/01;66.24;68.57;65.94;66.04;13456429;902006912.00
2016/06/02;65.82;71.94;65.04;70.46;17511177;1182969728.00
2016/06/03;69.94;70.16;68.31;68.92;14954113;1034473152.00
2016/06/06;70.23;71.73;68.54;68.96;10575861;738068544.00
2016/06/07;69.04;69.31;67.09;68.25;10929084;742522816.00
2016/06/08;67.97;70.94;67.24;68.17;12816635;887767168.00
2016/06/13;65.94;66.39;61.35;61.35;12405713;798168000.00
2016/06/14;59.50;60.39;58.00;58.91;8232482;486985376.00
2016/06/15;57.84;61.46;57.54;60.87;8155957;492447040.00
2016/06/16;60.52;61.66;59.10;59.26;7277657;438341984.00
2016/06/17;59.26;60.80;58.68;59.38;5637559;336400832.00
2016/06/20;58.91;59.70;57.68;59.10;6274668;366968448.00
2016/06/21;60.00;60.32;57.50;57.90;6437371;379614656.00
2016/06/22;58.00;60.40;57.42;59.99;8645227;511849152.00
2016/06/23;59.99;63.00;58.70;62.98;13261356;808777280.00
2016/06/24;62.00;62.70;57.80;60.55;11124335;680203648.00
2016/06/27;59.68;62.39;59.35;61.89;7405903;455985568.00
2016/06/28;61.25;65.76;61.23;64.95;13896702;889417984.00
2016/06/29;66.01;66.89;63.70;65.18;13367262;872084800.00
2016/06/30;64.51;65.00;63.40;64.01;7952046;509654976.00
2016/07/01;64.35;66.60;64.21;64.31;10295251;673283968.00
2016/07/04;63.25;65.20;63.01;64.80;7900588;508042720.00
2016/07/05;65.30;66.38;64.00;64.60;7184683;466637824.00
2016/07/06;64.51;65.67;64.11;64.85;6278522;407629376.00
2016/07/07;64.91;65.49;63.01;63.53;7297528;465753920.00
2016/07/08;63.15;64.47;62.76;63.69;5876208;373770400.00
2016/07/22;67.00;69.19;64.87;65.01;14066480;938352576.00
2016/07/25;63.80;63.98;61.96;62.22;7633436;479873472.00
2016/07/26;62.28;62.80;61.11;62.50;4935475;306459456.00
2016/07/27;62.26;62.36;56.25;56.28;10534838;619410496.00
2016/07/28;55.50;56.46;54.01;55.10;6156521;339707200.00
2016/07/29;55.15;55.55;54.00;54.25;3376074;184191344.00
2016/08/01;54.21;54.24;51.00;52.65;4653754;242916512.00
2016/08/02;52.50;53.15;52.32;52.91;2767885;146242416.00
2016/08/03;53.00;53.20;52.26;52.71;3211991;169163344.00
2016/08/04;52.80;54.70;52.50;54.09;5268044;283124768.00
2016/08/05;53.79;54.59;52.68;52.77;3968061;211469184.00
2016/08/08;52.11;53.40;51.72;53.35;3729419;196092000.00
2016/08/09;53.50;54.80;53.30;54.80;5185199;280589760.00
2016/08/10;54.82;55.46;54.24;54.30;4214262;230308784.00
2016/08/11;54.00;54.95;52.90;52.90;3652856;195533344.00
2016/08/12;52.63;53.43;52.51;53.36;2710923;143747936.00
2016/08/15;53.20;58.70;52.55;58.70;6838660;390675104.00
2016/08/16;62.25;63.30;60.10;60.94;18979106;1171015168.00
2016/08/17;59.80;60.25;59.00;59.28;9091267;541984704.00
2016/08/18;59.10;60.99;59.10;59.69;9391033;564084672.00
2016/08/19;59.21;60.00;58.69;58.80;5533435;328064256.00
2016/08/22;58.20;59.29;57.15;57.29;4593353;267434272.00
2016/08/23;57.13;58.16;57.10;57.56;3356563;193175712.00
2016/08/24;57.26;59.49;57.15;58.66;6377739;374187872.00
2016/08/25;57.90;57.90;53.01;56.52;5746828;321561856.00
2016/08/26;56.54;56.97;55.63;55.71;3737984;210526704.00
2016/08/29;55.03;55.75;54.71;55.20;2591453;143217104.00
2016/08/30;55.61;57.25;55.30;55.99;4266589;241339584.00
2016/08/31;55.75;58.98;55.11;57.12;5557692;317033472.00
2016/09/01;56.70;57.77;56.10;56.60;3953091;225563648.00
2016/09/02;56.39;59.80;56.15;58.82;9164318;536895040.00
2016/09/05;58.95;61.70;58.20;60.72;9007930;537641344.00
2016/09/06;60.22;61.33;59.20;60.85;7515442;453230176.00
2016/09/07;60.40;61.38;58.78;58.88;6421288;385950880.00
2016/09/08;58.60;60.25;58.60;59.37;4919260;292443744.00
2016/09/09;59.50;59.63;57.75;57.75;4868100;284009888.00
2016/09/12;56.00;56.00;53.40;53.60;5861600;322509024.00
2016/09/13;53.81;54.88;53.70;54.01;3062286;165795184.00
2016/09/14;53.60;54.68;53.30;53.91;2516091;135911792.00
2016/09/19;54.00;55.80;54.00;54.77;2783938;152967952.00
2016/09/20;55.00;55.70;54.25;54.39;2024726;110364264.00
2016/09/21;54.42;55.47;54.37;54.58;2241095;122936312.00
2016/09/22;55.04;55.40;54.61;54.80;2309334;126684544.00
2016/09/23;54.96;54.98;53.80;53.81;2671748;144773680.00
2016/09/26;53.81;54.15;52.20;52.31;2897111;154130976.00
2016/09/27;51.83;53.20;51.83;53.20;2695587;142304336.00
2016/09/28;53.35;53.49;52.61;52.78;1611798;85276120.00
2016/09/29;52.90;53.23;52.53;52.61;1621170;85769680.00
2016/09/30;52.80;53.50;52.75;53.19;1767293;93705544.00
2016/10/10;53.56;55.35;53.40;54.92;3077960;167522464.00
2016/10/11;54.70;55.20;54.52;54.73;2389640;130795256.00
2016/10/12;54.59;55.20;54.20;54.95;2534927;138872272.00
2016/10/13;55.22;60.45;54.61;58.05;8813306;510774368.00
2016/10/14;57.34;57.77;56.40;56.88;4823227;274845984.00
2016/10/17;56.97;57.40;55.05;55.35;3903688;219852480.00
2016/10/18;55.40;56.58;55.40;56.49;3499345;195831024.00
2016/10/19;56.45;57.79;56.14;56.21;4370562;248266768.00
2016/10/20;56.05;57.80;56.05;57.00;5189118;296011520.00
2016/10/21;56.96;57.40;55.25;55.99;4287955;241426688.00
2016/10/24;55.40;60.45;55.40;58.34;9068036;530704640.00
2016/10/25;58.08;59.86;57.88;58.89;7525190;443771616.00
2016/10/26;58.48;58.71;57.00;57.00;5294229;304633696.00
2016/10/27;57.02;58.23;56.61;57.28;3290197;188727184.00
2016/10/28;57.10;57.59;56.33;56.50;3278149;186303120.00
2016/10/31;56.15;57.51;56.12;56.88;3143483;178665984.00
2016/11/01;56.70;58.20;56.41;58.00;5073354;291339392.00
2016/11/02;57.75;57.88;56.61;56.76;4216701;240858608.00
2016/11/03;56.36;59.44;56.19;58.36;8537511;493834080.00
2016/11/04;58.00;61.28;57.70;59.94;12272108;735690304.00
2016/11/07;59.94;60.45;58.60;59.18;5602508;332674560.00
2016/11/08;59.31;61.20;59.31;59.81;6394258;385067264.00
2016/11/09;59.47;60.29;57.63;58.31;6479350;381118080.00
2016/11/10;59.15;60.97;58.60;60.47;8196299;490635584.00
2016/11/11;60.39;64.00;59.58;62.35;12370906;759362688.00
2016/11/14;61.90;63.75;61.67;62.45;8958171;558887424.00
2016/11/15;62.00;63.95;61.58;63.85;9769699;615748160.00
2016/11/16;64.60;65.50;62.71;62.78;9556067;610437952.00
2016/11/17;62.00;62.20;61.10;61.23;3384400;208289536.00
数据来源:通达信
