002421 达实智能 日线 前复权
      日期	    开盘	    最高	    最低	    收盘	    成交量	    成交额
2010/06/03;1.56;1.81;1.56;1.76;14117016;423199552.00
2010/06/04;1.78;1.94;1.69;1.94;7608051;248844720.00
2010/06/07;1.92;2.12;1.92;1.99;9583700;338835296.00
2010/06/08;1.95;2.17;1.95;2.09;7008800;253915968.00
2010/06/09;2.08;2.14;2.02;2.12;4983483;183273328.00
2010/06/10;2.09;2.17;2.07;2.14;4198689;157801856.00
2010/06/11;2.15;2.35;2.12;2.20;5451130;213975536.00
2010/06/17;2.21;2.23;2.02;2.10;4568207;171702624.00
2010/06/18;2.09;2.15;1.99;2.05;3267462;119881816.00
2010/06/21;2.05;2.17;1.99;2.12;3818507;141080544.00
2010/06/22;2.09;2.12;2.05;2.07;2416028;89075896.00
2010/06/23;2.05;2.26;2.01;2.19;3536274;132939136.00
2010/06/24;2.17;2.23;2.13;2.18;2476359;95676064.00
2010/06/25;2.14;2.17;1.96;1.96;3719186;134101896.00
2010/06/28;1.92;1.95;1.90;1.93;1548214;52988168.00
2010/06/29;1.93;1.93;1.73;1.73;2556665;81538224.00
2010/06/30;1.71;1.80;1.62;1.78;2129439;65672904.00
2010/07/01;1.75;1.77;1.68;1.70;1556437;47917148.00
2010/07/02;1.68;1.73;1.61;1.69;1441333;43236956.00
2010/07/05;1.68;1.82;1.64;1.80;2596370;81014992.00
2010/07/06;1.77;1.82;1.75;1.82;2144082;68462640.00
2010/07/07;1.81;1.81;1.76;1.79;1440288;45773580.00
2010/07/08;1.80;1.80;1.75;1.75;1288228;40587416.00
2010/07/12;1.80;1.82;1.76;1.81;1990803;63340364.00
2010/07/13;1.78;1.78;1.70;1.74;1099778;34263084.00
2010/07/14;1.73;1.78;1.72;1.73;843314;26314294.00
2010/07/15;1.72;1.75;1.66;1.67;961361;29185042.00
2010/07/16;1.65;1.67;1.61;1.64;614750;18018324.00
2010/07/19;1.62;1.68;1.62;1.67;759900;22516488.00
2010/07/20;1.67;1.74;1.67;1.72;1238406;37823080.00
2010/07/21;1.72;1.78;1.72;1.73;1138237;35583064.00
2010/07/22;1.73;1.75;1.70;1.74;1295471;39937256.00
2010/07/23;1.75;1.75;1.71;1.74;1290808;39788836.00
2010/07/26;1.75;1.78;1.74;1.77;1528052;47951964.00
2010/07/27;1.78;1.78;1.73;1.73;1183623;36843612.00
2010/07/28;1.73;1.75;1.71;1.74;1286945;39969756.00
2010/07/29;1.75;1.81;1.75;1.79;1757291;55791900.00
2010/07/30;1.79;1.79;1.75;1.78;939799;29718252.00
2010/08/02;1.78;1.82;1.76;1.81;1471065;47065320.00
2010/08/03;1.81;1.85;1.80;1.80;1970430;64142688.00
2010/08/04;1.80;1.88;1.80;1.88;1701170;55689376.00
2010/08/05;1.89;1.96;1.80;1.86;1972555;66912724.00
2010/08/06;1.85;1.89;1.82;1.88;1172240;38663064.00
2010/08/09;1.88;1.95;1.85;1.92;1273219;43322240.00
2010/08/10;1.93;1.93;1.82;1.82;1168940;38925816.00
2010/08/11;1.80;1.84;1.79;1.82;1023720;33000950.00
2010/08/12;1.81;1.84;1.78;1.81;708911;22936492.00
2010/08/13;1.81;1.85;1.78;1.84;1055192;34238052.00
2010/08/16;1.84;1.88;1.82;1.87;1708517;56302792.00
2010/08/17;1.88;1.88;1.84;1.87;1182561;39119872.00
2010/08/18;1.87;1.88;1.82;1.84;1111367;36455040.00
2010/08/19;1.84;1.90;1.79;1.89;2478459;81369200.00
2010/08/20;1.87;1.87;1.80;1.80;1335553;43718084.00
2010/08/23;1.79;1.83;1.77;1.82;1006617;32339372.00
2010/08/24;1.81;1.85;1.78;1.85;1706097;55557732.00
2010/08/25;1.85;1.90;1.82;1.87;2275800;75478576.00
2010/08/26;1.87;1.94;1.86;1.87;1589145;53255580.00
2010/08/27;1.87;1.99;1.86;1.94;2800650;96104792.00
2010/08/30;1.95;2.04;1.92;2.03;3053169;107385120.00
2010/08/31;2.00;2.04;1.99;2.02;1941816;69475592.00
2010/09/01;2.02;2.04;1.87;1.91;2408778;83211440.00
2010/09/02;1.90;1.95;1.88;1.93;1665262;56793680.00
2010/09/03;1.93;1.95;1.89;1.92;2509430;85785992.00
2010/09/06;1.92;1.94;1.84;1.86;2267304;75915640.00
2010/09/07;1.87;1.88;1.82;1.86;1651967;54370152.00
2010/09/08;1.89;2.06;1.89;2.06;3286350;117399984.00
2010/09/09;2.14;2.18;2.06;2.11;7830682;293433408.00
2010/09/10;2.06;2.26;2.04;2.15;5995591;228546304.00
2010/09/13;2.12;2.19;2.09;2.14;3712837;141022096.00
2010/09/14;2.14;2.18;2.11;2.13;2608476;99124264.00
2010/09/15;2.11;2.11;1.96;2.01;2910927;105315784.00
2010/09/16;2.03;2.04;1.89;1.93;2088416;72544816.00
2010/09/17;1.94;1.94;1.88;1.90;1020913;34551888.00
2010/09/20;1.90;1.93;1.86;1.91;1000330;33894348.00
2010/09/21;1.92;1.94;1.87;1.89;769342;25928848.00
2010/09/27;1.90;1.93;1.87;1.93;816969;27767610.00
2010/09/28;1.93;1.94;1.90;1.91;846771;28914466.00
2010/09/29;1.91;1.91;1.85;1.89;923544;30760046.00
2010/09/30;1.86;1.91;1.85;1.90;715392;24050830.00
2010/10/08;1.92;1.94;1.90;1.93;1049358;35987492.00
2010/10/11;1.93;1.93;1.88;1.90;1345050;45390104.00
2010/10/12;1.90;1.93;1.87;1.89;1098838;37156452.00
2010/10/13;1.89;1.91;1.81;1.83;2081886;68107736.00
2010/10/14;1.87;1.87;1.79;1.80;1230760;39816652.00
2010/10/15;1.80;1.80;1.72;1.74;1413694;44299300.00
2010/10/18;1.74;1.74;1.66;1.71;1141222;34273928.00
2010/10/19;1.71;1.80;1.71;1.79;1298997;40999976.00
2010/10/20;1.79;1.83;1.75;1.80;1357198;43703380.00
2010/10/21;1.80;1.83;1.78;1.81;693543;22351364.00
2010/10/22;1.81;1.92;1.80;1.90;2093942;69707368.00
2010/10/25;1.94;1.94;1.88;1.90;2551189;86421952.00
2010/10/26;1.92;1.99;1.86;1.99;3040838;103799440.00
2010/10/27;1.99;2.00;1.92;1.92;2830049;98842568.00
2010/10/28;1.92;1.93;1.87;1.89;1500680;50425892.00
2010/10/29;1.89;1.91;1.87;1.90;1181611;39879528.00
2010/11/01;1.92;1.96;1.92;1.95;1602350;55219000.00
2010/11/02;1.95;1.96;1.90;1.90;1574159;53621492.00
2010/11/03;1.89;1.90;1.84;1.87;1209748;40102256.00
2010/11/04;1.92;1.97;1.90;1.91;2491404;85589592.00
2010/11/05;1.91;1.95;1.90;1.95;2023913;69362936.00
2010/11/08;1.96;1.99;1.95;1.99;2065888;72419912.00
2010/11/09;2.01;2.05;1.97;2.00;2315067;82604816.00
2010/11/10;1.98;2.04;1.97;2.02;2023063;72205352.00
2010/11/11;2.02;2.05;1.97;1.97;2552573;91953560.00
2010/11/12;1.97;1.99;1.81;1.81;2103617;71304808.00
2010/11/15;1.82;1.87;1.82;1.87;1026207;33767732.00
2010/11/16;1.87;1.91;1.80;1.83;1148012;38094412.00
2010/11/17;1.80;1.87;1.77;1.80;705453;22935074.00
2010/11/18;1.87;1.89;1.82;1.86;516486;17038046.00
2010/11/19;1.88;1.94;1.86;1.93;1336545;45045356.00
2010/11/22;1.92;2.00;1.92;1.96;1912933;66851308.00
2010/11/23;1.94;2.02;1.93;1.99;1653405;58184812.00
2010/11/24;1.97;2.01;1.95;2.00;1678625;59157552.00
2010/11/25;2.00;2.03;1.93;1.95;1443849;50762412.00
2010/11/26;1.96;2.02;1.94;2.00;1788686;63255908.00
2010/11/29;2.00;2.03;1.96;2.02;1769601;62946912.00
2010/11/30;2.00;2.01;1.86;1.92;1462801;50285472.00
2010/12/01;1.92;1.94;1.90;1.92;684425;23406186.00
2010/12/02;1.94;1.98;1.93;1.96;1028362;35644380.00
2010/12/06;1.94;1.96;1.82;1.86;928200;31178684.00
2010/12/07;1.84;1.88;1.83;1.87;447968;14825916.00
2010/12/08;1.87;1.92;1.86;1.87;469528;15773133.00
2010/12/09;1.87;1.87;1.81;1.81;582207;19038858.00
2010/12/10;1.80;1.85;1.80;1.84;343796;11249644.00
2010/12/13;1.84;1.90;1.84;1.90;535992;18003630.00
2010/12/14;1.90;1.93;1.89;1.92;607594;20732940.00
2010/12/15;1.92;1.95;1.91;1.92;732213;25128094.00
2010/12/16;1.92;2.03;1.92;2.01;1928703;67911360.00
2010/12/17;2.08;2.10;2.02;2.05;2976849;108109016.00
2010/12/20;2.03;2.10;1.97;2.09;3008890;109045976.00
2010/12/21;2.09;2.12;2.06;2.10;1590309;58715100.00
2010/12/22;2.09;2.12;2.07;2.10;2165909;80472616.00
2010/12/23;2.09;2.10;2.01;2.03;1242639;45106148.00
2010/12/24;2.01;2.03;1.95;2.03;879562;31100220.00
2010/12/27;2.03;2.05;1.93;1.97;798245;28283152.00
2010/12/28;1.94;1.97;1.88;1.95;630817;21568716.00
2010/12/29;1.93;2.00;1.92;2.00;602416;21203724.00
2010/12/30;1.98;2.01;1.96;1.98;528362;18604168.00
2010/12/31;2.00;2.04;1.98;2.04;698784;25009288.00
2011/01/04;2.04;2.06;2.02;2.04;714115;25877430.00
2011/01/05;2.08;2.17;2.07;2.09;1798227;67565064.00
2011/01/06;2.07;2.17;2.07;2.11;1974181;74448144.00
2011/01/07;2.10;2.10;2.02;2.04;1495178;54509112.00
2011/01/10;2.04;2.04;1.97;1.97;809475;28740350.00
2011/01/11;1.96;1.97;1.91;1.93;635423;21835168.00
2011/01/12;1.93;1.97;1.92;1.97;436396;15086693.00
2011/01/13;1.98;1.98;1.96;1.96;377680;13196911.00
2011/01/14;1.96;1.96;1.90;1.92;393770;13443627.00
2011/01/17;1.90;1.90;1.83;1.84;446503;14751670.00
2011/01/18;1.80;1.85;1.80;1.84;221577;7243810.50
2011/01/19;1.85;1.88;1.84;1.86;452568;14960780.00
2011/01/20;1.87;1.87;1.74;1.77;502802;16195751.00
2011/01/21;1.75;1.81;1.75;1.77;494823;15655157.00
2011/01/24;1.77;1.77;1.67;1.67;553021;16829750.00
2011/01/25;1.67;1.69;1.63;1.69;314471;9315401.00
2011/01/26;1.68;1.71;1.66;1.70;170834;5183748.50
2011/01/27;1.69;1.72;1.63;1.70;620738;18678278.00
2011/01/28;1.70;1.71;1.64;1.69;912885;27234288.00
2011/01/31;1.68;1.70;1.66;1.70;479595;14426371.00
2011/02/01;1.70;1.71;1.68;1.70;392258;11889924.00
2011/02/09;1.69;1.73;1.67;1.71;402261;12259205.00
2011/02/10;1.71;1.77;1.71;1.75;779544;24331384.00
2011/02/11;1.75;1.77;1.74;1.76;563876;17699674.00
2011/02/14;1.77;1.78;1.75;1.77;752648;23685314.00
2011/02/16;1.77;1.79;1.74;1.79;763458;24056340.00
2011/02/17;1.80;1.81;1.77;1.80;1501676;48120312.00
2011/02/18;1.80;1.84;1.74;1.75;1276286;40686812.00
2011/02/21;1.75;1.81;1.75;1.79;1216112;38731996.00
2011/02/22;1.80;1.83;1.78;1.78;1312721;42259084.00
2011/02/23;1.78;1.80;1.76;1.79;647185;20605846.00
2011/02/24;1.78;1.80;1.77;1.79;337211;10750579.00
2011/02/25;1.79;1.82;1.77;1.82;665402;21382960.00
2011/02/28;1.79;1.83;1.78;1.82;805182;25871942.00
2011/03/01;1.82;1.82;1.79;1.80;621889;19977982.00
2011/03/02;1.80;1.80;1.75;1.77;531774;16762390.00
2011/03/03;1.77;1.78;1.69;1.71;618576;19148002.00
2011/03/04;1.71;1.73;1.71;1.73;389560;11936740.00
2011/03/07;1.73;1.75;1.73;1.73;468543;14509174.00
2011/03/08;1.73;1.77;1.73;1.76;637135;19880102.00
2011/03/09;1.76;1.76;1.74;1.75;436773;13633071.00
2011/03/10;1.75;1.76;1.74;1.75;351577;10942422.00
2011/03/11;1.75;1.75;1.72;1.72;496813;15380033.00
2011/03/14;1.72;1.75;1.70;1.75;675311;20721424.00
2011/03/15;1.75;1.75;1.67;1.69;565807;17144136.00
2011/03/16;1.69;1.71;1.69;1.70;483157;14683987.00
2011/03/17;1.70;1.70;1.67;1.67;500628;15036121.00
2011/03/18;1.67;1.70;1.67;1.70;265830;8018935.00
2011/03/21;1.70;1.74;1.70;1.73;803502;24748372.00
2011/03/22;1.73;1.74;1.71;1.74;477940;14752218.00
2011/03/23;1.74;1.76;1.72;1.75;480825;14992927.00
2011/03/24;1.75;1.75;1.73;1.73;437738;13570572.00
2011/03/25;1.73;1.74;1.72;1.73;405016;12483756.00
2011/03/28;1.73;1.73;1.68;1.69;584839;17753752.00
2011/03/29;1.69;1.72;1.68;1.69;454389;13782874.00
2011/03/30;1.70;1.79;1.68;1.73;1038053;32344342.00
2011/03/31;1.73;1.73;1.70;1.70;436589;13270632.00
2011/04/01;1.69;1.71;1.69;1.71;263076;7992067.50
2011/04/06;1.71;1.71;1.67;1.67;491068;14819679.00
2011/04/07;1.67;1.68;1.64;1.65;677003;19938380.00
2011/04/08;1.65;1.68;1.64;1.67;300903;8968675.00
2011/04/11;1.68;1.69;1.64;1.64;359589;10667737.00
2011/04/12;1.65;1.66;1.63;1.64;326728;9599353.00
2011/04/13;1.63;1.66;1.63;1.66;338770;10011041.00
2011/04/14;1.66;1.67;1.64;1.65;307158;9093532.00
2011/04/15;1.64;1.66;1.64;1.66;303751;8969179.00
2011/04/19;1.66;1.67;1.61;1.62;480592;14002916.00
2011/04/20;1.61;1.63;1.61;1.63;251781;7287658.50
2011/04/21;1.63;1.64;1.62;1.63;402400;11698389.00
2011/04/22;1.63;1.64;1.63;1.63;269853;7881572.50
2011/04/25;1.63;1.65;1.62;1.62;336731;9862079.00
2011/04/26;1.62;1.64;1.53;1.53;542048;15086800.00
2011/04/27;1.53;1.55;1.48;1.52;274548;7471617.50
2011/04/28;1.51;1.56;1.47;1.47;301857;8089879.00
2011/04/29;1.49;1.49;1.41;1.43;432959;8564126.00
2011/05/03;1.44;1.44;1.36;1.43;459199;8903679.00
2011/05/04;1.40;1.42;1.39;1.39;249400;4835974.50
2011/05/05;1.39;1.41;1.38;1.39;132144;2555843.50
2011/05/06;1.38;1.40;1.37;1.40;228676;4408370.00
2011/05/09;1.41;1.43;1.40;1.43;311132;6100285.00
2011/05/10;1.43;1.48;1.43;1.46;417671;8460138.00
2011/05/11;1.46;1.46;1.42;1.43;331606;6565775.00
2011/05/12;1.50;1.58;1.46;1.46;1624808;33929624.00
2011/05/13;1.40;1.46;1.40;1.43;634377;12498875.00
2011/05/16;1.43;1.43;1.39;1.39;466932;9101248.00
2011/05/17;1.39;1.40;1.36;1.39;415440;7945157.50
2011/05/18;1.38;1.40;1.38;1.39;205910;3966836.75
2011/05/19;1.39;1.40;1.38;1.38;241225;4654004.00
2011/05/20;1.38;1.39;1.36;1.37;255961;4865189.50
2011/05/23;1.36;1.36;1.27;1.27;418048;7607456.50
2011/05/24;1.27;1.29;1.26;1.28;286573;5064113.00
2011/05/25;1.28;1.30;1.26;1.27;280524;5004961.50
2011/05/26;1.30;1.30;1.24;1.24;217263;3823034.25
2011/05/27;1.22;1.32;1.22;1.24;344724;6086657.50
2011/05/30;1.24;1.24;1.14;1.19;230070;3868327.75
2011/05/31;1.19;1.22;1.15;1.22;321104;5370334.50
2011/06/01;1.22;1.23;1.21;1.23;233175;3973284.25
2011/06/02;1.21;1.21;1.16;1.17;256870;4225139.50
2011/06/03;1.18;1.25;1.18;1.24;519676;8856465.00
2011/06/07;1.23;1.31;1.23;1.28;986509;17584198.00
2011/06/08;1.28;1.33;1.28;1.29;970997;17653074.00
2011/06/09;1.29;1.31;1.27;1.29;365540;6529533.00
2011/06/10;1.29;1.38;1.27;1.37;1328516;24700026.00
2011/06/13;1.35;1.39;1.35;1.37;890814;17002274.00
2011/06/14;1.34;1.38;1.34;1.37;743643;14068217.00
2011/06/15;1.36;1.37;1.34;1.36;393317;7394732.00
2011/06/16;1.35;1.35;1.31;1.32;398258;7350712.50
2011/06/17;1.32;1.34;1.31;1.32;176754;3235120.25
2011/06/20;1.31;1.33;1.28;1.31;207135;3761771.75
2011/06/21;1.31;1.32;1.29;1.32;525516;9490167.00
2011/06/22;1.33;1.46;1.32;1.46;3199157;63293356.00
2011/06/23;1.43;1.45;1.40;1.44;2306447;45659732.00
2011/06/24;1.44;1.52;1.41;1.48;2692971;54470828.00
2011/06/27;1.48;1.53;1.45;1.50;2782679;56983192.00
2011/06/28;1.50;1.50;1.46;1.47;1124891;22924156.00
2011/06/29;1.47;1.49;1.43;1.43;991080;19963306.00
2011/06/30;1.43;1.47;1.43;1.45;892131;17946970.00
2011/07/01;1.46;1.46;1.43;1.44;1006535;20156718.00
2011/07/04;1.44;1.52;1.44;1.49;1895352;38920060.00
2011/07/05;1.49;1.51;1.47;1.49;1065808;21843802.00
2011/07/06;1.51;1.54;1.48;1.50;1740227;36375612.00
2011/07/07;1.49;1.49;1.45;1.48;1634321;33224394.00
2011/07/08;1.48;1.50;1.45;1.49;1052250;21459956.00
2011/07/11;1.48;1.50;1.47;1.48;754141;15469401.00
2011/07/12;1.46;1.47;1.41;1.41;1046078;20797834.00
2011/07/13;1.41;1.44;1.41;1.44;785642;15492977.00
2011/07/14;1.44;1.47;1.43;1.46;921622;18509920.00
2011/07/15;1.46;1.51;1.45;1.50;1243617;25600942.00
2011/07/18;1.50;1.52;1.48;1.51;1157163;23999696.00
2011/07/19;1.50;1.50;1.46;1.50;787279;16200478.00
2011/07/20;1.56;1.58;1.52;1.55;2447482;52346844.00
2011/07/21;1.52;1.57;1.52;1.52;1251352;26748848.00
2011/07/22;1.52;1.54;1.49;1.51;664762;13844829.00
2011/07/25;1.50;1.53;1.44;1.44;630333;12890704.00
2011/07/26;1.44;1.47;1.32;1.39;523990;10143220.00
2011/07/27;1.38;1.41;1.37;1.41;468869;9012070.00
2011/07/28;1.39;1.42;1.38;1.41;319466;6208009.50
2011/07/29;1.40;1.41;1.37;1.38;401046;7689958.50
2011/08/01;1.37;1.38;1.36;1.37;271768;5168951.50
2011/08/02;1.37;1.37;1.33;1.36;263840;4942060.00
2011/08/03;1.35;1.47;1.35;1.46;1117276;22085992.00
2011/08/04;1.45;1.48;1.43;1.48;1051037;21161232.00
2011/08/05;1.43;1.51;1.40;1.51;1798692;36767384.00
2011/08/08;1.54;1.63;1.51;1.57;4866642;105882512.00
2011/08/09;1.49;1.62;1.41;1.62;3474655;73775432.00
2011/08/10;1.63;1.73;1.60;1.68;3576884;82388088.00
2011/08/11;1.65;1.71;1.63;1.68;1984066;45537552.00
2011/08/12;1.68;1.70;1.65;1.67;1770729;40740444.00
2011/08/15;1.65;1.72;1.64;1.65;1535006;35353324.00
2011/08/16;1.64;1.66;1.57;1.57;1873894;41333860.00
2011/08/17;1.58;1.62;1.58;1.60;1113974;24533284.00
2011/08/18;1.60;1.60;1.54;1.55;1198702;25761656.00
2011/08/19;1.54;1.62;1.54;1.58;1651571;36108996.00
2011/08/22;1.57;1.63;1.56;1.57;1460436;32198892.00
2011/08/23;1.58;1.64;1.58;1.64;1879209;41745340.00
2011/08/24;1.65;1.66;1.61;1.62;1359516;30509094.00
2011/08/25;1.62;1.63;1.58;1.62;823043;18255870.00
2011/08/26;1.62;1.63;1.61;1.62;571011;12737842.00
2011/08/29;1.61;1.66;1.60;1.65;921939;20764640.00
2011/08/30;1.64;1.67;1.61;1.62;925894;20859632.00
2011/08/31;1.62;1.63;1.56;1.56;616237;13384420.00
2011/09/01;1.58;1.58;1.55;1.56;343240;7411124.00
2011/09/02;1.54;1.60;1.52;1.59;388924;8356067.00
2011/09/05;1.56;1.57;1.50;1.50;415185;8776609.00
2011/09/06;1.48;1.51;1.44;1.45;531142;10706273.00
2011/09/07;1.47;1.48;1.43;1.48;630387;12777221.00
2011/09/08;1.56;1.56;1.46;1.46;827747;17302916.00
2011/09/09;1.44;1.47;1.43;1.43;449828;8964036.00
2011/09/13;1.40;1.42;1.37;1.38;383261;7397131.50
2011/09/14;1.39;1.41;1.36;1.40;412456;7920224.00
2011/09/15;1.41;1.45;1.40;1.43;721999;14322886.00
2011/09/16;1.44;1.45;1.42;1.43;339775;6752451.00
2011/09/19;1.43;1.43;1.39;1.39;184480;3595646.75
2011/09/20;1.39;1.43;1.39;1.41;151245;2961070.25
2011/09/21;1.42;1.46;1.40;1.45;333079;6648127.00
2011/09/22;1.45;1.45;1.38;1.39;342973;6758523.00
2011/09/23;1.37;1.37;1.34;1.35;393402;7378686.50
2011/09/26;1.35;1.38;1.34;1.35;156209;2931333.00
2011/09/27;1.37;1.38;1.33;1.34;272790;5100470.50
2011/09/28;1.36;1.36;1.32;1.33;177788;3316460.50
2011/09/29;1.32;1.32;1.20;1.20;539620;9344002.00
2011/09/30;1.23;1.23;1.17;1.20;214030;3572063.00
2011/10/10;1.22;1.22;1.19;1.20;218972;3663863.25
2011/10/11;1.24;1.28;1.17;1.19;347371;5906532.00
2011/10/12;1.20;1.24;1.18;1.24;284723;4872062.00
2011/10/13;1.24;1.27;1.23;1.26;345335;6035273.50
2011/10/14;1.26;1.27;1.24;1.25;183011;3181753.25
2011/10/17;1.29;1.38;1.25;1.38;1373861;25473490.00
2011/10/18;1.38;1.44;1.35;1.36;1776300;34547224.00
2011/10/19;1.36;1.40;1.32;1.36;687445;13013667.00
2011/10/20;1.36;1.39;1.28;1.32;1031162;18999310.00
2011/10/21;1.32;1.33;1.28;1.29;370187;6696008.00
2011/10/24;1.29;1.32;1.23;1.32;537846;9537639.00
2011/10/25;1.31;1.38;1.30;1.37;679175;12706780.00
2011/10/26;1.35;1.41;1.35;1.37;750815;14446188.00
2011/10/27;1.37;1.42;1.36;1.37;803918;15460699.00
2011/10/28;1.39;1.43;1.37;1.42;1332908;25831066.00
2011/10/31;1.42;1.48;1.41;1.46;1083442;21724278.00
2011/11/01;1.44;1.48;1.42;1.45;808120;16224839.00
2011/11/02;1.41;1.52;1.40;1.51;1635304;33582704.00
2011/11/03;1.53;1.58;1.52;1.53;3002708;64248932.00
2011/11/04;1.52;1.55;1.49;1.52;1088982;22757694.00
2011/11/07;1.51;1.51;1.46;1.50;598110;12295069.00
2011/11/08;1.48;1.52;1.43;1.44;927958;18873176.00
2011/11/09;1.44;1.48;1.42;1.47;755780;15158744.00
2011/11/10;1.46;1.55;1.44;1.51;1707782;35640532.00
2011/11/11;1.49;1.51;1.46;1.47;685443;13991611.00
2011/11/14;1.49;1.52;1.48;1.51;624435;12972113.00
2011/11/15;1.51;1.57;1.51;1.56;1218994;25894812.00
2011/11/16;1.56;1.57;1.48;1.48;1070684;22572754.00
2011/11/17;1.50;1.53;1.47;1.49;498159;10326378.00
2011/11/18;1.48;1.53;1.44;1.46;895083;18302904.00
2011/11/21;1.46;1.48;1.41;1.47;502667;10063983.00
2011/11/22;1.45;1.46;1.42;1.45;397569;7936469.00
2011/11/23;1.47;1.47;1.44;1.46;416751;8390490.00
2011/11/24;1.45;1.57;1.43;1.53;932554;19266600.00
2011/11/25;1.51;1.60;1.51;1.58;2492212;53684928.00
2011/11/28;1.58;1.58;1.53;1.55;1138076;24265550.00
2011/11/29;1.56;1.57;1.51;1.56;1087166;23128676.00
2011/11/30;1.55;1.57;1.44;1.45;1167135;24022178.00
2011/12/01;1.50;1.51;1.47;1.48;911913;18782562.00
2011/12/02;1.46;1.47;1.44;1.45;615804;12343698.00
2011/12/05;1.45;1.45;1.36;1.38;558582;10809552.00
2011/12/06;1.35;1.38;1.27;1.31;1268154;23094822.00
2011/12/07;1.30;1.33;1.30;1.32;621504;11365826.00
2011/12/08;1.31;1.34;1.29;1.31;577742;10555942.00
2011/12/09;1.31;1.32;1.26;1.27;553328;9923265.00
2011/12/12;1.26;1.28;1.26;1.26;265966;4699870.00
2011/12/13;1.25;1.26;1.23;1.24;356948;6171693.50
2011/12/14;1.23;1.25;1.21;1.23;386398;6637855.50
2011/12/15;1.23;1.25;1.20;1.24;425852;7317986.50
2011/12/16;1.24;1.29;1.23;1.29;565927;9959638.00
2011/12/19;1.28;1.31;1.27;1.30;505806;9080139.00
2011/12/20;1.31;1.32;1.29;1.30;613464;11164417.00
2011/12/21;1.32;1.32;1.25;1.26;465065;8361430.00
2011/12/22;1.26;1.31;1.20;1.30;596202;10502197.00
2011/12/23;1.29;1.37;1.29;1.33;848389;15811898.00
2011/12/26;1.30;1.34;1.28;1.28;496940;9012455.00
2011/12/27;1.28;1.28;1.20;1.20;645581;11031858.00
2011/12/28;1.18;1.24;1.18;1.24;642436;10826372.00
2011/12/29;1.23;1.25;1.22;1.22;542547;9349351.00
2011/12/30;1.23;1.23;1.18;1.22;704977;11959338.00
2012/01/04;1.24;1.24;1.17;1.17;652877;11064877.00
2012/01/05;1.16;1.16;1.04;1.04;1015678;15467412.00
2012/01/06;1.03;1.04;0.94;1.00;1278442;17602646.00
2012/01/09;0.99;1.04;0.96;1.04;845579;12094112.00
2012/01/10;1.04;1.10;1.04;1.09;1183550;17862248.00
2012/01/11;1.10;1.13;1.07;1.10;1136530;17714048.00
2012/01/12;1.08;1.11;1.08;1.08;546430;8384795.50
2012/01/13;1.08;1.09;1.00;1.00;770488;11245701.00
2012/01/16;0.99;1.00;0.94;0.95;582172;8016734.00
2012/01/17;0.94;1.01;0.94;1.01;641268;8889066.00
2012/01/18;1.00;1.03;0.99;1.01;1260734;17991410.00
2012/01/19;1.00;1.12;1.00;1.02;871110;12531902.00
2012/01/20;1.03;1.03;0.98;1.01;914833;12956776.00
2012/01/30;1.03;1.04;1.01;1.03;800249;11581602.00
2012/01/31;1.04;1.05;1.03;1.03;463463;6759598.50
2012/02/01;1.03;1.03;0.99;1.00;665702;9488334.00
2012/02/02;1.00;1.02;0.98;1.02;637284;8982926.00
2012/02/03;1.01;1.04;1.01;1.04;934780;13533995.00
2012/02/06;1.05;1.07;1.03;1.06;930825;13733104.00
2012/02/07;1.05;1.09;1.04;1.05;1269185;19042552.00
2012/02/08;1.05;1.09;1.04;1.08;942837;14140654.00
2012/02/09;1.08;1.13;1.07;1.10;1492348;23120886.00
2012/02/10;1.10;1.12;1.09;1.11;780219;12085181.00
2012/02/13;1.10;1.12;1.09;1.12;745417;11608890.00
2012/02/14;1.12;1.12;1.10;1.11;563854;8780209.00
2012/02/15;1.11;1.15;1.10;1.14;1004016;15918233.00
2012/02/16;1.13;1.14;1.11;1.12;720581;11355737.00
2012/02/17;1.12;1.14;1.11;1.12;905548;14266225.00
2012/02/20;1.15;1.16;1.13;1.15;1036463;16661972.00
2012/02/21;1.15;1.18;1.14;1.18;1640151;26813464.00
2012/02/22;1.18;1.22;1.17;1.22;1459356;24585934.00
2012/02/23;1.21;1.25;1.19;1.22;1250541;21332684.00
2012/02/24;1.23;1.24;1.21;1.23;1043348;17807926.00
2012/02/27;1.24;1.29;1.23;1.27;1585447;27896226.00
2012/02/28;1.24;1.24;1.19;1.20;2689986;45261676.00
2012/02/29;1.17;1.22;1.15;1.16;1999334;32541740.00
2012/03/01;1.15;1.20;1.15;1.17;1502625;24766594.00
2012/03/02;1.19;1.20;1.18;1.20;1136461;18916566.00
2012/03/05;1.22;1.28;1.22;1.24;2397999;41600456.00
2012/03/06;1.24;1.28;1.22;1.27;2251949;39270800.00
2012/03/07;1.26;1.33;1.24;1.30;2817754;50767380.00
2012/03/08;1.30;1.31;1.28;1.31;1482543;26658414.00
2012/03/09;1.31;1.32;1.28;1.30;1690521;30300654.00
2012/03/12;1.30;1.32;1.28;1.31;1478536;26647200.00
2012/03/13;1.31;1.32;1.28;1.30;1175474;21215146.00
2012/03/14;1.30;1.37;1.24;1.28;2762330;50997664.00
2012/03/15;1.26;1.32;1.24;1.32;1615671;28799110.00
2012/03/16;1.31;1.36;1.29;1.36;2011059;37222396.00
2012/03/19;1.36;1.40;1.31;1.37;2405951;44742660.00
2012/03/21;1.35;1.35;1.28;1.29;1859794;33944400.00
2012/03/22;1.29;1.31;1.25;1.26;1013873;17903740.00
2012/03/23;1.26;1.27;1.19;1.20;1183584;20220064.00
2012/03/26;1.20;1.21;1.17;1.21;769236;12728514.00
2012/03/27;1.21;1.21;1.18;1.18;686547;11471813.00
2012/03/28;1.17;1.18;1.10;1.12;957029;15163516.00
2012/03/29;1.11;1.11;1.07;1.07;680489;10394655.00
2012/03/30;1.11;1.12;1.07;1.09;659021;10047283.00
2012/04/05;1.09;1.12;1.09;1.12;972040;15151848.00
2012/04/06;1.12;1.13;1.11;1.12;768919;12067290.00
2012/04/09;1.12;1.12;1.10;1.11;419513;6539518.00
2012/04/10;1.09;1.11;1.03;1.08;878101;12964787.00
2012/04/11;1.07;1.10;1.05;1.08;960204;14263197.00
2012/04/12;1.07;1.11;1.06;1.11;1186180;17862832.00
2012/04/13;1.11;1.13;1.10;1.12;1205623;18614064.00
2012/04/16;1.11;1.13;1.10;1.11;683806;10540343.00
2012/04/17;1.11;1.13;1.09;1.12;865835;13322472.00
2012/04/18;1.12;1.15;1.11;1.15;1373937;21524794.00
2012/04/19;1.15;1.16;1.13;1.14;776356;12263511.00
2012/04/20;1.14;1.15;1.14;1.15;727506;11539675.00
2012/04/23;1.15;1.15;1.08;1.08;1132563;17362746.00
2012/04/24;1.06;1.09;1.01;1.06;1126316;16383034.00
2012/04/25;1.06;1.08;1.04;1.08;850180;12532826.00
2012/04/26;1.07;1.09;1.06;1.07;476626;7096676.50
2012/04/27;1.08;1.10;1.06;1.09;505482;7569607.50
2012/05/02;1.10;1.11;1.09;1.10;669729;10171697.00
2012/05/03;1.10;1.13;1.08;1.13;1049175;16212387.00
2012/05/04;1.19;1.25;1.18;1.25;3816168;65625008.00
2012/05/07;1.25;1.31;1.23;1.29;6164531;107784896.00
2012/05/08;1.23;1.29;1.23;1.24;2952443;51095388.00
2012/05/09;1.24;1.28;1.20;1.26;3141818;53991860.00
2012/05/10;1.25;1.34;1.25;1.31;4185651;74941608.00
2012/05/11;1.30;1.36;1.29;1.31;2753721;50180616.00
2012/05/14;1.32;1.33;1.28;1.30;1759900;31546172.00
2012/05/15;1.28;1.33;1.25;1.31;1785475;31405518.00
2012/05/16;1.30;1.32;1.28;1.28;1033003;18514844.00
2012/05/17;1.27;1.32;1.27;1.31;1022108;18189080.00
2012/05/18;1.31;1.35;1.29;1.31;1748182;31751546.00
2012/05/21;1.32;1.34;1.30;1.31;1165243;21042956.00
2012/05/22;1.32;1.38;1.31;1.34;2191090;40672064.00
2012/05/23;1.34;1.40;1.33;1.39;2385379;44805304.00
2012/05/24;1.38;1.41;1.35;1.36;1629519;30797658.00
2012/05/28;1.33;1.34;1.27;1.34;1416267;25450674.00
2012/05/29;1.32;1.41;1.32;1.40;1918869;36262064.00
2012/05/30;1.41;1.43;1.38;1.39;1504781;28943972.00
2012/05/31;1.38;1.42;1.36;1.41;1173178;22563792.00
2012/06/01;1.42;1.42;1.39;1.40;751533;14453598.00
2012/06/04;1.38;1.38;1.33;1.34;1012971;18804220.00
2012/06/05;1.33;1.35;1.29;1.31;959050;17306510.00
2012/06/06;1.32;1.32;1.30;1.30;472640;8513811.00
2012/06/07;1.32;1.32;1.31;1.32;627762;11383277.00
2012/06/08;1.33;1.37;1.33;1.36;818076;15174112.00
2012/06/11;1.35;1.41;1.35;1.40;788138;14995359.00
2012/06/12;1.38;1.44;1.38;1.42;918497;17799176.00
2012/06/13;1.43;1.44;1.42;1.42;924490;18100084.00
2012/06/14;1.42;1.46;1.41;1.44;1274092;25244524.00
2012/06/15;1.43;1.45;1.39;1.44;1197577;23255390.00
2012/06/18;1.45;1.45;1.42;1.44;1131165;22195266.00
2012/06/19;1.47;1.53;1.47;1.49;1581175;32436624.00
2012/06/20;1.50;1.53;1.50;1.52;1182782;24500044.00
2012/06/21;1.50;1.50;1.44;1.46;1066767;21288142.00
2012/06/25;1.45;1.46;1.42;1.42;413172;8139437.00
2012/06/26;1.41;1.45;1.38;1.42;720006;14060963.00
2012/06/27;1.42;1.44;1.39;1.43;611832;12000346.00
2012/06/28;1.43;1.45;1.41;1.43;315649;6180354.00
2012/06/29;1.41;1.46;1.41;1.45;557951;10917188.00
2012/07/02;1.47;1.57;1.46;1.54;1616883;33630028.00
2012/07/03;1.54;1.54;1.51;1.52;716340;14935623.00
2012/07/04;1.52;1.54;1.47;1.48;893094;18239822.00
2012/07/05;1.48;1.50;1.45;1.50;579919;11793996.00
2012/07/06;1.50;1.51;1.45;1.50;469146;9513235.00
2012/07/09;1.50;1.55;1.48;1.48;736763;15244910.00
2012/07/10;1.47;1.49;1.43;1.45;725397;14422281.00
2012/07/11;1.43;1.45;1.39;1.42;835493;16122339.00
2012/07/12;1.41;1.53;1.41;1.50;1068648;21619920.00
2012/07/13;1.50;1.55;1.50;1.55;923929;19349800.00
2012/07/16;1.57;1.61;1.51;1.53;1017118;21719870.00
2012/07/17;1.50;1.54;1.49;1.53;407169;8417889.00
2012/07/18;1.54;1.58;1.54;1.58;1072537;22953352.00
2012/07/19;1.58;1.60;1.56;1.60;1302021;28209578.00
2012/07/20;1.59;1.62;1.59;1.60;786179;17172720.00
2012/07/23;1.60;1.61;1.51;1.57;1080305;23006806.00
2012/07/24;1.57;1.62;1.55;1.55;1136507;24591070.00
2012/07/25;1.57;1.57;1.53;1.53;656820;13920553.00
2012/07/26;1.52;1.63;1.52;1.60;1359047;29470036.00
2012/07/27;1.62;1.65;1.55;1.61;1172926;25544798.00
2012/07/30;1.58;1.62;1.55;1.56;491954;10601498.00
2012/07/31;1.56;1.57;1.50;1.54;636555;13355152.00
2012/08/01;1.53;1.61;1.53;1.60;994098;21604866.00
2012/08/02;1.60;1.61;1.55;1.57;345981;7447382.50
2012/08/03;1.59;1.60;1.56;1.59;737620;15923792.00
2012/08/06;1.58;1.65;1.58;1.65;1295515;28772536.00
2012/08/07;1.67;1.68;1.63;1.65;576086;13007726.00
2012/08/08;1.65;1.72;1.63;1.72;1161012;26694846.00
2012/08/09;1.73;1.81;1.71;1.79;2259019;54621820.00
2012/08/10;1.80;1.80;1.75;1.77;1580604;38236600.00
2012/08/13;1.78;1.81;1.77;1.78;950383;22976866.00
2012/08/14;1.76;1.83;1.75;1.83;1174591;28659874.00
2012/08/15;1.83;1.88;1.80;1.88;977406;24814376.00
2012/08/16;1.87;1.92;1.76;1.78;992779;24642058.00
2012/08/17;1.76;1.91;1.75;1.86;873712;21587634.00
2012/08/20;1.85;1.85;1.77;1.83;630052;15540312.00
2012/08/21;1.83;1.87;1.81;1.87;1944332;48868552.00
2012/08/22;1.87;1.95;1.80;1.80;3386703;86468336.00
2012/08/23;1.77;1.85;1.77;1.80;978528;24029598.00
2012/08/24;1.80;1.81;1.73;1.76;886852;21157144.00
2012/08/27;1.77;1.88;1.74;1.84;1949669;48609772.00
2012/08/28;1.82;1.88;1.76;1.88;820796;20431628.00
2012/08/29;1.87;1.94;1.84;1.89;1333405;34543960.00
2012/08/30;1.88;1.91;1.74;1.78;1035409;25455808.00
2012/08/31;1.80;1.81;1.76;1.81;607943;14759192.00
2012/09/03;1.80;1.83;1.78;1.82;540801;13299090.00
2012/09/04;1.82;1.92;1.81;1.87;1508347;38487292.00
2012/09/05;1.85;1.95;1.85;1.93;1416742;36750504.00
2012/09/06;2.02;2.12;1.95;1.97;1893700;51365044.00
2012/09/07;1.99;2.10;1.95;2.10;2247100;61921396.00
2012/09/10;2.10;2.10;2.03;2.08;1461570;40920940.00
2012/09/11;2.05;2.10;2.03;2.04;1127332;31410550.00
2012/09/12;2.05;2.07;2.02;2.07;617856;17161176.00
2012/09/13;2.06;2.07;1.98;1.98;574710;15717910.00
2012/09/14;1.97;2.01;1.88;1.97;1094824;28819660.00
2012/09/17;1.97;1.97;1.90;1.90;518103;13462278.00
2012/09/18;1.89;1.95;1.86;1.93;475073;12438982.00
2012/09/19;1.94;1.98;1.91;1.97;410217;10858539.00
2012/09/20;2.00;2.02;1.88;1.91;560600;14936381.00
2012/09/21;1.91;1.95;1.88;1.90;338167;8729116.00
2012/09/24;1.90;1.91;1.84;1.89;262224;6677211.50
2012/09/25;1.89;1.89;1.85;1.85;344322;8691377.00
2012/09/26;1.85;1.87;1.78;1.86;274949;6811284.00
2012/09/27;1.86;1.93;1.80;1.88;337345;8606697.00
2012/09/28;1.89;1.94;1.87;1.94;327282;8524671.00
2012/10/08;1.91;1.94;1.87;1.92;193223;5008360.00
2012/10/09;1.95;2.04;1.92;2.04;960540;26209524.00
2012/10/10;2.04;2.06;2.02;2.05;718698;19891942.00
2012/10/11;2.05;2.08;2.02;2.03;766526;21218186.00
2012/10/12;2.05;2.06;1.96;2.01;813829;22077688.00
2012/10/15;2.02;2.03;1.97;2.01;535352;14500363.00
2012/10/16;2.01;2.06;1.93;2.05;1613543;22054344.00
2012/10/17;2.05;2.15;1.99;2.12;2906655;41260696.00
2012/10/18;2.12;2.15;2.08;2.10;2359823;33848768.00
2012/10/19;2.08;2.11;2.03;2.10;1365631;19086102.00
2012/10/22;2.07;2.10;2.04;2.09;1010724;14198098.00
2012/10/23;2.08;2.10;2.03;2.05;903782;12626132.00
2012/10/24;2.03;2.06;1.99;2.00;827278;11319728.00
2012/10/25;2.00;2.05;1.98;2.03;890445;12123497.00
2012/10/26;2.02;2.05;1.99;2.03;553981;7574328.00
2012/10/29;2.05;2.23;2.05;2.23;4886784;71492312.00
2012/10/30;2.19;2.22;2.14;2.16;2881745;42436412.00
2012/10/31;2.15;2.26;2.13;2.24;2754903;41023940.00
2012/11/01;2.25;2.34;2.22;2.24;3950563;60547908.00
2012/11/02;2.23;2.24;2.17;2.20;2175140;32231944.00
2012/11/05;2.20;2.22;2.15;2.15;1752204;25840952.00
2012/11/06;2.18;2.24;2.09;2.24;2554047;37268308.00
2012/11/07;2.14;2.18;2.09;2.14;4663174;67468680.00
2012/11/08;2.10;2.14;2.07;2.09;1878302;26878080.00
2012/11/09;2.08;2.12;2.07;2.08;2019606;28603458.00
2012/11/12;2.09;2.10;2.00;2.03;1729864;23961704.00
2012/11/13;2.03;2.03;1.93;1.99;1133349;15289528.00
2012/11/14;1.98;2.03;1.96;2.03;1141486;15513732.00
2012/11/15;2.01;2.04;1.98;2.00;824939;11205850.00
2012/11/16;1.96;2.02;1.96;1.98;464102;6236382.00
2012/11/19;1.97;2.01;1.96;2.00;551151;7432208.00
2012/11/20;2.03;2.03;1.97;1.97;733060;9906280.00
2012/11/21;1.96;1.98;1.93;1.96;1125410;14863533.00
2012/11/22;1.97;1.97;1.91;1.91;1185821;15612302.00
2012/11/23;1.90;1.96;1.86;1.91;1537490;19972646.00
2012/11/26;1.87;1.95;1.87;1.90;1167915;15198981.00
2012/11/27;1.89;1.95;1.89;1.95;1664961;21748768.00
2012/11/28;1.98;2.13;1.95;2.04;3363071;46183644.00
2012/11/29;1.99;2.00;1.86;1.90;3811306;50061836.00
2012/11/30;1.86;1.94;1.79;1.94;2444643;30513740.00
2012/12/03;1.91;1.99;1.88;1.88;1605327;21174836.00
2012/12/04;1.86;1.94;1.84;1.94;1475354;18850596.00
2012/12/05;1.94;2.05;1.92;2.01;2478721;33476156.00
2012/12/06;2.08;2.13;2.05;2.05;5119609;71836304.00
2012/12/07;2.04;2.12;2.00;2.10;4143166;58009004.00
2012/12/10;2.13;2.18;2.07;2.13;3732608;53791432.00
2012/12/11;2.10;2.13;2.07;2.07;2160619;30553224.00
2012/12/12;2.05;2.07;2.02;2.05;1670033;23080136.00
2012/12/13;2.05;2.06;2.00;2.00;1144730;15722264.00
2012/12/14;2.01;2.12;2.00;2.08;2456506;34437732.00
2012/12/17;2.12;2.18;2.09;2.13;4531241;65956524.00
2012/12/18;2.13;2.17;2.02;2.05;4384699;61581404.00
2012/12/19;2.04;2.09;2.03;2.08;1896344;26448332.00
2012/12/20;2.07;2.07;2.02;2.05;1933200;26759168.00
2012/12/21;2.05;2.19;2.02;2.18;4582751;65309780.00
2012/12/24;2.14;2.32;2.13;2.31;7591242;114897320.00
2012/12/25;2.31;2.39;2.29;2.33;7348927;116196032.00
2012/12/26;2.32;2.45;2.31;2.42;5450878;88014824.00
2012/12/27;2.42;2.42;2.34;2.35;3680180;58814720.00
2012/12/28;2.35;2.44;2.31;2.43;3466590;55529572.00
2012/12/31;2.42;2.50;2.35;2.50;5594125;91407960.00
2013/01/04;2.52;2.52;2.39;2.41;4055137;66504452.00
2013/01/07;2.42;2.43;2.34;2.42;4345781;69694544.00
2013/01/08;2.41;2.49;2.35;2.46;4485438;73579016.00
2013/01/09;2.46;2.49;2.40;2.45;5175944;85501176.00
2013/01/10;2.45;2.46;2.39;2.41;3605352;58881228.00
2013/01/11;2.41;2.42;2.31;2.32;3650827;58079828.00
2013/01/14;2.30;2.47;2.29;2.46;5266262;85594592.00
2013/01/15;2.46;2.58;2.46;2.52;5613229;95257944.00
2013/01/16;2.50;2.52;2.43;2.47;3143075;52493308.00
2013/01/17;2.47;2.51;2.45;2.48;2728664;45666044.00
2013/01/18;2.49;2.50;2.42;2.50;2601963;43391884.00
2013/01/21;2.50;2.64;2.50;2.60;5052762;87717176.00
2013/01/22;2.60;2.61;2.46;2.50;3620651;61799904.00
2013/01/23;2.47;2.55;2.41;2.54;3818841;63490140.00
2013/01/24;2.52;2.54;2.34;2.35;4445629;73152936.00
2013/01/25;2.33;2.39;2.32;2.32;2561626;40672472.00
2013/01/28;2.32;2.44;2.32;2.37;4067084;64975152.00
2013/01/29;2.37;2.44;2.37;2.41;3535927;57475740.00
2013/01/30;2.46;2.56;2.44;2.51;7702779;129648896.00
2013/01/31;2.53;2.56;2.46;2.51;4282805;72147608.00
2013/02/01;2.50;2.50;2.47;2.49;2291088;38367440.00
2013/02/04;2.51;2.55;2.43;2.43;2985786;49612244.00
2013/02/05;2.42;2.42;2.34;2.41;2943049;47336448.00
2013/02/06;2.41;2.43;2.38;2.41;1633487;26578772.00
2013/02/07;2.41;2.50;2.37;2.50;4254367;70362552.00
2013/02/08;2.51;2.59;2.48;2.56;4999071;85640760.00
2013/02/18;2.57;2.62;2.51;2.57;3311829;57332780.00
2013/02/19;2.57;2.66;2.53;2.55;3644365;63304168.00
2013/02/20;2.55;2.73;2.55;2.70;6603083;117961216.00
2013/02/21;2.68;2.74;2.63;2.70;4807821;86629832.00
2013/02/22;2.70;2.75;2.64;2.64;2803926;50618212.00
2013/02/25;2.65;2.70;2.57;2.66;3065919;54624916.00
2013/02/26;2.65;2.74;2.61;2.69;4007736;72632968.00
2013/02/27;2.69;2.77;2.66;2.75;4010387;73670520.00
2013/02/28;2.76;2.80;2.71;2.75;3963708;73138056.00
2013/03/01;2.75;2.94;2.72;2.93;5024118;95227640.00
2013/03/04;2.91;2.99;2.82;2.87;6346592;124841144.00
2013/03/05;2.88;2.99;2.83;2.99;3873619;75520072.00
2013/03/06;2.99;3.10;2.95;2.99;3684888;74624736.00
2013/03/07;2.93;2.93;2.69;2.69;8113211;150603616.00
2013/03/08;2.60;2.65;2.48;2.63;7913102;136553680.00
2013/03/11;2.57;2.59;2.54;2.56;3923697;67803096.00
2013/03/12;2.56;2.62;2.52;2.53;3715319;64399856.00
2013/03/13;2.50;2.53;2.36;2.46;5473392;89180000.00
2013/03/14;2.43;2.69;2.42;2.62;7492070;130494280.00
2013/03/15;2.60;2.67;2.57;2.58;5144678;90724736.00
2013/03/18;2.56;2.56;2.49;2.53;2013458;34301268.00
2013/03/19;2.55;2.64;2.54;2.62;4166347;72854304.00
2013/03/20;2.62;2.67;2.62;2.65;2926773;52160084.00
2013/03/21;2.67;2.76;2.64;2.74;3884143;71138880.00
2013/03/22;2.74;2.78;2.70;2.71;2052152;37846780.00
2013/03/25;2.70;2.73;2.60;2.67;2741556;48577348.00
2013/03/26;2.64;2.67;2.60;2.65;1474120;26133074.00
2013/03/27;2.63;2.68;2.61;2.62;1368527;24308690.00
2013/03/28;2.60;2.62;2.51;2.52;1817006;31178568.00
2013/03/29;2.53;2.60;2.52;2.54;1224900;21030788.00
2013/04/01;2.58;2.70;2.54;2.70;3019817;53967216.00
2013/04/02;2.71;2.78;2.64;2.64;3021859;55332816.00
2013/04/03;2.65;2.76;2.62;2.75;3086934;56505592.00
2013/04/08;2.70;2.86;2.67;2.85;3962996;74094128.00
2013/04/09;2.85;2.90;2.81;2.87;3816554;73427992.00
2013/04/10;2.83;2.87;2.71;2.78;3104117;58065388.00
2013/04/11;2.79;2.82;2.75;2.77;1744762;32759392.00
2013/04/12;2.79;2.82;2.74;2.79;1575785;29469720.00
2013/04/15;2.78;2.79;2.69;2.77;1356390;25094550.00
2013/04/16;2.73;2.83;2.70;2.83;1669414;31037060.00
2013/04/17;2.85;2.89;2.81;2.88;2071353;39802164.00
2013/04/18;2.88;2.90;2.83;2.85;1693139;32594706.00
2013/04/19;2.88;2.91;2.85;2.88;2632390;51045724.00
2013/04/22;2.88;2.99;2.84;2.97;2919999;57578392.00
2013/04/23;2.97;3.00;2.81;2.81;2822719;54876444.00
2013/04/24;2.78;2.87;2.77;2.82;2527867;47953704.00
2013/04/25;2.82;2.82;2.65;2.68;5073631;92331848.00
2013/04/26;2.66;2.70;2.58;2.59;1365407;24288174.00
2013/05/02;2.58;2.66;2.52;2.65;1183803;20725480.00
2013/05/03;2.65;2.75;2.65;2.70;1351195;24703452.00
2013/05/06;2.71;2.77;2.71;2.72;2064226;38003744.00
2013/05/07;2.73;2.73;2.69;2.70;1354570;24716596.00
2013/05/08;2.70;2.78;2.70;2.77;2192942;40495040.00
2013/05/09;2.77;2.90;2.73;2.87;4075677;77799656.00
2013/05/10;2.87;2.89;2.82;2.87;2274622;43694064.00
2013/05/13;2.87;2.91;2.81;2.86;1456507;27942424.00
2013/05/14;2.86;2.86;2.77;2.77;1207423;22711600.00
2013/05/15;2.78;2.88;2.78;2.88;1968523;37608372.00
2013/05/16;2.89;2.90;2.82;2.85;2272550;43812896.00
2013/05/17;2.85;2.89;2.84;2.88;1971540;38042144.00
2013/05/20;2.88;2.99;2.88;2.94;3891018;77020592.00
2013/05/21;2.94;3.24;2.91;3.21;8804369;185625648.00
2013/05/22;3.18;3.20;3.06;3.09;6854743;144527696.00
2013/05/23;3.05;3.35;3.05;3.34;5403119;116468136.00
2013/05/24;3.28;3.29;3.15;3.26;10379612;224772928.00
2013/05/27;3.21;3.21;3.05;3.15;8166557;172011856.00
2013/05/28;3.14;3.14;3.05;3.08;5067392;105156720.00
2013/05/29;3.13;3.18;3.07;3.17;3922486;82500896.00
2013/05/30;3.11;3.11;2.95;2.97;9852346;197749376.00
2013/05/31;2.98;3.00;2.91;2.95;4492975;89462648.00
2013/06/03;2.80;2.90;2.77;2.85;6837823;130939184.00
2013/06/04;2.84;2.87;2.80;2.81;3504313;66730888.00
2013/06/05;2.81;2.87;2.81;2.85;3044281;58347160.00
2013/06/06;2.85;2.86;2.75;2.81;2544768;47954348.00
2013/06/07;2.81;2.83;2.75;2.78;2230254;41868940.00
2013/06/13;2.77;2.77;2.50;2.69;2982700;53357528.00
2013/06/14;2.69;2.76;2.69;2.75;1700463;31367566.00
2013/06/17;2.75;2.88;2.75;2.85;4633644;88584728.00
2013/06/18;2.87;2.89;2.82;2.85;2268513;43450428.00
2013/06/19;2.85;2.85;2.73;2.78;1491217;27897412.00
2013/06/20;2.82;2.85;2.68;2.68;2071275;38849784.00
2013/06/21;2.52;2.74;2.52;2.70;1832145;32756100.00
2013/06/24;2.67;2.68;2.45;2.47;2749429;47374600.00
2013/06/25;2.48;2.49;2.21;2.44;4767457;75439872.00
2013/06/26;2.44;2.56;2.42;2.54;2422349;40802308.00
2013/06/27;2.55;2.59;2.41;2.49;2945427;49969044.00
2013/06/28;2.48;2.53;2.40;2.47;2186770;36417632.00
2013/07/01;2.46;2.60;2.44;2.59;3280392;56030888.00
2013/07/02;2.59;2.65;2.58;2.60;5102747;89444352.00
2013/07/03;2.60;2.62;2.48;2.58;3298244;56613204.00
2013/07/04;2.57;2.65;2.53;2.62;3465577;61175800.00
2013/07/05;2.64;2.65;2.53;2.58;3145959;55110280.00
2013/07/08;2.54;2.60;2.45;2.49;3105991;52767032.00
2013/07/09;2.49;2.53;2.45;2.48;1909084;31916104.00
2013/07/10;2.48;2.59;2.44;2.57;3029015;50695816.00
2013/07/11;2.57;2.68;2.52;2.65;4705211;82747528.00
2013/07/12;2.65;2.69;2.61;2.64;4237467;75615360.00
2013/07/15;2.65;2.70;2.60;2.67;6544164;116251928.00
2013/07/16;2.70;2.71;2.65;2.68;3900902;70200096.00
2013/07/17;2.70;2.72;2.61;2.62;4346090;78234432.00
2013/07/18;2.61;2.61;2.54;2.56;3358203;57994828.00
2013/07/19;2.57;2.59;2.47;2.47;3819019;65016940.00
2013/07/22;2.45;2.56;2.45;2.56;3098059;52819076.00
2013/07/23;2.56;2.70;2.55;2.67;4577716;81684696.00
2013/07/24;2.67;2.80;2.63;2.75;9577576;176088064.00
2013/07/25;2.77;2.80;2.66;2.68;5339164;97759768.00
2013/07/26;2.61;2.67;2.53;2.60;3383357;59244252.00
2013/07/29;2.65;2.65;2.51;2.52;4141367;70667864.00
2013/07/30;2.52;2.56;2.46;2.48;3713380;62022356.00
2013/07/31;2.48;2.51;2.45;2.50;4705346;78226128.00
2013/08/01;2.49;2.63;2.48;2.62;5447087;94885864.00
2013/08/02;2.64;2.79;2.64;2.73;12163427;221968624.00
2013/08/05;2.74;2.79;2.68;2.71;7738154;141212928.00
2013/08/06;2.74;2.88;2.72;2.86;10157990;192333664.00
2013/08/07;2.86;2.87;2.79;2.83;5671139;107692008.00
2013/08/08;2.80;2.87;2.75;2.83;7315740;137243328.00
2013/08/09;2.82;2.86;2.75;2.82;4637054;87290432.00
2013/08/12;2.86;2.93;2.80;2.84;5247548;100752344.00
2013/08/13;2.84;2.90;2.81;2.87;4336292;83302384.00
2013/08/14;2.87;2.90;2.82;2.82;2715565;51707816.00
2013/08/15;2.84;2.84;2.74;2.76;3139826;58508152.00
2013/08/16;2.74;2.84;2.74;2.76;3627856;67918424.00
2013/08/19;2.76;2.85;2.74;2.84;2849977;53693244.00
2013/08/20;2.84;3.01;2.81;2.92;9170910;181233584.00
2013/08/21;2.90;2.98;2.90;2.92;4020437;79206608.00
2013/08/22;2.93;3.01;2.91;2.92;4899051;96910000.00
2013/08/23;2.92;2.97;2.78;2.79;8064272;153221856.00
2013/08/26;2.80;2.89;2.80;2.86;5050981;96431992.00
2013/08/27;2.86;2.87;2.77;2.84;3774243;71469928.00
2013/08/28;2.81;2.86;2.80;2.82;3046953;57786624.00
2013/08/29;2.82;2.83;2.75;2.78;2727596;50954732.00
2013/08/30;2.79;2.84;2.70;2.70;2652792;49227044.00
2013/09/02;2.73;2.81;2.68;2.80;2362046;43511664.00
2013/09/03;2.79;2.81;2.73;2.80;2542806;47504556.00
2013/09/04;2.78;2.86;2.78;2.82;2595993;49271908.00
2013/09/05;2.82;2.92;2.82;2.88;5171206;100171976.00
2013/09/06;2.88;2.92;2.85;2.88;3872253;75133920.00
2013/09/09;2.86;2.95;2.85;2.89;3618092;70304440.00
2013/09/10;2.87;2.91;2.84;2.86;3123217;60149572.00
2013/09/11;2.84;2.86;2.74;2.78;3670213;68247328.00
2013/09/12;2.77;2.83;2.74;2.80;3025700;57049408.00
2013/09/13;2.80;2.82;2.75;2.79;2170310;40474188.00
2013/09/16;2.78;2.86;2.75;2.85;3320811;62579380.00
2013/09/17;2.86;2.86;2.77;2.77;2841637;53577700.00
2013/09/18;2.77;2.83;2.77;2.83;2588636;48737448.00
2013/09/23;2.83;2.95;2.82;2.94;6333536;123042592.00
2013/09/24;2.93;2.93;2.85;2.89;5078858;98296112.00
2013/09/25;2.89;2.98;2.89;2.95;6741367;133593968.00
2013/09/26;2.97;3.06;2.94;2.98;5796958;116745680.00
2013/09/27;2.98;3.14;2.95;3.01;8423032;172992096.00
2013/09/30;3.03;3.04;2.95;2.95;4945602;98868072.00
2013/10/08;2.95;3.01;2.86;3.01;3679809;73001448.00
2013/10/09;3.01;3.05;2.95;3.02;4362636;87659288.00
2013/10/10;3.03;3.11;3.00;3.03;3290694;67443272.00
2013/10/11;3.03;3.03;2.92;2.95;4698988;92760512.00
2013/10/14;2.96;2.98;2.85;2.87;6322959;122367512.00
2013/10/15;2.88;2.90;2.85;2.88;3300506;63519872.00
2013/10/16;2.89;2.89;2.81;2.83;2924958;55918288.00
2013/10/17;2.83;2.86;2.79;2.79;2457932;46516520.00
2013/10/18;2.79;2.84;2.77;2.83;2673698;50546732.00
2013/10/21;2.85;2.90;2.83;2.88;2600748;50245336.00
2013/10/22;2.88;2.88;2.72;2.73;3778778;70884456.00
2013/10/23;2.73;2.76;2.60;2.64;5092315;90951816.00
2013/10/24;2.64;2.67;2.60;2.61;2162751;38061652.00
2013/10/25;2.63;2.64;2.51;2.53;2655429;45632860.00
2013/10/28;2.53;2.57;2.53;2.56;1428812;24461574.00
2013/10/29;2.65;2.70;2.53;2.63;5935962;105335648.00
2013/10/30;2.62;2.67;2.60;2.67;2392448;42422068.00
2013/10/31;2.67;2.67;2.60;2.63;1857311;32829206.00
2013/11/01;2.62;2.63;2.48;2.51;3350988;56907492.00
2013/11/04;2.48;2.52;2.47;2.51;2630987;44115140.00
2013/11/05;2.50;2.58;2.48;2.57;3086956;53130620.00
2013/11/06;2.58;2.58;2.52;2.53;2084745;35659564.00
2013/11/07;2.53;2.54;2.45;2.45;2366920;39402272.00
2013/11/08;2.44;2.45;2.36;2.40;3373823;54325912.00
2013/11/11;2.40;2.47;2.39;2.45;1461856;23951170.00
2013/11/12;2.42;2.50;2.42;2.47;1391264;23137276.00
2013/11/13;2.48;2.50;2.43;2.43;897047;14901247.00
2013/11/14;2.43;2.54;2.41;2.53;1590502;26751148.00
2013/11/15;2.54;2.57;2.52;2.53;2504163;42849268.00
2013/11/18;2.52;2.60;2.52;2.57;2896755;50048120.00
2013/11/19;2.57;2.60;2.56;2.58;1723412;29815922.00
2013/11/20;2.59;2.75;2.57;2.73;6859743;124077280.00
2013/11/21;2.73;2.77;2.67;2.74;3851833;70411592.00
2013/11/22;2.74;2.78;2.69;2.72;2588642;47542756.00
2013/11/25;2.73;2.84;2.69;2.80;4766315;89896584.00
2013/11/26;2.84;2.87;2.77;2.82;2865280;54126508.00
2013/11/27;2.80;2.89;2.79;2.86;4694272;90240808.00
2013/11/28;2.86;2.87;2.77;2.77;4202423;79613992.00
2013/11/29;2.77;2.85;2.74;2.82;5007059;93819528.00
2013/12/02;2.74;2.78;2.54;2.54;6584643;116705488.00
2013/12/03;2.52;2.65;2.50;2.62;3418568;59187600.00
2013/12/04;2.62;2.73;2.61;2.66;2833849;50949400.00
2013/12/05;2.66;2.71;2.65;2.66;1658483;29833476.00
2013/12/06;2.67;2.72;2.66;2.68;1611670;29121068.00
2013/12/09;2.68;2.75;2.67;2.75;2005965;36727124.00
2013/12/10;2.76;2.86;2.75;2.82;5234858;98947288.00
2013/12/11;2.81;2.82;2.76;2.80;1906251;35687324.00
2013/12/12;2.79;2.86;2.79;2.80;2883137;54773860.00
2013/12/13;2.81;2.81;2.74;2.75;2392962;44327216.00
2013/12/16;2.74;2.75;2.63;2.65;2947604;52849944.00
2013/12/17;2.65;2.66;2.56;2.62;1958252;34189108.00
2013/12/18;2.61;2.63;2.58;2.60;1073119;18742788.00
2013/12/19;2.60;2.62;2.56;2.57;1068543;18620706.00
2013/12/20;2.56;2.59;2.55;2.59;1045915;18013398.00
2013/12/23;2.60;2.61;2.55;2.56;1103805;19121500.00
2013/12/24;2.57;2.62;2.54;2.58;1203890;20878888.00
2013/12/25;2.58;2.65;2.58;2.65;1693856;29658372.00
2013/12/26;2.65;2.69;2.62;2.63;2493035;44558696.00
2013/12/27;2.63;2.68;2.61;2.67;1391353;24907860.00
2013/12/30;2.68;2.69;2.63;2.66;1504870;26855070.00
2013/12/31;2.64;2.67;2.62;2.67;1653356;29419456.00
2014/01/02;2.67;2.70;2.65;2.66;1945088;34888368.00
2014/01/03;2.66;2.67;2.56;2.59;3748248;65344676.00
2014/01/06;2.59;2.78;2.55;2.76;6859948;124123888.00
2014/01/07;2.72;2.87;2.71;2.83;5865662;110082032.00
2014/01/08;2.85;2.85;2.79;2.81;6165608;116655816.00
2014/01/09;2.80;2.85;2.70;2.72;4590797;84414760.00
2014/01/10;2.68;2.68;2.58;2.61;3878959;68488936.00
2014/01/13;2.60;2.60;2.52;2.58;3748120;64437496.00
2014/01/14;2.58;2.70;2.58;2.66;3956988;69908136.00
2014/01/15;2.65;2.72;2.64;2.66;3396698;61166876.00
2014/01/16;2.66;2.69;2.57;2.60;3378397;59830124.00
2014/01/17;2.58;2.69;2.55;2.63;3392944;60105516.00
2014/01/20;2.62;2.70;2.60;2.62;2736200;48660384.00
2014/01/21;2.57;2.62;2.50;2.57;7544494;129032720.00
2014/01/22;2.57;2.60;2.54;2.58;4162050;72014296.00
2014/01/23;2.59;2.64;2.56;2.64;4088116;71500320.00
2014/01/24;2.62;2.67;2.61;2.67;3788084;67268512.00
2014/01/27;2.65;2.77;2.64;2.73;6496902;118765648.00
2014/01/28;2.71;2.76;2.63;2.64;3684110;66273280.00
2014/01/29;2.64;2.75;2.64;2.75;4237993;76865608.00
2014/01/30;2.73;2.77;2.67;2.75;5331829;97101544.00
2014/02/07;2.73;2.80;2.71;2.75;6666893;123421584.00
2014/02/10;2.76;2.82;2.75;2.78;6683213;125270728.00
2014/02/11;2.79;2.82;2.71;2.77;5096933;94904240.00
2014/02/12;2.76;2.82;2.72;2.82;6950925;129672608.00
2014/02/13;2.82;2.92;2.78;2.79;12693756;243864512.00
2014/03/13;2.88;3.07;2.79;3.07;18651568;373240928.00
2014/03/14;3.26;3.31;3.16;3.19;21948506;474503424.00
2014/03/17;3.24;3.30;3.11;3.28;15158667;327092416.00
2014/03/18;3.23;3.49;3.20;3.39;15039417;335748480.00
2014/03/19;3.35;3.54;3.30;3.52;9594019;221335936.00
2014/03/20;3.51;3.53;3.31;3.33;6523636;149813632.00
2014/03/21;3.32;3.67;3.32;3.67;10114887;237331440.00
2014/03/24;3.67;3.69;3.52;3.58;5281810;127133032.00
2014/03/25;3.54;3.58;3.39;3.46;5070824;118154560.00
2014/03/26;3.46;3.59;3.42;3.47;3867586;90909888.00
2014/03/27;3.42;3.48;3.32;3.32;3787980;85850400.00
2014/03/28;3.32;3.38;3.23;3.26;3234177;71108864.00
2014/03/31;3.28;3.41;3.24;3.33;2637209;58684108.00
2014/04/01;3.33;3.42;3.29;3.36;2112332;47774864.00
2014/04/02;3.37;3.59;3.36;3.49;3550954;82953632.00
2014/04/03;3.51;3.59;3.41;3.44;3061913;71188544.00
2014/04/04;3.44;3.53;3.39;3.43;3150205;72397056.00
2014/04/08;3.37;3.52;3.36;3.48;2313751;53231528.00
2014/04/09;3.47;3.52;3.42;3.50;2425995;56346800.00
2014/04/10;3.51;3.57;3.44;3.45;3396158;79731072.00
2014/04/11;3.44;3.44;3.17;3.26;5456251;119019648.00
2014/04/14;3.22;3.29;3.19;3.27;2214465;48124552.00
2014/04/15;3.26;3.35;3.23;3.30;1736007;38293576.00
2014/04/16;3.29;3.38;3.26;3.30;1080986;24025764.00
2014/04/17;3.29;3.34;3.26;3.28;808243;17802328.00
2014/04/18;3.25;3.32;3.25;3.30;925667;20439916.00
2014/04/21;3.31;3.42;3.30;3.35;2110713;47654612.00
2014/04/22;3.34;3.37;3.21;3.27;1944021;42736400.00
2014/04/23;3.28;3.30;3.24;3.27;1044547;22885470.00
2014/04/24;3.29;3.33;3.27;3.29;1045193;23044168.00
2014/04/25;3.32;3.32;3.17;3.20;1888026;40807716.00
2014/04/28;3.15;3.20;3.07;3.17;1153194;24289880.00
2014/04/29;3.17;3.29;3.13;3.26;1520779;32771258.00
2014/04/30;3.28;3.40;3.26;3.37;2141162;48032016.00
2014/05/05;3.37;3.48;3.34;3.45;2098100;48029036.00
2014/05/06;3.45;3.47;3.40;3.45;1443447;33180646.00
2014/05/07;3.44;3.45;3.34;3.35;2766316;63098380.00
2014/05/08;3.33;3.41;3.32;3.38;1654977;37205996.00
2014/05/09;3.37;3.38;3.20;3.24;1536283;33904784.00
2014/05/12;3.24;3.31;3.20;3.24;1720641;37227408.00
2014/05/13;3.24;3.28;3.18;3.24;804187;17444230.00
2014/05/14;3.25;3.28;3.20;3.26;960016;20925134.00
2014/05/15;3.24;3.28;3.16;3.22;1464580;31419228.00
2014/05/16;3.17;3.20;3.07;3.16;1210012;25364656.00
2014/05/19;3.09;3.22;3.07;3.19;1099279;23282404.00
2014/05/20;3.20;3.29;3.18;3.25;1536346;33439894.00
2014/05/21;3.25;3.26;3.21;3.25;548070;11901418.00
2014/05/22;3.22;3.28;3.22;3.23;756336;16519872.00
2014/05/23;3.24;3.34;3.18;3.33;1030753;22483028.00
2014/05/26;3.35;3.39;3.30;3.38;1877266;42258864.00
2014/05/27;3.37;3.43;3.33;3.37;1179411;26749384.00
2014/05/28;3.38;3.53;3.35;3.52;2665951;61040988.00
2014/05/29;3.51;3.56;3.48;3.52;1952897;45875024.00
2014/05/30;3.53;3.53;3.41;3.48;1068583;24729458.00
2014/06/03;3.47;3.57;3.42;3.50;1313947;30726406.00
2014/06/04;3.48;3.55;3.47;3.53;2273954;53382368.00
2014/06/05;3.54;3.89;3.51;3.85;4483704;110044992.00
2014/06/06;3.85;3.88;3.67;3.68;3939234;99342952.00
2014/06/09;3.67;3.79;3.59;3.70;2861273;70088064.00
2014/06/10;3.70;3.78;3.62;3.75;1900003;47022184.00
2014/06/11;3.78;3.81;3.72;3.79;1406826;35358392.00
2014/06/12;3.77;3.82;3.68;3.76;1996750;49674212.00
2014/06/13;3.74;3.79;3.70;3.79;1182166;29515810.00
2014/06/16;3.78;3.89;3.78;3.82;1802111;45975116.00
2014/06/17;3.82;3.82;3.69;3.69;2082761;51872760.00
2014/06/18;3.68;3.80;3.67;3.74;1609204;40097792.00
2014/06/19;3.67;3.83;3.67;3.70;1578118;39412372.00
2014/06/20;3.68;3.75;3.68;3.74;690344;17124270.00
2014/06/23;3.75;3.79;3.70;3.78;1568783;39231060.00
2014/06/24;3.78;3.80;3.75;3.77;617162;15492524.00
2014/06/25;3.77;4.13;3.76;3.97;3695706;96970672.00
2014/06/26;3.95;4.08;3.83;3.90;4037930;105893424.00
2014/06/27;3.90;3.90;3.82;3.83;2617231;67045732.00
2014/06/30;3.83;3.88;3.76;3.83;3692556;93353696.00
2014/07/01;3.81;3.85;3.79;3.83;1855448;47097012.00
2014/07/02;3.83;3.92;3.82;3.90;2274122;58626932.00
2014/07/03;3.88;4.07;3.86;4.05;3009718;80261472.00
2014/07/04;4.05;4.15;4.03;4.05;2478079;67231080.00
2014/07/07;4.06;4.10;3.87;3.88;2953806;77096720.00
2014/07/08;3.91;4.11;3.84;4.11;3187954;84601496.00
2014/07/09;4.08;4.26;4.06;4.18;3217465;89872536.00
2014/07/10;4.10;4.20;4.06;4.13;1511722;41665304.00
2014/07/11;4.13;4.27;4.11;4.13;2777637;77415744.00
2014/07/14;4.15;4.19;3.98;4.17;2877691;77583152.00
2014/07/15;4.17;4.19;4.02;4.06;1996255;54157800.00
2014/07/16;4.04;4.04;3.85;3.88;1932885;50836388.00
2014/07/17;3.94;3.94;3.79;3.87;2554847;65730564.00
2014/07/18;3.83;3.95;3.83;3.91;1171722;30572444.00
2014/07/21;3.92;3.96;3.82;3.91;1359883;35153916.00
2014/07/22;3.95;4.06;3.90;4.05;1581324;41996960.00
2014/07/23;4.03;4.07;3.96;4.06;1428658;38223764.00
2014/07/24;4.04;4.06;3.88;4.01;1216053;32291914.00
2014/07/25;3.98;4.10;3.95;4.07;1432671;38255812.00
2014/07/28;4.10;4.16;4.08;4.13;2070262;56760772.00
2014/07/29;4.16;4.50;4.06;4.45;3328829;96978536.00
2014/07/30;4.44;4.53;4.34;4.38;2557458;75269032.00
2014/07/31;4.37;4.49;4.28;4.41;2258959;65311156.00
2014/08/01;4.38;4.44;4.33;4.37;1614279;46926324.00
2014/08/04;4.40;4.45;4.33;4.36;1818772;53258592.00
2014/08/05;4.42;4.42;4.29;4.37;1325341;38335836.00
2014/08/06;4.33;4.38;4.31;4.33;863348;24878778.00
2014/08/07;4.35;4.39;4.32;4.37;697258;20228424.00
2014/08/08;4.39;4.46;4.33;4.38;819590;23995464.00
2014/08/11;4.38;4.59;4.38;4.54;2665618;79718480.00
2014/08/12;4.58;4.59;4.48;4.53;1430913;43120120.00
2014/08/13;4.55;4.55;4.40;4.46;1437713;42519236.00
2014/08/14;4.41;4.55;4.40;4.46;1175223;35190176.00
2014/08/15;4.45;4.54;4.44;4.50;589817;17689262.00
2014/08/18;4.48;4.74;4.36;4.66;2900252;88181104.00
2014/08/19;4.63;4.80;4.58;4.78;3060681;96685608.00
2014/08/20;4.77;4.87;4.71;4.80;2354021;75216968.00
2014/08/21;4.80;4.85;4.70;4.75;1518326;47953296.00
2014/08/22;4.75;4.83;4.71;4.77;1364446;43221700.00
2014/08/25;4.76;4.92;4.74;4.88;1890021;60782680.00
2014/08/26;4.86;4.90;4.73;4.74;1541428;49075280.00
2014/08/27;4.76;4.82;4.70;4.72;1738933;54889316.00
2014/08/28;4.72;4.92;4.72;4.82;1141995;36646728.00
2014/08/29;4.82;4.85;4.76;4.81;1149554;36594896.00
2014/09/01;4.81;5.02;4.81;4.97;1876002;61907004.00
2014/09/02;4.97;5.00;4.89;4.97;1125373;36946748.00
2014/09/03;5.00;5.01;4.91;4.96;1109793;36378896.00
2014/09/04;4.95;4.96;4.88;4.92;1648992;53720248.00
2014/09/05;4.92;5.01;4.88;4.94;3194301;104546560.00
2014/09/09;4.92;5.00;4.84;4.87;1840023;59884528.00
2014/09/10;4.87;4.87;4.59;4.69;5137046;159848448.00
2014/09/11;4.57;4.82;4.49;4.80;3771941;115980352.00
2014/09/12;4.76;4.78;4.53;4.66;4454193;137103760.00
2014/09/15;4.60;4.69;4.54;4.67;4232070;130420384.00
2014/09/16;4.66;4.66;4.44;4.47;2458924;74906520.00
2014/09/17;4.50;4.69;4.38;4.63;4185739;127304816.00
2014/09/18;4.60;4.69;4.58;4.67;2784054;85961208.00
2014/09/19;4.69;4.71;4.62;4.66;1696113;52588008.00
2014/09/22;4.60;4.67;4.44;4.46;4002690;120050424.00
2014/09/23;4.43;4.67;4.24;4.60;4945803;147096624.00
2014/09/24;4.51;4.68;4.50;4.61;1693586;51980380.00
2014/09/25;4.61;4.70;4.55;4.63;2148024;66174852.00
2014/09/26;4.62;4.65;4.54;4.65;1061128;32372152.00
2014/09/29;4.65;4.71;4.61;4.71;1912907;59171000.00
2014/09/30;4.72;4.79;4.64;4.77;2144250;67354416.00
2014/10/08;4.77;4.83;4.64;4.68;2336943;73093152.00
2014/10/09;4.68;4.74;4.56;4.62;4653199;143807152.00
2014/10/10;4.62;4.62;4.47;4.52;3343798;100420784.00
2014/10/13;4.48;4.57;4.44;4.52;2032236;60553216.00
2014/10/14;4.52;4.62;4.51;4.52;2963436;89820912.00
2014/10/15;4.52;4.58;4.45;4.48;2238948;66810948.00
2014/10/16;4.47;4.56;4.42;4.42;2590175;77086344.00
2014/10/17;4.42;4.51;4.39;4.50;1654001;48936600.00
2014/10/20;4.48;4.74;4.48;4.70;3265602;100910288.00
2014/10/21;4.73;4.74;4.61;4.70;2545632;78831448.00
2014/10/22;4.69;4.70;4.56;4.59;1821022;56158124.00
2014/10/23;4.59;4.63;4.42;4.60;2258933;67859664.00
2014/10/24;4.62;4.62;4.53;4.58;943197;28723888.00
2014/10/27;4.60;4.61;4.48;4.61;2153615;64688852.00
2014/10/28;4.61;4.78;4.52;4.71;3507915;108851240.00
2014/10/29;4.71;4.75;4.69;4.72;1266660;39749308.00
2014/10/30;4.72;4.86;4.70;4.86;2541351;81215992.00
2014/10/31;4.85;4.96;4.81;4.89;2283606;73918752.00
2014/11/03;4.86;5.01;4.80;4.99;2895928;95051112.00
2014/11/04;4.99;5.15;4.94;5.11;3085079;104192856.00
2014/11/05;5.09;5.16;4.97;5.01;3536851;118953432.00
2014/11/06;4.97;5.01;4.83;4.98;2520314;82409648.00
2014/11/07;4.98;5.00;4.78;4.90;2460660;79939168.00
2014/11/10;4.82;4.96;4.79;4.88;2845570;92427816.00
2014/11/11;4.88;4.92;4.60;4.70;2573610;81258008.00
2014/11/12;4.69;4.75;4.50;4.67;2374451;72652264.00
2014/11/13;4.59;4.66;4.39;4.47;2637512;78548688.00
2014/11/14;4.47;4.49;4.41;4.48;1146884;33884580.00
2014/11/17;4.48;4.67;4.34;4.65;3088760;93028648.00
2014/11/18;4.65;4.65;4.45;4.47;2184094;65426672.00
2014/11/19;4.47;4.51;4.36;4.42;2669916;78149120.00
2014/11/20;4.41;4.53;4.37;4.44;2020725;59809392.00
2014/11/21;4.47;4.64;4.41;4.63;2983265;89861168.00
2014/11/24;4.66;4.78;4.62;4.72;2981950;92716704.00
2014/11/25;4.72;4.72;4.56;4.70;2830520;86910032.00
2014/11/26;4.67;4.68;4.59;4.66;1765009;54289536.00
2014/11/27;4.65;4.65;4.45;4.60;6070846;182585200.00
2014/11/28;4.60;4.62;4.46;4.53;5007603;150216992.00
2014/12/01;4.51;4.56;4.36;4.51;4383066;129835752.00
2014/12/02;4.49;4.56;4.45;4.56;3993258;119934264.00
2014/12/03;4.57;4.57;4.41;4.47;3232459;96021944.00
2014/12/04;4.47;4.51;4.44;4.49;3343487;99606176.00
2014/12/05;4.48;4.48;4.04;4.04;8425333;232430176.00
2014/12/08;4.01;4.31;3.76;4.31;6102201;165552336.00
2014/12/09;4.21;4.29;3.98;4.02;5018249;138636032.00
2014/12/10;4.02;4.17;3.92;4.12;2303320;62608900.00
2014/12/11;4.12;4.16;4.04;4.14;2773834;75232104.00
2014/12/12;4.18;4.29;4.18;4.25;2637512;74230784.00
2014/12/15;4.25;4.41;4.22;4.39;3304767;95254808.00
2014/12/16;4.39;4.50;4.39;4.45;3798906;112681232.00
2014/12/17;4.38;4.38;4.17;4.23;4413333;123940864.00
2014/12/18;4.21;4.45;4.13;4.44;3804564;107891512.00
2014/12/19;4.43;4.43;4.18;4.30;3530795;100381944.00
2014/12/22;4.28;4.28;3.87;4.03;3628878;95963152.00
2014/12/23;4.01;4.07;3.91;3.98;1721989;45916900.00
2014/12/24;4.00;4.22;3.99;4.19;2731618;74992080.00
2014/12/25;4.20;4.48;4.20;4.48;5741209;168590640.00
2014/12/26;4.93;4.93;4.65;4.67;14048557;448126240.00
2014/12/29;4.57;4.67;4.37;4.62;4601725;137246672.00
2014/12/30;4.59;4.75;4.44;4.62;3893086;119024712.00
2014/12/31;4.63;4.67;4.36;4.54;5936307;176439472.00
2015/01/05;4.53;4.53;4.19;4.23;6404706;182002288.00
2015/01/06;4.24;4.29;4.10;4.26;4658620;129325224.00
2015/01/07;4.28;4.51;4.28;4.47;5660114;166672656.00
2015/05/05;4.92;4.92;4.92;4.92;32666;1066544.88
2015/05/06;5.41;5.41;5.41;5.41;47437;1703937.00
2015/05/07;5.95;5.95;5.95;5.95;113559;4486716.00
2015/05/08;6.55;6.55;6.55;6.55;368831;16029395.00
2015/05/11;7.21;7.21;7.21;7.21;299093;14299636.00
2015/05/12;7.94;7.94;7.94;7.94;313213;7473262.00
2015/05/13;8.73;8.73;8.73;8.73;4280019;112350496.00
2015/05/14;9.61;9.61;9.61;9.61;11842842;342021280.00
2015/05/15;9.87;10.57;9.61;10.57;55513454;1675735552.00
2015/05/18;10.75;11.32;10.08;10.61;66460045;2133212416.00
2015/05/19;10.42;10.65;9.98;10.31;42301775;1301994880.00
2015/05/20;10.45;11.35;10.44;11.33;60708259;2014987776.00
2015/05/21;10.75;11.28;10.72;11.18;40073276;1328435072.00
2015/05/22;11.37;11.65;10.57;10.77;31536651;1033381056.00
2015/05/25;10.38;10.70;10.17;10.66;25187113;791302336.00
2015/05/26;10.66;11.38;10.55;11.30;36229050;1208649600.00
2015/05/27;11.38;12.42;11.11;12.22;36950819;1317152512.00
2015/05/28;11.85;12.08;11.00;11.00;31317398;1088171264.00
2015/05/29;10.32;11.31;9.90;10.78;28440371;899607872.00
2015/06/01;10.78;11.32;10.37;11.22;20657228;685562816.00
2015/06/02;11.22;11.31;10.82;11.10;26229024;873113856.00
2015/06/03;11.10;11.65;10.84;11.37;25538439;859893312.00
2015/06/04;11.62;11.82;10.48;11.45;26555531;904021440.00
2015/06/05;11.75;12.49;11.42;12.12;39240124;1414454272.00
2015/06/08;12.12;12.12;10.98;11.14;31622734;1078433408.00
2015/06/09;10.98;11.21;10.72;11.05;17056624;560869760.00
2015/06/10;10.98;11.22;10.54;10.99;18961778;622677952.00
2015/06/11;10.99;11.21;10.72;10.90;20318939;669902080.00
2015/06/12;10.81;10.98;10.58;10.72;20708284;667347200.00
2015/06/15;10.75;11.38;10.75;11.11;27273743;916054976.00
2015/06/16;10.98;10.98;10.02;10.08;21564323;670708480.00
2015/06/17;9.98;9.98;9.25;9.90;19421985;561657792.00
2015/06/18;9.72;9.89;8.91;9.03;15516698;441670752.00
2015/06/19;8.68;9.02;8.13;8.13;15062486;386272768.00
2015/06/23;8.11;8.38;7.57;8.38;14795332;360412480.00
2015/06/24;8.52;8.77;8.40;8.65;14787417;381622272.00
2015/06/25;8.62;8.64;7.82;8.00;14594284;366004672.00
2015/06/26;7.55;7.78;7.20;7.20;13001897;288478880.00
2015/06/29;7.36;7.41;6.48;6.48;18026295;361748928.00
2015/06/30;5.87;6.80;5.83;6.66;21931920;415319936.00
2015/07/01;6.55;7.01;6.05;6.28;22344614;447808160.00
2015/07/02;6.08;6.31;5.65;5.65;15713805;277701568.00
2015/07/03;5.32;5.67;5.09;5.09;16868779;264683104.00
2015/07/06;5.59;5.59;4.58;4.58;21889063;327815936.00
2015/07/21;5.04;5.04;5.04;5.04;81351;1233281.13
2015/07/22;5.54;5.54;5.54;5.54;135260;2256136.75
2015/07/23;6.10;6.10;6.10;6.10;429368;7878903.00
2015/07/24;6.71;6.71;6.71;6.71;1332830;26909838.00
2015/07/27;7.39;7.39;6.38;6.45;71842783;1544665216.00
2015/07/28;5.85;6.58;5.80;6.12;44674283;809975744.00
2015/07/29;6.25;6.60;5.76;6.60;30130907;556663104.00
2015/07/30;6.45;6.57;6.00;6.12;28297980;542741248.00
2015/07/31;5.92;6.01;5.52;5.61;20975357;366515008.00
2015/08/03;5.45;5.48;5.05;5.05;20419023;317650112.00
2015/08/04;5.10;5.56;5.09;5.56;22582581;362451712.00
2015/08/05;5.65;5.82;5.33;5.41;27096935;456073600.00
2015/08/06;5.25;5.63;5.17;5.55;21162350;349838176.00
2015/08/07;5.63;6.08;5.63;6.05;27351394;481164576.00
2015/08/10;6.18;6.53;6.01;6.46;29319421;551914112.00
2015/08/11;6.47;6.49;6.18;6.33;27498578;524272864.00
2015/08/12;6.19;6.32;5.98;6.02;17772378;330128800.00
2015/08/13;6.02;6.23;5.87;6.22;17568273;321394496.00
2015/08/14;6.28;6.36;6.16;6.35;22018581;415434624.00
2015/08/17;6.32;6.45;6.24;6.42;21366023;409161472.00
2015/08/18;6.60;6.82;5.78;5.95;34748320;678430976.00
2015/08/19;5.65;6.42;5.61;6.40;25817145;463340672.00
2015/08/20;6.28;6.46;6.05;6.05;21453142;403178432.00
2015/08/21;5.85;5.95;5.48;5.53;16216329;280199744.00
2015/08/24;5.24;5.38;4.98;4.98;11227077;169988304.00
2015/08/25;4.48;4.65;4.48;4.48;15799024;214341792.00
2015/08/26;4.52;4.69;4.15;4.24;18058611;242668640.00
2015/09/08;4.32;4.67;4.23;4.67;16832663;226105152.00
2015/09/09;4.76;5.01;4.70;4.88;21019511;307039840.00
2015/09/10;4.72;4.85;4.62;4.66;14299381;204188720.00
2015/09/11;4.70;4.84;4.62;4.78;13543170;192644592.00
2015/09/14;4.79;4.87;4.30;4.30;12400535;170447248.00
2015/09/15;4.12;4.37;3.87;3.89;13368553;163939008.00
2015/09/16;3.93;4.28;3.92;4.28;15101658;185512752.00
2015/09/17;4.31;4.64;4.12;4.34;25893981;337683872.00
2015/09/18;4.37;4.47;4.22;4.40;18006838;236047152.00
2015/09/21;4.30;4.66;4.24;4.66;23737612;320357792.00
2015/09/22;4.65;4.70;4.52;4.61;20647647;286528096.00
2015/09/23;4.45;4.58;4.39;4.44;13568526;183083168.00
2015/09/24;4.46;4.66;4.46;4.56;14389683;197821296.00
2015/09/25;4.55;4.58;4.20;4.28;11581240;153108480.00
2015/09/28;4.28;4.48;4.26;4.48;9706890;128576288.00
2015/09/29;4.37;4.75;4.32;4.56;19069771;260190496.00
2015/09/30;4.65;4.67;4.47;4.56;9093573;124630568.00
2015/10/08;4.78;4.89;4.68;4.77;18024642;260056272.00
2015/10/09;4.76;4.93;4.73;4.91;14534668;212063088.00
2015/10/12;4.98;5.25;4.92;5.14;20162344;309270752.00
2015/10/13;5.10;5.21;5.05;5.17;17446320;269762208.00
2015/10/14;5.13;5.21;4.97;4.99;16373775;250168016.00
2015/10/15;5.07;5.49;5.00;5.49;26087537;418525600.00
2015/10/16;5.78;5.91;5.55;5.75;45116661;779893440.00
2015/10/19;5.75;5.78;5.51;5.74;25485109;433418688.00
2015/10/20;5.92;6.08;5.85;5.90;31218411;558567552.00
2015/10/21;5.91;5.92;5.31;5.31;26395092;446513280.00
2015/10/22;5.28;5.58;5.28;5.52;21712573;355102016.00
2015/10/23;5.65;5.88;5.64;5.79;26439401;458725920.00
2015/10/26;6.03;6.07;5.82;5.96;26538431;474893600.00
2015/10/27;5.83;6.10;5.57;5.98;21265862;374314272.00
2015/10/28;5.92;6.01;5.68;5.73;18628256;327336352.00
2015/10/29;5.77;5.87;5.65;5.76;11896122;206768544.00
2015/10/30;5.72;5.79;5.55;5.69;11036522;189146032.00
2015/11/02;5.42;5.68;5.39;5.42;13421068;222990736.00
2015/11/03;5.44;5.53;5.40;5.47;7663363;125918264.00
2015/11/04;5.49;5.83;5.49;5.82;16272023;278991360.00
2015/11/05;5.88;6.02;5.74;5.77;22292299;392413824.00
2015/11/06;5.77;6.07;5.77;6.04;27963585;502672992.00
2015/11/09;6.10;6.40;6.07;6.25;34033494;639467136.00
2015/11/10;6.18;6.32;6.08;6.17;21230291;395318656.00
2015/11/11;6.17;6.52;6.15;6.41;23259386;443466912.00
2015/11/12;6.40;6.47;6.19;6.39;25479420;485527328.00
2015/11/13;6.31;6.31;6.11;6.24;17147053;321292736.00
2015/11/16;6.24;6.65;6.22;6.63;21394868;413944480.00
2015/11/17;6.69;6.73;6.42;6.45;22379876;440579424.00
2015/11/18;6.45;6.48;6.15;6.16;13618744;258776912.00
2015/11/19;6.16;6.35;6.14;6.34;13115131;246108944.00
2015/11/20;6.27;6.53;6.19;6.45;17517135;335957760.00
2015/11/23;6.45;7.10;6.42;6.78;36443024;752308672.00
2015/11/24;6.69;6.84;6.50;6.80;19935652;399849344.00
2015/11/25;6.80;7.07;6.74;7.02;25831723;541864320.00
2015/11/26;7.03;7.05;6.75;6.80;16308964;337923872.00
2015/11/27;6.74;6.96;6.12;6.32;19801773;394510784.00
2015/11/30;6.34;6.48;5.82;6.27;14357915;266357328.00
2015/12/01;6.26;6.52;6.20;6.49;16801679;322092256.00
2015/12/02;6.55;6.70;5.84;6.49;20365825;398933600.00
2015/12/03;6.49;6.65;6.45;6.65;14759705;290513408.00
2015/12/04;6.64;6.89;6.55;6.88;26610207;540132416.00
2015/12/07;7.07;7.23;6.92;7.12;36017267;766671040.00
2015/12/08;7.15;7.40;6.95;7.07;35641270;772479488.00
2015/12/09;6.96;7.07;6.72;7.04;21084052;437689856.00
2015/12/10;7.17;7.22;6.86;6.87;20059220;425401216.00
2015/12/11;6.92;7.22;6.92;6.98;21477672;456226528.00
2015/12/14;6.81;7.32;6.78;7.30;20662272;439770976.00
2015/12/15;7.37;7.63;7.31;7.47;26480169;597277120.00
2015/12/16;7.51;7.63;7.38;7.51;18717827;420950560.00
2015/12/17;7.52;7.78;7.48;7.75;22861227;524613216.00
2015/12/18;7.82;7.88;7.58;7.75;19232240;446783872.00
2015/12/21;7.82;7.97;7.72;7.79;14691517;345232064.00
2015/12/22;7.76;7.98;7.45;7.96;24210026;561246528.00
2015/12/23;8.04;8.18;7.82;7.93;22397667;537423872.00
2015/12/24;7.97;7.97;7.61;7.75;14700969;341338368.00
2015/12/25;7.78;7.87;7.68;7.72;10142830;236944736.00
2015/12/28;7.67;7.78;7.39;7.42;11603707;265195280.00
2015/12/29;7.52;7.53;7.24;7.53;10590905;236658256.00
2015/12/30;7.53;7.59;7.45;7.52;10374174;234407584.00
2015/12/31;7.48;7.63;7.27;7.28;9257110;207410592.00
2016/01/04;7.23;7.33;6.55;6.55;10196503;210505424.00
2016/01/05;6.08;6.61;5.90;6.31;17181660;323700800.00
2016/01/06;6.48;6.48;6.15;6.38;9774546;186219568.00
2016/01/07;6.21;6.21;5.74;5.74;2849100;50735888.00
2016/01/08;5.94;6.05;5.21;5.76;15872924;274682880.00
2016/01/11;5.65;5.65;5.19;5.19;10517664;170694096.00
2016/01/12;5.18;5.27;4.86;5.09;10562507;161261456.00
2016/01/13;5.19;5.34;4.96;4.97;12497089;194016512.00
2016/01/14;4.82;5.32;4.72;5.26;13017458;198790688.00
2016/01/15;5.23;5.37;5.09;5.14;12685702;200069568.00
2016/01/18;4.98;5.51;4.93;5.32;13603671;215270864.00
2016/01/19;5.30;5.53;5.22;5.51;12079313;196458688.00
2016/01/20;5.47;5.60;5.27;5.35;12209810;199012800.00
2016/01/21;5.26;5.35;4.97;5.01;12806165;199800144.00
2016/01/22;5.10;5.11;4.84;4.97;10024626;149704560.00
2016/01/25;5.05;5.18;5.00;5.05;9215410;140685600.00
2016/01/26;4.98;5.02;4.54;4.54;11119386;160483888.00
2016/01/27;4.57;4.62;4.28;4.55;12750757;171059824.00
2016/01/28;4.52;4.57;4.29;4.38;7945127;106436224.00
2016/01/29;4.38;4.69;4.29;4.59;11542623;156125488.00
2016/02/01;4.57;4.60;4.42;4.55;7975414;108391736.00
2016/02/02;4.55;4.78;4.49;4.71;8705982;123256416.00
2016/02/03;4.61;4.76;4.54;4.76;8769420;122050616.00
2016/02/04;4.77;4.88;4.74;4.82;9733049;141365712.00
2016/02/05;4.85;4.87;4.73;4.74;4306081;61954384.00
2016/02/15;4.52;4.80;4.48;4.75;5451165;76324488.00
2016/02/16;4.82;5.13;4.80;5.08;10948736;164516640.00
2016/02/17;5.08;5.18;5.00;5.14;8693110;133671768.00
2016/02/18;5.13;5.23;5.03;5.06;8136907;126236768.00
2016/02/19;5.06;5.15;5.02;5.14;5772903;88359296.00
2016/02/22;5.30;5.34;5.13;5.22;9175323;143883216.00
2016/02/23;5.25;5.35;5.15;5.30;14244486;225925712.00
2016/02/24;5.32;5.32;4.98;5.16;15952259;246465792.00
2016/02/25;5.13;5.24;4.65;4.65;15749967;234276752.00
2016/02/26;4.71;4.86;4.44;4.70;10067506;140942416.00
2016/02/29;4.65;4.76;4.25;4.27;10995019;145123456.00
2016/03/01;4.27;4.40;4.02;4.33;13832170;175921792.00
2016/03/02;4.33;4.64;4.30;4.56;13712817;183462464.00
2016/03/03;4.52;4.70;4.52;4.58;13469210;187225120.00
2016/03/04;4.58;4.58;4.30;4.35;9686652;129492664.00
2016/03/07;4.42;4.55;4.41;4.45;6521609;87968640.00
2016/03/08;4.45;4.53;4.27;4.51;10673020;140730672.00
2016/03/09;4.66;4.96;4.66;4.96;13976538;204735280.00
2016/03/10;5.12;5.17;4.87;4.88;32668602;495357312.00
2016/03/11;4.70;4.81;4.59;4.73;15692771;222199296.00
2016/03/14;4.81;5.08;4.77;5.03;23696668;354514336.00
2016/03/15;4.98;5.05;4.84;4.85;14484420;215609440.00
2016/03/16;4.94;4.97;4.75;4.85;13689000;201537872.00
2016/03/17;4.87;5.14;4.86;5.14;23571417;357149568.00
2016/03/18;5.14;5.39;5.08;5.29;25262340;399629088.00
2016/03/21;5.37;5.69;5.25;5.58;25607645;415276672.00
2016/03/22;5.46;5.57;5.43;5.46;15858700;262124464.00
2016/03/23;5.52;5.64;5.45;5.53;17604620;293731424.00
2016/03/24;5.44;5.50;5.32;5.39;13492760;220389120.00
2016/03/25;5.42;5.48;5.31;5.41;12495595;203158640.00
2016/03/28;5.43;5.58;5.35;5.45;14447844;237114720.00
2016/03/29;5.45;5.46;5.15;5.30;11324327;180106256.00
2016/03/30;5.34;5.50;5.33;5.49;11467857;186637664.00
2016/03/31;5.55;5.68;5.49;5.54;17048429;286368544.00
2016/04/01;5.48;5.54;5.27;5.36;14073051;227845312.00
2016/04/05;5.38;5.53;5.29;5.48;12451130;203529264.00
2016/04/06;5.47;5.56;5.40;5.55;12729932;210092736.00
2016/04/07;5.58;5.61;5.32;5.36;13202269;215836336.00
2016/04/08;5.32;5.33;5.15;5.24;9822324;154758480.00
2016/04/11;5.27;5.48;5.27;5.46;11165302;181181392.00
2016/04/12;5.41;5.44;5.29;5.35;7524990;120996904.00
2016/04/13;5.38;5.53;5.38;5.42;12765979;210227408.00
2016/04/14;5.47;5.53;5.41;5.49;9704505;159851920.00
2016/04/15;5.49;5.70;5.46;5.65;20749320;348689984.00
2016/04/18;5.62;5.62;5.37;5.43;11978167;196677424.00
2016/04/19;5.46;5.50;5.34;5.47;8405673;136990912.00
2016/04/20;5.47;6.02;5.25;6.02;42578139;725865984.00
2016/04/21;5.83;6.55;5.73;6.17;50590388;914480384.00
2016/04/22;5.92;6.17;5.81;5.87;26166252;468087200.00
2016/04/25;5.85;6.07;5.65;5.93;21384760;374345664.00
2016/04/26;5.87;5.95;5.75;5.87;16501749;289655872.00
2016/04/27;5.87;5.94;5.69;5.70;16762716;294254400.00
2016/04/28;5.70;5.78;5.32;5.47;19764480;326995584.00
2016/04/29;5.48;5.56;5.40;5.45;11071768;182681616.00
2016/05/03;5.47;5.65;5.32;5.63;14898362;248766352.00
2016/05/04;5.57;5.72;5.57;5.61;13095132;222476512.00
2016/05/05;5.60;5.64;5.52;5.61;10088236;169399440.00
2016/05/06;5.65;5.95;5.63;5.71;30665557;533843424.00
2016/05/09;5.64;5.64;5.13;5.13;19363436;308677152.00
2016/05/10;5.08;5.20;5.01;5.06;9250993;141776016.00
2016/05/11;5.11;5.15;4.93;4.93;9495957;143221712.00
2016/05/12;4.82;4.88;4.70;4.84;9901199;143014816.00
2016/05/13;4.82;4.91;4.76;4.78;7201523;104733840.00
2016/05/16;4.75;4.88;4.71;4.87;7772723;112696432.00
2016/05/17;4.87;5.09;4.87;4.99;13352575;201207648.00
2016/05/18;4.92;5.03;4.77;4.98;11345080;167739792.00
2016/05/19;4.95;5.12;4.93;4.98;9807562;148379728.00
2016/05/20;4.91;5.03;4.84;5.03;7573469;112542632.00
2016/05/23;5.03;5.14;5.03;5.12;10489531;160421424.00
2016/05/24;5.10;5.11;4.92;4.96;7790870;117217632.00
2016/05/25;5.02;5.04;4.92;4.92;6887106;103410456.00
2016/05/26;4.92;4.97;4.81;4.95;7377553;108267416.00
2016/05/27;4.95;4.97;4.88;4.90;5486061;81299920.00
2016/05/30;4.85;4.98;4.78;4.90;5317764;78241440.00
2016/05/31;4.94;5.21;4.91;5.16;14314810;218305360.00
2016/06/01;5.19;5.24;5.14;5.15;11481744;178486736.00
2016/06/02;5.15;5.22;5.13;5.21;10846514;168235584.00
2016/06/03;5.21;5.28;5.19;5.21;10517531;165110080.00
2016/06/06;5.23;5.29;5.16;5.20;8028713;125815080.00
2016/06/07;5.23;5.25;5.11;5.24;9601323;149282288.00
2016/06/08;5.22;5.24;5.16;5.20;7584310;118377272.00
2016/06/13;5.10;5.12;4.68;4.72;12326224;183798720.00
2016/06/14;4.73;4.79;4.67;4.73;6685176;94835312.00
2016/06/15;4.66;5.05;4.65;4.95;10513183;154259888.00
2016/06/16;4.93;5.02;4.81;4.94;9526366;140287296.00
2016/06/17;4.91;5.06;4.91;4.97;7209422;107934216.00
2016/06/20;4.96;5.00;4.86;4.96;9460599;139980624.00
2016/06/21;4.98;5.19;4.98;5.04;15272435;234002656.00
2016/06/22;5.03;5.52;5.01;5.40;21129819;334233920.00
2016/06/23;5.50;5.72;5.41;5.57;29931077;498638400.00
2016/06/24;5.50;5.57;5.12;5.44;20484529;332396576.00
2016/06/27;5.40;5.71;5.34;5.62;16009997;266506784.00
2016/06/28;5.63;5.82;5.53;5.82;19480216;330906336.00
2016/06/29;5.83;6.10;5.77;5.81;23877361;424362656.00
2016/06/30;5.75;5.89;5.67;5.82;16812515;291105760.00
2016/07/01;5.77;5.97;5.74;5.79;13108782;229223232.00
2016/07/04;5.72;6.02;5.69;5.97;18216398;320323072.00
2016/07/05;5.95;6.08;5.91;6.06;13448051;241764608.00
2016/07/06;6.03;6.14;5.96;6.05;10247046;186138800.00
2016/07/07;6.05;6.05;5.84;5.97;12736324;225989808.00
2016/07/08;5.93;6.06;5.87;5.90;9164826;163369680.00
2016/07/11;5.92;5.95;5.77;5.83;10224098;179321776.00
2016/07/12;5.79;5.89;5.68;5.89;10954293;190431104.00
2016/07/13;5.90;6.09;5.81;6.09;15920418;285920512.00
2016/07/14;6.10;6.12;5.96;6.03;9513318;172770224.00
2016/07/15;6.01;6.06;5.87;5.94;8367447;148922752.00
2016/07/18;5.88;5.93;5.81;5.84;7675140;134641776.00
2016/07/19;5.84;5.92;5.80;5.91;5813956;102283456.00
2016/07/20;5.91;6.02;5.87;5.91;8187202;145933744.00
2016/07/21;5.98;6.03;5.89;5.94;8829214;157512816.00
2016/07/22;5.90;5.96;5.76;5.77;7410830;129877744.00
2016/07/25;5.79;5.88;5.66;5.70;8224759;141980880.00
2016/07/26;5.73;6.01;5.72;6.00;15481339;274116224.00
2016/07/27;6.00;6.12;5.72;5.90;19385858;347382944.00
2016/07/28;5.91;6.09;5.77;6.07;14561702;258700256.00
2016/07/29;6.06;6.33;5.97;6.00;20590359;381201728.00
2016/08/01;5.93;5.93;5.44;5.72;13250133;224624880.00
2016/08/02;5.73;5.88;5.67;5.83;7714766;134010792.00
2016/08/03;5.83;5.92;5.78;5.83;6984767;122873408.00
2016/08/04;5.83;5.93;5.79;5.89;5828907;102408712.00
2016/08/05;5.88;6.27;5.86;6.16;17546919;319539552.00
2016/08/08;6.16;6.40;6.12;6.32;16251896;307294528.00
2016/08/09;6.36;6.50;6.24;6.32;13156306;251353216.00
2016/08/10;6.30;6.45;6.23;6.34;12059353;229500672.00
2016/08/11;6.33;6.43;6.17;6.18;10853625;205867232.00
2016/08/12;6.17;6.75;6.16;6.70;25113723;494062752.00
2016/08/15;6.63;6.95;6.60;6.72;25116965;508662144.00
2016/08/16;6.68;7.06;6.68;6.93;16778297;347259392.00
2016/08/17;6.90;7.20;6.87;6.98;14385478;305043616.00
2016/08/18;6.91;7.10;6.86;6.95;9835466;204621408.00
2016/08/19;6.96;7.00;6.74;6.86;10672994;219783600.00
2016/08/22;6.88;7.27;6.87;7.12;15525445;332661024.00
2016/08/23;7.18;7.33;6.92;7.15;16682743;357916224.00
2016/08/24;7.10;7.30;7.09;7.28;14680194;317196128.00
2016/08/25;7.27;7.42;7.05;7.35;13378815;290830816.00
2016/08/26;7.59;7.88;7.13;7.21;50893247;1147405696.00
2016/08/29;7.10;7.25;6.88;7.00;22196316;470041568.00
2016/08/30;6.97;7.13;6.96;7.01;13378705;282382848.00
2016/08/31;6.97;7.17;6.90;7.09;14028160;297211808.00
2016/09/01;7.09;7.39;7.05;7.17;13667991;296899424.00
2016/09/02;7.16;7.28;6.95;7.20;12184624;260486800.00
2016/09/05;7.20;7.45;7.15;7.34;18919033;415239808.00
2016/09/06;7.34;7.83;7.27;7.67;27300690;622380864.00
2016/09/07;7.68;7.78;7.54;7.62;21514318;493223456.00
2016/09/08;7.57;7.68;7.52;7.60;10442724;237620384.00
2016/09/09;7.62;7.65;7.38;7.45;10859801;243963504.00
2016/09/12;7.29;7.29;6.97;7.09;15339755;328077216.00
2016/09/13;7.13;7.21;7.03;7.17;8834955;189045920.00
2016/09/14;7.07;7.16;7.03;7.07;5426526;115441008.00
2016/09/19;7.13;7.28;7.12;7.26;7784390;168839648.00
2016/09/20;7.28;7.30;7.08;7.18;7835121;168853792.00
2016/09/21;7.18;7.33;7.10;7.25;7061419;153250384.00
2016/09/22;7.31;7.55;7.26;7.51;13253159;296067392.00
2016/09/23;7.47;7.59;7.43;7.52;8180971;184415456.00
2016/09/26;7.51;7.57;7.28;7.40;5395968;120025584.00
2016/09/27;7.33;7.47;7.27;7.46;6515525;144314000.00
2016/09/28;7.50;7.50;7.33;7.33;4883405;108624328.00
2016/09/29;7.30;7.37;6.95;6.95;13121838;280234240.00
2016/09/30;6.94;7.11;6.94;7.08;6422955;135903872.00
2016/10/10;7.11;7.21;7.08;7.21;8011910;171892288.00
2016/10/11;7.30;7.33;7.12;7.32;10943380;236925152.00
2016/10/12;7.27;7.33;7.22;7.31;5547620;120912568.00
2016/10/13;7.35;7.39;7.22;7.35;5908328;129278672.00
2016/10/14;7.33;7.37;7.20;7.28;5133093;111746176.00
2016/10/17;7.35;7.36;7.21;7.23;6648945;145001296.00
2016/10/18;7.18;7.33;6.85;7.29;43655739;309030208.00
2016/10/19;7.23;7.32;7.16;7.26;22480574;162432544.00
2016/10/20;7.30;7.88;7.28;7.73;56761735;434139680.00
2016/10/21;7.66;7.71;7.40;7.61;36987274;279767552.00
2016/10/24;7.60;7.66;7.48;7.60;25491028;192936304.00
2016/10/25;7.62;8.36;7.62;8.36;79204018;637958784.00
2016/10/26;8.39;8.76;8.09;8.13;99609112;833573120.00
2016/10/27;8.03;8.34;7.91;8.16;58016135;470880736.00
2016/10/28;8.18;8.30;8.08;8.18;41401522;339530432.00
2016/10/31;8.14;8.14;7.78;8.00;37822584;300436288.00
2016/11/01;7.98;8.10;7.83;8.10;33381689;264971296.00
2016/11/02;8.10;8.14;7.90;7.92;26813266;214707984.00
2016/11/03;7.91;8.07;7.75;7.87;37008004;291964768.00
2016/11/04;7.87;7.90;7.69;7.85;30226013;235184896.00
2016/11/07;7.86;7.86;7.74;7.81;17318461;134853120.00
2016/11/08;7.87;7.93;7.78;7.80;17896155;140158624.00
2016/11/09;7.85;7.88;7.50;7.77;26916157;207329488.00
2016/11/10;7.82;7.86;7.73;7.81;22624041;175994016.00
2016/11/11;7.76;8.06;7.69;7.93;41261392;326655360.00
2016/11/14;7.94;7.96;7.75;7.86;28026862;219068400.00
2016/11/15;7.80;7.80;7.70;7.74;22642104;175004928.00
2016/11/16;7.75;7.84;7.70;7.74;19451263;151062816.00
2016/11/17;7.75;7.75;7.57;7.59;13816600;105618584.00
数据来源:通达信
