002465 海格通信 日线 前复权
      日期	    开盘	    最高	    最低	    收盘	    成交量	    成交额
2010/08/31;7.48;8.38;7.22;7.79;54077311;2641648384.00
2010/09/01;7.80;8.17;7.51;7.87;35549535;1793100672.00
2010/09/02;7.63;7.80;7.47;7.63;21897684;1071243776.00
2010/09/03;7.78;8.14;7.68;7.80;19176047;968583104.00
2010/09/06;7.86;8.05;7.28;7.38;14493246;705726912.00
2010/09/07;7.35;7.61;7.28;7.42;8067748;386666112.00
2010/09/08;7.30;7.35;7.14;7.18;10146242;472042400.00
2010/09/09;7.22;7.34;7.16;7.26;7495911;350084864.00
2010/09/10;7.23;7.30;6.91;7.02;7931784;360942112.00
2010/09/13;7.00;7.11;6.92;7.03;5343783;241922816.00
2010/09/14;7.06;7.16;7.02;7.05;4065448;185673088.00
2010/09/15;7.02;7.02;6.54;6.58;7782918;341795040.00
2010/09/16;6.59;6.67;6.22;6.40;5376569;224258720.00
2010/09/17;6.36;6.43;6.28;6.29;2784269;114639768.00
2010/09/20;6.33;6.57;6.20;6.50;4636116;192872752.00
2010/09/21;6.47;6.53;6.30;6.32;2681718;111394160.00
2010/09/27;6.32;6.44;6.32;6.38;2521371;104710744.00
2010/09/28;6.35;6.36;6.12;6.12;4215535;170278464.00
2010/09/29;6.12;6.20;6.05;6.09;3002195;119928928.00
2010/09/30;6.07;6.21;6.06;6.17;2285459;91571600.00
2010/10/08;6.18;6.30;6.18;6.26;2949868;120091184.00
2010/10/11;6.25;6.34;6.18;6.30;3534820;143839408.00
2010/10/12;6.30;6.34;6.23;6.26;2807039;114842272.00
2010/10/13;6.27;6.27;6.13;6.19;3840961;154437088.00
2010/10/14;6.16;6.39;6.15;6.24;4204446;172047840.00
2010/10/15;6.25;6.25;6.09;6.11;3921572;157326576.00
2010/10/18;6.07;6.08;5.80;5.91;3792659;145855600.00
2010/10/19;5.91;6.38;5.88;6.30;4650749;188021040.00
2010/10/20;6.20;6.33;6.14;6.15;4120498;166812000.00
2010/10/21;6.14;6.29;6.14;6.17;2503711;101177848.00
2010/10/22;6.20;6.38;6.18;6.28;3781271;154993552.00
2010/10/25;6.32;6.47;6.32;6.41;4644564;193281104.00
2010/10/26;6.41;6.43;6.23;6.28;3954092;161954032.00
2010/10/27;6.27;6.40;6.21;6.28;3007204;123267472.00
2010/10/28;6.37;6.80;6.36;6.72;9612589;412058400.00
2010/10/29;6.71;6.93;6.58;6.80;7093248;310574624.00
2010/11/01;6.83;6.83;6.68;6.80;5298465;231931824.00
2010/11/02;6.79;6.99;6.65;6.67;5763829;254482864.00
2010/11/03;6.63;6.63;6.43;6.43;4041283;170755408.00
2010/11/04;6.43;6.59;6.43;6.56;2608391;110595432.00
2010/11/05;6.59;6.63;6.50;6.54;3332828;141946064.00
2010/11/09;6.68;6.77;6.61;6.67;4543694;196421968.00
2010/11/10;6.67;6.78;6.60;6.73;4291630;186555216.00
2010/11/11;6.70;6.96;6.70;6.82;5912931;261336768.00
2010/11/12;6.79;7.03;6.51;6.52;6800296;299095584.00
2010/11/15;6.61;6.69;6.48;6.68;3869386;165804640.00
2010/11/16;6.68;6.80;6.45;6.48;3873016;166193664.00
2010/11/17;6.30;6.46;6.08;6.12;3187210;129811904.00
2010/11/18;6.18;6.28;6.12;6.18;1909579;77046856.00
2010/11/19;6.24;6.41;6.18;6.40;3121984;128284168.00
2010/11/22;6.41;6.80;6.40;6.68;5683029;245265264.00
2010/11/23;6.63;6.63;6.51;6.61;3198996;136349536.00
2010/11/24;6.58;6.79;6.58;6.78;3972202;173187152.00
2010/11/25;6.78;6.83;6.65;6.71;3305041;144166784.00
2010/11/26;6.71;6.73;6.52;6.61;3431646;147013232.00
2010/11/29;6.63;6.75;6.55;6.71;2786808;120532840.00
2010/11/30;6.74;6.74;6.31;6.45;3488508;147341968.00
2010/12/01;6.47;6.47;6.20;6.25;8532827;348074976.00
2010/12/02;6.30;6.42;6.26;6.34;3880088;159997120.00
2010/12/03;6.35;6.40;6.18;6.26;3298816;134384736.00
2010/12/06;6.28;6.28;6.01;6.08;3880707;155150336.00
2010/12/07;6.22;6.33;6.15;6.31;3354367;136623280.00
2010/12/08;6.28;6.31;6.19;6.20;2247389;91367920.00
2010/12/09;6.17;6.17;6.05;6.05;2470879;98192760.00
2010/12/10;6.08;6.18;5.99;6.16;2346560;93120168.00
2010/12/13;6.19;6.38;6.19;6.35;3542418;145213504.00
2010/12/14;6.37;6.37;6.29;6.32;2900232;119366736.00
2010/12/15;6.32;6.38;6.30;6.32;2509830;103527720.00
2010/12/16;6.33;6.58;6.28;6.48;5265668;220292448.00
2010/12/17;6.53;6.57;6.44;6.53;2668598;112592024.00
2010/12/20;6.60;6.77;6.42;6.65;7601375;327015200.00
2010/12/21;6.75;6.80;6.60;6.63;5518166;239196320.00
2010/12/22;6.66;6.67;6.55;6.57;3135369;134254592.00
2010/12/23;6.57;6.76;6.44;6.49;3724599;160059408.00
2010/12/24;6.44;6.47;6.17;6.27;3070668;125739408.00
2010/12/27;6.27;6.35;6.09;6.12;2543191;103163784.00
2010/12/28;6.10;6.22;6.02;6.12;2664880;106016384.00
2010/12/29;6.13;6.23;6.08;6.23;1703328;68336584.00
2010/12/30;6.22;6.23;6.13;6.19;1370138;55266992.00
2010/12/31;6.23;6.27;6.19;6.26;1553272;63035080.00
2011/01/04;6.33;6.37;6.25;6.34;2010207;82682144.00
2011/01/05;6.30;6.34;6.28;6.29;1859834;76205040.00
2011/01/06;6.30;6.34;6.17;6.17;1837511;74654088.00
2011/01/07;6.18;6.26;6.13;6.19;1537940;61958064.00
2011/01/10;6.21;6.24;6.07;6.09;1355451;54349868.00
2011/01/11;6.08;6.10;6.01;6.05;1345032;53053844.00
2011/01/12;6.06;6.13;6.02;6.12;1111605;43950188.00
2011/01/13;6.14;6.16;6.06;6.07;883424;35118152.00
2011/01/14;6.08;6.08;5.86;5.89;1714084;66543412.00
2011/01/17;5.83;5.87;5.57;5.57;1919689;71559464.00
2011/01/18;5.57;5.57;5.40;5.53;1103687;39870664.00
2011/01/19;5.53;5.62;5.48;5.61;866297;31750296.00
2011/01/20;5.63;5.65;5.30;5.30;1526090;54668408.00
2011/01/21;5.30;5.43;5.28;5.39;1059710;37539264.00
2011/01/24;5.40;5.42;5.13;5.19;1155839;40222984.00
2011/01/25;5.19;5.22;5.03;5.08;1394528;47105092.00
2011/01/26;5.10;5.19;5.09;5.17;797095;27194594.00
2011/01/27;5.14;5.30;5.11;5.26;1094335;37791712.00
2011/01/28;5.26;5.50;5.22;5.42;1264217;44463112.00
2011/01/31;5.40;5.45;5.35;5.44;1145122;40867988.00
2011/02/01;5.45;5.46;5.36;5.39;812545;28881038.00
2011/02/09;5.38;5.42;5.30;5.32;811978;28689402.00
2011/02/10;5.30;5.44;5.30;5.44;1130808;40142456.00
2011/02/11;5.43;5.57;5.43;5.50;1631369;59074916.00
2011/02/14;5.51;5.67;5.50;5.62;1754333;64526816.00
2011/02/15;5.65;5.65;5.57;5.57;1496850;55141288.00
2011/02/16;5.57;5.64;5.53;5.63;1225428;45154584.00
2011/02/17;5.63;5.76;5.63;5.68;1592993;59427788.00
2011/02/18;5.68;5.68;5.52;5.57;1628440;59790340.00
2011/02/21;5.55;5.70;5.49;5.68;1472161;54221496.00
2011/02/22;5.70;5.97;5.68;5.71;4863325;185902512.00
2011/02/23;5.66;5.84;5.66;5.80;1730677;65446944.00
2011/02/24;5.80;5.81;5.76;5.79;1097187;41562612.00
2011/02/25;5.80;5.86;5.75;5.86;1519714;57872224.00
2011/02/28;5.86;5.89;5.80;5.86;1461312;55934612.00
2011/03/01;5.86;5.95;5.83;5.85;1694448;65304584.00
2011/03/02;5.84;5.84;5.63;5.71;2023975;75975744.00
2011/03/03;5.70;5.77;5.62;5.63;1282224;47844328.00
2011/03/04;5.68;5.88;5.63;5.83;1700300;64366852.00
2011/03/07;5.80;5.94;5.80;5.93;2284871;88203624.00
2011/03/08;5.93;5.94;5.85;5.89;1300893;50118972.00
2011/03/09;5.88;5.93;5.82;5.85;1282987;49201808.00
2011/03/10;5.83;5.86;5.77;5.78;1110748;42253684.00
2011/03/11;5.77;5.87;5.76;5.79;1041458;39689832.00
2011/03/14;5.77;5.77;5.66;5.71;1366267;51166380.00
2011/03/15;5.78;5.78;5.55;5.61;1488238;55059384.00
2011/03/16;5.61;5.67;5.58;5.66;1164244;43056152.00
2011/03/17;5.62;5.65;5.51;5.52;1442931;52845860.00
2011/03/18;5.54;5.60;5.53;5.55;690355;25188602.00
2011/03/21;5.56;5.69;5.56;5.61;1164020;43068932.00
2011/03/22;5.63;5.67;5.58;5.61;856171;31552364.00
2011/03/23;5.61;5.62;5.53;5.61;931410;34167428.00
2011/03/24;5.60;5.66;5.58;5.62;848988;31376456.00
2011/03/25;5.62;5.68;5.60;5.63;998585;36970728.00
2011/03/28;5.66;5.66;5.51;5.52;1960783;71734984.00
2011/03/29;5.50;5.51;5.32;5.33;2135531;75780352.00
2011/03/30;5.33;5.35;5.20;5.29;1452236;50484112.00
2011/03/31;5.39;5.41;5.28;5.28;1736560;61286904.00
2011/04/01;5.29;5.35;5.28;5.34;825430;28978562.00
2011/04/06;5.35;5.36;5.28;5.31;1064195;37307756.00
2011/04/07;5.36;5.36;5.30;5.35;808869;28438720.00
2011/04/08;5.35;5.41;5.31;5.41;976296;34569244.00
2011/04/11;5.45;5.45;5.30;5.33;1575292;55758192.00
2011/04/12;5.35;5.36;5.24;5.26;1705111;59570844.00
2011/04/13;5.27;5.31;5.23;5.30;1241299;43299912.00
2011/04/14;5.30;5.33;5.27;5.30;856172;29939444.00
2011/04/15;5.30;5.38;5.28;5.36;1921672;67623224.00
2011/04/18;5.23;5.24;4.82;4.94;5012620;166450960.00
2011/04/19;4.88;4.90;4.81;4.82;2215766;71355904.00
2011/04/20;4.88;4.91;4.83;4.87;1414376;45825164.00
2011/04/21;4.88;4.90;4.82;4.86;1550702;50162172.00
2011/04/22;4.86;4.88;4.76;4.77;2276670;72880888.00
2011/04/25;4.74;4.79;4.61;4.63;1611311;50490164.00
2011/04/26;4.63;4.63;4.53;4.54;1384935;42470800.00
2011/04/27;4.54;4.61;4.54;4.58;1240115;38093280.00
2011/04/28;4.58;4.61;4.40;4.41;1405891;42431772.00
2011/04/29;4.42;4.49;4.38;4.43;1457874;43209316.00
2011/05/03;4.43;4.47;4.39;4.46;1167955;34892032.00
2011/05/04;4.47;4.55;4.47;4.47;1450765;43828824.00
2011/05/05;4.43;4.49;4.39;4.44;820883;24485994.00
2011/05/06;4.45;4.52;4.39;4.51;918154;27521084.00
2011/05/10;4.53;4.56;4.49;4.53;962707;29173322.00
2011/05/11;4.55;4.56;4.48;4.50;605132;18303242.00
2011/05/12;4.48;4.48;4.36;4.37;859998;25624326.00
2011/05/13;4.36;4.42;4.36;4.42;706600;20855222.00
2011/05/16;4.43;4.61;4.41;4.53;1690734;51361156.00
2011/05/17;4.53;4.57;4.49;4.53;854990;25985922.00
2011/05/18;4.53;4.65;4.53;4.61;1003984;30962828.00
2011/05/19;4.60;4.63;4.53;4.54;783050;23928288.00
2011/05/20;4.58;4.63;4.56;4.60;782015;24082148.00
2011/05/23;4.59;4.63;4.43;4.44;1047551;31587950.00
2011/05/24;4.42;4.50;4.37;4.49;808535;24142522.00
2011/05/25;4.49;4.59;4.45;4.52;1073512;32691848.00
2011/05/26;4.49;4.52;4.33;4.33;990216;28992856.00
2011/05/27;4.33;4.35;4.17;4.21;963775;26979876.00
2011/05/30;4.20;4.25;4.15;4.17;564547;15682933.00
2011/05/31;4.18;4.24;4.17;4.24;517364;14390504.00
2011/06/01;4.24;4.27;4.22;4.26;457543;12843795.00
2011/06/02;4.19;4.23;4.16;4.19;519067;14387987.00
2011/06/03;4.19;4.25;4.19;4.25;529698;14846630.00
2011/06/07;4.25;4.28;4.24;4.28;464878;13089371.00
2011/06/08;4.28;4.31;4.23;4.29;513909;14513969.00
2011/06/09;4.30;4.30;4.19;4.21;501161;14040583.00
2011/06/10;4.20;4.39;4.18;4.33;1304509;37093456.00
2011/06/13;4.29;4.43;4.29;4.40;1430622;41301924.00
2011/06/14;4.39;4.43;4.36;4.38;908742;26310188.00
2011/06/15;4.41;4.42;4.31;4.32;505203;14541065.00
2011/06/16;4.30;4.33;4.19;4.21;630489;17686914.00
2011/06/17;4.19;4.25;4.15;4.17;391689;10894289.00
2011/06/20;4.17;4.25;4.17;4.20;497754;13890147.00
2011/06/21;4.20;4.25;4.13;4.24;369171;10293823.00
2011/06/22;4.25;4.31;4.24;4.26;438921;12393878.00
2011/06/23;4.26;4.35;4.22;4.35;835940;23767614.00
2011/06/24;4.36;4.47;4.33;4.44;1625783;47244272.00
2011/06/27;4.44;4.52;4.42;4.45;1237074;36411164.00
2011/06/28;4.43;4.50;4.40;4.44;841518;24589434.00
2011/06/29;4.48;4.48;4.34;4.34;846570;24525744.00
2011/06/30;4.33;4.60;4.33;4.51;1696841;50189720.00
2011/07/01;4.50;4.54;4.46;4.53;1200190;35531124.00
2011/07/04;4.53;4.60;4.53;4.59;1360809;40877060.00
2011/07/05;4.59;4.64;4.55;4.61;1404670;42333644.00
2011/07/06;4.61;4.62;4.55;4.60;1107856;33288274.00
2011/07/07;4.61;4.83;4.61;4.71;3225484;100175104.00
2011/07/08;4.67;4.78;4.67;4.74;1189474;36914688.00
2011/07/11;4.69;4.82;4.69;4.77;1203443;37690568.00
2011/07/12;4.71;4.75;4.62;4.62;1118700;34170988.00
2011/07/13;4.57;4.68;4.57;4.68;880841;26868920.00
2011/07/14;4.68;4.76;4.65;4.72;819333;25279638.00
2011/07/15;4.72;4.84;4.70;4.79;1592392;49913104.00
2011/07/18;4.79;4.94;4.79;4.87;1979228;63203684.00
2011/07/19;4.84;4.90;4.79;4.85;1357232;42848676.00
2011/07/20;4.88;4.92;4.76;4.88;1740998;54963896.00
2011/07/21;4.85;4.88;4.79;4.80;1126551;35467536.00
2011/07/22;4.83;5.01;4.81;4.97;2820563;90989704.00
2011/07/25;4.97;5.02;4.79;4.80;2279816;73193408.00
2011/07/26;4.81;4.84;4.64;4.76;1348290;41951552.00
2011/07/27;4.77;4.93;4.70;4.87;1396221;44066084.00
2011/07/28;4.82;4.85;4.75;4.81;847344;26597662.00
2011/07/29;4.81;4.86;4.70;4.74;1034003;32264980.00
2011/08/01;4.73;4.74;4.57;4.66;896159;27383178.00
2011/08/02;4.62;4.66;4.53;4.64;854740;25759698.00
2011/08/03;4.59;4.73;4.57;4.69;790759;24196382.00
2011/08/04;4.73;4.73;4.60;4.69;648844;19867646.00
2011/08/05;4.57;4.82;4.53;4.74;1713650;52573600.00
2011/08/08;4.68;4.69;4.33;4.53;1404707;42057360.00
2011/08/09;4.38;4.59;4.33;4.54;1026131;30114576.00
2011/08/10;4.62;4.66;4.57;4.59;1006174;30450548.00
2011/08/11;4.50;4.69;4.48;4.66;1311493;39477928.00
2011/08/12;4.70;4.84;4.66;4.79;1871251;58280108.00
2011/08/15;4.79;4.82;4.75;4.80;1025921;32159800.00
2011/08/16;4.82;4.84;4.76;4.78;1225796;38444756.00
2011/08/17;4.78;4.79;4.69;4.69;1051647;32510504.00
2011/08/18;4.68;4.69;4.55;4.55;1000022;30212856.00
2011/08/19;4.48;4.51;4.43;4.48;784335;23055398.00
2011/08/22;4.48;4.53;4.45;4.49;531575;15720169.00
2011/08/23;4.49;4.54;4.46;4.51;1081992;32001464.00
2011/08/24;4.53;4.63;4.53;4.55;1364522;40951236.00
2011/08/25;4.57;4.76;4.55;4.71;1701326;52007396.00
2011/08/26;4.70;4.73;4.68;4.71;682307;21033672.00
2011/08/29;4.70;4.71;4.63;4.65;645475;19740982.00
2011/08/30;4.66;4.75;4.57;4.58;1001535;30575394.00
2011/08/31;4.57;4.63;4.45;4.47;960538;28450318.00
2011/09/01;4.48;4.52;4.45;4.45;556968;16432548.00
2011/09/02;4.45;4.47;4.34;4.38;579761;16768760.00
2011/09/05;4.32;4.38;4.26;4.28;390658;11095096.00
2011/09/06;4.28;4.35;4.27;4.28;539989;15301397.00
2011/09/07;4.30;4.45;4.29;4.42;555315;16017760.00
2011/09/08;4.42;4.43;4.33;4.33;550809;15907251.00
2011/09/09;4.38;4.40;4.23;4.25;580530;16401407.00
2011/09/13;4.21;4.21;4.10;4.11;1019708;27907616.00
2011/09/14;4.14;4.15;3.98;4.08;1287109;34685436.00
2011/09/15;4.11;4.11;4.03;4.05;1050445;28384524.00
2011/09/16;4.08;4.13;4.07;4.09;809317;22040278.00
2011/09/19;4.09;4.09;4.00;4.00;343033;9160795.00
2011/09/20;4.00;4.10;4.00;4.05;324122;8690279.00
2011/09/21;4.06;4.18;4.04;4.16;739395;20263954.00
2011/09/22;4.13;4.15;4.01;4.02;680137;18416540.00
2011/09/23;3.98;4.00;3.93;3.99;628229;16568452.00
2011/09/26;3.97;4.03;3.97;3.99;526957;13996862.00
2011/09/27;4.02;4.04;3.97;4.03;433859;11556379.00
2011/09/28;4.06;4.08;3.93;3.95;537816;14308608.00
2011/09/29;3.93;3.93;3.78;3.79;787686;20130768.00
2011/09/30;3.79;3.80;3.71;3.73;698197;17488166.00
2011/10/10;3.73;3.77;3.70;3.70;369333;9192320.00
2011/10/11;3.79;3.82;3.67;3.71;470442;11819793.00
2011/10/12;3.71;3.84;3.68;3.82;734572;18643892.00
2011/10/13;3.82;3.88;3.81;3.87;642872;16507093.00
2011/10/14;3.84;3.85;3.73;3.77;981950;24821642.00
2011/10/17;3.78;3.86;3.75;3.82;726940;18540172.00
2011/10/19;3.74;3.76;3.66;3.69;814693;20254812.00
2011/10/20;3.67;3.71;3.51;3.53;751726;18108084.00
2011/10/21;3.52;3.56;3.44;3.45;620686;14578174.00
2011/10/24;3.48;3.52;3.39;3.51;544227;12751524.00
2011/10/25;3.55;3.67;3.52;3.66;1175475;28574456.00
2011/10/26;3.62;3.70;3.60;3.66;866822;21305470.00
2011/10/27;3.66;3.70;3.63;3.64;596716;14675939.00
2011/10/28;3.68;3.73;3.66;3.72;976869;24216792.00
2011/10/31;3.73;3.80;3.71;3.79;1303171;32689044.00
2011/11/01;3.76;3.79;3.74;3.75;922837;23230360.00
2011/11/02;3.68;4.00;3.67;3.99;1950755;49861092.00
2011/11/03;3.98;4.09;3.95;3.99;1894657;50590496.00
2011/11/04;4.02;4.15;4.02;4.09;1946908;52747176.00
2011/11/07;4.08;4.28;4.03;4.20;4131181;114484280.00
2011/11/08;4.23;4.23;4.10;4.11;1930450;53432264.00
2011/11/09;4.13;4.21;4.03;4.11;1650503;44899976.00
2011/11/10;4.06;4.15;4.03;4.06;1334788;36271676.00
2011/11/11;4.10;4.12;4.06;4.08;1276223;34598640.00
2011/11/14;4.11;4.20;4.10;4.16;977047;26959470.00
2011/11/15;4.16;4.26;4.12;4.24;1150729;32009112.00
2011/11/16;4.23;4.27;4.10;4.12;1344834;37409652.00
2011/11/17;4.13;4.21;4.12;4.13;840731;23128492.00
2011/11/18;4.10;4.10;3.97;3.99;891705;23820192.00
2011/11/21;3.99;4.03;3.96;4.00;319959;8482644.00
2011/11/22;3.95;4.02;3.93;3.98;494917;13104433.00
2011/11/23;3.99;4.10;3.97;4.06;716780;19165410.00
2011/11/24;4.03;4.09;3.98;4.00;485480;12998722.00
2011/11/25;4.03;4.04;3.93;3.95;438190;11618422.00
2011/11/28;3.95;3.99;3.92;3.95;536914;14099818.00
2011/11/29;3.99;4.13;3.93;4.13;1021214;27373164.00
2011/11/30;4.11;4.18;3.90;3.90;1284836;34305192.00
2011/12/01;4.07;4.09;4.00;4.00;930798;24999664.00
2011/12/02;4.00;4.02;3.72;3.72;1072801;27345374.00
2011/12/05;3.75;3.75;3.58;3.60;532144;13060330.00
2011/12/06;3.61;3.63;3.54;3.61;354226;8538923.00
2011/12/07;3.63;3.71;3.61;3.67;412004;10141921.00
2011/12/08;3.67;3.75;3.56;3.72;618165;15198933.00
2011/12/09;3.70;3.72;3.66;3.67;286145;7065624.00
2011/12/12;3.68;3.71;3.63;3.66;360761;8880512.00
2011/12/13;3.66;3.66;3.55;3.55;425035;10232843.00
2011/12/14;3.52;3.61;3.52;3.54;263943;6329514.50
2011/12/15;3.54;3.58;3.50;3.53;655388;15658646.00
2011/12/16;3.54;3.63;3.44;3.63;788575;18862380.00
2011/12/19;3.60;3.79;3.58;3.76;1477018;36576164.00
2011/12/20;3.75;3.77;3.68;3.68;654710;16325425.00
2011/12/21;3.73;3.75;3.57;3.57;471630;11635710.00
2011/12/22;3.57;3.57;3.40;3.46;907046;21042438.00
2011/12/23;3.45;3.53;3.42;3.48;422085;9938962.00
2011/12/27;3.48;3.53;3.39;3.40;719581;16737967.00
2011/12/28;3.38;3.48;3.33;3.43;633349;14567346.00
2011/12/29;3.39;3.47;3.35;3.41;841046;19496916.00
2011/12/30;3.43;3.46;3.37;3.43;878987;20344960.00
2012/01/04;3.45;3.50;3.37;3.37;574993;13363748.00
2012/01/05;3.36;3.36;3.06;3.07;971685;21161474.00
2012/01/06;2.96;3.06;2.96;3.03;774429;15955954.00
2012/01/09;3.03;3.16;2.99;3.15;504260;10687766.00
2012/01/10;3.14;3.29;3.12;3.27;675172;14846267.00
2012/01/11;3.26;3.32;3.24;3.27;568442;12661075.00
2012/01/12;3.24;3.30;3.24;3.27;517194;11510727.00
2012/01/13;3.25;3.28;3.07;3.09;619303;13320077.00
2012/01/16;3.08;3.08;2.98;2.99;379429;7886699.50
2012/01/17;2.99;3.17;2.98;3.17;676652;14274503.00
2012/01/18;3.17;3.19;2.90;2.94;1065596;22384302.00
2012/01/19;2.93;3.01;2.91;2.99;804854;16378183.00
2012/01/20;2.99;3.06;2.94;3.04;535242;11105879.00
2012/01/30;3.04;3.20;3.04;3.12;1119875;24142326.00
2012/01/31;3.10;3.16;3.07;3.11;530742;11252921.00
2012/02/01;3.11;3.16;3.08;3.09;504970;10762770.00
2012/02/02;3.10;3.16;3.08;3.15;475009;10133291.00
2012/02/03;3.17;3.27;3.15;3.25;1101722;24130134.00
2012/02/06;3.27;3.27;3.21;3.26;1069580;23584492.00
2012/02/07;3.25;3.25;3.15;3.20;626938;13642412.00
2012/02/08;3.18;3.32;3.18;3.31;933907;20658332.00
2012/02/09;3.28;3.35;3.26;3.28;1267810;28465022.00
2012/02/10;3.28;3.34;3.27;3.30;995426;22342642.00
2012/02/13;3.27;3.39;3.26;3.37;1277284;28837694.00
2012/02/14;3.38;3.38;3.32;3.35;818952;18513044.00
2012/02/15;3.32;3.42;3.32;3.39;954909;21834070.00
2012/02/16;3.38;3.49;3.37;3.44;1461777;33993476.00
2012/02/17;3.45;3.52;3.42;3.44;1356573;31743096.00
2012/02/20;3.48;3.58;3.45;3.50;1539243;36489024.00
2012/02/21;3.50;3.62;3.50;3.61;1824210;43693200.00
2012/02/22;3.59;3.78;3.59;3.74;2924080;72714128.00
2012/02/23;3.73;3.74;3.65;3.73;2193791;54450628.00
2012/02/24;3.73;3.75;3.67;3.74;2055122;50975772.00
2012/02/27;3.75;3.83;3.70;3.70;2353578;59287856.00
2012/02/28;3.70;3.76;3.68;3.70;2748087;68370200.00
2012/02/29;3.70;3.74;3.64;3.65;870836;21473212.00
2012/03/01;3.65;3.81;3.64;3.78;1724557;43221812.00
2012/03/02;3.80;3.93;3.78;3.92;2100859;54134540.00
2012/03/05;3.95;4.09;3.87;3.88;3221273;85734864.00
2012/03/06;3.87;4.04;3.83;3.96;2278979;59683856.00
2012/03/07;3.88;4.00;3.86;3.93;1397558;36546932.00
2012/03/08;3.93;3.98;3.90;3.95;1274963;33442818.00
2012/03/09;3.96;4.09;3.96;4.06;1769063;47484700.00
2012/03/12;4.08;4.22;4.07;4.14;1939525;53383692.00
2012/03/13;4.16;4.17;4.05;4.06;1388823;37543824.00
2012/03/14;4.07;4.10;3.73;3.82;2329309;61169584.00
2012/03/15;3.83;3.89;3.72;3.76;1347470;34125568.00
2012/03/16;3.78;3.93;3.78;3.92;1450974;37480252.00
2012/03/19;3.97;3.97;3.89;3.95;800766;20982152.00
2012/03/20;3.95;3.95;3.74;3.75;1237872;31665284.00
2012/03/21;3.77;3.81;3.67;3.75;1288997;32259524.00
2012/03/22;3.72;3.81;3.72;3.76;469793;11829856.00
2012/03/23;3.75;3.78;3.72;3.78;561603;14109946.00
2012/03/26;3.78;3.80;3.70;3.75;339101;8527834.00
2012/03/27;3.77;3.88;3.76;3.82;848248;21737212.00
2012/03/28;3.82;3.82;3.64;3.65;926035;22889168.00
2012/03/29;3.62;3.66;3.46;3.55;912962;21867434.00
2012/03/30;3.53;3.60;3.51;3.57;671067;16096728.00
2012/04/05;3.50;3.68;3.47;3.66;867002;20839312.00
2012/04/06;3.63;3.69;3.61;3.64;677736;16614641.00
2012/04/09;3.64;3.70;3.63;3.64;590205;14492084.00
2012/04/10;3.63;3.65;3.54;3.64;480597;11583756.00
2012/04/11;3.58;3.74;3.57;3.73;718920;17792946.00
2012/04/12;3.74;3.88;3.70;3.86;1619460;41080792.00
2012/04/13;3.90;3.90;3.83;3.85;1067440;27417782.00
2012/04/16;3.82;3.86;3.81;3.82;579117;14862810.00
2012/04/17;3.84;3.84;3.74;3.75;591951;14928930.00
2012/04/18;3.80;3.90;3.75;3.87;864141;22210418.00
2012/04/19;3.87;3.93;3.81;3.85;528468;13651632.00
2012/04/20;3.84;4.00;3.84;3.97;1452823;38112052.00
2012/04/24;3.89;3.90;3.68;3.79;1269040;32162720.00
2012/04/25;3.79;3.80;3.74;3.76;641274;16136507.00
2012/04/26;3.76;3.86;3.76;3.79;540050;13758768.00
2012/04/27;3.82;3.89;3.80;3.87;741124;19085148.00
2012/05/02;3.93;3.98;3.86;3.87;918019;23871784.00
2012/05/03;3.85;3.94;3.84;3.89;599338;15521026.00
2012/05/04;3.93;3.93;3.78;3.88;690081;17468976.00
2012/05/07;3.88;3.91;3.87;3.90;1074349;27259890.00
2012/05/08;3.92;4.02;3.91;3.98;1453718;37730224.00
2012/05/09;3.98;4.08;3.94;3.99;1535992;40116272.00
2012/05/10;3.99;4.08;3.98;4.06;1221100;32047236.00
2012/05/11;4.03;4.12;4.03;4.10;2039098;54144860.00
2012/05/14;4.13;4.13;3.95;3.95;1368847;35819740.00
2012/05/15;3.92;3.95;3.83;3.93;972415;24670442.00
2012/05/16;3.93;3.98;3.87;3.88;723115;18461474.00
2012/05/17;3.91;3.93;3.76;3.81;1420957;35371528.00
2012/05/18;3.82;3.86;3.75;3.76;666232;16533479.00
2012/05/21;3.77;3.82;3.75;3.80;484822;11999571.00
2012/05/22;3.82;3.84;3.79;3.81;457497;11368143.00
2012/05/23;3.83;3.84;3.75;3.77;636835;15735918.00
2012/05/24;3.77;3.84;3.77;3.82;624237;15524813.00
2012/05/25;3.82;3.83;3.67;3.69;601025;14728485.00
2012/05/28;3.70;3.71;3.63;3.70;505962;12118964.00
2012/05/29;3.72;3.79;3.70;3.77;557440;13634693.00
2012/05/30;3.78;3.80;3.72;3.78;520949;12787758.00
2012/05/31;3.74;3.89;3.73;3.86;837400;20941140.00
2012/06/01;3.85;3.88;3.81;3.85;495054;12429300.00
2012/06/04;3.80;3.82;3.67;3.69;622426;15312289.00
2012/06/05;3.69;3.76;3.62;3.64;571965;13690676.00
2012/06/06;3.67;3.68;3.61;3.61;383044;9142210.00
2012/06/07;3.65;3.68;3.61;3.64;336072;8013590.00
2012/06/08;3.67;3.71;3.63;3.63;304032;7304096.50
2012/06/11;3.64;3.73;3.64;3.73;378686;9155770.00
2012/06/12;3.73;3.73;3.68;3.70;231423;5602173.50
2012/06/13;3.71;3.71;3.60;3.65;1645354;39240608.00
2012/06/14;3.64;3.68;3.62;3.65;604663;14449189.00
2012/06/15;3.66;3.81;3.65;3.75;1703923;41667668.00
2012/06/18;3.77;3.77;3.69;3.70;1314750;32040680.00
2012/06/19;3.68;3.72;3.62;3.64;1283657;30604728.00
2012/06/20;3.68;3.68;3.56;3.57;1025549;24219618.00
2012/06/21;3.55;3.58;3.33;3.40;1601564;36318504.00
2012/06/25;3.40;3.42;3.33;3.33;609095;13530295.00
2012/06/26;3.30;3.38;3.29;3.35;506229;11131209.00
2012/06/27;3.38;3.42;3.33;3.36;683737;15252315.00
2012/06/28;3.37;3.46;3.37;3.37;836827;18839346.00
2012/06/29;3.35;3.44;3.35;3.43;356804;8001372.00
2012/07/02;3.45;3.51;3.44;3.49;611459;14035779.00
2012/07/03;3.47;3.58;3.47;3.58;931747;21692532.00
2012/07/04;3.58;3.60;3.51;3.57;531158;12351635.00
2012/07/05;3.55;3.55;3.46;3.47;618851;14217696.00
2012/07/06;3.50;3.52;3.39;3.51;625381;14184776.00
2012/07/09;3.50;3.53;3.42;3.42;623066;14281709.00
2012/07/10;3.45;3.46;3.41;3.45;385396;8727873.00
2012/07/11;3.42;3.48;3.42;3.47;230970;5254096.00
2012/07/12;3.47;3.56;3.44;3.55;620488;14354300.00
2012/07/13;3.56;3.57;3.51;3.55;389599;9036386.00
2012/07/16;3.55;3.55;3.41;3.41;530142;12059601.00
2012/07/17;3.42;3.43;3.37;3.42;417570;9351718.00
2012/07/18;3.38;3.43;3.36;3.43;331071;7408754.00
2012/07/19;3.40;3.50;3.39;3.47;380231;8675925.00
2012/07/20;3.45;3.50;3.45;3.46;302393;6899153.00
2012/07/23;3.46;3.48;3.41;3.48;275682;6261736.50
2012/07/24;3.46;3.59;3.45;3.55;799454;18614234.00
2012/07/25;3.55;3.65;3.53;3.64;1281305;30260082.00
2012/07/26;3.64;3.65;3.60;3.61;697234;16567473.00
2012/07/27;3.61;3.70;3.53;3.56;1328672;31617882.00
2012/07/30;3.56;3.58;3.51;3.51;1207075;28078398.00
2012/07/31;3.51;3.52;3.36;3.37;656201;14759192.00
2012/08/01;3.37;3.45;3.37;3.45;452268;10155684.00
2012/08/02;3.46;3.47;3.42;3.44;363598;8231966.50
2012/08/03;3.44;3.51;3.43;3.51;349126;7992076.00
2012/08/06;3.53;3.65;3.51;3.63;1079627;25533580.00
2012/08/07;3.62;3.67;3.61;3.64;560352;13359764.00
2012/08/08;3.68;3.77;3.65;3.66;925844;22449234.00
2012/08/09;3.64;3.68;3.57;3.68;903528;21418206.00
2012/08/10;3.65;3.73;3.65;3.70;624263;15066889.00
2012/08/13;3.67;3.74;3.64;3.66;979744;23763970.00
2012/08/14;3.65;3.72;3.63;3.68;845275;20274922.00
2012/08/15;3.70;3.76;3.67;3.72;830879;20208140.00
2012/08/16;3.71;3.77;3.69;3.71;623822;15209709.00
2012/08/17;3.71;3.71;3.64;3.68;572170;13736150.00
2012/08/20;3.67;3.67;3.61;3.66;504252;11988346.00
2012/08/21;3.68;3.77;3.64;3.68;1635460;39543576.00
2012/08/22;3.67;3.75;3.63;3.69;1089722;26362150.00
2012/08/23;3.69;3.77;3.67;3.76;925523;22594196.00
2012/08/24;3.74;3.75;3.65;3.68;1003532;24290208.00
2012/08/27;3.69;3.69;3.50;3.52;922382;21656572.00
2012/08/28;3.52;3.55;3.48;3.52;531969;12282896.00
2012/08/29;3.52;3.61;3.51;3.58;698767;16409100.00
2012/08/30;3.55;3.65;3.43;3.57;951888;22182806.00
2012/08/31;3.52;3.68;3.48;3.66;781714;18575216.00
2012/09/03;3.65;3.77;3.62;3.77;1353149;33043068.00
2012/09/04;3.78;3.83;3.73;3.75;1105281;27266772.00
2012/09/05;3.80;3.89;3.75;3.84;1900284;47576036.00
2012/09/06;3.84;3.94;3.83;3.89;1296400;32870430.00
2012/09/07;3.95;4.14;3.95;4.08;3259400;85919304.00
2012/09/10;4.09;4.25;4.03;4.18;3147197;84951784.00
2012/09/11;4.17;4.31;4.11;4.19;2657746;72183272.00
2012/09/12;4.19;4.21;4.11;4.19;1627528;43874644.00
2012/09/13;4.21;4.34;4.12;4.26;3601155;98978864.00
2012/09/14;4.23;4.28;4.09;4.19;2254610;60979660.00
2012/09/17;4.14;4.20;4.08;4.15;1819016;48729504.00
2012/09/18;4.13;4.19;4.05;4.11;1741229;46621656.00
2012/09/19;4.15;4.25;4.14;4.21;2209940;60158636.00
2012/09/20;4.22;4.22;4.07;4.15;1772661;47497528.00
2012/09/21;4.15;4.15;3.89;3.93;2274460;59477852.00
2012/09/24;3.91;3.96;3.87;3.94;1246808;31838336.00
2012/09/25;3.95;4.00;3.92;3.95;692342;17844234.00
2012/09/26;3.95;3.99;3.83;3.93;1010990;25785958.00
2012/09/27;3.89;4.09;3.88;4.08;1023503;26699460.00
2012/09/28;4.05;4.14;4.02;4.13;847106;22471222.00
2012/10/08;4.12;4.21;4.12;4.17;849620;22918902.00
2012/10/09;4.14;4.23;4.12;4.21;896896;24376602.00
2012/10/10;4.20;4.22;4.15;4.22;744524;20143146.00
2012/10/11;4.20;4.20;4.11;4.14;640771;17197486.00
2012/10/12;4.12;4.16;4.08;4.12;578447;15431872.00
2012/10/15;4.12;4.13;4.07;4.12;425820;11293043.00
2012/10/16;4.11;4.12;3.96;4.03;2064682;54098960.00
2012/10/17;4.04;4.04;3.90;3.95;992134;25561700.00
2012/10/18;3.96;4.03;3.95;4.00;730178;18940242.00
2012/10/19;4.00;4.03;3.97;3.99;339997;8856981.00
2012/10/22;3.98;4.02;3.94;4.01;527440;13672674.00
2012/10/23;4.03;4.06;3.99;4.02;383886;10022630.00
2012/10/24;3.99;4.02;3.94;3.99;302636;7835499.00
2012/10/25;3.92;4.00;3.92;3.98;552107;14239563.00
2012/10/26;3.96;4.05;3.92;4.05;1276171;33185322.00
2012/10/29;4.06;4.12;4.03;4.11;1008990;26671196.00
2012/10/30;4.08;4.10;4.00;4.00;564758;14797503.00
2012/10/31;3.97;4.01;3.92;4.00;923300;23775840.00
2012/11/01;3.98;4.07;3.98;4.05;576809;15132948.00
2012/11/02;4.05;4.10;4.03;4.09;574127;15177872.00
2012/11/05;4.09;4.25;4.08;4.21;1439350;39034920.00
2012/11/06;4.20;4.23;4.12;4.17;820106;22143258.00
2012/11/07;4.19;4.19;4.07;4.08;670043;17918162.00
2012/11/08;4.08;4.10;3.93;3.93;904546;23433918.00
2012/11/09;3.92;3.97;3.80;3.87;1418791;35583052.00
2012/11/12;3.84;3.93;3.84;3.90;686823;17467482.00
2012/11/13;3.93;3.93;3.85;3.87;454812;11465825.00
2012/11/14;3.91;3.91;3.81;3.86;271391;6801296.00
2012/11/15;3.81;3.86;3.78;3.78;364872;9079377.00
2012/11/16;3.75;3.76;3.62;3.71;1052518;25229594.00
2012/11/19;3.70;3.70;3.63;3.66;356036;8509955.00
2012/11/20;3.70;3.70;3.65;3.65;275561;6604549.00
2012/11/21;3.68;3.68;3.59;3.68;336114;8022326.00
2012/11/22;3.68;3.68;3.59;3.64;274373;6503871.50
2012/11/23;3.64;3.67;3.60;3.63;221372;5278131.50
2012/11/26;3.63;3.66;3.58;3.61;227667;5404678.50
2012/11/27;3.61;3.61;3.48;3.50;417828;9631158.00
2012/11/28;3.48;3.48;3.37;3.38;403366;9040372.00
2012/11/29;3.37;3.44;3.37;3.40;386040;8682470.00
2012/11/30;3.40;3.47;3.40;3.45;119799;2712229.50
2012/12/03;3.42;3.45;3.32;3.36;214968;4803026.00
2012/12/04;3.35;3.42;3.31;3.41;232511;5156402.50
2012/12/05;3.41;3.56;3.38;3.48;561230;12879665.00
2012/12/06;3.48;3.51;3.44;3.48;323757;7395536.00
2012/12/07;3.50;3.58;3.47;3.55;422994;9823449.00
2012/12/10;3.57;3.58;3.53;3.57;432121;10075318.00
2012/12/11;3.57;3.61;3.52;3.56;412554;9631338.00
2012/12/12;3.53;3.58;3.50;3.54;298794;6919197.50
2012/12/13;3.52;3.55;3.50;3.52;249292;5761287.00
2012/12/14;3.60;3.81;3.60;3.76;1117703;27042888.00
2012/12/17;3.75;3.85;3.70;3.83;847661;20979762.00
2012/12/18;3.79;3.84;3.74;3.74;596946;14775594.00
2012/12/19;3.81;4.03;3.81;3.97;1704188;43758468.00
2012/12/20;3.95;4.01;3.90;4.00;990516;25525562.00
2012/12/21;3.97;4.02;3.93;3.99;752584;19472172.00
2012/12/24;3.99;4.08;3.97;4.06;1202016;31516020.00
2012/12/25;4.03;4.13;3.98;4.05;1355363;35607860.00
2012/12/26;4.04;4.14;4.01;4.13;1107419;29365160.00
2012/12/27;4.14;4.25;4.02;4.02;1886516;50500312.00
2012/12/28;4.03;4.43;4.03;4.43;5097384;141676592.00
2012/12/31;4.50;4.78;4.47;4.48;5097349;150606320.00
2013/01/04;4.50;4.58;4.35;4.48;2559811;73396512.00
2013/01/07;4.45;4.72;4.40;4.59;2996274;88658936.00
2013/01/08;4.67;5.09;4.66;5.04;6426709;204577824.00
2013/01/09;4.96;5.11;4.75;4.78;4892042;153908464.00
2013/01/10;4.67;4.88;4.63;4.77;3382062;103778512.00
2013/01/11;4.75;4.96;4.72;4.73;4074757;126733384.00
2013/01/14;4.67;5.00;4.63;4.95;4319874;134443632.00
2013/01/15;5.04;5.41;5.04;5.06;6564917;217670240.00
2013/01/16;5.00;5.17;4.85;5.15;4275631;136412784.00
2013/01/17;5.10;5.10;4.79;4.80;3081080;97097040.00
2013/01/18;4.78;4.93;4.78;4.84;2193487;68009008.00
2013/01/21;4.81;5.02;4.80;4.82;2033333;63705664.00
2013/01/22;4.83;4.89;4.67;4.75;2279833;70040936.00
2013/01/23;4.70;4.88;4.70;4.88;2578723;79807400.00
2013/01/24;4.91;5.03;4.73;4.79;3671286;115108512.00
2013/01/25;4.75;4.80;4.65;4.67;1863751;56345260.00
2013/01/28;4.67;4.81;4.67;4.79;1690309;51776380.00
2013/01/29;4.78;4.90;4.75;4.90;1548334;48159580.00
2013/01/30;4.91;4.94;4.79;4.87;1782856;55653428.00
2013/01/31;4.90;4.95;4.72;4.73;1446959;44395752.00
2013/02/01;4.76;4.84;4.72;4.75;1189437;36429944.00
2013/02/04;4.80;4.80;4.49;4.55;2571459;76747592.00
2013/02/05;4.52;4.58;4.42;4.44;3014936;86634232.00
2013/02/06;4.68;4.83;4.67;4.68;2669266;80985496.00
2013/02/07;4.55;4.78;4.53;4.73;1672643;50362524.00
2013/02/08;4.73;5.03;4.69;4.95;2960969;93003064.00
2013/02/18;4.97;4.99;4.85;4.95;1558054;49065572.00
2013/02/19;4.90;4.95;4.75;4.75;1627359;50288876.00
2013/02/20;4.72;4.88;4.68;4.88;1524880;46742456.00
2013/02/21;4.84;4.84;4.66;4.72;1409509;42821696.00
2013/02/22;4.72;4.80;4.65;4.75;1363126;41363288.00
2013/02/25;4.74;4.91;4.70;4.90;1741625;54030152.00
2013/02/26;4.92;4.98;4.83;4.83;1582166;49733800.00
2013/02/27;4.83;4.89;4.75;4.80;1004719;31019538.00
2013/02/28;4.85;5.03;4.85;4.99;3117293;99293416.00
2013/03/01;4.98;5.22;4.97;5.21;4010964;131192696.00
2013/03/04;5.21;5.32;5.08;5.12;4010402;133357256.00
2013/03/05;5.15;5.31;5.11;5.27;2683375;89245008.00
2013/03/06;5.27;5.46;5.23;5.41;2822583;96950536.00
2013/03/07;5.41;5.46;5.10;5.14;3278954;110243064.00
2013/03/08;5.16;5.20;4.94;4.99;2035729;66070104.00
2013/03/11;4.99;5.07;4.96;5.03;1179359;37861160.00
2013/03/12;5.06;5.08;4.67;4.76;1955913;60367356.00
2013/03/13;4.77;4.79;4.65;4.76;965233;29215708.00
2013/03/14;4.78;4.83;4.73;4.76;668851;20510686.00
2013/03/15;4.77;4.91;4.70;4.80;961392;29820574.00
2013/03/18;4.83;4.83;4.70;4.72;725698;22067036.00
2013/03/19;4.70;4.77;4.66;4.69;846506;25542974.00
2013/03/20;4.70;4.85;4.70;4.85;1006878;31049306.00
2013/03/21;4.85;5.00;4.83;4.98;1208620;38189296.00
2013/03/22;4.98;5.06;4.95;5.00;1288301;41274736.00
2013/03/25;5.00;5.08;4.94;4.99;776166;24863286.00
2013/03/26;4.96;4.96;4.85;4.90;911476;28629484.00
2013/03/27;4.90;5.16;4.90;5.09;2269108;73800584.00
2013/03/28;4.97;4.97;4.81;4.86;1907123;59403368.00
2013/03/29;4.86;4.91;4.77;4.77;895829;27826612.00
2013/04/01;4.77;4.86;4.70;4.81;772750;23829286.00
2013/04/02;4.81;4.85;4.60;4.62;1085354;32804964.00
2013/04/03;4.67;4.75;4.47;4.65;1167150;34541744.00
2013/04/08;4.53;5.00;4.50;4.90;2230212;69097008.00
2013/04/09;4.89;5.03;4.84;4.95;1340347;42311612.00
2013/04/10;4.93;5.03;4.86;4.88;1174508;37151896.00
2013/04/11;4.88;4.98;4.85;4.85;705743;22148872.00
2013/04/12;4.83;4.85;4.71;4.71;789672;24169874.00
2013/04/15;4.71;4.71;4.46;4.50;1766450;51671176.00
2013/04/16;4.47;4.54;4.43;4.54;1529373;44148012.00
2013/04/17;4.51;4.58;4.50;4.55;1001427;29303294.00
2013/04/18;4.51;4.59;4.46;4.59;1216702;35711676.00
2013/04/19;4.58;4.69;4.55;4.67;1076636;32228762.00
2013/04/22;4.68;4.87;4.68;4.86;1458598;44788192.00
2013/04/23;4.87;4.93;4.64;4.70;1481766;45088572.00
2013/04/24;4.69;4.78;4.63;4.76;1446877;43775748.00
2013/04/25;4.73;4.77;4.61;4.61;1326156;39902108.00
2013/04/26;4.62;4.66;4.47;4.48;1081614;31587802.00
2013/05/02;4.48;4.56;4.47;4.51;606397;17634420.00
2013/05/03;4.54;4.82;4.50;4.70;1669426;49970348.00
2013/05/06;4.70;4.86;4.68;4.84;1606863;49533828.00
2013/05/07;4.84;4.87;4.76;4.79;844374;25985354.00
2013/05/08;4.85;4.97;4.82;4.95;1809833;56532004.00
2013/05/09;4.94;5.05;4.92;4.99;1964279;62116484.00
2013/05/10;5.03;5.18;4.92;4.92;2491955;79865128.00
2013/05/13;4.92;5.09;4.92;5.05;1736218;55409208.00
2013/05/14;5.05;5.07;4.86;4.88;1465517;45891792.00
2013/05/15;4.89;5.12;4.89;5.11;2078930;66516632.00
2013/05/16;5.11;5.22;5.07;5.10;2524938;82228336.00
2013/05/17;5.09;5.28;5.08;5.24;2390281;79071968.00
2013/05/20;5.27;5.39;5.25;5.26;2576385;86484536.00
2013/05/21;5.28;5.68;5.28;5.55;5470388;190101648.00
2013/05/22;5.64;5.71;5.38;5.68;5764034;203835904.00
2013/05/23;5.62;5.88;5.52;5.69;5645919;205213712.00
2013/05/24;5.65;5.79;5.62;5.70;2760404;99204808.00
2013/05/27;5.75;5.75;5.59;5.67;3099122;110392904.00
2013/05/28;5.66;5.67;5.35;5.39;3914456;134424176.00
2013/05/29;5.40;5.52;5.38;5.41;2478852;85042528.00
2013/05/30;5.41;5.50;5.36;5.42;1877722;64314336.00
2013/05/31;5.43;5.47;5.29;5.38;1928438;65369948.00
2013/06/03;5.38;5.53;5.35;5.35;2506153;86253872.00
2013/06/04;5.43;5.53;5.26;5.37;2582155;87991368.00
2013/06/05;5.35;5.45;5.32;5.40;1099155;37409572.00
2013/06/06;5.38;5.53;5.35;5.38;2032970;69858824.00
2013/06/07;5.38;5.47;5.12;5.12;2745710;90471432.00
2013/06/13;5.10;5.10;4.77;5.05;1806320;56979540.00
2013/06/14;5.05;5.18;5.03;5.15;1212091;39381200.00
2013/06/17;5.13;5.19;5.05;5.08;1044179;33798384.00
2013/06/18;5.09;5.14;4.95;5.04;1235415;39335948.00
2013/06/19;5.01;5.01;4.87;4.94;1086304;33905988.00
2013/06/20;4.91;4.99;4.81;4.82;1109889;34579940.00
2013/06/21;4.57;4.82;4.57;4.77;1321217;39457960.00
2013/06/24;4.76;4.88;4.58;4.65;1950150;58937328.00
2013/06/25;4.61;4.74;4.30;4.73;2346464;68610272.00
2013/06/26;4.73;4.88;4.64;4.86;2001604;61164276.00
2013/06/27;4.87;4.93;4.78;4.83;1695495;52100280.00
2013/06/28;4.79;4.91;4.68;4.71;1357364;41344436.00
2013/07/01;4.72;4.83;4.64;4.82;1357448;41098556.00
2013/07/02;4.85;4.97;4.81;4.95;2200081;68366032.00
2013/07/03;4.95;5.08;4.86;5.06;2366892;74792952.00
2013/07/04;5.03;5.43;5.00;5.35;3615241;120949208.00
2013/07/05;5.38;5.40;5.22;5.24;1862874;62405252.00
2013/07/08;5.44;5.66;5.29;5.35;6053300;209714176.00
2013/07/09;5.22;5.33;5.09;5.16;3007630;98102512.00
2013/07/10;5.14;5.47;5.12;5.45;3471841;116993144.00
2013/07/11;5.40;5.44;5.28;5.40;3984885;135025296.00
2013/07/12;5.42;5.56;5.39;5.47;3192291;110598192.00
2013/07/15;5.51;5.58;5.40;5.47;4336422;150010576.00
2013/07/16;5.47;5.57;5.45;5.54;3657864;127439856.00
2013/07/17;5.57;5.58;5.33;5.35;3578883;123066576.00
2013/07/18;5.30;5.45;5.24;5.42;2676017;90352896.00
2013/07/19;5.42;5.46;5.25;5.25;2274521;77194104.00
2013/07/22;5.20;5.45;5.17;5.38;1876795;63124192.00
2013/07/23;5.38;5.59;5.36;5.58;3653143;126918928.00
2013/07/24;5.58;5.68;5.48;5.64;3681372;129396752.00
2013/07/25;5.66;5.71;5.40;5.42;3225154;113023824.00
2013/07/26;5.40;5.48;5.28;5.35;1954246;66359976.00
2013/07/29;5.33;5.33;5.20;5.22;1872378;62219216.00
2013/07/30;5.22;5.26;5.04;5.09;1956717;63667132.00
2013/07/31;5.10;5.17;5.08;5.11;1086675;35315116.00
2013/08/01;5.11;5.30;5.11;5.28;1898208;62869000.00
2013/08/02;5.30;5.48;5.28;5.48;3511094;119635240.00
2013/08/05;5.52;5.62;5.43;5.62;2892402;100891256.00
2013/08/06;5.61;5.66;5.52;5.54;2319397;81479936.00
2013/08/07;5.53;5.58;5.32;5.44;1794689;61714416.00
2013/08/08;5.43;5.66;5.38;5.66;3734977;131262112.00
2013/08/09;5.69;5.94;5.66;5.88;7096312;260489024.00
2013/08/12;5.83;5.88;5.74;5.80;2722263;99408944.00
2013/08/13;5.80;5.99;5.75;5.82;3034669;112654816.00
2013/08/14;5.82;5.84;5.65;5.68;2883454;104109368.00
2013/08/15;5.71;5.78;5.55;5.55;2166759;77431072.00
2013/08/16;5.51;5.65;5.38;5.39;2416365;84138632.00
2013/08/19;5.34;5.58;5.33;5.57;1976108;68478408.00
2013/08/20;5.57;5.70;5.52;5.61;2021467;71553448.00
2013/08/21;5.60;5.62;5.51;5.55;1270519;44467896.00
2013/08/22;5.56;5.71;5.54;5.66;1586658;56531940.00
2013/08/23;5.66;5.80;5.56;5.76;2844229;102128120.00
2013/08/26;5.76;5.80;5.68;5.78;2215175;80180544.00
2013/08/27;5.78;6.05;5.74;5.98;4264882;159911808.00
2013/08/28;5.92;6.07;5.86;5.93;3707073;139265040.00
2013/08/29;5.92;6.00;5.63;5.68;3453511;124769312.00
2013/08/30;5.64;5.64;5.18;5.22;5165561;175425504.00
2013/09/02;5.18;5.42;5.18;5.28;2104033;70654600.00
2013/09/03;5.30;5.40;5.24;5.39;1647580;55500336.00
2013/09/04;5.38;5.46;5.37;5.39;1636903;55970656.00
2013/09/05;5.42;5.59;5.42;5.51;2656829;92428840.00
2013/09/06;5.51;5.85;5.50;5.78;4328494;155888576.00
2013/09/09;5.82;5.95;5.72;5.83;3961166;145886128.00
2013/09/10;5.84;5.95;5.75;5.90;2977576;109834704.00
2013/09/11;5.94;6.03;5.58;5.63;3312726;119553632.00
2013/09/12;5.64;5.77;5.62;5.65;1597133;57204424.00
2013/09/13;5.64;5.79;5.63;5.77;1742573;62748540.00
2013/09/16;5.76;5.93;5.71;5.91;2176672;79835624.00
2013/09/17;5.88;5.93;5.72;5.77;2192626;79972720.00
2013/09/18;5.77;5.82;5.68;5.82;1669988;60423452.00
2013/09/23;5.83;6.13;5.83;6.09;5104017;193701232.00
2013/09/24;6.09;6.25;6.03;6.06;3984776;153296448.00
2013/09/25;6.02;6.25;6.02;6.23;3529428;136730256.00
2013/09/26;6.24;6.33;6.13;6.20;3786633;147814448.00
2013/09/27;6.20;6.24;5.99;6.02;3213498;122424752.00
2013/09/30;5.95;6.12;5.82;6.00;4890568;91398672.00
2013/10/08;6.00;6.19;5.88;6.17;6896334;130110832.00
2013/10/09;6.14;6.34;6.12;6.32;7605425;148743728.00
2013/10/10;6.41;6.65;6.17;6.18;12539931;253291056.00
2013/10/11;6.22;6.34;6.02;6.18;8473271;164456736.00
2013/10/14;6.24;6.24;5.94;6.03;11065377;209571008.00
2013/10/15;6.14;6.14;5.83;5.94;8390293;156103584.00
2013/10/16;5.88;5.88;5.54;5.55;9656921;172334288.00
2013/10/17;5.64;5.77;5.57;5.69;5802384;103465712.00
2013/10/18;6.08;6.28;5.97;6.03;19265415;367926560.00
2013/10/21;5.98;6.38;5.89;6.32;11942079;231822336.00
2013/10/22;6.27;6.36;6.10;6.12;10582465;206347904.00
2013/10/23;6.24;6.30;5.81;5.84;11939273;224890848.00
2013/10/24;5.83;5.88;5.55;5.70;7986974;143799408.00
2013/10/25;5.69;5.69;5.32;5.48;10257796;176909680.00
2013/10/28;5.47;5.48;5.37;5.42;3983422;68129056.00
2013/10/29;5.45;5.54;5.12;5.38;6689827;112938648.00
2013/10/30;5.38;5.55;5.35;5.51;5273156;91022056.00
2013/10/31;5.52;5.54;5.30;5.37;5697579;96758992.00
2013/11/01;5.41;5.41;5.14;5.21;5101624;84341304.00
2013/11/04;5.15;5.21;5.02;5.12;7199106;115938104.00
2013/11/05;5.12;5.28;4.97;5.22;7657020;123284528.00
2013/11/06;5.19;5.36;5.13;5.21;6235040;103983848.00
2013/11/07;5.22;5.30;5.09;5.12;3068494;50002080.00
2013/11/08;5.15;5.31;5.13;5.20;4606897;76117688.00
2013/11/11;5.23;5.45;5.22;5.38;6607804;112050456.00
2013/11/12;5.58;5.78;5.56;5.59;10447789;186056896.00
2013/11/13;5.63;5.77;5.56;5.58;7726955;137367648.00
2013/11/14;5.54;6.15;5.49;6.11;19578757;363662048.00
2013/11/15;6.15;6.42;6.11;6.12;25030088;490548736.00
2013/11/18;6.08;6.34;5.94;6.19;26343431;512190144.00
2013/11/19;6.11;6.37;6.02;6.05;22121856;429092832.00
2013/11/20;6.05;6.68;5.88;6.59;40658178;800139520.00
2013/11/21;6.45;6.50;6.22;6.32;23009774;459313504.00
2013/11/22;6.26;6.48;6.06;6.12;20212373;398719584.00
2013/11/25;6.25;6.51;6.20;6.29;23732329;472473312.00
2013/11/26;6.24;6.28;5.98;6.14;17386351;335158720.00
2013/11/27;6.21;6.79;6.16;6.79;35979034;745018240.00
2013/11/28;6.88;6.97;6.65;6.73;47823534;1013678720.00
2013/11/29;6.68;7.34;6.64;6.99;34314571;746485632.00
2013/12/02;6.68;6.75;6.32;6.37;33338778;683786944.00
2013/12/03;6.30;6.78;6.24;6.72;22028277;455598368.00
2013/12/04;6.76;7.08;6.68;6.90;20582244;441182976.00
2013/12/05;6.85;6.88;6.52;6.52;19519571;406674560.00
2013/12/06;6.42;6.57;6.32;6.41;11794523;237358176.00
2013/12/09;6.48;6.57;6.33;6.45;13029076;261011920.00
2013/12/10;6.44;6.47;6.16;6.20;16937082;331975168.00
2013/12/11;6.18;6.30;6.10;6.26;10406534;203396096.00
2013/12/12;6.28;6.50;6.22;6.37;11134168;222753888.00
2013/12/13;6.29;6.38;6.21;6.31;7394691;146014368.00
2013/12/16;6.33;6.37;6.10;6.24;9020892;175988848.00
2013/12/17;6.18;6.35;6.08;6.14;11061703;215284016.00
2013/12/18;6.38;6.47;6.23;6.33;16653312;330613760.00
2013/12/19;6.43;6.47;6.12;6.13;15719260;309391392.00
2013/12/20;6.12;6.14;5.88;5.88;11701690;219313872.00
2013/12/23;5.91;6.23;5.73;6.11;13589196;257669824.00
2013/12/24;6.11;6.43;6.11;6.30;18119310;360092384.00
2013/12/25;6.33;6.86;6.33;6.73;28690248;597027776.00
2013/12/26;6.72;6.84;6.61;6.63;21775101;454188672.00
2013/12/27;6.65;6.91;6.60;6.77;19810795;419479648.00
2013/12/30;6.78;7.08;6.77;6.82;18609542;402243648.00
2013/12/31;6.80;6.88;6.64;6.64;13947115;293868384.00
2014/01/02;6.62;7.02;6.54;7.00;19311298;412218400.00
2014/01/03;6.92;7.02;6.87;6.90;14536194;314324768.00
2014/01/06;6.89;6.89;6.49;6.52;13845405;288526208.00
2014/01/07;6.52;6.80;6.43;6.67;11573171;240998400.00
2014/01/08;6.71;7.37;6.68;7.12;33777918;759411840.00
2014/01/09;7.05;7.19;6.83;6.83;19332556;423979360.00
2014/01/10;6.85;6.94;6.67;6.68;11220001;237358528.00
2014/01/13;6.78;6.89;6.71;6.80;10508549;223678720.00
2014/01/14;6.78;7.12;6.65;7.09;14505384;312890880.00
2014/01/15;7.05;7.32;6.97;7.20;21559389;482621600.00
2014/01/16;7.20;7.40;7.08;7.08;15501140;348684832.00
2014/01/17;7.05;7.27;7.00;7.14;14065199;313773312.00
2014/01/20;7.13;7.18;6.88;6.95;12924739;282789600.00
2014/01/21;6.95;7.23;6.92;7.11;12671356;280932256.00
2014/01/22;7.12;7.38;7.08;7.22;19395795;438887968.00
2014/01/23;7.23;7.55;7.20;7.49;22502351;518822464.00
2014/01/24;7.46;7.56;7.41;7.51;17144630;399808704.00
2014/01/27;7.52;7.88;7.48;7.56;21630849;518666272.00
2014/01/28;7.52;7.67;7.32;7.65;14365183;334849440.00
2014/01/29;7.67;7.88;7.62;7.65;16009672;384966752.00
2014/01/30;7.60;7.74;7.48;7.59;11280717;267407856.00
2014/02/07;7.44;8.02;7.44;7.92;23208622;561728064.00
2014/02/10;8.05;8.22;7.95;8.08;21787196;545783936.00
2014/02/11;8.12;8.48;7.94;7.94;27508252;698932032.00
2014/02/12;7.92;8.18;7.76;8.11;17722443;439554944.00
2014/02/13;8.11;8.36;7.84;7.87;20348866;512891840.00
2014/02/14;7.89;8.00;7.74;7.79;19666435;479017984.00
2014/02/17;7.82;8.15;7.82;8.14;21011018;521820960.00
2014/02/18;8.15;8.17;7.80;7.81;26407922;647655936.00
2014/02/19;7.78;7.84;7.53;7.61;25236337;599828544.00
2014/02/20;7.61;7.68;7.39;7.50;14241272;334060448.00
2014/02/21;7.49;7.63;7.45;7.56;9652274;226393376.00
2014/02/24;7.55;7.55;7.32;7.39;15551050;358103904.00
2014/02/25;7.42;7.60;6.92;6.98;25375492;575382656.00
2014/02/26;6.95;6.95;6.62;6.78;19237032;407164448.00
2014/02/27;6.85;7.04;6.64;6.65;16005159;343606688.00
2014/02/28;6.73;6.91;6.65;6.90;15600437;331361088.00
2014/03/03;7.05;7.18;7.00;7.16;18259112;403979232.00
2014/03/04;7.13;7.13;6.94;7.07;11787223;258868752.00
2014/03/05;7.12;7.23;7.05;7.06;11590711;258309984.00
2014/03/06;7.07;7.11;6.84;7.00;12101104;262976032.00
2014/03/07;6.98;7.07;6.82;6.85;10381950;225251440.00
2014/03/10;6.78;6.78;6.45;6.47;13532798;278505600.00
2014/03/11;6.45;6.54;6.28;6.36;10731721;215447792.00
2014/03/12;6.45;6.52;6.33;6.47;8430177;170032368.00
2014/03/13;6.51;6.73;6.38;6.72;10261212;210584864.00
2014/03/14;6.68;6.77;6.58;6.72;7275706;151705232.00
2014/03/17;6.67;6.90;6.63;6.79;12493273;264164752.00
2014/03/18;6.81;6.85;6.68;6.70;14021679;295668992.00
2014/03/19;6.65;6.66;6.49;6.53;8439419;173067168.00
2014/03/20;6.56;6.58;6.30;6.30;9169709;184490768.00
2014/03/21;6.28;6.47;6.16;6.45;8649475;171405072.00
2014/03/24;6.45;6.50;6.37;6.47;6887041;138861008.00
2014/03/25;6.47;6.51;6.39;6.46;5471677;110617808.00
2014/03/26;6.55;6.60;6.40;6.50;11355146;230653984.00
2014/03/27;6.50;6.50;6.20;6.22;11200287;221791216.00
2014/03/28;6.22;6.30;5.91;5.93;12059139;229314528.00
2014/03/31;5.91;6.04;5.89;5.99;5381445;101032600.00
2014/04/01;6.03;6.15;6.00;6.14;6589229;125601264.00
2014/04/02;6.08;6.13;5.78;5.80;16104841;299344480.00
2014/04/03;5.83;5.98;5.82;5.88;11628301;215332224.00
2014/04/04;5.87;6.00;5.84;6.00;6983956;130111504.00
2014/04/08;5.97;6.21;5.93;6.17;11741749;225495728.00
2014/04/09;6.16;6.33;6.13;6.25;10002335;196436320.00
2014/04/10;6.31;6.44;6.25;6.28;11417551;227162816.00
2014/04/11;6.22;6.30;6.15;6.28;9578722;186653264.00
2014/04/14;6.27;6.40;6.21;6.37;8264050;164283536.00
2014/04/15;6.42;6.50;6.37;6.38;10153318;204441520.00
2014/04/16;6.42;6.55;6.34;6.55;11549715;233997152.00
2014/04/17;6.55;6.57;6.48;6.50;7917682;161530464.00
2014/04/18;6.48;6.49;6.37;6.42;8525299;171278608.00
2014/04/22;6.42;6.46;6.16;6.26;9754935;192919088.00
2014/04/23;6.27;6.53;6.27;6.43;8568691;172189664.00
2014/04/24;6.55;6.80;6.55;6.62;17793482;371485696.00
2014/04/25;6.61;6.62;6.47;6.47;7394899;151193040.00
2014/04/28;6.34;6.34;5.95;6.01;12716501;242262080.00
2014/04/29;6.01;6.10;5.95;6.10;6603426;124896664.00
2014/04/30;6.10;6.30;6.07;6.19;6958333;89932328.00
2014/05/05;6.19;6.29;6.05;6.16;7210586;92655248.00
2014/05/06;6.19;6.50;6.12;6.43;16469783;218316896.00
2014/05/07;6.42;6.52;6.34;6.36;10505179;140353088.00
2014/05/08;6.35;6.43;6.28;6.38;6665946;88317480.00
2014/05/09;6.40;6.40;6.10;6.18;10398658;134051520.00
2014/05/12;6.26;6.43;6.16;6.41;11480931;151229024.00
2014/05/13;6.38;6.45;6.34;6.38;6766399;89865848.00
2014/05/14;6.37;6.38;6.29;6.34;4979997;65546520.00
2014/05/15;6.34;6.44;6.23;6.24;9877550;130303872.00
2014/05/16;6.18;6.25;6.02;6.16;9896533;126116912.00
2014/05/19;6.15;6.22;6.05;6.11;5795352;73818296.00
2014/05/20;6.16;6.27;6.14;6.19;5468051;70396152.00
2014/05/21;6.20;6.26;6.09;6.26;5995946;77327608.00
2014/05/22;6.28;6.44;6.23;6.33;13960560;184635504.00
2014/05/23;6.33;6.48;6.31;6.46;11633436;154821264.00
2014/05/26;6.52;6.69;6.44;6.63;18865721;257943488.00
2014/05/27;6.63;6.73;6.58;6.68;15444730;213670400.00
2014/05/28;6.65;6.86;6.61;6.84;18768416;262941856.00
2014/05/29;6.86;7.02;6.71;6.72;23104462;328333120.00
2014/05/30;6.80;7.33;6.75;7.29;38094533;557892800.00
2014/06/03;7.30;7.40;7.11;7.20;31777341;476306144.00
2014/06/04;7.19;7.29;7.04;7.25;22061371;325735744.00
2014/06/05;7.20;7.30;7.11;7.21;16909937;252769792.00
2014/06/06;7.24;7.29;7.03;7.10;16640653;245322896.00
2014/06/09;7.05;7.17;6.92;6.93;13122129;191300096.00
2014/06/10;6.94;7.32;6.93;7.23;25408447;376636864.00
2014/06/11;7.24;7.39;7.13;7.17;23911028;357997184.00
2014/06/12;7.16;7.29;7.07;7.15;17618518;261210208.00
2014/06/13;7.13;7.27;7.00;7.23;23321850;345456800.00
2014/06/16;7.23;7.48;7.15;7.46;31596271;481650656.00
2014/06/17;7.55;7.58;7.36;7.42;24295490;375493472.00
2014/06/18;7.40;7.60;7.29;7.31;19977534;307254560.00
2014/06/19;7.35;7.37;6.86;6.98;26622079;390008832.00
2014/06/20;6.94;7.14;6.90;7.11;12727289;184893808.00
2014/06/23;7.11;7.33;7.09;7.25;16139008;241460816.00
2014/06/24;7.21;7.22;7.11;7.20;14550237;215519664.00
2014/06/25;7.20;7.20;7.05;7.11;10609249;156038304.00
2014/06/26;7.11;7.35;7.11;7.26;16441422;247000304.00
2014/06/27;7.26;7.47;7.19;7.43;20862921;317457888.00
2014/06/30;7.42;7.81;7.38;7.72;38283728;603781440.00
2014/07/01;7.79;7.85;7.63;7.73;24900964;398066112.00
2014/07/02;7.74;8.03;7.74;7.76;29086551;472140832.00
2014/07/03;7.75;7.91;7.69;7.78;20515434;330421024.00
2014/07/04;7.79;7.80;7.54;7.59;22693593;356774208.00
2014/07/07;7.63;7.85;7.61;7.80;22847409;365262112.00
2014/07/08;7.89;7.97;7.77;7.84;22068053;358007840.00
2014/07/09;7.84;8.19;7.75;7.84;46795544;772324224.00
2014/07/10;7.83;8.07;7.62;7.65;33468312;540953920.00
2014/07/11;7.55;7.71;7.49;7.70;30902966;483337952.00
2014/07/14;7.75;7.75;7.57;7.68;15601455;246820400.00
2014/07/15;7.68;7.77;7.52;7.60;19428325;306188224.00
2014/07/16;7.58;7.58;7.06;7.10;37183229;556924992.00
2014/07/17;7.09;7.13;6.93;7.00;15505643;225117040.00
2014/07/18;7.00;7.11;6.98;7.01;10814045;157762240.00
2014/07/21;7.00;7.08;6.79;7.07;13740426;197813248.00
2014/07/22;7.00;7.18;6.96;7.09;11583415;170344144.00
2014/07/23;7.10;7.31;7.10;7.17;17311781;258391712.00
2014/07/24;7.13;7.20;6.80;6.98;14206246;205157328.00
2014/07/25;7.03;7.07;6.89;7.04;10022985;144684192.00
2014/07/28;7.09;7.24;7.03;7.20;19049960;281112256.00
2014/07/29;7.23;7.38;7.20;7.31;20943598;316725664.00
2014/07/30;7.35;7.49;7.26;7.45;23033087;352356992.00
2014/07/31;7.43;7.50;7.37;7.46;12794853;196621344.00
2014/08/01;7.43;7.50;7.25;7.25;18102860;276222464.00
2014/08/04;7.25;7.43;7.20;7.43;13084015;199033872.00
2014/08/05;7.44;7.47;7.33;7.44;15114454;231399840.00
2014/08/06;7.44;7.60;7.35;7.54;18937323;293507584.00
2014/08/07;7.54;7.59;7.36;7.37;16136366;248743392.00
2014/08/08;7.40;7.46;7.37;7.40;9910189;151783424.00
2014/08/11;7.41;7.57;7.41;7.55;15124271;235454672.00
2014/08/12;7.57;7.62;7.49;7.53;12418313;193282928.00
2014/08/13;7.50;7.53;7.30;7.40;15448110;236153328.00
2014/08/14;7.40;7.43;7.32;7.34;12640949;192561248.00
2014/08/15;7.35;7.66;7.35;7.66;25599884;398099008.00
2014/08/18;7.75;7.83;7.63;7.72;25234276;401884416.00
2014/08/19;7.72;7.94;7.67;7.82;27284309;439538656.00
2014/08/20;7.82;7.82;7.60;7.66;21516703;342309856.00
2014/08/21;7.67;7.70;7.54;7.65;19690616;309983424.00
2014/08/22;7.66;7.81;7.62;7.76;19511199;311701152.00
2014/08/25;7.80;7.83;7.61;7.63;16330692;259217568.00
2014/08/26;7.66;7.69;7.42;7.47;15154334;235986640.00
2014/08/27;7.45;7.68;7.45;7.52;16543207;258937488.00
2014/08/28;7.50;7.53;7.38;7.40;12217688;187796048.00
2014/08/29;7.40;7.54;7.40;7.53;8276762;127893704.00
2014/09/01;7.65;7.82;7.63;7.71;21277579;339544416.00
2014/09/02;7.81;8.49;7.81;8.26;75760036;1267560960.00
2014/09/03;8.26;8.40;8.18;8.23;47825216;814921280.00
2014/09/04;8.23;8.59;8.16;8.35;49566469;856671168.00
2014/09/05;8.36;8.40;8.22;8.32;27306247;465817344.00
2014/09/09;8.34;8.47;8.20;8.35;29726268;511890464.00
2014/09/10;8.33;8.43;8.21;8.30;23376609;399415776.00
2014/09/11;8.36;8.63;8.29;8.48;42720398;744387264.00
2014/09/12;8.50;9.00;8.50;8.93;54692544;985769664.00
2014/09/15;8.95;8.98;8.78;8.89;33410248;611023872.00
2014/09/16;8.89;8.89;8.20;8.25;55809660;979282816.00
2014/09/17;8.23;8.34;8.00;8.17;31808311;533966656.00
2014/09/18;8.15;8.30;8.09;8.20;17627511;297400448.00
2014/09/19;8.20;8.38;8.16;8.34;19243736;328054240.00
2014/09/22;8.30;8.30;8.06;8.12;17052840;286891168.00
2014/09/23;8.11;8.38;8.09;8.30;22829802;388295968.00
2014/09/24;8.28;8.61;8.23;8.53;34268733;598321344.00
2014/09/25;8.53;8.88;8.45;8.67;41888051;747868288.00
2014/09/26;8.64;8.74;8.52;8.59;21847838;387119200.00
2014/09/29;8.60;8.74;8.54;8.64;22764449;404238912.00
2014/09/30;8.64;8.64;8.47;8.54;24184988;424740256.00
2014/10/08;8.59;8.83;8.53;8.80;34049518;611217856.00
2014/10/09;8.83;8.96;8.59;8.72;30103340;543523008.00
2014/10/10;8.65;8.86;8.56;8.74;29729417;531725632.00
2014/10/13;8.65;8.75;8.47;8.71;26227225;465105568.00
2014/10/14;8.66;8.87;8.56;8.59;34380092;618264256.00
2014/10/15;8.59;8.72;8.37;8.65;31184163;547094080.00
2014/10/16;8.51;8.64;8.28;8.33;25669169;448149504.00
2014/10/17;8.26;8.37;8.01;8.15;25490835;428251840.00
2014/10/20;8.16;8.29;8.11;8.20;17910591;302887264.00
2014/10/21;8.20;8.30;8.13;8.15;14963170;253543360.00
2014/10/22;8.17;8.30;8.06;8.12;15599407;263729984.00
2014/11/12;8.20;8.82;8.14;8.56;64292775;1135657984.00
2014/11/13;8.53;8.68;8.27;8.38;33154018;578232384.00
2014/11/14;8.43;8.73;8.43;8.58;26869179;475476480.00
2014/11/17;8.65;8.88;8.52;8.81;32180639;579609664.00
2014/11/18;8.83;8.98;8.68;8.70;22785993;411729760.00
2014/11/19;8.68;8.73;8.56;8.65;19672872;350006272.00
2014/11/20;8.59;8.81;8.56;8.75;18294824;328195680.00
2014/11/21;8.73;8.78;8.61;8.68;14938615;266712432.00
2014/11/24;8.78;8.82;8.61;8.72;25874859;463202080.00
2014/11/25;8.79;9.25;8.78;9.10;45087252;841071936.00
2014/11/26;9.11;9.22;8.99;9.10;30224056;563792384.00
2014/11/27;9.15;9.47;9.06;9.25;35504302;676502208.00
2014/11/28;9.30;9.33;9.06;9.15;27546355;517724288.00
2014/12/01;9.21;9.27;8.76;8.93;31344337;574579392.00
2014/12/02;8.90;9.08;8.83;8.96;24890741;458617472.00
2014/12/03;8.91;9.13;8.76;9.11;32071799;588277376.00
2014/12/04;9.11;9.34;9.08;9.20;33543626;635073472.00
2014/12/05;9.26;9.93;8.78;9.87;79792001;1561810048.00
2014/12/08;9.95;10.87;9.95;10.53;72614993;1560400384.00
2014/12/09;10.53;10.69;9.45;9.50;63215314;1313274752.00
2014/12/10;9.55;10.44;9.51;10.27;41119339;840667712.00
2014/12/11;9.83;10.65;9.83;10.48;44849450;954936128.00
2014/12/12;10.48;10.63;10.27;10.44;24561130;524475296.00
2014/12/15;10.26;11.11;10.17;10.87;33705668;747575872.00
2014/12/16;10.97;11.13;10.69;10.88;23992047;534016736.00
2014/12/17;10.80;11.12;10.51;10.98;37140623;823218048.00
2014/12/18;10.90;11.45;10.80;11.17;33653745;768051712.00
2014/12/19;11.16;11.16;10.58;10.80;26023740;576725056.00
2014/12/22;10.72;10.72;9.82;9.85;33099205;686106560.00
2014/12/23;9.80;10.14;9.51;9.57;20315068;407356416.00
2014/12/24;9.67;10.00;9.57;9.74;20405991;408478784.00
2014/12/25;9.75;9.99;9.73;9.81;17031590;343204512.00
2014/12/26;9.78;10.05;9.63;10.03;24036442;484993696.00
2014/12/29;10.19;10.27;9.69;9.78;22513337;457214880.00
2014/12/30;9.78;9.85;9.17;9.30;23186203;448809632.00
2014/12/31;9.38;9.51;9.25;9.41;18172439;349540032.00
2015/01/05;9.44;9.48;9.06;9.36;24103780;459060896.00
2015/01/06;9.28;9.87;9.21;9.79;27118350;536625728.00
2015/01/07;9.74;9.86;9.51;9.58;14885140;293849664.00
2015/01/08;9.55;9.72;9.53;9.64;15733589;311031264.00
2015/01/09;9.88;10.17;9.76;9.79;34585326;710784128.00
2015/01/12;9.75;10.09;9.69;10.00;19967249;407629120.00
2015/01/13;10.06;10.50;10.05;10.39;27334926;577469568.00
2015/01/14;10.45;10.51;10.14;10.23;18399331;387309696.00
2015/01/15;10.26;10.44;10.06;10.22;15465134;323291136.00
2015/01/16;10.19;10.36;10.15;10.27;17107095;359486656.00
2015/01/19;9.90;10.34;9.54;9.70;25193635;514820800.00
2015/01/20;9.76;10.08;9.75;10.05;21756559;442348352.00
2015/01/21;10.20;10.48;10.20;10.34;28296738;600221952.00
2015/01/22;10.33;11.07;10.24;10.90;41092947;900086336.00
2015/01/23;10.85;10.89;10.54;10.59;26668652;583164736.00
2015/02/09;10.10;10.58;9.84;10.06;22185356;465287296.00
2015/02/10;10.23;10.41;10.12;10.25;10564565;221879920.00
2015/02/11;10.30;10.83;10.25;10.68;17337584;377494944.00
2015/02/12;10.67;10.79;10.52;10.64;11631795;253007872.00
2015/02/13;10.83;11.06;10.75;10.83;19609903;436927232.00
2015/02/16;10.85;11.70;10.85;11.57;32814378;759821952.00
2015/02/17;11.65;11.69;11.31;11.39;15740720;367666496.00
2015/02/25;11.40;11.57;11.21;11.48;16521786;383870944.00
2015/02/26;11.45;11.45;11.03;11.25;23459576;536607968.00
2015/02/27;11.25;12.25;11.25;11.60;26740241;641496896.00
2015/03/02;11.74;11.74;11.46;11.62;20358242;481788032.00
2015/03/03;11.50;11.79;11.48;11.50;23610503;562101312.00
2015/03/04;11.70;11.84;11.52;11.71;20021441;477790880.00
2015/03/05;11.70;11.96;11.61;11.88;24591981;593053760.00
2015/03/06;11.89;12.24;11.68;11.70;26053890;637285632.00
2015/03/09;11.50;11.61;11.17;11.55;19974574;464851296.00
2015/03/10;11.50;11.78;11.46;11.57;15742798;372829280.00
2015/03/11;11.67;11.68;11.29;11.35;16802690;392509728.00
2015/03/12;11.45;11.45;11.02;11.11;19200184;439282016.00
2015/03/13;11.60;11.69;11.39;11.54;23110547;544256320.00
2015/03/16;11.66;12.20;11.66;12.13;34636433;851137152.00
2015/03/17;12.34;12.97;12.33;12.50;42245405;1086735104.00
2015/03/18;12.53;12.74;12.30;12.66;27291336;697645184.00
2015/03/19;12.59;12.91;12.41;12.84;27036359;703096192.00
2015/03/20;12.84;12.94;12.66;12.74;24325400;632727616.00
2015/03/23;12.77;13.17;12.70;12.93;31658434;831950080.00
2015/03/24;13.00;13.09;12.20;12.69;33702965;873968512.00
2015/03/25;12.58;12.85;12.51;12.78;30347533;788976832.00
2015/03/26;12.75;12.80;12.36;12.52;23774163;611146368.00
2015/03/27;12.66;13.65;12.66;13.21;43302710;1158628480.00
2015/03/30;13.43;13.99;13.39;13.92;45579415;1270800512.00
2015/03/31;14.45;14.50;13.65;13.76;43157903;1234164096.00
2015/04/01;14.03;14.14;13.80;14.03;28255682;805076544.00
2015/04/02;14.22;14.62;13.93;14.28;39017063;1133343488.00
2015/04/03;14.20;14.65;14.03;14.47;35984850;1050545792.00
2015/04/07;14.49;14.58;14.19;14.38;34048626;990458048.00
2015/04/08;14.40;14.41;13.67;13.81;42630578;1208277248.00
2015/04/09;13.83;13.88;12.75;13.42;42167098;1138028544.00
2015/04/10;13.29;13.80;13.13;13.79;29145024;809244160.00
2015/04/13;13.95;14.10;13.65;14.01;34274859;971270528.00
2015/04/14;14.02;14.06;13.65;13.76;24778023;696833728.00
2015/04/15;13.76;13.78;13.25;13.27;23961020;655868224.00
2015/04/16;13.04;13.59;12.92;13.56;22347665;609405888.00
2015/04/17;13.86;14.04;13.68;13.95;40010090;1133756800.00
2015/04/20;13.75;14.40;13.42;13.75;49632878;1418055936.00
2015/04/21;13.82;14.49;13.82;14.34;45911959;1330729344.00
2015/04/22;15.00;15.19;14.68;14.84;50784726;1535923584.00
2015/04/23;14.88;14.95;14.50;14.67;35989600;1072957952.00
2015/04/24;14.42;14.98;14.31;14.66;32154322;959033280.00
2015/04/27;14.95;15.50;14.95;14.99;46278205;1429871232.00
2015/04/28;14.93;14.96;14.08;14.29;41079353;1205327744.00
2015/04/29;14.25;14.86;14.05;14.73;34299629;1019188352.00
2015/04/30;15.00;15.43;14.75;14.75;43178152;1322415232.00
2015/05/04;14.76;15.22;14.27;15.20;42165470;1280026368.00
2015/05/05;15.24;15.62;14.70;14.88;40836722;1255385728.00
2015/05/06;15.00;15.42;14.70;14.84;37418097;1143497856.00
2015/05/07;14.84;14.84;14.19;14.41;26282693;776430080.00
2015/05/08;14.49;14.92;14.26;14.90;32336320;957683712.00
2015/05/11;15.24;15.65;14.88;15.65;49705245;1546343936.00
2015/05/12;15.85;17.23;15.71;17.23;68782866;2284190208.00
2015/05/13;17.65;18.69;17.05;17.13;82440540;2955571200.00
2015/05/14;17.14;17.55;16.73;16.85;43113908;1480869760.00
2015/05/15;16.66;17.55;16.35;17.14;49724329;1714474624.00
2015/05/18;17.18;18.28;17.18;17.90;48733397;1751249920.00
2015/05/19;17.91;18.33;17.38;17.99;36836779;1320889216.00
2015/05/20;18.10;19.68;18.09;18.77;43531101;1668545536.00
2015/05/21;18.81;19.96;18.81;19.73;36769829;1449704704.00
2015/05/22;19.86;20.09;18.90;19.45;39408771;1535646336.00
2015/05/25;19.15;20.75;18.86;20.42;36013929;1451603712.00
2015/05/26;21.14;22.38;20.94;22.33;43000428;1858396160.00
2015/05/27;22.35;23.34;21.72;22.05;47042256;2155301376.00
2015/05/28;22.03;22.80;19.83;19.83;51697911;2231252480.00
2015/05/29;19.83;21.29;18.70;20.60;45685504;1866932992.00
2015/06/01;20.85;22.23;20.74;21.85;30071233;1311492352.00
2015/06/02;21.95;24.05;21.95;24.05;38879891;1823707520.00
2015/06/03;24.18;25.35;22.85;24.32;40930259;1998719104.00
2015/06/04;24.36;24.45;21.87;23.46;38437211;1774118912.00
2015/06/05;23.85;24.10;22.36;22.99;36927700;1733665536.00
2015/06/08;22.83;22.84;21.17;21.67;38271903;1674910208.00
2015/06/09;21.50;22.35;21.10;21.68;28978372;1270024064.00
2015/06/10;21.85;22.35;21.36;22.02;29354732;1303108224.00
2015/06/11;22.21;22.30;21.86;21.93;25313705;1123154560.00
2015/06/12;21.93;22.94;21.93;22.42;31457286;1427608960.00
2015/06/15;23.08;23.33;22.33;22.35;41635768;1910094592.00
2015/06/16;22.11;22.11;20.10;20.43;38960403;1630579584.00
2015/06/17;20.19;21.07;18.86;20.77;35946378;1435945600.00
2015/06/18;20.25;20.73;19.32;19.38;24388466;987968128.00
2015/06/19;19.13;19.60;17.85;17.86;27575704;1038256192.00
2015/06/23;17.92;19.25;17.13;19.25;34450339;1268310656.00
2015/06/24;19.48;20.15;19.28;19.63;32387487;1286476672.00
2015/06/25;19.63;19.79;17.85;18.46;24734322;957037312.00
2015/06/26;18.05;18.12;16.60;16.60;28091334;974473408.00
2015/06/29;17.18;17.35;14.92;14.92;40292447;1272169856.00
2015/06/30;14.42;15.95;13.42;15.95;45452531;1343054720.00
2015/07/01;16.00;17.35;14.85;15.93;51372233;1731043712.00
2015/07/02;16.13;16.65;14.50;15.30;38326734;1233249024.00
2015/07/03;14.80;16.01;13.75;14.15;43390508;1283409408.00
2015/07/06;15.58;15.58;12.72;13.23;52062990;1468656256.00
2015/07/07;12.75;12.75;11.89;11.89;35283074;855661312.00
2015/07/17;13.10;13.10;13.10;13.10;6018188;159421808.00
2015/07/20;14.42;14.42;14.42;14.42;945987;27566062.00
2015/07/21;15.88;15.88;15.88;15.88;4433804;142103424.00
2015/07/22;16.85;17.48;16.30;17.48;97066688;3350811904.00
2015/07/23;17.70;18.45;17.09;18.09;76927269;2742603008.00
2015/07/24;17.85;19.91;17.71;19.29;84465167;3255958784.00
2015/07/27;18.85;20.82;17.79;18.32;88496190;3492552704.00
2015/07/28;17.30;19.57;16.85;18.63;76432621;2806335744.00
2015/07/29;19.21;20.35;17.35;20.09;71353323;2690106624.00
2015/07/30;19.74;21.35;19.14;19.50;79889826;3281962240.00
2015/07/31;18.96;19.34;17.55;18.01;51064871;1906572544.00
2015/08/03;17.35;17.56;16.19;16.19;48427893;1614827392.00
2015/08/04;16.53;17.83;16.53;17.83;43401780;1510731648.00
2015/08/05;17.96;18.46;17.25;17.52;47508351;1714247808.00
2015/08/06;16.85;17.60;16.60;16.84;25154709;865702208.00
2015/08/07;17.28;17.60;17.05;17.45;26365106;921314304.00
2015/08/10;17.65;19.10;17.65;18.85;40927890;1517471232.00
2015/08/11;18.89;19.34;18.30;18.56;42518313;1609111168.00
2015/08/12;18.70;18.98;18.25;18.33;32770849;1231351552.00
2015/08/13;18.32;18.63;18.00;18.62;29944700;1102536832.00
2015/08/14;18.75;18.85;18.15;18.29;24646529;921156608.00
2015/08/17;18.35;19.12;18.22;18.85;30991740;1174261888.00
2015/08/18;18.85;18.95;16.95;16.95;40241024;1440890368.00
2015/08/19;16.09;17.29;15.30;16.99;32028706;1062646144.00
2015/08/20;16.94;17.52;16.44;16.60;24053571;831918784.00
2015/08/21;16.35;16.97;15.19;15.27;27451321;885180800.00
2015/08/24;14.57;14.57;13.73;13.73;15094119;422162720.00
2015/08/25;12.34;12.34;12.34;12.34;8221100;205363072.00
2015/08/26;12.20;12.65;11.09;11.09;54679295;1278965248.00
2015/08/27;11.38;11.79;10.31;11.44;39798330;908109120.00
2015/08/28;11.85;12.60;11.58;12.60;41531929;1026643840.00
2015/08/31;12.90;13.75;12.49;13.75;51242607;1351479296.00
2015/09/01;13.15;13.19;12.36;12.50;42549037;1078127616.00
2015/09/02;11.38;12.84;11.38;12.25;34363314;841723008.00
2015/09/07;12.61;13.25;11.95;12.11;19134488;491263648.00
2015/09/08;12.10;12.66;11.35;12.54;16687927;407672128.00
2015/09/09;12.70;13.25;12.54;13.00;25319082;663502848.00
2015/09/10;12.74;13.54;12.60;13.05;22736864;607235840.00
2015/09/11;13.20;13.50;12.85;13.10;17716686;471484704.00
2015/09/14;13.20;13.41;11.78;11.78;20553178;522459488.00
2015/09/15;11.33;11.79;10.59;10.59;22153552;494108512.00
2015/09/16;10.61;11.66;10.19;11.56;26966655;595643776.00
2015/09/17;11.52;12.05;11.28;11.35;26365944;624535232.00
2015/09/18;11.68;11.84;11.33;11.59;18268985;429080992.00
2015/09/21;11.60;12.77;11.58;12.77;31741280;795689408.00
2015/09/22;13.13;13.50;12.86;13.27;35707472;953570240.00
2015/09/23;12.95;13.35;12.68;13.10;22627246;596540736.00
2015/09/24;13.34;13.59;12.85;13.14;21838178;586321984.00
2015/09/25;13.13;13.43;12.35;12.43;38431409;502322560.00
2015/09/28;12.42;12.93;12.03;12.82;23978000;305952800.00
2015/09/29;12.46;12.75;12.16;12.25;21774531;274501440.00
2015/09/30;12.53;12.94;12.25;12.62;26688274;341095712.00
2015/10/08;13.30;13.73;13.03;13.52;41882009;570392768.00
2015/10/09;13.50;14.38;13.35;14.02;49704168;706415680.00
2015/10/12;14.30;15.01;14.30;14.70;57995316;860596352.00
2015/10/13;14.75;15.33;14.53;15.05;42906273;650309504.00
2015/10/14;14.99;15.65;14.68;14.70;41117344;622269248.00
2015/10/15;14.55;15.32;14.50;15.23;50329847;757532800.00
2015/10/16;15.39;15.70;14.92;15.21;50091458;772014976.00
2015/10/19;15.20;15.30;14.66;14.86;44732075;675127232.00
2015/10/20;15.35;16.36;15.33;16.36;66183211;1067864832.00
2015/10/21;16.95;17.05;14.94;15.09;95221032;1552340608.00
2015/10/22;14.97;15.80;14.95;15.61;69388936;1084091776.00
2015/10/23;15.70;16.20;15.25;16.02;74439176;1177969152.00
2015/10/26;16.40;16.44;15.63;15.82;61936587;995671296.00
2015/10/27;15.65;16.83;15.33;16.74;77036641;1250529664.00
2015/10/28;16.75;16.98;15.85;15.98;70036572;1161985280.00
2015/10/29;16.15;16.53;15.86;16.17;49542254;810982976.00
2015/10/30;16.30;16.49;15.95;16.10;48660339;798194624.00
2015/11/02;15.85;16.09;14.85;15.39;41191355;652068544.00
2015/11/03;15.40;15.67;15.12;15.25;26242449;407103872.00
2015/11/04;15.48;16.20;15.40;16.20;50840346;816649792.00
2015/11/05;16.20;16.60;15.95;16.09;68883134;1130619008.00
2015/11/06;16.15;16.73;16.13;16.65;66027171;1098991616.00
2015/11/09;16.43;17.13;16.16;16.92;78994750;1328551040.00
2015/11/10;16.85;18.33;16.60;17.68;102222427;1800294784.00
2015/11/11;17.69;18.14;17.33;17.99;74246473;1326177664.00
2015/11/12;18.04;18.34;17.55;17.73;73463188;1329377280.00
2015/11/13;17.36;17.62;16.85;16.93;52814168;914632640.00
2015/11/16;16.65;17.35;16.45;17.27;41883666;722898112.00
2015/11/17;17.50;18.08;17.11;17.20;79408538;1406054272.00
2015/11/18;17.27;17.36;16.66;16.74;38701106;663838528.00
2015/11/19;17.15;17.69;16.95;17.61;65768261;1155522304.00
2015/11/20;18.34;18.34;17.45;17.63;87994372;1581399296.00
2015/11/23;17.75;17.80;17.11;17.23;49559266;870386176.00
2015/11/24;17.38;17.51;17.00;17.45;42546779;742353536.00
2015/11/25;17.75;17.85;17.43;17.75;63841490;1135951616.00
2015/11/26;17.76;17.82;17.24;17.48;62195757;1097741568.00
2015/11/27;18.41;19.00;17.45;17.62;161058615;2956004096.00
2015/11/30;17.63;17.84;15.95;17.26;91270614;1565812992.00
2015/12/01;17.15;17.45;16.72;17.00;50794180;872929792.00
2015/12/02;17.02;17.16;16.00;16.67;39447866;659581504.00
2015/12/03;16.73;17.03;16.57;17.00;36092049;612768384.00
2015/12/04;16.94;17.14;16.65;16.81;34530167;588723392.00
2015/12/07;16.84;17.00;16.59;16.78;27979048;474138304.00
2015/12/08;17.01;17.22;16.65;16.65;47318654;808792768.00
2015/12/09;16.37;16.47;16.05;16.16;43614509;713333248.00
2015/12/10;16.21;16.34;15.95;16.07;32756324;532416992.00
2015/12/11;16.10;16.41;15.95;16.25;33377125;547272832.00
2015/12/14;16.06;16.84;16.01;16.77;36146804;601529920.00
2015/12/15;16.77;17.50;16.69;17.26;48064419;834924736.00
2015/12/16;17.30;17.51;16.98;17.13;41747972;726496640.00
2015/12/17;17.20;17.47;17.15;17.37;48246525;842411904.00
2015/12/18;17.41;17.48;16.85;16.95;43998525;758774848.00
2015/12/21;17.05;17.21;16.94;17.06;29336416;504701536.00
2015/12/22;17.09;17.31;17.01;17.23;32195374;557059072.00
2015/12/23;17.24;17.33;16.93;16.96;33063464;569277056.00
2015/12/24;16.93;16.98;16.38;16.71;27969882;468952864.00
2015/12/25;16.78;16.80;16.60;16.73;20317993;342320608.00
2015/12/28;16.75;17.15;16.50;16.51;31393150;533763136.00
2015/12/29;16.55;16.63;16.25;16.54;23704596;392679200.00
2016/02/04;14.87;14.87;14.87;14.87;34526900;518594048.00
2016/02/05;13.47;14.73;13.47;14.03;76549143;1090509568.00
2016/02/15;13.35;13.83;13.05;13.65;41000096;561132736.00
2016/02/16;13.74;14.23;13.73;14.10;40001950;568568000.00
2016/02/17;14.11;14.66;14.07;14.38;47747509;691974272.00
2016/02/18;14.48;14.57;14.13;14.21;36985004;534501888.00
2016/02/19;14.15;14.41;14.14;14.37;31512839;455144192.00
2016/02/22;14.61;14.66;14.38;14.60;37879542;555580160.00
2016/02/23;14.57;14.98;14.48;14.71;41143022;612420800.00
2016/02/24;14.71;14.94;14.15;14.41;39678455;580453376.00
2016/02/25;14.41;14.45;12.95;12.95;47983533;655312704.00
2016/02/26;12.96;13.20;12.05;12.13;50851326;640701952.00
2016/02/29;12.19;12.25;10.95;11.05;45485136;522365408.00
2016/03/01;11.11;11.40;10.64;11.25;41200553;464779904.00
2016/03/02;11.26;11.94;11.21;11.92;40426976;473635648.00
2016/03/03;12.05;12.24;11.88;11.90;39551825;483599104.00
2016/03/04;11.82;12.21;11.35;11.43;43087483;512447488.00
2016/03/07;11.62;11.84;11.45;11.61;26347648;310955776.00
2016/03/08;11.62;11.81;10.98;11.78;33600696;390508736.00
2016/03/09;11.45;12.02;11.35;11.59;31627641;376116928.00
2016/03/10;11.61;11.78;11.23;11.25;25085964;290682688.00
2016/03/11;11.10;11.28;11.01;11.17;19795885;223513312.00
2016/03/14;11.35;11.79;11.27;11.65;34901347;409558336.00
2016/03/15;11.65;11.74;11.44;11.49;22212834;260663072.00
2016/03/16;11.59;11.67;11.27;11.28;21909597;253572080.00
2016/03/17;11.39;11.80;11.33;11.67;37846992;444581856.00
2016/03/18;11.81;12.63;11.69;12.37;61510856;761426880.00
2016/03/21;12.63;12.91;12.55;12.80;51319914;660424448.00
2016/03/22;12.80;13.30;12.55;12.97;54855797;719564288.00
2016/03/23;12.98;13.14;12.66;12.89;39269149;510772544.00
2016/03/24;12.77;13.13;12.63;12.67;39624830;516321792.00
2016/03/25;12.60;12.99;12.58;12.73;31821883;410209536.00
2016/03/28;13.05;13.23;12.73;12.78;44415984;585685888.00
2016/03/29;12.67;12.88;12.35;12.39;27668580;351607552.00
2016/03/30;12.55;12.88;12.55;12.85;27836622;357983936.00
2016/03/31;13.01;13.04;12.75;12.78;31283630;406582400.00
2016/04/01;12.70;12.82;12.39;12.62;22664220;288253696.00
2016/04/05;12.64;12.96;12.58;12.95;32856973;426819840.00
2016/04/06;12.95;13.07;12.81;13.02;41003192;536946560.00
2016/04/07;13.05;13.12;12.61;12.66;37810485;490501056.00
2016/04/08;12.56;12.63;12.25;12.44;28369537;357520640.00
2016/04/11;12.55;12.79;12.55;12.66;23475544;301422400.00
2016/04/12;12.72;12.72;12.28;12.50;23205041;292591552.00
2016/04/13;12.65;12.90;12.57;12.73;39693048;512941184.00
2016/04/14;12.81;13.02;12.74;12.94;35131862;458573376.00
2016/04/15;12.98;12.99;12.76;12.85;24053309;313450496.00
2016/04/18;12.84;12.84;12.55;12.62;17987881;229885936.00
2016/04/19;12.70;12.78;12.45;12.57;20658348;262566048.00
2016/04/20;12.63;12.84;11.72;11.92;43525357;540297856.00
2016/04/21;11.92;12.01;11.65;11.66;25472875;305198048.00
2016/04/22;11.66;11.90;11.61;11.84;15796462;188435856.00
2016/04/25;11.85;11.93;11.65;11.81;15087544;180348416.00
2016/04/26;11.77;12.16;11.77;12.11;20660085;250524032.00
2016/04/27;12.12;12.12;11.86;11.86;16593919;201251840.00
2016/04/28;11.90;11.94;11.47;11.68;18940591;223673520.00
2016/04/29;11.60;11.76;11.56;11.61;13366069;157927472.00
2016/05/03;11.65;12.08;11.61;12.07;23839513;287374720.00
2016/05/04;12.05;12.26;11.96;12.18;26935207;331300608.00
2016/05/05;12.17;12.20;12.04;12.13;14791078;181283104.00
2016/05/06;12.13;12.18;11.58;11.64;24114836;289633024.00
2016/05/09;11.60;11.62;10.99;11.17;23509301;269921984.00
2016/05/10;11.14;11.29;11.11;11.14;12629392;143213280.00
2016/05/11;11.23;11.30;11.01;11.06;11732548;132522528.00
2016/05/12;10.87;11.15;10.86;11.08;12611794;140666320.00
2016/05/13;11.17;11.31;11.04;11.15;11531691;130592680.00
2016/05/16;11.14;11.25;11.01;11.22;11454619;129476824.00
2016/05/17;11.25;11.36;11.08;11.20;16459543;186966368.00
2016/05/18;11.22;11.33;10.93;10.96;20653684;232894208.00
2016/05/19;10.95;11.33;10.93;11.31;19152461;216849968.00
2016/05/20;11.09;11.38;11.00;11.31;20362955;231502672.00
2016/05/23;11.35;11.45;11.29;11.39;20019343;230936816.00
2016/05/24;11.36;11.37;11.16;11.18;13192527;150325520.00
2016/05/25;11.27;11.32;11.15;11.17;9325438;106038072.00
2016/05/26;11.13;11.19;10.88;11.14;14776179;164877392.00
2016/05/27;11.08;11.31;11.08;11.23;14628950;166116720.00
2016/05/30;11.26;11.30;11.11;11.15;9651833;108176672.00
2016/05/31;11.18;11.66;11.18;11.65;29102877;333889184.00
2016/06/01;11.61;11.90;11.57;11.70;27362446;321356544.00
2016/06/02;11.72;11.89;11.68;11.84;21223882;250510912.00
2016/06/03;11.84;11.86;11.67;11.75;20747901;243860384.00
2016/06/06;11.80;11.87;11.73;11.79;16477858;194218240.00
2016/06/07;11.80;12.06;11.80;11.91;23194745;276919456.00
2016/06/08;11.93;12.63;11.88;12.44;55947997;689251648.00
2016/10/12;13.68;13.68;13.00;13.15;101578865;1350101632.00
2016/10/13;13.15;13.30;13.06;13.19;48597036;641117952.00
2016/10/14;13.08;13.10;12.77;13.00;34504450;445098752.00
2016/10/17;13.00;13.03;12.65;12.67;24477300;314564096.00
2016/10/18;12.66;12.84;12.66;12.80;17741563;226441296.00
2016/10/19;12.81;12.91;12.73;12.76;18204226;233410576.00
2016/10/20;12.86;13.24;12.84;13.13;44749697;586881920.00
2016/10/21;13.10;13.17;12.88;13.03;23131592;300443040.00
2016/10/24;13.06;13.16;12.94;12.98;23665469;308590048.00
2016/10/25;13.01;13.28;12.98;13.20;26987060;354564160.00
2016/10/26;13.03;13.13;12.74;12.88;24215125;312307008.00
2016/10/27;12.83;12.92;12.76;12.78;12868686;165194096.00
2016/10/28;12.79;12.87;12.61;12.63;14088000;179249920.00
2016/10/31;12.63;12.76;12.53;12.55;12987958;163812096.00
2016/11/01;12.60;12.65;12.42;12.60;17873505;224028448.00
2016/11/02;12.59;12.59;12.40;12.48;15495279;193211744.00
2016/11/03;12.40;12.68;12.36;12.54;18394060;230935136.00
2016/11/04;12.56;12.59;12.44;12.47;10705597;133884528.00
2016/11/07;12.50;12.51;12.30;12.32;13925971;172347200.00
2016/11/08;12.40;12.55;12.37;12.44;11891729;148256368.00
2016/11/09;12.50;12.75;12.20;12.58;24148420;301651360.00
2016/11/10;12.63;12.70;12.60;12.65;13070155;165215152.00
2016/11/11;12.60;12.67;12.54;12.66;13664563;172212992.00
2016/11/14;12.66;12.74;12.56;12.69;15521650;196441152.00
2016/11/15;12.69;12.69;12.54;12.59;11078015;139364480.00
2016/11/16;12.61;12.66;12.53;12.53;11274838;141684496.00
2016/11/17;12.57;12.57;12.33;12.38;9612600;119260624.00
数据来源:通达信
