002782 可立克 日线 前复权
      日期	    开盘	    最高	    最低	    收盘	    成交量	    成交额
2015/12/22;3.93;4.33;3.93;4.33;16800;183351.00
2015/12/23;4.76;4.76;4.76;4.76;5300;63653.00
2015/12/24;5.24;5.24;5.24;5.24;9100;120211.00
2015/12/25;5.77;5.77;5.77;5.77;4400;63932.00
2015/12/28;6.35;6.35;6.35;6.35;10000;159800.00
2015/12/29;6.99;6.99;6.99;6.99;12000;210960.00
2015/12/30;7.70;7.70;7.70;7.70;14700;284298.00
2015/12/31;8.47;8.47;8.47;8.47;33600;714672.00
2016/01/04;9.32;9.32;9.32;9.32;70650;1653210.00
2016/01/05;10.26;10.26;10.26;10.26;90400;2326896.00
2016/01/06;11.28;11.28;11.28;11.28;39550;1119660.50
2016/01/07;12.42;12.42;12.42;12.42;71600;2229624.00
2016/01/08;13.66;13.66;13.66;13.66;159949;5478253.00
2016/01/11;15.03;15.03;15.03;15.03;267538;10080832.00
2016/01/12;16.54;16.54;16.54;16.54;863130;35776740.00
2016/01/13;15.96;18.20;15.20;18.20;30225048;1284107264.00
2016/01/14;17.96;20.02;17.96;20.02;25740041;1252855168.00
2016/01/15;20.67;21.16;18.02;18.02;16675947;790996608.00
2016/01/18;16.21;16.99;16.21;16.21;19040534;776826432.00
2016/01/19;16.00;16.58;15.36;16.27;23783964;959126528.00
2016/01/20;16.76;17.07;14.64;14.72;21723856;866153152.00
2016/01/21;14.02;14.44;13.24;13.24;15128869;519677312.00
2016/01/22;13.36;13.96;12.80;13.51;13578940;457735776.00
2016/01/25;13.68;13.96;12.81;13.52;12948965;436306720.00
2016/01/26;13.48;13.48;12.17;12.17;10726968;339884704.00
2016/01/27;11.77;12.68;11.16;12.35;11606331;344641408.00
2016/01/28;11.96;12.11;11.11;11.11;8656693;251946896.00
2016/01/29;10.76;12.22;10.67;12.22;12313549;363870656.00
2016/02/01;12.60;13.20;12.26;12.64;17253513;550057600.00
2016/02/02;12.06;12.88;11.96;12.77;12869374;405777088.00
2016/02/03;12.39;13.31;12.12;12.98;11805169;379104224.00
2016/02/04;12.88;13.96;12.88;13.56;13332560;455035264.00
2016/02/05;13.56;13.68;12.64;12.72;9726100;319772160.00
2016/02/15;11.78;12.76;11.78;12.41;5588261;170696704.00
2016/02/16;12.52;13.24;12.52;13.06;7503238;244282800.00
2016/02/17;12.96;13.68;12.88;13.30;9529256;316722816.00
2016/02/18;13.35;14.15;13.17;13.84;13239222;453519392.00
2016/02/19;13.56;13.76;13.24;13.56;7860566;266621520.00
2016/02/22;13.84;14.60;13.61;14.44;11826522;417981184.00
2016/02/23;14.35;15.47;14.20;15.16;13398464;501198112.00
2016/02/24;14.91;15.39;14.04;14.35;12087982;443057728.00
2016/02/25;14.18;14.19;12.91;12.91;8571663;288842144.00
2016/02/26;12.91;13.10;11.72;12.25;8067670;251054896.00
2016/02/29;11.95;11.96;11.02;11.02;5871044;165087968.00
2016/03/01;11.10;11.76;10.36;11.42;6803371;189980032.00
2016/03/02;11.36;12.04;11.24;11.98;7855344;229714208.00
2016/03/03;11.87;12.44;11.56;11.73;7631142;230600272.00
2016/03/04;11.60;12.55;11.04;11.29;8631995;256498640.00
2016/03/07;11.56;11.87;11.40;11.55;5360998;156263312.00
2016/03/08;11.33;11.54;10.56;11.46;6223933;172626720.00
2016/03/09;10.96;11.72;10.86;11.25;5493405;155740416.00
2016/03/10;11.20;11.42;10.98;11.06;4081793;114810672.00
2016/03/11;10.80;11.30;10.63;11.07;3497188;97073384.00
2016/03/14;11.32;11.88;11.24;11.67;6230681;181971440.00
2016/03/15;11.59;12.16;11.57;11.64;5991860;177609152.00
2016/03/16;11.92;12.56;11.75;12.04;9017460;273497664.00
2016/03/17;12.14;12.87;11.81;12.68;12012020;371747296.00
2016/03/18;13.02;13.88;12.81;13.57;13076653;434049408.00
2016/03/21;13.66;13.96;13.36;13.79;11832996;401988864.00
2016/03/22;13.44;13.66;13.16;13.45;7060238;238888800.00
2016/03/23;13.44;13.91;13.39;13.70;7624161;260872592.00
2016/03/24;13.44;13.48;12.82;12.84;8381642;276595424.00
2016/03/25;12.76;13.00;12.64;12.86;4610704;148177136.00
2016/03/28;13.06;13.30;12.78;12.90;5041485;165467584.00
2016/03/29;12.80;12.90;12.22;12.32;4767718;148866880.00
2016/03/30;12.42;13.03;12.42;13.03;4918007;156714320.00
2016/03/31;13.22;13.67;13.06;13.38;7880553;263847648.00
2016/04/01;13.31;13.38;12.70;12.97;4999883;163218800.00
2016/04/05;12.90;14.27;12.90;14.27;10986575;381504960.00
2016/04/06;14.27;14.55;13.91;14.33;12592804;447639552.00
2016/04/07;14.23;14.32;13.78;13.91;8151068;287047168.00
2016/04/08;13.76;14.75;13.40;14.61;12676489;453149696.00
2016/04/11;15.28;16.08;14.91;16.08;7347248;287510560.00
2016/04/12;16.91;17.52;15.16;15.52;19361450;793403584.00
2016/04/13;15.44;17.03;15.20;16.55;16325318;653784640.00
2016/04/14;16.25;18.00;16.25;17.48;15589430;670218624.00
2016/04/15;17.16;17.96;16.80;16.92;13294673;575145216.00
2016/04/18;16.48;17.69;15.91;17.24;10163704;423042432.00
2016/04/19;17.56;18.15;17.17;17.49;12740486;563315008.00
2016/04/20;17.28;17.79;15.78;16.54;12696216;532842624.00
2016/04/21;16.34;16.76;15.16;15.33;9558944;387573088.00
2016/04/22;16.14;16.86;15.74;16.69;12838418;530407552.00
2016/04/25;16.09;17.91;15.76;17.34;14044406;592754112.00
2016/04/26;17.12;19.04;16.97;18.78;18283185;824372800.00
2016/04/27;18.40;18.87;18.08;18.21;13978571;646270144.00
2016/04/28;18.19;19.35;18.00;19.00;13880429;649384448.00
2016/04/29;18.76;19.32;18.36;18.58;10452836;493245888.00
2016/05/03;18.38;19.96;18.16;19.76;12573379;599182016.00
2016/05/04;19.44;20.70;19.43;19.54;14775346;737583936.00
2016/05/05;19.40;20.36;19.28;20.36;12165348;609001024.00
2016/05/06;20.24;21.80;20.16;20.70;17950202;934691840.00
2016/05/09;20.16;21.08;19.96;20.36;13155182;679286400.00
2016/05/10;20.16;20.51;18.33;18.37;12567030;599863872.00
2016/05/11;18.74;18.99;17.27;17.63;11117999;504668192.00
2016/05/12;17.07;18.26;16.57;18.16;10899637;481115264.00
2016/05/13;17.89;18.66;17.57;17.85;8696265;394607680.00
2016/05/16;17.68;19.56;17.56;19.56;11573156;539160320.00
2016/05/17;19.44;20.36;19.16;19.48;13436639;666870592.00
2016/05/18;19.20;19.91;18.48;19.88;10410910;503601792.00
2016/05/19;19.56;21.55;19.52;20.94;15372805;796478720.00
2016/05/20;20.58;23.03;20.49;23.03;17640360;961838720.00
2016/05/23;22.75;23.42;22.25;22.78;14954055;852611008.00
2016/05/24;22.56;24.34;22.56;22.92;14877979;875935104.00
2016/05/25;23.16;24.22;21.99;22.77;13212770;770552768.00
2016/05/26;22.49;22.96;21.15;22.94;11703298;648348800.00
2016/05/27;22.74;23.74;22.36;22.48;10813846;625925696.00
2016/05/30;21.72;23.16;21.48;21.99;9092786;506948288.00
2016/05/31;22.10;24.20;21.96;24.20;12080056;702823936.00
2016/06/01;25.16;26.60;24.66;25.65;17416879;1106529536.00
2016/06/02;25.87;28.22;25.57;28.22;12638140;852669248.00
2016/06/03;29.40;31.04;28.96;30.12;17554060;1326493568.00
2016/06/06;30.12;33.14;29.91;33.14;15616883;1233517568.00
2016/06/07;33.28;36.45;33.25;36.45;14582209;1287883520.00
2016/06/08;37.15;40.10;37.10;38.19;53138211;2046063744.00
2016/06/13;37.70;37.70;34.37;34.37;36426893;1273310592.00
2016/06/14;32.61;36.48;31.87;36.48;50442211;1745219584.00
2016/06/15;34.91;39.20;34.89;37.25;50184651;1870735360.00
2016/06/16;36.81;38.36;35.51;36.00;39566133;1457175424.00
2016/06/17;36.07;37.29;35.20;36.30;29539700;1072790400.00
2016/06/20;36.00;36.49;34.54;35.58;24274039;863292352.00
2016/06/21;35.75;36.00;32.80;33.48;30978829;1061395968.00
2016/06/22;33.50;34.18;32.70;33.59;19283363;641923072.00
2016/06/23;33.89;33.89;32.30;32.48;17075751;558866816.00
2016/06/24;32.15;34.97;32.15;34.60;39532975;1338137344.00
2016/06/27;33.90;35.70;33.08;34.99;32107646;1106194176.00
2016/06/28;34.51;35.08;34.00;34.37;20684676;711608576.00
2016/06/29;34.60;37.81;34.60;37.81;39340860;1442011136.00
2016/06/30;37.00;37.40;35.16;35.99;36306735;1310897408.00
2016/07/01;35.80;36.37;35.20;35.32;20879648;744911808.00
2016/07/04;35.21;35.68;34.01;35.41;21411503;745795712.00
2016/07/05;35.39;36.78;34.90;35.79;23341108;839152128.00
2016/07/06;35.25;35.39;34.60;34.76;17555247;611182016.00
2016/07/07;34.05;35.26;34.05;34.61;12170411;421616288.00
2016/07/08;34.55;35.09;34.30;34.37;10628818;368216128.00
2016/07/11;34.38;34.84;32.76;33.28;14772238;497057472.00
2016/07/12;33.00;33.49;30.03;32.89;17680196;565683968.00
2016/07/13;32.88;32.98;31.96;32.50;10851287;351351968.00
2016/07/14;32.53;34.00;32.40;33.48;17289590;578573504.00
2016/07/15;33.12;33.55;32.50;32.70;11324027;370996192.00
2016/07/18;32.70;32.82;31.56;31.71;8004675;255010832.00
2016/07/19;31.72;32.56;31.70;31.93;6531664;209198416.00
2016/07/20;32.10;34.09;32.01;33.03;16355077;544001984.00
2016/07/21;33.06;33.10;32.07;32.25;9764266;315625280.00
2016/07/22;32.00;32.25;31.56;31.61;6921877;219740512.00
2016/07/25;31.86;32.20;31.02;31.29;5718174;180344720.00
2016/07/26;31.30;31.77;31.30;31.59;4911231;154558048.00
2016/07/27;31.78;31.88;29.18;29.58;9676379;292725696.00
2016/07/28;29.59;29.77;27.86;28.70;8113355;232871840.00
2016/07/29;28.69;28.70;27.65;28.15;6022707;169276016.00
2016/08/01;27.77;27.80;26.18;26.70;7172243;191122592.00
2016/08/02;26.69;27.28;26.50;26.79;5080417;136222448.00
2016/08/03;26.79;27.66;26.51;27.33;8633845;234130816.00
2016/08/04;27.03;27.96;26.70;27.59;9629161;263852144.00
2016/08/05;27.35;27.70;27.10;27.22;5988212;163449296.00
2016/08/08;27.30;27.50;26.63;27.48;5897843;160478096.00
2016/08/09;27.75;28.68;27.31;28.17;11778716;331029856.00
2016/08/10;28.17;30.95;27.70;30.10;17812889;517544672.00
2016/08/11;29.40;29.93;28.66;28.71;12362834;362802976.00
2016/08/12;28.46;29.07;28.11;28.51;7116752;203012064.00
2016/08/15;28.32;29.50;28.30;29.08;9823321;285001184.00
2016/08/16;29.07;29.88;28.88;29.42;9911287;292087776.00
2016/08/17;29.30;31.78;28.96;30.78;21224554;655738432.00
2016/08/18;30.31;30.97;29.82;30.32;13576634;411755488.00
2016/08/19;30.06;30.75;30.06;30.18;7236453;219336432.00
2016/08/22;30.25;30.54;28.88;28.89;8857434;261123024.00
2016/08/23;28.84;29.20;28.50;28.79;5259621;151391632.00
2016/08/24;28.72;29.19;28.61;28.88;5177660;149499376.00
2016/08/25;28.69;29.00;27.51;28.61;6998190;197579728.00
2016/08/26;28.69;28.79;28.30;28.31;4319090;123145144.00
2016/08/29;28.28;28.80;28.02;28.20;3670379;104120584.00
2016/08/30;28.20;29.00;28.20;28.76;7427768;213394160.00
2016/08/31;28.61;28.63;27.82;28.25;6047477;170596208.00
2016/09/01;28.10;28.48;28.00;28.02;4438715;125401008.00
2016/09/02;27.80;28.08;27.50;27.57;4540911;125868208.00
2016/09/05;27.74;27.96;27.56;27.61;2754473;76407688.00
2016/09/06;27.81;28.20;27.25;28.15;5279052;146708592.00
2016/09/07;28.20;28.58;27.94;28.58;8498140;240813408.00
2016/09/08;29.50;30.93;29.01;29.04;18632717;556557376.00
2016/09/09;28.18;28.69;27.98;27.98;10319560;291343392.00
2016/09/12;27.31;27.48;26.80;26.81;6958830;188304144.00
2016/09/13;27.00;27.30;26.82;26.98;4003347;108237528.00
2016/09/14;26.90;27.20;26.66;27.05;3566726;96351536.00
2016/09/19;27.05;27.30;27.00;27.15;2403190;65242276.00
2016/09/20;27.17;27.21;26.90;26.97;2354606;63488140.00
2016/09/21;26.90;27.10;26.84;26.92;2147704;57893720.00
2016/09/22;27.14;27.19;26.81;26.83;2938775;79188024.00
2016/09/23;27.00;27.06;26.51;26.58;2896877;77451032.00
2016/09/26;26.70;26.70;25.00;25.06;4690202;121082864.00
2016/09/27;25.00;25.40;24.63;25.37;3602619;90129984.00
2016/09/28;25.18;25.35;24.89;24.91;2212452;55350880.00
2016/09/29;24.91;25.16;24.80;24.82;2027210;50556748.00
2016/09/30;25.00;25.07;24.83;24.86;1529573;38118220.00
2016/10/10;25.06;25.98;24.91;25.72;3921378;99834264.00
2016/10/11;25.80;25.80;25.41;25.61;2719057;69722920.00
2016/10/12;25.58;25.78;25.33;25.64;2788087;71300872.00
2016/10/13;25.54;27.21;25.52;26.44;8541527;225831040.00
2016/10/14;25.98;26.29;25.91;26.07;4196635;109350304.00
2016/10/17;25.92;26.98;25.90;26.07;5274880;139460128.00
2016/10/18;25.90;26.97;25.50;26.87;10857417;289047424.00
2016/10/19;27.00;27.09;26.40;26.62;6604956;175982592.00
2016/10/20;26.65;29.28;26.51;29.28;28751004;822206912.00
2016/10/21;29.50;31.99;29.26;30.99;43109415;1322344064.00
2016/10/24;30.49;34.09;29.60;34.09;39920905;1272848896.00
2016/10/25;33.50;36.70;33.21;33.60;50698169;1767652864.00
2016/10/26;33.00;34.58;32.67;33.97;31309126;1053095680.00
2016/10/27;33.30;35.20;32.61;34.18;31282458;1056035328.00
2016/10/28;33.40;34.75;32.60;32.69;25670505;857534848.00
2016/10/31;32.05;33.45;31.68;32.83;18226413;595206336.00
2016/11/01;32.65;36.11;32.45;36.11;48887244;1726883968.00
2016/11/02;36.20;39.11;35.11;38.35;60028902;2229428480.00
2016/11/03;36.90;39.90;36.57;36.76;54725087;2093781760.00
2016/11/04;36.35;37.20;34.01;34.15;32822859;1157835776.00
2016/11/07;34.18;34.83;33.42;33.85;16245138;553942016.00
2016/11/08;33.85;35.79;33.80;34.96;20838733;727858816.00
2016/11/09;34.72;34.75;33.00;33.89;17750481;603312064.00
2016/11/10;34.70;34.87;33.80;34.05;13081325;447559712.00
2016/11/11;34.04;35.48;33.99;34.55;19695378;686305600.00
2016/11/14;34.10;34.15;32.85;33.29;15526947;518750560.00
2016/11/15;33.18;33.98;32.18;33.37;14611863;482315840.00
2016/11/16;33.10;33.65;32.83;32.86;9259919;307297088.00
2016/11/17;32.72;32.77;31.80;32.10;5371300;172614160.00
数据来源:通达信
