002538 司尔特 日线 前复权
      日期	    开盘	    最高	    最低	    收盘	    成交量	    成交额
2011/01/18;5.53;5.99;5.29;5.64;6579751;158534400.00
2011/01/19;5.64;6.09;5.64;5.98;4549260;113962664.00
2011/01/20;5.87;5.87;5.64;5.76;2842414;69237320.00
2011/01/21;5.66;5.82;5.55;5.60;1994895;48041840.00
2011/01/24;5.56;5.63;5.40;5.42;1427794;33290442.00
2011/01/25;5.40;5.51;5.31;5.50;955022;21945826.00
2011/01/26;5.44;5.62;5.44;5.58;963942;22787588.00
2011/01/27;5.50;5.68;5.49;5.67;939350;22378148.00
2011/01/28;5.60;5.69;5.57;5.62;671250;16020446.00
2011/01/31;5.62;5.68;5.56;5.66;807842;19311624.00
2011/02/01;5.66;5.67;5.58;5.62;507355;12105191.00
2011/02/09;5.65;5.73;5.59;5.63;807686;19417086.00
2011/02/10;5.63;5.85;5.61;5.84;1836339;44986764.00
2011/02/11;5.84;5.89;5.78;5.85;1388274;34400564.00
2011/02/14;5.81;5.92;5.80;5.91;1565372;38915532.00
2011/02/15;5.91;5.93;5.84;5.84;1357482;33850376.00
2011/02/16;5.84;5.96;5.80;5.96;1521189;38032160.00
2011/02/17;5.97;5.98;5.83;5.90;1238668;30891082.00
2011/02/18;5.86;5.89;5.80;5.82;827303;20456724.00
2011/02/21;5.79;5.90;5.79;5.89;851445;21161990.00
2011/02/22;5.96;6.19;5.96;5.98;4021591;103468640.00
2011/02/23;5.99;6.07;5.87;6.02;1766469;44491284.00
2011/02/24;6.01;6.10;5.95;6.04;1446952;36998876.00
2011/02/25;6.02;6.07;5.89;5.97;1101928;27780480.00
2011/02/28;5.99;6.02;5.91;6.00;884911;22372172.00
2011/03/01;6.02;6.17;6.00;6.15;2685031;69533728.00
2011/03/02;6.11;6.15;5.95;6.02;1321146;33766516.00
2011/03/03;6.02;6.06;5.88;5.89;1200367;30278618.00
2011/03/04;5.89;5.97;5.88;5.96;569240;14265169.00
2011/03/07;5.96;6.00;5.92;5.97;768193;19374908.00
2011/03/08;5.95;5.98;5.93;5.95;630653;15881033.00
2011/03/09;5.97;5.97;5.90;5.94;799753;20084962.00
2011/03/10;5.94;5.98;5.92;5.95;607112;15315234.00
2011/03/11;5.93;5.99;5.92;5.93;638116;16089947.00
2011/03/14;5.97;5.97;5.90;5.94;790930;19860972.00
2011/03/15;5.93;5.95;5.75;5.83;1099222;27204660.00
2011/03/16;5.85;5.98;5.85;5.97;1306453;32784222.00
2011/03/17;5.95;5.99;5.89;5.91;937841;23566728.00
2011/03/18;5.85;5.92;5.78;5.85;1331474;32930452.00
2011/03/21;5.85;5.87;5.80;5.81;429971;10612651.00
2011/03/22;5.85;5.87;5.76;5.81;361353;8889615.00
2011/03/23;5.78;5.86;5.77;5.83;538561;13264492.00
2011/03/24;5.83;5.92;5.80;5.91;780359;19340510.00
2011/03/25;5.88;5.93;5.85;5.87;644499;16062852.00
2011/03/28;5.92;5.92;5.83;5.86;896649;22336092.00
2011/03/29;5.83;5.89;5.74;5.74;833798;20473264.00
2011/03/30;5.74;5.82;5.66;5.70;413295;10028029.00
2011/03/31;5.71;5.75;5.64;5.65;344845;8309131.00
2011/04/01;5.68;5.70;5.60;5.67;267370;6408816.00
2011/04/06;5.67;5.68;5.62;5.65;244810;5862826.00
2011/04/08;5.68;5.75;5.67;5.73;325147;7910392.50
2011/04/11;5.71;5.73;5.67;5.67;281373;6796304.50
2011/04/12;5.67;5.69;5.65;5.65;201324;4838991.50
2011/04/13;5.65;5.72;5.64;5.72;254306;6128993.50
2011/04/14;5.72;5.72;5.66;5.70;212992;5143366.50
2011/04/15;5.78;5.83;5.73;5.77;611970;15016921.00
2011/04/18;5.76;5.97;5.76;5.97;2446522;61282628.00
2011/04/19;5.90;6.03;5.90;5.99;2546316;64388560.00
2011/04/20;5.94;6.01;5.90;6.01;1219841;30822728.00
2011/04/21;6.01;6.02;5.94;5.96;1383825;34920680.00
2011/04/22;6.00;6.00;5.77;5.80;1413926;35110860.00
2011/04/25;5.80;5.95;5.70;5.90;1532315;38018536.00
2011/04/26;5.91;6.02;5.87;5.96;4047583;101862368.00
2011/04/27;5.97;6.02;5.90;6.00;2690971;68036688.00
2011/04/28;6.01;6.02;5.83;5.84;1852395;46394624.00
2011/04/29;5.83;5.88;5.72;5.79;1124652;27664106.00
2011/05/03;5.78;5.81;5.64;5.79;927997;22507522.00
2011/05/04;5.73;5.77;5.64;5.65;905048;21803626.00
2011/05/05;5.63;5.69;5.61;5.65;669088;16046903.00
2011/05/06;5.65;5.67;5.58;5.62;760116;17986084.00
2011/05/09;5.63;5.69;5.60;5.65;620653;14765126.00
2011/05/10;5.65;5.70;5.61;5.70;639546;15262944.00
2011/05/11;5.69;5.71;5.61;5.65;749889;17872618.00
2011/05/12;5.63;5.70;5.57;5.57;825881;19638400.00
2011/05/13;5.61;5.75;5.60;5.74;1763787;42320252.00
2011/05/16;5.71;5.85;5.70;5.72;1255864;30376756.00
2011/05/17;5.72;5.75;5.67;5.69;780685;18755262.00
2011/05/18;5.70;5.73;5.66;5.71;602774;14433598.00
2011/05/19;5.70;5.71;5.60;5.60;722467;17180040.00
2011/05/20;5.60;5.62;5.52;5.54;612990;14372214.00
2011/05/23;5.54;5.61;5.40;5.40;775314;17847094.00
2011/05/24;5.40;5.45;5.38;5.43;368194;8418490.00
2011/05/25;5.43;5.45;5.34;5.34;373403;8488381.00
2011/05/26;5.35;5.38;5.24;5.25;448040;10048661.00
2011/05/27;5.08;5.24;4.83;4.89;790120;16950932.00
2011/05/30;4.89;4.91;4.79;4.79;580476;11959135.00
2011/05/31;4.81;4.89;4.76;4.89;487883;10024336.00
2011/06/01;4.90;4.95;4.85;4.95;496671;10345720.00
2011/06/02;4.90;4.90;4.78;4.85;422090;8660268.00
2011/06/03;4.82;4.95;4.82;4.92;376345;7819732.50
2011/06/07;4.92;4.95;4.83;4.91;396423;8242473.50
2011/06/08;4.93;4.93;4.84;4.89;307245;6348158.00
2011/06/09;4.89;4.91;4.75;4.75;500950;10273040.00
2011/06/10;4.75;4.81;4.63;4.70;595788;11954286.00
2011/06/13;4.65;4.73;4.63;4.69;296838;5902833.00
2011/06/14;4.73;5.10;4.73;4.99;1214384;25587548.00
2011/06/15;4.96;5.04;4.93;4.93;585183;12343052.00
2011/06/16;4.94;4.94;4.75;4.78;542358;11139877.00
2011/06/17;4.84;4.84;4.77;4.77;364712;7440101.50
2011/06/20;4.77;4.86;4.77;4.86;379428;7741558.00
2011/06/21;4.86;4.88;4.76;4.84;595837;12174416.00
2011/06/22;4.86;4.87;4.80;4.84;313489;6444466.50
2011/06/23;4.81;5.11;4.80;5.08;1585150;33767404.00
2011/06/24;5.15;5.40;5.08;5.22;2311714;51477348.00
2011/06/27;5.17;5.39;5.10;5.38;1641952;36653504.00
2011/06/28;5.33;5.39;5.26;5.30;759532;17001112.00
2011/06/29;5.30;5.37;5.26;5.27;894494;20104234.00
2011/06/30;5.25;5.34;5.25;5.28;905446;20278910.00
2011/07/01;5.31;5.34;5.27;5.28;565902;12674623.00
2011/07/04;5.34;5.39;5.31;5.37;839565;18970964.00
2011/07/05;5.37;5.44;5.32;5.37;861936;19543386.00
2011/07/06;5.36;5.43;5.29;5.43;864122;19534072.00
2011/07/07;5.47;5.59;5.40;5.50;1621970;37702088.00
2011/07/08;5.49;5.55;5.45;5.52;813164;18895622.00
2011/07/11;5.48;5.60;5.45;5.57;1055363;24756180.00
2011/07/12;5.51;5.57;5.42;5.44;1096989;25381704.00
2011/07/13;5.43;5.68;5.43;5.61;1630467;38429140.00
2011/07/14;5.81;5.86;5.73;5.81;2949697;71843560.00
2011/07/15;5.80;5.92;5.77;5.85;1750269;43172044.00
2011/07/18;5.90;5.99;5.78;5.81;1520423;37620008.00
2011/07/19;5.79;5.95;5.77;5.78;1808038;44587748.00
2011/07/20;5.85;5.89;5.69;5.80;1307759;31771096.00
2011/07/21;5.80;5.95;5.76;5.88;1587640;39210036.00
2011/07/22;5.88;5.99;5.85;5.90;1668308;41623728.00
2011/07/25;5.90;6.00;5.68;5.72;1910146;46980652.00
2011/07/26;5.65;5.74;5.59;5.70;1141016;27183130.00
2011/07/27;5.67;5.94;5.63;5.92;1657335;40715116.00
2011/07/28;5.84;6.00;5.79;6.00;1752646;43514708.00
2011/07/29;6.04;6.09;5.87;5.88;1811731;45418372.00
2011/08/01;5.83;6.04;5.83;5.99;1653491;41459952.00
2011/08/02;5.95;5.96;5.79;5.90;1468828;36169588.00
2011/08/03;5.80;5.96;5.80;5.86;983782;24396888.00
2011/08/04;5.86;5.91;5.80;5.86;892058;21916014.00
2011/08/05;5.70;5.82;5.65;5.75;1001700;24244314.00
2011/08/08;5.69;5.75;5.34;5.39;1369008;31846426.00
2011/08/09;5.25;5.51;5.15;5.47;1180749;26528956.00
2011/08/10;5.61;5.63;5.48;5.49;1240857;29052990.00
2011/08/11;5.38;5.64;5.35;5.63;912233;21404538.00
2011/08/12;5.67;5.76;5.66;5.70;987029;23718990.00
2011/08/15;5.72;5.82;5.72;5.82;941787;22950688.00
2011/08/16;5.81;5.88;5.79;5.84;1108111;27201596.00
2011/08/17;5.85;5.88;5.79;5.80;803476;19693362.00
2011/08/18;5.75;5.79;5.62;5.64;973883;23346358.00
2011/08/19;5.51;5.65;5.47;5.63;636400;14898207.00
2011/08/22;5.63;5.70;5.61;5.64;513152;12210276.00
2011/08/23;5.65;5.84;5.63;5.83;927946;22472072.00
2011/08/24;5.89;6.06;5.84;5.95;2576948;64549336.00
2011/08/25;6.00;6.06;5.85;5.96;1816133;45292440.00
2011/08/26;5.85;6.32;5.82;6.25;6550507;168118240.00
2011/08/29;6.20;6.42;6.18;6.27;5561771;147124608.00
2011/08/30;6.30;6.34;6.07;6.07;3521421;91608344.00
2011/08/31;6.09;6.12;5.93;6.08;1925630;48701800.00
2011/09/01;6.05;6.15;5.93;5.94;1836637;46531456.00
2011/09/02;5.90;5.94;5.70;5.75;2026532;49370928.00
2011/09/05;5.68;5.76;5.61;5.68;1302265;31097530.00
2011/09/06;5.63;5.73;5.56;5.65;980397;23343224.00
2011/09/07;5.69;6.00;5.67;5.96;2569789;63448152.00
2011/09/08;5.92;5.99;5.76;5.77;1820652;45116804.00
2011/09/09;5.76;5.89;5.69;5.70;1167177;28348932.00
2011/09/13;5.62;5.64;5.53;5.53;1374649;32266050.00
2011/09/14;5.57;5.59;5.40;5.58;1023495;23770044.00
2011/09/16;5.61;5.62;5.48;5.48;1008541;23643346.00
2011/09/19;5.48;5.48;5.33;5.33;707750;16096136.00
2011/09/20;5.36;5.45;5.34;5.43;583025;13286766.00
2011/09/21;5.43;5.65;5.39;5.59;1077648;25194580.00
2011/09/22;5.55;5.70;5.42;5.42;1246885;29307838.00
2011/09/23;5.28;5.42;5.24;5.36;852616;19218098.00
2011/09/26;5.34;5.41;5.28;5.30;358406;8076087.50
2011/09/27;5.32;5.40;5.30;5.36;415402;9403426.00
2011/09/28;5.41;5.45;5.28;5.30;551796;12519419.00
2011/09/29;5.26;5.32;5.12;5.18;502138;11049147.00
2011/09/30;5.23;5.25;4.98;5.05;604311;12955208.00
2011/10/10;5.06;5.10;4.99;5.02;367229;7831648.00
2011/10/11;5.18;5.19;5.01;5.06;588917;12704258.00
2011/10/12;5.03;5.29;5.01;5.28;900486;19735266.00
2011/10/13;5.28;5.37;5.25;5.31;886502;19915238.00
2011/10/14;5.28;5.35;5.26;5.34;575313;12913498.00
2011/10/17;5.34;5.40;5.31;5.37;669537;15147089.00
2011/10/18;5.33;5.36;5.16;5.17;662725;14751316.00
2011/10/19;5.20;5.27;5.14;5.18;383360;8429023.00
2011/10/20;5.16;5.20;4.98;5.00;609356;13047575.00
2011/10/21;4.99;5.04;4.70;4.71;953120;19561084.00
2011/10/24;4.75;4.85;4.66;4.84;544137;11016085.00
2011/10/25;4.80;5.09;4.80;5.06;820967;17317090.00
2011/10/26;5.01;5.18;4.98;5.13;843874;18263628.00
2011/10/27;5.29;5.32;5.15;5.16;1848536;41062372.00
2011/10/28;5.26;5.32;5.20;5.31;1412629;31549934.00
2011/10/31;5.34;5.39;5.28;5.35;1190532;26867818.00
2011/11/01;5.30;5.42;5.29;5.37;1094763;24797438.00
2011/11/02;5.29;5.47;5.27;5.46;1361349;30906784.00
2011/11/03;5.46;5.53;5.42;5.42;1445725;33371836.00
2011/11/04;5.46;5.56;5.41;5.55;1373898;31756216.00
2011/11/07;5.54;5.58;5.49;5.52;790165;18425736.00
2011/11/08;5.49;5.55;5.44;5.46;820049;19030358.00
2011/11/09;5.49;5.61;5.45;5.60;1091008;25388090.00
2011/11/10;5.56;5.65;5.54;5.55;1247189;29347498.00
2011/11/11;5.54;5.60;5.48;5.55;792133;18467710.00
2011/11/14;5.62;5.75;5.58;5.72;1288977;30820502.00
2011/11/15;5.73;5.79;5.68;5.75;830866;20036150.00
2011/11/16;5.75;5.79;5.62;5.73;1918235;46094480.00
2011/11/17;5.70;5.84;5.65;5.75;1380088;33452666.00
2011/11/18;5.70;5.77;5.51;5.53;1381116;32522128.00
2011/11/21;5.51;5.59;5.49;5.57;443297;10327424.00
2011/11/22;5.53;5.65;5.46;5.63;823810;19435206.00
2011/11/23;5.63;5.68;5.56;5.59;613268;14530259.00
2011/11/24;5.63;5.63;5.49;5.55;510254;11922953.00
2011/11/25;5.55;5.65;5.51;5.55;472453;11134112.00
2011/11/28;5.61;5.61;5.50;5.56;371879;8701644.00
2011/11/29;5.60;5.87;5.58;5.86;2583616;62858276.00
2011/11/30;5.82;5.89;5.58;5.75;2115780;50931060.00
2011/12/01;5.90;6.01;5.83;5.84;2099844;52119880.00
2011/12/02;5.80;5.89;5.77;5.86;1060337;25988580.00
2011/12/05;5.87;5.87;5.61;5.62;1266891;30403532.00
2011/12/06;5.55;5.65;5.48;5.56;681498;15933638.00
2011/12/07;5.57;5.65;5.57;5.62;355598;8399324.00
2011/12/08;5.63;5.67;5.43;5.58;634974;14886771.00
2011/12/09;5.54;5.64;5.50;5.56;283051;6650279.50
2011/12/12;5.53;5.63;5.53;5.59;350549;8252335.00
2011/12/13;5.54;5.57;5.38;5.39;710197;16286586.00
2011/12/14;5.42;5.52;5.39;5.39;667894;15407668.00
2011/12/15;5.33;5.41;5.23;5.38;521294;11782154.00
2011/12/16;5.40;5.57;5.36;5.57;1060678;24395484.00
2011/12/19;5.45;5.70;5.43;5.70;968484;22801010.00
2011/12/20;5.63;5.80;5.63;5.71;659995;15868282.00
2011/12/21;5.73;5.76;5.48;5.49;514619;12227004.00
2011/12/22;5.44;5.49;5.21;5.33;591123;13369209.00
2011/12/23;5.28;5.41;5.28;5.33;298773;6753504.50
2011/12/26;5.28;5.39;5.22;5.30;258462;5855754.50
2011/12/27;5.28;5.31;4.96;5.12;691002;15010918.00
2011/12/28;5.00;5.11;4.96;5.08;406991;8691365.00
2011/12/29;5.00;5.16;4.95;5.13;202420;4372534.00
2011/12/30;5.17;5.42;5.13;5.40;704045;15750259.00
2012/01/04;5.43;5.49;5.30;5.37;605833;13895707.00
2012/01/05;5.28;5.41;5.20;5.30;414917;9354724.00
2012/01/06;5.27;5.34;5.03;5.29;754062;16482626.00
2012/01/09;5.28;5.54;5.16;5.49;868843;19921790.00
2012/01/10;5.47;5.64;5.43;5.61;1015615;23742132.00
2012/01/11;5.56;5.68;5.55;5.63;719119;17018068.00
2012/01/12;5.58;5.64;5.52;5.53;512033;12031435.00
2012/01/13;5.45;5.52;4.95;4.97;1645224;35685084.00
2012/01/16;4.82;4.98;4.71;4.80;683160;14122483.00
2012/01/17;4.87;5.10;4.82;5.06;534499;11366602.00
2012/01/18;5.08;5.13;4.85;4.90;413763;8814712.00
2012/01/19;4.90;4.98;4.87;4.89;556974;11615923.00
2012/01/20;4.89;5.05;4.89;5.04;442226;9395155.00
2012/01/30;5.11;5.15;4.96;5.05;315100;6771787.00
2012/01/31;5.08;5.38;5.02;5.38;825753;18305766.00
2012/02/01;5.70;5.80;5.57;5.58;3574726;85384416.00
2012/02/02;5.53;5.76;5.53;5.71;2051453;49060896.00
2012/02/03;5.66;6.07;5.66;6.02;3551173;88690936.00
2012/02/06;5.96;6.17;5.92;6.05;2815074;71446064.00
2012/02/07;5.98;6.05;5.91;5.99;2291041;57487112.00
2012/02/08;5.98;6.14;5.93;6.10;2345727;59472460.00
2012/02/09;6.10;6.20;6.03;6.04;2595144;66454252.00
2012/02/10;6.06;6.14;6.00;6.08;2319318;59064624.00
2012/02/13;6.07;6.33;6.01;6.18;4211262;110079304.00
2012/02/14;6.13;6.20;6.08;6.15;1227699;31618040.00
2012/02/15;6.12;6.19;6.06;6.12;1936293;49785136.00
2012/02/16;6.07;6.16;5.97;6.00;2050797;52266428.00
2012/02/17;6.03;6.09;5.98;6.06;1604738;40663932.00
2012/02/20;6.10;6.18;6.01;6.12;2418881;61936964.00
2012/02/21;6.13;6.19;6.00;6.17;1952209;50041068.00
2012/02/22;6.15;6.82;6.13;6.69;7468979;203886896.00
2012/02/23;6.65;6.67;6.50;6.57;5169398;142313136.00
2012/02/24;6.68;6.98;6.67;6.75;6331007;179769168.00
2012/02/27;6.78;7.08;6.67;6.87;5604936;161064576.00
2012/02/28;6.79;6.82;6.59;6.78;3650591;102373544.00
2012/02/29;6.73;6.77;6.58;6.58;1867169;51865544.00
2012/03/01;6.55;6.70;6.53;6.60;1583811;43867852.00
2012/03/02;6.60;6.83;6.60;6.82;2455853;69003960.00
2012/03/05;6.88;7.06;6.76;6.90;4233151;122041688.00
2012/03/06;6.82;6.83;6.41;6.53;7101432;194565328.00
2012/03/07;6.48;6.56;6.42;6.46;2678773;72797912.00
2012/03/08;6.47;6.56;6.45;6.52;2130208;58091004.00
2012/03/09;6.55;6.84;6.53;6.81;4544244;127486688.00
2012/03/12;6.80;6.98;6.75;6.87;3387682;97182808.00
2012/03/13;6.84;7.08;6.75;7.04;4060278;117589192.00
2012/03/14;7.12;7.28;6.50;6.62;6553825;190885840.00
2012/03/15;6.62;6.88;6.55;6.80;3639493;101856536.00
2012/03/19;6.97;7.02;6.78;6.97;3464047;99880824.00
2012/03/20;6.89;6.90;6.65;6.67;2853742;80178488.00
2012/03/21;6.75;6.88;6.53;6.88;3592075;100866896.00
2012/03/22;6.82;7.28;6.76;7.14;7376008;217673872.00
2012/03/23;7.07;7.17;6.63;6.72;5583356;160289936.00
2012/03/26;6.68;6.79;6.42;6.70;4108054;112727360.00
2012/03/27;6.83;6.87;6.35;6.39;5553766;152721968.00
2012/03/28;6.28;6.31;6.05;6.05;3263487;84299272.00
2012/03/29;6.05;6.25;5.93;6.11;2673819;68470608.00
2012/03/30;6.11;6.15;5.65;5.76;3496551;85545688.00
2012/04/05;5.80;5.83;5.54;5.79;4217326;50506720.00
2012/04/06;5.80;6.19;5.62;6.10;8348328;102764208.00
2012/04/09;5.98;6.07;5.91;5.91;4723751;58856448.00
2012/04/10;5.84;5.90;5.45;5.85;5119922;61007648.00
2012/04/11;5.68;6.06;5.67;6.01;4627634;56919572.00
2012/04/12;5.96;6.03;5.84;6.01;4569084;56588648.00
2012/04/13;5.98;6.19;5.94;6.17;5719660;72569424.00
2012/04/16;6.17;6.17;5.96;6.04;3500925;44119840.00
2012/04/17;6.00;6.04;5.85;5.98;3010872;37256248.00
2012/04/18;5.95;6.14;5.94;6.09;3641087;46005072.00
2012/04/19;6.09;6.21;6.06;6.15;4730533;60436244.00
2012/04/20;6.13;6.18;6.06;6.09;2965343;37576668.00
2012/04/23;6.05;6.05;5.78;5.79;4314291;52667044.00
2012/04/24;5.73;5.89;5.61;5.72;3093735;36881704.00
2012/04/25;5.63;5.81;5.62;5.78;2329209;27773862.00
2012/04/26;6.00;6.21;5.94;5.98;5343859;67279248.00
2012/04/27;6.00;6.09;5.86;5.99;2941813;36530796.00
2012/05/02;6.08;6.42;6.00;6.29;7059408;90757088.00
2012/05/03;6.75;6.95;6.45;6.95;21145246;299148448.00
2012/05/04;6.82;6.92;6.76;6.84;10058498;142768912.00
2012/05/07;6.83;7.04;6.76;6.91;9679821;138365312.00
2012/05/08;6.91;7.08;6.83;6.83;7363544;105590416.00
2012/05/09;6.70;6.70;6.48;6.52;7874277;107197880.00
2012/05/10;6.48;6.64;6.47;6.61;4181898;56848660.00
2012/05/14;6.65;6.70;6.41;6.44;3935174;53284192.00
2012/05/15;6.35;6.60;6.27;6.58;4105248;54895248.00
2012/05/16;6.53;6.60;6.36;6.36;2957489;39643488.00
2012/05/17;6.36;6.57;6.31;6.51;3374995;45156608.00
2012/05/18;6.45;6.45;6.21;6.29;3551215;46789664.00
2012/05/21;6.29;6.33;6.10;6.15;3026136;39022548.00
2012/05/22;6.23;6.36;6.18;6.32;3542409;46221712.00
2012/05/23;6.28;6.39;6.22;6.34;3319519;43591816.00
2012/05/24;6.31;6.34;6.18;6.20;2687325;34942716.00
2012/05/25;6.25;6.33;6.18;6.28;2805515;36529096.00
2012/05/28;6.26;6.40;6.01;6.36;4000595;51702564.00
2012/05/29;6.35;6.69;6.31;6.60;5440821;73756648.00
2012/05/30;6.57;6.83;6.51;6.75;7337988;101851792.00
2012/05/31;6.65;6.81;6.58;6.74;5809471;80857536.00
2012/06/01;6.70;6.76;6.52;6.55;4987570;68387920.00
2012/06/04;6.31;6.31;6.11;6.12;5168035;66918988.00
2012/06/05;6.12;6.20;6.05;6.05;2091503;26583436.00
2012/06/06;6.11;6.16;6.03;6.08;1523452;19294206.00
2012/06/07;6.20;6.22;6.04;6.04;1699276;21633938.00
2012/06/08;6.12;6.17;6.01;6.07;1337417;16946910.00
2012/06/11;6.05;6.29;6.05;6.28;2390179;30849176.00
2012/06/12;6.24;6.28;6.16;6.19;1367118;17659732.00
2012/06/13;6.20;6.40;6.18;6.37;2581236;33957072.00
2012/06/14;6.34;6.39;6.21;6.24;2564571;33602276.00
2012/06/15;6.25;6.33;6.11;6.18;1889503;24353760.00
2012/06/18;6.25;6.29;6.20;6.20;1588400;20618680.00
2012/06/19;6.18;6.30;6.16;6.20;1541179;19983384.00
2012/06/20;6.22;6.39;6.22;6.33;2791635;36747548.00
2012/06/21;6.29;6.35;6.13;6.21;2090145;26906828.00
2012/06/25;6.14;6.29;5.94;6.09;1642627;21077848.00
2012/06/26;6.03;6.15;5.92;6.04;1407578;17625664.00
2012/06/27;6.04;6.10;5.98;5.98;1104254;13902690.00
2012/06/28;5.99;6.03;5.84;5.84;1623338;20107646.00
2012/06/29;5.78;5.96;5.71;5.92;1710511;20837842.00
2012/07/02;5.99;6.10;5.95;6.04;1460773;18382436.00
2012/07/03;6.01;6.20;6.01;6.13;2036249;25996894.00
2012/07/04;6.13;6.20;6.00;6.05;1610994;20428852.00
2012/07/05;6.03;6.03;5.84;5.86;2053953;25264182.00
2012/07/06;5.91;6.15;5.85;6.09;1988889;24820924.00
2012/07/09;6.08;6.08;5.75;5.88;1634182;20287472.00
2012/07/10;5.84;5.96;5.81;5.91;1537164;18846202.00
2012/07/11;5.88;5.99;5.87;5.99;1762657;21828096.00
2012/07/12;5.95;6.21;5.94;6.19;3852052;49153196.00
2012/07/13;6.18;6.25;6.09;6.14;2289213;29374910.00
2012/07/16;6.16;6.22;5.92;5.95;2482564;31312066.00
2012/07/17;5.93;6.05;5.79;6.05;1738411;21404422.00
2012/07/18;6.05;6.30;5.98;6.29;3663462;46949288.00
2012/07/19;6.29;6.42;6.25;6.33;4779110;63210660.00
2012/07/20;6.33;6.57;6.28;6.41;5179296;69245400.00
2012/07/23;6.29;6.54;6.25;6.32;3667115;48586120.00
2012/07/24;6.28;6.51;6.26;6.43;3065284;40820156.00
2012/07/25;6.40;6.46;6.28;6.31;2417227;31984328.00
2012/07/26;6.31;6.43;6.28;6.31;1854301;24443976.00
2012/07/27;6.35;6.48;6.29;6.36;2415152;32008410.00
2012/07/30;6.42;6.56;6.37;6.51;4170601;56063128.00
2012/07/31;6.48;6.48;5.83;5.83;6043915;75785216.00
2012/08/01;5.72;5.97;5.72;5.79;3832159;46462140.00
2012/08/02;5.74;5.82;5.50;5.64;3341226;39360560.00
2012/08/03;5.65;5.90;5.56;5.90;1856626;22151192.00
2012/08/06;5.77;5.99;5.77;5.96;2887152;35582740.00
2012/08/07;5.90;6.04;5.90;6.02;3625039;45164948.00
2012/08/08;6.04;6.08;5.94;6.03;2553159;31986946.00
2012/08/09;6.00;6.12;5.85;6.08;4528271;56783520.00
2012/08/10;6.08;6.09;5.93;6.07;3583585;44854200.00
2012/08/13;6.02;6.07;5.93;5.94;2101148;26275178.00
2012/08/14;5.91;5.99;5.75;5.88;3076378;37512632.00
2012/08/15;5.85;5.88;5.75;5.75;2279853;27613898.00
2012/08/16;5.75;5.81;5.71;5.73;1440360;17274296.00
2012/08/17;5.72;5.78;5.65;5.72;1355515;16165136.00
2012/08/20;5.70;5.88;5.66;5.87;1918817;23232934.00
2012/08/21;5.83;5.98;5.83;5.98;2385509;29403262.00
2012/08/22;5.97;5.97;5.81;5.83;1600890;19637386.00
2012/08/23;5.87;5.88;5.73;5.86;1360931;16528763.00
2012/08/24;5.83;5.92;5.73;5.74;2184510;26535564.00
2012/08/27;5.70;5.74;5.57;5.60;1940840;22768302.00
2012/08/28;5.60;5.70;5.60;5.64;858398;10124840.00
2012/08/29;5.60;5.69;5.58;5.66;837936;9871303.00
2012/08/30;5.69;5.69;5.49;5.54;1297022;15090444.00
2012/08/31;5.54;5.62;5.54;5.60;771553;9004208.00
2012/09/03;5.60;5.75;5.55;5.71;1091979;12968778.00
2012/09/04;5.69;5.74;5.64;5.65;646007;7670875.50
2012/09/05;5.63;5.70;5.58;5.66;795005;9363607.00
2012/09/06;5.70;5.75;5.66;5.75;1136100;13539037.00
2012/09/07;5.79;5.98;5.76;5.88;2694000;33135306.00
2012/09/10;5.91;5.94;5.86;5.90;1698157;20876106.00
2012/09/11;5.94;5.94;5.82;5.85;1316051;16093604.00
2012/09/12;5.92;5.95;5.85;5.92;1585808;19479326.00
2012/09/13;5.93;5.93;5.79;5.79;1412942;17257776.00
2012/09/14;5.84;5.87;5.74;5.80;1459686;17687974.00
2012/09/17;5.78;5.82;5.50;5.60;1110470;13101032.00
2012/09/18;5.53;5.62;5.53;5.56;1165060;13569283.00
2012/09/19;5.56;5.60;5.51;5.58;980858;11386740.00
2012/09/20;5.56;5.57;5.28;5.29;2321013;26166984.00
2012/09/21;5.26;5.35;5.15;5.26;1092981;12083664.00
2012/09/24;5.17;5.28;5.07;5.23;958874;10398578.00
2012/09/25;5.10;5.21;5.10;5.15;759959;8204691.00
2012/09/26;5.15;5.17;4.95;4.96;1358344;14324588.00
2012/09/27;4.95;5.13;4.93;5.06;878739;9307311.00
2012/09/28;5.06;5.19;5.03;5.17;970295;10468709.00
2012/10/08;5.20;5.22;5.10;5.13;1170383;12609689.00
2012/10/09;5.13;5.39;5.12;5.32;1883301;20651786.00
2012/10/10;5.29;5.39;5.27;5.35;1328522;14837734.00
2012/10/11;5.34;5.34;5.20;5.21;1274196;14056097.00
2012/10/12;5.21;5.27;5.15;5.20;1197843;13082943.00
2012/10/15;5.20;5.22;5.08;5.12;770377;8262696.00
2012/10/16;5.15;5.28;5.12;5.15;1128976;12273844.00
2012/10/17;5.16;5.47;5.16;5.41;4158622;46780504.00
2012/10/18;5.40;5.51;5.36;5.49;2857976;32599022.00
2012/10/19;5.40;5.51;5.40;5.44;1457717;16644839.00
2012/10/22;5.43;5.48;5.34;5.45;1182920;13374846.00
2012/10/23;5.46;5.48;5.35;5.37;1021610;11542380.00
2012/10/24;5.33;5.50;5.30;5.46;1296135;14684863.00
2012/10/25;5.44;5.55;5.38;5.38;1373686;15625843.00
2012/10/26;5.39;5.45;5.16;5.21;1200710;13251247.00
2012/10/29;5.18;5.23;4.99;5.20;1308476;14077219.00
2012/10/30;5.19;5.31;5.14;5.29;1056195;11642926.00
2012/10/31;5.28;5.29;5.15;5.25;554882;6057297.00
2012/11/01;5.27;5.46;5.22;5.42;1249211;14084092.00
2012/11/02;5.39;5.46;5.34;5.42;681909;7725004.50
2012/11/05;5.42;5.44;5.31;5.35;448316;5033970.50
2012/11/06;5.40;5.45;5.22;5.44;912980;10146340.00
2012/11/07;5.43;5.46;5.36;5.39;702657;7978141.50
2012/11/08;5.35;5.38;5.15;5.15;1154611;12696794.00
2012/11/09;5.15;5.20;5.09;5.15;682139;7336908.50
2012/11/12;5.13;5.22;5.08;5.15;596301;6407838.50
2012/11/13;5.11;5.14;4.99;5.10;1023105;10829806.00
2012/11/14;5.09;5.20;5.04;5.20;842888;9056269.00
2012/11/15;5.14;5.25;5.10;5.20;894893;9725853.00
2012/11/16;5.13;5.18;5.06;5.17;404510;4338886.50
2012/11/19;5.22;5.23;5.06;5.19;376451;4070393.75
2012/11/20;5.19;5.23;5.15;5.18;439911;4786274.00
2012/11/21;5.20;5.22;5.11;5.19;444984;4825301.00
2012/11/22;5.20;5.20;5.12;5.12;264900;2853820.50
2012/11/23;5.09;5.18;5.09;5.17;452101;4875974.00
2012/11/26;5.18;5.18;5.07;5.16;421300;4529587.00
2012/11/27;5.12;5.12;4.89;4.98;646376;6765791.50
2012/11/28;4.89;4.90;4.79;4.89;463610;4723727.50
2012/11/29;4.88;4.90;4.80;4.83;351268;3567981.00
2012/11/30;4.80;4.88;4.76;4.84;357364;3631493.00
2012/12/03;4.81;4.84;4.63;4.78;581523;5814712.50
2012/12/04;4.71;4.90;4.67;4.85;657935;6644058.50
2012/12/05;4.83;5.18;4.82;5.06;1527741;16315579.00
2012/12/06;5.04;5.11;4.94;4.99;319702;3355373.00
2012/12/07;4.99;5.13;4.96;5.13;779005;8299549.50
2012/12/10;5.13;5.21;5.09;5.18;769563;8343118.00
2012/12/11;5.13;5.28;5.12;5.23;1142091;12473309.00
2012/12/12;5.20;5.23;5.11;5.16;570173;6166060.00
2012/12/13;5.13;5.16;5.05;5.06;407003;4345168.00
2012/12/14;5.07;5.28;5.07;5.25;1294760;14192886.00
2012/12/17;5.26;5.28;5.19;5.22;1350883;14796789.00
2012/12/18;5.20;5.31;5.19;5.21;1226080;13523889.00
2012/12/19;5.19;5.27;5.16;5.17;861984;9389809.00
2012/12/20;5.15;5.21;5.08;5.21;929931;10042930.00
2012/12/21;5.22;5.40;5.20;5.36;2425619;27063962.00
2012/12/24;5.40;5.40;5.25;5.29;1305008;14451119.00
2012/12/25;5.29;5.55;5.28;5.46;2207428;25039210.00
2012/12/26;5.47;5.49;5.42;5.49;1396912;15936040.00
2012/12/27;5.49;5.53;5.34;5.35;1494308;16926210.00
2012/12/28;5.36;5.39;5.30;5.36;1184380;13234022.00
2012/12/31;5.36;5.57;5.34;5.56;2041594;23294128.00
2013/01/04;5.58;5.61;5.38;5.42;1253619;14312479.00
2013/01/07;5.44;5.48;5.40;5.46;808551;9194152.00
2013/01/08;5.46;5.73;5.41;5.61;2387893;27715772.00
2013/01/09;5.60;5.89;5.60;5.84;4305135;52011232.00
2013/01/10;5.83;5.92;5.76;5.77;1967522;23897736.00
2013/01/11;5.75;5.93;5.70;5.75;1683390;20354954.00
2013/01/14;5.75;6.07;5.70;5.99;3256977;40300296.00
2013/01/15;6.00;6.11;5.97;6.01;2410350;30326218.00
2013/01/16;6.00;6.03;5.84;5.92;1765764;21814108.00
2013/01/17;5.88;5.95;5.80;5.83;916146;11188336.00
2013/01/18;5.83;5.93;5.83;5.90;1265797;15513737.00
2013/01/21;5.90;6.15;5.87;6.13;2676739;33741336.00
2013/01/22;6.10;6.12;5.98;6.01;1737954;21827156.00
2013/01/23;5.95;6.03;5.79;5.88;1366382;16830422.00
2013/01/24;5.99;6.13;5.83;5.91;1901016;23678824.00
2013/01/25;5.91;5.95;5.79;5.94;1143515;13966371.00
2013/01/28;5.90;6.14;5.84;6.09;1989552;25076138.00
2013/01/29;6.09;6.30;6.06;6.25;2858340;37081524.00
2013/01/30;6.25;6.33;6.20;6.25;1934871;25154302.00
2013/01/31;6.26;6.28;6.20;6.27;1521650;19764740.00
2013/02/01;6.30;6.50;6.25;6.28;2314872;30639636.00
2013/02/04;6.28;6.30;6.09;6.11;1428936;18275616.00
2013/02/05;6.08;6.21;6.08;6.12;917348;11743419.00
2013/02/06;6.12;6.19;6.12;6.17;924447;11842165.00
2013/02/07;6.18;6.22;6.13;6.17;666133;8551532.00
2013/02/08;6.17;6.49;6.16;6.45;1758498;23190872.00
2013/02/18;6.47;6.49;6.39;6.40;1069111;14258252.00
2013/02/19;6.40;6.44;6.26;6.30;1080830;14175249.00
2013/02/20;6.25;6.43;6.24;6.40;1394146;18331684.00
2013/02/21;6.33;6.42;6.18;6.26;1922416;25104496.00
2013/02/22;6.26;6.26;6.16;6.16;751213;9699200.00
2013/02/25;6.16;6.21;6.08;6.16;983372;12550372.00
2013/02/26;6.25;6.25;5.98;6.05;1475088;18841366.00
2013/02/27;6.02;6.10;5.96;6.07;1205428;15163332.00
2013/02/28;6.10;6.16;6.00;6.15;870091;11046680.00
2013/03/01;6.14;6.23;6.12;6.23;1649855;21152712.00
2013/03/04;6.25;6.40;5.98;6.05;2604222;33386098.00
2013/03/05;6.06;6.23;5.93;6.16;1619861;20569164.00
2013/03/06;6.13;6.38;6.13;6.35;2883497;37714308.00
2013/03/07;6.33;6.44;6.23;6.32;1963939;25825266.00
2013/03/08;6.30;6.39;6.20;6.27;1502761;19611228.00
2013/03/11;6.27;6.27;6.11;6.16;1680002;21669212.00
2013/03/12;6.16;6.17;5.94;6.01;986926;12406770.00
2013/03/13;5.98;6.05;5.94;6.04;460391;5753999.00
2013/03/14;6.03;6.06;5.95;5.98;546663;6834916.50
2013/03/15;5.91;6.16;5.91;6.10;881620;11120230.00
2013/03/18;6.09;6.09;5.97;6.00;374443;4684519.00
2013/03/19;5.98;6.00;5.85;5.94;551236;6818163.00
2013/03/20;5.97;6.10;5.93;6.07;776679;9715785.00
2013/03/21;6.04;6.11;6.03;6.09;785852;9924689.00
2013/03/22;6.08;6.15;6.02;6.04;633442;7999265.00
2013/03/25;5.98;6.08;5.95;5.96;698004;8716411.00
2013/03/26;5.91;5.96;5.85;5.91;711126;8739481.00
2013/03/27;5.87;5.94;5.86;5.90;402718;4950111.00
2013/03/28;5.89;5.89;5.66;5.67;819958;9847062.00
2013/03/29;5.66;5.78;5.66;5.76;490068;5875902.00
2013/04/01;5.67;6.00;5.66;5.97;792257;9789922.00
2013/04/02;6.04;6.05;5.80;5.81;571746;7026400.50
2013/04/03;5.79;5.85;5.73;5.75;315313;3799541.25
2013/04/08;5.75;5.93;5.35;5.93;535610;6407068.50
2013/04/09;5.93;6.09;5.83;5.86;1056943;13107290.00
2013/04/10;5.83;5.93;5.65;5.72;558197;6700250.00
2013/04/11;5.68;5.84;5.68;5.73;229634;2762213.50
2013/04/12;5.69;5.83;5.65;5.65;236500;2829803.50
2013/04/15;5.74;5.74;5.55;5.56;382220;4492953.00
2013/04/16;5.50;5.74;5.44;5.67;630332;7301892.00
2013/04/17;5.62;5.71;5.50;5.62;481373;5632684.50
2013/04/18;5.59;5.73;5.58;5.65;473749;5598024.00
2013/04/19;5.64;5.90;5.64;5.84;924841;11248704.00
2013/04/22;5.76;6.05;5.76;5.92;1198372;14768346.00
2013/04/23;5.92;5.98;5.81;5.84;681792;8315285.50
2013/04/24;5.84;5.98;5.76;5.96;1091250;13480450.00
2013/04/25;5.95;6.04;5.87;5.88;1073215;13311398.00
2013/04/26;5.90;5.94;5.80;5.81;423843;5174691.50
2013/05/02;5.80;5.97;5.80;5.95;511239;6290523.50
2013/05/03;5.95;6.15;5.95;6.04;1285141;16205403.00
2013/05/06;6.05;6.14;6.05;6.09;910404;11581890.00
2013/05/07;6.09;6.09;6.00;6.03;673374;8470951.00
2013/05/08;6.03;6.20;6.01;6.20;1690610;21554858.00
2013/05/09;6.16;6.23;6.05;6.13;1375113;17544842.00
2013/05/10;6.10;6.16;6.07;6.14;951816;12110234.00
2013/05/13;6.13;6.19;6.08;6.11;885801;11298150.00
2013/05/14;6.10;6.11;5.95;6.05;1072227;13412980.00
2013/05/15;6.00;6.08;5.97;6.07;974819;12199828.00
2013/05/16;6.07;6.18;6.02;6.11;1020342;13025980.00
2013/05/17;6.06;6.18;6.01;6.15;1803557;22919024.00
2013/05/20;6.18;6.44;6.14;6.41;3446811;45183552.00
2013/05/21;6.40;6.40;6.29;6.35;2399042;31573366.00
2013/05/22;6.35;6.45;6.18;6.19;2216809;28997296.00
2013/05/23;6.18;6.28;6.08;6.10;1462555;18804902.00
2013/05/24;6.10;6.17;6.03;6.14;1377943;17490456.00
2013/05/27;6.13;6.19;6.05;6.18;1703252;21635330.00
2013/05/28;6.16;6.19;6.08;6.15;1099678;14027635.00
2013/05/29;6.14;6.17;6.07;6.11;1548226;19717388.00
2013/05/30;6.10;6.18;6.03;6.16;1169786;14855910.00
2013/05/31;6.16;6.26;6.12;6.14;2101145;27044204.00
2013/06/03;6.10;6.12;6.00;6.03;1351635;17067736.00
2013/06/04;6.03;6.07;5.86;5.93;1048940;13073123.00
2013/06/05;5.89;5.95;5.82;5.90;1089434;13345713.00
2013/06/06;5.84;5.89;5.74;5.76;1048300;12686050.00
2013/06/07;5.74;5.83;5.68;5.71;957920;11508973.00
2013/06/13;5.70;5.70;5.36;5.56;997309;11501491.00
2013/06/14;5.53;5.62;5.50;5.62;708500;8259299.50
2013/06/17;5.58;5.63;5.54;5.54;417812;4873208.00
2013/06/18;5.61;5.61;5.50;5.55;415708;4812437.00
2013/06/19;5.55;5.55;5.31;5.42;1066709;12023472.00
2013/06/20;5.38;5.42;5.23;5.24;579640;6452197.00
2013/06/21;5.23;5.27;5.10;5.23;427210;4587147.00
2013/06/24;5.23;5.23;4.87;4.93;672106;7081794.00
2013/06/25;4.93;5.04;4.59;5.02;981050;9947461.00
2013/06/26;5.03;5.08;4.96;5.04;522018;5446230.00
2013/06/27;5.05;5.09;4.89;4.92;679636;7073785.00
2013/06/28;4.78;5.00;4.77;4.93;464160;4738799.50
2013/07/01;4.93;4.99;4.90;4.99;381035;3926519.50
2013/07/02;5.00;5.04;4.94;4.99;948637;9841974.00
2013/07/03;4.98;4.98;4.77;4.87;951155;9562114.00
2013/07/04;4.83;5.15;4.78;4.93;1979473;20406076.00
2013/07/05;4.95;5.00;4.90;4.91;1412840;14542353.00
2013/07/08;4.82;4.82;4.68;4.68;1613097;15938522.00
2013/07/09;4.55;4.55;4.22;4.38;4332493;39521136.00
2013/07/10;4.32;4.51;4.28;4.51;2193773;20223790.00
2013/07/11;4.51;4.73;4.45;4.65;2056884;19795032.00
2013/07/12;4.64;4.68;4.54;4.55;1884536;18066978.00
2013/07/15;4.52;4.60;4.49;4.56;2173603;20669618.00
2013/07/16;4.57;4.64;4.48;4.60;3270375;31112498.00
2013/07/17;4.58;4.60;4.42;4.49;3822457;35979312.00
2013/07/18;4.48;4.50;4.29;4.40;3430559;31357860.00
2013/07/19;4.38;4.53;4.35;4.39;2838853;26300244.00
2013/07/22;4.39;4.48;4.31;4.48;2292200;21204152.00
2013/07/23;4.51;4.60;4.47;4.59;2948546;27958284.00
2013/07/24;4.61;4.61;4.44;4.53;2229098;21004198.00
2013/07/25;4.55;4.55;4.42;4.49;1686841;15720986.00
2013/07/26;4.47;4.50;4.38;4.44;1256744;11638674.00
2013/07/29;4.40;4.42;4.36;4.38;1191777;10905655.00
2013/07/30;4.41;4.43;4.35;4.37;3247480;29646912.00
2013/07/31;4.33;4.38;4.32;4.34;1720294;15650295.00
2013/08/01;4.34;4.45;4.30;4.43;2163606;19883452.00
2013/08/02;4.45;4.46;4.40;4.43;2397599;22217410.00
2013/08/05;4.44;4.66;4.42;4.65;6069661;57765432.00
2013/08/06;4.66;4.68;4.57;4.64;4424645;42765120.00
2013/08/07;4.63;4.70;4.60;4.61;3001674;29077382.00
2013/08/08;4.61;4.69;4.59;4.62;2692395;26110726.00
2013/08/09;4.62;4.67;4.56;4.65;2152719;20718902.00
2013/08/12;4.65;4.79;4.65;4.75;3184146;31420624.00
2013/08/13;4.75;4.77;4.70;4.74;2344968;23101304.00
2013/08/14;4.72;4.84;4.72;4.79;3178843;31730276.00
2013/08/15;4.78;4.82;4.73;4.73;1951041;19374614.00
2013/08/16;4.70;4.78;4.55;4.55;2313294;22441130.00
2013/08/19;4.50;4.62;4.40;4.60;2042206;19316732.00
2013/08/20;4.60;4.64;4.51;4.55;1473788;14055347.00
2013/08/21;4.55;4.56;4.47;4.54;2162816;20332962.00
2013/08/22;4.53;4.55;4.48;4.51;1527251;14405429.00
2013/08/23;4.51;4.54;4.39;4.43;3022595;28220290.00
2013/08/26;4.45;4.53;4.41;4.53;3484846;32471324.00
2013/08/27;4.53;4.57;4.48;4.57;2807170;26463076.00
2013/08/28;4.54;4.58;4.50;4.55;3257182;30849590.00
2013/08/29;4.55;4.68;4.55;4.67;4204121;40457544.00
2013/08/30;4.66;4.66;4.54;4.55;3177880;30496594.00
2013/09/02;4.53;4.57;4.47;4.56;1987535;18761816.00
2013/09/03;4.56;4.66;4.55;4.64;2797405;27014724.00
2013/09/04;4.65;4.71;4.63;4.68;3018101;29372878.00
2013/09/05;4.68;4.68;4.60;4.62;2441321;23547686.00
2013/09/06;4.62;4.66;4.60;4.63;2232430;21572110.00
2013/09/09;4.64;4.75;4.64;4.72;3615131;35368992.00
2013/09/10;4.73;4.78;4.68;4.77;3924235;38708224.00
2013/09/11;4.82;4.82;4.71;4.76;3549804;35272356.00
2013/09/12;4.75;4.85;4.73;4.84;3056078;30513706.00
2013/09/13;4.84;4.89;4.80;4.81;3157084;31742346.00
2013/09/16;4.81;4.85;4.73;4.75;2727212;27229490.00
2013/09/17;4.73;4.76;4.66;4.66;2051398;20088802.00
2013/09/18;4.65;4.71;4.65;4.71;1190307;11608073.00
2013/09/23;4.71;4.74;4.66;4.74;2220445;21739860.00
2013/09/24;4.74;4.74;4.64;4.66;2174535;21200110.00
2013/09/25;4.66;4.66;4.59;4.59;2365450;22836650.00
2013/09/26;4.57;4.67;4.56;4.61;2010215;19329178.00
2013/09/27;4.60;4.60;4.53;4.56;1419803;13520342.00
2013/09/30;4.59;4.59;4.54;4.56;898540;8546428.00
2013/10/08;4.55;4.65;4.53;4.63;1423618;13679458.00
2013/10/09;4.63;4.70;4.61;4.70;1674142;16239331.00
2013/10/10;4.70;4.73;4.64;4.65;1503736;14644068.00
2013/10/11;4.65;4.72;4.64;4.71;2361267;23092238.00
2013/10/14;4.71;4.75;4.70;4.71;2742455;26982252.00
2013/10/15;4.71;4.81;4.69;4.79;3762108;37227804.00
2013/10/16;4.78;4.83;4.68;4.70;3513523;34726700.00
2013/10/17;4.70;4.78;4.69;4.74;1836196;18105316.00
2013/10/18;4.74;4.81;4.71;4.78;2658256;26427026.00
2013/10/21;4.78;5.06;4.78;4.96;6263235;64241688.00
2013/10/22;4.96;4.96;4.84;4.88;4186356;42596504.00
2013/10/23;4.87;4.89;4.66;4.66;4532011;44786844.00
2013/10/24;4.65;4.69;4.60;4.61;2277951;22037040.00
2013/10/25;4.60;4.64;4.54;4.54;2047059;19555828.00
2013/10/28;4.54;4.59;4.52;4.56;1173093;11128405.00
2013/10/29;4.52;4.55;4.17;4.29;3470901;31613300.00
2013/10/30;4.27;4.31;4.25;4.30;1539232;13794366.00
2013/10/31;4.29;4.32;4.23;4.25;1543029;13730233.00
2013/11/01;4.20;4.29;4.18;4.25;1068235;9458265.00
2013/11/04;4.27;4.29;4.25;4.27;949604;8494523.00
2013/11/05;4.26;4.38;4.25;4.38;1782853;16098176.00
2013/11/06;4.37;4.37;4.29;4.30;1356718;12270068.00
2013/11/07;4.28;4.31;4.21;4.22;1441742;12832565.00
2013/11/08;4.21;4.23;4.17;4.19;1049194;9214025.00
2013/11/11;4.19;4.26;4.19;4.25;910734;8067585.50
2013/11/12;4.27;4.27;4.19;4.23;1568100;13859000.00
2013/11/13;4.24;4.24;4.15;4.16;1296389;11361200.00
2013/11/14;4.15;4.22;4.12;4.22;1218607;10671695.00
2013/11/15;4.21;4.34;4.20;4.31;2349755;21084552.00
2013/11/18;4.31;4.39;4.29;4.38;2080556;18952582.00
2013/11/19;4.39;4.39;4.33;4.35;1643168;14984273.00
2013/11/20;4.38;4.38;4.32;4.38;1532325;13942958.00
2013/11/21;4.37;4.44;4.33;4.44;2148555;19659892.00
2013/11/22;4.91;4.91;4.91;4.91;3913311;39954904.00
2013/11/25;5.10;5.10;4.74;4.83;16784239;171503744.00
2013/11/26;4.70;4.91;4.69;4.80;8179000;81770480.00
2013/11/27;4.74;4.82;4.65;4.76;5297863;52279652.00
2013/11/28;4.78;5.03;4.77;4.88;9419224;96111280.00
2013/11/29;4.83;4.93;4.81;4.84;5373503;54310904.00
2013/12/02;4.65;4.80;4.54;4.55;5271858;51176300.00
2013/12/03;4.50;4.98;4.48;4.88;5917307;58462776.00
2013/12/04;4.92;5.09;4.88;4.96;10829326;112441248.00
2013/12/05;4.94;5.00;4.84;4.91;4903920;50249184.00
2013/12/06;4.91;4.97;4.81;4.93;3704834;37690096.00
2013/12/09;4.89;5.28;4.89;5.21;11414474;121048496.00
2013/12/10;5.17;5.23;5.06;5.13;6835228;72927072.00
2013/12/11;5.07;5.12;5.00;5.10;3862759;40596264.00
2013/12/12;5.08;5.16;5.03;5.05;3251932;34361636.00
2013/12/13;5.00;5.03;4.92;5.00;3681954;38109912.00
2013/12/16;5.03;5.09;4.89;4.91;2984210;30813256.00
2013/12/17;4.90;4.95;4.77;4.79;2799782;28233182.00
2013/12/18;4.80;4.85;4.74;4.75;1862834;18609312.00
2013/12/19;4.77;4.84;4.73;4.73;1723851;17184702.00
2013/12/20;4.74;4.84;4.71;4.82;2213547;22000900.00
2013/12/23;4.81;4.87;4.64;4.82;2058763;20553666.00
2013/12/24;4.79;4.93;4.78;4.87;2403350;24274276.00
2013/12/25;4.80;4.87;4.79;4.84;2427109;24354044.00
2013/12/26;4.80;4.80;4.58;4.59;3528434;34470992.00
2013/12/27;4.60;4.67;4.55;4.65;2364422;22761554.00
2013/12/30;4.66;4.72;4.65;4.67;1574301;15362002.00
2013/12/31;4.68;4.68;4.59;4.65;1364002;13191700.00
2014/01/02;4.65;4.73;4.62;4.71;1266077;12362786.00
2014/01/03;4.71;4.71;4.63;4.65;1587531;15402588.00
2014/01/06;4.60;4.61;4.44;4.47;1677037;15818100.00
2014/01/07;4.46;4.54;4.41;4.49;1145377;10749706.00
2014/01/08;4.49;4.55;4.44;4.51;1498555;14041960.00
2014/01/09;4.45;4.54;4.35;4.40;1429233;13318188.00
2014/01/10;4.38;4.39;4.23;4.25;1394190;12477328.00
2014/01/13;4.26;4.31;4.23;4.26;724707;6469093.50
2014/01/14;4.27;4.37;4.27;4.37;1096627;9908462.00
2014/01/15;4.36;4.43;4.30;4.42;1715763;15646823.00
2014/01/16;4.38;4.42;4.36;4.40;1021715;9387718.00
2014/01/17;4.40;4.42;4.32;4.33;898476;8190740.00
2014/01/20;4.36;4.47;4.33;4.38;1408010;12934446.00
2014/01/21;4.39;4.42;4.35;4.41;909533;8342672.00
2014/01/22;4.41;4.50;4.40;4.49;1501620;13992438.00
2014/01/23;4.47;4.51;4.45;4.49;1430212;13370990.00
2014/01/24;4.45;4.50;4.44;4.50;4236673;39484952.00
2014/01/27;4.46;4.46;4.38;4.38;1797827;16616820.00
2014/01/28;4.40;4.43;4.34;4.39;1102376;10111112.00
2014/01/29;4.40;4.48;4.39;4.47;1132759;10514012.00
2014/01/30;4.46;4.46;4.38;4.39;1276415;11794467.00
2014/02/07;4.41;4.51;4.34;4.51;1460541;13546511.00
2014/02/10;4.51;4.65;4.49;4.60;3675312;35148364.00
2014/02/11;4.60;4.65;4.55;4.58;2529806;24249910.00
2014/02/12;4.59;4.73;4.59;4.70;3614658;35272708.00
2014/02/13;4.68;4.77;4.65;4.67;3458707;34012756.00
2014/02/14;4.68;4.73;4.63;4.73;3446159;33619352.00
2014/02/17;4.74;4.78;4.70;4.78;4095385;40525688.00
2014/02/18;4.80;4.81;4.69;4.73;3478122;34304980.00
2014/02/19;4.72;4.75;4.65;4.70;2820543;27651124.00
2014/02/20;4.70;4.82;4.61;4.62;2508053;24504018.00
2014/02/21;4.61;4.64;4.53;4.59;2058111;19724458.00
2014/02/24;4.60;4.63;4.50;4.62;1855714;17648622.00
2014/02/25;4.60;4.68;4.40;4.44;2824795;26947362.00
2014/02/26;4.42;4.45;4.26;4.42;1964412;17970382.00
2014/02/27;4.42;4.48;4.33;4.34;1755674;16112720.00
2014/02/28;4.38;4.43;4.33;4.42;1157662;10611520.00
2014/03/03;4.42;4.49;4.40;4.47;1502405;13992195.00
2014/03/04;4.45;4.54;4.41;4.54;1869371;17487470.00
2014/03/05;4.54;4.58;4.42;4.45;1486252;13977282.00
2014/03/06;4.44;4.55;4.35;4.51;1568224;14501827.00
2014/03/07;4.49;4.53;4.41;4.44;1303411;12152707.00
2014/03/10;4.44;4.44;4.26;4.29;1709213;15458287.00
2014/03/11;4.26;4.32;4.26;4.32;1058847;9501752.00
2014/03/12;4.32;4.33;4.24;4.30;1018863;9142054.00
2014/03/14;4.24;4.24;4.15;4.20;2701526;23722922.00
2014/03/17;4.21;4.31;4.19;4.31;2188245;19440150.00
2014/03/18;4.30;4.35;4.27;4.30;1340180;12065739.00
2014/03/19;4.29;4.40;4.28;4.37;1808048;16400940.00
2014/03/20;4.35;4.39;4.23;4.23;1448454;13106845.00
2014/03/21;4.21;4.35;4.20;4.34;1648095;14747762.00
2014/03/24;4.32;4.41;4.30;4.36;1830855;16704776.00
2014/03/25;4.37;4.44;4.37;4.40;1689163;15545286.00
2014/03/26;4.38;4.41;4.35;4.36;1221283;11159513.00
2014/03/27;4.36;4.36;4.28;4.30;2004579;18062066.00
2014/03/28;4.29;4.30;4.24;4.25;1146431;10227843.00
2014/03/31;4.25;4.27;4.21;4.24;937022;8306556.50
2014/04/01;4.25;4.30;4.23;4.30;714799;6393465.00
2014/04/02;4.30;4.43;4.30;4.37;2228674;20329832.00
2014/04/03;4.37;4.37;4.32;4.33;996302;9039178.00
2014/04/04;4.32;4.38;4.32;4.38;1186791;10803402.00
2014/04/08;4.37;4.41;4.35;4.40;1706952;15639636.00
2014/04/09;4.40;4.43;4.38;4.42;1701105;15658142.00
2014/04/10;4.42;4.42;4.38;4.39;1824520;16760124.00
2014/04/11;4.39;4.39;4.31;4.33;1517852;13758189.00
2014/04/14;4.33;4.39;4.32;4.39;1188774;10829082.00
2014/04/15;4.39;4.39;4.33;4.34;1057140;9619608.00
2014/04/16;4.34;4.41;4.33;4.39;1422399;12998503.00
2014/04/17;4.39;4.41;4.36;4.37;1158480;10597742.00
2014/04/18;4.37;4.41;4.35;4.40;1521055;13947616.00
2014/04/21;4.38;4.44;4.36;4.36;2159519;19883304.00
2014/04/22;4.36;4.38;4.25;4.31;1566223;13945330.00
2014/04/23;4.29;4.33;4.28;4.30;636733;5673518.50
2014/04/24;4.29;4.34;4.27;4.28;958920;8543063.00
2014/04/25;4.28;4.30;4.12;4.13;1583360;13774789.00
2014/04/28;4.13;4.15;3.97;3.98;1199400;10034072.00
2014/04/29;3.97;4.03;3.96;4.03;589091;4894226.00
2014/04/30;4.06;4.09;4.01;4.08;627140;5263793.50
2014/05/05;4.06;4.10;4.00;4.09;820596;6864446.50
2014/05/06;4.09;4.14;4.07;4.09;837757;7109164.50
2014/05/07;4.09;4.09;3.98;4.00;1011366;8426134.00
2014/05/08;3.97;4.07;3.97;4.00;685463;5715515.00
2014/05/09;3.98;4.01;3.95;3.98;757223;6242025.00
2014/05/12;3.99;4.11;3.99;4.10;1323025;11125354.00
2014/05/13;4.10;4.12;4.05;4.07;892992;7543779.50
2014/05/14;4.08;4.09;4.06;4.08;614411;5188792.50
2014/05/15;4.08;4.11;3.99;4.01;1053037;8845313.00
2014/05/16;3.99;4.03;3.96;4.01;862742;7135139.00
2014/05/19;4.01;4.03;3.97;4.02;469532;3884203.00
2014/05/20;4.03;4.06;3.99;4.02;653185;5457376.50
2014/05/21;4.01;4.06;3.99;4.06;556370;4659070.50
2014/05/22;4.05;4.10;4.02;4.03;828998;6967390.00
2014/05/23;4.01;4.06;4.01;4.06;489338;4095365.75
2014/05/26;4.07;4.10;4.06;4.09;891598;7536635.00
2014/05/27;4.10;4.10;4.05;4.07;704520;5938537.50
2014/05/28;4.06;4.09;4.03;4.09;772182;6503163.00
2014/05/29;4.08;4.09;4.01;4.01;791440;6637069.00
2014/05/30;4.02;4.03;3.98;4.02;626545;5201319.50
2014/06/03;4.02;4.06;4.02;4.03;580382;4857880.50
2014/06/04;4.04;4.04;3.99;3.99;551600;4576207.50
2014/06/05;3.99;4.03;3.98;4.03;606877;5039286.00
2014/06/06;4.03;4.05;4.00;4.03;685547;5718751.50
2014/06/09;4.04;4.05;4.00;4.01;616966;5148541.00
2014/06/10;4.02;4.05;3.99;4.04;769141;6427788.00
2014/06/11;4.05;4.08;4.03;4.08;1103195;9269118.00
2014/06/12;4.06;4.11;4.05;4.09;1370731;11616924.00
2014/06/13;4.08;4.13;4.07;4.11;1161028;9876679.00
2014/06/16;4.12;4.12;4.08;4.10;956296;8132927.00
2014/06/17;4.10;4.11;4.06;4.07;780900;6594472.00
2014/06/18;4.06;4.10;4.03;4.04;853865;7191006.00
2014/06/19;4.02;4.05;3.95;3.96;761984;6321688.50
2014/06/20;3.96;4.01;3.95;4.01;606216;5002836.50
2014/06/23;4.02;4.04;4.01;4.01;492495;4104606.25
2014/06/24;4.01;4.04;4.00;4.03;478041;3989283.25
2014/06/25;4.03;4.04;3.99;4.04;619278;5162825.00
2014/06/26;4.03;4.10;4.03;4.08;1052928;8904566.00
2014/06/27;4.08;4.12;4.06;4.10;1254161;10648760.00
2014/06/30;4.10;4.18;4.09;4.15;1612736;13855051.00
2014/07/01;4.15;4.17;4.12;4.16;1298126;11146343.00
2014/07/02;4.16;4.18;4.10;4.16;1499859;12862398.00
2014/07/03;4.15;4.20;4.15;4.18;1744753;15094191.00
2014/07/04;4.16;4.19;4.16;4.18;1093551;9448026.00
2014/07/07;4.18;4.20;4.12;4.16;1257837;10809301.00
2014/07/08;4.15;4.17;4.10;4.17;1227675;10528556.00
2014/07/09;4.17;4.17;4.10;4.11;1125306;9634276.00
2014/07/10;4.12;4.15;4.11;4.12;895677;7663706.00
2014/07/11;4.12;4.20;4.12;4.19;1625879;14024248.00
2014/07/14;4.19;4.28;4.18;4.28;2611596;22973812.00
2014/07/15;4.26;4.29;4.22;4.28;1521787;13387092.00
2014/07/16;4.27;4.31;4.23;4.25;1287461;11364149.00
2014/07/17;4.27;4.27;4.19;4.21;1108345;9684389.00
2014/07/18;4.21;4.26;4.20;4.24;760204;6665110.00
2014/07/21;4.23;4.30;4.22;4.30;1396196;12318350.00
2014/07/22;4.28;4.33;4.28;4.30;1506350;13417936.00
2014/07/23;4.30;4.34;4.24;4.25;1287242;11408562.00
2014/07/24;4.25;4.29;4.22;4.29;1542803;13576944.00
2014/07/25;4.30;4.47;4.28;4.45;5226226;47704880.00
2014/07/28;4.46;4.52;4.43;4.52;4559143;42221248.00
2014/07/29;4.52;4.57;4.49;4.53;3776283;35248144.00
2014/07/30;4.53;4.53;4.48;4.52;1623209;15098467.00
2014/07/31;4.52;4.73;4.52;4.70;4517154;43235076.00
2014/08/01;4.71;4.80;4.66;4.71;5515193;53798444.00
2014/08/04;4.71;4.81;4.68;4.80;3362615;32963994.00
2014/08/05;4.80;4.82;4.77;4.79;3922217;38800984.00
2014/08/06;4.79;4.90;4.78;4.90;4496782;45087996.00
2014/08/07;4.90;5.00;4.84;4.86;6294838;63621456.00
2014/08/08;4.82;4.88;4.77;4.79;2652479;26263662.00
2014/08/11;4.80;5.16;4.80;5.12;6496881;66539772.00
2014/08/12;5.15;5.26;5.09;5.12;6295525;67133480.00
2014/08/13;5.13;5.16;5.04;5.09;2905844;30394876.00
2014/08/14;5.09;5.20;5.09;5.14;4170845;44283992.00
2014/08/15;5.14;5.24;5.14;5.23;3555652;38047556.00
2014/08/18;5.15;5.40;5.15;5.32;5369871;58465360.00
2014/08/19;5.35;5.38;5.18;5.19;3235784;35190456.00
2014/08/20;5.24;5.35;5.21;5.33;2339633;25416942.00
2014/08/21;5.27;5.31;5.20;5.20;2982330;32181166.00
2014/08/22;5.18;5.30;5.16;5.28;2200406;23812054.00
2014/08/25;5.30;5.40;5.23;5.34;2005378;21875414.00
2014/08/26;5.28;5.36;5.13;5.14;2436496;26099294.00
2014/08/27;5.15;5.22;5.14;5.15;1016367;10815226.00
2014/08/28;5.18;5.28;5.10;5.20;2452228;26209660.00
2014/08/29;5.20;5.35;5.18;5.29;4923981;53200776.00
2014/09/01;5.29;5.36;5.22;5.35;4342824;47370232.00
2014/09/02;5.35;5.39;5.32;5.39;2550207;28074732.00
2014/09/03;5.49;5.50;5.39;5.43;3730515;41643748.00
2014/09/04;5.50;5.50;5.33;5.42;5943812;65795524.00
2014/09/05;5.38;5.63;5.38;5.60;4774215;54258536.00
2014/09/09;5.60;5.68;5.57;5.60;2238087;25791634.00
2014/09/10;5.54;5.63;5.45;5.54;2891011;32839444.00
2014/09/11;5.65;5.78;5.55;5.69;3089215;36078204.00
2014/09/12;5.75;5.77;5.68;5.75;1777178;20866332.00
2014/09/15;5.72;5.81;5.68;5.74;2471758;29147364.00
2014/09/16;5.74;5.75;5.60;5.61;2267168;26410678.00
2014/09/17;5.60;5.65;5.50;5.65;2223451;25439718.00
2014/09/18;5.65;5.76;5.65;5.75;2044392;23993012.00
2014/09/19;5.80;5.81;5.70;5.81;2890738;34240456.00
2014/09/22;5.80;5.80;5.71;5.73;1329634;15660301.00
2014/09/23;5.76;5.78;5.70;5.76;2205276;26002994.00
2014/09/24;5.76;5.93;5.75;5.89;2627433;31607578.00
2014/09/25;5.90;6.04;5.86;5.98;2865357;34862984.00
2014/09/26;5.99;6.00;5.91;5.96;1912523;23367976.00
2014/09/29;6.01;6.02;5.96;6.00;2890040;35478344.00
2014/09/30;5.98;6.22;5.98;6.19;3079182;38769448.00
2014/10/08;6.19;6.20;6.09;6.19;1735090;21893026.00
2014/10/09;6.18;6.38;6.14;6.35;3491226;44798020.00
2014/10/10;6.35;6.44;6.30;6.36;2347596;30604250.00
2014/10/13;6.36;6.38;6.18;6.27;2509162;32127460.00
2014/10/14;6.28;6.45;6.19;6.32;3408811;43735284.00
2014/10/15;6.28;6.30;6.15;6.18;2328882;29688490.00
2014/10/16;6.16;6.28;6.16;6.20;3359043;42806596.00
2014/10/17;6.17;6.21;5.96;6.21;1848304;23112052.00
2014/10/20;6.21;6.33;6.21;6.33;2643619;34022360.00
2014/10/21;6.33;6.33;6.25;6.25;1274708;16383323.00
2014/10/22;6.24;6.26;6.14;6.20;1826432;23259334.00
2014/10/23;6.15;6.20;5.94;6.14;3143126;39035772.00
2014/10/24;6.06;6.32;6.06;6.30;3754760;47785336.00
2014/10/27;6.30;6.94;6.30;6.62;21196362;287194048.00
2014/10/28;6.73;6.79;6.45;6.64;17835751;241143056.00
2014/10/29;6.55;6.68;6.53;6.62;9553694;129186432.00
2014/10/30;6.65;6.73;6.36;6.45;12003487;160980880.00
2014/10/31;6.47;6.60;6.38;6.53;6886642;91657928.00
2014/11/03;6.54;6.62;6.42;6.50;7452595;99633360.00
2014/11/04;6.50;6.55;6.35;6.48;4280782;56532796.00
2014/11/05;6.47;6.47;6.22;6.28;6839996;88067392.00
2014/11/06;6.25;6.38;6.25;6.34;4229264;54674104.00
2014/11/07;6.36;6.63;6.36;6.51;7385992;98684080.00
2014/11/10;6.55;6.71;6.49;6.55;5832727;78666104.00
2014/11/11;6.53;6.59;6.40;6.45;4370794;58026788.00
2014/11/12;6.46;6.60;6.35;6.58;3433478;45814940.00
2014/11/13;6.59;6.72;6.50;6.67;5545582;74961336.00
2014/11/14;6.67;6.73;6.58;6.72;3914612;53469636.00
2014/11/17;6.71;6.93;6.67;6.83;6018221;84158160.00
2014/11/18;6.88;6.97;6.76;6.92;5670315;80034984.00
2014/11/19;6.90;6.94;6.66;6.79;4456065;62003356.00
2014/11/20;6.77;6.82;6.72;6.78;2166993;30017030.00
2014/11/21;6.79;6.86;6.74;6.77;3357130;46555520.00
2014/11/24;6.80;7.06;6.75;6.97;7490846;105795080.00
2014/11/25;7.03;7.07;6.91;7.04;3819914;54651504.00
2014/11/26;7.05;7.12;7.00;7.08;3975608;57359180.00
2014/11/27;7.10;7.31;7.08;7.30;6993354;103184256.00
2014/11/28;7.25;7.32;7.15;7.20;4685699;69155000.00
2014/12/01;7.18;7.28;7.05;7.28;6031911;88228608.00
2014/12/02;7.24;7.58;7.21;7.51;5178670;78495472.00
2014/12/03;7.55;8.04;7.50;7.80;10346176;163929280.00
2014/12/04;7.73;7.80;7.70;7.78;5539825;87539392.00
2014/12/05;7.85;7.86;7.36;7.65;8275651;127588224.00
2014/12/08;7.55;7.68;7.32;7.56;9113235;138761296.00
2014/12/09;7.38;7.74;7.37;7.46;6341159;97563048.00
2014/12/10;7.43;7.90;7.38;7.87;9493676;148806992.00
2014/12/11;7.86;7.95;7.75;7.87;5385294;85999344.00
2014/12/12;7.80;8.29;7.80;8.23;9879122;163715408.00
2014/12/15;8.21;8.65;8.21;8.45;8843533;152172336.00
2014/12/16;8.47;8.59;8.30;8.48;4193488;71818856.00
2014/12/17;8.48;8.75;8.19;8.33;5421045;92113200.00
2014/12/18;8.33;8.40;8.20;8.27;4027024;68049520.00
2014/12/19;8.20;8.45;8.20;8.39;5158403;87694720.00
2014/12/22;8.39;8.39;7.54;7.73;10219938;160482720.00
2014/12/23;7.85;7.94;7.20;7.41;12717841;194540080.00
2014/12/24;7.45;8.09;7.28;7.95;14015892;221018048.00
2014/12/25;7.94;8.36;7.87;8.24;16070005;268063216.00
2014/12/26;8.15;8.28;8.01;8.09;7725728;127399200.00
2014/12/29;8.09;8.09;7.87;7.89;4669607;75608480.00
2014/12/30;7.85;7.85;7.29;7.54;7547931;116028264.00
2014/12/31;7.44;7.65;7.30;7.48;4678210;71131992.00
2015/01/05;7.68;7.88;7.50;7.55;6639306;103532424.00
2015/01/06;7.43;7.74;7.29;7.64;8724164;134700864.00
2015/01/07;7.57;8.09;7.56;8.04;13045747;209211568.00
2015/01/08;8.03;8.21;7.96;8.03;8663833;142554928.00
2015/01/22;8.85;8.85;8.76;8.85;14936916;268833216.00
2015/01/23;8.95;9.05;8.23;8.50;28604799;503213760.00
2015/01/26;8.65;9.01;8.63;8.99;25129951;452238976.00
2015/01/27;8.99;9.85;8.99;9.59;23071193;445090400.00
2015/01/28;9.48;9.84;9.41;9.66;18454103;360704576.00
2015/01/29;9.68;9.78;9.45;9.53;10023267;195698080.00
2015/01/30;9.53;9.60;9.08;9.18;12298216;231606640.00
2015/02/02;9.18;9.54;9.06;9.33;11944224;226912944.00
2015/02/03;9.20;9.79;9.18;9.58;17647061;341013920.00
2015/02/04;9.68;10.55;9.60;10.25;28887374;603390656.00
2015/02/05;10.29;10.95;10.17;10.32;22797895;488263616.00
2015/02/06;10.31;10.90;10.24;10.61;18427994;396912448.00
2015/02/09;10.61;10.70;9.79;9.95;14321595;295447968.00
2015/02/10;9.95;10.16;9.87;10.13;10699879;217200352.00
2015/02/11;10.19;10.84;9.87;10.59;12145433;255153728.00
2015/02/12;10.40;10.69;10.28;10.35;9432158;199275728.00
2015/02/13;11.01;11.18;9.91;9.92;27367045;575194240.00
2015/02/16;9.78;10.26;9.65;9.96;18502878;375036736.00
2015/02/17;9.96;10.60;9.91;10.41;15484216;322009408.00
2015/02/25;10.50;10.84;10.39;10.60;12818783;274258112.00
2015/02/26;10.70;10.81;10.20;10.49;13811263;293602048.00
2015/02/27;10.53;10.94;10.25;10.71;19798232;426630240.00
2015/03/02;10.87;11.56;10.28;11.06;64141245;702249920.00
2015/03/03;10.89;11.46;10.74;10.80;47944071;534461856.00
2015/03/04;10.50;11.89;10.50;11.89;65113783;749954176.00
2015/03/05;12.15;13.09;12.02;13.09;101050802;1291124352.00
2015/03/06;13.29;14.08;12.75;13.40;108487749;1463293568.00
2015/03/09;13.41;13.48;12.50;12.91;75617888;989300928.00
2015/03/10;12.78;13.22;12.43;13.02;57746928;749117376.00
2015/03/11;12.71;13.08;12.50;12.58;35507718;454018912.00
2015/03/12;12.48;12.87;12.18;12.36;37139331;468255776.00
2015/03/13;12.47;13.00;12.17;12.94;40266708;512435776.00
2015/03/16;13.18;13.60;12.90;13.40;62154693;827728512.00
2015/03/17;13.90;14.25;13.25;13.40;78152357;1075021568.00
2015/03/18;13.50;13.58;13.21;13.57;46983571;634657536.00
2015/03/19;13.58;13.59;13.22;13.35;45449682;610317888.00
2015/03/20;13.25;13.47;13.15;13.27;44429994;593177792.00
2015/03/23;13.35;14.40;13.22;14.28;81625281;1132957312.00
2015/03/24;14.25;14.35;13.40;14.05;67670787;950306432.00
2015/03/25;13.94;14.84;13.70;14.62;71745268;1032056576.00
2015/03/26;14.30;14.60;13.74;13.90;56529088;802942592.00
2015/03/27;13.80;13.99;13.51;13.79;27808404;384429472.00
2015/03/30;13.70;13.78;13.50;13.65;29864292;409074080.00
2015/03/31;13.65;13.85;13.53;13.70;37396147;515602784.00
2015/04/01;13.80;14.05;13.80;13.91;34359058;481656704.00
2015/04/02;14.00;14.10;13.71;13.92;31982917;446708640.00
2015/04/03;13.90;14.09;13.72;14.03;42100449;591982784.00
2015/04/07;14.11;15.35;14.11;15.02;77466788;1143355904.00
2015/04/08;14.90;14.90;14.10;14.39;58807296;858128448.00
2015/04/09;14.39;14.50;13.34;13.95;35831251;500685568.00
2015/04/10;13.85;14.18;13.58;14.02;25669217;362038816.00
2015/04/13;14.07;14.15;13.70;14.02;30671361;430522368.00
2015/04/14;14.01;14.01;13.70;13.78;25808948;358940864.00
2015/04/15;13.77;13.78;12.98;13.02;25493329;343648832.00
2015/04/16;12.90;13.40;12.38;13.19;19918759;260896912.00
2015/04/17;13.29;13.55;13.22;13.24;19723009;265335104.00
2015/04/20;13.45;13.88;13.28;13.41;30474028;418204544.00
2015/04/21;13.41;13.73;13.28;13.69;22162189;301521376.00
2015/04/22;13.73;14.06;13.60;13.95;33506959;466780224.00
2015/04/23;13.95;14.15;13.70;13.81;30785052;430741088.00
2015/04/24;13.70;14.05;13.51;13.94;31283949;437373344.00
2015/04/27;14.10;14.32;13.82;13.90;29630866;418477472.00
2015/04/28;13.90;13.99;13.27;13.28;24323333;330755264.00
2015/04/29;13.22;13.44;13.00;13.32;11514046;154053296.00
2015/04/30;13.32;13.66;13.31;13.35;14402054;195870368.00
2015/05/04;13.45;13.72;13.37;13.58;14532823;198997824.00
2015/05/05;13.48;13.48;12.80;12.87;16358818;216801120.00
2015/05/06;12.74;13.12;12.38;12.48;13033639;168586688.00
2015/05/07;12.41;12.62;11.90;11.90;13142774;160895104.00
2015/05/08;12.20;12.40;12.10;12.39;13897674;171713664.00
2015/05/11;12.40;13.03;12.40;13.03;16636066;214434672.00
2015/05/12;13.40;13.75;12.98;13.67;30703140;414246816.00
2015/05/13;13.70;14.40;13.68;14.03;55791923;790699584.00
2015/05/14;14.10;14.30;13.66;14.08;40375812;566104192.00
2015/05/15;14.09;14.18;13.75;13.80;27750699;389098272.00
2015/05/18;13.70;13.81;13.40;13.53;23585672;323186592.00
2015/05/19;13.50;13.90;13.50;13.82;22890437;316381440.00
2015/05/20;13.73;14.26;13.67;14.14;50195428;711644352.00
2015/05/21;14.35;15.50;14.30;15.43;71060670;1067171456.00
2015/05/22;15.44;16.27;15.01;15.75;71146707;1125939200.00
2015/05/25;15.70;16.10;15.23;15.75;53680146;850542464.00
2015/05/26;15.76;16.28;15.48;16.25;49717583;800117248.00
2015/05/27;16.30;16.54;15.70;15.93;47948130;770457856.00
2015/05/28;15.86;16.25;14.34;14.35;51888502;808072832.00
2015/05/29;14.31;15.07;13.80;15.05;47646554;697347584.00
2015/06/01;15.40;16.45;15.12;16.12;51258920;823204032.00
2015/06/02;16.15;17.74;15.81;17.74;63085267;1060714496.00
2015/06/03;17.91;19.12;17.41;18.15;61461617;1134981248.00
2015/06/04;18.15;19.00;16.40;18.70;43293624;787952064.00
2015/06/05;19.10;19.16;17.73;18.75;47004424;874759616.00
2015/06/08;18.42;18.60;17.60;17.65;32186645;579907968.00
2015/06/09;17.60;18.60;17.16;17.98;29180576;529530816.00
2015/06/10;17.52;18.35;17.52;18.00;25625638;465059424.00
2015/06/11;18.00;19.66;17.82;19.28;45847481;867805632.00
2015/06/12;19.44;20.48;18.97;19.00;44184535;877392512.00
2015/06/15;18.98;19.69;18.72;19.13;29692105;574562304.00
2015/06/16;19.00;19.88;18.51;19.43;37155743;721630400.00
2015/06/17;19.11;19.30;17.50;18.87;30108910;558180544.00
2015/06/18;18.90;18.94;17.55;17.72;18885883;347401248.00
2015/06/19;17.34;17.35;15.94;15.94;23746379;392826592.00
2015/06/23;15.70;16.36;14.38;15.80;18171500;282415552.00
2015/06/24;16.26;16.41;15.50;16.06;18175800;292302592.00
2015/06/25;16.11;16.30;14.75;15.18;16355918;257762928.00
2015/06/26;14.40;14.68;13.65;13.65;17398114;244370272.00
2015/06/29;14.00;14.29;12.28;12.28;27538018;356017088.00
2015/06/30;11.80;13.38;11.04;13.21;31862202;385894208.00
2015/07/01;13.02;13.88;11.89;12.20;27606117;367455872.00
2015/07/02;12.39;12.83;10.97;10.97;25276998;292932576.00
2015/07/03;10.55;11.70;9.86;10.10;25211799;261023552.00
2015/07/06;11.12;11.12;9.19;10.09;29837975;312985024.00
2015/07/07;9.80;9.86;9.07;9.07;15688727;147096816.00
2015/07/14;9.99;9.99;9.99;9.99;805112;8123580.00
2015/07/15;11.00;11.00;10.41;11.00;30318719;335258368.00
2015/07/16;11.00;12.11;10.48;12.11;64111122;761131584.00
2015/07/17;12.40;13.33;12.11;13.33;34958776;459247456.00
2015/07/20;13.58;14.10;12.95;13.79;28731269;395446848.00
2015/07/21;13.50;14.29;13.20;13.82;28994675;399899936.00
2015/07/22;13.65;15.00;13.50;14.96;35669570;506281888.00
2015/07/23;14.79;15.41;14.48;14.89;32235545;480789408.00
2015/07/24;14.90;15.13;13.92;14.24;23455094;346497920.00
2015/07/27;13.70;14.70;12.81;12.81;28124031;390323296.00
2015/07/28;11.90;13.90;11.56;13.40;28518330;368122496.00
2015/07/29;13.50;14.21;13.40;14.21;21445575;298062688.00
2015/07/30;14.54;15.06;13.60;13.70;24090302;352569728.00
2015/07/31;13.69;14.00;13.40;13.80;12404424;171542320.00
2015/08/03;13.62;13.70;12.41;12.60;16207016;209622432.00
2015/08/04;12.63;13.56;12.63;13.50;15657114;208100928.00
2015/08/05;13.60;13.87;13.10;13.44;16642419;226377216.00
2015/08/06;13.10;13.45;13.00;13.14;8969782;119278528.00
2015/08/07;13.35;13.76;13.28;13.67;12959470;176458224.00
2015/08/10;13.83;14.55;13.76;14.35;16938176;242890864.00
2015/08/11;14.35;14.54;13.83;14.15;27297608;388421344.00
2015/08/12;13.88;14.12;13.69;13.76;13587711;190050032.00
2015/08/13;13.72;14.05;13.57;13.95;11367722;158264176.00
2015/08/14;13.98;14.54;13.90;14.12;18694324;268091360.00
2015/08/17;14.12;14.26;13.70;14.18;14030398;198684992.00
2015/08/18;14.19;14.65;12.81;13.20;22150136;313261376.00
2015/08/19;13.35;14.53;13.35;14.53;42216175;605573376.00
2015/08/20;15.10;15.99;14.98;15.55;65654004;1031098944.00
2015/08/21;14.93;15.40;13.99;14.02;34426096;506305664.00
2015/08/24;12.90;13.25;12.61;12.61;12892470;165234080.00
2015/08/25;11.34;11.88;11.34;11.34;23060028;266074832.00
2015/08/26;11.50;11.58;10.20;10.20;39761419;429732416.00
2015/08/27;10.55;10.89;9.58;10.54;22159447;232409008.00
2015/08/28;10.86;11.60;10.66;11.60;25347804;286074432.00
2015/08/31;11.70;12.10;11.30;11.38;26200032;309356224.00
2015/09/01;11.33;11.33;10.23;10.23;25744828;269717888.00
2015/09/02;9.30;10.64;9.30;9.38;17547733;173452848.00
2015/09/07;9.80;10.19;9.50;9.70;17733847;176337104.00
2015/09/08;9.75;10.39;9.60;10.33;14959913;150643504.00
2015/09/09;10.35;11.30;10.35;11.17;22518499;247996224.00
2015/09/10;10.89;11.39;10.70;10.80;17018516;190446256.00
2015/09/11;10.75;11.11;10.70;10.93;11261637;124085080.00
2015/09/14;10.95;11.05;9.83;9.83;13391832;138590000.00
2015/09/15;9.60;9.91;8.84;8.86;14515367;136048640.00
2015/09/16;9.10;9.76;8.88;9.76;13097370;123098032.00
2015/09/17;9.92;10.17;9.55;9.55;14549705;146028704.00
2015/09/18;9.63;9.97;9.49;9.78;9996472;98226752.00
2015/09/21;9.55;10.33;9.50;10.23;10865349;109684320.00
2015/09/22;10.29;10.49;10.10;10.31;12792348;133106768.00
2015/09/23;9.97;10.27;9.91;10.04;8886632;90408944.00
2015/09/24;10.04;10.24;10.01;10.21;9705478;99471856.00
2015/09/25;10.19;10.20;9.60;9.80;8646595;86345480.00
2015/09/28;9.90;9.97;9.56;9.95;7244587;71740472.00
2015/09/29;9.70;9.85;9.65;9.73;4767865;46996520.00
2015/09/30;9.82;10.07;9.72;9.90;5441961;54227492.00
2015/10/08;10.40;10.55;10.20;10.33;11267306;118126616.00
2015/10/09;10.26;10.94;10.26;10.75;15124934;161058608.00
2015/10/12;10.92;11.71;10.78;11.63;24835284;284234240.00
2015/10/13;11.40;11.85;11.15;11.50;19350622;224511472.00
2015/10/14;11.52;12.25;11.52;11.93;26723980;320842624.00
2015/10/15;11.99;12.57;11.82;12.48;26556761;326874912.00
2015/10/16;12.48;12.89;12.28;12.39;25349161;319036960.00
2015/10/19;12.32;12.32;11.41;11.69;30164867;359816992.00
2015/10/20;11.61;12.08;11.55;11.87;27194578;322470432.00
2015/10/21;11.86;11.86;10.76;10.80;22051718;252696176.00
2015/10/22;10.76;11.52;10.76;11.46;17738099;200572528.00
2015/10/23;11.50;11.88;11.32;11.82;19720191;230974912.00
2015/10/26;11.95;12.59;11.76;12.28;29198269;357777728.00
2015/10/27;12.23;12.25;11.50;12.17;20215394;242208912.00
2015/10/28;12.18;12.18;11.59;11.80;16407522;197443248.00
2015/10/29;11.87;12.05;11.63;11.92;11724744;140405312.00
2015/10/30;11.92;12.00;11.60;11.78;9608686;114474984.00
2015/11/02;11.40;11.98;11.36;11.76;11972637;141942064.00
2015/11/03;11.78;11.98;11.68;11.76;9967502;118792424.00
2015/11/04;11.80;12.38;11.80;12.32;19124522;233776048.00
2015/11/05;12.31;12.31;11.83;11.93;25547925;310549312.00
2015/11/06;11.96;12.23;11.95;12.11;23927631;291802048.00
2015/11/09;11.98;12.61;11.88;12.48;34187832;422948928.00
2015/11/10;12.61;12.76;12.20;12.36;27404884;343944640.00
2015/11/11;12.25;12.46;12.13;12.39;15446254;191540192.00
2015/11/12;12.42;12.49;11.95;12.36;21786141;268448448.00
2015/11/13;12.40;13.05;12.40;12.69;46081247;590547584.00
2015/11/16;12.20;12.58;12.00;12.57;22987643;285173440.00
2015/11/17;12.65;13.04;12.50;13.00;33901754;436703904.00
2015/11/18;12.90;12.92;12.45;12.50;20199114;258058288.00
2015/11/19;12.55;12.78;12.41;12.74;14715902;186928016.00
2015/11/20;12.73;13.78;12.56;13.48;42188384;557861824.00
2015/11/23;13.49;13.68;13.15;13.22;29133570;393803616.00
2015/11/24;13.28;13.57;13.17;13.47;20302877;273610880.00
2015/11/25;13.48;13.85;13.40;13.65;23066109;317181280.00
2015/11/26;13.70;13.78;13.31;13.37;20375314;276293376.00
2015/11/27;13.25;13.33;12.02;12.11;21836269;280974880.00
2015/11/30;12.03;12.26;11.41;12.03;17961608;215043216.00
2015/12/01;12.03;12.19;11.65;12.04;16286965;196116160.00
2015/12/02;12.12;12.29;11.63;12.17;12299108;148858976.00
2015/12/03;12.17;12.54;12.07;12.46;13220893;163852384.00
2015/12/04;12.35;12.98;12.24;12.68;21306539;270623296.00
2015/12/07;12.65;12.76;12.36;12.58;11932618;151112512.00
2015/12/08;12.50;12.54;11.98;12.06;13300514;162915088.00
2015/12/09;12.04;12.08;11.82;11.87;9022898;108843560.00
2015/12/10;11.95;12.04;11.71;11.81;8768860;105319368.00
2015/12/11;11.72;11.88;11.67;11.79;7414720;87969552.00
2015/12/14;11.69;12.10;11.60;12.07;7535977;90395720.00
2015/12/15;12.08;12.25;12.02;12.09;7379580;90135944.00
2015/12/16;12.15;12.37;12.08;12.25;10725262;132144648.00
2015/12/17;12.33;12.54;12.30;12.48;13800603;173025760.00
2015/12/18;12.48;12.48;12.17;12.27;12834002;159161824.00
2015/12/21;12.20;12.41;12.14;12.39;14249976;176637056.00
2015/12/22;12.42;12.87;12.21;12.83;21957646;276461504.00
2015/12/23;12.92;13.22;12.61;12.71;31668002;414639904.00
2015/12/24;12.59;12.95;12.58;12.94;15110227;194024800.00
2015/12/25;12.94;13.03;12.71;12.85;10729426;139029104.00
2015/12/28;12.90;12.94;12.41;12.42;13474497;172305136.00
2015/12/29;12.40;12.66;12.40;12.63;6875923;86828824.00
2015/12/30;12.71;12.74;12.50;12.67;7505113;95536920.00
2015/12/31;12.73;12.85;12.50;12.51;9403602;120264584.00
2016/01/04;12.50;12.54;11.28;11.31;8458368;101876320.00
2016/01/05;10.90;11.40;10.67;11.10;12806825;143149296.00
2016/01/06;11.20;11.39;11.10;11.35;7258183;82552288.00
2016/01/07;11.15;11.15;10.21;10.23;2011993;21687258.00
2016/01/08;10.59;10.75;9.49;10.40;11562985;120138632.00
2016/01/11;10.18;10.30;9.35;9.36;10166358;101259864.00
2016/01/12;9.51;9.66;9.28;9.40;8340998;79928896.00
2016/01/13;9.43;9.63;9.13;9.15;6440308;61259476.00
2016/01/14;8.92;9.56;8.91;9.41;9459790;88838112.00
2016/01/15;9.38;9.49;8.95;9.08;6922975;64738432.00
2016/01/18;8.91;9.37;8.89;9.24;7766670;71937608.00
2016/01/19;9.21;9.64;9.12;9.59;10409426;98823048.00
2016/01/20;9.53;9.73;9.42;9.58;9284886;89903448.00
2016/01/21;9.44;9.67;9.09;9.15;8812143;84181816.00
2016/01/22;9.28;9.37;9.01;9.34;5286432;49310136.00
2016/01/25;9.48;9.67;9.28;9.45;6143713;58872572.00
2016/01/26;9.35;9.36;8.60;8.65;9104314;82853400.00
2016/01/27;8.78;8.87;7.93;8.38;13312180;112471296.00
2016/01/28;8.25;8.55;7.84;7.91;10883432;90471792.00
2016/01/29;7.91;8.35;7.85;8.23;8649994;71315776.00
2016/02/01;8.29;8.29;8.12;8.25;5705955;47480152.00
2016/02/02;8.25;8.60;8.25;8.54;8060012;69338776.00
2016/02/03;8.44;8.63;8.36;8.55;5358873;45950928.00
2016/02/04;8.55;8.78;8.53;8.71;5661906;49856200.00
2016/02/05;8.76;8.77;8.62;8.65;4395400;38580176.00
2016/02/15;8.25;8.61;8.25;8.50;5718495;48772836.00
2016/02/16;8.57;8.88;8.54;8.86;8901759;78975432.00
2016/02/17;8.78;9.01;8.72;8.99;8865876;79403656.00
2016/02/18;9.04;9.18;8.90;8.91;9071336;82697944.00
2016/02/19;8.91;9.04;8.84;8.99;6552594;59342988.00
2016/02/22;9.09;9.16;9.00;9.15;9148723;84076936.00
2016/02/23;9.16;9.62;9.10;9.49;17599052;167085216.00
2016/02/24;9.41;9.48;9.08;9.42;10446850;98324032.00
2016/02/25;9.39;9.39;8.47;8.48;11643125;104482240.00
2016/02/26;8.70;8.70;8.40;8.60;9116756;79064248.00
2016/02/29;8.55;8.72;8.06;8.29;8554001;72120488.00
2016/03/01;8.38;9.13;8.20;8.86;10690470;93275784.00
2016/03/02;8.80;9.25;8.75;9.23;12878331;117954160.00
2016/03/03;9.30;9.46;9.16;9.20;13005605;121731272.00
2016/03/04;9.20;9.31;8.68;8.81;11046719;100206216.00
2016/03/07;8.92;9.17;8.91;9.08;8998388;82252664.00
2016/03/08;9.06;9.09;8.70;9.08;8560577;77318880.00
2016/03/09;8.91;9.02;8.73;8.85;6791700;61035424.00
2016/03/10;8.87;8.89;8.53;8.58;7398150;65153156.00
2016/03/11;8.48;8.57;8.36;8.50;4387075;37569824.00
2016/03/14;8.61;8.87;8.58;8.81;7785221;69194384.00
2016/03/15;8.78;8.85;8.66;8.70;5104568;45114784.00
2016/03/16;8.86;8.90;8.57;8.59;5504308;48462024.00
2016/03/17;8.60;8.86;8.60;8.81;7483323;66284464.00
2016/03/18;8.88;9.30;8.83;9.17;14836200;136517504.00
2016/03/21;9.31;9.35;9.15;9.31;15567898;145379744.00
2016/03/22;9.29;9.31;9.15;9.23;10858361;101397344.00
2016/03/23;9.23;9.28;9.05;9.22;12102889;112019648.00
2016/03/24;9.13;9.19;9.01;9.03;10608252;97713464.00
2016/03/25;9.07;9.14;8.95;9.09;8445078;77353208.00
2016/03/28;9.13;9.23;9.05;9.08;10973549;101396800.00
2016/03/29;9.04;9.09;8.83;8.91;8883685;80521384.00
2016/03/30;8.98;9.20;8.96;9.18;8973760;82470632.00
2016/03/31;9.31;10.07;9.30;9.93;35201238;340841952.00
2016/04/01;9.78;9.78;9.41;9.60;19926086;192803936.00
2016/04/05;9.59;9.85;9.50;9.78;15051773;147445760.00
2016/04/06;9.70;9.76;9.60;9.74;14979431;146523776.00
2016/04/07;9.76;9.79;9.42;9.43;12122646;117236976.00
2016/04/08;9.38;9.57;9.24;9.57;12927341;122888712.00
2016/04/11;9.76;9.90;9.70;9.72;17006225;168260064.00
2016/04/12;9.70;9.86;9.57;9.85;11504740;112905488.00
2016/04/13;9.91;10.26;9.87;10.14;23818030;242810848.00
2016/04/14;10.31;10.40;10.12;10.22;17675557;183117664.00
2016/04/15;10.29;10.65;10.22;10.50;22641119;239277968.00
2016/04/18;10.55;10.84;10.25;10.61;21349075;227224784.00
2016/04/19;10.59;10.70;10.37;10.56;13954598;148053920.00
2016/04/20;10.58;10.60;9.80;10.03;18485907;187750528.00
2016/04/21;9.96;10.15;9.80;9.80;9400737;93608864.00
2016/04/22;9.81;10.10;9.71;9.88;8561543;85203232.00
2016/04/25;9.60;9.80;9.39;9.51;12571001;119758808.00
2016/04/26;9.38;9.56;9.35;9.56;8639722;81734472.00
2016/04/27;9.55;9.62;9.39;9.47;7037045;66905916.00
2016/04/28;9.47;9.52;9.02;9.38;12724001;117197200.00
2016/04/29;9.22;9.34;9.11;9.21;6848049;63228664.00
2016/05/03;9.19;9.48;9.19;9.46;12365325;116170904.00
2016/05/04;9.40;9.65;9.30;9.55;10072979;95975280.00
2016/05/05;9.56;9.95;9.56;9.86;15101021;148149392.00
2016/05/06;9.81;9.86;9.18;9.27;14051147;133734584.00
2016/05/09;9.12;9.15;8.68;8.71;11048177;98032920.00
2016/05/10;8.66;8.86;8.66;8.76;5191214;45418120.00
2016/05/11;8.81;8.88;8.50;8.55;7755630;67135048.00
2016/05/12;8.47;8.58;8.28;8.45;7234802;61000076.00
2016/05/13;8.37;8.64;8.37;8.53;5734211;48954940.00
2016/05/16;8.54;8.80;8.54;8.79;6224264;54088132.00
2016/05/17;8.84;8.90;8.69;8.76;5821644;51157292.00
2016/05/18;8.61;8.70;8.44;8.54;5361025;45738152.00
2016/05/19;8.53;8.69;8.39;8.44;6097324;52165136.00
2016/05/20;8.35;8.79;8.33;8.74;9133235;78997408.00
2016/05/23;8.78;8.85;8.67;8.78;5127058;44992160.00
2016/05/24;8.80;8.93;8.74;8.82;5381531;47483924.00
2016/05/25;8.85;8.93;8.50;8.64;4936066;43087480.00
2016/05/26;8.67;8.75;8.52;8.68;5689395;49034812.00
2016/05/27;8.69;8.72;8.61;8.64;3293623;28528738.00
2016/05/30;8.62;8.72;8.53;8.63;3087269;26683736.00
2016/05/31;8.66;9.09;8.61;9.05;9861304;87884960.00
2016/06/01;9.05;9.10;8.98;9.01;6137586;55377360.00
2016/06/02;9.01;9.15;8.95;9.11;5483592;49784376.00
2016/06/03;9.10;9.25;9.04;9.12;6884711;62958488.00
2016/06/06;9.25;9.26;9.06;9.23;7232660;66318856.00
2016/06/07;9.21;9.26;9.11;9.14;4867564;44629800.00
2016/06/08;9.14;9.15;8.97;9.04;5896286;53233164.00
2016/06/13;8.91;9.05;8.60;8.60;6901375;60968412.00
2016/06/14;8.59;8.65;8.46;8.56;5493074;46922188.00
2016/06/15;8.41;8.82;8.41;8.81;6603409;57494036.00
2016/06/16;8.76;8.83;8.66;8.73;5180083;45347188.00
2016/06/17;8.73;8.96;8.73;8.83;4489180;39760908.00
2016/06/20;8.86;8.86;8.69;8.83;3813978;33446632.00
2016/06/21;8.84;8.96;8.51;8.67;6185620;54528816.00
2016/06/22;8.60;8.86;8.60;8.86;4992858;43811376.00
2016/06/23;8.95;9.68;8.95;9.44;23259958;219191984.00
2016/06/24;9.28;9.45;8.91;9.20;14921767;137341264.00
2016/06/27;9.10;9.37;9.05;9.33;10006783;92972744.00
2016/06/28;9.30;9.48;9.25;9.44;7572142;71234752.00
2016/06/29;9.50;9.65;9.36;9.38;8517194;80875552.00
2016/06/30;9.39;9.47;9.28;9.35;4922985;45994028.00
2016/07/01;9.35;9.43;9.27;9.36;4533365;42468120.00
2016/07/04;9.34;9.54;9.28;9.50;7679420;72691456.00
2016/07/05;9.50;9.56;9.37;9.48;8693924;82296560.00
2016/07/06;9.49;9.49;9.28;9.39;6429589;60281964.00
2016/07/07;9.35;9.44;9.22;9.31;8206500;76386008.00
2016/07/08;9.28;9.35;9.25;9.29;6833255;63588696.00
2016/07/11;9.26;9.47;9.26;9.45;9591847;89719904.00
2016/07/12;9.49;9.97;9.46;9.72;23809600;231579680.00
2016/07/13;9.70;9.78;9.56;9.69;14187865;136719536.00
2016/07/14;9.66;9.69;9.53;9.62;7014580;67289032.00
2016/07/15;9.62;9.64;9.52;9.54;5270455;50386432.00
2016/07/18;9.59;9.59;9.38;9.42;6246493;59007256.00
2016/07/19;9.42;9.46;9.32;9.41;6579465;61721012.00
2016/07/20;9.41;9.49;9.39;9.43;4373514;41271832.00
2016/07/21;9.43;9.53;9.42;9.43;5469527;51810484.00
2016/07/22;9.41;9.45;9.23;9.24;7614094;71028368.00
2016/07/25;9.23;9.33;9.23;9.27;3489464;32376762.00
2016/07/26;9.27;9.43;9.27;9.42;4081834;38239056.00
2016/07/27;9.40;9.46;8.85;8.99;9240018;84534816.00
2016/07/28;8.90;9.03;8.87;8.97;4647333;41667772.00
2016/07/29;8.98;9.02;8.89;8.93;3154496;28201848.00
2016/08/01;8.85;8.89;8.74;8.82;3186942;28061980.00
2016/08/02;8.70;8.90;8.70;8.89;2568327;22717358.00
2016/08/03;8.87;9.05;8.86;9.00;3652272;32695926.00
2016/08/04;8.97;9.03;8.90;8.99;2829940;25387518.00
2016/08/05;8.95;9.02;8.95;8.99;1889500;16971262.00
2016/08/08;9.00;9.10;8.92;9.06;2679127;24129912.00
2016/08/09;9.09;9.16;9.03;9.11;3651434;33225636.00
2016/08/10;9.13;9.21;9.08;9.11;4072435;37271216.00
2016/08/11;9.10;9.13;8.95;8.97;3003163;27124334.00
2016/08/12;9.05;9.05;8.95;9.03;2870626;25812346.00
2016/08/15;9.04;9.22;9.01;9.20;6367878;58270764.00
2016/08/16;9.25;9.25;9.17;9.20;3976804;36607692.00
2016/08/17;9.23;9.24;9.14;9.19;4520542;41510112.00
2016/08/18;9.17;9.22;9.16;9.20;5385884;49509952.00
2016/08/19;9.23;9.23;9.14;9.16;4480473;41096376.00
2016/08/22;9.21;9.38;9.16;9.28;9123859;84520992.00
2016/08/23;9.28;9.45;9.22;9.45;11294726;105777240.00
2016/08/24;9.60;10.40;9.60;9.78;46925095;472028288.00
2016/08/25;9.50;10.16;9.40;10.01;36722696;358235808.00
2016/08/26;9.85;9.92;9.67;9.69;20526712;200962144.00
2016/08/29;9.63;9.83;9.54;9.71;15578986;150590256.00
2016/08/30;9.67;9.74;9.58;9.60;8782863;84750216.00
2016/08/31;9.60;9.67;9.50;9.57;8348524;79746888.00
2016/09/01;9.56;9.59;9.39;9.39;9294902;88093944.00
2016/09/02;9.35;9.48;9.33;9.44;6140974;57791024.00
2016/09/05;9.44;9.57;9.42;9.51;7741855;73459400.00
2016/09/06;9.51;9.58;9.33;9.57;9634033;91121080.00
2016/09/07;9.54;9.69;9.50;9.54;10548254;101263816.00
2016/09/08;9.54;9.60;9.50;9.57;6011677;57384236.00
2016/09/09;9.55;9.66;9.53;9.53;8306527;79736680.00
2016/09/12;9.32;9.45;9.13;9.14;9552296;88565528.00
2016/09/13;9.21;9.23;9.00;9.10;6954782;63282864.00
2016/09/14;9.06;9.14;9.01;9.10;4010763;36453040.00
2016/09/19;9.10;9.23;9.06;9.18;7024111;64463284.00
2016/09/20;9.16;9.22;9.01;9.06;8955192;81568480.00
2016/09/21;9.06;9.12;9.02;9.08;7373270;66815380.00
2016/09/22;9.12;9.16;9.06;9.09;8111813;73930064.00
2016/09/23;9.13;9.14;8.98;9.00;7848063;70975616.00
2016/09/26;8.98;9.01;8.80;8.83;8935326;79470224.00
2016/09/27;8.83;8.96;8.75;8.95;5607960;49909208.00
2016/09/28;8.96;9.07;8.90;9.00;9425843;84961096.00
2016/09/29;9.00;9.24;8.98;9.24;15460517;141496512.00
2016/09/30;9.20;9.58;9.18;9.53;17054461;160799840.00
2016/10/10;9.60;9.77;9.45;9.58;14951861;142959504.00
2016/10/24;10.54;10.54;10.54;10.54;4866658;51294576.00
2016/10/25;11.59;11.59;11.59;11.59;8720400;101069440.00
2016/10/26;12.75;12.75;12.14;12.75;168892182;2127571840.00
2016/10/27;12.37;12.49;11.89;12.00;110362558;1349464192.00
2016/10/28;11.90;12.30;11.35;11.50;91473837;1076198528.00
2016/10/31;11.30;11.66;11.26;11.54;50233158;576943552.00
2016/11/01;11.52;12.46;11.42;11.89;106358477;1282320896.00
2016/11/02;11.69;13.08;11.48;12.58;141866114;1765751552.00
2016/11/03;12.31;13.29;12.06;12.30;138410144;1744528384.00
2016/11/04;12.05;12.28;11.76;11.84;64648181;772912576.00
2016/11/07;11.93;12.16;11.77;12.10;47039418;563075392.00
2016/11/08;12.06;12.15;11.80;11.92;39454199;471407776.00
2016/11/09;11.85;12.59;11.75;12.26;75546376;920088064.00
2016/11/10;12.48;12.65;12.02;12.21;64388708;789867328.00
2016/11/11;12.40;13.43;12.03;12.12;91169484;1151463680.00
2016/11/14;11.96;11.96;11.60;11.72;55596645;652792960.00
2016/11/15;11.76;11.95;11.61;11.81;30002064;354210880.00
2016/11/16;11.85;11.89;11.42;11.44;36328123;422932192.00
2016/11/17;11.29;11.55;11.28;11.46;12906200;147554160.00
数据来源:通达信
