002332 仙琚制药 日线 前复权
      日期	    开盘	    最高	    最低	    收盘	    成交量	    成交额
2010/01/12;11.49;12.59;11.49;12.44;58848911;1151465216.00
2010/01/13;11.95;12.15;11.14;11.37;30325326;571840384.00
2010/01/14;11.16;11.67;10.86;11.37;20394512;372594144.00
2010/01/15;11.22;11.72;11.15;11.49;13391269;250014448.00
2010/01/18;11.42;11.69;11.31;11.43;9024109;167468656.00
2010/01/19;11.43;11.49;11.13;11.22;8749508;159426032.00
2010/01/20;11.17;11.22;10.42;10.50;10278728;180881392.00
2010/01/21;10.60;10.65;10.35;10.54;4432946;76202488.00
2010/01/22;10.43;10.44;9.65;9.82;7201774;117871352.00
2010/01/25;9.74;10.06;9.67;9.87;3335230;54074948.00
2010/01/26;9.82;9.94;9.02;9.15;4826288;74886344.00
2010/01/27;9.15;9.29;8.77;9.13;4398330;65576316.00
2010/01/28;9.02;9.42;8.99;9.42;4203554;63912996.00
2010/01/29;9.35;9.71;9.23;9.30;4194304;65352256.00
2010/02/01;9.17;9.29;8.82;8.93;3425965;50648944.00
2010/02/02;8.93;9.15;8.82;8.82;2370389;35118748.00
2010/02/03;8.75;8.95;8.33;8.84;3660073;52266224.00
2010/02/04;8.72;9.03;8.63;8.88;3650126;53728764.00
2010/02/05;8.69;8.93;8.57;8.81;2760339;40074672.00
2010/02/08;8.87;9.78;8.79;9.38;6767613;105780144.00
2010/02/09;9.21;9.43;9.10;9.20;3385189;51516844.00
2010/02/10;9.25;9.45;9.21;9.37;2129342;32710680.00
2010/02/11;9.42;9.42;9.11;9.15;1914759;29093616.00
2010/02/12;9.19;9.21;9.07;9.17;1668150;25174804.00
2010/02/22;9.11;9.27;9.11;9.16;1505341;22787780.00
2010/02/23;9.18;9.18;8.83;8.89;2447764;35989524.00
2010/02/24;8.86;9.39;8.77;9.36;3986952;60415732.00
2010/02/25;9.43;9.67;9.35;9.57;5835549;91712832.00
2010/02/26;9.57;10.02;9.51;9.68;6186658;99438312.00
2010/03/01;9.63;9.87;9.62;9.70;3508042;56147756.00
2010/03/02;9.70;9.75;9.53;9.60;3522930;55625244.00
2010/03/03;9.60;9.71;9.44;9.69;3295658;51929024.00
2010/03/04;9.69;9.95;9.46;9.49;4360513;69599016.00
2010/03/05;9.50;9.65;9.39;9.53;2420476;37966212.00
2010/03/08;9.53;9.75;9.49;9.67;2300249;36411868.00
2010/03/09;9.65;9.85;9.53;9.84;3995757;64116472.00
2010/03/10;9.77;9.95;9.59;9.63;3039053;48540340.00
2010/03/11;9.52;9.65;9.42;9.55;2150818;33734936.00
2010/03/12;9.56;9.74;9.45;9.59;2883697;45533788.00
2010/03/15;9.59;10.08;9.50;10.05;8099234;130632504.00
2010/03/16;9.95;10.05;9.76;9.95;4309363;69968400.00
2010/03/17;9.99;10.21;9.89;10.16;5950529;97939920.00
2010/03/18;10.15;10.15;9.97;10.09;3567845;58656016.00
2010/03/19;10.10;10.13;9.86;9.93;3119870;50826212.00
2010/03/22;10.01;10.13;9.91;10.11;3507348;57605696.00
2010/03/23;10.11;10.14;9.85;9.85;3222666;52401604.00
2010/03/24;10.00;10.00;9.85;9.97;2946458;47939004.00
2010/03/25;9.97;10.26;9.85;10.17;6902368;114342016.00
2010/03/26;10.09;10.41;10.05;10.28;5832368;97928624.00
2010/03/29;10.25;10.34;10.13;10.27;3868626;64541248.00
2010/03/30;10.23;10.72;10.23;10.57;6497134;111479768.00
2010/03/31;10.57;11.08;10.49;11.02;9444305;167698144.00
2010/04/01;11.03;11.19;10.82;11.03;7784058;139095664.00
2010/04/02;10.99;10.99;10.79;10.81;4815302;84990736.00
2010/04/06;10.89;10.89;10.61;10.85;4256283;74392640.00
2010/04/07;10.85;11.02;10.66;10.99;4739696;84169184.00
2010/04/08;10.92;11.15;10.79;10.83;4499286;80258600.00
2010/04/09;10.77;10.93;10.69;10.80;3646344;64096196.00
2010/04/12;10.71;10.75;10.51;10.57;12093357;208719312.00
2010/04/13;10.61;10.84;9.83;10.15;10796016;183450656.00
2010/04/14;10.14;10.27;9.95;10.26;4580386;75719312.00
2010/04/15;10.26;10.29;9.77;9.81;5843227;95636240.00
2010/04/19;9.77;10.03;9.63;9.70;5412590;87430648.00
2010/04/20;9.77;10.04;9.50;10.01;4586211;73767896.00
2010/04/21;10.03;10.17;9.93;10.15;5056536;83451216.00
2010/04/22;10.13;10.29;9.94;10.05;4601223;76083760.00
2010/04/23;10.01;10.27;9.96;10.19;4135482;68687312.00
2010/04/26;10.19;10.29;10.05;10.22;3969125;66008468.00
2010/04/27;10.18;10.18;9.52;9.68;4096408;65385952.00
2010/04/28;9.61;9.74;8.98;9.18;4560189;70064880.00
2010/04/29;9.19;9.42;9.03;9.03;3190867;48575724.00
2010/04/30;9.06;9.18;8.39;8.67;3621682;52188156.00
2010/05/04;8.49;8.81;8.45;8.77;2420345;34910012.00
2010/05/05;8.69;9.33;8.67;9.29;3816068;57128404.00
2010/05/06;9.22;9.29;8.94;8.95;2505089;37719620.00
2010/05/07;8.73;9.19;8.62;9.07;2492955;37170020.00
2010/05/10;9.02;9.12;8.63;8.85;2055779;30284914.00
2010/05/11;8.98;9.13;8.75;8.81;1934161;28527870.00
2010/05/13;8.61;8.67;7.88;8.51;4878484;67225864.00
2010/05/14;8.29;8.61;8.23;8.41;2754423;38529012.00
2010/05/17;8.34;8.34;7.76;7.77;2746259;36775764.00
2010/05/18;7.75;7.93;7.42;7.87;2580535;33277584.00
2010/05/19;7.77;7.99;7.63;7.86;2115693;27746770.00
2010/05/20;7.73;8.07;7.72;7.80;2435962;32175668.00
2010/05/21;7.75;7.93;7.53;7.92;3007160;38156248.00
2010/05/24;7.99;8.34;7.97;8.29;3632136;48606348.00
2010/05/25;8.25;8.51;8.05;8.41;3194442;43302268.00
2010/05/26;8.41;8.47;8.27;8.38;2354426;32076054.00
2010/05/27;8.38;8.57;8.29;8.55;2816705;38814884.00
2010/05/28;8.63;8.91;8.63;8.71;4046275;57488480.00
2010/05/31;8.71;9.05;8.62;8.77;6227580;89644232.00
2010/06/01;8.63;8.69;8.11;8.26;3886303;53182656.00
2010/06/02;8.16;8.43;8.15;8.43;2082247;28126942.00
2010/06/03;8.45;8.68;8.39;8.43;3017751;42061572.00
2010/06/04;8.41;8.95;8.39;8.89;5982689;85273248.00
2010/06/07;8.70;9.21;8.59;9.15;7159700;104452104.00
2010/06/08;9.02;9.19;8.88;9.16;6318800;92257032.00
2010/06/09;9.11;9.35;9.10;9.32;5596826;83457584.00
2010/06/10;9.29;9.39;9.20;9.28;3015137;45100012.00
2010/06/11;9.27;9.43;9.07;9.20;3922329;58559276.00
2010/06/17;9.08;9.23;8.86;8.90;3624043;52770920.00
2010/06/18;8.72;8.81;8.29;8.55;3062306;42346652.00
2010/06/21;8.42;8.81;8.21;8.77;2570184;35643468.00
2010/06/22;8.67;8.95;8.60;8.84;2444468;34879944.00
2010/06/23;8.85;8.93;8.58;8.83;1815053;25803024.00
2010/06/24;8.82;8.89;8.71;8.75;715008;10189540.00
2010/06/25;8.71;8.79;8.56;8.73;1099068;15452211.00
2010/06/28;8.73;8.75;8.41;8.54;1129610;15766262.00
2010/06/29;8.52;8.52;7.95;7.95;1599605;21346928.00
2010/06/30;7.95;8.11;7.63;7.95;1466752;19153012.00
2010/07/01;7.84;8.21;7.84;8.07;1834542;24242010.00
2010/07/02;8.09;8.18;7.65;8.13;1666597;21575360.00
2010/07/05;8.03;8.41;7.90;8.40;2921841;39347392.00
2010/07/06;8.33;8.48;8.27;8.42;1579592;21573282.00
2010/07/07;8.42;8.48;8.23;8.36;1047213;14209603.00
2010/07/08;8.38;8.45;8.17;8.23;1181805;15938779.00
2010/07/09;8.29;8.45;8.15;8.42;1443968;19685630.00
2010/07/12;8.43;8.48;8.37;8.42;1445102;19805708.00
2010/07/13;8.42;8.42;8.11;8.21;1085491;14574027.00
2010/07/14;8.23;8.39;8.21;8.25;842387;11380644.00
2010/07/15;8.25;8.37;7.95;7.99;1215746;16246755.00
2010/07/16;7.99;8.15;7.95;8.11;645857;8489202.00
2010/07/19;8.11;8.32;7.97;8.26;843062;11267582.00
2010/07/20;8.29;8.57;8.27;8.49;2739073;37577752.00
2010/07/21;8.54;8.68;8.45;8.49;2234175;31054256.00
2010/07/22;8.49;8.59;8.43;8.59;1714307;23769784.00
2010/07/23;8.62;8.65;8.45;8.57;1764449;24520452.00
2010/07/26;8.64;8.78;8.52;8.75;2719789;38195044.00
2010/07/27;8.74;8.77;8.63;8.64;1721419;24272138.00
2010/07/28;8.63;8.77;8.55;8.77;2573127;36386128.00
2010/07/29;8.78;8.86;8.65;8.77;2464010;34939652.00
2010/07/30;8.72;8.83;8.69;8.80;2067720;29399892.00
2010/08/02;8.83;8.99;8.82;8.94;3907099;56396652.00
2010/08/03;8.95;8.99;8.56;8.59;5525289;78578728.00
2010/08/04;8.55;8.74;8.51;8.73;2609599;36477884.00
2010/08/05;8.73;8.91;8.67;8.83;3514166;50109436.00
2010/08/06;8.83;8.93;8.73;8.92;3883252;55795564.00
2010/08/09;8.92;9.07;8.92;9.01;4348353;63352116.00
2010/08/10;9.01;9.17;8.85;8.86;4953981;72295024.00
2010/08/11;8.85;8.97;8.79;8.93;2410394;34700556.00
2010/08/12;8.79;8.93;8.70;8.70;2344035;33452666.00
2010/08/13;8.72;8.93;8.70;8.92;1950385;27871406.00
2010/08/16;8.97;9.41;8.97;9.26;7857642;117326752.00
2010/08/17;9.29;9.61;9.19;9.60;6894074;104780168.00
2010/08/18;9.55;9.59;9.30;9.43;4723894;71941816.00
2010/08/19;9.43;9.83;9.42;9.45;5849418;90688352.00
2010/08/20;9.38;9.39;9.09;9.10;4216463;62851316.00
2010/08/23;9.10;9.27;8.99;9.16;3321168;48978532.00
2010/08/24;9.17;9.35;8.99;9.25;2585286;38339232.00
2010/08/25;9.16;9.29;8.99;9.03;2219791;32741136.00
2010/08/26;9.05;9.19;8.97;9.09;1531132;22479738.00
2010/08/27;9.09;9.35;9.03;9.29;2237112;33385786.00
2010/08/30;9.35;9.73;9.35;9.62;5129139;79232552.00
2010/08/31;9.63;9.64;9.44;9.61;4082535;62802632.00
2010/09/01;9.60;9.61;9.12;9.28;4663649;70537288.00
2010/09/02;9.36;9.71;9.36;9.57;5596068;86395840.00
2010/09/03;9.49;9.67;9.41;9.58;4476837;68881776.00
2010/09/06;9.62;9.67;9.42;9.49;3116088;47789320.00
2010/09/07;9.52;9.54;9.36;9.51;3002476;45710308.00
2010/09/08;9.51;9.71;9.45;9.66;4367024;67677328.00
2010/09/09;9.69;9.92;9.49;9.55;6248007;97689448.00
2010/09/10;9.55;9.85;9.34;9.84;6565177;102182864.00
2010/09/13;10.02;10.35;9.85;9.87;10022660;161783472.00
2010/09/14;9.79;9.99;9.70;9.94;6886507;108508328.00
2010/09/16;9.67;9.77;9.36;9.53;3887261;59745128.00
2010/09/17;9.51;9.80;9.49;9.52;3362907;52070920.00
2010/09/20;9.51;9.54;9.15;9.33;3190178;47984636.00
2010/09/21;9.32;9.57;9.25;9.54;2986650;45430652.00
2010/09/27;9.53;9.95;9.52;9.89;6055317;95265552.00
2010/09/28;9.85;10.25;9.74;10.19;10915742;177281472.00
2010/09/29;10.15;10.27;9.99;10.19;6167585;100453608.00
2010/09/30;10.13;10.32;10.03;10.23;4657615;76285632.00
2010/10/08;10.37;10.41;10.12;10.23;4944007;81236200.00
2010/10/11;10.14;10.22;9.67;9.99;8900992;141550560.00
2010/10/12;9.87;9.95;9.79;9.82;3990336;63363040.00
2010/10/13;9.82;10.01;9.63;9.95;4242985;67046724.00
2010/10/14;9.94;9.94;9.39;9.45;4651382;72168288.00
2010/10/15;9.33;9.61;9.19;9.19;4775502;72202800.00
2010/10/18;9.26;9.29;8.62;8.93;6181164;88367944.00
2010/10/19;8.87;9.25;8.82;9.23;2866111;42349892.00
2010/10/20;9.11;9.47;9.05;9.29;3512655;52756808.00
2010/10/21;9.29;9.41;9.09;9.26;2547442;37949460.00
2010/10/22;9.25;9.41;9.21;9.33;2464576;37077408.00
2010/10/25;9.33;9.54;9.22;9.53;3748734;56833156.00
2010/10/26;9.53;10.07;9.41;9.98;9550718;151046816.00
2010/10/27;10.09;10.41;9.96;10.01;11868879;193583856.00
2010/10/28;9.98;10.14;9.75;9.96;5528387;87720352.00
2010/10/29;10.01;10.14;9.79;10.05;4433063;71179704.00
2010/11/01;10.19;10.52;10.19;10.31;8787784;146297456.00
2010/11/02;10.44;10.81;10.36;10.45;11919639;202648304.00
2010/11/03;10.48;10.79;10.48;10.54;6473000;110457880.00
2010/11/04;10.55;10.74;10.41;10.72;5940373;100767888.00
2010/11/05;10.82;10.85;10.61;10.65;4944578;84350088.00
2010/11/08;10.77;11.43;10.77;11.25;10393352;185084368.00
2010/11/09;11.50;12.05;11.09;11.92;12003690;221195200.00
2010/11/10;11.76;12.94;11.69;12.80;19453388;384568672.00
2010/11/11;12.55;14.15;12.50;13.95;21553398;470587840.00
2010/11/12;14.17;14.35;13.43;13.82;18069466;396239584.00
2010/11/15;13.93;14.33;13.33;14.05;13267774;288377504.00
2010/11/16;13.99;15.28;13.70;14.48;16083195;365858112.00
2010/11/17;13.91;13.92;12.96;12.96;14104170;293613888.00
2010/11/18;12.69;12.95;12.09;12.69;7608113;150512640.00
2010/11/19;12.60;14.03;12.43;14.03;9818778;205280064.00
2010/11/22;13.95;15.01;13.69;14.07;13381167;300639328.00
2010/11/23;13.82;14.27;13.06;14.07;7458542;159602832.00
2010/11/24;13.82;14.62;13.72;14.42;7974835;178714944.00
2010/11/25;14.42;15.62;14.05;15.29;11531533;267349424.00
2010/11/26;15.01;15.89;14.89;15.29;8353478;201507840.00
2010/11/29;15.09;15.68;14.77;14.77;6441122;153358576.00
2010/11/30;14.62;15.01;13.55;14.06;6012663;133945456.00
2010/12/01;13.96;14.56;13.74;14.05;3415054;76383568.00
2010/12/02;14.30;14.94;14.05;14.61;6496575;148682144.00
2010/12/03;14.43;14.79;13.89;14.09;3613058;80948576.00
2010/12/06;14.07;14.17;12.96;13.22;4142432;87998136.00
2010/12/07;13.09;13.45;12.88;13.26;3493983;73142832.00
2010/12/08;13.21;13.61;13.13;13.29;2981842;63051040.00
2010/12/09;13.29;13.39;12.57;12.65;3383633;69251368.00
2010/12/10;12.65;13.29;12.49;13.05;2337654;47566776.00
2010/12/13;13.07;13.57;13.06;13.49;2849560;60285380.00
2010/12/14;13.49;13.59;13.10;13.37;4155873;86966080.00
2010/12/15;13.35;13.93;12.96;13.89;6247963;134211472.00
2010/12/16;13.89;14.35;13.88;13.95;6812297;150965840.00
2010/12/17;13.85;13.95;13.73;13.83;2614006;56883424.00
2010/12/20;13.85;13.95;12.99;13.34;3111604;65999656.00
2010/12/22;13.57;13.57;13.01;13.15;2453028;51034360.00
2010/12/23;13.15;13.17;12.67;12.69;1702912;34780508.00
2010/12/24;12.62;12.74;12.14;12.26;1750366;34237116.00
2010/12/27;12.26;12.62;11.89;11.89;1711598;33340276.00
2010/12/28;11.75;11.75;11.29;11.46;2396447;43868236.00
2010/12/29;11.55;12.42;11.55;12.32;3201051;61249452.00
2010/12/30;12.22;12.73;12.11;12.56;3139952;62326812.00
2010/12/31;12.52;12.74;12.35;12.59;2171493;43212516.00
2011/01/04;12.63;12.77;12.35;12.70;2484074;49514484.00
2011/01/05;12.65;13.30;12.49;12.75;3394491;69706544.00
2011/01/06;12.62;12.99;12.27;12.92;4850853;96877496.00
2011/01/10;12.61;12.61;11.89;11.95;3434265;66767268.00
2011/01/11;11.64;11.83;11.29;11.65;2995244;54795196.00
2011/01/12;11.55;11.91;11.29;11.59;2131603;39117280.00
2011/01/13;11.55;11.73;11.45;11.47;1860282;34303168.00
2011/01/14;11.35;11.45;10.92;10.99;2919566;51666080.00
2011/01/17;10.93;10.93;9.94;10.25;5583586;91406584.00
2011/01/18;10.15;10.49;9.95;10.35;3118434;50883236.00
2011/01/19;10.30;10.61;10.19;10.55;2415505;40383156.00
2011/01/20;10.54;10.54;10.01;10.03;2234414;36693696.00
2011/01/21;9.97;10.33;9.95;9.98;2359945;38273224.00
2011/01/24;10.06;10.15;9.49;9.49;3364708;53137872.00
2011/01/25;9.55;9.57;9.27;9.33;3387829;51193752.00
2011/01/26;9.39;9.81;9.39;9.67;2381551;36788784.00
2011/01/27;9.61;10.04;9.52;9.87;2525742;40059852.00
2011/01/28;9.82;10.34;9.82;10.33;4136275;67882656.00
2011/01/31;10.29;10.37;10.05;10.33;2544842;41680520.00
2011/02/01;10.32;10.35;10.13;10.25;1785321;29332222.00
2011/02/09;10.12;10.43;10.10;10.15;1677817;27643660.00
2011/02/10;10.01;10.68;9.99;10.64;3892781;65200416.00
2011/02/11;10.59;10.95;10.55;10.81;4452889;76575688.00
2011/02/14;10.81;11.12;10.74;11.00;3602115;62942760.00
2011/02/15;11.06;11.09;10.85;10.91;3219154;56356708.00
2011/02/16;10.90;11.15;10.85;11.15;2713727;47805008.00
2011/02/17;11.15;11.25;11.01;11.24;3680833;65625256.00
2011/02/18;11.26;11.26;10.87;10.95;2598894;45707712.00
2011/02/21;10.82;11.15;10.75;11.13;2275488;39997500.00
2011/02/22;11.15;11.19;10.63;10.65;3317653;57378932.00
2011/02/23;10.64;10.85;10.62;10.75;1800047;30968052.00
2011/02/24;10.75;10.91;10.57;10.81;1715057;29472870.00
2011/02/25;10.76;10.79;10.62;10.72;1524442;26111296.00
2011/02/28;10.71;10.95;10.71;10.95;2449543;42604968.00
2011/03/01;10.97;11.87;10.95;11.61;8331730;152553456.00
2011/03/02;11.55;11.87;11.30;11.75;6150135;113919720.00
2011/03/03;11.75;11.75;11.37;11.39;3068903;56210664.00
2011/03/04;11.38;11.49;11.19;11.35;2216914;40116284.00
2011/03/07;11.41;11.49;11.29;11.39;3191728;57853160.00
2011/03/08;11.39;11.43;11.09;11.43;3026384;54356324.00
2011/03/09;11.43;11.43;11.29;11.36;1823657;33019010.00
2011/03/10;11.36;11.49;11.15;11.32;2648907;47937292.00
2011/03/11;11.29;11.42;11.17;11.27;2869274;51880044.00
2011/03/14;11.27;11.72;11.27;11.67;7628907;140406832.00
2011/03/15;11.67;11.67;10.96;11.25;4204181;75814224.00
2011/03/16;11.29;11.45;11.15;11.22;3050525;54773692.00
2011/03/17;11.08;11.08;10.59;10.62;5123402;88431336.00
2011/03/18;10.69;10.81;10.63;10.69;1850052;31671960.00
2011/03/21;10.67;10.71;10.35;10.51;2022279;33999556.00
2011/03/22;10.53;10.68;10.40;10.68;1596091;26944196.00
2011/03/23;10.68;10.83;10.64;10.82;1455456;25040240.00
2011/03/24;10.85;10.91;10.71;10.73;1448162;24903872.00
2011/03/25;10.81;10.81;10.62;10.75;2578748;44061628.00
2011/03/28;10.75;10.79;10.39;10.41;4336325;73454720.00
2011/03/29;10.43;10.55;10.37;10.46;1888300;31644626.00
2011/03/30;10.46;10.51;10.23;10.28;1795300;29747634.00
2011/03/31;10.36;10.42;10.15;10.32;1240812;20451448.00
2011/04/01;10.35;10.45;10.23;10.45;1176739;19573988.00
2011/04/06;10.49;10.65;10.38;10.58;1782267;30106870.00
2011/04/07;10.58;10.62;10.44;10.55;1852810;31143010.00
2011/04/08;10.57;10.73;10.47;10.69;2132654;36258832.00
2011/04/11;10.75;10.75;10.35;10.35;3349424;56198560.00
2011/04/12;10.35;10.46;10.20;10.27;1738433;28676330.00
2011/04/13;10.25;10.50;10.21;10.49;1811779;30107286.00
2011/04/14;10.49;10.61;10.42;10.54;1997876;33739196.00
2011/04/18;10.35;10.70;10.35;10.70;2251761;38032744.00
2011/04/19;10.66;10.79;10.41;10.74;3134590;53256864.00
2011/04/20;10.75;11.31;10.74;11.27;8912367;158718080.00
2011/04/21;11.22;11.35;11.09;11.15;4848740;86808240.00
2011/04/22;11.21;11.25;11.02;11.09;3002058;53179256.00
2011/04/25;11.09;11.09;10.67;10.69;2743342;47371380.00
2011/04/26;10.61;10.61;10.19;10.39;2315739;38543192.00
2011/04/27;10.39;10.47;9.90;10.05;3084635;50262848.00
2011/04/28;10.14;10.15;9.74;9.77;1867848;29813702.00
2011/04/29;9.82;9.95;9.65;9.94;935448;14810013.00
2011/05/03;9.95;10.12;9.89;10.05;847774;13652241.00
2011/05/04;10.03;10.10;9.92;9.92;1134100;18240896.00
2011/05/06;10.05;10.09;9.85;10.02;1217590;19499190.00
2011/05/09;10.02;10.03;9.42;9.42;11062888;171047920.00
2011/05/10;9.45;9.56;9.29;9.55;2878455;43806008.00
2011/05/11;9.55;9.55;9.39;9.41;2551100;38029044.00
2011/05/12;9.45;9.50;9.27;9.29;1929426;28622556.00
2011/05/13;9.26;9.36;8.97;9.15;2810980;40571028.00
2011/05/16;9.16;9.29;9.13;9.17;1711709;24853806.00
2011/05/17;9.18;9.25;9.00;9.21;2364604;33979084.00
2011/05/18;9.19;9.37;9.13;9.33;2048896;29979884.00
2011/05/19;9.32;9.43;9.15;9.17;1695323;24886770.00
2011/05/20;9.19;9.31;9.17;9.26;1053019;15321117.00
2011/05/23;9.22;9.22;9.01;9.02;1656918;23737230.00
2011/05/24;9.02;9.07;8.31;8.59;3600477;48730396.00
2011/05/25;8.57;8.59;8.37;8.42;1582274;21248024.00
2011/05/26;8.46;8.57;8.31;8.31;1134976;15219254.00
2011/05/27;8.35;8.45;8.22;8.31;1271812;16782780.00
2011/05/30;8.31;8.40;8.23;8.27;799838;10545252.00
2011/05/31;8.27;8.50;8.25;8.49;1296644;17254672.00
2011/06/01;8.51;8.61;8.45;8.57;1460445;19799256.00
2011/06/02;8.42;8.44;8.26;8.37;1301072;17204610.00
2011/06/03;8.37;8.58;8.33;8.57;1481755;20035230.00
2011/06/07;8.57;8.83;8.57;8.66;1593839;21926832.00
2011/06/08;8.62;8.82;8.47;8.82;1969423;27006048.00
2011/06/09;8.75;8.85;8.53;8.53;1703629;23368708.00
2011/06/10;8.39;8.57;8.39;8.55;1098919;14746412.00
2011/06/13;8.45;8.52;8.34;8.50;645477;8633312.00
2011/06/14;8.44;8.64;8.44;8.62;1522739;20699766.00
2011/06/15;8.59;8.69;8.30;8.33;1510811;20400188.00
2011/06/16;8.39;8.55;8.32;8.33;1468973;19548258.00
2011/06/17;8.38;8.39;8.24;8.25;1010699;13335733.00
2011/06/20;8.17;8.17;7.72;7.76;2706045;33931204.00
2011/06/21;7.82;7.84;7.65;7.77;2120624;26092602.00
2011/06/22;7.77;7.80;7.64;7.74;1395750;17184482.00
2011/06/23;7.73;8.01;7.59;7.99;2745811;34227624.00
2011/06/24;7.92;8.29;7.89;8.27;3171980;41012796.00
2011/06/27;8.27;8.43;8.21;8.41;2609949;34528320.00
2011/06/28;8.44;8.44;8.29;8.39;1964364;25980536.00
2011/06/29;8.38;8.39;8.11;8.11;2604689;33988536.00
2011/06/30;8.09;8.31;8.06;8.27;1978279;25889208.00
2011/07/01;8.23;8.50;8.23;8.41;2929542;39007444.00
2011/07/04;8.44;8.63;8.41;8.62;3323418;44977572.00
2011/07/05;8.68;8.68;8.49;8.55;3624503;49113516.00
2011/07/06;8.55;8.89;8.54;8.75;4625851;63914248.00
2011/07/07;8.71;8.92;8.67;8.79;4459979;62033696.00
2011/07/08;8.73;8.84;8.71;8.77;2191852;30393646.00
2011/07/11;8.77;8.79;8.59;8.75;1665760;22923364.00
2011/07/12;8.65;8.65;8.45;8.45;2848623;38461684.00
2011/07/13;8.50;8.67;8.46;8.66;3119362;42410744.00
2011/07/14;8.69;9.04;8.65;8.98;6024889;84807136.00
2011/07/15;9.05;9.49;8.97;9.41;8147882;119775448.00
2011/07/18;9.43;9.72;9.29;9.31;7396669;110709840.00
2011/07/19;9.29;9.29;9.11;9.17;3255473;47124760.00
2011/07/20;9.22;9.43;9.11;9.28;2198307;32118846.00
2011/07/21;9.29;9.29;9.03;9.05;1852800;26653594.00
2011/07/22;9.13;9.23;9.03;9.05;1349251;19383936.00
2011/07/25;9.04;9.19;8.64;8.68;2725135;38182676.00
2011/07/26;8.63;8.75;8.59;8.71;1263364;17321276.00
2011/07/27;8.65;9.04;8.64;8.98;2419068;33979036.00
2011/07/28;8.85;8.92;8.73;8.86;1701751;23761868.00
2011/07/29;8.86;8.93;8.76;8.81;1949544;27354788.00
2011/08/01;8.81;8.95;8.67;8.89;1777168;24895374.00
2011/08/02;8.83;8.89;8.39;8.63;2054857;27915560.00
2011/08/03;8.39;8.84;8.39;8.79;1810963;24856902.00
2011/08/04;8.71;9.15;8.59;9.08;3191407;45123960.00
2011/08/05;8.78;9.02;8.64;8.85;2467146;34641344.00
2011/08/08;8.69;8.81;8.11;8.19;2896506;38619440.00
2011/08/09;7.92;8.85;7.73;8.61;3600667;47354940.00
2011/08/10;8.79;9.05;8.67;8.82;3677600;51656644.00
2011/08/11;8.62;9.02;8.54;9.01;4278004;60296336.00
2011/08/12;9.13;9.23;8.99;9.06;4975451;71437504.00
2011/08/15;9.09;9.24;8.99;9.23;3752751;54189376.00
2011/08/16;9.25;9.29;8.91;8.97;3013140;43137484.00
2011/08/17;8.93;9.05;8.76;8.83;2036826;28614704.00
2011/08/18;8.84;8.84;8.58;8.65;2228674;30654644.00
2011/08/19;8.45;8.52;8.32;8.51;2007763;26865928.00
2011/08/22;8.53;8.61;8.48;8.49;1185840;16029753.00
2011/08/23;8.54;8.65;8.51;8.65;1607132;21840778.00
2011/08/24;8.69;8.85;8.69;8.71;2031364;28168500.00
2011/08/25;8.71;8.89;8.60;8.85;2787633;38737816.00
2011/08/26;8.84;8.95;8.81;8.87;2402314;33754908.00
2011/08/29;8.87;8.87;8.51;8.57;5380084;73807296.00
2011/08/30;8.60;8.73;8.45;8.49;2567814;34942396.00
2011/08/31;8.49;8.53;8.25;8.45;2178421;28937134.00
2011/09/01;8.45;8.49;8.25;8.27;1554991;20621312.00
2011/09/02;8.25;8.32;8.15;8.29;1335399;17444980.00
2011/09/05;8.21;8.25;8.01;8.02;1280062;16460401.00
2011/09/06;7.99;8.11;7.94;8.02;700840;8956042.00
2011/09/07;8.11;8.39;8.06;8.26;1269983;16550540.00
2011/09/08;8.26;8.34;8.15;8.15;1295637;16958108.00
2011/09/13;7.85;8.00;7.85;7.97;674719;8525202.00
2011/09/14;7.95;8.05;7.84;8.03;1046789;13209984.00
2011/09/15;8.05;8.13;7.97;7.97;965343;12364980.00
2011/09/16;8.07;8.09;7.98;7.99;574576;7340549.50
2011/09/19;7.97;7.97;7.81;7.84;611937;7664084.00
2011/09/20;7.85;7.96;7.79;7.91;857760;10770852.00
2011/09/21;7.91;8.21;7.85;8.16;1475716;18992418.00
2011/09/22;8.09;8.16;7.88;7.89;998464;12731662.00
2011/09/23;7.82;7.87;7.66;7.83;771408;9571895.00
2011/09/26;7.79;7.99;7.76;7.79;745168;9317666.00
2011/09/27;7.82;7.91;7.79;7.88;773703;9680896.00
2011/09/28;7.95;7.97;7.77;7.81;737399;9256755.00
2011/09/29;7.77;7.81;7.59;7.66;972596;11918515.00
2011/09/30;7.67;7.72;7.49;7.56;808460;9770999.00
2011/10/10;7.56;7.65;7.51;7.57;514558;6200845.00
2011/10/11;7.71;7.97;7.51;7.57;917266;11174812.00
2011/10/12;7.52;7.85;7.51;7.83;1332844;16434629.00
2011/10/14;7.86;7.90;7.69;7.83;1041192;12923808.00
2011/10/17;7.85;7.91;7.80;7.85;886956;11078596.00
2011/10/18;7.78;7.83;7.59;7.59;819235;10090788.00
2011/10/19;7.62;7.68;7.54;7.57;791831;9589403.00
2011/10/20;7.56;7.61;7.19;7.21;1584289;18579998.00
2011/10/21;7.25;7.25;7.05;7.06;911246;10411185.00
2011/10/24;6.99;7.23;6.99;7.17;804189;9154879.00
2011/10/25;7.23;7.42;7.17;7.35;1187842;13884423.00
2011/10/26;7.26;7.47;7.26;7.42;1551454;18366846.00
2011/10/27;7.43;7.56;7.35;7.39;1238731;14769167.00
2011/10/28;7.51;7.58;7.40;7.56;1898408;22721726.00
2011/10/31;7.57;7.75;7.49;7.69;2141233;25987044.00
2011/11/01;7.59;7.75;7.56;7.65;1479154;18081226.00
2011/11/02;7.53;7.83;7.43;7.75;1964928;23852430.00
2011/11/03;7.79;8.02;7.76;7.79;2533438;31811898.00
2011/11/04;7.84;8.06;7.79;8.00;2760711;34828100.00
2011/11/07;7.99;8.10;7.86;7.87;1785356;22699438.00
2011/11/08;7.87;7.93;7.73;7.74;1181677;14742616.00
2011/11/09;7.80;8.02;7.73;8.00;1444912;18095750.00
2011/11/10;7.86;8.13;7.81;7.94;3292491;41678336.00
2011/11/11;7.95;8.23;7.93;8.07;2603580;33514026.00
2011/11/14;8.19;8.31;8.12;8.28;3092790;40418032.00
2011/11/15;8.29;8.39;8.21;8.24;2244606;29431776.00
2011/11/16;8.25;8.31;7.93;7.93;2012579;25901560.00
2011/11/17;7.93;8.35;7.93;8.21;3633726;47391048.00
2011/11/18;8.15;8.37;8.05;8.07;2876685;37422520.00
2011/11/21;8.07;8.13;7.96;8.13;986285;12594433.00
2011/11/22;8.06;8.13;7.94;8.06;1339652;17107770.00
2011/11/23;8.09;8.32;7.96;8.18;1878867;24496442.00
2011/11/24;8.09;8.44;8.05;8.44;4323172;57111056.00
2011/11/25;8.45;8.57;8.22;8.29;3927046;52362084.00
2011/11/28;8.29;8.44;8.11;8.23;1859319;24316228.00
2011/11/29;8.35;8.55;8.33;8.45;3812738;51136180.00
2011/11/30;8.37;8.52;8.09;8.16;3120961;40935376.00
2011/12/01;8.39;9.02;8.23;8.52;6282155;85496560.00
2011/12/02;8.46;8.70;8.39;8.59;3564717;48213664.00
2011/12/05;8.58;8.79;8.19;8.23;3812514;51316920.00
2011/12/06;8.05;8.05;7.39;7.97;4910850;60945232.00
2011/12/07;7.85;8.09;7.69;7.91;1278250;16120425.00
2011/12/08;7.89;8.03;7.69;7.91;1113081;13859695.00
2011/12/09;7.77;7.94;7.71;7.75;823723;10200309.00
2011/12/12;7.75;7.79;7.64;7.67;768802;9426766.00
2011/12/13;7.63;7.73;7.41;7.44;934334;11184677.00
2011/12/14;7.41;7.55;7.27;7.32;629952;7461830.00
2011/12/15;7.25;7.35;7.14;7.19;864367;10044356.00
2011/12/16;7.19;7.51;7.12;7.48;1006497;11720037.00
2011/12/19;7.45;7.58;7.26;7.53;919782;10901505.00
2011/12/20;7.59;7.63;7.49;7.53;751290;9056261.00
2011/12/21;7.55;7.65;7.29;7.29;555611;6634711.00
2011/12/22;7.26;7.29;6.95;7.19;932203;10618288.00
2011/12/23;7.19;7.57;7.19;7.29;871765;10290902.00
2011/12/26;7.29;7.44;7.21;7.31;518619;6077292.00
2011/12/27;7.34;7.35;7.00;7.04;526600;6038535.00
2011/12/28;7.04;7.15;6.85;7.12;977995;10939935.00
2011/12/29;6.99;7.25;6.99;7.09;570073;6504193.00
2011/12/30;7.18;7.38;7.15;7.37;1325740;15537092.00
2012/01/04;7.41;7.47;7.24;7.25;371837;4354992.00
2012/01/05;7.25;7.25;6.91;7.11;591238;6678891.50
2012/01/06;7.01;7.07;6.71;6.96;1027335;11306929.00
2012/01/09;6.96;7.49;6.88;7.29;963373;11094215.00
2012/01/10;7.31;7.62;7.27;7.53;1717218;20450024.00
2012/01/11;7.53;7.63;7.43;7.55;1366261;16481708.00
2012/01/12;7.55;7.69;7.48;7.63;2314774;28177874.00
2012/01/13;7.60;7.60;7.31;7.39;1246081;14764795.00
2012/01/16;7.39;7.41;7.14;7.19;869271;10081843.00
2012/01/17;7.24;7.49;7.09;7.39;2252214;26355712.00
2012/01/18;7.32;7.54;7.04;7.10;1537492;17975246.00
2012/01/19;7.10;7.23;6.96;7.11;774544;8802557.00
2012/01/20;7.19;7.25;7.12;7.19;781797;8997350.00
2012/01/30;7.23;7.40;7.15;7.40;1274977;14881553.00
2012/01/31;7.38;7.40;7.27;7.33;840295;9839991.00
2012/02/01;7.29;7.42;7.26;7.31;900311;10542628.00
2012/02/02;7.31;7.39;7.22;7.37;1434115;16753380.00
2012/02/03;7.39;7.47;7.31;7.45;2383085;28208854.00
2012/02/06;7.44;7.49;7.37;7.43;1477839;17556884.00
2012/02/07;7.43;7.43;7.25;7.32;1187557;13905267.00
2012/02/08;7.27;7.61;7.27;7.59;2439766;29164324.00
2012/02/09;7.60;7.75;7.52;7.62;2539374;30985618.00
2012/02/10;7.53;7.69;7.53;7.59;1111007;13495493.00
2012/02/13;7.53;7.72;7.51;7.65;1432188;17434152.00
2012/02/14;7.65;7.82;7.56;7.65;2177077;26616052.00
2012/02/15;7.64;7.77;7.59;7.73;2254604;27631732.00
2012/02/16;7.69;7.79;7.57;7.64;2006054;24517768.00
2012/02/17;7.64;7.69;7.53;7.63;1255564;15229446.00
2012/02/20;7.71;7.74;7.57;7.58;1954202;23834906.00
2012/02/21;7.58;7.65;7.52;7.64;1220528;14769793.00
2012/02/22;7.65;7.95;7.60;7.91;5022692;62682040.00
2012/02/23;7.92;7.95;7.76;7.83;3294733;41101788.00
2012/02/24;7.83;7.90;7.72;7.88;3643040;45423080.00
2012/02/27;7.90;8.00;7.87;7.88;3748075;47249464.00
2012/02/28;7.85;7.85;7.67;7.75;2326520;28732456.00
2012/02/29;7.73;7.81;7.66;7.69;1536654;18907100.00
2012/03/01;7.60;7.77;7.60;7.67;1248181;15303570.00
2012/03/02;7.72;7.79;7.67;7.78;1484908;18346580.00
2012/03/05;7.79;7.89;7.73;7.74;2191494;27216688.00
2012/03/06;7.71;7.77;7.57;7.63;1480392;18045724.00
2012/03/07;7.58;7.69;7.53;7.62;1380314;16777822.00
2012/03/08;7.63;7.77;7.60;7.75;1532307;18824806.00
2012/03/09;7.78;7.86;7.75;7.85;2135092;26571164.00
2012/03/12;7.84;7.95;7.81;7.92;2959451;37160620.00
2012/03/13;7.92;7.95;7.87;7.95;2209326;27821650.00
2012/03/14;7.95;8.18;7.55;7.60;3936117;49505048.00
2012/03/15;7.62;7.68;7.45;7.57;2291874;27599916.00
2012/03/16;7.57;7.77;7.57;7.76;1616960;19756184.00
2012/03/19;7.77;8.05;7.73;8.02;3533211;44584420.00
2012/03/20;8.01;8.01;7.77;7.88;2379331;29831602.00
2012/03/21;7.88;7.95;7.69;7.77;1814660;22586262.00
2012/03/22;7.79;7.89;7.65;7.83;1581652;19598538.00
2012/03/23;7.78;7.82;7.62;7.67;1292578;15848619.00
2012/03/26;7.63;7.71;7.55;7.71;723715;8807894.00
2012/03/27;7.75;7.78;7.56;7.58;1047495;12837272.00
2012/03/28;7.58;7.58;7.11;7.12;1922526;22354270.00
2012/03/29;7.14;7.14;6.92;6.99;1208985;13625447.00
2012/03/30;6.99;7.07;6.93;6.98;625987;7017715.50
2012/04/05;6.98;7.19;6.98;7.16;1003268;11415543.00
2012/04/06;7.12;7.29;7.09;7.17;746799;8558206.00
2012/04/09;7.17;7.19;6.99;7.01;770393;8738151.00
2012/04/10;6.99;7.11;6.87;7.11;808382;9045587.00
2012/04/11;7.04;7.13;6.94;7.05;741914;8390813.00
2012/04/12;7.05;7.23;7.03;7.21;1502991;17203604.00
2012/04/13;7.19;7.35;7.19;7.25;1707843;19843010.00
2012/04/16;7.17;7.26;7.14;7.21;721321;8312993.00
2012/04/17;7.17;7.34;7.17;7.20;1360130;15793286.00
2012/04/18;7.26;7.39;7.16;7.33;1918867;22331608.00
2012/04/20;7.33;7.44;7.27;7.39;1541293;18177980.00
2012/04/23;7.38;7.39;7.20;7.24;1247007;14540402.00
2012/04/24;7.19;7.26;6.95;7.08;1384154;15658387.00
2012/04/25;7.08;7.19;6.99;7.16;1016632;11546803.00
2012/04/26;7.17;7.27;7.12;7.19;1004123;11540982.00
2012/04/27;7.15;7.29;7.15;7.22;873493;10093353.00
2012/05/02;7.31;7.33;7.18;7.29;1743931;20241498.00
2012/05/03;7.25;7.43;7.24;7.38;2433258;28538706.00
2012/05/04;7.36;7.49;7.32;7.45;2179468;25811148.00
2012/05/07;7.43;7.45;7.35;7.42;1278468;15098933.00
2012/05/08;7.40;7.45;7.34;7.39;1239732;14626332.00
2012/05/09;7.34;7.38;7.25;7.29;1399615;16340889.00
2012/05/10;7.29;7.42;7.27;7.31;1023446;12027081.00
2012/05/11;7.37;7.47;7.32;7.42;1876072;22218390.00
2012/05/14;7.55;7.57;7.39;7.39;2079016;24858114.00
2012/05/15;7.32;7.34;7.15;7.30;1742318;20132896.00
2012/05/16;7.29;7.31;7.19;7.22;959662;11127755.00
2012/05/17;7.23;7.32;7.19;7.32;884626;10270492.00
2012/05/18;7.34;7.36;7.15;7.15;1087786;12359649.00
2012/05/21;7.15;7.23;7.10;7.21;850003;9545228.00
2012/05/22;7.25;7.33;7.21;7.33;1034930;11814735.00
2012/05/23;7.32;7.32;7.17;7.25;704509;7998299.00
2012/05/24;7.19;7.27;7.19;7.23;765480;8696779.00
2012/05/25;7.23;7.26;7.09;7.10;807767;9056465.00
2012/05/28;7.11;7.23;7.07;7.22;918385;10344677.00
2012/05/29;7.22;7.37;7.18;7.31;1662109;19030058.00
2012/05/30;7.27;7.39;7.27;7.31;1069907;12286698.00
2012/05/31;7.32;7.59;7.29;7.43;4229456;49617092.00
2012/06/01;7.44;7.53;7.41;7.48;1531014;17914546.00
2012/06/04;7.40;7.64;7.33;7.40;3326832;39135024.00
2012/06/05;7.41;7.56;7.37;7.51;3076836;36109244.00
2012/06/06;7.45;7.59;7.45;7.56;2402431;28388594.00
2012/06/07;7.60;7.71;7.55;7.66;2897386;34619712.00
2012/06/08;7.67;7.69;7.51;7.64;2092744;24902670.00
2012/06/11;7.62;7.70;7.49;7.69;2218592;26423048.00
2012/06/12;7.64;7.70;7.58;7.67;1310784;15649745.00
2012/06/13;7.63;7.85;7.57;7.75;2957545;35882036.00
2012/06/14;7.73;7.95;7.71;7.83;2947197;36174736.00
2012/06/15;7.83;8.00;7.80;7.87;2232939;27614678.00
2012/06/18;7.85;8.04;7.85;8.01;3248992;40433636.00
2012/06/19;8.03;8.11;7.92;7.92;3023124;37899532.00
2012/06/20;7.94;8.03;7.80;7.85;2076397;25614962.00
2012/06/21;8.07;8.21;7.71;7.89;10066841;124885704.00
2012/06/25;7.73;7.93;7.64;7.77;4988641;61029104.00
2012/06/26;7.70;7.88;7.61;7.75;1611276;19513208.00
2012/06/27;7.75;7.93;7.67;7.77;2425251;29703164.00
2012/06/28;7.79;8.03;7.78;7.90;2900401;35924884.00
2012/06/29;7.89;8.04;7.79;8.00;2508807;31182344.00
2012/07/02;8.06;8.17;7.97;8.14;3426416;43306184.00
2012/07/03;8.19;8.23;8.03;8.05;3600078;45749124.00
2012/07/04;8.05;8.13;7.87;7.94;2205482;27506546.00
2012/07/05;7.94;8.00;7.78;7.93;1731010;21340724.00
2012/07/06;7.87;8.25;7.67;8.18;4574355;57150044.00
2012/07/09;8.11;8.39;8.09;8.11;3458563;44477316.00
2012/07/10;8.00;8.23;7.86;8.08;3359129;42263300.00
2012/07/11;8.07;8.22;7.93;8.20;2074293;26288530.00
2012/07/12;8.20;8.38;8.14;8.21;2805443;36225924.00
2012/07/13;8.17;8.27;8.01;8.07;1797462;22744018.00
2012/07/16;8.04;8.25;7.77;7.98;7610115;95129360.00
2012/07/17;7.86;8.05;7.77;7.97;2802628;34642376.00
2012/07/18;7.94;8.15;7.88;8.12;7114960;89059216.00
2012/07/19;8.11;8.17;8.02;8.06;9184049;116511104.00
2012/07/20;8.04;8.09;7.95;8.03;3954162;49693188.00
2012/07/23;8.01;8.12;7.90;8.04;6837266;85477872.00
2012/07/24;8.00;8.21;7.99;8.07;5576031;70605488.00
2012/07/25;8.10;8.14;7.83;7.87;4285711;53468632.00
2012/07/26;7.87;7.91;7.67;7.69;2103946;25666080.00
2012/07/27;7.70;7.74;7.56;7.57;3030726;36153280.00
2012/07/30;7.57;7.57;7.19;7.33;3991486;45746808.00
2012/07/31;7.33;7.47;7.13;7.33;4239695;49140892.00
2012/08/01;7.34;7.46;7.30;7.41;1234020;14336196.00
2012/08/02;7.39;7.55;7.28;7.33;1582712;18397774.00
2012/08/03;7.40;7.51;7.33;7.45;1346399;15706884.00
2012/08/06;7.45;7.67;7.41;7.55;1767393;20920228.00
2012/08/07;7.59;7.63;7.53;7.57;1483215;17608518.00
2012/08/08;7.53;8.32;7.53;8.13;11273852;137684256.00
2012/08/09;8.13;8.87;8.00;8.61;23821438;310700192.00
2012/08/10;8.60;8.86;8.40;8.60;15206297;204832848.00
2012/08/13;8.62;9.04;8.39;8.89;24096632;328149760.00
2012/08/14;8.93;8.98;8.12;8.33;24021030;312591712.00
2012/08/15;8.31;8.32;7.95;8.05;11005653;138918624.00
2012/08/16;8.02;8.15;7.97;8.06;4293785;53988460.00
2012/08/17;8.01;8.05;7.65;7.83;5299887;64822376.00
2012/08/20;7.75;7.85;7.67;7.79;3264707;39596476.00
2012/08/21;7.80;8.05;7.75;7.97;4308131;53315656.00
2012/08/22;7.95;8.05;7.80;7.81;3304816;41000608.00
2012/08/23;7.79;7.91;7.75;7.88;2627049;32257708.00
2012/08/24;7.89;7.90;7.57;7.59;3532920;42660512.00
2012/08/27;7.53;7.53;7.28;7.29;2753514;31815882.00
2012/08/28;7.28;7.47;7.25;7.43;1848664;21444844.00
2012/08/29;7.43;7.52;7.36;7.45;1527101;17825620.00
2012/08/30;7.41;7.49;7.07;7.27;2427851;27683412.00
2012/08/31;7.26;7.42;7.21;7.41;1176429;13552967.00
2012/09/03;7.41;7.67;7.36;7.60;2182133;25837310.00
2012/09/04;7.65;7.71;7.45;7.49;2152667;25613882.00
2012/09/05;7.53;7.62;7.45;7.51;1142821;13490751.00
2012/09/06;7.57;7.70;7.55;7.58;1664500;19841662.00
2012/09/07;7.60;7.85;7.60;7.77;3426900;41661912.00
2012/09/10;7.77;7.87;7.69;7.78;2388701;29015160.00
2012/09/11;7.74;7.76;7.67;7.70;1653551;19948776.00
2012/09/12;7.70;7.83;7.70;7.76;1573315;19101886.00
2012/09/13;7.77;7.80;7.59;7.59;1890479;22729260.00
2012/09/14;7.63;7.68;7.53;7.55;1811079;21525818.00
2012/09/18;7.14;7.33;7.08;7.25;2566182;29117960.00
2012/09/19;7.27;7.37;7.23;7.33;955178;10912606.00
2012/09/20;7.32;7.32;7.07;7.09;1489983;16737552.00
2012/09/21;7.08;7.20;6.99;7.00;1694227;18858924.00
2012/09/24;6.87;7.05;6.80;6.99;915489;10005256.00
2012/09/25;6.99;7.01;6.93;6.97;614260;6731017.00
2012/09/26;6.97;6.99;6.61;6.62;1818897;19288124.00
2012/09/27;6.65;6.79;6.60;6.74;1260222;13336621.00
2012/09/28;6.72;6.90;6.70;6.89;996311;10700536.00
2012/10/08;6.93;6.97;6.87;6.89;619679;6731215.00
2012/10/09;6.93;7.15;6.89;7.13;1362017;15125488.00
2012/10/10;7.13;7.18;7.08;7.13;986598;11045184.00
2012/10/11;7.13;7.23;7.03;7.04;1267328;14226206.00
2012/10/12;7.07;7.17;6.96;7.02;814746;9010761.00
2012/10/15;7.07;7.09;6.91;6.99;932074;10213833.00
2012/10/16;7.00;7.13;6.96;7.07;1416417;15724685.00
2012/10/17;7.05;7.10;6.92;6.99;1032098;11338732.00
2012/10/18;6.99;7.09;6.97;7.08;1474541;16328091.00
2012/10/19;7.11;7.12;7.05;7.09;989598;11005255.00
2012/10/22;7.07;7.15;7.00;7.08;864850;9576277.00
2012/10/23;7.05;7.09;6.99;7.00;941352;10385445.00
2012/10/24;6.96;7.01;6.91;6.91;668867;7317184.00
2012/10/25;6.91;6.95;6.81;6.82;946495;10223637.00
2012/10/26;6.83;6.83;6.68;6.73;716875;7596683.50
2012/10/29;6.69;6.79;6.60;6.77;754576;7964718.00
2012/10/30;6.77;6.81;6.73;6.77;401200;4275382.50
2012/10/31;6.82;6.82;6.69;6.76;311124;3303698.00
2012/11/01;6.76;7.20;6.75;6.97;1733839;18964132.00
2012/11/02;6.97;7.07;6.90;6.99;674737;7407641.50
2012/11/05;6.92;7.03;6.90;6.90;502443;5480967.50
2012/11/06;6.92;6.94;6.73;6.81;645036;6898720.50
2012/11/07;6.80;6.84;6.73;6.79;476238;5086013.00
2012/11/08;6.77;6.90;6.68;6.69;1044987;11136787.00
2012/11/09;6.69;6.73;6.65;6.73;434268;4576143.50
2012/11/12;6.73;6.82;6.70;6.75;478155;5081825.50
2012/11/13;6.76;6.79;6.60;6.61;556392;5838735.00
2012/11/14;6.68;6.70;6.61;6.69;321365;3366765.25
2012/11/15;6.68;6.68;6.57;6.58;302914;3156643.25
2012/11/16;6.58;6.60;6.36;6.42;878028;8890989.00
2012/11/19;6.41;6.42;6.25;6.35;659613;6574450.50
2012/11/20;6.35;6.41;6.29;6.29;431241;4318680.50
2012/11/21;6.33;6.36;6.23;6.35;463406;4619330.50
2012/11/22;6.35;6.37;6.29;6.33;722322;7220298.50
2012/11/23;6.40;6.49;6.37;6.41;808263;8195809.50
2012/11/26;6.37;6.39;6.24;6.25;494776;4911723.00
2012/11/27;6.25;6.25;5.87;5.97;809884;7694835.50
2012/11/28;5.87;5.93;5.51;5.59;1312869;11849752.00
2012/11/29;5.59;5.64;5.40;5.59;613181;5436316.00
2012/11/30;5.58;5.63;5.54;5.62;341716;3042516.25
2012/12/03;5.62;5.63;5.23;5.23;489410;4227970.50
2012/12/04;5.25;5.37;5.06;5.34;957751;7986091.00
2012/12/05;5.33;5.63;5.29;5.53;1058061;9280035.00
2012/12/06;5.57;5.58;5.47;5.51;555142;4866347.00
2012/12/07;5.51;5.79;5.47;5.65;1094606;9799796.00
2012/12/10;5.65;5.80;5.60;5.73;1330462;12085089.00
2012/12/11;5.72;5.72;5.62;5.65;792075;7135816.00
2012/12/12;5.67;5.70;5.54;5.61;518475;4624039.50
2012/12/13;5.60;5.67;5.53;5.53;619318;5506539.50
2012/12/14;5.53;5.77;5.50;5.75;1874785;16938192.00
2012/12/17;5.77;5.79;5.72;5.77;1764342;16098771.00
2012/12/18;5.77;5.90;5.75;5.77;1702542;15738806.00
2012/12/19;5.77;5.91;5.77;5.84;886859;8210286.00
2012/12/20;5.81;5.83;5.73;5.77;1084889;9919279.00
2012/12/21;5.77;5.83;5.73;5.79;1280439;11751753.00
2012/12/24;5.79;5.97;5.76;5.85;1499807;13936202.00
2012/12/25;5.83;6.05;5.82;6.01;2165034;20489906.00
2012/12/26;6.02;6.06;5.96;6.06;2011412;19144144.00
2012/12/27;6.05;6.12;6.01;6.07;2027449;19433718.00
2012/12/28;6.03;6.14;6.01;6.11;1710944;16469481.00
2012/12/31;6.11;6.27;6.09;6.23;1734637;16933106.00
2013/01/04;6.27;6.33;6.05;6.09;1623327;15737265.00
2013/01/07;6.08;6.23;6.08;6.15;1677796;16320913.00
2013/01/08;6.14;6.40;6.11;6.33;2620662;25978212.00
2013/01/09;6.33;6.35;6.20;6.25;1804116;17900152.00
2013/01/10;6.25;6.30;6.17;6.25;1729223;17004214.00
2013/01/11;6.25;6.31;6.15;6.16;1958445;19294652.00
2013/01/14;6.11;6.53;6.11;6.48;3766769;38097188.00
2013/01/15;6.47;6.77;6.45;6.67;3552996;37186960.00
2013/01/16;6.68;6.72;6.43;6.54;3138819;32371786.00
2013/01/17;6.53;6.60;6.41;6.50;2030036;20811352.00
2013/01/18;6.49;6.65;6.43;6.60;2491748;25662488.00
2013/01/21;6.60;6.68;6.53;6.67;1789179;18600316.00
2013/01/22;6.67;6.67;6.46;6.48;1598899;16471364.00
2013/01/23;6.47;6.54;6.35;6.47;1167077;11845324.00
2013/01/24;6.47;6.59;6.38;6.39;2022156;20707186.00
2013/01/25;6.37;6.48;6.37;6.47;833500;8437670.00
2013/01/28;6.45;6.57;6.45;6.57;1443675;14845523.00
2013/01/29;6.65;6.65;6.53;6.56;1471672;15233597.00
2013/01/30;6.53;6.58;6.47;6.53;1596747;16421920.00
2013/01/31;6.53;6.82;6.49;6.79;3861565;40777156.00
2013/02/01;6.75;6.85;6.67;6.80;2509221;26803974.00
2013/02/04;6.80;6.84;6.57;6.63;1545905;16239653.00
2013/02/05;6.59;6.66;6.59;6.65;1977218;20634120.00
2013/02/06;6.65;6.75;6.61;6.73;2028884;21332302.00
2013/02/07;6.73;6.79;6.47;6.60;6096684;63535976.00
2013/02/08;6.60;7.13;6.53;7.03;7686006;83362040.00
2013/02/18;7.07;7.25;6.98;7.09;5467676;61062104.00
2013/02/19;7.09;7.37;7.03;7.24;6919524;78256392.00
2013/02/20;7.13;7.88;7.13;7.85;11594023;138052400.00
2013/02/21;7.85;8.15;7.65;7.66;11239068;139129184.00
2013/02/22;7.64;7.83;7.49;7.51;5004918;59567016.00
2013/02/25;7.47;7.87;7.47;7.77;5831478;70381816.00
2013/02/26;7.74;7.89;7.53;7.54;5486128;66225000.00
2013/02/27;7.60;7.71;7.23;7.27;4435121;51479248.00
2013/02/28;7.28;7.40;7.18;7.36;4071773;46555692.00
2013/03/01;7.36;7.73;7.27;7.71;9537194;113582264.00
2013/03/04;7.72;8.18;7.72;8.15;15329207;191263952.00
2013/03/05;8.18;8.35;7.97;8.33;11728823;150316544.00
2013/03/06;8.35;8.45;8.07;8.27;7683160;99067528.00
2013/03/07;8.25;8.29;7.91;7.99;7123313;89427952.00
2013/03/08;8.05;8.11;7.80;7.87;5860132;73064360.00
2013/03/11;7.87;8.02;7.80;7.93;3006268;37219716.00
2013/03/12;7.93;7.99;7.49;7.52;4569004;54670936.00
2013/03/13;7.51;7.56;7.30;7.41;3633299;41963348.00
2013/03/14;7.40;7.57;7.35;7.45;2160315;25231476.00
2013/03/15;7.40;7.90;7.40;7.81;4287247;51915636.00
2013/03/18;7.79;7.99;7.75;7.87;4111604;50717464.00
2013/03/19;7.85;7.95;7.72;7.88;3536104;43433700.00
2013/03/20;7.93;8.07;7.83;8.05;3325107;41253376.00
2013/03/21;8.05;8.14;7.93;8.05;2174915;27326684.00
2013/03/22;8.05;8.06;7.87;7.95;1230922;15265896.00
2013/03/25;7.95;7.97;7.72;7.79;2353370;28663686.00
2013/03/26;7.73;8.09;7.68;8.05;2284362;28037416.00
2013/03/27;8.11;8.17;7.98;8.06;1830082;23080546.00
2013/03/28;8.01;8.05;7.77;7.90;1601748;19836552.00
2013/03/29;7.90;8.00;7.81;7.95;1685472;20784850.00
2013/04/01;7.90;8.08;7.81;7.93;2329730;28911390.00
2013/04/02;7.90;7.97;7.47;7.47;3543608;42672984.00
2013/04/03;7.47;7.60;7.24;7.35;2859772;33275072.00
2013/04/08;7.33;7.56;7.00;7.53;1756513;20319274.00
2013/04/09;7.53;7.55;7.35;7.38;1028069;11957759.00
2013/04/10;7.37;7.47;7.24;7.30;1775188;20319356.00
2013/04/11;7.30;7.37;7.21;7.23;607657;6911691.50
2013/04/12;7.31;7.31;7.13;7.14;759285;8546959.00
2013/04/15;7.13;7.19;7.03;7.07;827200;9202699.00
2013/04/16;7.07;7.10;6.90;7.08;1441348;15823501.00
2013/04/17;7.08;7.10;6.90;7.07;2922432;32067048.00
2013/04/18;7.07;7.07;6.93;7.03;2880315;31654708.00
2013/04/19;7.03;7.44;7.01;7.34;2964670;33755952.00
2013/04/22;7.28;7.55;7.27;7.48;2383458;27914052.00
2013/04/23;7.48;7.48;7.00;7.28;1723359;19688604.00
2013/04/24;7.27;7.44;7.26;7.33;1986312;22876910.00
2013/04/25;7.34;7.82;7.27;7.69;6966842;83759424.00
2013/04/26;7.67;7.75;7.45;7.45;3167832;37521544.00
2013/05/02;7.47;7.73;7.23;7.72;4616665;53685968.00
2013/05/03;7.69;7.88;7.65;7.81;2604895;31720268.00
2013/05/06;7.83;7.88;7.71;7.87;2614810;31936716.00
2013/05/07;7.83;7.85;7.73;7.77;1704626;20731440.00
2013/05/08;7.69;7.91;7.69;7.80;2790777;34203132.00
2013/05/09;7.77;7.95;7.69;7.79;2325827;28447344.00
2013/05/10;7.79;7.82;7.64;7.79;2649235;32042180.00
2013/05/13;7.79;7.83;7.60;7.78;1540190;18581888.00
2013/05/14;7.78;7.78;7.61;7.62;1494778;17928396.00
2013/05/15;7.63;7.92;7.60;7.80;2943785;35823112.00
2013/05/16;7.79;8.04;7.75;7.95;3031363;37525948.00
2013/05/17;8.03;8.07;7.92;7.99;2560290;31990114.00
2013/05/20;8.01;8.26;7.78;8.21;6143880;77048560.00
2013/05/21;8.13;8.59;8.12;8.44;6254848;82178872.00
2013/05/22;8.42;8.49;8.27;8.36;2977679;38920620.00
2013/05/23;8.36;8.53;8.27;8.31;2693715;35281940.00
2013/05/24;8.22;8.43;8.16;8.33;1851830;23923564.00
2013/05/27;8.27;8.38;8.23;8.37;1655132;21446124.00
2013/05/28;8.37;8.63;8.26;8.59;3847583;50992880.00
2013/05/29;8.61;8.68;8.47;8.59;1940292;25909784.00
2013/05/30;8.47;8.84;8.47;8.76;2306414;31315038.00
2013/05/31;8.86;8.86;8.62;8.62;2739899;37292956.00
2013/06/03;8.67;8.67;8.39;8.49;2292304;30384152.00
2013/06/04;8.47;8.47;8.17;8.25;2540404;32868164.00
2013/06/05;8.33;8.45;8.23;8.33;1281169;16402041.00
2013/06/06;8.26;8.40;7.80;8.01;2852387;35624460.00
2013/06/07;8.01;8.12;7.89;8.05;1604833;19700698.00
2013/06/13;7.92;8.00;7.60;7.89;1943778;23512056.00
2013/06/14;7.86;8.10;7.86;8.08;1429385;17611916.00
2013/06/17;8.07;8.32;8.04;8.19;1583728;19854562.00
2013/06/18;8.19;8.30;8.07;8.13;1322854;16620639.00
2013/06/19;8.16;8.19;8.00;8.07;928571;11517171.00
2013/06/20;8.05;8.05;7.71;7.85;1377158;16708515.00
2013/06/21;7.71;7.93;7.53;7.92;1491080;17773914.00
2013/06/24;7.89;7.89;7.34;7.55;1192939;13990353.00
2013/06/25;7.53;7.63;6.87;7.45;2287676;25530688.00
2013/06/26;7.34;7.80;7.17;7.67;1687713;19626620.00
2013/06/27;7.75;7.83;7.45;7.47;1327913;15578739.00
2013/06/28;7.41;7.63;7.37;7.57;558187;6439272.50
2013/07/01;7.44;7.85;7.44;7.78;996139;11787394.00
2013/07/02;7.79;8.17;7.79;8.13;2530810;31427730.00
2013/07/03;8.24;8.30;7.97;8.28;1776816;22262062.00
2013/07/04;8.37;8.53;8.28;8.50;3545379;45853752.00
2013/07/05;8.47;8.52;8.25;8.39;2560614;33058198.00
2013/07/08;8.31;8.40;8.07;8.07;1626666;20542868.00
2013/07/09;8.07;8.31;8.04;8.25;1057330;13270677.00
2013/07/10;8.26;8.50;8.20;8.47;2361969;30531932.00
2013/07/11;8.42;8.60;8.38;8.47;2179332;28481578.00
2013/07/12;8.40;8.55;8.23;8.42;2532249;32663432.00
2013/07/15;8.42;8.67;8.33;8.63;2933504;38618848.00
2013/07/16;8.65;8.65;8.37;8.53;2722612;35430616.00
2013/07/17;8.55;8.72;8.42;8.49;2139632;28183334.00
2013/07/18;8.49;8.53;8.39;8.49;1765183;22906018.00
2013/07/19;8.48;8.59;8.29;8.30;1140413;14749842.00
2013/07/22;8.30;8.47;8.21;8.47;1216710;15692239.00
2013/07/23;8.55;8.56;8.45;8.55;1892711;24736436.00
2013/07/24;8.57;8.89;8.47;8.87;5829733;78302568.00
2013/07/25;8.91;8.92;8.61;8.77;3080082;41497280.00
2013/07/26;8.73;8.91;8.55;8.79;2087641;27918770.00
2013/07/29;8.74;8.75;8.39;8.47;1511328;19787976.00
2013/07/30;8.57;8.57;8.24;8.47;977006;12596551.00
2013/07/31;8.47;8.60;8.40;8.42;897820;11731249.00
2013/08/01;8.41;8.63;8.41;8.61;1128175;14854604.00
2013/08/02;8.65;8.87;8.61;8.70;2223062;29942440.00
2013/08/05;8.69;8.90;8.59;8.87;1740302;23478846.00
2013/08/06;8.86;8.91;8.73;8.83;2143018;29107132.00
2013/08/07;8.83;8.88;8.62;8.77;1242224;16640264.00
2013/08/08;8.67;8.81;8.63;8.76;1125242;15057130.00
2013/08/09;8.76;9.11;8.67;9.00;3935048;54157420.00
2013/08/12;9.06;9.11;8.79;8.97;2888182;39489028.00
2013/08/13;8.94;8.94;8.74;8.88;1979883;26796800.00
2013/08/14;8.87;9.00;8.71;8.81;2051135;27736196.00
2013/08/15;8.89;8.91;8.73;8.82;1982586;26833472.00
2013/08/16;8.77;8.87;8.27;8.47;2528507;33272214.00
2013/08/19;8.45;8.57;8.35;8.55;1283771;16701946.00
2013/08/20;8.53;8.62;8.28;8.33;1588164;20486798.00
2013/08/21;8.42;8.42;8.12;8.23;1804001;22721860.00
2013/08/22;8.27;8.39;8.17;8.33;1029556;13159471.00
2013/08/23;8.37;8.42;8.24;8.37;848732;10861731.00
2013/08/26;8.45;8.55;8.31;8.43;1407284;18136224.00
2013/08/27;8.43;8.55;8.40;8.53;2255458;29386214.00
2013/08/28;8.47;8.47;8.10;8.17;3106996;39215392.00
2013/08/29;8.17;8.24;8.12;8.18;857260;10792882.00
2013/08/30;8.20;8.53;8.11;8.47;2559444;32544816.00
2013/09/02;8.50;8.55;8.39;8.49;1526739;19850586.00
2013/09/03;8.49;8.88;8.40;8.75;3142415;42012976.00
2013/09/04;8.70;8.79;8.60;8.71;1133379;15088354.00
2013/09/05;8.77;8.90;8.69;8.83;1720860;23195524.00
2013/09/06;8.81;8.81;8.61;8.64;1815426;24239370.00
2013/09/09;8.63;8.77;8.46;8.53;1567969;20492936.00
2013/09/10;8.54;8.65;8.46;8.55;1159825;15225807.00
2013/09/11;8.53;8.65;8.37;8.41;2203716;28627926.00
2013/09/12;8.33;8.47;8.30;8.39;1261562;16248186.00
2013/09/13;8.35;8.40;8.23;8.32;1186515;15132373.00
2013/09/16;8.41;8.58;8.35;8.56;1481645;19346972.00
2013/09/17;8.51;8.51;8.33;8.36;705584;9131676.00
2013/09/18;8.35;8.43;8.33;8.40;645213;8291178.00
2013/09/23;8.31;8.57;8.31;8.50;1878543;24381208.00
2013/09/24;8.52;8.53;8.25;8.37;1298684;16683778.00
2013/09/25;8.38;8.42;8.27;8.31;1190671;15210347.00
2013/09/26;8.32;8.40;8.26;8.34;1435608;18352652.00
2013/09/27;8.39;8.53;8.30;8.46;1478666;19161126.00
2013/09/30;8.44;8.57;8.39;8.52;1362376;17745800.00
2013/10/08;8.52;8.57;8.38;8.52;2331069;30396832.00
2013/10/09;8.47;8.70;8.44;8.67;1879627;24851450.00
2013/10/10;8.65;8.83;8.56;8.66;2201798;29422844.00
2013/10/11;8.62;8.72;8.61;8.68;1699655;22579372.00
2013/10/14;8.68;8.93;8.60;8.92;3326760;44962768.00
2013/10/15;9.00;9.07;8.57;8.69;3596342;48374296.00
2013/10/16;8.66;8.66;8.45;8.52;1633538;21461388.00
2013/10/17;8.52;8.87;8.52;8.73;2098408;28192432.00
2013/10/18;8.71;8.90;8.68;8.73;1332507;17954306.00
2013/10/21;8.73;8.96;8.69;8.90;3419802;46518760.00
2013/10/22;8.90;9.11;8.81;9.11;4234646;58468652.00
2013/10/23;9.13;9.39;8.95;8.99;6373189;90138160.00
2013/10/24;8.93;9.71;8.82;9.47;10399464;149853840.00
2013/10/25;9.43;9.79;9.19;9.47;7478784;109810880.00
2013/10/28;9.47;9.55;9.01;9.26;3669803;51999992.00
2013/10/29;9.13;9.29;8.31;8.53;6833815;91849888.00
2013/10/30;8.52;8.71;8.32;8.47;3398622;44350360.00
2013/10/31;8.47;8.62;8.43;8.53;1870097;24417108.00
2013/11/01;8.47;8.53;8.37;8.39;1485546;19230678.00
2013/11/04;8.39;8.60;8.39;8.59;1272594;16658952.00
2013/11/05;8.58;8.87;8.52;8.79;1867367;24902596.00
2013/11/06;8.69;8.78;8.45;8.47;2444279;32095628.00
2013/11/07;8.41;8.50;8.14;8.26;2880232;36801028.00
2013/11/08;8.37;8.40;8.13;8.31;1327481;16824180.00
2013/11/11;8.35;8.35;8.20;8.28;1021789;12950082.00
2013/11/12;8.28;8.28;7.95;8.08;2129210;26664056.00
2013/11/13;8.07;8.20;7.96;8.05;898211;11162588.00
2013/11/14;8.05;8.31;8.01;8.29;956950;12071055.00
2013/11/15;8.25;8.47;8.22;8.38;1300377;16743484.00
2013/11/18;8.40;8.63;8.38;8.58;1600195;20822882.00
2013/11/19;8.58;8.71;8.47;8.53;1588772;20960840.00
2013/11/20;8.54;8.59;8.44;8.53;1024117;13333077.00
2013/11/21;8.53;8.53;8.35;8.39;1354732;17447720.00
2013/11/22;8.39;8.46;8.32;8.43;1114669;14327640.00
2013/11/25;8.45;8.45;8.07;8.45;983511;12654284.00
2013/11/26;8.43;8.65;8.37;8.63;2050505;26944164.00
2013/11/27;8.69;8.69;8.56;8.61;1266474;16791830.00
2013/11/28;8.67;8.67;8.53;8.58;1250160;16524986.00
2013/11/29;8.55;8.72;8.55;8.69;2438716;32424642.00
2013/12/02;8.43;8.68;8.25;8.30;2153134;27935062.00
2013/12/03;8.28;8.54;8.20;8.52;968653;12525805.00
2013/12/04;8.57;8.62;8.47;8.53;1546930;20298280.00
2013/12/05;8.53;8.54;8.39;8.51;1910236;24755742.00
2013/12/06;8.48;8.60;8.40;8.51;1072030;14023083.00
2013/12/09;8.45;8.61;8.44;8.55;1060680;13869671.00
2013/12/10;8.59;8.85;8.57;8.75;3358744;45027152.00
2013/12/11;8.73;9.08;8.63;9.03;6451277;88826792.00
2013/12/12;9.07;9.17;8.91;9.06;2750161;38186144.00
2013/12/13;9.09;9.13;8.94;8.97;1986881;27496950.00
2013/12/16;8.97;9.26;8.94;9.13;4455194;62257472.00
2013/12/17;9.07;9.15;8.87;8.90;1533022;21199682.00
2013/12/18;8.90;9.03;8.87;8.93;1467156;20131784.00
2013/12/19;8.95;9.05;8.92;8.94;1615898;22275024.00
2013/12/20;8.92;9.07;8.67;8.75;1089204;14757823.00
2013/12/23;8.67;8.95;8.60;8.95;2157148;29159990.00
2013/12/24;9.03;9.07;8.85;8.95;2074828;28374664.00
2013/12/25;8.93;9.13;8.88;9.13;1902892;26326894.00
2013/12/26;9.12;9.21;9.04;9.15;2299160;32199934.00
2013/12/27;9.13;9.31;9.13;9.19;2347671;33242590.00
2013/12/30;9.15;9.22;8.99;9.09;1671036;23209598.00
2013/12/31;8.98;9.27;8.98;9.17;2682774;37692132.00
2014/01/02;9.17;9.25;9.08;9.25;2103658;29730646.00
2014/01/03;9.25;9.53;9.17;9.45;5173898;74405536.00
2014/01/06;9.46;9.50;8.53;8.87;4323360;60222928.00
2014/01/07;8.87;9.03;8.65;8.97;1953604;26762424.00
2014/01/08;8.88;9.09;8.87;8.99;1232593;16992854.00
2014/01/09;8.93;9.02;8.53;8.63;1769834;23872982.00
2014/01/10;8.60;8.95;8.54;8.79;2192705;29445038.00
2014/01/13;8.79;8.92;8.67;8.84;1426732;19330846.00
2014/01/14;8.84;8.89;8.67;8.87;778266;10506806.00
2014/01/15;8.92;8.93;8.80;8.85;1042299;14153222.00
2014/01/16;8.91;8.97;8.71;8.73;1504070;20322370.00
2014/01/17;8.67;8.85;8.59;8.60;1710819;22668704.00
2014/01/20;8.57;8.63;8.37;8.40;848650;11013132.00
2014/01/21;8.45;8.47;8.23;8.37;2133192;27240176.00
2014/01/22;8.29;8.59;8.29;8.59;1048357;13746824.00
2014/01/23;8.59;8.70;8.56;8.65;1432695;18972002.00
2014/01/24;8.57;8.81;8.57;8.73;1382424;18443770.00
2014/01/27;8.70;8.79;8.67;8.73;1240754;16631071.00
2014/01/28;8.64;8.79;8.58;8.59;869562;11518247.00
2014/01/29;8.58;8.73;8.52;8.68;785306;10408847.00
2014/01/30;8.71;8.91;8.61;8.77;914384;12318869.00
2014/02/07;8.77;8.86;8.61;8.77;2222104;29719366.00
2014/02/10;8.73;9.17;8.68;9.11;5435603;74103008.00
2014/02/11;9.01;9.13;8.90;9.07;4002270;55396816.00
2014/02/12;9.10;9.25;8.97;9.20;4653270;64982240.00
2014/02/13;9.16;9.77;9.08;9.45;9801209;142339472.00
2014/02/14;9.45;9.69;9.39;9.61;6765438;99051864.00
2014/02/17;9.61;9.91;9.43;9.63;9546502;142084720.00
2014/02/18;9.61;9.90;9.50;9.66;10593451;157978896.00
2014/02/19;9.67;9.80;9.46;9.52;5658431;83153408.00
2014/02/20;9.54;9.65;9.12;9.27;6169546;87904872.00
2014/02/21;9.34;9.41;9.04;9.27;4174991;59011348.00
2014/02/24;9.27;10.13;9.14;9.93;11771816;176032368.00
2014/02/25;9.87;10.25;9.31;9.47;10837886;163754784.00
2014/02/26;9.37;9.82;9.01;9.79;10438196;148254000.00
2014/02/27;9.67;10.19;9.65;10.02;13174594;202324768.00
2014/02/28;9.87;10.12;9.63;10.02;7594623;115479336.00
2014/03/03;10.03;10.34;9.93;9.99;5653160;87612128.00
2014/03/04;9.87;10.06;9.71;9.81;6258814;94083672.00
2014/03/05;9.82;9.88;9.59;9.67;4017065;59692308.00
2014/03/06;9.67;9.93;9.59;9.82;3516406;52737380.00
2014/03/07;9.81;9.92;9.67;9.74;4431461;66454888.00
2014/03/10;9.59;9.71;9.27;9.33;4172985;60402744.00
2014/03/11;9.32;9.53;9.27;9.44;2025407;29255668.00
2014/03/12;9.41;9.55;9.17;9.37;1325664;18947060.00
2014/03/13;9.46;9.62;9.37;9.46;1947659;28359476.00
2014/03/14;9.46;9.51;9.31;9.41;1010252;14557392.00
2014/03/17;9.41;9.73;9.23;9.59;3062466;44460172.00
2014/03/18;9.59;9.63;9.41;9.44;3628295;52904492.00
2014/03/19;9.42;9.42;9.22;9.25;2771689;39515552.00
2014/03/20;9.26;9.40;9.21;9.21;1577457;22473678.00
2014/03/21;9.21;9.29;8.97;9.27;2433645;33968292.00
2014/03/24;9.27;9.41;9.21;9.27;2476167;35346956.00
2014/03/25;9.24;9.33;9.21;9.31;1494359;21241902.00
2014/03/26;9.33;9.44;9.30;9.33;1192811;17091686.00
2014/03/27;9.39;9.39;9.00;9.07;2483328;35000960.00
2014/03/28;9.06;9.20;8.87;8.92;1935232;26667638.00
2014/03/31;8.89;9.07;8.88;9.00;1981736;27216836.00
2014/04/01;8.95;9.05;8.94;9.01;879909;12129183.00
2014/04/02;9.05;9.08;8.92;9.03;977167;13515074.00
2014/04/03;9.03;9.09;8.96;9.05;625224;8645529.00
2014/04/04;8.97;9.09;8.97;9.08;628262;8699415.00
2014/04/08;9.08;9.24;9.03;9.21;1420346;19910972.00
2014/04/09;9.23;9.33;9.15;9.27;776446;10998391.00
2014/04/10;9.26;9.28;9.15;9.17;1574946;22180558.00
2014/04/11;9.16;9.26;9.07;9.17;924089;13001267.00
2014/04/14;9.16;9.32;9.16;9.27;1363069;19322842.00
2014/04/15;9.27;9.27;9.10;9.16;892549;12560873.00
2014/04/16;9.16;9.21;8.93;9.12;1946774;26983294.00
2014/04/17;9.09;9.09;8.92;8.96;1211130;16670264.00
2014/04/18;8.90;9.03;8.85;9.02;1588961;21797432.00
2014/04/21;8.97;8.97;8.73;8.83;1475821;20138328.00
2014/04/22;8.76;8.92;8.62;8.79;1620589;21657018.00
2014/04/23;8.79;8.79;8.41;8.47;2288902;30024324.00
2014/04/24;8.53;8.53;8.30;8.48;1197175;15504361.00
2014/04/25;8.47;8.47;8.28;8.40;1405450;18115748.00
2014/04/28;8.45;8.45;7.81;7.91;1322108;16362006.00
2014/04/29;7.87;8.05;7.87;7.91;1451045;17710730.00
2014/04/30;7.93;8.00;7.54;7.70;3779984;44844256.00
2014/05/05;7.67;7.79;7.64;7.72;1781715;21154296.00
2014/05/06;7.72;7.95;7.71;7.91;1495511;18060740.00
2014/05/07;7.93;7.93;7.65;7.65;1711118;20379352.00
2014/05/08;7.60;7.77;7.60;7.69;1000751;7923678.50
2014/05/09;7.68;7.71;7.38;7.69;2119775;16430427.00
2014/05/12;7.76;7.77;7.61;7.72;1812482;14312712.00
2014/05/13;7.73;7.77;7.66;7.69;845148;6678251.50
2014/05/14;7.72;7.72;7.48;7.70;1117543;8767838.00
2014/05/15;7.70;7.72;7.47;7.57;1785419;13849905.00
2014/05/16;7.54;7.57;7.46;7.50;681745;5242248.50
2014/05/19;7.53;7.59;7.45;7.54;738720;5692423.50
2014/05/20;7.58;7.92;7.55;7.82;2354806;18679288.00
2014/05/21;7.81;7.81;7.62;7.75;2314450;18288286.00
2014/05/22;7.75;7.90;7.66;7.79;3162484;25175924.00
2014/05/23;7.80;7.83;7.64;7.80;2953598;23421662.00
2014/05/26;7.80;7.92;7.74;7.90;2977728;23989036.00
2014/05/27;7.87;8.17;7.85;8.10;6010207;49640376.00
2014/05/28;8.05;8.10;7.93;8.07;3204469;26290794.00
2014/05/29;8.07;8.13;7.92;7.95;2555343;20955452.00
2014/05/30;7.93;8.00;7.88;7.92;1205704;9821559.00
2014/06/03;7.92;7.93;7.79;7.80;1205083;9708802.00
2014/06/04;7.79;7.85;7.66;7.77;1286049;10206806.00
2014/06/05;7.76;7.90;7.70;7.86;1007378;8100739.00
2014/06/06;7.89;7.89;7.69;7.70;1954806;15582591.00
2014/06/09;7.72;7.84;7.70;7.80;833027;6645544.50
2014/06/10;7.81;7.84;7.58;7.76;1892979;14951672.00
2014/06/11;7.72;7.84;7.71;7.81;1439622;11483531.00
2014/06/12;7.84;7.95;7.80;7.89;1748795;14122980.00
2014/06/13;7.90;7.93;7.83;7.91;2060795;16685543.00
2014/06/16;7.93;7.95;7.86;7.89;2016472;16321362.00
2014/06/17;7.90;7.90;7.75;7.76;1312198;10483116.00
2014/06/18;7.79;7.79;7.51;7.63;2662983;20753768.00
2014/06/19;7.63;7.66;7.42;7.62;2834178;21951808.00
2014/06/20;7.62;7.62;7.49;7.55;1021850;7901017.00
2014/06/23;7.55;7.59;7.38;7.43;2227044;17091184.00
2014/06/24;7.46;7.61;7.35;7.55;2505377;19266726.00
2014/06/25;7.55;7.70;7.49;7.67;1857131;14519308.00
2014/06/26;7.70;7.79;7.56;7.70;3900825;30639946.00
2014/06/27;7.68;7.72;7.57;7.69;2323097;18211324.00
2014/06/30;7.85;7.85;7.67;7.76;2025422;16108044.00
2014/07/01;7.82;7.96;7.81;7.91;2708026;21910292.00
2014/07/02;7.90;7.90;7.79;7.87;2181101;17525464.00
2014/07/03;7.86;8.01;7.70;8.00;4952145;40369980.00
2014/07/04;8.21;8.82;8.21;8.82;26673966;237980592.00
2014/07/07;8.74;9.61;8.60;9.20;30547295;285304896.00
2014/07/08;9.15;9.31;8.91;9.10;15023225;139345776.00
2014/07/09;8.99;9.20;8.90;9.08;12449697;115211728.00
2014/07/10;9.10;9.10;8.62;8.82;11288571;101757432.00
2014/07/11;8.82;8.90;8.65;8.69;7058486;63234676.00
2014/07/14;8.66;9.06;8.66;9.00;8575159;78139880.00
2014/07/15;8.98;9.18;8.84;8.89;7064565;65150384.00
2014/07/16;8.82;9.02;8.77;8.81;3225159;29304958.00
2014/07/17;8.82;8.97;8.44;8.51;5620450;49765880.00
2014/07/18;8.53;8.58;8.42;8.56;3953028;34503148.00
2014/07/21;8.56;8.61;8.24;8.35;4912670;41934036.00
2014/07/22;8.40;8.63;8.37;8.54;3804247;33192576.00
2014/07/23;8.51;8.76;8.51;8.62;4355331;38536712.00
2014/07/24;8.75;8.92;8.55;8.56;4372211;39033360.00
2014/07/25;8.57;8.67;8.41;8.63;3295892;28714986.00
2014/07/28;8.60;8.70;8.48;8.63;6405139;56314272.00
2014/07/29;8.63;8.88;8.50;8.87;9040276;80698360.00
2014/07/30;8.83;9.10;8.78;8.95;6190975;56681824.00
2014/07/31;9.09;9.09;8.85;8.91;3967749;36254100.00
2014/08/01;8.86;9.35;8.79;8.92;11794849;109560000.00
2014/08/04;8.97;9.44;8.97;9.44;16388148;155425568.00
2014/08/05;9.47;10.05;9.40;9.70;27603539;275794400.00
2014/08/06;9.60;10.01;9.50;9.80;15765725;158506464.00
2014/08/07;9.80;9.85;9.50;9.54;7588194;74645672.00
2014/08/08;9.59;9.69;9.37;9.49;7637465;73774672.00
2014/08/11;9.53;9.66;9.40;9.66;5835967;56810308.00
2014/08/12;9.66;9.84;9.50;9.67;6270817;61723544.00
2014/08/13;9.78;9.86;9.41;9.71;9385075;92437680.00
2014/08/14;9.87;10.70;9.87;10.21;20993272;220650800.00
2014/08/15;10.15;10.34;9.90;10.26;9874751;102012704.00
2014/08/18;10.36;10.40;10.05;10.16;8325559;86089832.00
2014/08/19;10.28;10.34;10.00;10.17;9124208;94012568.00
2014/08/20;10.09;10.10;9.86;9.97;11188141;113613480.00
2014/08/21;10.27;10.49;10.10;10.18;18225799;190893168.00
2014/08/22;10.18;10.46;10.18;10.44;17722538;187417392.00
2014/08/25;10.45;10.50;10.10;10.15;9428237;98170440.00
2014/08/26;10.15;10.15;9.77;9.88;9338617;94523896.00
2014/08/27;9.88;9.98;9.83;9.89;4754390;47999224.00
2014/08/28;9.87;9.88;9.45;9.55;8284347;81372392.00
2014/08/29;9.55;9.64;9.45;9.63;3906777;38030072.00
2014/09/01;9.63;9.76;9.63;9.76;6766581;67014288.00
2014/09/02;9.80;10.06;9.75;9.98;7992121;80872968.00
2014/09/03;9.98;10.61;9.98;10.50;21181038;225259584.00
2014/09/04;10.48;10.85;10.40;10.51;15148294;164324176.00
2014/09/05;10.56;11.10;10.38;11.01;19479323;214731808.00
2014/09/09;11.01;11.25;10.78;11.19;15131863;170000736.00
2014/09/10;11.18;11.30;10.96;11.00;8889771;100372880.00
2014/09/11;11.05;11.69;10.96;11.33;15757235;181958096.00
2014/09/12;11.31;11.48;11.19;11.38;7556357;87082912.00
2014/09/15;11.39;11.60;11.10;11.36;11466452;131612880.00
2014/09/16;11.30;11.42;10.20;10.30;24637226;270010464.00
2014/09/17;10.25;10.39;9.87;10.14;14586361;149850944.00
2014/09/18;10.17;10.46;10.03;10.42;11407360;119961776.00
2014/09/19;10.43;10.48;10.14;10.27;12149889;127312808.00
2014/09/22;10.28;10.30;9.80;9.95;13960025;142308976.00
2014/09/23;9.96;10.15;9.81;10.13;9002127;91991864.00
2014/09/24;10.08;10.35;10.03;10.27;8078966;84121168.00
2014/09/25;10.28;10.32;10.03;10.05;16348498;168393696.00
2014/09/26;10.02;10.24;9.92;10.17;11024421;113364728.00
2014/09/29;10.18;10.26;9.98;10.12;16963733;174391280.00
2014/09/30;10.17;10.78;10.16;10.78;26478057;282877568.00
2014/10/08;10.78;10.95;10.62;10.95;16287251;179718288.00
2014/10/09;10.95;10.96;10.53;10.70;16985348;185573552.00
2014/10/10;10.69;10.70;10.38;10.51;13161134;141304128.00
2014/10/13;10.52;10.78;10.37;10.78;12711684;137114000.00
2014/10/14;10.72;10.85;10.48;10.55;11269501;122446752.00
2014/10/15;10.62;10.97;10.46;10.83;17849410;196270000.00
2014/10/16;10.70;11.20;10.63;10.75;20702432;230549792.00
2014/10/17;10.65;10.76;10.13;10.30;12816987;135516560.00
2014/10/20;10.31;10.50;10.30;10.39;6928027;73245832.00
2014/10/21;10.38;10.39;10.18;10.20;5976105;62449220.00
2014/10/22;10.23;10.25;9.92;9.94;6440226;66307084.00
2014/10/23;9.96;10.12;9.71;9.79;5723545;57748792.00
2014/10/24;9.79;9.89;9.70;9.79;4218375;42115912.00
2014/10/27;9.81;10.09;9.76;9.95;4018964;40767624.00
2014/10/28;9.95;10.14;9.95;10.12;5033444;51575312.00
2014/10/29;10.09;10.24;10.01;10.16;6896915;71222864.00
2014/10/30;10.15;10.25;10.00;10.06;6392962;66117668.00
2014/10/31;10.15;10.22;9.92;10.08;5894836;60336264.00
2014/11/03;10.02;10.12;10.02;10.07;5607934;57603960.00
2014/11/04;10.06;10.24;9.96;10.23;8262905;85397648.00
2014/11/05;10.20;10.20;10.07;10.11;4575494;47263896.00
2014/11/06;10.09;10.15;9.97;10.12;4471457;45851732.00
2014/11/07;10.14;10.19;10.05;10.08;5226701;53966972.00
2014/11/10;10.08;10.12;9.90;9.98;5964769;60810000.00
2014/11/11;10.00;10.04;9.45;9.59;9363913;92910480.00
2014/11/12;9.55;9.90;9.50;9.77;4234355;41905188.00
2014/11/13;9.74;9.77;9.45;9.51;4124844;40269160.00
2014/11/14;9.51;9.64;9.40;9.64;3393281;32848442.00
2014/11/17;9.64;9.80;9.50;9.70;4172226;41091656.00
2014/11/18;9.67;9.85;9.62;9.75;3624206;36148636.00
2014/11/19;9.75;9.85;9.64;9.69;3409778;33837636.00
2014/11/20;9.67;9.67;9.49;9.54;4257368;41582112.00
2014/11/21;9.54;9.62;9.50;9.60;3935840;38450868.00
2014/11/24;9.64;9.79;9.63;9.69;5497737;54415408.00
2014/11/25;9.69;9.88;9.66;9.88;7956984;79527456.00
2014/11/26;9.88;9.92;9.75;9.89;6171379;62029120.00
2014/11/27;9.89;10.04;9.87;9.94;7071031;71818112.00
2014/11/28;9.98;10.04;9.88;9.96;6376092;64730648.00
2014/12/01;9.91;9.97;9.70;9.73;5480290;54732196.00
2014/12/02;9.73;10.00;9.70;9.94;6166879;62265092.00
2014/12/03;9.93;9.99;9.76;9.97;8158871;82179016.00
2014/12/04;9.99;10.22;9.99;10.20;12607315;130069848.00
2014/12/05;10.24;10.29;9.70;9.95;12114670;122905400.00
2014/12/29;10.30;10.97;10.00;10.97;57764657;635857152.00
2014/12/30;11.65;11.65;10.95;11.04;52701807;604933056.00
2014/12/31;10.77;11.02;10.57;10.70;22407705;244171472.00
2015/01/05;10.65;10.66;10.31;10.57;16746297;179199344.00
2015/01/06;10.51;11.15;10.43;11.03;24870387;275702464.00
2015/01/07;10.87;10.98;10.63;10.76;11306659;124037104.00
2015/01/08;10.76;10.88;10.46;10.47;10704023;116522408.00
2015/01/09;10.45;10.73;10.34;10.45;8240330;88543168.00
2015/01/12;10.42;10.68;10.30;10.49;8973563;96208088.00
2015/01/13;10.56;10.67;10.45;10.62;7629722;82281392.00
2015/01/14;10.61;10.88;10.36;10.63;12961025;141034608.00
2015/01/15;10.63;10.85;10.55;10.78;9386640;102724856.00
2015/01/16;10.72;10.91;10.66;10.85;10099175;111220768.00
2015/01/19;10.70;11.06;10.40;10.55;14170570;155837264.00
2015/01/20;10.53;11.13;10.53;11.03;15631011;174408512.00
2015/01/21;11.16;11.25;10.97;11.02;14755380;166697440.00
2015/01/22;11.01;11.44;11.00;11.34;14883146;170615744.00
2015/01/23;11.34;11.53;11.10;11.20;10829408;124125192.00
2015/01/26;11.20;11.50;11.06;11.27;10016462;114581168.00
2015/01/27;11.20;11.42;10.96;11.14;8976884;102069416.00
2015/01/28;11.15;11.17;10.91;11.01;5582504;62758932.00
2015/01/29;10.96;10.96;10.69;10.80;6834057;75369808.00
2015/01/30;10.88;11.02;10.74;10.81;6755376;75075328.00
2015/02/02;10.57;10.89;10.57;10.74;3285628;36033476.00
2015/02/03;10.76;10.88;10.71;10.83;5085281;55827360.00
2015/02/04;10.90;10.96;10.62;10.62;3871751;42604452.00
2015/02/05;10.66;10.90;10.58;10.82;6802687;74761944.00
2015/02/06;10.79;10.80;10.45;10.47;3859699;41749752.00
2015/02/09;10.47;10.59;10.14;10.30;5037649;52882476.00
2015/02/10;10.35;10.44;10.21;10.40;4072181;42814988.00
2015/02/11;10.40;10.59;10.25;10.28;4940834;52393720.00
2015/02/12;10.32;10.54;10.22;10.48;5868500;62380336.00
2015/02/13;10.50;10.93;10.50;10.80;9755705;107070360.00
2015/02/16;10.80;11.30;10.71;11.06;12301209;137797328.00
2015/02/17;11.12;11.35;10.95;11.08;6985048;79050544.00
2015/02/25;11.01;11.10;10.85;10.88;5128929;57024644.00
2015/02/26;10.88;10.95;10.79;10.93;5108235;56595488.00
2015/02/27;10.93;11.01;10.85;10.94;6412247;71280256.00
2015/03/02;10.98;11.38;10.83;11.27;13481650;153182592.00
2015/03/03;11.20;11.73;11.15;11.57;19255372;224301536.00
2015/03/04;11.40;11.98;11.37;11.93;16555414;197856144.00
2015/03/05;11.93;12.38;11.83;11.97;18157598;223207088.00
2015/03/06;11.97;12.09;11.47;11.80;15378651;183582272.00
2015/03/09;11.73;12.30;11.53;12.15;12338568;150800336.00
2015/03/10;12.10;12.40;11.95;12.09;9023062;112058928.00
2015/03/11;12.03;12.33;11.84;11.92;9583192;118242680.00
2015/03/12;11.85;12.13;11.69;11.78;9271789;111842760.00
2015/03/13;11.80;12.06;11.72;11.93;6878216;83394832.00
2015/03/16;11.98;13.14;11.96;12.99;22539443;290612896.00
2015/03/17;12.82;13.25;12.82;13.04;13739384;182054560.00
2015/03/18;13.04;13.13;12.73;12.99;10028752;131883544.00
2015/03/19;13.01;13.60;12.91;13.16;13565382;182795184.00
2015/03/20;13.16;13.48;12.99;13.27;11777365;158137360.00
2015/03/23;13.28;14.39;13.28;14.12;13378882;188589872.00
2015/03/24;14.18;14.49;13.47;14.37;14833639;211169584.00
2015/03/25;14.36;14.36;13.72;14.05;9983713;141309952.00
2015/03/26;13.97;13.97;13.48;13.64;8342579;115983968.00
2015/03/27;13.60;14.38;13.60;14.06;9251105;131700552.00
2015/03/30;15.29;15.49;14.94;15.49;30976976;485178944.00
2015/03/31;15.70;17.05;15.27;16.32;32908135;532687456.00
2015/04/01;16.70;17.30;16.25;16.75;27888033;473391328.00
2015/04/02;16.16;17.17;16.06;17.06;17958436;303364384.00
2015/04/03;16.95;17.74;16.62;17.50;16656595;291288576.00
2015/04/07;17.20;17.47;16.68;17.04;31500331;540138496.00
2015/04/08;17.03;17.03;16.05;16.26;18630542;310193088.00
2015/04/09;16.10;16.90;15.94;16.76;21427376;356399456.00
2015/04/10;16.55;17.49;16.23;17.29;18483846;320416704.00
2015/04/13;17.20;18.20;16.80;17.65;25350923;453594976.00
2015/04/14;17.60;17.90;17.20;17.71;15091782;269055680.00
2015/04/15;17.60;17.75;16.33;16.35;15499010;265862480.00
2015/04/16;16.10;18.01;15.62;17.76;25612603;454990176.00
2015/04/17;17.79;17.90;17.19;17.28;14654847;259034176.00
2015/04/20;16.93;17.20;16.08;16.55;16129330;271439648.00
2015/04/21;16.55;17.33;16.25;17.30;12665445;216292464.00
2015/04/22;17.50;18.88;17.39;18.61;20424680;377733504.00
2015/04/23;18.61;20.02;18.42;19.30;18411223;358366304.00
2015/04/24;18.80;19.08;18.55;18.69;14799317;280475488.00
2015/04/27;18.68;19.41;18.36;18.66;9469724;179360112.00
2015/04/28;18.55;18.63;17.18;17.70;19241524;344156672.00
2015/04/29;17.50;19.49;16.90;19.08;22936730;428375136.00
2015/04/30;19.09;20.49;18.70;18.71;23849827;472057376.00
2015/05/04;18.70;18.70;17.78;18.13;17524002;318488704.00
2015/05/05;18.13;18.17;17.34;17.54;12597271;224300144.00
2015/05/06;17.47;18.00;17.05;17.49;11299634;202241728.00
2015/05/07;17.40;17.40;16.20;16.48;13735219;230950880.00
2015/05/08;16.47;17.51;15.90;17.40;15993606;268137040.00
2015/05/11;17.45;18.28;17.12;18.15;14549791;264005056.00
2015/05/12;18.15;18.35;17.85;18.10;10297351;187997616.00
2015/05/13;17.99;18.66;17.52;18.50;16307745;296753792.00
2015/05/14;18.51;18.90;17.98;18.10;10805680;200271696.00
2015/05/15;17.93;18.05;17.08;17.76;9942514;175839296.00
2015/05/18;17.60;18.79;17.30;18.70;18829339;348884992.00
2015/05/19;18.95;20.58;18.95;20.58;34698426;697755968.00
2015/05/20;21.23;22.58;20.81;21.85;28302962;621502976.00
2015/05/21;21.93;24.05;21.91;24.05;21764878;505496480.00
2015/05/22;24.93;26.10;23.39;24.26;26477559;653233344.00
2015/05/25;23.90;25.70;22.50;24.29;26188362;633884672.00
2015/05/26;24.09;26.12;24.00;25.08;23616906;595888320.00
2015/05/27;25.12;25.70;24.30;24.52;17218914;428871392.00
2015/05/28;24.06;25.40;23.45;23.90;22644890;548194880.00
2015/05/29;23.80;24.81;22.90;24.40;14471592;349426816.00
2015/06/01;24.51;26.85;24.51;26.85;18031179;478836896.00
2015/06/02;28.05;29.54;26.90;29.27;21963807;619354496.00
2015/06/03;28.77;29.75;27.38;28.50;18057199;518166944.00
2015/06/04;28.50;28.55;25.64;27.17;17668873;473710528.00
2015/06/05;27.16;27.61;26.11;26.75;17828387;478802144.00
2015/06/08;26.68;26.70;24.82;25.62;15661677;403689408.00
2015/06/09;25.70;26.35;25.30;25.70;10787721;278341600.00
2015/06/10;25.82;26.98;25.15;26.41;16242631;430269504.00
2015/06/11;26.40;26.78;25.78;26.66;14077297;372274048.00
2015/06/12;26.67;28.90;26.47;27.26;17245426;477882304.00
2015/06/15;27.15;27.24;25.46;25.57;13937334;363621056.00
2015/06/16;25.28;25.29;23.10;23.92;13695167;330368576.00
2015/06/17;24.30;24.87;23.21;24.30;12949416;310940992.00
2015/06/18;24.35;24.36;22.87;22.96;10851524;258207440.00
2015/06/19;22.41;22.94;20.78;20.78;10242261;223896544.00
2015/06/23;20.93;21.90;18.72;21.88;12730295;263653648.00
2015/06/24;21.90;22.59;20.83;21.73;12946827;283156064.00
2015/06/25;21.78;22.20;20.80;21.08;11544353;249296112.00
2015/06/26;20.50;20.50;18.96;18.96;7495443;146093632.00
2015/06/29;19.05;19.53;17.05;17.05;12380669;216296208.00
2015/06/30;15.50;17.93;15.34;17.22;20185402;338730496.00
2015/07/01;17.24;17.76;15.49;15.49;21014865;356808480.00
2015/07/02;15.49;15.55;13.93;13.93;13912447;201431632.00
2015/07/03;12.55;14.60;12.53;12.53;22423655;292587648.00
2015/07/06;13.79;13.79;11.27;11.58;25863670;313022240.00
2015/07/07;10.90;11.21;10.41;10.41;13350709;141273072.00
2015/07/08;9.36;10.88;9.36;10.12;74107054;727436160.00
2015/07/09;9.70;11.14;9.70;11.14;21588186;236411056.00
2015/07/10;12.26;12.26;12.26;12.26;2404567;29720448.00
2015/07/13;13.50;13.50;13.27;13.50;14978464;203540144.00
2015/07/14;14.86;14.86;14.10;14.86;26575177;397051296.00
2015/07/15;14.90;14.90;13.36;13.36;28875925;406173312.00
2015/07/16;13.36;14.71;12.88;14.71;25106314;361036928.00
2015/07/17;15.00;16.10;14.82;15.79;21218946;329955136.00
2015/07/20;15.70;16.78;15.41;16.05;21089399;340761440.00
2015/07/21;15.47;16.29;15.20;15.84;15140972;242582528.00
2015/07/22;15.84;17.10;15.38;16.67;14410240;233678272.00
2015/07/23;16.51;17.38;16.39;16.96;13737364;232523552.00
2015/07/24;17.05;17.15;15.98;16.14;19050532;316988832.00
2015/07/27;15.77;15.89;14.52;14.52;15533231;238575936.00
2015/07/28;13.90;14.47;13.06;13.07;24559800;329260704.00
2015/07/29;13.57;14.04;12.23;14.00;21638408;284205600.00
2015/07/30;14.07;14.30;13.40;13.42;16422396;231584064.00
2015/07/31;13.14;13.44;12.37;12.84;14155862;185904304.00
2015/08/03;12.55;12.69;11.56;11.86;18264616;220103120.00
2015/08/04;11.90;13.06;11.90;13.06;17202600;219409088.00
2015/08/05;13.25;13.99;13.07;13.66;22780985;309449632.00
2015/08/06;13.12;14.29;13.12;13.88;18014535;250174592.00
2015/08/07;13.97;14.51;13.72;14.41;19398539;277685376.00
2015/08/10;14.90;15.84;14.78;15.35;25796992;396062848.00
2015/08/11;15.26;16.31;15.00;15.50;24446651;386914368.00
2015/08/12;15.20;15.77;14.81;14.86;15798264;242015008.00
2015/08/13;14.55;15.36;14.10;15.32;19832793;296499584.00
2015/08/14;15.54;16.23;15.35;15.46;23973023;381995392.00
2015/08/17;15.40;15.77;14.90;15.71;15628115;241732912.00
2015/08/18;15.69;15.75;14.13;14.13;22772187;341423232.00
2015/08/19;13.40;14.42;12.73;14.31;18523996;253043520.00
2015/08/20;13.92;14.20;13.36;13.51;16456916;227262592.00
2015/08/21;13.04;13.44;12.50;12.70;11951910;156191920.00
2015/08/24;11.90;12.10;11.42;11.42;21314288;246892640.00
2015/08/25;10.49;11.25;10.27;10.27;18116950;194767504.00
2015/08/26;10.48;11.18;9.90;10.49;20770026;221873648.00
2015/08/27;10.89;11.45;10.42;11.40;15672208;172209136.00
2015/08/28;11.63;12.30;11.32;12.30;17037263;202174192.00
2015/08/31;12.00;12.11;11.28;11.32;11352756;133872544.00
2015/09/01;11.40;11.47;10.18;10.18;10144988;109263984.00
2015/09/02;9.80;10.68;9.49;10.49;21167176;214441360.00
2015/09/07;10.64;11.15;9.93;10.15;19243568;205681920.00
2015/09/08;10.00;10.92;9.84;10.90;17567227;181960128.00
2015/09/09;11.15;11.53;10.80;11.12;51309626;571342528.00
2015/09/10;10.92;11.36;10.82;11.03;23184293;259648800.00
2015/09/11;11.00;11.18;10.65;10.94;16197547;178825184.00
2015/09/14;11.01;11.12;9.84;9.84;20036614;208008992.00
2015/09/15;9.51;10.10;9.41;9.51;15457333;151428368.00
2015/09/16;9.77;10.47;9.70;10.47;18022394;183499744.00
2015/09/17;10.40;10.85;10.17;10.19;19052139;203213024.00
2015/09/18;10.20;10.53;10.12;10.37;9112961;94926072.00
2015/09/21;10.13;10.92;10.08;10.92;14866515;159727216.00
2015/09/22;11.00;11.20;10.66;10.87;13048537;143980480.00
2015/09/23;10.65;10.85;10.51;10.66;10237748;110423456.00
2015/09/24;10.72;10.96;10.63;10.89;10186375;111253064.00
2015/09/25;10.81;11.03;10.32;10.52;10067644;108686592.00
2015/09/28;10.70;11.15;10.35;11.07;14561385;159638160.00
2015/09/29;10.71;12.04;10.66;11.70;32085678;374500864.00
2015/09/30;11.60;11.66;11.01;11.45;17406195;199032864.00
2015/10/08;11.90;12.40;11.75;12.27;21902416;267273296.00
2015/10/09;12.24;12.55;11.97;12.45;23985533;294779168.00
2015/10/12;12.43;13.68;12.40;13.40;23075018;307960192.00
2015/10/13;13.30;13.94;13.18;13.67;16228950;222858368.00
2015/10/14;13.40;13.72;13.10;13.18;11691159;156720192.00
2015/10/15;13.18;13.50;13.06;13.39;11940963;160190400.00
2015/10/16;13.51;13.64;12.79;13.32;15874594;211273952.00
2015/10/19;13.33;13.35;12.77;12.94;21962481;287109856.00
2015/10/20;12.99;13.33;12.93;13.29;21409375;282340480.00
2015/10/21;13.31;13.75;12.01;12.06;23745537;311725952.00
2015/10/22;11.98;12.67;11.98;12.55;17595729;219872768.00
2015/10/23;12.75;13.40;12.73;13.18;25527618;337249088.00
2015/10/26;13.43;13.49;12.78;13.31;26725981;353555392.00
2015/10/27;13.22;14.01;12.60;13.91;28760259;385769472.00
2015/10/28;13.80;14.22;13.41;13.42;23261690;322484992.00
2015/10/29;13.45;14.05;13.21;13.89;22023459;303725248.00
2015/10/30;13.90;14.60;13.48;14.45;31979457;456717792.00
2015/11/02;14.00;15.00;13.72;13.78;31376616;455351200.00
2015/11/03;13.75;13.88;13.24;13.41;15452358;210231792.00
2015/11/04;13.50;14.36;13.50;14.25;20686798;289778432.00
2015/11/05;14.16;14.50;13.86;14.14;21509209;307212960.00
2015/11/06;14.13;14.52;14.02;14.46;19124389;274916736.00
2015/11/09;14.30;14.89;13.90;14.56;22077479;318570304.00
2015/11/10;14.42;14.75;14.19;14.42;21917039;318792672.00
2015/11/11;14.35;15.27;14.16;15.04;26635829;395078048.00
2015/11/12;14.94;15.08;14.56;14.72;17381246;258945968.00
2015/11/13;14.40;14.55;13.90;14.05;17517143;249973568.00
2015/11/16;13.68;14.25;13.50;14.22;14161918;197601552.00
2015/11/17;14.22;14.62;14.02;14.06;15508678;222533792.00
2015/11/18;14.02;14.39;13.80;13.83;15424620;218431744.00
2015/11/19;13.89;14.20;13.71;14.15;12074789;169455744.00
2015/11/20;14.15;14.67;14.08;14.45;19860720;287998816.00
2015/11/23;14.37;14.78;14.10;14.18;17179534;250784560.00
2015/11/24;14.14;14.39;13.93;14.32;9552588;135995888.00
2015/11/25;14.34;15.02;14.30;14.86;24564918;363646240.00
2015/11/26;14.89;15.00;14.48;14.49;15177631;224201696.00
2015/11/27;14.50;14.65;13.15;13.38;18214556;256910816.00
2015/11/30;13.50;13.59;12.71;13.33;12240063;162234912.00
2015/12/01;13.40;13.61;13.20;13.38;8627969;116720200.00
2015/12/02;13.38;13.60;12.90;13.25;8736237;116220608.00
2015/12/03;13.35;13.59;13.29;13.51;8185990;110754840.00
2015/12/04;13.43;13.85;13.33;13.77;12754086;174343040.00
2015/12/07;13.77;13.93;13.57;13.74;12082532;167122944.00
2015/12/08;13.70;13.92;13.19;13.24;13334215;181722096.00
2015/12/09;13.12;13.45;12.99;13.38;13017929;172755328.00
2015/12/10;13.27;13.48;13.21;13.32;7374740;99158120.00
2015/12/11;13.34;13.55;13.27;13.51;8647298;117176568.00
2015/12/14;13.52;13.68;13.30;13.65;10455641;142425312.00
2015/12/15;13.66;14.65;13.65;14.40;28473456;407711904.00
2015/12/16;14.30;14.64;14.20;14.50;22733129;331252992.00
2015/12/17;14.51;14.80;14.49;14.73;22361639;329293792.00
2015/12/18;14.88;14.99;14.52;14.86;35610171;529588736.00
2015/12/21;14.68;15.65;14.53;15.33;34542769;520610048.00
2015/12/22;15.35;15.59;15.07;15.36;19693185;303834176.00
2015/12/23;15.29;15.74;14.92;14.96;22665266;350892512.00
2015/12/24;14.97;15.06;14.40;14.85;13393425;198429136.00
2015/12/25;14.80;15.60;14.80;15.60;17712384;273057248.00
2015/12/28;15.72;16.27;15.36;15.40;28356681;452864928.00
2015/12/29;15.26;15.53;14.90;15.49;13565106;207974432.00
2015/12/30;15.50;15.96;15.49;15.81;14852316;236052368.00
2015/12/31;15.86;15.90;15.05;15.05;14980481;232689344.00
2016/01/04;14.92;14.99;13.54;13.56;13731265;196711632.00
2016/01/05;12.60;13.35;12.37;12.93;20066076;261037888.00
2016/01/06;12.95;13.18;12.80;13.18;15606620;204257168.00
2016/01/07;12.85;12.95;11.85;11.85;4661700;57771108.00
2016/01/08;11.95;12.27;11.12;11.72;17196548;205254208.00
2016/01/11;11.41;11.51;10.54;10.55;14593490;162034144.00
2016/01/12;10.60;11.15;10.41;11.01;12923774;141487696.00
2016/01/13;11.05;11.30;10.59;10.60;8994244;99626392.00
2016/01/14;10.30;11.37;9.90;11.26;12200738;134006776.00
2016/01/15;11.16;11.38;10.56;10.69;9216958;102219024.00
2016/01/18;10.40;11.20;10.30;11.05;7703130;84954784.00
2016/01/19;11.00;11.55;10.91;11.50;10661833;121434432.00
2016/01/20;11.50;11.60;11.21;11.27;11950669;137346192.00
2016/01/21;11.10;11.88;10.60;10.69;23091970;263986976.00
2016/01/22;10.93;10.98;10.40;10.88;13221816;143204784.00
2016/01/25;11.02;11.16;10.78;10.96;8946125;99088296.00
2016/01/26;10.79;10.80;9.90;10.04;11545125;122025704.00
2016/01/27;10.15;10.26;9.50;9.97;11228835;112014504.00
2016/01/28;9.91;10.22;9.65;9.66;6294313;62902048.00
2016/01/29;9.67;10.17;9.65;10.09;6845690;69075272.00
2016/02/01;10.01;10.27;9.99;10.15;7804084;79805144.00
2016/02/02;10.20;10.58;10.16;10.51;6751703;71170256.00
2016/02/03;10.36;10.71;10.22;10.60;5567175;58925340.00
2016/02/04;10.63;10.86;10.56;10.72;7088629;76773280.00
2016/02/05;10.71;10.80;10.50;10.52;5929745;63791120.00
2016/02/15;10.12;10.87;10.05;10.83;7539479;81000216.00
2016/02/16;10.85;11.34;10.78;11.23;10642402;119636304.00
2016/02/17;11.15;11.29;10.94;11.27;8898791;100139008.00
2016/02/18;11.30;11.33;11.03;11.05;9052351;101800984.00
2016/02/19;11.05;11.10;10.92;11.03;7430273;82426056.00
2016/02/22;11.15;11.27;11.07;11.25;9589996;108249032.00
2016/02/23;11.25;11.28;10.90;11.07;8074522;90218920.00
2016/02/24;11.03;11.12;10.67;10.98;13713118;150607136.00
2016/02/25;10.90;10.94;9.87;9.87;12676755;133074272.00
2016/02/26;10.05;10.13;9.87;10.03;13858210;139948592.00
2016/02/29;10.07;10.07;9.19;9.56;14555535;139543760.00
2016/03/01;9.48;10.27;9.40;10.23;17928632;178057536.00
2016/03/02;10.21;11.26;10.21;11.26;23661085;264064336.00
2016/03/03;11.23;11.78;11.09;11.47;42205571;484606656.00
2016/03/04;11.23;11.38;10.70;10.96;18432838;205155808.00
2016/03/07;11.10;11.60;10.99;11.60;19797977;224844928.00
2016/03/08;11.82;12.16;11.51;11.83;37147916;443330912.00
2016/03/09;11.27;11.68;10.92;11.05;17565329;198993840.00
2016/03/10;11.06;11.27;10.82;10.86;9852495;109410912.00
2016/03/11;10.73;10.83;10.37;10.65;10826128;115739840.00
2016/03/14;10.81;11.39;10.78;11.11;13370692;149982240.00
2016/03/15;11.00;11.18;10.80;10.85;8739066;96821360.00
2016/03/16;11.00;11.10;10.40;10.47;12319125;132438992.00
2016/03/17;10.55;10.96;10.40;10.91;11115462;120581840.00
2016/03/18;10.97;11.54;10.91;11.42;19868022;225457440.00
2016/03/21;11.59;11.68;11.35;11.64;16861182;196361168.00
2016/03/22;11.62;11.95;11.42;11.77;19853498;233991968.00
2016/03/23;11.65;11.94;11.42;11.68;13970524;163925568.00
2016/03/24;11.58;11.58;11.25;11.25;13194969;151775920.00
2016/03/25;11.23;11.55;11.21;11.54;11119001;127861096.00
2016/03/28;11.69;11.84;11.09;11.25;21681394;250649312.00
2016/03/29;11.15;11.21;10.79;10.86;12337684;136229616.00
2016/03/30;10.96;11.26;10.95;11.24;13691807;153231680.00
2016/03/31;11.30;11.47;11.22;11.33;14464509;165315696.00
2016/04/01;11.29;11.33;10.91;11.20;11742141;131419624.00
2016/04/05;11.22;11.64;11.10;11.62;14245583;164080112.00
2016/04/06;11.51;12.56;11.48;12.37;36173534;434782368.00
2016/04/07;12.16;12.32;11.84;11.85;27073075;327892864.00
2016/04/08;11.67;11.92;11.48;11.87;13840822;162880944.00
2016/04/11;11.93;12.28;11.91;12.01;17651964;214773936.00
2016/04/12;12.07;12.30;11.68;11.91;13461512;162599440.00
2016/04/13;11.96;12.19;11.81;11.84;23235196;281841216.00
2016/04/14;11.95;12.14;11.85;12.06;12704136;153998944.00
2016/04/15;12.09;12.18;11.85;11.98;10380601;125109824.00
2016/04/18;11.84;11.84;11.51;11.58;15469296;181249792.00
2016/04/19;11.62;11.69;11.47;11.61;12711651;148371408.00
2016/04/20;11.61;11.71;10.60;10.89;18996290;212674448.00
2016/04/21;10.81;11.05;10.62;10.70;10798227;118582528.00
2016/04/22;10.68;10.88;10.60;10.86;7593363;82358264.00
2016/04/25;10.80;10.80;10.56;10.72;6136937;66228548.00
2016/04/26;10.73;10.94;10.70;10.94;8814544;96507016.00
2016/04/27;10.94;10.99;10.81;10.84;6533854;71911752.00
2016/04/28;10.81;10.89;10.52;10.80;6637176;71726032.00
2016/04/29;10.71;10.79;10.61;10.75;5493808;59477164.00
2016/05/03;10.75;11.07;10.65;11.06;11788332;129956656.00
2016/05/04;10.98;11.19;10.96;11.00;10613687;118585448.00
2016/05/05;10.98;11.03;10.87;11.02;8874650;98066376.00
2016/05/06;11.00;11.09;10.50;10.50;12800130;138872144.00
2016/05/09;10.38;10.38;10.00;10.05;9615751;98798488.00
2016/05/10;10.04;10.22;10.02;10.14;5521874;56569724.00
2016/05/11;10.21;10.38;10.07;10.12;5901987;60982532.00
2016/05/12;10.03;10.15;9.78;10.12;6525036;65677100.00
2016/05/13;10.09;10.18;9.94;10.00;6281599;63908664.00
2016/05/16;9.92;10.16;9.91;10.16;4255189;43199124.00
2016/05/17;10.18;10.29;10.01;10.18;6795385;69668528.00
2016/05/18;10.04;10.13;9.81;9.94;6488557;65193036.00
2016/05/19;9.93;10.16;9.93;9.96;4381482;44415484.00
2016/05/20;9.89;10.10;9.80;10.10;4752378;47591608.00
2016/05/23;10.14;10.21;10.09;10.16;4649120;47208768.00
2016/05/24;10.14;10.17;10.01;10.06;3611252;36350164.00
2016/05/25;10.19;10.19;10.02;10.06;4111428;41504848.00
2016/05/26;10.04;10.09;9.90;10.08;3685231;36858352.00
2016/05/27;10.08;10.15;10.03;10.10;4449077;44925476.00
2016/05/30;10.05;10.11;9.96;10.04;4706150;47303508.00
2016/05/31;10.02;10.44;10.01;10.44;10423945;107323768.00
2016/06/01;10.45;10.51;10.39;10.41;7780112;81261200.00
2016/06/02;10.37;10.44;10.33;10.44;6223309;64653504.00
2016/06/03;10.45;10.56;10.38;10.50;6986663;73166896.00
2016/06/06;10.51;10.60;10.37;10.45;6385303;66873924.00
2016/06/07;10.42;10.60;10.42;10.48;4490465;47091932.00
2016/06/08;10.48;10.49;10.35;10.45;5222502;54435664.00
2016/06/13;10.29;10.35;9.92;9.92;6994464;71020264.00
2016/06/14;9.91;10.00;9.88;9.92;5875055;58381076.00
2016/06/15;9.84;10.21;9.80;10.16;6776417;68322288.00
2016/06/16;10.17;10.17;9.95;10.02;7400454;74321288.00
2016/06/17;10.05;10.29;10.04;10.18;7093543;72247464.00
2016/06/20;10.15;10.24;10.00;10.18;6127564;62013836.00
2016/06/21;10.25;10.46;10.15;10.22;8247585;85020688.00
2016/06/22;10.17;10.35;10.15;10.34;6003944;61580880.00
2016/06/23;10.34;10.36;10.14;10.23;5927710;60713696.00
2016/06/24;10.23;10.33;9.88;10.08;7955897;80462824.00
2016/06/27;10.03;10.35;10.03;10.35;7125062;72938832.00
2016/06/28;10.30;10.58;10.28;10.54;11343911;118745704.00
2016/06/29;10.54;10.96;10.54;10.79;22569116;244239264.00
2016/06/30;11.00;11.35;10.85;11.20;27386253;304718400.00
2016/07/01;11.21;11.31;11.01;11.16;13811826;154145440.00
2016/07/04;10.98;11.50;10.98;11.39;12758819;144487184.00
2016/07/05;11.30;11.79;11.30;11.62;16366347;189376208.00
2016/07/06;11.51;12.32;11.50;12.00;27723923;331685312.00
2016/07/07;12.05;12.26;11.81;11.97;12145549;145861616.00
2016/07/08;11.85;11.98;11.70;11.90;9042875;107145040.00
2016/07/11;11.85;11.97;11.73;11.76;7414765;87692048.00
2016/07/12;11.76;12.39;11.73;12.37;19035800;230499792.00
2016/07/13;12.26;12.46;12.07;12.28;9195246;112409968.00
2016/07/14;12.20;12.24;12.00;12.10;4520421;54725232.00
2016/07/15;12.12;12.34;12.04;12.22;6313639;76961896.00
2016/07/18;12.17;12.73;12.11;12.27;14756972;183354000.00
2016/07/19;12.27;12.33;11.90;11.98;11505549;138411152.00
2016/07/20;11.92;12.09;11.76;11.81;8700049;103436232.00
2016/07/21;11.82;12.10;11.79;11.96;11309625;135381920.00
2016/07/22;11.96;12.17;11.93;12.01;9219572;111224328.00
2016/07/25;12.00;12.70;12.00;12.34;11513645;142862256.00
2016/07/26;12.35;12.62;12.28;12.49;8215785;102269240.00
2016/07/27;12.49;12.94;12.01;12.18;17799602;222794192.00
2016/07/28;12.13;12.34;12.03;12.25;6432132;78402072.00
2016/07/29;12.29;12.98;12.20;12.75;16080233;204537296.00
2016/08/01;12.70;12.70;12.12;12.31;10046691;124293392.00
2016/08/02;12.22;12.43;11.80;12.23;7715140;93481208.00
2016/08/03;12.15;12.44;12.06;12.30;4378008;53779468.00
2016/08/04;12.23;12.44;12.08;12.30;3782572;46232564.00
2016/08/05;12.34;12.58;12.17;12.28;6128033;75906960.00
2016/08/08;12.20;12.60;12.02;12.60;6261084;77254512.00
2016/08/09;12.50;12.66;12.45;12.59;4261346;53346508.00
2016/08/10;12.55;12.95;12.55;12.88;11178230;143424016.00
2016/08/11;12.78;12.91;12.53;12.58;5595622;70877480.00
2016/08/12;12.56;12.56;12.33;12.51;5716668;71045944.00
2016/08/15;12.48;12.71;12.33;12.57;9363021;117437608.00
2016/08/16;12.56;13.55;12.52;13.38;15910845;207206560.00
2016/08/17;13.18;13.24;12.91;12.96;12829830;167166928.00
2016/08/18;12.96;13.04;12.60;12.73;9616373;123027392.00
2016/08/19;12.71;12.97;12.61;12.97;7136057;91405144.00
2016/08/22;12.88;12.94;12.63;12.73;6373235;81213312.00
2016/08/23;12.65;12.87;12.65;12.80;4490387;57304304.00
2016/08/24;12.75;13.11;12.75;12.84;7802425;101037896.00
2016/08/25;12.76;12.78;12.47;12.65;5887817;74245128.00
2016/08/26;12.73;12.98;12.65;12.75;4810098;61677184.00
2016/08/29;12.78;13.08;12.70;13.05;6540437;84665752.00
2016/08/30;13.00;13.10;12.82;12.88;4806388;62006836.00
2016/08/31;12.80;12.90;12.64;12.74;4843002;61698492.00
2016/09/01;12.71;12.73;12.26;12.34;6419430;80341272.00
2016/09/02;12.30;12.41;12.15;12.29;4369805;53612552.00
2016/09/05;12.29;12.43;12.26;12.29;2331718;28799946.00
2016/09/06;12.30;12.61;12.13;12.58;4499403;55874852.00
2016/09/07;12.62;12.64;12.41;12.45;3603467;45060300.00
2016/09/08;12.65;12.65;12.34;12.43;2616948;32605642.00
2016/09/09;12.42;12.51;12.29;12.30;2974965;36840444.00
2016/09/12;12.09;12.27;12.01;12.02;5555136;67327032.00
2016/09/13;12.13;12.31;12.05;12.22;6488988;79184328.00
2016/09/14;12.12;12.31;12.10;12.22;3310164;40482960.00
2016/09/19;12.22;12.33;12.18;12.27;2209851;27050552.00
2016/09/20;12.30;12.38;12.23;12.36;2085033;25702910.00
2016/09/21;12.38;12.43;12.18;12.24;2715495;33323220.00
2016/09/22;12.37;12.53;12.30;12.33;4232976;52528452.00
2016/09/23;12.33;12.33;12.16;12.17;2866217;35077208.00
2016/09/26;12.16;12.17;11.97;12.06;4118001;49675312.00
2016/09/27;11.90;12.15;11.90;12.14;2143672;25879646.00
2016/09/28;12.13;12.27;12.09;12.21;2199869;26861634.00
2016/09/29;12.25;12.31;12.17;12.27;2307083;28268714.00
2016/09/30;12.27;12.49;12.24;12.43;3362545;41655664.00
2016/10/10;12.51;13.09;12.51;13.02;9123890;117338952.00
2016/10/11;13.02;13.59;13.00;13.46;15133950;203132224.00
2016/10/12;13.35;13.54;13.20;13.32;7719813;103625408.00
2016/10/13;13.36;13.64;13.23;13.29;9486059;127746760.00
2016/10/14;13.25;14.06;13.25;13.58;18357911;250488736.00
2016/10/17;13.63;14.29;13.48;13.88;16390938;228434768.00
2016/10/18;14.00;14.20;13.76;14.00;12013602;167714400.00
2016/10/19;14.10;14.25;13.83;13.86;11043592;154729808.00
2016/10/20;13.84;13.99;13.57;13.87;11096812;152971584.00
2016/10/21;13.79;13.88;13.41;13.46;7153902;97115752.00
2016/10/24;13.62;13.77;13.47;13.53;3630141;49319008.00
2016/10/25;13.58;13.91;13.54;13.81;6436016;88655384.00
2016/10/26;13.82;14.10;13.59;13.83;6372589;87859720.00
2016/10/27;13.79;13.84;13.37;13.55;5311519;71945056.00
2016/10/28;13.50;14.06;13.42;14.04;14818951;204221952.00
2016/10/31;13.87;14.18;13.87;14.02;18564505;261021440.00
2016/11/01;13.89;14.08;13.58;14.00;15326517;213579712.00
2016/11/02;13.94;14.87;13.72;14.57;22590021;324463232.00
2016/11/03;14.20;14.47;14.12;14.27;15246553;217554992.00
2016/11/04;14.27;14.37;13.82;13.91;11431891;159975024.00
2016/11/07;13.92;13.98;13.60;13.80;5746504;79043008.00
2016/11/08;13.79;14.08;13.79;13.86;5346282;74584568.00
2016/11/09;13.86;13.86;13.50;13.61;5400318;73886664.00
2016/11/10;13.70;13.87;13.67;13.85;3973780;54695024.00
2016/11/11;13.91;13.92;13.59;13.67;4881706;66992436.00
2016/11/14;13.56;13.69;13.49;13.54;5192498;70451600.00
2016/11/15;13.53;13.79;13.53;13.65;5443551;74392192.00
2016/11/16;13.65;13.98;13.60;13.71;6716888;92657392.00
2016/11/17;13.72;13.78;13.61;13.69;1343600;18427356.00
数据来源:通达信
