002433 太安堂 日线 前复权
      日期	    开盘	    最高	    最低	    收盘	    成交量	    成交额
2010/06/18;8.07;8.52;7.77;7.97;14219641;478261248.00
2010/06/21;7.28;7.65;7.15;7.49;6419836;193815904.00
2010/06/22;7.32;7.86;7.28;7.42;5139750;160554976.00
2010/06/23;7.27;7.76;7.18;7.72;4942592;153067440.00
2010/06/24;7.65;7.73;7.44;7.49;3111203;96897400.00
2010/06/25;7.37;7.48;6.97;7.06;3373588;100112216.00
2010/06/28;7.02;7.11;6.90;7.05;1692431;48915692.00
2010/06/29;7.04;7.05;6.60;6.61;1920387;53760868.00
2010/06/30;6.52;6.65;6.40;6.57;1166301;31466858.00
2010/07/01;6.55;6.60;6.35;6.35;1186452;31705728.00
2010/07/02;6.35;6.40;5.92;6.19;1433434;36485780.00
2010/07/05;6.06;6.25;6.00;6.10;686366;17305898.00
2010/07/06;6.14;6.35;6.05;6.35;1655566;42885964.00
2010/07/07;6.35;6.37;6.25;6.35;1014990;26515966.00
2010/07/08;6.35;6.37;6.22;6.27;771455;20107146.00
2010/07/09;6.29;6.44;6.25;6.44;1203917;31798672.00
2010/07/12;6.42;6.54;6.35;6.54;2152676;57296804.00
2010/07/13;6.43;6.49;6.38;6.43;1081894;28832178.00
2010/07/14;6.48;6.52;6.40;6.42;894322;23889944.00
2010/07/15;6.42;6.42;6.12;6.12;1150446;29972930.00
2010/07/16;6.10;6.25;6.07;6.20;652864;16602458.00
2010/07/19;6.15;6.29;6.12;6.27;646757;16713046.00
2010/07/20;6.24;6.48;6.24;6.43;1251913;33166838.00
2010/07/21;6.45;6.57;6.37;6.50;1995355;53771772.00
2010/07/22;6.47;6.82;6.46;6.76;2643554;73068352.00
2010/07/23;6.76;6.84;6.62;6.77;2127427;59321160.00
2010/07/26;6.76;6.82;6.67;6.81;1438441;40280272.00
2010/07/27;6.76;6.89;6.72;6.82;1183647;33251766.00
2010/07/28;6.82;6.94;6.73;6.91;1687479;47866960.00
2010/07/29;6.94;7.02;6.80;6.87;1596799;45528396.00
2010/07/30;6.89;6.95;6.75;6.79;875755;24663018.00
2010/08/02;6.81;7.14;6.79;7.10;1765347;50813692.00
2010/08/03;7.11;7.11;6.90;6.93;1582638;45579468.00
2010/08/04;6.91;6.94;6.80;6.94;893074;25367108.00
2010/08/06;6.95;7.08;6.92;7.06;1539368;44587456.00
2010/08/09;7.06;7.22;7.01;7.20;1678043;49383464.00
2010/08/10;7.25;7.32;7.02;7.02;1788793;53046784.00
2010/08/11;7.02;7.12;6.92;7.12;1013463;29445738.00
2010/08/12;7.00;7.24;6.99;7.16;1407526;41667676.00
2010/08/13;7.19;7.27;7.07;7.23;1155714;34376752.00
2010/08/16;7.24;7.33;7.18;7.28;1874560;56282388.00
2010/08/17;7.28;7.29;7.14;7.19;1318593;39201848.00
2010/08/18;7.20;7.22;7.08;7.14;1339796;39425668.00
2010/08/19;7.06;7.22;6.93;7.03;2228764;64836052.00
2010/08/20;7.01;7.05;6.94;6.96;968232;27956372.00
2010/08/23;6.90;7.04;6.87;6.97;578691;16643807.00
2010/08/24;6.97;7.12;6.91;7.10;1237344;35939908.00
2010/08/25;7.06;7.22;7.02;7.13;1150194;33845808.00
2010/08/26;7.12;7.32;7.09;7.32;2070653;61914452.00
2010/08/27;7.34;7.34;7.18;7.28;1163651;34959212.00
2010/08/30;7.30;7.87;7.30;7.77;3104098;97159200.00
2010/08/31;7.70;7.85;7.67;7.72;1788526;56986124.00
2010/09/01;7.74;7.83;7.32;7.64;2460650;76225776.00
2010/09/02;7.64;7.77;7.45;7.71;1579231;49703012.00
2010/09/06;7.82;7.95;7.55;7.71;1610995;51317460.00
2010/09/07;7.71;7.79;7.65;7.77;1041609;33205150.00
2010/09/08;7.74;7.81;7.61;7.72;1057817;33471594.00
2010/09/09;7.72;7.90;7.64;7.67;1263616;40515124.00
2010/09/10;7.61;7.71;7.40;7.58;1281075;39945132.00
2010/09/13;7.52;7.80;7.52;7.63;1435305;45312468.00
2010/09/14;7.64;7.71;7.58;7.63;747585;23518834.00
2010/09/15;7.62;7.62;7.35;7.36;944758;29042286.00
2010/09/16;7.31;7.51;7.00;7.07;811963;24080526.00
2010/09/17;7.11;7.29;7.11;7.20;745809;22210624.00
2010/09/20;7.19;7.19;6.69;6.76;2288833;65295728.00
2010/09/21;6.80;6.81;6.61;6.69;1277972;35289400.00
2010/09/27;7.02;7.32;6.77;7.27;2616531;76596184.00
2010/09/28;7.18;7.59;7.17;7.52;2847931;87269064.00
2010/09/30;7.42;7.59;7.40;7.50;1597974;49308336.00
2010/10/08;7.60;7.80;7.40;7.67;1745809;55269900.00
2010/10/11;7.67;7.75;7.26;7.34;2010753;61700600.00
2010/10/12;7.35;7.42;7.10;7.20;1771065;52773436.00
2010/10/13;7.16;7.27;7.07;7.22;885945;26253374.00
2010/10/14;7.19;7.26;6.95;6.99;1322444;38504376.00
2010/10/15;6.99;7.00;6.86;6.92;892567;25548148.00
2010/10/18;6.85;7.06;6.69;7.06;1120795;31442908.00
2010/10/19;7.06;7.23;7.02;7.17;983786;28917198.00
2010/10/20;7.08;7.22;6.99;7.05;851680;24981868.00
2010/10/21;7.02;7.09;6.91;6.98;834378;24059720.00
2010/10/22;7.02;7.13;7.00;7.13;662198;19345148.00
2010/10/25;7.13;7.23;7.05;7.23;874513;25855400.00
2010/10/26;7.22;7.24;7.02;7.19;1591196;46592896.00
2010/10/27;7.13;7.39;7.13;7.17;1254189;37551760.00
2010/10/28;7.17;7.40;7.07;7.36;1195307;35675124.00
2010/10/29;7.60;7.60;7.27;7.42;2219545;68147192.00
2010/11/01;7.41;7.55;7.33;7.52;1993203;61250480.00
2010/11/02;7.52;7.65;7.42;7.45;1415807;43996940.00
2010/11/03;7.41;7.60;7.30;7.30;984748;30123014.00
2010/11/04;7.33;7.49;7.27;7.47;1158091;35350880.00
2010/11/05;7.52;7.73;7.45;7.63;1800353;56281200.00
2010/11/08;7.64;7.85;7.61;7.83;1919741;61533740.00
2010/11/09;7.84;7.95;7.70;7.79;1799313;57785604.00
2010/11/10;7.73;8.37;7.73;8.09;2579212;86687656.00
2010/11/11;8.10;8.30;8.02;8.02;2100202;70659208.00
2010/11/12;8.02;8.13;7.40;7.50;2397942;76009240.00
2010/11/15;7.52;7.83;7.48;7.82;1414071;44584596.00
2010/11/16;7.81;8.24;7.65;7.78;2316756;75645840.00
2010/11/17;7.62;7.83;7.44;7.51;1168368;36533752.00
2010/11/18;7.42;7.64;7.39;7.55;760000;23544002.00
2010/11/19;7.57;7.85;7.55;7.85;1332813;42358556.00
2010/11/22;7.86;8.15;7.77;7.95;1897709;62627648.00
2010/11/23;7.97;8.07;7.80;8.07;1489492;48697436.00
2010/11/24;8.00;8.53;8.00;8.44;2875389;98359024.00
2010/11/25;8.46;8.64;8.30;8.35;2188902;75887624.00
2010/11/26;8.37;8.59;8.28;8.53;1677489;58371328.00
2010/11/29;8.52;8.87;8.48;8.59;1490623;53140108.00
2010/11/30;8.60;8.67;8.12;8.52;2469611;84657368.00
2010/12/01;8.43;8.62;8.30;8.48;1097910;38253248.00
2010/12/02;8.64;8.64;8.33;8.35;993001;34349340.00
2010/12/03;8.37;8.40;8.10;8.14;840575;28241776.00
2010/12/06;8.12;8.28;8.01;8.04;1147551;38437508.00
2010/12/07;7.95;8.22;7.95;8.17;528367;17606404.00
2010/12/08;8.17;8.26;8.09;8.13;554683;18600580.00
2010/12/09;8.16;8.24;8.07;8.14;361389;12140790.00
2010/12/10;8.14;8.38;8.06;8.33;771082;26146488.00
2010/12/13;8.38;8.52;8.29;8.48;1399715;48556332.00
2010/12/14;8.52;8.52;8.32;8.42;1040982;35886396.00
2010/12/16;8.43;8.59;8.40;8.53;1344479;46918960.00
2010/12/17;8.61;8.61;8.39;8.45;979296;34072044.00
2010/12/20;8.45;8.46;7.97;8.14;1616575;54521904.00
2010/12/21;8.20;8.24;8.10;8.16;1330452;44692484.00
2010/12/22;8.17;8.22;8.02;8.05;950062;31646760.00
2010/12/23;8.07;8.10;7.96;7.96;741641;24492426.00
2010/12/24;7.82;7.95;7.82;7.92;474643;15380238.00
2010/12/27;7.82;7.97;7.52;7.58;525679;16873248.00
2010/12/28;7.61;7.62;7.32;7.41;628943;19369988.00
2010/12/29;7.47;7.67;7.42;7.67;474136;14775268.00
2010/12/30;7.62;7.91;7.62;7.90;972124;31434434.00
2010/12/31;7.90;8.02;7.84;8.01;478953;15668956.00
2011/01/04;8.00;8.00;7.86;7.97;380252;12445954.00
2011/01/05;7.96;8.05;7.89;7.90;437698;14315709.00
2011/01/06;7.93;7.94;7.79;7.81;342026;11022772.00
2011/01/07;7.87;7.87;7.76;7.80;260260;8381189.50
2011/01/10;7.74;7.75;7.50;7.55;344231;10806379.00
2011/01/11;7.47;7.52;7.42;7.50;248780;7654758.50
2011/01/12;7.48;7.61;7.48;7.58;147850;4595586.00
2011/01/13;7.60;7.64;7.52;7.56;110300;3436192.00
2011/01/14;7.56;7.63;7.40;7.40;354126;11026471.00
2011/01/17;7.37;7.37;6.81;6.95;626775;18055326.00
2011/01/18;6.94;6.96;6.81;6.90;194595;5553327.00
2011/01/19;6.90;7.07;6.87;7.04;331450;9534144.00
2011/01/20;7.00;7.07;6.74;6.74;404750;11548815.00
2011/01/21;6.72;6.87;6.65;6.71;561975;15663057.00
2011/01/24;6.75;6.78;6.24;6.30;1162858;30678008.00
2011/01/25;6.30;6.36;6.21;6.30;639692;16615127.00
2011/01/26;6.30;6.36;6.30;6.35;663346;17409690.00
2011/01/27;6.35;6.49;6.32;6.47;452554;12050520.00
2011/01/28;6.45;6.52;6.41;6.49;327366;8779676.00
2011/01/31;6.49;6.62;6.36;6.56;802792;21586320.00
2011/02/01;6.54;6.64;6.51;6.58;332969;9027939.00
2011/02/09;6.58;6.62;6.47;6.48;345230;9365866.00
2011/02/10;6.45;6.78;6.45;6.75;692516;19047028.00
2011/02/11;6.76;6.85;6.73;6.77;589677;16510488.00
2011/02/14;6.77;6.91;6.75;6.86;1129214;31857162.00
2011/02/15;6.92;6.92;6.78;6.84;917871;25984242.00
2011/02/16;6.83;6.91;6.77;6.91;706003;19964588.00
2011/02/17;6.91;6.99;6.86;6.96;823432;23559488.00
2011/02/18;6.90;6.92;6.82;6.82;704114;19927994.00
2011/02/21;6.81;6.89;6.78;6.88;680406;19261652.00
2011/02/22;6.89;6.90;6.72;6.73;998086;28127112.00
2011/02/23;6.74;6.94;6.73;6.94;1300375;36764288.00
2011/02/24;7.05;7.40;7.05;7.22;2864296;84784584.00
2011/02/25;7.15;7.16;7.01;7.09;1106130;32355036.00
2011/02/28;7.05;7.09;6.99;7.09;756273;22012466.00
2011/03/01;7.08;7.17;6.95;7.02;1439306;41878940.00
2011/03/02;7.02;7.10;6.98;7.09;820039;23862580.00
2011/03/03;7.05;7.09;6.89;6.92;864877;24918438.00
2011/03/04;6.95;6.95;6.77;6.91;488869;13899562.00
2011/03/07;6.93;6.97;6.91;6.95;536428;15377834.00
2011/03/08;6.99;6.99;6.90;6.97;476640;13677842.00
2011/03/09;6.97;6.98;6.90;6.96;775122;22208636.00
2011/03/10;6.93;7.08;6.93;7.01;806649;23378784.00
2011/03/11;6.99;7.14;6.97;7.03;835532;24346914.00
2011/03/14;7.02;7.21;7.02;7.20;1401695;41396920.00
2011/03/15;7.20;7.20;7.04;7.15;1412083;41421360.00
2011/03/16;7.12;7.23;7.07;7.22;724007;21395850.00
2011/03/17;7.18;7.20;7.07;7.13;776872;22830694.00
2011/03/18;7.10;7.22;7.10;7.17;471232;13922712.00
2011/03/21;7.17;7.25;7.13;7.22;627390;18587072.00
2011/03/22;7.22;7.35;7.15;7.34;1584267;47672384.00
2011/03/23;7.39;7.67;7.27;7.35;4599609;141337696.00
2011/03/24;7.30;7.30;7.05;7.07;1909745;56052664.00
2011/03/25;7.06;7.06;6.95;7.00;1454468;41908080.00
2011/03/28;7.00;7.00;6.93;6.96;809992;23286144.00
2011/03/29;6.97;6.99;6.77;6.78;1022185;28908208.00
2011/03/30;6.78;6.81;6.62;6.68;710990;19676276.00
2011/03/31;6.67;6.75;6.67;6.71;401847;11145448.00
2011/04/01;6.72;6.79;6.70;6.79;326354;9099685.00
2011/04/06;6.78;6.78;6.64;6.66;438251;12158033.00
2011/04/07;6.66;6.74;6.65;6.71;392781;10872358.00
2011/04/08;6.74;6.80;6.70;6.78;311285;8718409.00
2011/04/11;6.79;6.86;6.73;6.73;436090;12234713.00
2011/04/12;6.72;6.72;6.67;6.69;313603;8676415.00
2011/04/13;6.71;6.81;6.62;6.77;324613;9039647.00
2011/04/14;6.81;6.84;6.75;6.77;468259;13162296.00
2011/04/15;6.77;6.82;6.68;6.76;339546;9457456.00
2011/04/18;6.76;6.77;6.69;6.74;286949;7984282.00
2011/04/19;6.74;6.74;6.63;6.65;363036;10016323.00
2011/04/20;6.65;6.76;6.65;6.76;283844;7887203.50
2011/04/21;6.76;6.82;6.74;6.76;320286;8965707.00
2011/04/22;6.78;6.80;6.69;6.71;266266;7410561.00
2011/04/25;6.71;6.74;6.46;6.46;466571;12586664.00
2011/04/26;6.50;6.50;6.22;6.28;496543;12993014.00
2011/04/27;6.28;6.36;6.23;6.25;344539;8997746.00
2011/04/28;6.29;6.29;6.14;6.14;322800;8304074.00
2011/04/29;6.14;6.26;6.14;6.24;214344;5517120.50
2011/05/03;6.29;6.29;6.18;6.26;249828;6448236.00
2011/05/04;6.26;6.27;6.12;6.12;250833;6411184.00
2011/05/05;6.15;6.24;6.13;6.23;291110;7487488.00
2011/05/06;6.22;6.24;6.12;6.22;251159;6457073.00
2011/05/09;6.22;6.30;6.20;6.25;192799;5001826.00
2011/05/10;6.25;6.25;6.15;6.21;194810;5008242.50
2011/05/11;6.21;6.27;6.19;6.25;265864;6876234.00
2011/05/12;6.22;6.26;6.17;6.17;226802;5865314.00
2011/05/13;6.15;6.25;6.15;6.24;193750;4985461.00
2011/05/16;6.24;6.27;6.22;6.26;258452;6695196.50
2011/05/18;6.27;6.34;6.22;6.32;268564;6996738.50
2011/05/19;6.33;6.37;6.28;6.29;186170;4868821.50
2011/05/20;6.29;6.29;6.22;6.23;173063;4481024.00
2011/05/23;6.20;6.22;5.97;5.98;397704;10037423.00
2011/05/24;6.00;6.05;5.92;6.01;207192;5137103.00
2011/05/25;6.00;6.07;5.93;5.93;186253;4644685.50
2011/05/26;6.01;6.01;5.91;5.91;120300;2965717.00
2011/05/27;5.92;5.92;5.57;5.77;305000;7293693.00
2011/05/30;5.78;5.78;5.62;5.62;120098;2855161.25
2011/05/31;5.67;5.77;5.65;5.74;115752;2752285.25
2011/06/01;5.74;5.87;5.69;5.87;224528;5427407.50
2011/06/02;5.82;5.82;5.67;5.74;222915;5309954.50
2011/06/03;5.76;5.85;5.72;5.84;130844;3158318.75
2011/06/07;5.83;5.97;5.83;5.90;140893;3457757.75
2011/06/08;5.90;5.93;5.81;5.92;123630;3019328.00
2011/06/09;5.92;5.92;5.82;5.83;81800;1991766.00
2011/06/10;5.80;5.82;5.60;5.69;224541;5306562.50
2011/06/13;5.65;5.66;5.57;5.65;76709;1793149.63
2011/06/14;5.62;5.72;5.62;5.69;123371;2918488.25
2011/06/15;5.70;5.71;5.65;5.66;91802;2171648.25
2011/06/16;5.62;5.62;5.51;5.51;168950;3910707.50
2011/06/17;5.57;5.59;5.43;5.44;85831;1965659.50
2011/06/20;5.35;5.47;5.26;5.29;165499;3665560.00
2011/06/21;5.28;5.34;5.20;5.29;216553;4748571.00
2011/06/22;5.30;5.30;5.22;5.28;150231;3304567.75
2011/06/23;5.23;5.41;5.21;5.39;324816;7218990.50
2011/06/24;5.39;5.59;5.35;5.52;420057;9593166.00
2011/06/27;5.53;5.77;5.49;5.75;750015;17600488.00
2011/06/28;5.75;5.90;5.71;5.77;666807;16018542.00
2011/06/29;5.78;5.79;5.65;5.67;315440;7474264.50
2011/06/30;5.65;5.76;5.65;5.70;299697;7126596.00
2011/07/01;5.71;5.88;5.70;5.76;345467;8292375.50
2011/07/04;5.79;5.89;5.79;5.89;458655;11169701.00
2011/07/05;5.97;6.03;5.90;6.02;1156455;28767494.00
2011/07/06;6.03;6.03;5.87;5.94;574615;13853207.00
2011/07/07;5.94;6.02;5.90;5.96;483236;11707757.00
2011/07/08;5.96;5.97;5.90;5.91;283133;6825341.50
2011/07/11;5.90;5.96;5.88;5.96;283318;6822172.50
2011/07/12;5.91;5.94;5.84;5.86;258801;6192055.50
2011/07/13;5.86;6.01;5.85;6.01;444115;10784219.00
2011/07/14;6.02;6.13;5.99;6.11;668264;16451176.00
2011/07/15;6.12;6.27;6.09;6.22;821311;20695336.00
2011/07/18;6.34;6.48;6.21;6.22;1410794;36529632.00
2011/07/19;6.21;6.27;6.17;6.23;381621;9653893.00
2011/07/20;6.27;6.42;6.12;6.22;459668;11694932.00
2011/07/21;6.17;6.21;6.08;6.09;442122;11005484.00
2011/07/22;6.09;6.22;6.09;6.14;235981;5895478.00
2011/07/25;6.12;6.12;5.84;5.84;403369;9788271.00
2011/07/26;5.84;5.89;5.80;5.89;157380;3748044.00
2011/07/27;5.85;6.03;5.85;6.00;278704;6744527.00
2011/07/28;5.93;6.12;5.92;6.10;387061;9529490.00
2011/07/29;6.10;6.17;6.03;6.12;270134;6679647.50
2011/08/01;6.11;6.19;6.05;6.17;300175;7494042.00
2011/08/02;6.15;6.20;6.02;6.18;314954;7830105.00
2011/08/03;6.18;6.23;6.11;6.15;270866;6812134.00
2011/08/04;6.15;6.23;6.07;6.10;226268;5638183.00
2011/08/05;5.92;6.06;5.87;6.00;233359;5672476.00
2011/08/08;5.90;6.00;5.48;5.74;560582;13090291.00
2011/08/09;5.62;5.72;5.49;5.67;314616;7165778.00
2011/08/10;5.71;5.84;5.70;5.71;213734;5029217.50
2011/08/11;5.64;5.81;5.60;5.80;268460;6254757.50
2011/08/12;5.85;5.93;5.82;5.87;238764;5716001.00
2011/08/15;5.88;6.01;5.87;5.98;272124;6612106.00
2011/08/16;6.00;6.00;5.87;5.89;350862;8457213.00
2011/08/17;5.89;5.91;5.84;5.89;256750;6134469.00
2011/08/18;5.90;5.92;5.77;5.77;286200;6786894.00
2011/08/19;5.68;5.69;5.60;5.62;260288;5973143.50
2011/08/22;5.62;5.71;5.61;5.62;189919;4378297.50
2011/08/23;5.63;5.76;5.63;5.76;246833;5725510.00
2011/08/24;5.78;5.88;5.77;5.83;370534;8796463.00
2011/08/25;5.80;5.91;5.80;5.90;310641;7418957.00
2011/08/26;5.92;5.95;5.86;5.95;395423;9516269.00
2011/08/29;5.92;5.96;5.87;5.93;337381;8142943.00
2011/08/30;5.97;6.01;5.83;5.83;452269;10871830.00
2011/08/31;5.84;5.88;5.73;5.84;208772;4928888.00
2011/09/02;5.73;5.89;5.73;5.86;220513;5242069.00
2011/09/05;5.82;5.86;5.70;5.80;115009;2698390.75
2011/09/06;5.71;5.83;5.68;5.72;126615;2960235.25
2011/09/07;5.72;5.89;5.72;5.89;189576;4496354.50
2011/09/08;5.85;6.03;5.80;5.97;504740;12258299.00
2011/09/09;5.96;6.03;5.89;5.92;304793;7392429.50
2011/09/13;5.85;5.92;5.73;5.74;202539;4755240.50
2011/09/14;5.79;5.79;5.70;5.79;116714;2730649.25
2011/09/15;5.81;5.84;5.76;5.79;110106;2600643.25
2011/09/16;5.82;5.85;5.77;5.81;112180;2648486.25
2011/09/19;5.94;5.94;5.80;5.82;163220;3893630.25
2011/09/20;5.77;5.84;5.74;5.81;87838;2069910.00
2011/09/21;5.85;6.00;5.77;5.97;381067;9204120.00
2011/09/22;5.96;5.96;5.78;5.81;243704;5832880.00
2011/09/23;5.72;5.72;5.56;5.62;277811;6361272.50
2011/09/26;5.66;5.66;5.48;5.54;184550;4179514.50
2011/09/27;5.56;5.60;5.51;5.58;122501;2771763.75
2011/09/28;5.59;5.59;5.45;5.45;191406;4319820.50
2011/09/29;5.40;5.45;5.29;5.31;248357;5460679.50
2011/09/30;5.32;5.36;5.27;5.34;87540;1898330.50
2011/10/10;5.39;5.39;5.28;5.28;81530;1768466.25
2011/10/11;5.40;5.40;5.25;5.30;85229;1850826.63
2011/10/12;5.29;5.82;5.18;5.71;305923;6954649.50
2011/10/13;5.65;5.72;5.58;5.58;283788;6513194.50
2011/10/14;5.56;5.60;5.45;5.52;222730;5008000.50
2011/10/17;5.57;5.64;5.48;5.60;462655;10519872.00
2011/10/18;5.59;5.59;5.39;5.44;144130;3218224.00
2011/10/19;5.42;5.47;5.38;5.42;329160;7269314.00
2011/10/20;5.40;5.40;5.19;5.21;235630;5028969.50
2011/10/21;5.19;5.22;5.11;5.11;131099;2774816.75
2011/10/24;5.15;5.19;5.02;5.15;253524;5269110.50
2011/10/25;5.15;5.36;5.15;5.33;248819;5369829.00
2011/10/26;5.27;5.39;5.27;5.37;355568;7760087.00
2011/10/27;5.36;5.44;5.33;5.34;316980;6964511.00
2011/10/28;5.42;5.46;5.35;5.44;256139;5645537.00
2011/10/31;5.44;5.52;5.44;5.50;277160;6196333.50
2011/11/01;5.47;5.59;5.47;5.56;277018;6237137.00
2011/11/02;5.49;5.65;5.40;5.65;409178;9232725.00
2011/11/03;5.69;5.73;5.65;5.65;504277;11713750.00
2011/11/04;5.67;5.76;5.62;5.67;422491;9763774.00
2011/11/07;5.66;5.79;5.65;5.76;451497;10556912.00
2011/11/08;5.75;5.76;5.70;5.75;214910;5004452.50
2011/11/09;5.75;5.81;5.65;5.79;302389;7063051.00
2011/11/10;5.71;5.87;5.71;5.77;347509;8194266.00
2011/11/11;5.77;5.91;5.77;5.85;338323;8054023.50
2011/11/14;5.89;5.97;5.88;5.97;360708;8711607.00
2011/11/15;5.99;5.99;5.90;5.96;174432;4217342.00
2011/11/16;5.94;5.99;5.77;5.81;227268;5409591.50
2011/11/17;5.82;5.91;5.77;5.86;333437;7954456.50
2011/11/18;5.82;5.85;5.65;5.66;205740;4794514.50
2011/11/21;5.66;5.67;5.57;5.65;164820;3779526.25
2011/11/22;5.61;5.77;5.61;5.76;232780;5381321.50
2011/11/23;5.77;5.81;5.74;5.75;168318;3953548.50
2011/11/24;5.72;5.89;5.67;5.85;240041;5691260.50
2011/11/25;5.82;6.01;5.82;5.93;521791;12632422.00
2011/12/05;5.94;6.46;5.82;6.20;2838842;72186256.00
2011/12/06;6.12;6.12;5.57;5.86;2157357;50469112.00
2011/12/07;5.76;5.76;5.57;5.73;1013323;23482062.00
2011/12/08;5.67;5.78;5.60;5.66;676892;15667577.00
2011/12/09;5.63;5.71;5.37;5.41;776868;17389548.00
2011/12/12;5.41;5.43;5.34;5.34;338905;7426359.50
2011/12/13;5.32;5.32;5.12;5.23;381939;8103185.50
2011/12/14;5.20;5.27;5.16;5.17;220406;4674740.50
2011/12/15;5.18;5.27;5.15;5.23;355056;7558113.00
2011/12/16;5.19;5.35;5.19;5.35;323934;6984907.00
2011/12/19;5.35;5.35;5.20;5.31;270112;5788379.50
2011/12/21;5.37;5.37;5.12;5.12;335012;7155421.00
2011/12/22;5.04;5.10;4.82;4.93;380624;7628050.00
2011/12/23;4.93;5.04;4.83;4.95;171216;3471132.75
2011/12/26;4.93;5.02;4.92;4.98;211077;4279382.50
2011/12/27;4.95;4.99;4.80;4.83;146716;2927478.75
2011/12/28;4.82;4.82;4.67;4.74;161149;3112117.00
2011/12/29;4.69;4.86;4.69;4.86;155318;3038944.75
2011/12/30;4.86;5.24;4.79;5.24;451056;9306762.00
2012/01/04;5.69;5.78;5.60;5.65;3020919;70666912.00
2012/01/05;5.54;5.73;5.37;5.61;1455163;32910564.00
2012/01/06;5.50;5.62;5.28;5.51;1223200;27033500.00
2012/01/09;5.51;5.97;5.47;5.89;1765292;41566812.00
2012/01/10;5.82;6.08;5.79;5.98;1612572;39037848.00
2012/01/11;6.02;6.14;5.95;6.07;1532613;37745612.00
2012/01/12;6.02;6.21;5.97;6.17;1051921;26066668.00
2012/01/13;6.13;6.17;5.66;5.74;1883027;44819192.00
2012/01/16;5.65;5.83;5.57;5.61;730888;17023154.00
2012/01/20;5.04;5.04;5.04;5.04;829700;17058632.00
2012/01/30;4.89;5.10;4.81;4.97;1717016;34479944.00
2012/01/31;4.90;5.08;4.90;5.06;1092993;22352594.00
2012/02/01;5.07;5.09;4.97;5.02;717483;14718661.00
2012/02/02;5.00;5.08;5.00;5.07;451325;9283253.00
2012/02/03;5.07;5.29;5.07;5.25;808675;17215438.00
2012/02/06;5.25;5.31;5.15;5.22;771046;16350778.00
2012/02/07;5.20;5.22;5.11;5.12;411733;8624861.00
2012/02/08;5.14;5.26;5.10;5.24;498952;10560201.00
2012/02/09;5.26;5.30;5.21;5.27;644852;13853791.00
2012/02/13;5.27;5.81;5.27;5.77;1998609;46237480.00
2012/02/14;5.76;6.07;5.73;5.80;1622668;38851144.00
2012/02/15;5.78;5.95;5.67;5.84;1112853;26331278.00
2012/02/16;5.82;5.82;5.67;5.72;1041499;24216794.00
2012/02/17;5.72;5.72;5.61;5.68;726457;16724385.00
2012/02/20;5.73;5.76;5.62;5.65;904857;20929536.00
2012/02/21;5.60;5.69;5.53;5.67;673265;15421942.00
2012/02/22;5.67;5.73;5.61;5.73;1300592;30085016.00
2012/02/23;5.74;5.78;5.69;5.71;893787;20876254.00
2012/02/24;5.70;5.76;5.66;5.71;817388;18958592.00
2012/02/27;5.73;5.80;5.67;5.73;1060209;24838376.00
2012/02/28;5.72;5.73;5.59;5.64;702057;16125015.00
2012/02/29;5.63;5.70;5.59;5.61;371374;8541031.00
2012/03/01;5.58;5.64;5.58;5.58;369389;8428514.00
2012/03/02;5.58;5.65;5.57;5.65;548506;12559708.00
2012/03/05;5.70;5.76;5.66;5.69;630932;14686932.00
2012/03/06;5.67;5.67;5.53;5.55;618250;14037379.00
2012/03/07;5.54;5.61;5.50;5.51;395655;8953836.00
2012/03/08;5.51;5.58;5.50;5.57;314432;7107748.50
2012/03/09;5.57;5.66;5.57;5.66;564612;12945573.00
2012/03/12;5.66;5.75;5.65;5.74;759699;17631364.00
2012/03/13;5.74;5.77;5.68;5.75;654429;15283368.00
2012/03/14;5.78;5.78;5.40;5.50;980571;22597054.00
2012/03/15;5.50;5.52;5.31;5.42;462480;10177769.00
2012/03/16;5.42;5.57;5.42;5.54;556243;12460504.00
2012/03/19;5.55;5.71;5.52;5.71;758422;17449524.00
2012/03/20;5.71;5.71;5.49;5.51;495901;11308495.00
2012/03/21;5.51;5.60;5.40;5.48;391055;8760156.00
2012/03/22;5.48;5.52;5.42;5.49;178268;3973992.25
2012/03/23;5.45;5.52;5.39;5.44;321508;7139112.00
2012/03/26;5.44;5.44;5.32;5.42;307175;6711217.00
2012/03/27;5.42;5.46;5.35;5.40;167955;3688471.25
2012/03/28;5.42;5.42;5.20;5.26;485939;10463183.00
2012/03/29;5.26;5.26;5.00;5.13;322700;6741083.50
2012/03/30;5.13;5.16;5.00;5.16;291350;6037181.50
2012/04/05;5.16;5.26;5.13;5.26;301473;6414717.00
2012/04/06;5.18;5.30;5.18;5.29;353050;7564604.50
2012/04/09;5.28;5.28;5.20;5.25;191601;4093718.75
2012/04/10;5.24;5.28;5.15;5.26;251368;5340237.00
2012/04/11;5.24;5.26;5.16;5.23;236814;5040332.50
2012/04/12;5.23;5.32;5.20;5.30;281880;6048501.00
2012/04/13;5.28;5.34;5.25;5.31;327203;7065972.50
2012/04/16;5.32;5.34;5.27;5.31;197971;4285204.50
2012/04/17;5.25;5.31;5.24;5.28;222703;4784918.00
2012/04/18;5.29;5.38;5.25;5.36;454886;9840219.00
2012/04/19;5.35;5.36;5.27;5.30;251246;5452205.50
2012/04/20;5.30;5.33;5.27;5.32;339499;7338802.00
2012/04/23;5.31;5.31;5.15;5.24;434240;9239467.00
2012/04/24;5.29;5.29;5.10;5.18;328544;6919235.00
2012/04/25;5.18;5.22;5.15;5.17;375789;7932437.50
2012/04/26;5.26;5.26;5.18;5.21;354948;7553681.50
2012/04/27;5.22;5.22;5.13;5.20;347260;7355009.00
2012/05/02;5.24;5.29;5.20;5.29;389754;8357126.00
2012/05/03;5.29;5.32;5.25;5.32;296037;6396466.00
2012/05/04;5.35;5.38;5.30;5.37;384998;8379630.00
2012/05/07;5.37;5.45;5.32;5.44;411461;9072039.00
2012/05/08;5.41;5.44;5.37;5.38;343511;7567008.50
2012/05/09;5.38;5.38;5.27;5.27;307783;6660169.50
2012/05/10;5.24;5.34;5.24;5.31;219313;4755254.00
2012/05/11;5.35;5.44;5.28;5.38;449448;9854935.00
2012/05/14;5.39;5.70;5.39;5.54;1178893;26749806.00
2012/05/15;5.51;5.51;5.40;5.48;539135;11955562.00
2012/05/16;5.46;5.51;5.38;5.40;295290;6521794.50
2012/05/17;5.39;5.46;5.38;5.43;386883;8563603.00
2012/05/18;5.42;5.43;5.27;5.34;437657;9551074.00
2012/05/21;5.35;5.41;5.32;5.40;156460;3425724.00
2012/05/22;5.42;5.46;5.38;5.45;373700;8262046.00
2012/05/23;5.44;5.45;5.35;5.42;341050;7494228.50
2012/05/24;5.40;5.44;5.35;5.38;251390;5513843.00
2012/05/25;5.36;5.40;5.28;5.29;175271;3809169.00
2012/05/28;5.22;5.25;5.10;5.23;255628;5406204.00
2012/05/29;5.22;5.32;5.20;5.29;238660;5123152.50
2012/05/30;5.27;5.32;5.25;5.27;157795;3403576.25
2012/05/31;5.26;5.32;5.25;5.31;153371;3306873.50
2012/06/01;5.33;5.33;5.28;5.29;167400;3624687.00
2012/06/04;5.26;5.26;5.13;5.14;204589;4325387.50
2012/06/05;5.14;5.28;5.12;5.20;216927;4606636.50
2012/06/06;5.22;5.23;5.16;5.16;101893;2154155.75
2012/06/07;5.20;5.23;5.02;5.10;196000;4088453.00
2012/06/08;5.12;5.14;5.08;5.10;110009;2292829.25
2012/06/11;5.07;5.19;5.07;5.19;94788;1978956.38
2012/06/12;5.18;5.20;5.14;5.17;152467;3206269.75
2012/06/13;5.17;5.31;5.17;5.30;367004;7866340.50
2012/06/14;5.31;5.38;5.27;5.32;320207;6958866.00
2012/06/15;5.34;5.50;5.31;5.43;551248;12238298.00
2012/06/18;5.43;5.62;5.42;5.52;626524;14159661.00
2012/06/19;5.50;5.64;5.47;5.57;873932;19864764.00
2012/06/20;5.57;5.64;5.45;5.47;524767;11776919.00
2012/06/21;5.43;5.50;5.43;5.47;324432;7207247.50
2012/06/25;5.46;5.48;5.40;5.40;345672;7676745.00
2012/06/26;5.39;5.44;5.33;5.39;306862;6742031.50
2012/06/27;5.35;5.54;5.30;5.46;431656;9613025.00
2012/06/29;5.40;5.80;5.40;5.76;1491115;34464836.00
2012/07/02;5.79;5.94;5.73;5.84;1322154;31509282.00
2012/07/03;5.83;6.01;5.79;5.85;1299359;31309136.00
2012/07/04;5.82;5.99;5.82;5.87;993301;23939522.00
2012/07/05;5.87;6.06;5.77;5.98;1092070;26330828.00
2012/07/06;6.01;6.11;5.82;6.04;1457894;35362924.00
2012/07/09;6.03;6.22;5.99;6.00;1537770;38274168.00
2012/07/10;5.95;6.01;5.82;5.92;1002976;24131386.00
2012/07/11;5.90;6.11;5.86;6.10;1042986;25332290.00
2012/07/12;6.06;6.17;5.94;5.97;1905639;46935704.00
2012/07/13;5.89;5.95;5.85;5.90;1322078;31751728.00
2012/07/16;5.87;5.91;5.60;5.64;1672711;39410088.00
2012/07/17;5.58;5.60;5.47;5.60;1356877;30596550.00
2012/07/18;5.60;5.65;5.48;5.65;905475;20532008.00
2012/07/19;5.62;5.97;5.59;5.96;2087364;48888356.00
2012/07/20;5.90;5.98;5.82;5.85;1880877;45095072.00
2012/07/23;5.90;6.44;5.86;6.44;4703516;118296960.00
2012/07/24;6.51;6.71;6.44;6.53;5279253;140810448.00
2012/07/25;6.35;6.48;6.30;6.35;2862678;74173640.00
2012/07/26;6.32;6.35;6.11;6.15;2112241;53294068.00
2012/07/27;6.16;6.24;6.00;6.03;1573423;39082592.00
2012/07/30;6.05;6.11;5.87;5.95;1312086;32065624.00
2012/07/31;5.90;5.99;5.74;5.91;931921;22268146.00
2012/08/01;5.90;6.12;5.87;6.11;1221060;29988882.00
2012/08/02;6.10;6.31;6.05;6.16;1539721;38721156.00
2012/08/03;6.15;6.28;6.08;6.26;1203387;30264922.00
2012/08/06;6.23;6.38;6.17;6.34;1002706;25611034.00
2012/08/07;6.31;6.41;6.21;6.27;878329;22447828.00
2012/08/08;6.28;6.31;6.04;6.17;921682;23102534.00
2012/08/09;6.16;6.39;6.11;6.39;1013209;25905812.00
2012/08/10;6.39;6.42;6.20;6.31;951397;24399174.00
2012/08/13;6.29;6.47;6.27;6.27;1062848;27498448.00
2012/08/14;6.27;6.31;6.12;6.29;758307;19150832.00
2012/08/15;6.28;6.43;6.23;6.30;1067676;27651150.00
2012/08/16;6.31;6.40;6.21;6.24;657765;16836722.00
2012/08/17;6.24;6.24;6.00;6.07;911206;22600712.00
2012/08/20;6.02;6.22;5.95;6.15;575916;14262559.00
2012/08/21;6.11;6.78;6.11;6.58;3759398;99608864.00
2012/08/22;6.52;6.77;6.51;6.58;2754478;74397024.00
2012/08/23;6.55;6.62;6.41;6.47;1737301;45881508.00
2012/08/24;6.46;6.52;6.36;6.40;1454833;38051232.00
2012/08/27;6.35;6.49;6.31;6.36;1306272;34005424.00
2012/08/28;6.35;6.42;6.20;6.27;1462012;37263688.00
2012/08/29;6.25;6.37;6.19;6.26;1325418;33926940.00
2012/08/30;6.26;6.33;5.77;5.92;2242452;54961044.00
2012/08/31;5.90;5.95;5.81;5.89;1042886;24941668.00
2012/09/03;5.85;6.09;5.82;6.05;1061722;25928220.00
2012/09/04;6.05;6.17;5.99;6.02;646422;15998019.00
2012/09/05;6.02;6.12;6.00;6.07;616572;15214682.00
2012/09/06;6.13;6.13;6.04;6.08;424100;10497386.00
2012/09/07;6.12;6.30;6.12;6.23;1554700;39275916.00
2012/09/10;6.23;6.27;6.15;6.19;1137800;28618492.00
2012/09/11;6.17;6.21;6.14;6.20;675497;16972690.00
2012/09/12;6.24;6.33;6.19;6.27;1029369;26216860.00
2012/09/13;6.26;6.33;6.22;6.23;588166;14988697.00
2012/09/14;6.23;6.31;6.04;6.11;1193599;29831588.00
2012/09/17;6.12;6.12;5.77;5.78;1436754;34487472.00
2012/09/18;5.79;5.91;5.72;5.87;618119;14758562.00
2012/09/19;5.86;5.97;5.81;5.87;468823;11260117.00
2012/09/20;5.90;5.95;5.65;5.67;907518;21351466.00
2012/09/21;5.67;5.72;5.60;5.67;513655;11858905.00
2012/09/24;5.67;5.79;5.62;5.76;392830;9139437.00
2012/09/25;5.76;5.82;5.74;5.76;353840;8321226.50
2012/09/26;5.71;5.72;5.52;5.53;639697;14498922.00
2012/09/27;5.59;5.68;5.50;5.62;963377;21921952.00
2012/09/28;5.70;5.73;5.62;5.72;911934;21070320.00
2012/10/08;5.85;5.85;5.58;5.60;869462;19974918.00
2012/10/09;5.64;5.78;5.61;5.78;1368121;31830984.00
2012/10/10;5.78;5.83;5.73;5.82;994913;23384806.00
2012/10/11;5.84;5.97;5.80;5.94;1742839;42011724.00
2012/10/12;5.96;6.17;5.93;6.10;2446720;60476160.00
2012/10/15;6.10;6.32;6.08;6.29;3900541;99132792.00
2012/10/16;6.29;6.42;6.20;6.31;3325326;85536696.00
2012/10/17;6.25;6.33;6.24;6.32;1093575;27938204.00
2012/10/18;6.30;6.48;6.30;6.45;1997910;52219836.00
2012/10/19;6.46;6.53;6.36;6.36;1339040;35030024.00
2012/10/22;6.37;6.41;6.32;6.40;1022736;26472076.00
2012/10/23;6.40;6.40;6.14;6.15;2148649;54409928.00
2012/10/24;6.12;6.18;6.10;6.17;1307054;32636234.00
2012/10/25;6.12;6.17;6.09;6.15;604802;15087789.00
2012/10/26;6.13;6.24;6.11;6.15;988419;24779178.00
2012/10/29;6.19;6.33;6.12;6.32;2747891;69436848.00
2012/10/30;6.30;6.44;6.26;6.27;2337724;60370664.00
2012/10/31;6.27;6.44;6.26;6.39;1972604;51126712.00
2012/11/01;6.36;6.53;6.30;6.45;2227176;58118712.00
2012/11/02;6.44;6.51;6.40;6.48;1369899;35937992.00
2012/11/05;6.45;6.55;6.33;6.35;1488214;38852440.00
2012/11/06;6.32;6.38;6.24;6.32;1003810;25736716.00
2012/11/07;6.31;6.34;6.21;6.31;901356;22950466.00
2012/11/08;6.28;6.36;6.22;6.25;884215;22655146.00
2012/11/09;6.21;6.27;6.20;6.23;805400;20409246.00
2012/11/12;6.22;6.30;6.17;6.29;881255;22355958.00
2012/11/13;6.29;6.29;6.17;6.22;838115;21191328.00
2012/11/14;6.23;6.30;6.20;6.30;758814;19320666.00
2012/11/15;6.27;6.42;6.20;6.29;1468128;37811988.00
2012/11/16;6.24;6.32;6.18;6.23;1620505;40964168.00
2012/11/19;6.22;6.45;6.17;6.45;2293977;58878116.00
2012/11/20;6.47;6.77;6.42;6.72;5156991;139533312.00
2012/11/21;6.67;6.76;6.64;6.72;2416599;65879824.00
2012/11/22;6.72;6.75;6.60;6.69;1219163;33067106.00
2012/11/23;6.66;6.96;6.66;6.79;2752596;76518080.00
2012/11/26;6.77;6.90;6.76;6.81;2054510;56989324.00
2012/11/27;6.77;6.82;6.55;6.69;2055895;55509508.00
2012/11/28;6.61;6.67;6.27;6.40;2325477;61248592.00
2012/11/29;6.39;6.42;6.22;6.30;1695003;43564380.00
2012/11/30;6.31;6.43;6.27;6.39;1065778;27586328.00
2012/12/03;6.34;6.58;6.34;6.49;2423480;63966688.00
2012/12/04;6.49;6.56;6.18;6.49;2999592;77815656.00
2012/12/05;6.48;6.73;6.45;6.68;3948600;106235992.00
2012/12/06;6.68;6.77;6.64;6.74;2147171;58487104.00
2012/12/07;6.67;6.68;6.34;6.42;4387690;115257408.00
2012/12/10;6.36;6.41;6.25;6.38;2631656;67750808.00
2012/12/11;6.37;6.56;6.35;6.50;2285733;60080092.00
2012/12/12;6.50;6.50;6.30;6.38;1699337;44123416.00
2012/12/13;6.32;6.37;6.24;6.25;1348753;34584592.00
2012/12/14;6.23;6.45;6.23;6.37;1817226;47131748.00
2012/12/17;6.39;6.55;6.37;6.43;2580317;67732984.00
2012/12/18;6.43;6.44;6.05;6.12;3022804;76777448.00
2012/12/19;6.09;6.22;6.05;6.18;1686113;42078688.00
2012/12/20;6.15;6.20;6.07;6.18;1364145;33982340.00
2012/12/21;6.17;6.39;6.15;6.33;2126596;54543316.00
2012/12/24;6.32;6.68;6.28;6.58;3136662;83494872.00
2012/12/25;6.58;6.74;6.57;6.65;3540992;95582200.00
2012/12/26;6.66;7.04;6.55;6.98;4070022;112483648.00
2012/12/27;6.94;7.23;6.85;7.00;4248050;121465912.00
2012/12/28;6.95;7.19;6.95;7.07;2482623;71416256.00
2012/12/31;7.09;7.32;6.97;7.20;2683029;77917440.00
2013/01/04;7.16;7.22;6.90;7.13;2508406;72114808.00
2013/01/07;7.13;7.31;7.08;7.15;2444529;71067288.00
2013/01/08;7.16;7.33;7.08;7.22;2948670;86485016.00
2013/01/09;7.18;7.30;6.98;7.07;1827052;52971464.00
2013/01/10;7.08;7.12;6.92;6.98;2037077;58149284.00
2013/01/11;7.01;7.30;6.99;7.29;2677652;77551168.00
2013/01/14;7.34;7.96;7.30;7.85;3923221;122236688.00
2013/01/15;7.98;8.03;7.65;7.84;5200780;165316560.00
2013/01/16;7.80;7.82;7.57;7.68;3076676;96034376.00
2013/01/17;7.67;7.75;7.60;7.69;1670864;52060244.00
2013/01/18;7.70;7.77;7.55;7.60;2223582;68905928.00
2013/01/21;7.64;7.89;7.60;7.76;3050462;96415360.00
2013/01/22;7.72;7.85;7.37;7.49;2742058;85236160.00
2013/01/23;7.45;7.62;7.37;7.55;1847309;56046876.00
2013/01/24;7.55;7.64;7.34;7.38;2104264;63825712.00
2013/01/25;7.38;7.62;7.37;7.58;3111568;94301816.00
2013/01/28;7.62;7.72;7.52;7.65;2517155;78026056.00
2013/01/29;7.66;7.83;7.61;7.76;2543563;79823536.00
2013/01/30;7.73;7.77;7.48;7.55;2271836;70009696.00
2013/01/31;7.55;7.60;7.43;7.59;1103659;33611484.00
2013/02/01;7.55;7.60;7.47;7.59;1301688;39755632.00
2013/02/04;7.59;7.59;7.33;7.40;1957622;59123244.00
2013/02/05;7.37;7.59;7.34;7.58;1499085;45693312.00
2013/02/06;7.55;7.68;7.52;7.58;1502166;46245556.00
2013/02/07;7.58;7.78;7.57;7.69;1546263;48239508.00
2013/02/08;7.70;8.10;7.67;8.00;2785136;89455832.00
2013/02/18;8.02;8.14;7.86;7.86;2362377;76335408.00
2013/02/19;7.86;8.08;7.81;8.01;3201915;103621232.00
2013/02/20;8.01;8.33;7.98;8.27;3003247;99554744.00
2013/02/21;8.22;8.33;7.87;8.02;2835481;93064712.00
2013/02/22;8.02;8.14;7.85;7.89;1412600;45750100.00
2013/02/25;7.90;8.02;7.82;8.02;1477169;47415932.00
2013/02/26;7.99;8.20;7.90;8.06;2039279;66800428.00
2013/02/27;8.02;8.10;7.72;7.84;1996329;63608560.00
2013/02/28;7.67;7.67;7.40;7.62;3752219;114580104.00
2013/03/01;7.60;7.71;7.50;7.63;2828332;87171704.00
2013/03/04;7.55;7.89;7.50;7.64;3223871;100752560.00
2013/03/05;7.65;7.92;7.64;7.87;2128367;67279736.00
2013/03/06;7.93;8.14;7.91;8.07;2779410;90619968.00
2013/03/07;8.06;8.10;7.81;7.88;1909107;61445964.00
2013/03/08;7.87;8.05;7.80;7.84;963367;30926128.00
2013/03/11;7.84;8.01;7.65;7.89;1251803;40094776.00
2013/03/12;7.89;7.94;7.36;7.50;2442407;75167648.00
2013/03/13;7.50;7.53;7.38;7.45;1013426;30549840.00
2013/03/14;7.43;7.58;7.42;7.53;799769;24408008.00
2013/03/15;7.53;7.72;7.44;7.56;1353229;41772320.00
2013/03/18;7.47;7.56;7.27;7.29;1974926;59089164.00
2013/03/19;7.29;7.36;7.05;7.11;1916402;55643448.00
2013/03/20;7.10;7.42;7.10;7.42;1411346;41691108.00
2013/03/21;7.43;7.53;7.39;7.50;1635989;49546404.00
2013/03/22;7.50;7.50;7.37;7.44;1025866;30922112.00
2013/03/25;7.44;7.57;7.40;7.57;1103182;33482690.00
2013/03/26;7.59;7.62;7.35;7.43;1251922;37765948.00
2013/03/27;7.44;7.80;7.40;7.80;3036508;94451000.00
2013/03/28;7.72;7.93;7.62;7.67;2503487;78654968.00
2013/03/29;7.69;7.91;7.60;7.67;1984301;62379072.00
2013/04/01;7.78;7.78;7.51;7.56;1249689;38538324.00
2013/04/02;7.63;7.91;7.24;7.30;4314340;66794368.00
2013/04/03;7.16;7.48;7.10;7.45;2483082;36892268.00
2013/04/08;7.41;7.86;7.27;7.84;5232422;81772392.00
2013/04/09;7.84;7.89;7.66;7.80;3247581;51014656.00
2013/04/10;7.74;7.79;7.54;7.64;2269674;35126664.00
2013/04/11;7.64;7.91;7.64;7.79;3526050;55823236.00
2013/04/12;7.70;7.83;7.29;7.40;4573322;69521928.00
2013/04/15;7.30;7.43;7.22;7.28;1547071;22909066.00
2013/04/16;7.25;7.38;7.13;7.32;1553508;22881602.00
2013/04/17;7.34;7.60;7.22;7.59;2619694;39275168.00
2013/04/18;7.51;7.61;7.32;7.45;3696954;55483712.00
2013/04/19;7.38;7.58;7.38;7.51;3874444;58758468.00
2013/04/22;7.51;7.76;7.51;7.73;4889657;75514920.00
2013/04/23;7.57;7.71;7.31;7.34;5840749;87792216.00
2013/04/24;7.34;7.48;7.19;7.48;3594529;53612880.00
2013/04/25;7.41;7.53;7.30;7.34;3167599;47471588.00
2013/04/26;7.34;7.38;6.60;6.60;6200312;86472056.00
2013/05/02;6.54;6.54;6.20;6.44;5071222;65628652.00
2013/05/03;6.51;6.65;6.42;6.56;3619738;48092744.00
2013/05/06;6.56;6.71;6.56;6.66;2974317;40047924.00
2013/05/07;6.67;6.86;6.63;6.81;3920665;53541544.00
2013/05/08;6.81;6.94;6.77;6.81;3167136;43857928.00
2013/05/09;6.78;6.84;6.61;6.69;3787474;51332688.00
2013/05/10;6.64;6.70;6.55;6.65;2690228;36123248.00
2013/05/13;6.62;6.78;6.62;6.74;2438265;33253758.00
2013/05/14;6.76;6.76;6.57;6.63;2059288;27707812.00
2013/05/15;6.62;6.81;6.60;6.81;2457860;33549730.00
2013/05/16;6.85;7.04;6.78;6.91;4067032;57127400.00
2013/05/17;6.89;7.00;6.81;6.92;4007164;55920564.00
2013/05/20;6.96;6.99;6.82;6.90;4214194;58646192.00
2013/05/21;6.89;7.10;6.81;7.07;5544723;77872912.00
2013/05/22;7.10;7.15;6.95;6.98;4483732;64081688.00
2013/05/23;6.98;7.01;6.85;6.89;3226479;45409676.00
2013/05/24;6.89;6.94;6.80;6.90;2587433;36075140.00
2013/05/27;6.92;7.20;6.86;7.19;6482804;92721448.00
2013/05/28;7.19;7.23;7.04;7.13;4124952;59447768.00
2013/05/29;7.14;7.36;7.13;7.25;4758963;70082744.00
2013/05/30;7.23;7.51;7.18;7.51;5818837;87266288.00
2013/05/31;7.49;8.14;7.47;7.89;12308004;196888320.00
2013/06/03;7.91;8.17;7.71;7.79;9599620;154634576.00
2013/06/04;7.76;7.76;7.43;7.49;5215204;80003024.00
2013/06/05;7.43;7.64;7.35;7.58;3659099;55575748.00
2013/06/06;7.52;7.57;7.21;7.26;3153745;47194872.00
2013/06/07;7.24;7.38;7.20;7.33;2886558;42588960.00
2013/06/13;7.20;7.21;6.81;6.91;3514677;49361952.00
2013/06/14;6.91;7.10;6.85;7.08;3639515;51374064.00
2013/06/17;7.09;7.12;6.87;7.04;2960895;41998860.00
2013/06/18;7.02;7.34;7.02;7.34;3472450;50541672.00
2013/06/19;7.29;7.32;7.15;7.32;2584138;37863608.00
2013/06/20;7.32;7.32;6.90;6.92;2207926;31918448.00
2013/06/21;6.71;6.89;6.60;6.76;2181859;29797070.00
2013/06/24;6.75;6.75;6.13;6.17;3317801;42864028.00
2013/06/25;6.17;6.31;5.57;6.21;3480381;42396896.00
2013/06/26;6.21;6.36;6.07;6.36;2922701;37069212.00
2013/06/27;6.35;6.59;6.27;6.28;2779616;36053984.00
2013/06/28;6.26;6.41;6.13;6.21;1657491;21037560.00
2013/07/01;6.15;6.37;6.15;6.37;1542254;19683978.00
2013/07/02;6.40;6.71;6.34;6.70;3496421;46401388.00
2013/07/03;6.63;6.71;6.51;6.67;3307124;44315512.00
2013/07/04;6.61;6.73;6.52;6.60;2707614;36407716.00
2013/07/05;6.61;6.73;6.54;6.56;2514643;33990584.00
2013/07/08;6.51;6.72;6.37;6.50;2500389;33237428.00
2013/07/09;6.52;6.64;6.47;6.59;1714995;22820024.00
2013/07/10;6.61;6.72;6.51;6.71;2773668;37346920.00
2013/07/11;6.69;7.24;6.69;7.16;5866489;83230008.00
2013/07/12;7.11;7.30;7.07;7.10;3600240;52263008.00
2013/07/15;7.04;7.51;7.04;7.48;4484314;66781480.00
2013/07/16;7.46;7.66;7.39;7.53;3690291;56053272.00
2013/07/17;7.52;7.52;7.13;7.17;3752648;55605200.00
2013/07/18;7.10;7.44;7.04;7.28;3688511;54684032.00
2013/07/19;7.23;7.54;7.23;7.36;3271702;48963704.00
2013/07/22;7.30;7.82;7.30;7.76;5352690;82797744.00
2013/07/23;7.76;8.13;7.66;8.08;7354217;118686824.00
2013/07/24;8.00;8.24;7.86;8.20;5912276;96389096.00
2013/07/25;8.23;8.23;7.80;7.80;4163530;66960884.00
2013/07/26;7.82;7.92;7.61;7.74;2877487;45071644.00
2013/07/29;7.74;7.89;7.51;7.77;2201927;34233708.00
2013/07/30;7.77;7.80;7.51;7.57;2309856;35645420.00
2013/07/31;7.59;7.89;7.59;7.61;2527130;39533980.00
2013/08/01;7.69;7.95;7.61;7.91;3173875;50139132.00
2013/08/02;8.06;8.06;7.84;7.94;3009134;48200440.00
2013/08/05;7.94;8.46;7.94;8.46;5569670;93148672.00
2013/08/06;8.49;8.72;8.35;8.40;5775329;99183968.00
2013/08/07;8.36;8.56;8.26;8.41;3526940;59885332.00
2013/08/08;8.36;8.73;8.29;8.64;4503637;78062712.00
2013/08/09;8.63;8.75;8.35;8.51;2998264;51629884.00
2013/08/12;8.51;8.56;8.29;8.40;3346609;56581016.00
2013/08/13;8.40;8.62;8.31;8.58;3016173;51801164.00
2013/08/14;8.58;8.63;8.33;8.42;2860606;48839972.00
2013/08/15;8.43;8.44;8.00;8.00;4890871;80769608.00
2013/08/16;7.91;8.11;7.71;7.72;3423600;54839904.00
2013/08/19;7.73;8.07;7.72;8.05;2383983;38381300.00
2013/08/20;8.17;8.56;8.16;8.36;5410438;91508112.00
2013/08/21;8.31;8.40;8.18;8.26;1950527;32536736.00
2013/08/22;8.27;8.40;8.19;8.34;2060014;34743044.00
2013/08/23;8.38;8.38;7.96;8.26;2711364;44852400.00
2013/08/26;8.24;8.80;8.23;8.79;7657433;133441312.00
2013/08/27;8.76;8.84;8.62;8.73;3290201;58005308.00
2013/08/28;8.65;8.69;8.38;8.44;4136905;71312040.00
2013/08/29;8.46;8.74;8.46;8.69;3902379;68304704.00
2013/08/30;8.65;8.70;7.99;8.11;4083337;69035976.00
2013/09/02;8.16;8.65;8.16;8.62;5190596;88979880.00
2013/09/03;8.65;8.73;8.46;8.69;3190929;55723828.00
2013/09/04;8.71;9.55;8.67;9.17;7526946;138175168.00
2013/09/05;9.16;9.65;9.15;9.46;6794333;130126408.00
2013/09/06;9.48;9.59;9.26;9.37;4056470;77217088.00
2013/09/09;9.21;9.36;9.00;9.18;4522360;83597248.00
2013/09/10;9.18;9.28;8.92;9.23;3844797;70378832.00
2013/09/11;9.20;9.20;8.78;8.93;4093529;73798992.00
2013/09/12;8.93;9.04;8.83;8.96;2040664;36850860.00
2013/09/13;8.93;9.04;8.74;8.97;2080981;37451184.00
2013/09/16;8.97;9.16;8.91;9.16;3874021;71088608.00
2013/09/17;9.15;9.21;8.76;8.82;4155647;74660552.00
2013/09/18;8.77;9.04;8.66;9.00;2841113;50958120.00
2013/09/23;9.00;9.36;8.99;9.23;5368551;99374816.00
2013/09/24;9.23;9.44;9.07;9.25;2834025;53231916.00
2013/09/25;9.17;9.24;9.10;9.14;1855804;34263188.00
2013/09/26;9.10;9.46;9.02;9.17;3258122;61044344.00
2013/09/27;9.22;9.40;9.11;9.30;1880723;35247300.00
2013/09/30;9.31;9.78;9.31;9.74;4968822;96928216.00
2013/10/08;9.72;9.97;9.57;9.76;4034138;79547488.00
2013/10/09;9.60;9.81;9.59;9.75;3774608;73633704.00
2013/10/10;9.79;9.91;9.65;9.70;3933841;77400320.00
2013/10/11;9.74;9.83;9.31;9.42;5520522;105321328.00
2013/10/14;9.45;9.70;9.13;9.69;4615934;88224496.00
2013/10/15;9.71;10.34;9.66;10.18;6598285;133127576.00
2013/10/16;10.11;10.11;9.74;9.76;3652675;72573928.00
2013/10/17;9.80;10.01;9.34;9.60;3421253;67154928.00
2013/10/18;9.59;9.84;9.43;9.75;1631998;32043004.00
2013/10/21;9.76;10.12;9.76;10.05;3450411;69725328.00
2013/10/22;10.28;10.37;9.97;9.97;4698033;96636424.00
2013/10/23;9.96;10.28;9.76;9.77;3823336;77097968.00
2013/10/24;9.77;10.01;9.49;9.63;3962728;77473680.00
2013/10/25;9.58;9.75;9.16;9.21;3157415;59798060.00
2013/10/28;9.21;9.36;8.87;9.01;3049481;55557432.00
2013/10/29;9.09;9.24;8.28;8.74;3591091;63340300.00
2013/10/30;8.74;8.95;8.59;8.85;2365986;41988780.00
2013/10/31;8.82;8.82;8.44;8.49;1779019;30817390.00
2013/11/01;8.49;8.73;8.40;8.64;1297362;22550498.00
2013/11/04;8.64;8.93;8.60;8.85;1476447;26263548.00
2013/11/05;8.80;8.94;8.69;8.86;1230452;21972758.00
2013/11/06;8.86;9.08;8.82;8.92;2191943;39786456.00
2013/11/07;8.86;8.90;8.40;8.41;3529082;60779800.00
2013/11/08;8.36;8.52;8.14;8.25;2088382;35112516.00
2013/11/11;8.27;8.46;8.21;8.42;1154454;19445744.00
2013/11/12;8.42;8.60;8.41;8.54;1518981;26137674.00
2013/11/13;8.51;8.54;8.30;8.31;1461544;24728410.00
2013/11/14;8.23;8.57;8.23;8.54;1460566;24987926.00
2013/11/15;8.60;8.78;8.53;8.70;2652505;46591676.00
2013/11/18;9.19;9.40;8.99;9.09;5441438;100619536.00
2013/11/19;9.10;9.29;8.92;9.10;2834785;51919604.00
2013/11/20;9.08;9.13;8.96;9.11;1851516;33767288.00
2013/11/21;9.13;9.13;8.82;8.86;2007234;36304060.00
2013/11/22;8.86;8.97;8.79;8.84;1146150;20511004.00
2013/11/25;8.84;8.93;8.72;8.89;1410957;25235304.00
2013/11/26;8.85;8.91;8.80;8.86;1099410;19644472.00
2013/11/27;8.83;8.95;8.79;8.94;1562254;28005902.00
2013/11/28;8.91;9.01;8.86;8.91;1903955;34399288.00
2013/11/29;8.89;9.22;8.89;9.21;3447730;63464440.00
2013/12/02;9.01;9.10;8.41;8.60;2876507;51090648.00
2013/12/03;8.41;8.78;8.35;8.69;1527237;26647316.00
2013/12/10;9.00;9.00;8.51;8.86;3412038;60569536.00
2013/12/11;8.74;8.74;8.43;8.51;2324313;40089428.00
2013/12/12;8.52;8.61;8.44;8.50;1359274;23404760.00
2013/12/13;8.44;8.57;8.44;8.53;976979;16817886.00
2013/12/16;8.58;8.58;8.21;8.22;1739746;29385168.00
2013/12/17;8.29;8.39;8.17;8.25;982437;16445637.00
2013/12/18;8.25;8.33;8.18;8.30;812096;13550047.00
2013/12/19;8.40;8.41;8.16;8.19;967029;16210509.00
2013/12/20;8.26;8.26;7.77;7.88;1845777;29940954.00
2013/12/23;7.91;8.36;7.84;8.15;2199926;36147140.00
2013/12/24;8.15;8.21;7.91;7.99;2086039;33901108.00
2013/12/25;7.83;7.85;7.39;7.48;12493739;189103232.00
2013/12/26;7.41;7.45;7.24;7.28;10828114;160998832.00
2013/12/27;7.25;7.41;7.20;7.39;8786621;129916216.00
2013/12/30;7.40;7.63;7.40;7.53;8235554;125483600.00
2013/12/31;7.52;7.56;7.42;7.52;5767004;87584528.00
2014/01/02;7.57;7.59;7.48;7.59;6544486;99714656.00
2014/01/03;7.59;7.80;7.55;7.76;10652207;166258160.00
2014/01/06;7.76;7.77;7.53;7.54;5875666;91000312.00
2014/01/07;7.48;7.70;7.45;7.66;4108638;63202968.00
2014/01/08;7.68;7.79;7.60;7.76;4863207;75772536.00
2014/01/09;7.77;8.03;7.72;7.86;7505204;119697488.00
2014/01/10;7.85;7.97;7.62;7.67;4507819;70959352.00
2014/01/13;7.60;7.75;7.45;7.52;3576653;54803616.00
2014/01/14;7.52;7.86;7.48;7.85;3686949;57311968.00
2014/01/15;7.81;7.97;7.77;7.91;5162440;82512744.00
2014/01/16;7.91;8.01;7.82;7.83;3869445;61800544.00
2014/01/17;7.81;7.89;7.68;7.71;3416546;53897104.00
2014/01/20;7.65;7.74;7.41;7.50;5416982;82551040.00
2014/01/21;7.77;8.16;7.77;8.02;12468570;200703520.00
2014/01/22;7.99;8.56;7.95;8.52;16561694;279836768.00
2014/01/23;8.49;8.71;8.42;8.55;9468727;164363952.00
2014/01/24;8.48;8.71;8.47;8.60;6378434;111094392.00
2014/01/27;8.59;8.84;8.51;8.76;9472704;166560016.00
2014/01/28;8.77;8.85;8.47;8.55;7643133;132848088.00
2014/01/29;8.54;8.76;8.52;8.70;5306993;92546944.00
2014/01/30;8.71;8.95;8.66;8.78;6713275;119431096.00
2014/02/07;8.74;9.16;8.67;9.11;7495559;134934704.00
2014/02/10;9.09;9.28;8.95;9.02;14317783;263083424.00
2014/02/11;9.06;9.34;8.97;9.08;9871002;182607200.00
2014/02/12;9.11;9.49;9.10;9.39;11691343;218956064.00
2014/02/13;9.39;9.54;9.14;9.16;11358278;214631376.00
2014/02/14;9.24;9.63;9.24;9.57;12307721;235139616.00
2014/02/17;9.66;9.87;9.49;9.84;12276201;239153536.00
2014/02/18;9.79;10.00;9.70;9.82;9515801;188523680.00
2014/02/19;9.79;9.80;9.43;9.48;13230888;255327840.00
2014/02/20;9.47;9.59;9.17;9.25;8942507;168556016.00
2014/02/21;9.21;9.59;9.21;9.56;7474760;141985408.00
2014/02/24;9.53;9.89;9.33;9.81;9885346;191992736.00
2014/02/25;10.16;10.80;10.16;10.35;45794668;978381504.00
2014/02/26;10.11;10.97;9.86;10.90;31354473;658414464.00
2014/02/27;10.91;11.36;10.37;10.45;22996640;506201184.00
2014/02/28;10.51;10.86;10.03;10.70;14649851;312460544.00
2014/03/03;10.57;11.76;10.47;11.53;18352678;416001920.00
2014/03/04;11.36;11.79;11.22;11.59;10909019;252932048.00
2014/03/05;11.64;11.76;11.24;11.37;8860483;204143760.00
2014/03/06;11.14;11.16;10.80;10.94;10304503;227661616.00
2014/03/07;10.98;11.48;10.93;11.29;9215081;208024272.00
2014/03/10;11.16;11.29;10.41;10.50;10039481;218666128.00
2014/03/11;10.44;10.75;9.89;10.06;13069533;270359136.00
2014/03/12;10.01;10.24;9.55;9.92;10046151;201053680.00
2014/03/13;9.93;10.79;9.82;10.60;11833459;246608000.00
2014/03/14;10.47;10.87;10.30;10.56;9190642;195942288.00
2014/03/17;10.50;11.39;10.42;11.18;9910132;220246848.00
2014/03/18;11.15;11.46;11.09;11.26;6993589;159325568.00
2014/03/19;11.26;11.39;10.97;11.28;6194352;139679168.00
2014/03/20;11.24;11.49;10.81;10.81;7715184;174188656.00
2014/03/21;10.66;11.09;10.31;10.92;7702457;164829664.00
2014/03/24;10.91;11.21;10.67;10.75;6669555;147157216.00
2014/03/25;10.75;11.23;10.64;11.05;6467911;143214064.00
2014/03/26;11.05;11.46;11.00;11.36;7505592;169704800.00
2014/03/27;11.31;11.36;10.89;10.89;6334100;141754512.00
2014/03/28;10.73;10.87;10.06;10.15;8198168;173094272.00
2014/03/31;10.11;10.53;10.02;10.40;5265259;109393216.00
2014/04/01;10.36;10.44;10.10;10.17;6568148;135524128.00
2014/04/02;10.21;10.25;9.70;9.78;7554491;150669600.00
2014/04/03;9.78;10.05;9.71;9.79;5944129;118229552.00
2014/04/04;9.72;10.19;9.71;10.16;7034518;140865248.00
2014/04/08;10.04;10.35;9.95;10.25;4863449;99762984.00
2014/04/09;10.22;10.53;10.21;10.43;4838401;101510992.00
2014/04/10;10.41;10.76;10.36;10.56;5795321;124026616.00
2014/04/11;10.45;10.51;10.24;10.40;3851114;80630376.00
2014/04/14;10.32;10.58;10.24;10.50;3263207;68649896.00
2014/04/15;10.45;10.71;10.41;10.55;4949637;105528512.00
2014/04/16;10.66;10.72;10.27;10.40;4719595;99440280.00
2014/04/17;10.41;10.47;10.20;10.21;3732133;77626448.00
2014/04/18;10.16;10.39;10.10;10.27;3790061;78659368.00
2014/04/21;10.20;10.66;10.20;10.35;5973566;126330736.00
2014/04/22;10.39;10.54;9.75;10.04;10451478;105333240.00
2014/04/23;9.95;10.10;9.78;9.94;5140643;51291452.00
2014/04/24;9.90;9.95;9.36;9.45;9366807;90574736.00
2014/04/25;9.43;9.72;9.38;9.46;6888205;66122304.00
2014/04/28;9.49;9.50;8.58;9.06;11280272;101947280.00
2014/04/29;9.03;9.30;8.93;9.25;5708672;52679652.00
2014/04/30;9.26;9.69;9.23;9.65;7960256;76415176.00
2014/05/05;9.64;10.04;9.59;9.95;8308929;82248472.00
2014/05/06;9.95;10.20;9.92;9.94;8415158;85024192.00
2014/05/07;9.86;10.00;9.75;9.91;5695019;56319968.00
2014/05/08;9.87;10.11;9.83;9.85;5405483;54142548.00
2014/05/09;9.87;9.89;9.65;9.81;3873584;38118412.00
2014/05/12;9.93;10.02;9.81;10.01;5564678;55526440.00
2014/05/13;9.97;10.11;9.80;9.87;3643265;36270676.00
2014/05/14;9.93;9.93;9.54;9.81;5179524;50625276.00
2014/05/15;9.75;9.77;9.30;9.44;4681322;44909584.00
2014/05/16;9.34;9.50;9.23;9.48;3356444;31536182.00
2014/05/19;9.40;9.41;9.20;9.24;2232206;20836624.00
2014/05/20;9.35;9.57;9.30;9.33;3750688;35562876.00
2014/05/21;9.25;9.50;9.18;9.50;2959829;27875092.00
2014/05/22;9.47;9.65;9.42;9.43;3634788;34848824.00
2014/05/23;9.38;9.60;9.37;9.58;2357916;22482478.00
2014/05/26;9.58;9.99;9.58;9.95;7866104;77731832.00
2014/05/27;9.90;9.94;9.77;9.79;4290713;42389160.00
2014/05/28;9.79;9.91;9.64;9.84;4373396;42953276.00
2014/05/29;9.82;9.94;9.64;9.65;4954088;48743460.00
2014/05/30;9.62;9.71;9.41;9.58;4342324;41650568.00
2014/06/03;9.58;9.77;9.47;9.58;3857957;37407812.00
2014/06/04;9.57;9.58;9.33;9.50;4619233;43795788.00
2014/06/05;9.46;9.70;9.35;9.69;3323403;31948650.00
2014/06/06;9.65;9.74;9.56;9.63;3517797;34107660.00
2014/06/09;9.53;9.62;9.40;9.53;3305685;31543176.00
2014/06/10;9.50;9.75;9.47;9.70;3821005;37017080.00
2014/06/11;9.72;9.90;9.64;9.88;5477284;53753748.00
2014/06/12;9.87;10.00;9.84;9.90;6957189;69451312.00
2014/06/13;9.83;9.91;9.70;9.84;6609459;65287352.00
2014/06/16;9.84;10.07;9.77;10.00;8324437;83104280.00
2014/06/17;10.02;10.02;9.74;9.76;4240068;41984312.00
2014/06/18;9.80;9.80;9.55;9.75;4022404;39063588.00
2014/06/19;9.75;9.75;9.36;9.44;3510344;33655304.00
2014/06/20;9.45;9.63;9.33;9.61;3915764;37195252.00
2014/06/23;9.60;9.75;9.60;9.75;3172900;30892884.00
2014/06/24;9.75;9.87;9.67;9.75;2894625;28426494.00
2014/06/25;9.73;9.74;9.61;9.70;2022259;19666104.00
2014/06/26;9.71;9.93;9.71;9.89;5790201;57194884.00
2014/06/27;9.89;10.05;9.89;9.93;6900249;69090856.00
2014/06/30;9.97;10.29;9.97;10.25;9338357;95599040.00
2014/07/01;10.26;10.59;10.21;10.52;11114160;116655800.00
2014/07/02;10.56;10.62;10.23;10.39;9095309;94655112.00
2014/07/03;10.36;10.61;10.28;10.49;9482699;99741288.00
2014/07/04;10.50;10.54;10.23;10.28;7965539;82595336.00
2014/07/07;10.21;10.40;10.20;10.35;5101483;52861072.00
2014/07/08;10.36;10.36;10.20;10.31;4482607;46295940.00
2014/07/09;10.31;10.53;10.22;10.24;7430398;77513608.00
2014/07/10;10.20;10.31;10.17;10.23;3586801;36898052.00
2014/07/11;10.25;10.44;10.23;10.35;5489035;57192096.00
2014/07/14;10.46;10.53;10.30;10.43;5637456;58943560.00
2014/07/15;10.49;10.49;10.19;10.25;6623447;68394728.00
2014/07/16;10.23;10.23;9.72;9.76;12156314;120998488.00
2014/07/17;9.70;9.87;9.61;9.82;6480177;63684956.00
2014/07/18;9.80;9.89;9.68;9.86;5943397;58580040.00
2014/07/21;9.87;9.87;9.66;9.76;4204943;41152656.00
2014/07/22;9.75;9.85;9.72;9.82;3773933;37217884.00
2014/07/23;9.82;9.85;9.53;9.58;6278585;61075440.00
2014/07/24;9.58;9.64;9.21;9.37;7249571;68486224.00
2014/07/25;9.37;9.59;9.37;9.59;3539575;33841988.00
2014/07/28;9.63;9.82;9.63;9.80;6076841;59678316.00
2014/07/29;9.81;10.00;9.80;9.92;6312395;62952024.00
2014/07/30;9.89;10.18;9.83;10.16;9884011;99556496.00
2014/07/31;10.17;10.24;10.04;10.13;7026385;71368520.00
2014/08/01;10.12;10.33;10.05;10.11;12179718;124961744.00
2014/08/04;10.15;10.26;10.03;10.17;10507176;106677488.00
2014/08/05;10.18;10.25;10.06;10.22;7515145;76778168.00
2014/08/06;10.24;10.54;10.19;10.54;16512941;172686720.00
2014/08/07;10.58;10.62;10.34;10.35;10942613;115181672.00
2014/08/08;10.36;10.45;10.28;10.36;7909963;82248872.00
2014/08/11;10.36;10.47;10.24;10.41;11843506;123315672.00
2014/08/12;10.39;10.70;10.36;10.67;17488739;184824960.00
2014/08/13;10.67;11.33;10.57;11.31;24633798;273318624.00
2014/08/14;11.25;11.53;11.07;11.10;17809886;201876752.00
2014/08/15;11.07;11.54;11.07;11.32;15494879;176831952.00
2014/08/18;11.39;11.67;11.32;11.51;14796966;170053088.00
2014/08/19;11.54;11.64;11.20;11.34;16344825;187048848.00
2014/08/20;11.35;11.38;11.18;11.25;8426900;95259968.00
2014/08/21;11.25;11.30;11.05;11.24;8012880;89839944.00
2014/08/22;11.22;11.38;11.20;11.32;8845055;100365400.00
2014/08/25;11.31;11.35;11.07;11.12;8021540;89993768.00
2014/08/26;11.15;11.21;10.70;10.86;9476525;104350072.00
2014/08/27;10.80;11.10;10.80;11.00;6366837;70253240.00
2014/08/28;11.02;11.02;10.74;10.76;6142026;66901396.00
2014/08/29;10.76;11.01;10.74;11.00;4483571;48845944.00
2014/09/01;11.06;11.36;10.98;11.30;8141118;91855344.00
2014/09/02;11.32;11.40;11.21;11.33;10155874;115273456.00
2014/09/03;11.32;11.44;11.26;11.28;12426184;141396864.00
2014/09/04;11.31;11.77;11.29;11.75;18723874;217173280.00
2014/09/05;11.77;12.16;11.77;11.95;17995197;215998848.00
2014/09/09;11.96;12.02;11.71;11.80;14273088;169096288.00
2014/09/10;11.81;12.08;11.67;11.81;13123726;156529968.00
2014/09/11;11.85;12.63;11.85;12.34;25080385;308909056.00
2014/09/18;12.93;13.18;12.16;12.23;39629165;503332992.00
2014/09/19;12.14;13.46;11.93;13.46;49197191;651458688.00
2014/09/22;13.71;13.73;13.23;13.33;40309349;543883520.00
2014/09/23;13.44;13.44;12.93;13.35;24675577;326546240.00
2014/09/24;13.21;13.34;12.96;13.20;20824187;274125344.00
2014/09/25;13.25;13.55;13.02;13.08;18655065;247306496.00
2014/09/26;12.95;13.01;12.77;12.97;11035426;142822720.00
2014/09/29;12.98;13.33;12.98;13.01;15274111;201340864.00
2014/09/30;13.05;13.13;12.96;13.04;7941669;103886240.00
2014/10/08;13.07;13.34;12.85;13.32;15824799;208756272.00
2014/10/09;13.33;13.40;12.99;13.18;12315557;163032256.00
2014/10/10;13.11;13.18;12.93;12.98;10703398;139970896.00
2014/10/13;12.99;13.39;12.98;13.30;16546548;219672256.00
2014/10/14;13.32;13.93;13.23;13.76;25118677;343980512.00
2014/10/15;13.79;13.92;13.45;13.74;17432754;239733376.00
2014/10/16;13.63;14.23;13.41;13.54;18099918;251708832.00
2014/10/17;13.37;13.51;12.60;12.83;18609643;242590416.00
2014/10/20;12.84;13.12;12.81;12.83;12020956;155845664.00
2014/10/21;12.84;12.98;12.60;12.66;10720920;137178464.00
2014/10/22;12.69;12.79;12.19;12.25;13072536;163391568.00
2014/10/23;12.22;12.24;11.70;11.85;15335751;182985136.00
2014/10/24;11.90;12.11;11.84;12.08;7336363;88390760.00
2014/10/27;12.07;12.17;11.85;12.09;6369498;77255704.00
2014/10/28;12.18;12.62;12.18;12.56;10453568;130921432.00
2014/10/29;12.60;12.73;12.50;12.59;10244521;129848536.00
2014/10/30;12.64;12.80;12.45;12.55;8597362;109151656.00
2014/10/31;12.56;12.64;12.20;12.38;10501278;129946752.00
2014/11/03;12.45;12.59;12.40;12.46;7343731;91943080.00
2014/11/04;12.40;12.47;12.16;12.21;7107898;87478864.00
2014/11/05;12.20;12.31;12.01;12.22;5214957;63718992.00
2014/11/06;12.27;12.44;12.25;12.41;5893715;73135928.00
2014/11/12;12.13;12.52;11.75;12.52;9412327;115351160.00
2014/11/13;12.63;12.80;12.40;12.54;11953521;151215168.00
2014/11/14;12.44;12.53;12.13;12.29;5071806;62580148.00
2014/11/17;12.30;12.54;12.15;12.49;6278828;78124352.00
2014/11/18;12.50;12.59;12.30;12.36;4693948;58655460.00
2014/11/19;12.36;12.45;12.23;12.45;5275726;65232456.00
2014/11/20;12.48;12.48;12.28;12.30;3807966;47100872.00
2014/11/21;12.35;12.35;12.19;12.31;6213988;76552288.00
2014/11/24;12.34;12.38;12.11;12.15;12420115;152122576.00
2014/11/25;12.15;12.27;11.85;12.27;17145145;207246672.00
2014/11/26;12.29;12.29;12.06;12.13;11077445;135103408.00
2014/11/27;12.15;12.39;12.13;12.22;9742653;119539712.00
2014/11/28;12.23;12.91;12.23;12.83;29703145;377422816.00
2014/12/01;12.85;12.86;12.43;12.60;15451073;195628672.00
2014/12/02;12.60;12.81;12.48;12.69;13359057;170061664.00
2014/12/03;12.65;12.67;12.21;12.53;19021612;236964016.00
2014/12/04;12.47;12.79;12.41;12.58;18788178;237896720.00
2014/12/05;12.58;12.78;11.87;12.14;19589884;243005856.00
2014/12/08;12.05;12.23;11.88;12.03;13196832;159463600.00
2014/12/09;12.04;12.04;11.32;11.32;19013719;222824144.00
2014/12/10;11.32;11.90;11.30;11.89;11024303;129790440.00
2014/12/11;11.89;12.20;11.73;12.08;8562633;103634376.00
2014/12/12;12.05;12.36;12.05;12.24;8277810;101566416.00
2014/12/15;12.26;13.20;12.26;13.07;28988534;372845888.00
2014/12/16;13.17;13.44;12.86;12.98;22887215;301485504.00
2014/12/17;12.87;12.88;12.57;12.66;12026737;153094112.00
2014/12/18;12.65;13.00;12.45;12.74;11625706;148648656.00
2014/12/19;12.71;12.71;12.15;12.29;10158881;126232640.00
2014/12/22;12.15;12.15;11.53;11.64;11691668;137651840.00
2014/12/23;11.81;12.08;11.65;11.91;7266648;86894400.00
2014/12/24;11.97;12.15;11.93;12.00;4994124;60163152.00
2014/12/25;12.01;12.23;11.93;12.01;5183816;62650764.00
2014/12/26;12.05;12.05;11.72;11.82;7737437;92227264.00
2014/12/29;11.91;11.91;11.45;11.59;7560861;88793656.00
2014/12/30;11.59;11.75;11.50;11.52;5390559;62916572.00
2014/12/31;11.52;11.68;11.20;11.47;9034846;103441416.00
2015/01/05;11.49;11.50;11.15;11.43;8609858;97811136.00
2015/01/06;11.42;12.00;11.29;11.99;14465737;170843760.00
2015/01/07;11.93;11.99;11.65;11.81;8919764;105942688.00
2015/01/08;11.78;11.90;11.70;11.80;5290980;62709568.00
2015/01/09;11.80;12.09;11.75;11.85;8741558;105148752.00
2015/01/12;11.85;12.36;11.85;12.35;17832490;217498816.00
2015/01/20;12.85;13.59;12.57;13.35;47793548;634545152.00
2015/01/21;13.34;13.69;13.08;13.27;24153764;323983808.00
2015/01/22;13.33;13.50;13.04;13.40;20664245;275404288.00
2015/01/23;13.35;13.40;12.88;12.90;14409754;189696912.00
2015/01/26;12.93;13.20;12.93;13.08;8511527;111745208.00
2015/01/27;13.12;13.19;12.85;13.10;10370213;135811216.00
2015/01/28;13.06;13.32;12.96;13.15;8604018;114017824.00
2015/01/29;13.14;13.25;12.98;13.00;6410020;84223008.00
2015/01/30;13.00;13.14;12.73;12.74;6409761;83013552.00
2015/02/02;12.55;12.80;12.55;12.61;5252394;66839944.00
2015/02/03;12.77;12.93;12.45;12.83;8390053;107078992.00
2015/02/04;12.83;13.09;12.63;12.89;8037866;104354808.00
2015/02/05;12.90;13.07;12.70;12.72;6296300;80943160.00
2015/02/06;12.65;12.80;12.40;12.50;7736489;97265624.00
2015/02/09;12.52;12.52;12.12;12.17;4736125;58735912.00
2015/02/10;12.24;13.25;12.15;13.06;17004354;219949600.00
2015/02/11;13.24;14.09;13.15;13.98;37697318;521383008.00
2015/02/12;14.07;14.66;13.72;13.95;40872936;579635392.00
2015/02/13;14.05;14.45;13.95;14.03;28963492;410727168.00
2015/02/16;14.12;14.91;14.11;14.61;26845024;392287488.00
2015/02/17;14.45;14.55;13.91;14.24;18805828;267405696.00
2015/02/25;14.25;14.30;13.80;13.90;13762358;192754800.00
2015/02/26;13.96;14.20;13.85;13.97;12159260;170855696.00
2015/02/27;13.98;14.12;13.87;13.98;11426057;160513664.00
2015/03/02;14.03;14.73;13.90;14.51;19990535;286887552.00
2015/03/03;14.35;14.43;13.97;14.00;20151059;286538720.00
2015/03/04;14.13;14.60;14.13;14.58;21282377;307412768.00
2015/03/05;14.58;15.25;14.55;14.73;23413264;350357088.00
2015/03/06;14.73;15.12;14.28;14.34;15087632;220044640.00
2015/03/09;14.34;14.59;14.13;14.46;11260592;162681328.00
2015/03/10;14.27;14.28;14.05;14.23;15573730;221314768.00
2015/03/11;14.25;14.30;13.97;14.03;11110281;156892736.00
2015/03/12;14.06;14.17;13.69;13.69;15556016;217155536.00
2015/03/13;13.75;14.04;13.75;14.04;8451216;118268232.00
2015/03/16;14.16;14.54;14.16;14.47;19487330;281387776.00
2015/03/17;14.60;14.74;14.38;14.48;21775299;316674432.00
2015/03/18;14.51;14.89;14.40;14.82;22492520;330766912.00
2015/03/19;14.83;14.87;14.45;14.77;20129907;296516672.00
2015/03/20;14.84;15.30;14.84;15.07;24184887;366457728.00
2015/03/23;15.05;15.63;14.97;15.53;30782158;470331584.00
2015/03/24;15.55;15.62;14.73;15.27;28010237;427318880.00
2015/03/25;15.25;15.45;14.96;15.26;23059704;352075488.00
2015/03/26;15.15;15.59;15.02;15.27;21512919;329947648.00
2015/03/27;15.33;16.53;15.33;16.41;37422108;602144384.00
2015/03/30;16.71;16.91;16.25;16.42;31141575;516840576.00
2015/03/31;16.45;16.66;16.15;16.56;22312942;366200864.00
2015/04/01;16.60;17.73;16.58;17.51;29117650;504947744.00
2015/04/02;17.71;18.45;17.34;17.78;29601378;531901760.00
2015/04/03;17.58;18.51;17.18;18.14;25566356;462725440.00
2015/04/07;18.30;18.86;18.23;18.41;21025729;390665472.00
2015/04/08;18.45;18.51;17.05;17.85;26017504;464311520.00
2015/04/09;17.75;17.75;16.55;17.24;21643812;370584320.00
2015/04/10;17.16;17.65;16.65;17.56;19061039;332936928.00
2015/04/13;17.61;18.92;17.23;18.45;27587083;502608576.00
2015/04/14;18.39;18.89;17.85;18.10;19058189;351052960.00
2015/04/15;18.07;18.07;17.15;17.33;16822752;294023456.00
2015/04/16;16.95;18.05;16.93;17.65;14399733;253920512.00
2015/04/17;17.68;18.15;17.40;17.45;15489089;274706592.00
2015/04/20;17.40;17.40;16.45;16.56;19151311;325485280.00
2015/04/21;16.61;17.25;16.61;17.25;11843738;201918672.00
2015/04/22;17.35;17.67;17.35;17.55;13678077;240155968.00
2015/04/23;17.61;17.71;17.18;17.42;15793414;275323392.00
2015/04/24;17.15;17.33;16.75;17.22;15023837;256779600.00
2015/04/27;17.24;17.67;17.24;17.38;15269780;266725568.00
2015/04/28;17.37;17.37;16.45;16.64;16529981;280049152.00
2015/04/29;16.60;17.13;16.46;16.93;10887357;183494064.00
2015/04/30;16.96;17.24;16.79;16.83;11093596;189673744.00
2015/05/04;16.75;16.77;16.46;16.67;9410777;156879696.00
2015/05/05;16.70;17.05;16.55;16.68;12541223;210959392.00
2015/05/06;16.69;17.25;16.51;16.66;11517172;196099136.00
2015/05/07;16.66;17.10;16.48;16.68;9782612;164400256.00
2015/05/08;17.14;17.92;16.89;17.91;25369979;442718240.00
2015/05/11;17.96;18.84;17.96;18.37;29598162;545333760.00
2015/05/12;18.34;18.61;17.92;18.18;20830044;379827488.00
2015/05/13;17.96;18.33;17.47;18.01;23009212;412922048.00
2015/05/14;18.00;18.44;17.85;17.86;15631348;283692512.00
2015/05/15;17.65;17.86;17.21;17.23;15491457;269858112.00
2015/05/18;17.24;17.74;17.23;17.55;13662655;240250272.00
2015/05/19;17.57;18.13;17.25;18.07;22727783;403320032.00
2015/05/20;18.10;18.78;18.09;18.20;28309837;524299072.00
2015/05/21;18.45;19.95;18.25;19.73;33992211;651258112.00
2015/05/22;19.95;20.22;18.93;19.47;30359216;591636032.00
2015/05/25;19.31;20.42;18.75;20.17;27451197;540315776.00
2015/05/26;20.20;20.80;19.68;20.69;27911525;569916672.00
2015/05/27;20.69;20.96;19.98;20.21;22380504;455675808.00
2015/05/28;20.26;20.71;18.23;18.38;30504291;599297536.00
2015/05/29;18.38;18.94;17.52;18.62;22492267;416231232.00
2015/06/01;18.78;20.48;18.68;20.48;26812305;527466688.00
2015/06/02;20.99;22.53;20.98;22.20;36218607;792366528.00
2015/06/03;22.40;22.48;21.29;22.03;22566438;494735616.00
2015/06/04;22.04;22.25;20.04;22.10;21511698;458480896.00
2015/06/05;22.23;23.86;22.22;22.91;25926896;596353792.00
2015/06/08;22.94;23.11;21.48;21.77;21779539;481585728.00
2015/06/09;21.26;22.08;21.17;21.56;13325011;286627776.00
2015/06/10;21.53;22.39;20.98;22.00;16962456;371057344.00
2015/06/11;22.08;23.27;22.07;23.01;20499884;469458464.00
2015/06/12;23.03;23.45;22.48;22.91;18549363;424875008.00
2015/06/15;22.91;23.91;22.49;23.15;23983138;555830336.00
2015/06/16;22.88;22.88;21.30;21.53;18776843;414223104.00
2015/06/17;21.71;22.08;20.12;21.70;15877885;333189600.00
2015/06/18;21.42;22.00;20.57;20.67;13496719;289593088.00
2015/06/19;19.99;20.46;18.60;18.63;13700994;265988768.00
2015/06/23;18.98;19.70;17.71;19.65;15517082;295324128.00
2015/06/24;20.18;20.50;19.28;20.05;17617587;352868928.00
2015/06/25;20.19;20.25;18.68;19.06;11738790;230051632.00
2015/06/26;18.33;18.33;17.15;17.15;14126542;247235616.00
2015/06/29;17.53;17.86;15.43;15.43;19706849;313281248.00
2015/06/30;14.78;16.31;13.89;16.14;27911846;414109152.00
2015/07/01;15.67;16.46;14.52;14.52;19051194;299921536.00
2015/07/02;14.35;14.95;13.07;13.07;23660398;321051296.00
2015/07/03;12.57;13.51;11.76;11.80;23421783;287529088.00
2015/07/06;12.98;12.98;10.82;11.37;25902890;309324640.00
2015/07/07;11.17;11.77;10.23;10.23;29036806;313581312.00
2015/07/08;9.21;11.24;9.21;10.49;46268953;466180000.00
2015/07/09;10.10;11.54;9.99;11.54;25329859;284901408.00
2015/07/10;12.70;12.70;11.98;12.70;9249447;117136936.00
2015/07/13;13.96;13.97;13.63;13.97;24032710;335658272.00
2015/07/14;14.48;15.37;14.06;15.37;55378742;828853120.00
2015/07/15;14.73;15.13;13.83;13.83;27014027;384476864.00
2015/07/16;13.83;14.93;12.78;14.34;24660384;351736192.00
2015/07/17;14.57;15.77;14.49;15.42;18609328;283383872.00
2015/07/20;15.24;16.25;14.98;15.31;24793921;384690432.00
2015/07/21;14.98;15.49;14.83;15.18;15930638;241561472.00
2015/07/22;15.18;15.96;14.99;15.61;19727805;305217472.00
2015/07/23;15.50;16.08;15.08;15.83;23212944;362605664.00
2015/07/24;15.84;16.04;14.84;15.08;22966697;357112064.00
2015/07/27;14.47;15.14;13.57;13.57;17764923;256336256.00
2015/07/28;12.33;13.67;12.25;12.93;19060727;244443648.00
2015/07/29;13.13;13.81;12.44;13.80;13969516;183811616.00
2015/07/30;13.78;14.16;13.07;13.08;15264620;209754880.00
2015/07/31;12.77;13.37;12.48;12.91;8793507;114260104.00
2015/08/03;12.63;12.93;11.68;12.05;11025407;135735472.00
2015/08/04;12.16;13.26;12.16;13.26;13319925;170239328.00
2015/08/05;13.18;13.71;13.06;13.26;13238234;177365264.00
2015/08/06;12.98;13.48;12.78;13.14;7177540;94966168.00
2015/08/07;13.38;13.77;13.29;13.70;10419267;141693296.00
2015/08/10;13.84;14.73;13.75;14.51;12795952;181876320.00
2015/08/11;14.48;14.73;14.31;14.45;13808284;201095120.00
2015/08/12;14.07;14.58;13.98;14.26;12154038;174516064.00
2015/08/13;14.18;14.64;13.87;14.63;12117151;173284288.00
2015/08/14;14.78;14.86;14.40;14.59;13309267;194870256.00
2015/08/17;14.46;14.66;14.21;14.59;10592841;153217712.00
2015/08/18;14.67;14.73;13.13;13.13;14104899;197134960.00
2015/08/19;12.60;13.68;12.19;13.57;13115159;170705952.00
2015/08/20;13.61;13.61;12.58;12.92;9453872;125294360.00
2015/08/21;12.60;13.01;12.26;12.38;8253041;104089040.00
2015/08/24;11.92;12.11;11.14;11.14;12606393;143651360.00
2015/08/25;10.48;11.37;10.02;10.02;19539925;205514752.00
2015/08/26;10.23;11.02;9.99;10.59;26003387;278472704.00
2015/08/27;10.83;11.65;10.69;11.64;17816677;197435360.00
2015/08/28;11.78;12.47;11.47;12.28;18132055;215487856.00
2015/08/31;11.98;12.08;11.53;11.53;10464057;123653304.00
2015/09/01;11.38;11.43;10.38;10.38;12441349;134880000.00
2015/09/02;9.98;11.13;9.88;10.43;9815028;103579448.00
2015/09/07;10.69;11.08;10.34;10.43;16039813;171335888.00
2015/09/08;10.13;11.18;9.98;11.18;28263991;295710816.00
2015/09/09;11.18;11.76;10.88;11.67;33717143;382977376.00
2015/09/10;11.32;12.60;11.22;11.85;29828097;351858048.00
2015/09/11;11.66;11.92;11.36;11.54;21568928;251266688.00
2015/09/14;11.56;11.66;10.38;10.38;21124948;227753200.00
2015/09/15;10.01;10.23;9.53;9.64;21458863;213963312.00
2015/09/16;9.78;10.61;9.65;10.53;20656957;208435248.00
2015/09/17;10.39;10.77;9.93;9.98;24995842;259972384.00
2015/09/18;10.02;10.17;9.84;10.06;12345390;123991896.00
2015/09/21;9.91;10.73;9.90;10.66;17907973;187083920.00
2015/09/22;10.60;10.87;10.43;10.58;18855691;200782576.00
2015/09/23;10.44;10.67;10.29;10.36;13726106;143863744.00
2015/09/24;10.50;10.76;10.35;10.63;14978851;158191920.00
2015/09/25;10.54;10.69;10.01;10.23;15513477;161250976.00
2015/09/28;10.26;10.64;10.03;10.57;13025550;136072240.00
2015/09/29;10.34;11.11;10.33;10.68;28348718;305618368.00
2015/09/30;10.63;10.74;10.29;10.45;18358213;192463712.00
2015/10/08;10.93;11.11;10.75;11.03;27809776;305181184.00
2015/10/09;10.95;11.67;10.82;11.56;31313270;350257696.00
2015/10/12;11.47;12.13;11.42;11.92;37001930;437843232.00
2015/10/13;11.77;11.94;11.61;11.81;23773724;280241536.00
2015/10/14;11.78;11.89;11.61;11.73;20221955;237652032.00
2015/10/15;11.67;12.32;11.61;12.18;35395303;425275744.00
2015/10/16;12.22;12.29;11.83;12.16;36120229;436588384.00
2015/10/19;12.27;12.64;12.00;12.56;42943831;529376160.00
2015/10/20;12.48;12.68;12.22;12.64;36010333;447923072.00
2015/10/21;12.76;12.76;11.37;11.38;40632656;488543936.00
2015/10/22;11.51;12.52;11.45;12.52;58979267;713980672.00
2015/10/23;13.18;13.77;12.86;13.77;88199063;1190798336.00
2015/10/26;13.88;14.75;13.40;14.26;74648305;1043488640.00
2015/10/27;14.24;15.69;14.08;15.69;74685796;1120333824.00
2015/10/28;15.58;15.67;14.68;14.84;50935176;774379648.00
2015/10/29;14.68;15.65;14.66;15.31;44027441;667437120.00
2015/10/30;15.68;16.35;15.22;15.22;50220778;790793920.00
2015/11/02;14.36;15.06;13.70;13.87;53883976;768165312.00
2015/11/03;13.96;14.18;13.51;13.79;30097904;416851392.00
2015/11/04;13.85;14.59;13.85;14.53;54382436;781282496.00
2015/11/05;14.42;14.54;13.81;14.10;58470703;830233152.00
2015/11/06;14.09;14.57;14.02;14.35;33578403;482198944.00
2015/11/09;14.33;15.01;13.98;14.85;49293672;716054976.00
2015/11/10;14.58;14.94;14.36;14.51;41713416;610568576.00
2015/11/11;14.60;15.13;14.42;15.03;41131219;611613952.00
2015/11/12;15.36;15.96;15.23;15.48;48388701;753384192.00
2015/11/13;15.06;15.46;14.49;14.59;42371562;632857280.00
2015/11/16;14.26;14.79;14.08;14.78;20128403;293025344.00
2015/11/17;14.93;15.61;14.89;15.08;39904427;608855744.00
2015/11/18;15.21;16.59;15.10;16.11;86649723;1421935104.00
2015/11/19;15.98;16.72;15.73;16.63;48487696;788846336.00
2015/11/20;16.68;17.14;16.20;16.60;30833649;509507008.00
2015/11/23;16.56;16.98;15.98;16.07;29191654;482708800.00
2015/11/24;16.09;16.28;15.58;16.23;25331409;401964000.00
2015/11/25;16.03;16.63;15.96;16.31;23064663;375926176.00
2015/11/26;16.46;16.62;15.81;15.89;23778686;386845408.00
2015/11/27;15.38;15.76;14.38;14.72;25362349;387097184.00
2015/11/30;14.71;15.00;13.68;14.53;21719504;313659264.00
2015/12/01;14.52;14.84;14.43;14.56;14175044;207175376.00
2015/12/02;14.61;14.63;13.77;14.56;17944871;255445280.00
2015/12/03;14.50;14.91;14.47;14.87;12849858;189296640.00
2015/12/04;14.83;15.20;14.68;14.78;15935538;238089104.00
2015/12/07;14.81;15.32;14.64;15.23;17933735;269981440.00
2015/12/08;15.06;15.15;14.57;14.69;14437442;213932640.00
2015/12/09;14.59;14.83;14.19;14.29;12959909;188412608.00
2015/12/10;14.38;14.62;14.13;14.29;11334672;163494224.00
2015/12/11;14.18;14.36;14.04;14.24;7493751;106505664.00
2015/12/14;14.03;14.68;13.98;14.63;10617008;152170032.00
2015/12/15;14.74;14.86;14.50;14.76;10758797;158431680.00
2015/12/16;14.81;14.97;14.66;14.73;10921039;161791344.00
2015/12/17;14.82;15.13;14.78;15.01;21338535;319193568.00
2015/12/18;15.02;15.13;14.73;15.10;19039989;284424224.00
2015/12/21;15.04;15.53;14.97;15.28;26690897;407816192.00
2015/12/22;15.36;15.36;14.78;15.05;22938984;345321248.00
2015/12/23;15.11;15.43;14.86;14.97;23390262;355210784.00
2015/12/24;14.80;14.92;14.39;14.64;17569482;256604128.00
2015/12/25;14.65;15.46;14.64;15.38;29151802;442306272.00
2015/12/28;15.43;15.52;14.78;14.78;26587488;404312384.00
2015/12/29;14.71;14.84;14.50;14.79;15249957;223958128.00
2015/12/30;14.80;15.17;14.76;15.11;13534413;203612288.00
2015/12/31;15.11;15.31;14.78;14.84;13324879;200801584.00
2016/01/04;14.75;14.84;13.35;13.35;18583958;260209056.00
2016/01/05;12.48;13.45;12.19;12.88;20875738;268474592.00
2016/01/06;13.04;13.26;12.80;13.13;16351319;213430448.00
2016/01/07;12.77;12.78;11.82;11.83;4803200;59175888.00
2016/01/08;12.08;12.31;11.34;12.00;17376600;209302528.00
2016/01/11;11.78;12.11;10.93;10.97;21005892;242446560.00
2016/01/12;11.13;11.23;10.78;11.16;20382523;225225856.00
2016/01/13;11.26;11.31;10.67;10.68;15347071;170061984.00
2016/01/28;9.61;9.88;9.61;9.61;43246501;417935392.00
2016/01/29;9.30;9.91;9.00;9.74;28622385;273406688.00
2016/02/01;9.70;9.87;9.50;9.65;14667174;142333216.00
2016/02/02;9.69;10.12;9.65;10.06;14283291;142475472.00
2016/02/03;9.88;10.18;9.82;10.13;12878307;129196240.00
2016/02/04;10.18;10.41;10.18;10.27;12395745;127894584.00
2016/02/05;10.32;10.37;10.15;10.18;8477821;87040160.00
2016/02/15;9.86;10.43;9.69;10.34;10695621;109276952.00
2016/02/16;10.43;10.78;10.37;10.71;13432448;143306528.00
2016/02/17;10.73;10.76;10.48;10.73;11964169;127580480.00
2016/02/18;10.82;10.88;10.65;10.72;13766535;148654960.00
2016/02/19;10.70;10.78;10.57;10.68;9811499;104848344.00
2016/02/22;10.78;10.89;10.73;10.87;13792046;149590928.00
2016/02/23;10.86;10.88;10.53;10.71;12103753;129802000.00
2016/02/24;10.63;10.78;10.48;10.73;11420522;121808560.00
2016/02/25;10.73;10.74;9.66;9.69;19300582;196601104.00
2016/02/26;9.81;9.89;9.44;9.65;14233484;138137232.00
2016/02/29;9.67;9.67;8.68;8.82;26814229;240747840.00
2016/03/01;8.78;9.12;8.64;9.01;22013600;195599824.00
2016/03/02;9.03;9.50;8.99;9.44;20574712;190387376.00
2016/03/03;9.46;9.70;9.37;9.51;20637481;197392240.00
2016/03/04;9.50;9.56;8.99;9.08;21732757;201497248.00
2016/03/07;9.19;9.45;9.18;9.30;16525699;154467312.00
2016/03/08;9.32;9.43;8.87;9.42;17620984;161865040.00
2016/03/09;9.22;9.41;9.10;9.21;16878339;156171168.00
2016/03/10;9.19;9.26;9.02;9.09;10683537;98107792.00
2016/03/11;8.98;9.15;8.93;9.09;9056383;82068288.00
2016/03/14;9.23;9.57;9.21;9.48;17923665;169743632.00
2016/03/15;9.43;9.50;9.33;9.38;11129159;104888992.00
2016/03/16;9.45;9.49;9.20;9.21;11182257;104496936.00
2016/03/17;9.28;9.63;9.25;9.54;16940430;160468496.00
2016/03/18;9.58;10.04;9.58;10.00;24155322;238815808.00
2016/03/21;10.18;10.31;9.96;10.16;28783328;292065888.00
2016/03/22;10.05;10.16;9.97;10.09;21840922;220419552.00
2016/03/23;10.01;10.15;9.97;10.14;21821528;220062016.00
2016/03/24;10.03;10.06;9.87;9.89;22869483;228715904.00
2016/03/25;9.90;10.36;9.88;10.35;35640727;363100480.00
2016/03/28;10.37;10.64;10.06;10.13;29785853;307971680.00
2016/03/29;10.04;10.12;9.73;9.82;19911328;197576992.00
2016/03/30;9.91;10.18;9.90;10.17;22759297;229033728.00
2016/03/31;10.20;10.30;10.13;10.19;20487929;209977920.00
2016/04/01;10.15;10.28;10.08;10.26;19726247;201377248.00
2016/04/05;10.28;10.42;10.13;10.42;23701979;245046384.00
2016/04/06;10.43;10.52;10.28;10.42;18100143;188746656.00
2016/04/07;10.48;10.52;10.24;10.25;18443990;191030032.00
2016/04/08;10.16;10.17;9.96;10.12;14907086;150306416.00
2016/04/11;10.20;10.62;10.16;10.56;31220042;325455488.00
2016/04/12;10.52;10.55;10.27;10.34;16111776;167534208.00
2016/04/13;10.46;10.64;10.41;10.47;25525324;269454912.00
2016/04/14;10.56;10.63;10.43;10.62;19680398;208000464.00
2016/04/15;10.65;10.65;10.47;10.56;12853839;135851856.00
2016/04/18;10.48;10.53;10.26;10.31;14841324;153774064.00
2016/04/19;10.35;10.40;10.29;10.36;9412006;97505368.00
2016/04/20;10.37;10.51;9.49;9.71;26939113;268236864.00
2016/04/21;9.73;9.82;9.53;9.55;12945136;125995712.00
2016/04/22;9.55;9.63;9.46;9.62;12057256;115354464.00
2016/04/25;9.56;9.56;9.36;9.50;10336649;97759480.00
2016/04/26;9.51;9.64;9.45;9.64;8060797;77046120.00
2016/04/27;9.66;9.71;9.55;9.58;8123426;78455248.00
2016/04/28;9.58;9.62;9.36;9.53;12280847;116551816.00
2016/04/29;9.48;9.57;9.45;9.52;6138052;58538764.00
2016/05/03;9.56;9.96;9.48;9.92;15280807;150066096.00
2016/05/04;9.86;10.08;9.83;10.02;14823135;148509568.00
2016/05/05;9.97;10.02;9.84;9.99;10917972;108678616.00
2016/05/06;9.98;10.03;9.52;9.55;17547618;170984912.00
2016/05/09;9.47;9.47;9.19;9.25;14000781;130825528.00
2016/05/10;9.29;9.31;9.18;9.30;8877631;82318928.00
2016/05/11;9.33;9.62;9.21;9.38;13410550;126679488.00
2016/05/12;9.24;9.33;9.01;9.27;11127348;102471264.00
2016/05/13;9.24;9.40;9.18;9.20;8773923;81543288.00
2016/05/16;9.16;9.29;9.09;9.29;8924076;82396264.00
2016/05/17;9.32;9.46;9.17;9.30;10928464;102062720.00
2016/05/18;9.23;9.25;8.95;9.05;11763559;107174456.00
2016/05/19;9.06;9.23;9.03;9.05;9817533;89758632.00
2016/05/20;9.02;9.14;8.96;9.13;6429869;58365012.00
2016/05/23;9.16;9.22;9.12;9.20;6531511;60087700.00
2016/05/24;9.18;9.18;9.00;9.09;6950203;63279512.00
2016/05/25;9.16;9.22;9.10;9.14;6653844;61130752.00
2016/05/26;9.14;9.19;9.00;9.18;7950227;72418288.00
2016/05/27;9.14;9.21;9.11;9.16;6372875;58525216.00
2016/05/30;9.09;9.14;9.03;9.06;6895744;62751768.00
2016/05/31;9.07;9.40;9.07;9.38;16883365;157328912.00
2016/06/01;9.40;9.46;9.36;9.38;12413941;117027256.00
2016/06/02;9.38;9.41;9.31;9.41;9808496;92056808.00
2016/06/03;9.41;9.52;9.36;9.46;12002057;113617168.00
2016/06/06;10.06;10.38;9.79;9.90;39451975;394731392.00
2016/06/07;9.79;10.03;9.78;9.90;20321011;202083216.00
2016/06/08;9.84;9.88;9.63;9.76;15986330;156040144.00
2016/06/13;9.58;9.87;9.47;9.47;15378484;149201904.00
2016/06/14;9.49;9.52;9.35;9.44;10788198;101900816.00
2016/06/15;9.36;9.77;9.25;9.75;15222004;146745552.00
2016/06/16;9.68;9.72;9.51;9.56;12098989;116322776.00
2016/06/17;9.59;9.99;9.59;9.92;23961829;235722320.00
2016/06/20;9.87;9.90;9.72;9.85;11672400;114300248.00
2016/06/21;9.90;9.96;9.61;9.69;13102377;128397824.00
2016/06/22;9.63;9.79;9.61;9.78;7410042;71942536.00
2016/06/23;9.75;9.85;9.68;9.74;8605091;83959672.00
2016/06/24;9.71;9.79;9.35;9.55;13212127;126726536.00
2016/06/27;9.48;9.81;9.44;9.80;10938595;106003920.00
2016/06/28;9.73;10.14;9.71;10.04;26348978;262534960.00
2016/06/29;10.05;10.10;9.88;9.95;14617648;145648480.00
2016/06/30;9.95;10.05;9.83;10.02;12517596;124833768.00
2016/07/01;10.03;10.08;9.89;9.93;12388361;123555176.00
2016/07/04;9.88;10.15;9.83;10.12;17828715;179006096.00
2016/07/05;10.10;10.14;9.99;10.07;14273403;143599520.00
2016/07/06;10.04;10.18;9.99;10.13;14165582;142821856.00
2016/07/07;10.10;10.37;10.09;10.24;24071559;246858752.00
2016/07/08;10.23;10.29;10.14;10.28;14282368;146090112.00
2016/07/11;10.28;10.47;10.22;10.34;22068234;228329840.00
2016/07/12;10.31;10.74;10.28;10.69;37616688;395692672.00
2016/07/13;10.73;10.77;10.57;10.68;28430114;302513408.00
2016/07/14;10.64;10.68;10.52;10.62;16203350;171886416.00
2016/07/15;10.62;10.65;10.46;10.55;14257591;150219776.00
2016/07/18;10.56;10.56;10.32;10.39;19686498;204657600.00
2016/07/19;10.35;10.39;10.20;10.38;14824723;152716432.00
2016/07/20;10.39;10.42;10.34;10.36;9658292;100268152.00
2016/07/21;10.36;10.48;10.28;10.35;13431637;139491168.00
2016/07/22;10.36;10.42;10.30;10.36;10267816;106389280.00
2016/07/25;10.46;10.67;10.36;10.44;25669921;270333120.00
2016/07/26;10.44;10.62;10.42;10.61;17919367;188903536.00
2016/07/27;10.60;10.87;10.14;10.29;43057624;455210880.00
2016/07/28;10.24;10.34;10.05;10.15;21307849;216648576.00
2016/07/29;10.14;10.26;10.11;10.14;9341219;94870528.00
2016/08/01;10.05;10.11;9.84;9.96;12715692;126395320.00
2016/08/02;9.96;10.03;9.91;10.02;7629139;76042176.00
2016/08/03;9.99;9.99;9.91;9.97;8171460;81286568.00
2016/08/04;9.96;10.02;9.91;10.02;7002201;69768808.00
2016/08/05;10.01;10.01;9.93;9.95;6098150;60782640.00
2016/08/08;9.91;10.05;9.89;10.05;6994710;69866304.00
2016/08/09;10.06;10.14;10.03;10.11;7263405;73313256.00
2016/08/10;10.13;10.15;10.01;10.01;7576928;76280040.00
2016/08/11;10.02;10.04;9.93;9.93;6593943;65832080.00
2016/08/12;9.95;10.08;9.93;10.07;6495931;65077972.00
2016/08/15;10.09;10.37;10.08;10.28;16906182;173485392.00
2016/08/16;10.33;10.42;10.28;10.35;12845098;132774632.00
2016/08/17;10.35;10.41;10.28;10.36;12954991;134244096.00
2016/08/18;10.35;10.42;10.29;10.33;10624352;109952928.00
2016/08/19;10.31;10.34;10.20;10.28;11895403;121988256.00
2016/08/22;10.27;10.37;10.23;10.25;10715954;110307576.00
2016/08/23;10.23;10.45;10.23;10.32;12836484;132894976.00
2016/08/24;10.35;10.39;10.25;10.28;8006045;82604608.00
2016/08/25;10.23;10.23;10.00;10.16;13412537;135773376.00
2016/08/26;10.17;10.37;10.16;10.24;11872647;122139536.00
2016/08/29;10.25;10.44;10.25;10.38;11970116;123808880.00
2016/08/30;10.42;10.44;10.29;10.34;9632658;99754344.00
2016/08/31;10.30;10.42;10.24;10.41;13898872;143606048.00
2016/09/01;10.38;10.57;10.38;10.43;20084774;210814384.00
2016/09/02;10.40;10.43;10.29;10.38;11343295;117475304.00
2016/09/05;10.37;10.45;10.33;10.37;9097920;94558576.00
2016/09/06;10.35;10.56;10.22;10.56;16807085;174683360.00
2016/09/07;10.55;10.56;10.42;10.45;13237801;138938256.00
2016/09/08;10.50;10.93;10.48;10.76;41995183;450871328.00
2016/09/09;10.97;11.48;10.96;11.21;79820781;899555648.00
2016/09/12;10.93;11.43;10.88;11.01;46223462;514289472.00
2016/09/13;11.08;11.67;10.96;11.59;54216204;615663744.00
2016/09/14;11.39;11.66;11.26;11.34;28665314;327337856.00
2016/09/19;11.40;11.51;11.25;11.39;23783140;270231136.00
2016/09/20;11.37;11.46;11.04;11.19;25113376;281760768.00
2016/09/21;11.16;11.40;11.12;11.25;18534291;209390544.00
2016/09/22;11.36;11.91;11.36;11.68;35706277;417071712.00
2016/09/23;11.68;11.76;11.47;11.51;17819930;206204480.00
2016/09/26;11.49;11.64;11.01;11.01;23051211;259302352.00
2016/09/27;11.01;11.22;10.87;11.22;16101055;177493360.00
2016/09/28;11.19;11.25;11.07;11.09;9734324;108462016.00
2016/09/29;11.16;11.17;11.00;11.09;13218468;146153072.00
2016/09/30;11.03;11.44;11.03;11.31;19553496;220544368.00
2016/10/10;11.34;11.63;11.22;11.58;20997575;240537168.00
2016/10/11;11.56;11.57;11.39;11.49;15364517;176119040.00
2016/10/12;11.41;11.46;11.31;11.42;12509749;142309872.00
2016/10/13;11.38;11.43;11.31;11.41;9223746;104827800.00
2016/10/14;11.36;11.54;11.31;11.38;12575919;143404432.00
2016/10/17;11.39;11.43;11.04;11.06;20390217;228113424.00
2016/10/18;11.05;11.20;10.95;11.18;13217792;146684544.00
2016/10/19;11.18;11.18;10.99;11.04;12893177;142933040.00
2016/10/20;11.04;11.11;10.96;11.06;11587933;127963872.00
2016/10/21;11.06;11.14;10.90;10.98;10357001;114089128.00
2016/10/24;11.00;11.16;10.99;11.13;11335990;125649976.00
2016/10/25;11.11;11.21;10.98;11.21;18084387;200441552.00
2016/10/26;11.25;11.36;11.12;11.15;20784313;233601696.00
2016/10/27;11.16;11.18;11.03;11.08;9448677;104641768.00
2016/10/28;11.04;11.15;10.82;10.85;12711912;139558032.00
2016/10/31;10.80;10.94;10.73;10.89;8658492;93909384.00
2016/11/01;10.87;11.01;10.84;10.99;10559087;115302320.00
2016/11/02;10.98;11.05;10.83;10.84;9815258;107328544.00
2016/11/03;10.81;11.06;10.77;11.00;15845468;173458320.00
2016/11/04;10.97;11.13;10.94;11.05;12828490;141775392.00
2016/11/07;11.05;11.13;10.90;10.94;9419121;103383696.00
2016/11/08;10.99;11.09;10.98;11.04;10323882;113959480.00
2016/11/09;11.10;11.11;10.85;10.93;14539040;159662048.00
2016/11/10;11.03;11.33;11.02;11.29;22518024;252079312.00
2016/11/11;11.23;11.31;11.18;11.23;15032499;168842000.00
2016/11/14;11.22;11.34;11.16;11.26;13930304;156595904.00
2016/11/15;11.23;11.29;11.16;11.26;9932551;111489632.00
2016/11/16;11.28;11.32;11.20;11.22;10951316;123234520.00
2016/11/17;11.21;11.21;11.08;11.11;7391000;82221824.00
数据来源:通达信
