002810 山东赫达 日线 前复权
      日期	    开盘	    最高	    最低	    收盘	    成交量	    成交额
2016/08/26;11.89;14.27;11.89;14.27;11327;159589.34
2016/08/29;15.70;15.70;15.70;15.70;3058;48010.60
2016/08/30;17.27;17.27;17.27;17.27;2000;34540.00
2016/08/31;19.00;19.00;19.00;19.00;3759;71421.00
2016/09/01;20.90;20.90;20.90;20.90;4655;97289.50
2016/09/02;22.99;22.99;22.99;22.99;2653;60992.47
2016/09/05;25.29;25.29;25.29;25.29;6400;161856.00
2016/09/06;27.82;27.82;27.82;27.82;6100;169702.00
2016/09/07;30.60;30.60;30.60;30.60;20145;616437.00
2016/09/08;33.66;33.66;33.66;33.66;21048;708475.69
2016/09/09;37.03;37.03;37.03;37.03;26100;966483.00
2016/09/12;40.73;40.73;40.73;40.73;72514;2953495.25
2016/09/13;44.80;44.80;44.80;44.80;48516;2173516.75
2016/09/14;49.28;49.28;49.28;49.28;63560;3132236.75
2016/09/19;54.21;54.21;54.21;54.21;139872;7582461.00
2016/09/20;59.63;59.63;59.63;59.63;1266740;75535704.00
2016/09/21;59.01;59.68;55.80;55.92;13260275;761750848.00
2016/09/22;55.00;56.44;53.15;55.44;10009100;548668800.00
2016/09/23;54.88;55.80;53.01;53.13;6399044;347537920.00
2016/09/26;51.85;52.19;48.04;48.37;6916393;346717184.00
2016/09/27;47.88;49.56;47.88;49.35;4142411;202126960.00
2016/09/28;49.35;53.16;48.10;52.00;8490754;435364768.00
2016/09/29;52.40;53.87;51.45;51.55;7551636;394888736.00
2016/09/30;50.00;50.45;48.70;49.18;5121175;253468144.00
2016/10/10;49.99;52.19;49.30;51.83;4395752;224450960.00
2016/10/11;51.79;54.70;51.31;54.10;6998727;373010368.00
2016/10/12;53.20;53.86;52.23;53.45;4812671;255679024.00
2016/10/13;53.11;54.97;52.58;52.90;4638080;249142928.00
2016/10/14;52.12;54.69;51.60;54.69;5051923;270328096.00
2016/10/17;54.34;54.88;52.88;52.94;4062201;218685072.00
2016/10/18;52.64;54.40;52.52;54.23;3352846;179037552.00
2016/10/19;53.84;55.79;53.84;54.18;5249703;286909184.00
2016/10/20;54.00;54.20;52.71;53.17;3823416;203402640.00
2016/10/21;53.00;54.10;52.00;53.69;3315582;176137728.00
2016/10/24;53.50;54.97;53.11;53.97;3115778;168166416.00
2016/10/25;54.00;57.75;53.97;55.56;7506995;420296768.00
2016/10/26;55.55;59.99;55.08;58.44;8503830;492508256.00
2016/10/27;58.00;63.49;56.68;61.96;9272410;555384256.00
2016/10/28;61.01;63.00;59.00;60.15;8608284;526484608.00
2016/10/31;59.00;59.00;56.50;56.61;4937297;283459808.00
2016/11/01;56.61;58.67;56.61;57.60;4785834;276426464.00
2016/11/02;57.24;59.86;57.00;58.50;5246353;306176544.00
2016/11/03;57.91;59.65;56.89;57.02;5349120;311108512.00
2016/11/04;56.88;59.37;56.63;58.77;4637529;269631136.00
2016/11/07;59.15;60.98;58.60;59.14;4019354;239608208.00
2016/11/08;59.05;61.88;58.60;61.20;5252782;316448320.00
2016/11/09;60.90;64.20;59.66;63.15;7350906;456419584.00
2016/11/10;63.18;68.30;62.60;65.49;8243151;536344032.00
2016/11/11;65.30;66.50;62.60;62.91;6393143;411479904.00
2016/11/14;62.20;65.00;62.01;64.00;4216169;267235760.00
2016/11/15;63.95;63.97;62.08;62.42;3059045;192193952.00
2016/11/16;62.20;62.86;58.85;59.70;4651262;279946240.00
2016/11/17;59.61;60.00;58.11;58.82;1456500;85976080.00
数据来源:通达信
