002787 华源包装 日线 前复权
      日期	    开盘	    最高	    最低	    收盘	    成交量	    成交额
2015/12/31;13.87;15.87;13.87;15.87;17901;292676.81
2016/01/04;17.51;17.51;17.51;17.51;5502;99091.02
2016/01/05;19.31;19.31;19.31;19.31;14100;279321.00
2016/01/06;21.29;21.29;21.29;21.29;7700;167783.00
2016/01/07;23.47;23.47;23.47;23.47;9900;237303.00
2016/01/08;25.87;25.87;25.87;25.87;30100;793737.00
2016/01/11;28.51;28.51;28.51;28.51;36600;1061766.00
2016/01/12;31.41;31.41;31.41;31.41;46538;1485027.63
2016/01/13;34.60;34.60;34.60;34.60;52200;1832220.00
2016/01/14;38.11;38.11;38.11;38.11;226501;8745204.00
2016/01/15;41.97;41.97;39.78;41.59;13437695;563859200.00
2016/01/18;38.50;45.49;37.38;41.50;16862368;668055168.00
2016/01/19;39.50;45.70;39.50;45.70;21569705;968569920.00
2016/01/20;49.38;50.32;41.08;41.34;23801000;1107317632.00
2016/01/21;37.30;38.52;37.16;37.16;13522282;513825088.00
2016/01/22;36.50;37.50;34.10;34.40;11486575;409780384.00
2016/01/25;34.90;35.10;33.38;34.43;7902336;274744128.00
2016/01/26;33.65;33.82;30.94;30.94;7918457;256469504.00
2016/01/27;29.70;31.90;28.53;31.40;8388168;255466048.00
2016/01/28;30.20;30.50;28.21;28.30;6595292;196544080.00
2016/01/29;28.30;30.83;28.05;29.68;7069960;212870784.00
2016/02/01;29.31;30.94;28.71;29.71;6672842;202731600.00
2016/02/02;29.17;30.77;29.16;30.40;6099299;187559408.00
2016/02/03;29.50;30.42;29.00;30.01;4995722;150549584.00
2016/02/04;30.25;32.90;30.05;32.25;9285512;301925536.00
2016/02/05;32.07;32.35;30.70;30.90;6921434;219814832.00
2016/02/15;28.80;30.40;28.76;29.89;3731554;112045216.00
2016/02/16;30.18;31.70;30.17;31.32;5563500;176248784.00
2016/02/17;31.40;32.34;31.10;31.70;6801736;219247792.00
2016/02/18;32.24;33.67;31.40;32.56;8696820;285732224.00
2016/02/19;32.05;32.38;31.48;32.16;5218106;169553984.00
2016/02/22;32.90;33.70;32.48;33.68;8093285;272917344.00
2016/02/23;33.36;35.50;33.10;34.69;9084792;317948288.00
2016/02/24;34.40;34.40;32.48;33.44;7329439;247830176.00
2016/02/25;33.07;33.07;30.05;30.05;5858320;186100688.00
2016/02/26;29.90;30.47;28.61;29.18;3810793;114924704.00
2016/02/29;28.99;29.44;26.21;26.49;3860051;106003592.00
2016/03/01;26.50;27.65;25.41;27.26;3645340;99288104.00
2016/03/02;27.21;29.17;27.01;28.95;4591558;131528608.00
2016/03/03;28.62;29.70;28.21;28.28;4338560;127750504.00
2016/03/04;28.01;28.38;26.08;26.53;3642602;100944360.00
2016/03/07;27.00;27.79;26.75;27.21;2255987;62717080.00
2016/03/08;27.20;27.49;25.70;27.44;2887569;78406224.00
2016/03/09;26.88;27.99;26.55;27.44;3150084;87461920.00
2016/03/10;27.31;27.85;26.91;26.97;2536804;70734960.00
2016/03/11;26.15;27.21;26.10;26.82;1904095;51721768.00
2016/03/14;27.38;28.78;27.21;28.08;3793033;108580744.00
2016/03/15;27.86;28.35;27.58;27.78;2336358;66579316.00
2016/03/16;28.13;28.95;27.88;28.15;4338048;125425024.00
2016/03/17;28.04;29.40;28.04;29.11;5096400;149359616.00
2016/03/18;29.10;30.48;29.00;30.31;5920361;180169616.00
2016/03/21;30.61;31.17;30.32;30.95;5543304;173176400.00
2016/03/22;30.50;30.66;30.00;30.25;3658678;112887000.00
2016/03/23;30.28;33.33;30.08;32.53;8066909;259848064.00
2016/03/24;31.75;31.75;30.85;30.85;6563795;208693328.00
2016/03/25;30.40;30.97;29.85;30.29;3525953;108614856.00
2016/03/28;30.61;31.38;29.80;29.92;3261631;101699536.00
2016/03/29;30.00;30.19;28.61;28.90;2830959;83993000.00
2016/03/30;29.30;30.50;29.21;30.49;3455038;104810352.00
2016/03/31;30.64;31.37;30.51;30.82;4120336;129340488.00
2016/04/01;30.86;30.86;29.90;30.33;2398605;73831336.00
2016/04/05;30.31;31.85;30.12;31.55;3705381;117660256.00
2016/04/06;31.35;32.25;31.18;31.59;3925567;126366696.00
2016/04/07;31.60;32.46;31.31;31.68;4636061;149883936.00
2016/04/08;31.25;32.93;30.68;32.71;5385967;173646848.00
2016/04/11;32.82;35.11;32.82;34.34;7409340;257231600.00
2016/04/12;34.65;36.49;33.34;33.54;9538095;339468416.00
2016/04/13;33.50;35.25;33.29;34.48;7808517;272194048.00
2016/04/14;34.50;37.98;34.30;37.98;10161874;375401504.00
2016/04/15;37.98;39.13;37.18;37.30;9831067;378691424.00
2016/04/18;36.43;36.49;35.00;35.25;5648817;203775360.00
2016/04/19;35.80;38.83;35.51;38.83;8072373;302081120.00
2016/04/20;37.19;37.70;34.90;35.39;10697549;393347296.00
2016/04/21;35.50;38.98;35.23;38.98;12971773;501317472.00
2016/04/22;39.50;41.90;37.62;39.73;17295659;691834432.00
2016/04/25;37.65;38.90;36.38;38.50;9601740;367188512.00
2016/04/26;37.82;38.75;37.00;37.97;7545114;288064096.00
2016/04/27;38.01;40.88;37.58;39.37;12018953;482910976.00
2016/04/28;38.56;38.94;36.70;38.76;8721052;334948224.00
2016/04/29;38.60;38.60;37.15;37.39;5457503;208506816.00
2016/05/03;37.39;39.18;36.52;39.01;7052503;272012096.00
2016/05/04;38.31;41.50;38.03;40.35;10421179;418791328.00
2016/05/05;39.85;42.09;39.80;41.88;9823196;407614400.00
2016/05/06;41.55;43.44;40.30;41.35;12889375;549054912.00
2016/05/09;40.50;44.00;39.85;42.49;12061728;516750144.00
2016/05/10;42.49;42.88;38.90;38.98;9228394;378191136.00
2016/05/11;38.90;39.84;36.34;36.37;7735150;297144320.00
2016/05/12;35.40;36.28;33.35;35.71;5525212;196599152.00
2016/05/13;35.40;36.50;34.51;34.70;4292225;155011648.00
2016/05/16;34.80;36.79;34.08;36.79;4983395;180018848.00
2016/05/17;36.65;38.36;36.32;36.95;7580521;287241920.00
2016/05/18;36.10;36.64;34.11;35.49;4726533;171194880.00
2016/05/19;35.50;37.87;35.50;36.43;5540151;207187296.00
2016/05/20;36.03;40.12;35.50;40.12;8928808;344477728.00
2016/05/23;40.40;42.30;40.00;41.80;11000670;460090656.00
2016/05/24;41.30;43.88;40.51;43.27;11265836;482795520.00
2016/05/25;43.08;43.96;41.40;42.89;9046823;393293216.00
2016/05/26;42.30;43.48;40.35;43.36;7368229;312575648.00
2016/05/27;42.72;43.89;41.30;41.44;6774699;290897472.00
2016/05/30;40.50;43.40;40.01;42.26;6471873;276313088.00
2016/05/31;42.26;45.30;42.03;44.22;9942489;442323232.00
2016/06/01;44.20;48.69;44.03;47.87;12107352;562409728.00
2016/06/02;47.00;51.26;46.66;50.87;12474464;611612288.00
2016/06/03;50.74;52.38;48.50;48.51;11329663;572688704.00
2016/06/06;48.65;52.68;48.10;51.93;10341375;521516768.00
2016/06/07;51.65;55.00;50.62;53.55;12264506;651909120.00
2016/06/08;51.78;52.09;49.51;49.53;9434060;483896672.00
2016/06/13;47.80;47.80;44.53;44.53;8032284;374686496.00
2016/06/14;43.10;45.88;43.10;45.45;5340468;243040912.00
2016/06/15;44.99;48.21;44.89;46.92;6518040;310309504.00
2016/06/16;47.38;48.38;45.75;46.21;4978226;236118624.00
2016/06/17;47.00;50.20;46.51;49.60;8441993;415700896.00
2016/06/20;49.45;52.38;48.71;50.25;8182252;419259488.00
2016/06/21;50.50;51.49;47.51;48.40;7347502;371581760.00
2016/06/22;48.39;49.88;47.88;49.35;4700787;232821232.00
2016/06/23;49.40;50.40;49.00;49.35;4438143;222809440.00
2016/06/24;49.56;49.78;45.51;47.78;6465066;312649984.00
2016/06/27;46.99;49.99;46.78;49.70;4901905;242958064.00
2016/06/28;49.51;51.99;49.30;51.69;7460546;386363872.00
2016/06/29;51.41;54.50;49.96;53.88;10396122;548273792.00
2016/06/30;51.65;52.39;48.80;48.97;7730650;396113504.00
2016/07/01;49.95;51.35;49.27;50.13;4573138;232846912.00
2016/07/04;49.70;54.48;48.51;53.17;7156281;378355584.00
2016/07/05;53.30;55.35;53.01;54.50;8810809;483500128.00
2016/07/06;54.49;54.50;51.49;53.25;5517301;297211712.00
2016/07/07;52.92;55.00;52.60;54.20;5000210;269114816.00
2016/07/08;54.03;56.40;53.50;54.25;7957484;440283520.00
2016/07/11;53.00;53.98;50.06;50.18;7199318;371823584.00
2016/07/12;50.02;51.88;49.10;51.75;4805137;244022272.00
2016/07/13;51.79;52.19;50.50;51.12;4117194;211968224.00
2016/07/14;51.12;56.00;50.80;55.22;8356745;448527712.00
2016/07/15;54.99;56.56;54.11;54.74;8247108;457672512.00
2016/07/18;54.00;57.45;54.00;55.73;9199292;516388032.00
2016/07/19;55.39;59.25;54.48;59.01;11656223;666601216.00
2016/07/20;58.38;58.98;56.91;58.51;7830776;454922912.00
2016/07/21;58.54;58.96;55.02;55.20;8492940;478961248.00
2016/07/22;54.90;56.72;53.85;55.40;6396265;354960352.00
2016/07/25;55.00;56.82;53.40;54.45;5459440;301039712.00
2016/07/26;53.95;55.86;53.95;54.66;4274035;234043024.00
2016/07/27;54.33;54.75;49.19;49.28;8103160;415778304.00
2016/07/28;49.28;50.91;48.18;50.80;4802643;239062640.00
2016/07/29;50.12;51.20;49.40;50.20;3276018;164916816.00
2016/08/01;49.00;49.44;45.45;47.16;3435113;162464416.00
2016/08/02;47.21;48.35;47.20;48.10;2335402;111634568.00
2016/08/03;47.91;50.41;47.80;49.62;4074281;200493152.00
2016/08/04;50.10;50.10;49.01;49.58;2636136;130429816.00
2016/08/05;49.54;49.85;47.35;47.87;3528721;171389872.00
2016/08/08;47.31;48.55;45.70;48.35;2716755;128066296.00
2016/08/09;48.20;49.60;47.91;48.84;3303350;161836224.00
2016/08/10;48.69;49.50;48.52;49.23;2817091;138288416.00
2016/08/11;48.88;49.20;47.10;47.14;2840539;136227152.00
2016/08/12;46.71;47.67;46.69;47.32;2189647;103430488.00
2016/08/15;47.57;50.58;47.57;50.01;4314848;212745488.00
2016/08/16;49.83;51.47;49.68;49.78;4391911;221738736.00
2016/08/17;49.75;54.50;49.48;53.64;7212376;377790400.00
2016/08/18;53.10;54.49;52.55;52.85;5214331;277251680.00
2016/08/19;53.02;54.38;52.00;53.25;4758414;253809328.00
2016/08/22;53.26;55.98;52.09;54.30;6012587;325186720.00
2016/08/23;54.55;55.18;52.32;53.00;4627532;246727424.00
2016/08/24;52.01;52.03;50.15;50.56;5924590;301123936.00
2016/08/25;50.56;51.47;49.51;51.07;3876715;196635760.00
2016/08/26;50.64;51.29;49.29;49.55;4219335;212022448.00
2016/08/29;49.39;49.39;48.56;48.76;2148800;105015736.00
2016/08/30;48.83;49.65;48.80;48.91;1742040;85705600.00
2016/08/31;49.04;49.45;47.81;49.29;2551056;123933416.00
2016/09/01;49.29;49.44;48.50;48.51;1705147;83320872.00
2016/09/02;48.17;48.67;47.36;47.64;1774824;85127160.00
2016/09/05;47.99;48.69;47.52;47.79;1560598;75110968.00
2016/09/06;47.60;49.30;46.70;49.20;2532331;121747528.00
2016/09/07;49.00;49.50;48.00;48.33;1977226;96728768.00
2016/09/08;48.01;48.98;48.01;48.50;1157551;56131248.00
2016/09/09;48.52;48.84;48.04;48.08;1393378;67436056.00
2016/09/12;47.01;47.44;45.90;45.90;2214151;103165528.00
2016/09/13;46.30;46.54;45.80;46.07;1006759;46441304.00
2016/09/14;45.90;46.27;45.56;45.81;901817;41419608.00
2016/09/19;45.81;46.87;45.81;46.53;939160;43584408.00
2016/09/20;46.53;47.00;46.27;46.40;963804;44900756.00
2016/09/21;46.58;47.15;46.19;46.88;1511089;70678248.00
2016/09/22;47.18;47.48;46.81;46.85;1283741;60493536.00
2016/09/23;47.11;49.17;46.86;48.80;4082671;197465232.00
2016/09/26;48.60;49.60;47.75;47.94;2631240;127782824.00
2016/09/27;47.75;48.14;45.56;47.35;2580268;120576848.00
2016/09/28;47.23;47.23;46.52;46.88;1151377;53931704.00
2016/09/29;47.08;47.50;46.60;46.94;1165675;54868052.00
2016/09/30;46.97;47.23;46.70;46.96;806648;37877944.00
2016/10/10;47.29;49.45;47.00;49.17;2486101;120660784.00
2016/10/11;49.28;49.62;48.67;49.44;2416035;118593376.00
2016/10/12;49.00;50.39;48.91;49.90;3376661;168140704.00
2016/10/13;49.89;50.14;49.30;49.63;2158038;107250376.00
2016/10/14;49.30;51.02;49.30;50.55;3920759;197492400.00
2016/10/17;50.70;51.80;49.40;49.96;2988098;150175248.00
2016/10/18;49.98;51.10;49.50;51.00;2983460;150252960.00
2016/10/19;53.00;53.00;50.93;51.28;3418164;176325232.00
2016/10/20;51.25;52.88;51.03;52.10;3889221;201993312.00
2016/10/21;51.54;51.80;49.90;51.51;4705754;239915376.00
2016/10/24;51.70;51.85;50.58;51.50;3165595;162204048.00
2016/10/25;51.50;52.47;50.36;50.75;3295384;169873760.00
2016/10/26;50.40;50.95;49.42;50.74;3395939;170150768.00
2016/10/27;50.71;50.87;49.78;50.02;2373587;119422832.00
2016/10/28;49.81;50.17;48.20;48.53;3687537;181434608.00
2016/10/31;48.18;48.98;47.65;48.74;2129287;102638232.00
2016/11/01;48.90;51.49;48.73;51.30;5024594;253794752.00
2016/11/02;51.15;51.62;50.57;51.13;3620979;184977248.00
2016/11/03;50.87;52.44;50.70;50.99;5112991;263884640.00
2016/11/04;51.00;54.38;51.00;53.07;7536202;398609184.00
2016/11/07;52.89;53.93;52.11;52.83;4854414;257663680.00
2016/11/08;52.83;53.29;51.13;52.29;4576499;238279072.00
2016/11/09;52.13;52.92;51.00;52.00;4006759;208682656.00
2016/11/10;52.61;54.00;52.26;53.20;5570490;296623584.00
2016/11/11;53.07;53.76;52.30;52.92;4262208;225711056.00
2016/11/14;52.31;55.31;52.31;55.02;6420420;347709472.00
2016/11/15;55.00;55.00;53.65;54.39;3532853;191417104.00
2016/11/16;54.31;54.89;52.76;52.78;3685745;197824512.00
2016/11/17;52.49;52.96;51.35;51.87;1561100;81042752.00
数据来源:通达信
