002557 洽洽食品 日线 前复权
      日期	    开盘	    最高	    最低	    收盘	    成交量	    成交额
2011/03/02;13.38;13.38;12.59;12.68;12093148;465385696.00
2011/03/03;12.70;12.77;12.39;12.45;4661975;176382288.00
2011/03/04;12.49;12.56;12.39;12.51;1957562;73902880.00
2011/03/07;12.51;12.58;12.43;12.58;2300173;86764968.00
2011/03/08;12.55;12.55;12.44;12.47;1523076;57426008.00
2011/03/09;12.47;12.53;12.44;12.48;1461236;55114080.00
2011/03/10;12.47;12.53;12.39;12.43;1342436;50552140.00
2011/03/11;12.46;12.48;12.40;12.40;1336685;50229576.00
2011/03/14;12.39;12.49;12.39;12.44;906254;34054924.00
2011/03/15;12.41;12.43;12.20;12.28;1914216;71149528.00
2011/03/16;12.26;12.33;12.22;12.28;878347;32656980.00
2011/03/17;12.26;12.26;12.12;12.16;1268056;46815508.00
2011/03/18;12.16;12.24;12.16;12.20;506807;18750034.00
2011/03/21;12.19;12.20;12.13;12.14;708245;26124074.00
2011/03/22;12.14;12.53;12.14;12.40;1993732;74613928.00
2011/03/23;12.37;12.41;12.15;12.28;883873;32845466.00
2011/03/24;12.27;12.33;12.15;12.19;805372;29841800.00
2011/03/25;12.18;12.26;12.18;12.25;568878;21078614.00
2011/03/28;12.25;12.29;12.13;12.19;942200;34829620.00
2011/03/29;12.16;12.19;12.03;12.08;991856;36388720.00
2011/03/30;12.08;12.08;12.00;12.04;631075;23092566.00
2011/03/31;12.02;12.09;11.88;11.90;582579;21201576.00
2011/04/01;11.95;11.98;11.89;11.97;322818;11724436.00
2011/04/07;11.97;12.10;11.92;12.03;485626;17738354.00
2011/04/08;12.03;12.09;11.96;12.02;389397;14232107.00
2011/04/11;12.04;12.07;11.98;12.00;402729;14710011.00
2011/04/12;11.99;12.07;11.97;12.03;433470;15827774.00
2011/04/13;12.00;12.10;11.99;12.10;396699;14523716.00
2011/04/14;12.10;12.13;12.04;12.08;426855;15668164.00
2011/04/15;12.00;12.02;11.80;11.81;976776;35338264.00
2011/04/18;11.83;11.85;11.72;11.75;587178;21078908.00
2011/04/19;11.69;11.69;11.59;11.63;576693;20494988.00
2011/04/20;11.60;11.68;11.60;11.67;332117;11822686.00
2011/04/21;11.67;11.68;11.60;11.62;387237;13768484.00
2011/04/22;11.61;11.61;11.53;11.60;517509;18332196.00
2011/04/25;11.58;11.61;11.41;11.41;456709;16044215.00
2011/04/26;11.41;11.44;11.01;11.22;788130;27164766.00
2011/04/27;11.10;11.21;11.09;11.16;386868;13272693.00
2011/04/28;11.21;11.21;10.87;11.01;497349;16903706.00
2011/04/29;11.00;11.05;10.86;11.03;335487;11373931.00
2011/05/03;11.05;11.07;10.91;11.05;206190;6998612.00
2011/05/04;11.01;11.09;10.95;11.05;294862;10029168.00
2011/05/05;11.00;11.28;10.99;11.21;489361;16859282.00
2011/05/06;11.18;11.22;11.10;11.15;224733;7724928.00
2011/05/09;11.17;11.32;11.17;11.19;219750;7604800.50
2011/05/10;11.20;11.24;11.05;11.06;228699;7825575.00
2011/05/11;11.01;11.10;11.01;11.05;123360;4208725.50
2011/05/12;11.03;11.03;10.88;10.88;271237;9175898.00
2011/05/13;10.89;10.91;10.66;10.83;301964;10100427.00
2011/05/16;10.91;10.91;10.76;10.79;200147;6718015.50
2011/05/17;10.81;10.81;10.66;10.72;165402;5502928.50
2011/05/18;10.72;10.89;10.72;10.87;214077;7190633.00
2011/05/19;10.87;10.88;10.79;10.84;129141;4333757.00
2011/05/20;10.77;10.85;10.73;10.75;132750;4432404.50
2011/05/23;10.70;10.70;10.17;10.17;340850;11076173.00
2011/05/24;10.06;10.14;10.02;10.13;198245;6264367.00
2011/05/25;10.08;10.14;9.84;9.85;173569;5459548.50
2011/05/26;9.91;10.06;9.75;9.75;184109;5733900.00
2011/05/27;9.43;9.63;9.24;9.30;350732;10456379.00
2011/05/30;9.34;9.34;9.12;9.21;186650;5498451.00
2011/05/31;9.23;9.31;9.12;9.30;182859;5381014.00
2011/06/01;9.27;9.39;9.24;9.39;230650;6862867.50
2011/06/02;9.33;9.33;8.88;9.04;697342;20264512.00
2011/06/03;9.04;9.14;8.93;9.05;491359;14284237.00
2011/06/07;9.09;9.14;8.94;9.00;568174;16494148.00
2011/06/08;8.92;9.01;8.71;8.84;826577;23540676.00
2011/06/09;8.84;9.24;8.73;9.08;1241765;36201660.00
2011/06/10;9.08;9.43;8.92;9.43;987794;29120562.00
2011/06/13;9.32;9.59;9.17;9.49;766327;22962408.00
2011/06/14;9.48;9.59;9.31;9.55;695199;20873070.00
2011/06/15;9.41;9.54;9.24;9.24;434350;12951886.00
2011/06/16;9.31;9.31;8.84;8.89;444943;12937195.00
2011/06/17;8.96;9.03;8.45;8.48;836472;23561150.00
2011/06/20;8.53;8.70;8.46;8.68;570139;15913858.00
2011/06/21;8.62;8.91;8.60;8.88;527551;14984896.00
2011/06/22;8.88;8.92;8.83;8.86;141826;4052229.50
2011/06/23;8.86;9.03;8.71;9.02;393928;11291911.00
2011/06/24;8.96;9.38;8.90;9.18;638531;18767104.00
2011/06/27;9.18;9.31;9.17;9.21;312639;9218317.00
2011/06/28;9.22;9.25;9.04;9.14;260144;7600967.00
2011/06/29;9.14;9.29;9.04;9.20;369800;10869389.00
2011/06/30;9.22;9.34;9.04;9.34;440573;12995281.00
2011/07/01;9.33;9.48;9.29;9.40;398563;11923751.00
2011/07/04;9.40;9.63;9.35;9.63;604072;18284070.00
2011/07/05;9.63;9.69;9.55;9.64;323866;9878593.00
2011/07/07;9.83;10.77;9.83;10.28;1897362;61715784.00
2011/07/08;10.19;10.54;10.10;10.38;712278;23043866.00
2011/07/11;10.42;10.92;10.42;10.84;1714823;57132120.00
2011/07/12;10.75;10.75;10.46;10.47;881568;28976484.00
2011/07/13;10.45;10.97;10.45;10.95;1367127;45946724.00
2011/07/14;11.00;11.23;10.80;11.02;1240746;42212524.00
2011/07/15;10.87;11.16;10.87;11.00;1145671;39115848.00
2011/07/18;10.97;11.18;10.93;11.13;909393;31032094.00
2011/07/19;11.01;11.08;10.62;10.64;962733;32046650.00
2011/07/20;10.74;11.33;10.53;11.33;1657528;55921444.00
2011/07/21;11.29;11.48;11.13;11.27;1445407;50298420.00
2011/07/22;11.22;11.72;11.22;11.66;2284611;80936552.00
2011/07/25;11.61;11.79;11.25;11.35;1115077;39431768.00
2011/07/26;11.39;11.54;11.03;11.08;1356492;46944076.00
2011/07/27;11.07;11.07;10.58;10.93;2091748;69812832.00
2011/07/28;10.89;11.40;10.81;11.02;2790562;95543896.00
2011/07/29;10.97;11.20;10.79;10.97;1149242;39006872.00
2011/08/01;11.12;11.12;10.54;10.85;1419669;47042344.00
2011/08/02;10.85;10.85;10.57;10.73;554558;18445178.00
2011/08/03;10.69;10.89;10.62;10.88;775614;25982498.00
2011/08/04;10.93;11.16;10.81;10.94;710862;24105770.00
2011/08/05;10.61;10.77;9.61;10.69;1015431;33460364.00
2011/08/08;10.58;10.66;9.89;10.37;913032;29396508.00
2011/08/09;10.21;10.42;9.95;10.35;758701;24258202.00
2011/08/10;10.50;10.81;10.50;10.64;718486;23725152.00
2011/08/11;10.30;11.11;10.28;11.10;1485859;50172280.00
2011/08/15;11.33;11.50;11.13;11.40;1345357;46727772.00
2011/08/16;11.40;11.40;11.15;11.19;636801;22016620.00
2011/08/17;11.40;11.56;11.21;11.46;1113428;39101004.00
2011/08/18;11.45;11.60;11.12;11.29;472482;16448570.00
2011/08/19;11.07;11.36;10.97;11.33;581457;20000904.00
2011/08/22;11.40;11.46;11.16;11.32;433748;15059393.00
2011/08/23;11.32;11.45;11.21;11.44;639763;22322732.00
2011/08/24;11.32;11.81;11.04;11.28;1530596;40447176.00
2011/08/25;11.23;11.36;11.04;11.18;845836;21869526.00
2011/08/26;10.98;11.57;10.98;11.44;815779;21424504.00
2011/08/29;11.44;11.46;11.21;11.35;603767;15893431.00
2011/08/30;11.36;11.45;11.15;11.17;469883;12299448.00
2011/08/31;11.17;11.19;10.84;10.95;465242;11861079.00
2011/09/01;11.00;11.07;10.89;11.01;225211;5753750.00
2011/09/02;10.87;11.07;10.75;10.85;287156;7276765.00
2011/09/05;10.70;10.86;10.44;10.53;348226;8672681.00
2011/09/06;10.45;11.14;10.29;10.69;663568;16586232.00
2011/09/07;10.79;10.86;10.60;10.75;152581;3833155.50
2011/09/08;10.83;10.90;10.65;10.69;138082;3469360.25
2011/09/09;10.89;10.91;10.49;10.63;136600;3425471.25
2011/09/13;10.43;10.63;10.41;10.57;163797;4037443.00
2011/09/14;10.57;10.61;10.44;10.58;103765;2564678.50
2011/09/15;10.59;10.69;10.57;10.65;117870;2933661.00
2011/09/16;10.69;10.69;10.59;10.61;101100;2517586.50
2011/09/19;10.57;10.57;10.32;10.32;126289;3078828.25
2011/09/20;10.31;10.47;10.20;10.28;174229;4213511.50
2011/09/21;10.28;10.49;10.21;10.45;197331;4823127.50
2011/09/22;10.44;10.48;10.21;10.22;169196;4110466.00
2011/09/23;10.24;10.24;9.99;10.07;163712;3891259.75
2011/09/26;10.08;10.18;9.97;10.02;98951;2346659.75
2011/09/27;10.01;10.07;9.93;9.95;139648;3292116.75
2011/09/28;10.00;10.03;9.72;9.77;131530;3078805.25
2011/09/29;9.77;9.93;9.42;9.72;765167;17724702.00
2011/09/30;9.71;9.77;9.51;9.54;147049;3367785.00
2011/10/10;9.54;9.54;9.21;9.21;217750;4859606.00
2011/10/11;9.41;9.57;8.99;9.10;434262;9597552.00
2011/10/12;9.04;9.30;8.97;9.25;816160;17897004.00
2011/10/13;9.21;9.41;9.16;9.30;640518;14279000.00
2011/10/14;9.31;9.36;9.24;9.34;326144;7262112.50
2011/10/17;9.28;9.55;9.28;9.46;326931;7373321.50
2011/10/18;9.45;9.45;9.16;9.16;227128;5043079.00
2011/10/19;9.13;9.22;9.02;9.11;132919;2914616.75
2011/10/20;9.14;9.17;8.81;8.81;292300;6344499.00
2011/10/21;8.88;9.01;8.64;8.76;145122;3067477.50
2011/10/24;8.79;9.11;8.60;9.06;240441;5143764.00
2011/10/25;9.04;9.27;8.94;9.24;260118;5719899.00
2011/10/26;9.39;10.18;9.38;9.88;1063029;25076774.00
2011/10/27;9.82;10.07;9.72;9.91;291703;6834884.50
2011/10/28;10.03;10.09;9.83;10.04;373822;8842327.00
2011/10/31;10.04;10.31;9.95;10.31;598186;14395084.00
2011/11/01;10.26;10.40;9.98;10.32;710730;17161360.00
2011/11/02;10.17;11.31;10.10;11.21;2282192;57699048.00
2011/11/03;11.31;11.31;11.06;11.13;930585;24176300.00
2011/11/04;11.13;11.31;10.86;10.95;846308;21792066.00
2011/11/07;11.08;11.08;10.86;10.87;264015;6722429.00
2011/11/08;10.81;11.21;10.80;11.05;681060;17543620.00
2011/11/09;11.14;11.68;10.98;11.64;1778078;46949900.00
2011/11/10;11.46;12.23;11.31;11.74;2521538;69075096.00
2011/11/11;11.82;11.97;11.37;11.46;945870;25412650.00
2011/11/14;11.46;11.71;11.36;11.49;948994;25222998.00
2011/11/15;11.52;11.52;11.31;11.36;709524;18694728.00
2011/11/16;11.36;11.46;11.16;11.16;759354;19767560.00
2011/11/17;11.09;11.46;11.09;11.41;717294;18845064.00
2011/11/18;11.36;11.41;11.16;11.22;450679;11787217.00
2011/11/21;11.14;11.36;11.04;11.09;218709;5650950.50
2011/11/22;11.03;11.27;10.98;11.20;181201;4691376.50
2011/11/23;11.21;11.46;11.21;11.41;283738;7454968.00
2011/11/24;11.30;11.92;11.24;11.74;1194515;32211716.00
2011/11/25;11.72;11.89;11.52;11.72;709154;19200702.00
2011/11/28;11.62;11.81;11.61;11.66;399391;10748219.00
2011/11/29;11.67;11.92;11.67;11.92;691049;18841536.00
2011/11/30;11.92;12.01;11.40;11.84;1511376;40842560.00
2011/12/01;12.03;12.13;11.87;11.87;1096192;30131382.00
2011/12/02;11.73;11.73;11.26;11.71;754362;20085594.00
2011/12/05;11.33;11.77;11.31;11.71;369415;9894552.00
2011/12/06;11.58;11.67;11.35;11.67;259957;6907794.00
2011/12/07;11.37;11.72;11.37;11.72;488151;13120302.00
2011/12/08;11.55;11.95;11.55;11.95;355150;9675164.00
2011/12/09;11.88;12.06;11.71;12.03;537496;14714649.00
2011/12/12;11.98;12.08;11.83;12.00;319354;8781051.00
2011/12/13;11.78;11.87;11.45;11.72;461620;12418529.00
2011/12/14;11.66;11.82;11.56;11.72;353606;9537032.00
2011/12/15;11.67;11.72;11.26;11.61;476709;12670281.00
2011/12/16;11.26;11.97;11.26;11.93;277848;7499335.00
2011/12/19;11.94;11.94;11.31;11.86;413163;10986161.00
2011/12/20;11.61;11.69;11.32;11.67;287038;7673852.50
2011/12/21;11.64;11.67;11.41;11.64;139496;3713776.00
2011/12/22;11.42;11.51;10.45;11.11;740033;18629156.00
2011/12/23;10.62;11.05;10.59;10.83;386055;9810480.00
2011/12/26;10.85;11.02;10.59;10.59;654764;16451564.00
2011/12/27;10.55;10.55;9.62;9.87;502824;12086950.00
2011/12/28;9.67;10.69;9.26;10.17;1366358;31111556.00
2011/12/29;10.09;10.46;9.85;10.44;247228;5984993.00
2011/12/30;10.18;10.67;10.16;10.67;365384;8968677.00
2012/01/04;10.45;10.75;10.45;10.54;404831;10055446.00
2012/01/05;10.40;10.66;10.08;10.28;213340;5194583.00
2012/01/06;10.08;10.80;9.62;10.80;479880;11462790.00
2012/01/09;10.59;10.79;10.34;10.69;369837;9147512.00
2012/01/10;10.77;10.84;10.50;10.84;821834;20548960.00
2012/01/11;10.71;10.82;10.54;10.79;392698;9816019.00
2012/01/12;10.69;10.76;10.24;10.54;582077;14321797.00
2012/01/13;10.46;10.62;9.90;9.90;456469;10917355.00
2012/01/16;9.71;9.93;8.70;8.70;887526;19687392.00
2012/01/17;8.75;9.25;8.46;9.21;676637;14504914.00
2012/01/18;9.06;9.36;8.64;9.06;435482;9562245.00
2012/01/19;9.00;9.28;8.85;9.09;358810;7867266.00
2012/01/20;9.35;9.61;9.02;9.57;439922;9961745.00
2012/01/30;9.67;9.70;9.22;9.54;98714;2253618.25
2012/01/31;9.37;9.67;9.37;9.66;123463;2810815.75
2012/02/01;9.54;10.40;9.54;9.79;418134;9855750.00
2012/02/02;9.69;10.06;9.69;9.90;158644;3711542.25
2012/02/03;9.84;10.21;9.84;10.20;285053;6816704.50
2012/02/06;10.22;10.39;10.04;10.17;406768;9735916.00
2012/02/07;9.99;10.15;9.83;9.93;128499;3028460.50
2012/02/08;9.93;10.22;9.79;10.11;130825;3104619.25
2012/02/09;10.11;10.25;9.93;10.03;242971;5801516.00
2012/02/10;9.94;10.09;9.85;10.04;187722;4423670.00
2012/02/13;10.03;10.22;9.85;10.18;165895;3970241.00
2012/02/14;10.17;10.26;10.09;10.26;167809;4027859.00
2012/02/15;10.23;10.23;9.79;10.12;387288;9203364.00
2012/02/16;10.08;10.11;9.82;9.87;376581;8860150.00
2012/02/17;9.87;10.02;9.82;9.95;363095;8519593.00
2012/02/20;10.01;10.07;9.90;9.92;258557;6110825.50
2012/02/21;10.11;10.28;10.03;10.28;811698;19456114.00
2012/02/22;10.28;10.44;10.21;10.40;554920;13456657.00
2012/02/23;10.32;10.90;10.32;10.85;1258632;31341088.00
2012/02/24;10.84;10.95;10.75;10.87;544596;13771309.00
2012/02/27;10.90;10.95;10.79;10.80;571691;14504804.00
2012/02/28;10.79;10.85;10.68;10.85;323474;8131754.50
2012/02/29;10.89;10.93;10.60;10.60;278276;6977384.50
2012/03/01;10.59;10.64;10.52;10.61;226158;5596220.00
2012/03/02;10.58;10.72;10.58;10.69;225663;5625343.50
2012/03/05;10.60;10.81;10.60;10.79;280091;7018934.00
2012/03/06;10.84;10.84;10.65;10.65;182030;4556019.50
2012/03/07;10.55;10.73;10.55;10.60;180462;4499448.50
2012/03/08;10.60;10.85;10.60;10.83;250187;6304488.00
2012/03/09;10.79;10.97;10.79;10.96;402407;10213755.00
2012/03/12;10.91;11.51;10.90;11.31;593837;15479372.00
2012/03/13;11.34;11.34;11.13;11.34;306203;7973314.50
2012/03/14;11.34;11.44;10.70;10.78;582249;15099633.00
2012/03/15;10.78;11.25;10.78;11.21;606529;15617198.00
2012/03/16;11.21;11.91;11.19;11.72;1456208;39212432.00
2012/03/19;11.72;11.90;11.57;11.72;708523;19184368.00
2012/03/20;11.62;11.64;11.38;11.47;407332;10826094.00
2012/03/21;11.46;11.85;11.01;11.40;535368;14175003.00
2012/03/22;11.26;11.40;11.11;11.18;343619;8921477.00
2012/03/23;11.29;11.29;11.08;11.20;283130;7372484.50
2012/03/26;11.21;11.57;11.01;11.56;389377;10318954.00
2012/03/27;11.62;11.87;11.48;11.48;532990;14386522.00
2012/03/28;11.52;11.77;10.78;11.68;1480531;39097704.00
2012/03/29;11.57;12.07;11.21;12.01;1338553;36535712.00
2012/03/30;12.00;12.08;11.51;11.59;672592;18166254.00
2012/04/05;11.55;12.06;11.26;12.02;748104;19979802.00
2012/04/06;11.77;12.07;11.63;11.85;828254;22627268.00
2012/04/09;11.84;12.00;11.52;11.86;480209;13087037.00
2012/04/10;11.81;12.16;11.54;12.15;579226;15843247.00
2012/04/11;11.98;12.32;11.97;12.21;757834;21173490.00
2012/04/12;12.29;12.87;12.21;12.75;2036373;58470096.00
2012/04/13;12.75;12.80;12.55;12.73;1190948;34347184.00
2012/04/16;12.56;12.69;12.08;12.37;956139;26969586.00
2012/04/17;12.21;12.28;11.90;12.09;1102886;30466662.00
2012/04/19;12.33;12.37;12.00;12.03;1275026;35447712.00
2012/04/20;11.99;12.09;11.67;12.01;1049351;28626160.00
2012/04/23;11.77;12.02;11.32;11.34;1078205;28931092.00
2012/04/24;11.32;11.58;11.09;11.55;960905;25170570.00
2012/04/25;11.47;11.47;11.20;11.38;646459;16951834.00
2012/04/26;11.39;11.58;11.25;11.27;501515;13185075.00
2012/04/27;11.27;11.70;11.26;11.66;778570;20624960.00
2012/05/02;11.82;11.82;11.52;11.77;698775;18772902.00
2012/05/03;11.77;11.85;11.67;11.75;364745;9874689.00
2012/05/04;11.75;12.26;11.67;12.26;972116;26769616.00
2012/05/07;11.97;12.50;11.70;12.47;1735468;36093744.00
2012/05/08;12.47;12.49;11.97;12.09;858650;17879086.00
2012/05/09;12.03;12.03;11.67;11.87;657889;13395054.00
2012/05/11;11.57;11.87;11.40;11.63;1458608;29440836.00
2012/05/14;11.63;11.70;11.31;11.48;674887;13352278.00
2012/05/15;11.35;11.65;11.30;11.65;481417;9548410.00
2012/05/16;11.65;11.75;11.44;11.56;331639;6655757.50
2012/05/17;11.49;11.69;11.49;11.65;339545;6829576.50
2012/05/18;11.50;11.65;11.35;11.50;301701;5967156.50
2012/05/21;11.50;11.50;11.32;11.43;164568;3249652.00
2012/05/22;11.52;11.60;11.30;11.58;349642;6936214.00
2012/05/23;11.57;11.58;11.30;11.42;301144;5950582.50
2012/05/24;11.42;11.42;10.93;10.94;668946;12885749.00
2012/05/25;11.03;11.03;10.49;10.89;998540;18595760.00
2012/05/28;10.72;10.89;10.70;10.84;646352;12208965.00
2012/05/29;10.73;11.06;10.73;11.01;436321;8287746.00
2012/05/30;11.03;11.03;10.70;10.79;444723;8393322.00
2012/05/31;10.65;10.87;10.53;10.80;634544;11824377.00
2012/06/01;10.81;11.31;10.77;11.29;1086332;21000782.00
2012/06/04;11.19;11.45;11.10;11.12;500476;9779625.00
2012/06/05;11.11;11.42;11.03;11.29;402214;7861284.50
2012/06/06;11.23;11.44;11.07;11.15;471395;9242629.00
2012/06/07;11.18;11.25;10.76;11.05;589294;11262245.00
2012/06/08;11.18;11.18;10.77;10.87;409236;7762356.50
2012/06/11;10.83;10.99;10.71;10.87;321244;6055685.50
2012/06/12;10.77;10.90;10.73;10.76;168211;3173090.00
2012/06/13;10.77;11.08;10.71;11.07;724356;13771851.00
2012/06/14;10.97;11.31;10.96;11.23;1023163;19952824.00
2012/06/15;11.32;11.32;11.10;11.23;746939;14532382.00
2012/06/18;11.34;11.64;11.15;11.61;1899796;37553236.00
2012/06/19;11.45;11.71;11.43;11.56;1042466;20840428.00
2012/06/20;11.57;11.70;11.25;11.25;610131;12092451.00
2012/06/21;11.25;11.29;11.14;11.23;422153;8203516.00
2012/06/25;11.24;11.35;11.13;11.13;490996;9584201.00
2012/06/26;11.10;11.29;10.78;11.17;453328;8721265.00
2012/06/27;11.03;11.52;11.03;11.35;827080;16196375.00
2012/06/28;11.35;11.47;11.17;11.31;715069;14016090.00
2012/06/29;11.30;11.70;11.03;11.63;1058375;20838562.00
2012/07/02;11.67;12.40;11.61;12.09;2176494;45121812.00
2012/07/03;11.97;12.55;11.90;12.27;1527702;32281448.00
2012/07/04;12.36;12.38;12.03;12.26;1027280;21521820.00
2012/07/05;12.22;12.37;12.05;12.29;779418;16369079.00
2012/07/06;12.30;12.55;12.15;12.49;1081149;22894856.00
2012/07/09;12.49;12.63;12.15;12.21;947220;20098926.00
2012/07/10;12.07;12.13;11.77;11.87;762417;15677884.00
2012/07/11;11.77;12.31;11.67;12.23;582684;12059065.00
2012/07/12;12.19;12.63;12.12;12.47;1161563;24902402.00
2012/07/13;12.51;12.82;12.25;12.65;874708;18803374.00
2012/07/16;12.76;12.82;12.10;12.23;1111012;23947566.00
2012/07/17;12.04;12.23;11.77;12.00;1065666;21925660.00
2012/07/18;11.99;12.30;11.80;12.30;675283;13961826.00
2012/07/19;12.30;12.73;11.92;11.95;1148565;24080992.00
2012/07/20;11.95;12.08;11.72;11.76;1288543;26390020.00
2012/07/23;11.57;11.79;11.43;11.60;547453;10958994.00
2012/07/24;11.59;11.81;11.51;11.63;675488;13618325.00
2012/07/25;11.59;11.70;11.35;11.43;530119;10540364.00
2012/07/26;11.55;11.73;11.37;11.43;1468825;29407048.00
2012/07/27;11.57;11.57;11.15;11.30;937986;18400818.00
2012/07/30;11.31;11.47;10.97;11.10;712867;13771386.00
2012/07/31;11.08;11.13;10.73;10.82;634318;12179684.00
2012/08/01;10.83;11.09;10.77;10.95;628617;12003455.00
2012/08/02;10.96;11.04;10.41;10.42;985152;18379614.00
2012/08/03;10.41;10.77;10.41;10.77;1193980;21996706.00
2012/08/06;10.62;11.07;10.58;11.04;849070;16127992.00
2012/08/07;11.04;11.21;10.99;11.03;435074;8393960.00
2012/08/08;11.15;11.15;10.77;10.91;447979;8536020.00
2012/08/09;10.90;11.17;10.80;11.17;844138;16235801.00
2012/08/10;11.17;11.37;11.17;11.23;560840;10960917.00
2012/08/13;11.23;11.23;10.95;10.95;256446;4958784.00
2012/08/14;10.97;11.09;10.63;10.84;382717;7195083.50
2012/08/15;10.81;10.93;10.50;10.87;314281;5952642.50
2012/08/16;10.82;10.90;10.57;10.90;357631;6675968.50
2012/08/17;10.77;11.07;10.71;10.89;330923;6307007.00
2012/08/20;10.84;10.88;10.63;10.78;363023;6817309.50
2012/08/21;10.83;11.00;10.77;10.85;747980;14179818.00
2012/08/22;10.87;10.89;10.70;10.74;396982;7467746.00
2012/08/23;10.61;10.77;10.61;10.73;451025;8438728.00
2012/08/24;10.69;10.82;10.67;10.71;344172;6452027.00
2012/08/27;10.71;10.73;10.49;10.53;301069;5574992.00
2012/08/28;10.51;10.58;10.42;10.47;401756;7376981.50
2012/08/29;10.47;10.51;10.29;10.29;371729;6806867.50
2012/08/30;10.29;10.35;9.83;10.23;698505;12425459.00
2012/08/31;10.24;10.68;10.09;10.45;436364;7965733.50
2012/09/03;10.23;10.66;10.23;10.55;492486;9080301.00
2012/09/04;10.55;10.80;10.51;10.63;600542;11195323.00
2012/09/05;10.55;11.15;10.55;11.06;735786;13975373.00
2012/09/06;10.97;11.09;10.83;10.95;373800;7126925.50
2012/09/07;11.07;11.43;11.02;11.33;1075300;20986110.00
2012/09/10;11.28;11.36;11.20;11.31;631154;12377092.00
2012/09/11;11.27;11.37;11.03;11.35;280632;5466074.50
2012/09/12;11.38;11.63;11.25;11.42;314690;6251487.00
2012/09/13;11.46;11.50;11.21;11.21;143653;2826633.00
2012/09/14;11.35;11.36;11.10;11.17;211054;4097526.25
2012/09/17;11.18;11.27;10.77;10.77;399555;7712229.50
2012/09/18;10.74;10.82;10.55;10.68;351999;6592230.00
2012/09/19;10.63;10.82;10.61;10.77;219536;4100744.50
2012/09/20;10.70;10.76;10.23;10.25;252741;4631294.00
2012/09/21;10.23;10.65;10.23;10.43;377234;6961753.00
2012/09/24;10.26;10.55;10.23;10.49;534303;9770290.00
2012/09/25;10.49;10.49;10.28;10.34;459954;8386306.50
2012/09/26;10.46;10.48;10.07;10.25;643315;11589495.00
2012/09/27;10.12;10.46;10.12;10.33;438127;7932949.50
2012/09/28;10.33;10.39;10.17;10.36;692249;12526067.00
2012/10/08;10.36;10.45;10.31;10.37;152271;2767297.75
2012/10/09;10.40;10.77;10.37;10.72;536438;9959874.00
2012/10/10;10.69;10.79;10.58;10.72;309786;5801277.00
2012/10/11;10.72;10.72;10.55;10.57;243900;4519135.00
2012/10/12;10.60;10.78;10.52;10.75;245518;4569513.50
2012/10/15;10.78;10.79;10.50;10.59;185488;3444769.50
2012/10/16;10.60;11.03;10.60;10.90;629416;11988882.00
2012/10/17;11.03;11.03;10.77;10.90;253414;4813122.50
2012/10/18;10.87;11.00;10.82;10.94;291915;5555518.00
2012/10/19;10.97;10.98;10.69;10.74;206797;3900882.50
2012/10/22;10.74;10.93;10.72;10.88;186654;3538365.00
2012/10/23;10.81;10.95;10.65;10.66;131432;2473572.50
2012/10/24;10.60;10.77;10.41;10.63;221552;4108280.75
2012/10/25;10.67;10.73;10.57;10.61;114632;2135441.75
2012/10/26;10.90;11.70;10.70;11.09;1806683;34797600.00
2012/10/29;11.17;11.17;10.65;10.72;521932;9891746.00
2012/10/30;10.63;10.82;10.37;10.47;432276;8000317.50
2012/10/31;10.50;10.59;10.42;10.55;256837;4731940.00
2012/11/01;10.57;10.86;10.47;10.86;650757;12220324.00
2012/11/02;10.90;11.00;10.73;10.97;427263;8115760.50
2012/11/05;10.97;11.03;10.72;10.80;314626;5930253.50
2012/11/06;10.83;10.85;10.23;10.57;1537142;28157382.00
2012/11/07;10.53;10.63;10.35;10.39;828061;15180027.00
2012/11/08;10.37;10.41;10.25;10.27;362109;6564566.50
2012/11/09;10.26;10.33;10.25;10.29;350280;6329676.50
2012/11/12;10.31;10.42;10.15;10.22;399691;7196232.00
2012/11/13;10.22;10.23;10.00;10.01;377849;6718216.50
2012/11/14;10.01;10.12;9.95;9.98;267909;4722998.50
2012/11/15;9.98;10.04;9.86;9.94;226500;3979700.75
2012/11/16;9.93;9.93;9.65;9.83;303270;5249184.00
2012/11/19;9.86;9.92;9.68;9.75;276270;4788164.00
2012/11/20;9.82;9.87;9.62;9.75;291365;5034453.50
2012/11/21;9.75;9.80;9.60;9.73;292432;5037526.00
2012/11/22;9.75;9.87;9.71;9.87;251360;4350756.50
2012/11/23;9.83;9.91;9.81;9.85;548804;9580653.00
2012/11/26;9.74;9.86;9.66;9.66;137186;2359411.25
2012/11/27;9.57;9.57;9.29;9.32;604744;10103654.00
2012/11/28;9.37;9.37;8.89;8.91;648676;10530053.00
2012/11/29;8.89;9.07;8.71;8.83;507514;8096222.50
2012/11/30;8.77;8.93;8.73;8.77;494071;7855642.50
2012/12/03;8.77;8.88;8.53;8.53;346168;5449084.00
2012/12/04;8.50;8.73;8.37;8.69;651271;10089373.00
2012/12/05;8.70;9.12;8.67;8.97;518391;8361354.00
2012/12/06;9.02;9.27;8.94;9.16;363326;5917598.50
2012/12/07;9.15;9.35;9.05;9.17;540548;8847095.00
2012/12/10;9.16;9.47;8.99;9.46;811565;13364622.00
2012/12/11;9.41;9.58;9.27;9.57;572140;9575386.00
2012/12/12;9.55;9.57;9.37;9.57;281872;4751651.50
2012/12/13;9.59;9.59;9.09;9.30;609666;10082831.00
2012/12/14;9.12;9.69;9.12;9.62;796268;13492797.00
2012/12/17;9.62;9.82;9.56;9.60;1181482;20273896.00
2012/12/18;9.62;9.64;9.43;9.61;758521;12888084.00
2012/12/19;9.62;10.22;9.47;9.78;1010930;17575642.00
2012/12/20;9.63;9.77;9.47;9.70;657193;11207606.00
2012/12/21;9.62;9.83;9.58;9.78;651445;11235126.00
2012/12/24;9.78;9.80;9.23;9.42;2435483;40985048.00
2012/12/25;9.31;10.07;9.23;9.96;3326531;56837424.00
2012/12/26;9.94;10.24;9.88;10.02;1925436;34221776.00
2012/12/27;10.02;10.20;9.98;10.11;1448919;25718930.00
2012/12/28;10.10;10.45;9.90;10.41;1653760;29787892.00
2012/12/31;10.37;10.65;10.19;10.65;1387528;25267680.00
2013/01/04;10.57;10.57;10.29;10.37;642256;11744717.00
2013/01/07;10.38;10.52;10.20;10.45;1167616;21246042.00
2013/01/08;10.35;10.63;10.33;10.62;1025274;18891126.00
2013/01/09;10.62;10.73;10.44;10.66;1448608;26845838.00
2013/01/10;10.63;10.69;10.50;10.60;740961;13727729.00
2013/01/11;10.59;10.65;10.30;10.31;715261;13102258.00
2013/01/14;10.30;10.73;10.24;10.73;1016455;18750520.00
2013/01/15;10.77;11.03;10.71;11.01;1211225;23010298.00
2013/01/16;11.01;11.62;10.90;11.35;2194961;43038740.00
2013/01/17;11.37;11.56;10.99;11.13;1073281;21057982.00
2013/01/18;11.07;11.36;11.07;11.31;514454;10051249.00
2013/01/21;11.49;11.49;11.13;11.18;903388;17639378.00
2013/01/22;11.10;11.10;10.79;10.88;963571;18384788.00
2013/01/23;10.79;10.87;10.31;10.63;975884;18141126.00
2013/01/24;10.63;10.74;10.34;10.35;1329553;24623250.00
2013/01/25;10.31;10.60;10.31;10.53;558649;10232041.00
2013/01/28;10.43;10.81;10.43;10.79;740495;13828862.00
2013/01/29;10.79;11.06;10.60;11.02;1674511;31466068.00
2013/01/30;11.01;11.04;10.70;10.95;688225;13040433.00
2013/01/31;10.87;10.95;10.71;10.82;443217;8343229.50
2013/02/01;10.65;11.17;10.64;11.09;921226;17697502.00
2013/02/04;11.22;11.22;10.54;10.62;1269808;23774848.00
2013/02/05;10.66;10.73;10.39;10.72;925281;17129072.00
2013/02/06;10.72;11.09;10.72;10.92;1203258;22913880.00
2013/02/07;10.95;11.33;10.89;11.30;1578041;30703104.00
2013/02/08;11.35;11.43;11.17;11.30;1314629;25845322.00
2013/02/18;10.93;11.25;10.69;10.93;1836309;34910836.00
2013/02/19;10.92;11.30;10.40;11.24;3369646;63568212.00
2013/02/20;10.97;11.67;10.75;11.27;4813976;93345632.00
2013/02/21;12.10;12.57;11.70;12.57;9151079;193476096.00
2013/02/22;12.17;13.39;12.07;13.11;7800187;170435568.00
2013/02/25;12.90;13.13;12.37;13.10;4116346;89862184.00
2013/02/26;12.83;13.46;12.65;13.25;4521724;100676808.00
2013/02/27;13.11;13.33;12.28;12.75;3202915;69935360.00
2013/02/28;12.75;13.05;12.35;13.00;2240304;48565164.00
2013/03/01;12.90;13.46;12.68;13.33;2816487;63120256.00
2013/03/04;13.05;13.69;12.57;13.17;3640789;81813160.00
2013/03/05;12.86;13.86;12.86;13.67;3210522;73650424.00
2013/03/06;13.69;14.10;13.43;13.70;3361367;78588296.00
2013/03/07;13.70;13.70;12.90;13.10;2922491;66046740.00
2013/03/08;13.07;13.09;12.35;12.73;2743293;59224004.00
2013/03/11;12.58;12.85;12.45;12.79;1356846;29408464.00
2013/03/12;12.83;12.98;12.23;12.23;1759453;37698824.00
2013/03/13;12.23;12.37;11.91;12.23;1126985;23371068.00
2013/03/14;12.17;12.36;12.06;12.23;656083;13732876.00
2013/03/15;12.33;12.59;11.94;12.39;1495130;31537052.00
2013/03/18;12.39;12.74;12.29;12.42;908758;19467238.00
2013/03/19;12.41;12.54;12.05;12.33;900909;18921322.00
2013/03/20;12.31;12.87;12.23;12.84;1047388;22515330.00
2013/03/21;12.84;13.18;12.71;12.77;1251063;27642570.00
2013/03/22;12.83;13.07;12.63;12.72;874445;19133356.00
2013/03/25;12.67;12.81;12.25;12.43;1370655;29183786.00
2013/03/26;12.41;12.70;12.10;12.57;728637;15515564.00
2013/03/27;12.60;12.85;12.50;12.61;789178;17084790.00
2013/03/28;12.51;13.21;12.27;12.99;3305769;72797552.00
2013/03/29;13.01;13.29;12.77;12.93;1339231;29756134.00
2013/04/01;12.97;13.63;12.85;13.57;2171828;49209528.00
2013/04/02;13.57;13.70;13.23;13.31;1668173;38223164.00
2013/04/03;13.31;13.53;12.10;12.31;2191941;47639560.00
2013/04/08;12.03;12.03;11.61;11.86;1193010;24270154.00
2013/04/09;11.90;12.16;11.70;11.87;1208849;24744594.00
2013/04/10;11.99;11.99;11.45;11.57;1342928;26960154.00
2013/04/11;11.54;11.65;11.34;11.35;930715;18443244.00
2013/04/12;11.35;11.54;11.19;11.27;1343847;26384574.00
2013/04/15;11.30;11.39;10.85;10.89;2100343;40129480.00
2013/04/16;10.80;11.00;10.50;10.77;1947395;36592988.00
2013/04/17;10.77;10.87;10.63;10.77;1154452;21652862.00
2013/04/18;10.61;10.61;10.29;10.33;5002722;91030080.00
2013/04/19;10.35;10.62;10.33;10.51;3376410;62003376.00
2013/04/22;10.47;10.69;10.30;10.69;4089694;74760448.00
2013/04/23;10.64;10.81;10.53;10.56;3625896;67626176.00
2013/04/24;10.60;10.79;10.27;10.77;2807160;51786660.00
2013/04/25;10.76;10.76;10.30;10.50;2712202;49915012.00
2013/04/26;10.37;10.53;10.23;10.33;1627615;29677358.00
2013/05/02;10.26;10.43;9.85;10.33;3085659;55007216.00
2013/05/03;10.30;10.53;10.17;10.43;2156313;39249236.00
2013/05/06;10.43;10.69;10.33;10.58;1953708;35983136.00
2013/05/07;10.62;11.03;10.50;11.03;3266844;61549036.00
2013/05/08;11.03;11.37;10.90;11.15;3420136;66514532.00
2013/05/09;11.10;11.51;10.97;11.49;2521131;49063156.00
2013/05/10;11.37;11.37;11.12;11.15;1812640;35302332.00
2013/05/13;11.14;11.39;11.04;11.35;1568850;30571370.00
2013/05/14;11.32;11.37;10.99;11.37;1454890;28274644.00
2013/05/15;11.24;11.62;11.24;11.57;1547828;30785820.00
2013/05/16;11.58;11.65;11.38;11.61;1122124;22373508.00
2013/05/17;11.61;11.88;11.45;11.88;1465762;29519750.00
2013/05/20;11.87;12.23;11.74;12.23;1523792;31484670.00
2013/05/21;12.27;12.43;12.11;12.22;1346673;28332256.00
2013/05/22;12.22;12.35;11.95;12.15;1030166;21394458.00
2013/05/23;12.15;12.15;11.71;12.00;762950;15671792.00
2013/05/24;11.95;12.11;11.88;12.03;865019;17880510.00
2013/05/27;12.03;12.22;11.69;11.69;2680263;55154168.00
2013/05/28;11.71;11.89;11.30;11.76;2331976;44907796.00
2013/05/29;11.75;11.84;11.53;11.78;1388202;26983960.00
2013/05/30;11.73;11.77;11.53;11.73;985848;19125098.00
2013/05/31;11.70;11.76;11.55;11.67;793995;15430201.00
2013/06/03;11.67;12.01;11.67;11.92;1659530;32841432.00
2013/06/04;11.95;12.03;11.43;11.69;1837428;35799344.00
2013/06/05;11.48;11.69;11.48;11.69;674472;13025223.00
2013/06/06;11.57;11.64;11.43;11.49;986392;18952948.00
2013/06/07;11.37;11.59;11.17;11.45;954447;18059270.00
2013/06/13;11.25;11.37;10.75;11.29;1032004;18986836.00
2013/06/14;11.18;11.36;11.15;11.31;340923;6433112.00
2013/06/17;11.29;11.52;11.10;11.33;703285;13324062.00
2013/06/18;11.33;11.76;11.23;11.63;1609101;30941506.00
2013/06/19;11.59;11.71;11.31;11.61;758294;14670087.00
2013/06/20;11.66;11.66;11.10;11.35;851824;16084203.00
2013/06/21;11.09;11.37;10.80;11.33;835488;15541297.00
2013/06/24;11.27;11.27;10.57;10.87;993097;17984900.00
2013/06/25;10.49;10.87;9.75;10.19;1590815;27377042.00
2013/06/26;10.19;10.50;9.88;10.50;1074974;18408380.00
2013/06/27;10.37;10.49;10.11;10.37;679376;11854899.00
2013/06/28;10.30;10.37;9.92;10.03;946344;16250688.00
2013/07/01;9.97;10.20;9.85;10.09;942814;16044073.00
2013/07/02;10.07;10.39;10.03;10.37;748132;12967692.00
2013/07/03;10.43;10.43;10.11;10.35;502701;8731066.00
2013/07/04;10.17;10.35;10.14;10.29;743606;12902449.00
2013/07/05;10.27;10.29;10.17;10.23;558528;9657502.00
2013/07/08;10.10;10.15;9.30;10.07;835182;14093197.00
2013/07/09;9.77;9.95;9.63;9.89;1056015;17512508.00
2013/07/10;9.76;9.89;9.57;9.88;745494;12358385.00
2013/07/11;9.90;10.37;9.84;10.37;1585081;27050962.00
2013/07/12;10.41;10.52;10.21;10.34;1676754;29324684.00
2013/07/15;10.33;10.44;10.23;10.35;728980;12735123.00
2013/07/16;10.43;10.48;10.31;10.45;1196018;20992202.00
2013/07/17;10.45;10.49;10.17;10.29;654236;11388348.00
2013/07/18;10.16;10.27;9.97;10.21;526730;9020572.00
2013/07/19;10.07;10.21;9.83;10.00;919844;15582672.00
2013/07/22;9.80;9.98;9.77;9.92;418515;7003322.50
2013/07/23;9.91;10.08;9.85;10.03;1451002;24610968.00
2013/07/24;10.10;10.16;9.79;9.90;1150416;19360734.00
2013/07/25;9.90;10.00;9.63;9.70;1669303;27594572.00
2013/07/26;9.59;9.59;8.96;9.01;4602293;72368976.00
2013/07/29;9.03;9.05;8.78;8.89;1918573;29250158.00
2013/07/30;8.89;9.22;8.84;9.07;1574403;24354582.00
2013/07/31;9.04;9.37;9.04;9.10;1257826;19768136.00
2013/08/01;9.10;9.33;8.93;9.27;1994863;31211820.00
2013/08/02;9.28;9.49;9.19;9.49;2899400;46386388.00
2013/08/05;9.50;9.81;9.45;9.73;1766498;28861890.00
2013/08/06;9.70;9.89;9.63;9.86;1587757;26408224.00
2013/08/07;9.83;9.83;9.62;9.70;1780575;29377868.00
2013/08/08;9.63;9.74;9.59;9.60;846819;13913376.00
2013/08/09;9.69;9.85;9.57;9.75;1095544;18131240.00
2013/08/12;9.77;9.89;9.75;9.87;1163311;19403352.00
2013/08/13;9.90;10.15;9.84;10.02;1238825;20952842.00
2013/08/14;10.02;10.07;9.78;9.85;1172529;19688530.00
2013/08/15;9.82;10.00;9.73;9.73;732253;12189152.00
2013/08/16;9.74;9.89;9.57;9.58;819335;13498927.00
2013/08/19;9.58;9.67;9.44;9.60;619178;10129327.00
2013/08/20;9.82;10.33;9.74;10.26;3476048;59297784.00
2013/08/21;10.22;10.78;10.01;10.73;3763094;66237172.00
2013/08/22;10.63;10.75;10.43;10.61;2378380;42308140.00
2013/08/23;10.55;10.57;10.07;10.31;1248916;21797686.00
2013/08/26;10.25;10.65;10.17;10.57;1467327;25854980.00
2013/08/27;10.51;10.59;10.30;10.48;1134821;20035824.00
2013/08/28;10.48;10.48;10.19;10.23;1004338;17434144.00
2013/08/29;10.23;10.47;10.13;10.41;694833;12080623.00
2013/08/30;10.39;10.39;10.15;10.17;1293563;22323956.00
2013/09/02;10.20;10.27;9.97;10.15;766036;13096079.00
2013/09/03;10.09;10.41;10.09;10.39;713808;12366533.00
2013/09/04;10.39;10.75;10.39;10.55;1567300;27918144.00
2013/09/05;10.55;10.85;10.47;10.77;1837928;33131436.00
2013/09/06;10.71;11.47;10.65;11.27;2803686;52595856.00
2013/09/09;11.27;12.01;11.23;11.83;3300247;64528404.00
2013/09/10;11.86;12.01;11.46;11.81;1759555;34575516.00
2013/09/11;11.81;11.86;11.43;11.51;1560906;30085348.00
2013/09/12;11.47;11.67;11.40;11.42;841931;16218424.00
2013/09/13;11.50;12.11;11.43;12.07;1985801;39342612.00
2013/09/16;12.03;13.38;11.96;12.73;3400639;70933160.00
2013/09/17;12.80;13.16;12.53;12.57;1887106;40038260.00
2013/09/18;12.53;13.27;12.40;12.89;1763775;37645508.00
2013/09/23;12.89;13.29;12.71;13.22;2152934;46338416.00
2013/09/24;13.10;13.43;12.88;13.30;1586000;34563596.00
2013/09/25;13.31;14.09;13.04;13.70;3479584;78752336.00
2013/09/26;13.63;13.88;13.30;13.37;1839659;40832320.00
2013/09/27;13.30;13.73;13.21;13.61;1760629;39364696.00
2013/09/30;13.60;13.70;13.30;13.58;1376315;30572314.00
2013/10/08;13.44;14.03;13.01;13.49;1188121;26442904.00
2013/10/09;13.49;13.70;13.29;13.36;1282842;28368806.00
2013/10/10;13.37;13.37;12.53;12.69;2288981;48659684.00
2013/10/11;12.73;13.01;12.64;12.84;2020835;42666060.00
2013/10/14;12.85;12.99;12.57;12.86;1614647;34010284.00
2013/10/15;12.86;14.27;12.70;14.27;4433004;100734312.00
2013/10/16;14.63;14.90;14.19;14.45;5206704;124009896.00
2013/10/17;14.27;14.60;13.90;14.23;2163078;50612620.00
2013/10/18;14.13;14.17;13.65;13.72;1654998;37554740.00
2013/10/21;13.67;15.15;13.57;14.80;3943363;93486504.00
2013/10/22;14.73;15.08;14.43;14.57;1856229;44570092.00
2013/10/23;14.53;14.89;13.49;13.60;1716420;39053636.00
2013/10/24;13.60;13.61;12.59;12.80;2670291;58106908.00
2013/10/25;12.69;13.43;12.37;12.90;1857517;39666052.00
2013/10/28;12.70;13.35;12.70;13.05;1709287;36503568.00
2013/10/29;12.99;13.34;11.91;12.63;2789473;58136656.00
2013/10/30;12.70;13.24;12.63;13.10;1623730;34899516.00
2013/10/31;12.97;13.10;12.11;12.28;1578224;32643140.00
2013/11/01;12.22;12.43;12.03;12.23;767656;15551241.00
2013/11/04;12.10;12.37;11.99;12.01;1635024;32957406.00
2013/11/05;11.97;12.03;11.57;12.00;2473517;48452992.00
2013/11/06;11.93;12.23;11.83;11.93;888421;17712148.00
2013/11/07;11.90;11.97;11.71;11.83;663037;13065264.00
2013/11/08;11.82;11.82;11.39;11.62;546491;10557499.00
2013/11/11;11.59;12.03;11.49;12.03;1014541;20038754.00
2013/11/12;11.99;12.20;11.99;12.20;1184252;23826068.00
2013/11/13;12.17;12.23;12.07;12.16;444681;8977453.00
2013/11/14;12.13;12.69;11.79;12.50;1181411;24167602.00
2013/11/15;12.50;12.93;12.35;12.47;1487710;31219716.00
2013/11/18;12.49;13.07;12.44;13.00;1884031;40071572.00
2013/11/19;13.00;13.13;12.70;12.90;991170;21010270.00
2013/11/20;13.09;13.09;12.31;12.43;2708304;55793752.00
2013/11/21;12.37;12.37;11.96;12.30;1678135;33876120.00
2013/11/22;12.21;12.47;12.13;12.29;1018242;20757530.00
2013/11/25;12.29;12.63;12.11;12.48;1806584;37297588.00
2013/11/26;12.45;12.62;12.36;12.45;1013250;20940312.00
2013/11/27;12.47;12.57;12.17;12.49;1155213;23667004.00
2013/11/28;12.37;13.09;12.35;12.83;1685892;35291960.00
2013/11/29;12.86;13.60;12.78;13.43;2142376;46560856.00
2013/12/02;13.22;13.22;12.37;12.59;1817930;38115700.00
2013/12/03;12.65;13.10;12.50;12.99;1135760;23920312.00
2013/12/04;13.09;13.23;12.83;13.07;1086516;23371814.00
2013/12/05;13.10;13.10;12.54;12.70;1319141;27685970.00
2013/12/06;12.65;12.87;12.37;12.53;1507429;31459084.00
2013/12/09;12.60;12.81;12.43;12.81;837376;17469726.00
2013/12/10;12.73;13.29;12.73;13.19;1598293;34459348.00
2013/12/11;13.22;13.45;13.10;13.31;1556607;34028824.00
2013/12/12;13.43;14.01;13.25;13.83;2751458;61176696.00
2013/12/13;13.70;14.65;13.57;14.50;3599930;84481560.00
2013/12/16;14.43;15.05;13.91;14.36;3833047;90955360.00
2013/12/17;14.27;14.27;13.50;13.71;2772637;63164176.00
2013/12/18;13.72;13.93;13.60;13.80;1891962;42664844.00
2013/12/19;13.81;13.87;13.00;13.17;1988477;43696184.00
2013/12/20;13.17;13.41;12.93;13.37;1421623;30836504.00
2013/12/23;13.27;14.17;13.17;14.07;2091939;47589512.00
2013/12/24;13.97;14.75;13.95;14.55;3171483;75146880.00
2013/12/25;14.49;14.77;14.20;14.59;2761006;65435388.00
2013/12/26;14.63;14.63;14.09;14.10;1287197;30192296.00
2013/12/27;13.82;15.23;13.82;15.16;4059836;97764400.00
2013/12/30;15.17;15.52;14.90;15.23;2345869;58106792.00
2013/12/31;15.26;15.30;14.59;14.79;1904664;46093120.00
2014/01/02;14.72;15.10;14.37;14.95;1883210;45376880.00
2014/01/03;14.94;15.25;14.48;14.63;1640180;39567244.00
2014/01/06;14.53;14.54;14.11;14.30;1094078;25564372.00
2014/01/07;14.29;14.30;13.83;14.23;1227821;28328992.00
2014/01/08;14.20;14.35;13.70;13.87;1509421;34764664.00
2014/01/09;13.77;14.03;13.27;13.27;1350384;30477012.00
2014/01/10;13.17;13.21;12.72;13.15;1775520;38100960.00
2014/01/13;13.17;13.17;12.73;12.79;1417534;30154642.00
2014/01/14;12.79;13.37;12.73;13.26;1564474;33775012.00
2014/01/15;13.23;13.69;12.93;13.19;2743381;60143000.00
2014/01/16;13.08;13.23;12.83;13.11;2188630;46772164.00
2014/01/17;13.07;13.11;12.57;12.64;2335614;49697976.00
2014/01/20;12.61;12.90;12.39;12.58;1590620;33289476.00
2014/01/21;12.58;12.75;12.37;12.69;1820739;37826228.00
2014/01/22;12.77;13.79;12.58;13.52;4938201;105610832.00
2014/01/23;13.32;13.47;13.10;13.23;3080574;67149768.00
2014/01/24;13.21;13.45;13.03;13.29;2338758;51307936.00
2014/01/27;13.31;13.31;12.77;12.82;2333535;49679468.00
2014/01/28;12.78;12.92;12.57;12.89;2344136;49210960.00
2014/01/29;12.91;12.91;12.57;12.72;2180782;45897416.00
2014/01/30;12.66;12.75;12.24;12.33;1784319;36995924.00
2014/02/07;12.23;12.65;12.16;12.55;1658868;34272256.00
2014/02/10;12.57;13.09;12.49;12.90;3632082;76780424.00
2014/02/11;12.83;13.23;12.81;13.19;3318140;71612400.00
2014/02/12;13.17;13.35;12.95;13.31;2617894;56602552.00
2014/02/13;13.31;13.49;13.12;13.14;2113678;46320556.00
2014/02/14;13.17;13.33;12.97;13.10;2190398;47341916.00
2014/02/17;13.10;13.83;13.10;13.33;2898232;63910948.00
2014/02/18;13.29;13.41;12.99;13.35;3343234;72809000.00
2014/02/19;13.35;13.40;13.05;13.13;1571534;34137672.00
2014/02/20;13.29;13.29;12.73;12.77;2116540;45055860.00
2014/02/21;12.81;12.92;12.26;12.42;1965352;40780992.00
2014/02/24;12.42;12.74;12.19;12.71;1261387;25953444.00
2014/02/25;12.72;12.87;11.91;12.11;2198667;45114296.00
2014/02/26;11.90;12.09;11.31;11.47;2079105;40180972.00
2014/02/27;11.57;11.87;11.33;11.47;2481903;47937860.00
2014/02/28;11.50;11.56;10.97;11.49;1657167;31320986.00
2014/03/03;11.50;12.03;11.49;11.99;1479965;29178194.00
2014/03/04;11.97;12.15;11.70;12.02;1605556;31818890.00
2014/03/05;12.05;12.13;11.86;12.01;1224913;24388882.00
2014/03/06;12.01;12.07;11.73;11.76;730286;14366518.00
2014/03/07;11.82;11.82;11.37;11.57;971664;18819942.00
2014/03/10;11.52;11.52;11.24;11.30;1315739;24960758.00
2014/03/11;11.30;11.56;11.17;11.43;999490;18979772.00
2014/03/12;11.42;11.63;11.37;11.49;916982;17592558.00
2014/03/13;11.53;12.05;11.52;12.03;1354920;26667308.00
2014/03/14;11.90;12.03;11.77;11.86;674314;13334015.00
2014/03/17;11.87;12.13;11.77;12.07;721429;14394672.00
2014/03/18;12.17;12.75;12.17;12.50;2326420;48314020.00
2014/03/19;12.59;13.03;12.41;12.86;2788701;59276384.00
2014/03/20;12.74;12.87;12.41;12.41;775455;16148807.00
2014/03/21;12.39;12.57;12.03;12.47;929807;18922268.00
2014/03/24;12.43;12.47;11.97;12.17;1103308;22282558.00
2014/03/25;12.09;12.70;12.09;12.69;1477606;30466368.00
2014/03/26;12.68;12.81;12.57;12.58;679691;14271372.00
2014/03/27;12.59;12.85;12.48;12.60;1180185;24828382.00
2014/03/28;12.69;12.69;12.20;12.56;629048;12987573.00
2014/03/31;12.53;12.63;11.71;11.75;1346139;27079692.00
2014/04/01;11.74;12.07;11.37;11.98;1085281;21124638.00
2014/04/02;12.00;12.00;11.42;11.56;1419377;27410880.00
2014/04/03;11.51;11.68;11.37;11.50;1097272;20989372.00
2014/04/04;11.49;11.50;11.23;11.50;1519983;28806702.00
2014/04/08;11.39;11.61;11.37;11.60;938015;18016650.00
2014/04/09;11.60;11.69;11.54;11.66;863039;16695106.00
2014/04/10;11.60;11.91;11.43;11.66;1669781;32491894.00
2014/04/11;11.64;11.95;11.63;11.85;1313385;25896788.00
2014/04/14;11.87;11.96;11.75;11.81;751668;14831627.00
2014/04/15;11.80;11.84;11.55;11.67;1088554;21136190.00
2014/04/16;11.57;11.68;11.37;11.48;915724;17582900.00
2014/04/17;11.51;11.61;11.37;11.46;1088731;20832010.00
2014/04/18;11.49;11.57;11.42;11.54;657740;12647308.00
2014/04/21;11.49;11.57;11.37;11.53;859185;16505548.00
2014/04/22;11.45;11.45;10.25;10.25;4966403;87490920.00
2014/04/23;9.91;10.20;9.67;10.07;8796090;146897792.00
2014/04/24;9.90;10.16;9.85;9.92;1960993;33096968.00
2014/04/25;9.92;9.98;9.75;9.85;1043468;17470522.00
2014/04/28;9.89;9.89;9.45;9.61;1550280;25289154.00
2014/04/29;9.63;9.77;9.51;9.69;1418804;23235158.00
2014/04/30;9.67;10.02;9.60;9.90;2199977;36411168.00
2014/05/05;9.95;10.01;9.77;9.88;1534512;25613928.00
2014/05/06;9.87;9.95;9.81;9.83;2195226;36759316.00
2014/05/07;9.79;9.87;9.59;9.65;1831557;30082066.00
2014/05/08;9.67;9.76;9.33;9.33;2607009;42393440.00
2014/05/09;9.31;9.55;9.20;9.50;2549755;40772704.00
2014/05/12;9.50;9.89;9.45;9.81;4561220;75063752.00
2014/05/13;9.83;9.87;9.69;9.78;2677478;44484156.00
2014/05/14;9.77;9.80;9.68;9.74;1078546;17853346.00
2014/05/15;9.74;9.75;9.43;9.66;1522025;24817272.00
2014/05/16;9.55;9.64;9.39;9.56;1237254;20024344.00
2014/05/19;9.53;9.67;9.35;9.49;1132001;18247686.00
2014/05/20;9.50;9.61;9.50;9.57;894985;14579169.00
2014/05/21;9.56;9.71;9.45;9.67;1654427;27110190.00
2014/05/22;9.63;9.71;9.42;9.45;2633932;42956736.00
2014/05/23;9.49;9.61;9.44;9.59;834806;13556414.00
2014/05/26;9.62;9.82;9.59;9.80;1508694;24965032.00
2014/05/27;9.81;9.96;9.73;9.85;1721096;28817284.00
2014/05/28;9.85;10.10;9.83;10.07;2451559;41497576.00
2014/05/29;10.06;10.07;9.85;9.85;1165295;19626110.00
2014/05/30;9.90;9.90;9.73;9.78;1241296;20646078.00
2014/06/03;9.83;10.07;9.83;9.91;1333263;22586482.00
2014/06/04;10.00;10.00;9.63;9.81;991819;16476783.00
2014/06/05;9.83;10.07;9.73;10.05;1329617;22498128.00
2014/06/06;10.06;10.47;10.06;10.35;3419795;59332084.00
2014/06/09;10.32;10.55;10.27;10.45;2693986;47356872.00
2014/06/10;10.45;10.45;10.13;10.32;2020633;33998252.00
2014/06/11;10.36;10.36;10.15;10.35;1212684;20393210.00
2014/06/12;10.27;10.33;10.16;10.21;797862;13438183.00
2014/06/13;10.17;10.37;10.17;10.26;1164636;19637480.00
2014/06/16;10.25;10.43;10.23;10.41;1428506;24324698.00
2014/06/17;10.43;10.43;10.15;10.15;1085880;18309624.00
2014/06/18;10.15;10.21;9.91;9.91;968762;16007978.00
2014/06/19;9.89;10.05;9.83;9.96;1113971;18197288.00
2014/06/20;9.97;10.01;9.77;9.82;975231;15814992.00
2014/06/23;9.83;9.93;9.79;9.85;858140;13911121.00
2014/06/24;9.85;10.14;9.83;10.12;1397087;22946290.00
2014/06/25;10.12;10.19;9.87;9.89;857504;14046209.00
2014/06/26;9.91;10.09;9.91;10.02;1200763;19782774.00
2014/06/27;10.03;10.10;9.93;10.09;1192909;19635014.00
2014/06/30;10.09;10.19;10.05;10.09;940082;15628144.00
2014/07/01;10.10;10.23;10.09;10.16;1167668;19486834.00
2014/07/02;10.17;10.39;10.16;10.37;1673700;28221016.00
2014/07/03;10.37;10.43;10.21;10.37;1422164;24084034.00
2014/07/04;10.37;10.40;10.21;10.30;1188253;20056154.00
2014/07/07;10.30;10.34;10.21;10.27;878696;14801786.00
2014/07/08;10.23;10.41;10.19;10.38;1193508;20225016.00
2014/07/09;10.39;10.52;10.23;10.25;2005414;34223984.00
2014/07/10;10.24;10.34;10.11;10.15;1523434;25605796.00
2014/07/11;10.14;10.27;10.14;10.21;1116357;18681194.00
2014/07/14;10.22;10.40;10.21;10.40;1526614;25826162.00
2014/07/15;10.39;11.00;10.39;10.96;3801698;66028216.00
2014/07/16;10.81;10.87;10.49;10.51;4197154;73148368.00
2014/07/17;10.55;10.61;10.31;10.38;1346111;22994010.00
2014/07/18;10.38;10.63;10.31;10.58;1304579;22426232.00
2014/07/21;10.51;10.61;10.37;10.47;661892;11360783.00
2014/07/22;10.49;10.55;10.44;10.51;1387141;23876452.00
2014/07/23;10.50;10.58;10.33;10.34;1211900;20695428.00
2014/07/24;10.33;10.43;10.25;10.37;1384423;23521082.00
2014/07/25;10.38;10.45;10.29;10.41;1464157;24890164.00
2014/07/28;10.45;10.61;10.44;10.59;1985192;34242276.00
2014/07/29;10.67;10.80;10.63;10.75;5116742;89757264.00
2014/07/30;10.74;10.79;10.59;10.65;2275746;39661704.00
2014/07/31;10.67;10.98;10.67;10.96;3751004;66514876.00
2014/08/01;10.98;11.33;10.88;11.13;6126988;111786680.00
2014/08/04;11.17;11.33;11.15;11.25;2493615;45538416.00
2014/08/05;11.25;11.39;11.04;11.23;2098807;38293704.00
2014/08/06;11.17;11.35;11.14;11.21;1407740;25786870.00
2014/08/07;11.17;11.19;10.93;11.01;2178474;39313472.00
2014/08/08;10.97;11.26;10.97;11.24;1944090;35331856.00
2014/08/11;11.17;11.32;11.09;11.29;3076831;56154368.00
2014/08/12;11.28;11.36;11.13;11.29;1415308;25955984.00
2014/08/13;11.37;11.39;11.12;11.19;1465983;26825688.00
2014/08/14;11.19;11.29;11.02;11.03;1941498;35329976.00
2014/08/15;11.00;11.29;10.99;11.24;2246862;40887032.00
2014/08/18;11.23;11.43;11.19;11.41;2934630;54028288.00
2014/08/19;11.42;11.45;11.16;11.27;2556922;47017684.00
2014/08/20;11.29;11.33;11.17;11.24;1608989;29506762.00
2014/08/21;11.27;11.27;11.05;11.15;1969073;35712408.00
2014/08/22;11.15;11.27;11.09;11.23;1623974;29643246.00
2014/08/25;11.25;11.25;10.95;10.98;2380361;42843824.00
2014/08/26;10.97;11.03;10.62;10.73;1657206;29258668.00
2014/08/27;10.73;10.83;10.61;10.71;1143069;20025134.00
2014/08/28;10.76;10.76;10.64;10.71;892612;15634904.00
2014/08/29;10.71;10.90;10.66;10.89;797953;14119150.00
2014/09/01;10.89;11.03;10.85;11.01;1471334;26323290.00
2014/09/02;11.01;11.12;11.01;11.09;1924174;34749560.00
2014/09/03;11.09;11.18;11.07;11.11;2217113;40192876.00
2014/09/04;11.15;11.20;11.06;11.17;2533677;45983156.00
2014/09/05;11.23;11.23;11.11;11.17;1725888;31401528.00
2014/09/09;11.17;11.26;10.99;11.26;2764496;50187912.00
2014/09/10;11.23;11.33;11.11;11.19;2286261;41820576.00
2014/09/11;11.23;11.32;11.06;11.16;3328091;60830116.00
2014/09/12;11.18;11.25;11.09;11.25;1760976;32062122.00
2014/09/15;11.25;11.53;11.17;11.49;4402873;81677496.00
2014/09/16;11.49;11.52;10.98;10.99;3672550;67421528.00
2014/09/17;10.99;11.12;10.78;11.06;2848315;51082816.00
2014/09/18;11.03;11.12;10.94;11.12;1444371;26075508.00
2014/09/19;11.18;11.30;11.12;11.25;2111814;38604412.00
2014/09/22;11.21;11.22;10.94;11.01;1632224;29428444.00
2014/09/23;10.97;11.13;10.91;11.12;2835910;51022992.00
2014/09/24;11.07;11.38;11.02;11.34;2715191;49848000.00
2014/09/25;11.37;11.43;11.25;11.27;2452236;45331084.00
2014/09/26;11.27;11.65;11.23;11.58;3549493;66243484.00
2014/09/29;11.58;11.69;11.43;11.66;3974964;74667920.00
2014/09/30;11.67;11.68;11.51;11.59;2124806;40051860.00
2014/10/08;11.61;11.77;11.51;11.76;2841137;53785132.00
2014/10/09;11.75;11.83;11.52;11.62;2762004;52391672.00
2014/10/10;11.54;11.67;11.47;11.51;2365528;44467776.00
2014/10/13;11.49;11.55;11.25;11.42;3113905;57550752.00
2014/10/14;11.40;11.63;11.39;11.59;3403061;63629004.00
2014/10/15;11.60;11.66;11.41;11.52;3686478;68932712.00
2014/10/16;11.41;12.09;11.37;11.87;6250942;119927392.00
2014/10/17;11.83;11.89;11.46;11.72;3473254;65931780.00
2014/10/20;11.74;11.99;11.68;11.99;3835112;73772520.00
2014/10/21;11.99;12.11;11.89;12.09;4645424;90589344.00
2014/10/22;12.03;12.06;11.78;12.02;2735125;52908280.00
2014/10/23;11.87;11.95;11.48;11.85;3502467;66649000.00
2014/10/24;11.76;12.16;11.68;12.07;3904219;75549592.00
2014/10/27;12.01;12.53;11.97;12.27;6946054;137973680.00
2014/10/28;12.29;12.70;12.21;12.60;7994518;161343600.00
2014/10/29;12.59;13.23;12.44;12.97;8587855;176808880.00
2014/10/30;12.89;13.02;12.72;12.89;3488289;72295040.00
2014/10/31;12.89;13.01;12.56;12.83;7936141;164619616.00
2014/11/03;12.77;13.37;12.59;13.07;8318343;173566432.00
2014/11/04;12.94;13.21;12.71;13.00;8457591;175995904.00
2014/11/05;13.02;13.02;12.78;12.78;2055438;42648984.00
2014/11/06;12.77;13.16;12.71;12.95;7464494;156487568.00
2014/11/07;12.95;13.23;12.67;12.94;3369389;69952000.00
2014/11/10;12.94;13.15;12.74;13.05;7940975;166125280.00
2014/11/11;13.16;13.17;12.50;12.86;3975141;81768984.00
2014/11/12;12.65;13.06;12.63;12.97;5912151;123000928.00
2014/11/13;12.90;13.22;12.68;12.90;4973008;103450000.00
2014/11/14;12.79;12.95;12.63;12.90;1991530;41176884.00
2014/11/17;12.82;13.09;12.78;13.02;2245636;47013640.00
2014/11/18;12.97;13.09;12.83;12.93;962985;20076824.00
2014/11/19;12.95;12.99;12.71;12.80;1862092;38493404.00
2014/11/20;12.75;12.79;12.45;12.70;2295947;46636876.00
2014/11/21;12.63;12.83;12.47;12.73;3411397;69623320.00
2014/11/24;12.77;13.50;12.59;13.19;11833425;248275200.00
2014/11/25;13.15;13.92;12.94;13.90;12845572;278191872.00
2014/11/26;13.74;15.23;13.69;14.88;14418025;335132576.00
2014/11/27;14.17;14.81;13.77;13.90;22251471;505467936.00
2014/11/28;13.71;13.72;13.05;13.32;10370289;222463744.00
2014/12/01;13.23;13.34;13.09;13.31;5237807;111274584.00
2014/12/02;13.31;13.49;13.23;13.31;5814643;124809168.00
2014/12/03;13.41;13.41;12.95;13.13;6548341;138196288.00
2014/12/04;13.05;13.23;13.05;13.17;5192375;109892512.00
2014/12/05;13.17;13.19;12.45;12.49;6554517;134175896.00
2014/12/08;12.43;12.66;12.30;12.57;4632063;93660648.00
2014/12/09;12.50;12.53;11.55;11.59;6859818;135228784.00
2014/12/10;11.71;12.13;11.59;12.09;3269011;63188572.00
2014/12/11;12.09;12.33;11.94;12.29;2656151;52432688.00
2014/12/12;12.30;12.44;12.27;12.41;2395162;47854100.00
2014/12/15;12.42;12.55;12.28;12.53;2609442;52417088.00
2014/12/16;12.53;12.57;12.33;12.42;2835091;56940152.00
2014/12/17;12.33;12.36;11.97;12.01;3570385;69820056.00
2014/12/18;12.00;12.15;11.83;12.07;2437370;47488104.00
2014/12/19;12.00;12.00;11.71;11.74;2746956;52650908.00
2014/12/22;11.70;11.71;11.09;11.10;4412576;81877104.00
2014/12/23;11.07;11.37;11.05;11.23;2491857;45679468.00
2014/12/24;11.24;11.60;11.24;11.58;2437675;45453624.00
2014/12/25;11.62;11.66;11.48;11.57;1828992;34361140.00
2014/12/26;11.59;11.75;11.51;11.65;1955193;37034316.00
2014/12/29;11.65;11.77;11.50;11.69;2316175;43708268.00
2014/12/30;11.66;11.85;11.37;11.41;2894402;54805544.00
2014/12/31;11.43;11.69;11.31;11.64;1963135;36663348.00
2015/01/05;11.67;12.11;11.55;12.06;3917915;75612112.00
2015/01/06;11.97;12.39;11.90;12.33;4374435;86319688.00
2015/01/07;12.23;12.34;12.10;12.19;2146361;42379476.00
2015/01/08;12.17;12.29;12.14;12.17;2079803;41118268.00
2015/01/09;12.16;12.35;12.10;12.13;2589261;51438932.00
2015/01/12;12.11;12.30;11.89;11.99;2186558;42757292.00
2015/01/13;11.99;12.35;11.93;12.33;2345766;46391280.00
2015/01/14;12.33;12.50;12.23;12.37;2427264;48655532.00
2015/01/15;12.37;12.46;12.24;12.29;1478783;29530386.00
2015/01/16;12.33;12.61;12.29;12.61;2348923;47271648.00
2015/01/19;12.37;12.76;12.07;12.19;2820737;56653016.00
2015/01/20;12.25;12.52;12.24;12.52;2362160;47498472.00
2015/01/21;12.57;12.82;12.50;12.78;3097044;63363064.00
2015/01/22;12.73;12.95;12.71;12.83;2248446;46542984.00
2015/01/23;12.83;12.92;12.65;12.71;2061590;42497224.00
2015/01/26;12.65;12.95;12.64;12.95;1781473;36963144.00
2015/01/27;12.97;13.27;12.87;13.21;3016248;63357136.00
2015/01/28;13.19;13.26;12.99;13.13;1977874;41820520.00
2015/01/29;13.03;13.23;12.88;12.90;2073976;43597852.00
2015/01/30;12.97;13.03;12.71;12.87;1740620;36066028.00
2015/02/02;12.77;13.02;12.65;12.72;2513578;52109736.00
2015/02/03;12.82;12.97;12.70;12.84;1605252;33183830.00
2015/02/04;12.85;12.88;12.43;12.45;2522099;51524832.00
2015/02/05;12.54;12.58;12.35;12.43;1842980;37084132.00
2015/02/06;12.42;12.48;12.34;12.35;1677732;33661012.00
2015/02/09;12.40;12.43;12.04;12.09;1493875;29575424.00
2015/02/10;12.11;12.49;12.09;12.48;1413439;28131186.00
2015/02/11;12.48;12.50;12.31;12.48;1168414;23437644.00
2015/02/12;12.57;13.40;12.45;13.13;3688376;77115792.00
2015/02/13;13.19;13.62;13.19;13.32;5231646;112997232.00
2015/02/16;13.33;13.45;13.16;13.37;2648164;56608248.00
2015/02/17;13.38;13.40;13.16;13.21;1747996;37281504.00
2015/02/25;13.27;13.28;12.71;12.95;2194894;45867516.00
2015/02/26;12.87;13.23;12.87;13.19;2033200;42838112.00
2015/02/27;13.19;13.36;13.07;13.20;1609831;34244480.00
2015/03/02;13.23;13.43;13.19;13.43;2768815;59250472.00
2015/03/03;13.37;13.38;13.10;13.12;2222248;47288128.00
2015/03/04;13.09;13.24;13.05;13.23;1967767;41621700.00
2015/03/05;13.21;13.43;13.21;13.37;2344062;50247404.00
2015/03/06;13.42;14.00;13.41;13.92;6261438;137988976.00
2015/03/09;13.82;14.08;13.64;13.90;3322829;74013584.00
2015/03/10;13.85;14.50;13.71;14.30;4157926;94733800.00
2015/03/11;14.31;14.43;13.92;14.14;2823247;63999484.00
2015/03/12;14.17;14.54;13.95;14.23;2526285;57578188.00
2015/03/13;14.34;15.03;14.23;14.90;4396902;103779752.00
2015/03/16;14.90;15.07;14.72;14.94;2885704;68624544.00
2015/03/17;15.01;15.01;14.61;14.69;4053079;95645184.00
2015/03/18;14.71;15.85;14.71;15.73;4390647;107038360.00
2015/03/19;15.67;15.69;15.18;15.44;3301238;81221816.00
2015/03/20;15.50;16.21;15.40;15.57;4112325;104004520.00
2015/03/23;15.61;15.99;15.35;15.53;4964489;123631632.00
2015/03/24;15.61;15.93;15.05;15.90;5425329;134530048.00
2015/03/25;15.77;16.20;15.53;16.01;4680792;118455648.00
2015/03/26;15.83;16.36;15.71;16.01;4770408;121971992.00
2015/03/27;16.02;16.15;15.70;16.05;3586904;90559120.00
2015/03/30;16.05;16.27;15.74;15.81;4392125;111275392.00
2015/03/31;15.82;16.13;15.73;16.07;4751643;120495448.00
2015/04/01;16.08;16.52;15.82;16.47;4397071;113087760.00
2015/04/02;16.51;17.87;16.41;17.32;5886948;160641616.00
2015/04/03;17.19;18.03;16.97;17.97;4714997;131248976.00
2015/04/07;17.87;18.03;17.54;17.92;4910284;138841456.00
2015/04/08;18.05;18.14;16.77;16.93;6423716;175734064.00
2015/04/09;16.94;17.61;16.09;17.58;7992255;213890736.00
2015/04/10;17.59;18.02;17.35;17.69;10687046;298887104.00
2015/04/13;17.69;18.63;17.44;18.27;7393914;207817792.00
2015/04/14;18.38;18.60;17.95;18.00;8462553;244759312.00
2015/04/15;17.77;18.25;16.75;17.46;8528479;235498752.00
2015/04/16;17.07;18.24;16.90;17.50;5191985;144501376.00
2015/04/17;17.51;17.62;16.90;17.24;5529075;150943376.00
2015/04/20;16.91;17.23;16.37;16.43;6071805;161959120.00
2015/04/21;16.37;16.93;16.37;16.88;3280744;87205712.00
2015/04/22;16.99;17.29;16.93;17.29;6589285;178426576.00
2015/04/23;17.24;17.25;16.90;17.03;6045830;163214064.00
2015/04/24;16.79;17.38;16.60;17.33;6758239;182006624.00
2015/04/27;17.37;18.00;17.21;17.55;7590004;211410144.00
2015/04/28;17.56;17.77;16.87;17.10;4573565;124950752.00
2015/04/29;17.03;17.70;16.91;17.47;4914087;134820576.00
2015/04/30;17.47;17.80;17.36;17.51;5397785;149908768.00
2015/05/04;17.51;18.00;17.38;17.90;4598181;128595784.00
2015/05/05;17.79;18.00;16.95;16.97;3624809;100028752.00
2015/05/06;17.04;17.15;16.38;16.46;4267128;114157216.00
2015/05/07;16.43;16.50;16.04;16.08;2270382;58662252.00
2015/05/08;16.36;16.63;16.29;16.61;6008342;156900064.00
2015/05/11;16.77;17.09;16.69;17.07;4787616;129066824.00
2015/05/12;17.15;17.32;16.97;17.08;4492018;121657744.00
2015/05/13;17.04;17.69;16.83;17.39;8010799;217414928.00
2015/05/14;17.44;18.12;17.25;18.11;8135163;229623088.00
2015/05/15;18.29;18.37;17.39;17.70;4829993;135700064.00
2015/05/18;17.63;18.59;17.60;18.57;7797846;223365728.00
2015/05/19;18.58;20.09;18.58;19.70;12450726;383104128.00
2015/05/20;19.70;20.03;19.03;19.23;8402513;258811360.00
2015/05/21;19.70;20.49;19.62;20.37;6296191;198417616.00
2015/05/22;20.77;20.99;19.88;20.35;5741085;183521200.00
2015/05/25;20.28;20.67;19.97;20.35;6510818;208604688.00
2015/05/26;20.90;21.47;20.31;21.45;10608562;347965120.00
2015/05/27;21.67;22.04;20.81;21.84;15420768;520013792.00
2015/05/28;21.74;22.81;20.30;20.31;20385597;453071200.00
2015/05/29;20.31;21.00;19.16;19.85;13606903;278598560.00
2015/06/01;20.16;21.46;19.66;21.29;11971089;254266768.00
2015/06/02;21.40;22.33;21.07;22.32;16080970;357753984.00
2015/06/03;22.32;22.50;21.15;22.08;15029874;337571392.00
2015/06/04;22.00;22.60;20.30;22.30;12008416;267782336.00
2015/06/05;22.43;22.77;21.54;22.07;12157687;275652224.00
2015/06/08;21.97;22.00;21.05;21.12;11875856;259112192.00
2015/06/09;21.12;21.50;20.66;21.03;9735513;208878112.00
2015/06/10;20.83;21.60;20.62;21.30;8126549;176660960.00
2015/06/11;21.28;21.78;20.92;21.69;9327621;204943184.00
2015/06/12;21.66;22.18;21.65;21.98;10894110;244741136.00
2015/06/15;21.99;22.05;21.00;21.23;10323288;226317952.00
2015/06/16;20.88;20.96;19.97;20.10;8124888;170181248.00
2015/06/17;20.30;20.50;19.70;20.41;6696958;138365760.00
2015/06/18;20.46;21.37;20.42;20.60;10224290;219589952.00
2015/06/19;20.20;20.31;18.80;19.10;8748274;175360480.00
2015/06/23;19.08;19.38;17.55;18.83;6550179;125029200.00
2015/06/24;19.00;19.39;18.30;19.00;8227061;159388656.00
2015/06/25;19.07;19.25;17.70;17.70;10387662;197626672.00
2015/06/26;17.19;17.40;15.88;15.88;11553117;196884304.00
2015/08/24;14.24;14.24;14.24;14.24;611900;9019406.00
2015/08/25;12.77;12.77;12.77;12.77;2462500;32677376.00
2015/08/26;11.52;12.85;11.52;11.99;26595968;333004992.00
2015/08/27;12.30;12.59;11.66;12.50;14657915;187254752.00
2015/08/28;12.71;13.70;12.00;13.42;19283296;253021664.00
2015/08/31;13.00;13.15;12.47;12.47;9491831;125740272.00
2015/09/01;12.25;12.80;11.74;12.03;11226554;143343056.00
2015/09/02;11.50;12.83;11.18;12.76;11956212;152296528.00
2015/09/07;12.53;13.40;12.51;12.65;11103256;148720592.00
2015/09/08;12.53;13.30;12.32;13.26;9265504;122104824.00
2015/09/09;13.40;13.90;13.15;13.90;14609329;205853376.00
2015/09/10;13.72;13.76;13.25;13.32;6968027;97737488.00
2015/09/11;13.31;13.48;13.01;13.26;3905004;53806536.00
2015/09/14;13.36;13.40;12.15;12.59;9474631;126249064.00
2015/09/15;12.46;12.70;12.19;12.29;6412590;82661176.00
2015/09/16;12.30;13.40;12.05;13.33;10403466;136864144.00
2015/09/17;13.01;13.86;12.90;12.99;11341568;157802912.00
2015/09/18;13.01;13.27;12.81;12.96;4059092;54818964.00
2015/09/21;12.75;13.45;12.75;13.40;6108264;83782912.00
2015/09/22;13.49;13.67;13.26;13.53;6829483;95430616.00
2015/09/23;13.39;13.48;13.06;13.15;4627146;63731856.00
2015/09/24;13.20;13.35;12.85;13.16;4429563;60243812.00
2015/09/25;13.03;13.20;12.30;12.52;5442491;71795376.00
2015/09/28;12.51;13.02;12.32;13.00;4172750;55623232.00
2015/09/29;12.78;13.00;12.60;12.81;4594015;61269788.00
2015/09/30;12.85;13.06;12.72;12.83;4658227;62269880.00
2015/10/08;13.32;13.70;13.15;13.38;7217699;100008416.00
2015/10/09;13.37;13.83;13.31;13.75;7600536;107181952.00
2015/10/12;13.75;14.34;13.74;14.33;9661375;141405952.00
2015/10/13;14.21;14.56;14.15;14.53;6258433;92997792.00
2015/10/14;14.48;14.48;14.08;14.19;5409321;79624776.00
2015/10/15;14.11;14.58;14.10;14.58;6657022;98865856.00
2015/10/16;14.62;14.74;14.19;14.47;5584403;83483320.00
2015/10/19;14.37;14.70;14.11;14.40;7588149;113260472.00
2015/10/20;14.25;14.95;14.18;14.88;7967219;120332568.00
2015/10/21;14.82;15.03;13.70;13.93;7067473;105247160.00
2015/10/22;13.90;14.48;13.82;14.39;7439236;108285504.00
2015/10/23;14.34;15.35;14.28;15.16;14862223;229370704.00
2015/10/26;15.20;15.43;14.78;14.98;6521124;101603896.00
2015/10/27;14.98;15.33;14.45;15.18;9058916;140637408.00
2015/10/28;15.06;15.33;14.91;15.22;5809114;90822864.00
2015/10/29;15.44;15.44;14.50;15.07;4604988;72143224.00
2015/10/30;15.10;15.76;15.02;15.50;10177812;162773296.00
2015/11/02;15.18;15.44;14.84;15.25;5555540;87134952.00
2015/11/03;15.25;15.30;14.55;14.68;6568751;100643512.00
2015/11/04;14.76;15.48;14.68;15.37;7502217;116798320.00
2015/11/05;15.33;15.57;15.14;15.45;8793890;139275616.00
2015/11/06;15.44;16.03;15.36;15.90;7169441;116955928.00
2015/11/09;15.76;16.25;15.68;16.09;5593640;92162648.00
2015/11/10;16.00;16.10;15.71;15.87;5665271;92852520.00
2015/11/11;15.80;16.23;15.50;16.13;7482256;123320584.00
2015/11/12;16.13;16.46;16.00;16.40;7212074;120691832.00
2015/11/13;16.26;16.40;15.86;16.30;4874817;81206456.00
2015/11/16;15.96;16.89;15.80;16.72;6484104;109199424.00
2015/11/17;16.70;17.28;16.51;16.75;8053718;139876192.00
2015/11/18;16.72;17.25;16.61;17.10;8014166;140393808.00
2015/11/19;17.10;18.49;17.10;18.30;13650411;251336416.00
2015/11/20;18.06;18.40;17.71;17.97;10911161;202088352.00
2015/11/23;17.70;18.30;17.56;17.81;7410277;135440480.00
2015/11/24;17.80;17.88;17.15;17.55;4960616;89175936.00
2015/11/25;17.44;17.85;17.30;17.69;4460260;80871688.00
2015/11/26;17.88;17.99;17.01;17.16;6042343;108258944.00
2015/11/27;16.97;17.28;16.20;16.50;6726623;116166264.00
2015/11/30;16.55;16.78;15.45;16.70;8630340;144775520.00
2015/12/01;16.51;16.64;16.21;16.43;4881403;82548944.00
2015/12/02;16.45;16.46;15.81;16.24;5121607;85417584.00
2015/12/03;16.24;16.77;16.22;16.77;4907562;83438664.00
2015/12/04;16.69;16.87;16.48;16.69;4252549;72856728.00
2015/12/07;16.58;16.90;16.30;16.50;6510244;111436136.00
2015/12/08;16.48;16.72;15.88;16.45;6446298;108505608.00
2015/12/09;16.40;16.91;16.33;16.77;7150473;122878880.00
2015/12/10;16.89;16.96;16.64;16.67;5663839;97944488.00
2015/12/11;16.61;16.61;15.98;16.50;6145721;103039072.00
2015/12/14;16.32;17.29;16.25;17.26;8667481;149628192.00
2015/12/15;17.28;17.65;17.00;17.36;7983041;142271808.00
2015/12/16;17.46;18.27;17.18;18.10;11170966;204066480.00
2015/12/17;18.10;18.28;17.92;18.15;7206607;134068432.00
2015/12/18;18.12;18.12;17.51;17.61;5555322;101455112.00
2015/12/21;17.62;18.48;17.56;18.45;11485619;214816656.00
2015/12/22;18.58;18.60;18.04;18.32;5567807;104589680.00
2015/12/23;18.43;18.43;17.86;17.90;5011979;93589656.00
2015/12/24;17.82;18.58;17.53;18.51;4774644;88751192.00
2015/12/25;18.51;18.90;18.35;18.83;6010463;115588088.00
2015/12/28;18.73;19.20;17.98;17.98;5524955;105054072.00
2015/12/29;17.91;18.39;17.73;17.90;5967119;110028224.00
2015/12/30;17.88;18.23;17.88;17.97;3747858;69515552.00
2015/12/31;17.97;18.69;17.95;18.22;7099278;134094592.00
2016/01/04;18.15;18.33;16.35;16.35;4457556;79820624.00
2016/01/05;15.75;16.78;15.36;16.35;9692060;162561136.00
2016/01/06;16.35;16.81;16.07;16.80;5517402;94035264.00
2016/01/07;16.50;16.50;15.39;15.41;1843284;29914664.00
2016/01/08;15.80;16.30;15.40;16.02;6161063;100477112.00
2016/01/11;15.82;16.23;15.30;15.50;5321716;86952808.00
2016/01/12;15.80;15.98;14.60;15.27;5105635;80985552.00
2016/01/13;15.39;15.56;14.99;15.13;3462128;55046592.00
2016/01/14;14.63;15.70;14.45;15.66;4356904;67453192.00
2016/01/15;15.47;15.64;14.68;15.05;4028785;62806768.00
2016/01/18;14.72;15.61;14.72;15.38;3352633;53086308.00
2016/01/19;15.31;16.46;15.25;16.18;4912347;81077128.00
2016/01/20;16.13;16.30;15.72;15.95;5032929;83154960.00
2016/01/21;15.80;16.00;15.30;15.34;4376967;70940096.00
2016/01/22;15.51;15.63;14.86;15.39;2382838;37620656.00
2016/01/25;15.50;16.33;15.43;16.30;5390573;88607568.00
2016/01/26;16.15;16.54;15.00;15.00;6142097;100012784.00
2016/01/27;15.38;15.38;14.58;15.26;4221967;65320832.00
2016/01/28;15.05;15.35;14.73;14.73;2042400;31965518.00
2016/01/29;14.72;15.84;14.63;15.75;3292314;52431744.00
2016/02/01;15.75;16.00;15.07;15.75;3476188;55985608.00
2016/02/02;15.80;16.36;15.58;16.30;6269051;103939592.00
2016/02/03;16.11;16.64;16.00;16.55;4433257;74375368.00
2016/02/04;16.59;16.70;16.30;16.45;3362834;57133292.00
2016/02/05;16.49;17.18;16.31;16.54;5634334;98266488.00
2016/02/15;16.10;17.08;15.80;16.85;4205563;71537616.00
2016/02/16;16.89;17.77;16.71;17.68;7229728;128959488.00
2016/02/17;17.65;17.88;17.20;17.59;5213245;94128024.00
2016/02/18;17.50;18.21;17.50;17.82;6482424;119612408.00
2016/02/19;17.80;17.88;17.35;17.65;3327264;60335484.00
2016/02/22;17.70;17.99;17.45;17.69;3419345;62391644.00
2016/02/23;17.68;18.19;17.50;18.15;3854456;70166768.00
2016/02/24;18.26;18.26;17.51;17.98;2716154;49997304.00
2016/02/25;17.94;17.94;16.16;16.30;4989631;86693832.00
2016/02/26;16.50;16.85;16.20;16.46;4242272;72614784.00
2016/02/29;16.43;16.47;14.76;15.74;4854216;77324648.00
2016/03/01;15.68;15.94;15.20;15.90;4309075;69150328.00
2016/03/02;16.10;16.50;15.72;16.40;6483788;107537696.00
2016/03/03;16.40;16.40;16.00;16.16;3596333;60000028.00
2016/03/04;16.01;16.13;15.25;15.45;3281544;53077424.00
2016/03/07;15.41;15.82;15.41;15.63;2695790;43625332.00
2016/03/08;15.66;15.76;15.02;15.76;2842298;45136716.00
2016/03/09;15.76;16.58;15.58;16.00;5314536;88782416.00
2016/03/10;15.80;16.06;15.58;15.76;3138660;51267316.00
2016/03/11;15.68;16.17;15.42;16.02;2796312;45466980.00
2016/03/14;16.06;16.85;16.06;16.51;4390246;74929736.00
2016/03/15;16.63;17.10;16.44;16.90;5377218;93752984.00
2016/03/16;16.96;17.23;16.72;17.00;5455683;95303808.00
2016/03/17;16.87;17.45;16.85;17.37;6667078;118437648.00
2016/03/18;17.37;17.66;17.22;17.63;6966629;125271920.00
2016/03/21;17.60;17.67;17.30;17.58;6234754;111892152.00
2016/03/22;17.45;17.68;17.27;17.55;5149469;92136552.00
2016/03/23;17.39;17.45;17.10;17.31;3571514;63475476.00
2016/03/24;17.13;17.55;17.06;17.10;3859512;68580944.00
2016/03/25;17.09;17.34;16.80;17.12;5042938;88800304.00
2016/03/28;17.25;17.95;17.10;17.65;10434541;188513600.00
2016/03/29;17.50;17.58;16.65;16.69;5563676;97349528.00
2016/03/30;16.83;17.48;16.80;17.39;4235570;74481216.00
2016/03/31;17.50;17.93;17.50;17.69;7950363;145139216.00
2016/04/01;17.40;18.25;17.35;18.20;6709037;123287648.00
2016/04/05;18.20;18.52;17.90;18.29;5258876;98639288.00
2016/04/06;18.19;18.63;18.02;18.57;4629782;87166648.00
2016/04/07;18.64;18.64;17.71;18.10;5720676;106730832.00
2016/04/08;17.90;18.40;17.70;18.15;3348226;61943960.00
2016/04/11;18.40;18.75;18.15;18.68;4073996;77806024.00
2016/04/12;18.65;18.66;18.10;18.51;3469654;65249288.00
2016/04/13;18.38;18.70;18.30;18.42;3345379;63647864.00
2016/04/14;18.42;18.50;18.10;18.29;2523088;47263704.00
2016/04/15;18.30;18.42;18.13;18.36;1898949;35634436.00
2016/04/18;17.91;18.19;17.55;17.61;4151468;75519176.00
2016/04/19;17.70;18.00;17.50;17.96;3519969;64046584.00
2016/04/20;17.90;18.00;16.51;16.88;3846543;67867112.00
2016/04/21;16.83;17.33;16.76;17.02;2724155;47825540.00
2016/04/22;16.99;17.40;16.75;17.35;1976068;34915388.00
2016/04/25;17.21;17.60;17.03;17.40;1943233;34658184.00
2016/04/26;17.35;17.62;17.18;17.40;1304134;23303024.00
2016/04/27;17.95;18.83;17.95;18.48;8436359;159800112.00
2016/04/28;18.49;19.45;18.18;19.17;9247772;179758304.00
2016/04/29;19.00;19.79;18.76;19.60;8439602;167314208.00
2016/05/03;19.59;20.47;19.21;20.20;6927458;142214736.00
2016/05/04;20.17;20.17;19.31;19.56;13675058;274647552.00
2016/05/05;19.55;19.55;19.16;19.40;6407501;126946432.00
2016/05/06;19.32;19.57;18.85;19.00;5285712;103891856.00
2016/05/09;18.80;19.27;18.28;19.00;7749338;149125392.00
2016/05/10;18.82;19.21;18.62;18.99;3181620;61848832.00
2016/05/11;19.10;20.06;19.05;19.57;8705601;175317360.00
2016/05/12;19.23;19.65;18.18;19.39;5594689;110338760.00
2016/05/13;19.26;20.05;19.06;19.73;6694259;135427216.00
2016/05/16;19.50;20.03;19.35;19.80;4517737;91383896.00
2016/05/17;19.82;19.97;18.99;19.10;7180087;142043456.00
2016/05/18;18.92;19.00;17.88;18.00;6313802;119118488.00
2016/05/19;18.05;18.52;17.85;18.29;4275067;79930752.00
2016/05/20;18.18;18.84;18.05;18.73;3416122;64797856.00
2016/05/23;18.95;19.00;18.70;18.82;2861742;53955772.00
2016/05/24;18.85;18.90;18.15;18.26;3048873;56297692.00
2016/05/25;18.49;19.69;18.48;19.62;8397694;160646576.00
2016/05/26;19.45;19.45;18.74;19.34;5446339;104098904.00
2016/05/27;19.44;19.44;19.01;19.15;2764508;53040716.00
2016/05/30;19.13;19.15;18.70;18.76;2693428;50963248.00
2016/05/31;18.73;19.56;18.73;19.45;4574417;88331584.00
2016/06/01;19.44;19.98;19.40;19.96;6289490;124402064.00
2016/06/02;20.00;20.29;19.70;19.78;5143801;102422504.00
2016/06/03;19.81;20.52;19.63;20.52;6213867;125546520.00
2016/06/06;20.50;20.50;20.06;20.24;4353772;88022272.00
2016/06/07;20.20;20.28;19.89;20.14;3196981;64286380.00
2016/06/08;20.12;20.12;19.75;19.90;3130350;62249360.00
2016/06/13;19.80;20.03;19.32;19.32;3614719;71128208.00
2016/06/14;19.10;19.30;18.63;18.84;5768316;109041368.00
2016/06/15;18.76;19.45;18.60;19.35;5900413;113041368.00
2016/06/16;19.28;19.28;18.80;18.86;4759629;90477560.00
2016/06/17;18.94;19.55;18.94;19.55;6827357;131399824.00
2016/06/20;19.50;19.55;18.86;19.12;6048794;115582768.00
2016/06/21;19.15;19.26;18.77;18.84;5064003;96367216.00
2016/06/22;18.68;18.77;18.29;18.69;7437535;137454592.00
2016/06/23;18.50;18.87;18.45;18.70;4260968;79503264.00
2016/06/24;18.64;18.81;17.85;18.18;5731929;105109160.00
2016/06/27;18.09;18.60;18.00;18.57;3922308;72041704.00
2016/06/28;18.43;18.81;18.32;18.78;3957069;73449400.00
2016/06/29;18.77;18.86;18.45;18.48;5503210;102357072.00
2016/06/30;18.51;18.79;18.49;18.64;3593112;67036700.00
2016/07/01;18.63;19.00;18.57;18.90;4951213;93017880.00
2016/07/04;18.80;19.59;18.75;19.38;7938074;153547024.00
2016/07/05;19.40;19.93;19.07;19.18;6429742;125313224.00
2016/07/06;19.19;19.36;18.97;19.31;5263244;101141896.00
2016/07/07;19.33;19.60;19.16;19.28;4991867;96635328.00
2016/07/08;19.28;19.28;18.91;18.95;5864424;111375224.00
2016/07/11;18.91;19.31;18.74;18.89;5770724;110154344.00
2016/07/12;18.90;20.27;18.84;20.04;11485757;224867376.00
2016/07/13;20.00;20.15;19.53;19.75;6875619;136033664.00
2016/07/14;19.65;19.85;19.52;19.80;3177145;62556488.00
2016/07/15;19.75;19.83;19.51;19.60;3689505;72619904.00
2016/07/18;19.50;19.70;19.22;19.51;3435319;66695916.00
2016/07/19;19.42;19.76;19.15;19.30;4710379;91190216.00
2016/07/20;19.37;19.44;19.19;19.24;3264969;62950496.00
2016/07/21;19.26;19.68;19.25;19.41;5163621;100611872.00
2016/07/22;19.37;19.63;19.20;19.50;4200995;81686528.00
2016/07/25;19.37;20.21;19.37;20.06;8622190;172414000.00
2016/07/26;20.08;20.40;19.90;20.30;6748933;135860960.00
2016/07/27;20.18;20.47;19.10;19.53;7718102;152082304.00
2016/07/28;19.53;20.57;19.42;20.56;9246173;185488624.00
2016/07/29;20.45;20.68;20.18;20.24;6062669;124107712.00
2016/08/01;19.99;19.99;18.40;18.53;12353067;233968144.00
2016/08/02;18.50;18.74;18.39;18.65;3536237;65798820.00
2016/08/03;18.51;18.73;18.50;18.67;3348907;62322492.00
2016/08/04;18.67;19.38;18.60;19.32;7152863;135810512.00
2016/08/05;19.10;19.80;18.96;18.98;8697198;168258784.00
2016/08/08;18.90;19.40;18.81;19.27;3582531;68632936.00
2016/08/09;19.13;19.28;19.02;19.24;2787999;53494636.00
2016/08/10;19.24;19.48;19.00;19.00;2266216;43307448.00
2016/08/11;18.93;19.16;18.75;18.78;2693178;51011044.00
2016/08/12;18.46;18.84;18.46;18.75;2885655;53934708.00
2016/08/15;18.75;19.10;18.55;18.99;5572586;105113888.00
2016/08/16;18.95;19.03;18.78;18.96;4664871;88227496.00
2016/08/17;18.92;19.11;18.79;19.00;3229664;61168048.00
2016/08/18;19.00;19.04;18.79;18.85;2710389;51225492.00
2016/08/19;18.83;18.94;18.75;18.91;2024514;38130416.00
2016/08/22;18.92;19.05;18.70;18.92;2715834;51254368.00
2016/08/23;18.91;19.05;18.79;18.84;3058447;57850144.00
2016/08/24;18.84;18.95;18.70;18.75;2399266;45069296.00
2016/08/25;18.62;18.78;18.40;18.76;3553544;66064048.00
2016/08/26;18.75;18.94;18.55;18.84;3024693;56802920.00
2016/08/29;18.84;18.89;18.71;18.77;1877508;35294568.00
2016/08/30;18.84;19.08;18.79;18.90;2096810;39756372.00
2016/08/31;18.88;19.05;18.71;18.75;2353410;44428912.00
2016/09/01;18.76;18.85;18.50;18.54;2025372;37731240.00
2016/09/02;18.54;18.58;18.18;18.34;3134467;57522668.00
2016/09/05;18.31;18.50;18.14;18.47;3467754;63452312.00
2016/09/06;18.40;18.60;18.21;18.55;1787081;32935030.00
2016/09/07;18.55;18.82;18.51;18.68;2400241;44909812.00
2016/09/08;18.68;18.75;18.20;18.27;4361537;80389936.00
2016/09/09;18.30;18.38;18.10;18.25;3132423;57159848.00
2016/09/12;18.00;18.09;17.48;17.50;4865341;86233432.00
2016/09/13;17.60;17.69;17.51;17.64;1353053;23836912.00
2016/09/14;17.57;17.75;17.49;17.67;1721016;30413582.00
2016/09/19;17.60;17.90;17.56;17.80;1639357;29199756.00
2016/09/20;17.85;17.87;17.64;17.71;1399392;24835982.00
2016/09/21;17.70;17.83;17.69;17.75;1196800;21255432.00
2016/09/22;17.80;18.02;17.73;17.77;1739939;31097178.00
2016/09/23;17.78;17.88;17.52;17.62;2011292;35475416.00
2016/09/26;17.52;17.65;17.32;17.34;1712600;29983296.00
2016/09/27;17.38;17.54;17.28;17.53;1485549;25818032.00
2016/09/28;17.52;17.72;17.45;17.52;1183328;20808248.00
2016/09/29;17.60;17.80;17.52;17.69;1653086;29262236.00
2016/09/30;17.65;17.93;17.60;17.81;2248199;40005224.00
2016/10/10;17.81;18.27;17.81;18.21;3457804;62669024.00
2016/10/11;18.24;18.37;18.12;18.17;3382500;61783940.00
2016/10/12;18.13;18.29;18.00;18.08;1856268;33695200.00
2016/10/13;18.08;18.17;17.97;18.05;1908498;34507404.00
2016/10/14;18.08;18.14;17.95;18.07;1783496;32185456.00
2016/10/17;18.10;18.13;17.81;17.86;1703762;30661104.00
2016/10/18;17.83;18.50;17.82;18.44;4735537;86127632.00
2016/10/19;18.38;18.44;17.93;18.05;3150217;57196184.00
2016/10/20;18.12;18.12;17.84;17.93;3939050;70671296.00
2016/10/21;17.95;18.02;17.51;17.61;5456950;96681792.00
2016/10/24;17.25;17.62;17.20;17.47;8563009;148471104.00
2016/10/25;17.41;17.48;17.24;17.30;7250677;125621152.00
2016/10/26;17.34;17.45;17.19;17.45;7479682;129502416.00
2016/10/27;17.42;17.46;17.33;17.40;3634843;63216756.00
2016/10/28;17.42;17.51;17.36;17.43;3864945;67447224.00
2016/10/31;17.39;17.75;17.30;17.57;6796132;119478576.00
2016/11/01;17.57;17.70;17.50;17.68;4801782;84638104.00
2016/11/02;17.59;17.67;17.40;17.41;3673773;64349876.00
2016/11/03;17.41;17.65;17.40;17.52;3040559;53315560.00
2016/11/04;17.54;17.74;17.45;17.56;4094170;72011696.00
2016/11/07;17.49;17.65;17.29;17.38;3442734;60198156.00
2016/11/08;17.44;17.56;17.38;17.53;2376675;41491980.00
2016/11/09;17.47;17.57;17.08;17.28;3389577;58705208.00
2016/11/10;17.36;17.48;17.28;17.35;3474917;60519052.00
2016/11/11;17.43;17.53;17.30;17.50;3376738;58883776.00
2016/11/14;17.49;17.62;17.45;17.57;4095027;71763344.00
2016/11/15;17.56;17.68;17.45;17.62;3600004;63276300.00
2016/11/16;17.63;17.63;17.47;17.59;2295653;40345908.00
2016/11/17;17.53;17.58;17.36;17.42;1594200;27836938.00
数据来源:通达信
