002319 乐通股份 日线 前复权
      日期	    开盘	    最高	    最低	    收盘	    成交量	    成交额
2009/12/11;17.31;20.81;17.29;20.81;18238070;684247040.00
2009/12/14;19.29;22.22;18.83;20.14;14317665;588005248.00
2009/12/15;19.46;19.63;18.10;18.13;9076872;339883360.00
2009/12/16;17.69;17.87;16.67;16.97;6701886;233551344.00
2009/12/17;17.18;18.28;17.00;17.47;6534543;234973136.00
2009/12/18;16.28;16.53;15.70;15.72;5536146;177370224.00
2009/12/21;15.37;16.03;15.06;15.66;3144041;99369728.00
2009/12/22;15.45;15.64;14.30;14.31;3960159;118569616.00
2009/12/23;14.32;14.97;13.93;14.49;3600395;105726288.00
2009/12/24;14.29;15.12;14.18;14.87;3638421;109042024.00
2009/12/25;14.58;15.45;14.34;15.08;3943087;119444480.00
2009/12/28;14.93;15.52;14.91;15.23;2603819;80439864.00
2009/12/29;15.19;16.02;15.19;15.87;3736002;119394144.00
2009/12/30;15.93;16.22;15.33;15.55;3210268;101468224.00
2009/12/31;15.55;15.63;15.16;15.42;1496921;46547024.00
2010/01/04;15.36;15.88;15.33;15.56;2014762;64069852.00
2010/01/05;15.57;15.70;15.08;15.34;2045313;63331344.00
2010/01/06;15.34;15.48;15.04;15.17;1611317;49742000.00
2010/01/07;15.08;15.28;14.59;14.67;1880082;56674376.00
2010/01/08;14.35;14.67;14.27;14.47;1272608;37305680.00
2010/01/11;14.46;14.85;14.36;14.79;1830662;54503292.00
2010/01/12;14.79;15.84;14.71;15.54;3698337;115851368.00
2010/01/13;15.28;15.78;15.09;15.59;2867932;90398328.00
2010/01/14;15.67;16.01;15.59;15.74;2721802;87151544.00
2010/01/15;15.64;15.92;15.56;15.66;2289734;73164624.00
2010/01/18;15.69;15.88;15.38;15.48;2107881;66547480.00
2010/01/19;15.54;15.54;15.15;15.38;1708854;52961872.00
2010/01/20;15.23;15.36;14.29;14.46;1925187;57860080.00
2010/01/21;14.28;14.63;14.28;14.50;1010951;29765512.00
2010/01/22;14.40;14.42;13.79;14.01;1237809;35318524.00
2010/01/25;13.98;13.98;13.54;13.59;909805;25398844.00
2010/01/26;13.56;13.73;12.53;12.63;1263325;33315852.00
2010/01/27;12.67;12.67;12.12;12.32;1036579;26066702.00
2010/01/28;12.38;12.57;12.21;12.56;791924;20005242.00
2010/01/29;12.43;12.81;12.29;12.63;804334;20695168.00
2010/02/01;12.62;12.62;11.68;11.69;1162826;28140440.00
2010/02/02;11.48;11.96;11.48;11.73;628275;15098547.00
2010/02/03;11.74;11.93;11.03;11.93;1228422;28608310.00
2010/02/04;11.76;11.98;11.59;11.79;948397;22840724.00
2010/02/05;11.60;11.60;11.11;11.24;1087834;25012740.00
2010/02/08;11.35;11.59;11.09;11.50;768792;17882672.00
2010/02/09;11.51;11.91;11.51;11.57;791566;18823636.00
2010/02/10;11.73;12.11;11.61;12.07;1127430;27316740.00
2010/02/11;12.07;12.07;11.84;11.98;728341;17709700.00
2010/02/12;12.07;12.11;11.87;12.10;558829;13681650.00
2010/02/22;11.94;12.15;11.73;11.75;718687;17395380.00
2010/02/23;11.73;11.75;11.26;11.42;990913;22969186.00
2010/02/24;11.33;12.11;11.33;12.07;1409177;33905912.00
2010/02/26;12.29;13.03;12.29;12.80;2793129;72515928.00
2010/03/01;12.78;13.10;12.61;13.00;1896322;49834384.00
2010/03/02;13.00;13.07;12.72;12.88;1127453;29467538.00
2010/03/03;12.80;13.53;12.71;13.43;1785662;47603768.00
2010/03/04;13.34;13.77;12.92;12.94;1938672;52394884.00
2010/03/05;12.73;12.98;12.69;12.77;879793;22943062.00
2010/03/08;12.77;12.87;12.64;12.77;739337;19178762.00
2010/03/09;12.73;13.82;12.68;13.35;1736074;47185052.00
2010/03/10;13.27;13.48;13.01;13.08;1020255;27372090.00
2010/03/11;12.88;12.88;12.38;12.64;3425386;87980968.00
2010/03/12;12.43;12.76;12.37;12.42;2079036;52992080.00
2010/03/15;12.42;12.42;11.99;12.06;1435241;35393656.00
2010/03/16;12.06;12.21;11.94;12.08;768003;18892400.00
2010/03/17;12.18;12.55;12.08;12.53;1474038;37099648.00
2010/03/18;12.50;12.62;12.41;12.52;1300057;33074036.00
2010/03/19;12.52;12.77;12.52;12.74;1620702;41788232.00
2010/03/22;12.74;12.78;12.54;12.73;1001343;25796164.00
2010/03/23;12.66;12.83;12.56;12.73;882021;22777066.00
2010/03/24;12.72;13.11;12.60;13.09;2532762;66735092.00
2010/03/25;13.07;14.11;12.93;13.96;4934796;135759184.00
2010/03/26;13.88;13.98;13.43;13.78;3040727;84445824.00
2010/03/29;13.78;13.78;13.28;13.42;2314413;63439472.00
2010/03/30;13.42;13.82;13.28;13.78;2000731;55666648.00
2010/03/31;13.83;14.43;13.78;14.04;3237720;92991224.00
2010/04/01;14.04;14.42;14.04;14.23;2673423;77443832.00
2010/04/02;14.28;14.34;13.87;13.92;1947202;55221552.00
2010/04/06;13.82;14.24;13.82;14.08;1509307;43043784.00
2010/04/07;14.03;14.48;13.93;14.47;2198234;63372852.00
2010/04/08;14.48;14.68;14.22;14.49;2637972;77916000.00
2010/04/12;14.75;14.75;14.28;14.52;1867444;54973676.00
2010/04/13;14.40;14.53;13.21;13.81;2471491;69596552.00
2010/04/14;13.71;13.86;13.55;13.81;1081833;30139608.00
2010/04/15;13.73;13.93;13.16;13.33;1467769;40310212.00
2010/04/16;13.14;13.53;13.13;13.37;939713;25407654.00
2010/04/19;13.23;13.36;12.48;12.53;1079812;28419260.00
2010/04/20;12.53;12.78;12.06;12.47;1160596;29042706.00
2010/04/21;12.57;12.95;12.40;12.93;1073312;27716106.00
2010/04/22;12.83;13.19;12.61;13.05;1247023;32645078.00
2010/04/23;12.99;13.08;12.64;12.76;895790;23357218.00
2010/04/26;12.77;12.94;12.33;12.59;912519;23255714.00
2010/04/27;12.68;12.73;11.33;11.96;1317489;32115924.00
2010/04/28;11.72;12.11;11.58;12.07;934532;22656726.00
2010/04/29;12.27;12.27;11.85;11.88;631293;15433727.00
2010/04/30;11.79;11.88;11.35;11.50;704984;16434770.00
2010/05/04;11.48;11.66;11.23;11.57;406510;9466402.00
2010/05/05;11.57;12.03;11.38;11.96;729624;17431660.00
2010/05/06;11.96;12.11;11.56;11.59;668391;16115636.00
2010/05/07;11.43;11.78;11.18;11.66;596057;13947491.00
2010/05/10;11.63;11.93;11.33;11.78;530459;12570576.00
2010/05/11;12.04;12.04;11.54;11.64;713001;17110874.00
2010/05/12;11.54;11.68;10.48;10.59;949283;21481518.00
2010/05/13;10.58;10.58;9.88;10.46;1043678;21480296.00
2010/05/14;10.32;10.45;10.18;10.42;603636;12665472.00
2010/05/17;10.18;10.28;9.37;9.37;684337;13703439.00
2010/05/18;9.13;9.43;8.91;9.39;991287;18460804.00
2010/05/19;9.33;9.47;8.98;9.33;773002;14557933.00
2010/05/20;9.17;9.41;9.00;9.13;643561;12075794.00
2010/05/21;8.97;9.29;8.73;9.28;872339;15994402.00
2010/05/24;9.28;9.80;9.23;9.75;1070670;20993044.00
2010/05/25;9.75;9.75;9.51;9.59;626706;12233052.00
2010/05/26;9.59;10.07;9.59;9.88;1025521;20615246.00
2010/05/27;9.83;10.11;9.64;10.05;752813;15282735.00
2010/05/28;10.16;10.22;9.87;10.00;811892;16537834.00
2010/05/31;9.88;9.99;9.44;9.49;615810;12215532.00
2010/06/01;9.48;9.48;9.07;9.14;545358;10302860.00
2010/06/02;9.12;9.40;9.03;9.39;463940;8752958.00
2010/06/03;9.41;9.58;9.33;9.40;543768;10502048.00
2010/06/04;9.33;9.58;9.26;9.55;432745;8329315.00
2010/06/07;9.33;10.07;9.29;9.96;1049700;20698942.00
2010/06/08;9.78;10.20;9.78;10.14;1164600;23799526.00
2010/06/09;10.18;10.28;10.04;10.25;1090878;22603100.00
2010/06/10;10.22;10.63;10.16;10.43;1294244;27549378.00
2010/06/11;10.55;10.56;10.34;10.39;640424;13537657.00
2010/06/17;10.39;10.53;10.06;10.06;886771;18461504.00
2010/06/18;10.18;10.18;9.44;9.47;755323;15009370.00
2010/06/21;9.46;9.92;9.28;9.83;613840;12067045.00
2010/06/22;9.71;10.08;9.69;9.94;497960;10081539.00
2010/06/23;9.88;9.98;9.61;9.86;613366;12228775.00
2010/06/24;9.88;10.03;9.70;9.96;688806;13841703.00
2010/06/25;9.96;9.96;9.48;9.67;606595;11980990.00
2010/06/28;9.62;10.16;9.33;10.15;1594918;32140268.00
2010/06/29;10.14;11.13;10.04;10.68;5553862;119995464.00
2010/06/30;10.48;10.52;9.60;10.35;2505466;51556816.00
2010/07/01;10.23;11.03;10.04;10.81;3481050;75781464.00
2010/07/02;10.58;11.91;10.54;11.91;6133358;141950528.00
2010/07/05;11.81;12.37;11.48;11.60;5568663;134080912.00
2010/07/06;11.43;11.93;11.22;11.88;4127760;97452776.00
2010/07/07;11.83;11.91;11.44;11.76;3292057;78131808.00
2010/07/08;11.62;12.32;11.24;12.09;4125480;98529816.00
2010/07/09;11.91;12.40;11.74;12.00;3981379;97711592.00
2010/07/12;11.97;12.33;11.67;12.10;3402987;82553688.00
2010/07/13;11.91;11.91;11.53;11.53;2496436;59235924.00
2010/07/14;11.35;11.82;11.29;11.38;2421217;56699244.00
2010/07/15;11.37;11.92;11.33;11.53;2710146;63945796.00
2010/07/16;11.49;11.53;10.84;11.16;2092920;47263864.00
2010/07/19;11.03;11.43;10.93;11.40;1490278;34015984.00
2010/07/20;11.42;11.79;11.39;11.73;2280858;53562580.00
2010/07/21;11.81;11.81;11.48;11.48;1929249;45543856.00
2010/07/22;11.46;12.64;11.46;12.64;5450278;137177776.00
2010/07/23;12.73;13.03;12.41;12.79;5279497;136012272.00
2010/07/26;12.80;12.81;12.53;12.79;2621455;67293776.00
2010/07/27;12.64;13.27;12.53;12.56;3371293;88101984.00
2010/07/28;12.38;12.67;12.21;12.64;2689906;68080504.00
2010/07/29;12.61;12.73;12.34;12.51;2067495;52439564.00
2010/07/30;12.53;12.83;12.41;12.62;2060989;52937000.00
2010/08/02;12.62;13.02;12.52;12.75;1956063;50611820.00
2010/08/03;12.78;13.08;12.64;12.64;2367201;61829636.00
2010/08/04;12.63;12.77;12.18;12.54;1909645;48007136.00
2010/08/05;12.54;12.64;12.30;12.45;1408824;35676472.00
2010/08/06;12.43;12.88;12.42;12.88;1855314;47713716.00
2010/08/09;12.90;13.18;12.88;12.98;1866264;49086104.00
2010/08/10;12.98;13.00;12.11;12.13;1991601;50682656.00
2010/08/11;12.08;12.23;11.83;12.04;1496612;36510288.00
2010/08/12;11.94;12.08;11.81;11.86;1088215;26305906.00
2010/08/16;12.13;12.53;11.98;12.43;1454096;36381852.00
2010/08/17;12.43;12.59;12.26;12.43;1172776;29407430.00
2010/08/18;12.44;12.48;11.97;12.21;1477777;36513200.00
2010/08/19;12.15;12.18;11.95;12.03;1228808;30028358.00
2010/08/20;11.96;12.15;11.92;12.01;1012963;24743804.00
2010/08/23;12.01;12.31;11.64;12.23;1784515;43455264.00
2010/08/24;12.18;12.61;12.03;12.52;2070504;51946384.00
2010/08/25;12.42;12.51;11.88;11.93;1321199;32600694.00
2010/08/26;11.91;12.03;11.81;11.86;795799;19189214.00
2010/08/27;11.83;12.01;11.79;11.96;463263;11180328.00
2010/08/30;11.98;12.23;11.96;12.21;962678;23641498.00
2010/08/31;12.18;12.21;11.92;12.06;927352;22707606.00
2010/09/01;12.06;12.52;12.06;12.25;1986407;49539360.00
2010/09/02;12.32;12.51;12.12;12.48;1980534;49658072.00
2010/09/03;12.59;12.78;12.33;12.61;2003288;51101340.00
2010/09/06;12.69;12.98;12.38;12.42;1895615;48564416.00
2010/09/07;12.43;12.51;12.08;12.30;1094412;27135044.00
2010/09/08;12.30;12.38;12.12;12.32;839883;20828154.00
2010/09/09;12.33;12.45;11.98;12.08;1052724;26048392.00
2010/09/10;11.98;12.17;11.93;12.11;632729;15434537.00
2010/09/13;12.09;12.51;12.04;12.50;1399691;35092392.00
2010/09/14;12.48;12.57;12.33;12.42;1132807;28588120.00
2010/09/15;12.50;12.96;12.36;12.77;3026129;78072960.00
2010/09/16;12.67;13.26;12.59;13.03;4294092;112704192.00
2010/09/17;13.01;13.28;12.40;12.70;1974671;50995052.00
2010/09/20;12.80;12.80;11.93;11.93;1689285;41962668.00
2010/09/21;11.88;12.02;11.03;11.05;1843516;42482404.00
2010/09/27;11.13;11.23;10.83;11.22;1100272;24771026.00
2010/09/28;11.22;11.22;10.74;10.75;1266630;28026446.00
2010/09/29;10.71;10.86;10.64;10.78;713804;15594166.00
2010/09/30;10.68;10.88;10.68;10.81;589709;12956695.00
2010/10/08;10.88;11.27;10.82;11.13;919827;20789110.00
2010/10/11;11.14;11.25;11.03;11.18;1195546;26938342.00
2010/10/12;11.26;11.39;11.13;11.31;841147;19233176.00
2010/10/13;11.33;11.34;11.01;11.19;965460;21867594.00
2010/10/14;11.27;11.28;10.43;10.43;1650768;36214696.00
2010/10/15;10.34;10.58;10.08;10.18;1429723;30009018.00
2010/10/18;10.17;10.49;9.83;10.48;1069765;22069348.00
2010/10/19;10.47;10.77;10.34;10.73;856806;18536284.00
2010/10/20;10.63;10.76;10.35;10.56;892937;19233746.00
2010/10/21;10.65;10.95;10.52;10.93;810444;17659488.00
2010/10/22;10.93;11.48;10.81;11.29;2167497;49377688.00
2010/10/25;11.20;11.30;11.06;11.23;1304761;29618278.00
2010/10/26;11.24;11.37;10.96;11.01;1000389;22498522.00
2010/10/27;10.98;11.12;10.84;10.90;905243;20116438.00
2010/10/28;10.90;11.98;10.69;11.92;2941034;67835160.00
2010/10/29;11.92;12.01;11.53;11.55;3297598;78830184.00
2010/11/01;11.48;11.84;11.15;11.58;1940807;44937660.00
2010/11/02;11.52;11.74;11.33;11.36;1357964;31663316.00
2010/11/03;11.35;11.35;11.13;11.17;826639;18834520.00
2010/11/04;11.18;11.33;11.09;11.27;665481;15182555.00
2010/11/05;11.27;11.55;11.24;11.47;980737;22699028.00
2010/11/08;11.46;11.68;11.36;11.67;1477309;34645496.00
2010/11/09;11.67;11.72;11.48;11.71;1447747;34011068.00
2010/11/10;11.68;12.63;11.68;12.61;3885149;95614504.00
2010/11/11;12.33;13.02;12.16;12.28;6074951;155005712.00
2010/11/12;12.12;12.12;11.05;11.07;2588873;61329512.00
2010/11/15;11.07;11.40;10.87;11.29;1043418;23654066.00
2010/11/16;11.22;11.63;10.95;11.07;1229849;28208796.00
2010/11/17;11.07;11.19;10.62;10.68;788205;17495882.00
2010/11/18;10.69;10.95;10.69;10.87;525150;11540321.00
2010/11/19;10.88;11.14;10.84;11.13;670426;15003795.00
2010/11/22;11.15;11.61;11.01;11.42;1267945;29357222.00
2010/11/23;11.33;11.52;11.08;11.52;984288;22591882.00
2010/11/24;11.43;12.02;11.43;11.97;2065180;49400508.00
2010/11/25;11.89;11.91;11.61;11.77;1057570;25256264.00
2010/11/26;11.78;11.83;11.43;11.52;971169;22897502.00
2010/11/29;11.48;11.65;11.43;11.62;719821;16883090.00
2010/11/30;11.62;11.74;10.83;11.15;921589;20976990.00
2010/12/01;11.02;11.22;10.91;11.18;408656;9193857.00
2010/12/02;11.20;11.31;11.12;11.21;647283;14750381.00
2010/12/03;11.23;11.27;10.83;10.98;813610;18108606.00
2010/12/06;10.98;11.13;10.83;11.02;467374;10402667.00
2010/12/07;10.85;11.81;10.84;11.79;1563665;36248136.00
2010/12/08;11.63;12.06;11.48;11.68;3299982;79411880.00
2010/12/09;11.48;11.48;10.98;10.99;1236150;27939344.00
2010/12/10;10.88;11.09;10.84;11.03;504125;11266192.00
2010/12/13;11.04;11.25;11.04;11.14;1257985;28535808.00
2010/12/14;11.20;11.97;10.91;11.68;3760381;86388160.00
2010/12/15;11.68;11.83;11.43;11.54;2763177;65162080.00
2010/12/16;11.42;11.73;11.42;11.58;1254811;29498852.00
2010/12/17;11.58;11.65;11.47;11.62;926710;21749400.00
2010/12/20;11.63;11.90;11.23;11.69;1622243;38311016.00
2010/12/21;11.68;12.01;11.66;11.88;2451441;58948128.00
2010/12/22;11.83;11.84;11.59;11.69;1282593;30528248.00
2010/12/23;11.68;11.68;11.48;11.48;985111;23093902.00
2010/12/24;11.47;11.48;11.08;11.13;831437;18904664.00
2010/12/27;11.13;11.31;10.70;10.84;1038281;23222534.00
2010/12/28;10.85;10.86;10.34;10.43;565770;12145376.00
2010/12/29;10.44;10.68;10.37;10.62;413608;8808627.00
2010/12/30;10.53;10.69;10.40;10.63;435769;9372492.00
2010/12/31;10.53;10.87;10.53;10.83;503845;10963804.00
2011/01/04;10.83;10.89;10.73;10.88;589916;12979613.00
2011/01/05;10.84;10.92;10.71;10.83;626798;13754915.00
2011/01/06;10.83;11.25;10.83;11.11;1385695;31249172.00
2011/01/07;11.12;11.12;10.91;11.00;591190;13191426.00
2011/01/10;10.88;11.01;10.53;10.61;403160;8814533.00
2011/01/11;10.60;10.63;10.37;10.53;244336;5199664.50
2011/01/12;10.55;10.76;10.48;10.66;294687;6365752.00
2011/01/13;10.70;10.81;10.60;10.76;291743;6333736.00
2011/01/14;10.77;11.24;10.60;11.23;1487126;33269900.00
2011/01/17;11.12;11.26;10.91;11.13;1595126;35946620.00
2011/01/18;11.13;11.52;10.39;11.48;3307985;75992928.00
2011/01/19;10.83;11.25;10.56;11.11;5296359;116518752.00
2011/01/20;10.83;10.87;10.08;10.18;2264878;48622172.00
2011/01/21;9.84;10.12;9.84;9.89;1581775;32008180.00
2011/01/24;9.94;9.94;9.25;9.28;1315967;25442500.00
2011/01/25;9.29;9.41;9.19;9.28;706437;13343862.00
2011/01/26;9.28;9.42;9.28;9.40;475109;9060004.00
2011/01/27;9.36;9.50;9.26;9.46;738982;14106503.00
2011/01/28;9.45;9.52;9.40;9.47;663998;12790587.00
2011/01/31;9.47;9.58;9.43;9.57;679703;13171516.00
2011/02/01;9.53;9.60;9.42;9.58;623227;12041796.00
2011/02/09;9.50;9.62;9.38;9.41;522064;10133682.00
2011/02/10;9.34;9.64;9.34;9.61;661429;12840297.00
2011/02/11;9.72;9.84;9.62;9.78;1013774;20065848.00
2011/02/14;9.78;10.26;9.71;10.18;1604775;32458344.00
2011/02/15;10.10;10.27;9.93;10.02;1512118;30922382.00
2011/02/16;9.97;10.26;9.93;10.21;1486673;30553580.00
2011/02/17;10.11;10.58;9.86;10.44;2703355;55999432.00
2011/02/18;10.33;10.44;10.13;10.13;1564996;32707246.00
2011/02/21;9.99;10.33;9.93;10.20;1075737;22148204.00
2011/02/22;10.18;10.18;9.69;9.69;1266491;25505530.00
2011/02/23;9.69;9.79;9.64;9.73;820160;16205593.00
2011/02/24;9.73;10.31;9.68;10.18;1662790;33824132.00
2011/02/25;10.04;10.17;9.66;9.79;4426793;88171672.00
2011/02/28;9.78;9.87;9.65;9.84;1369463;27213642.00
2011/03/01;9.85;10.28;9.82;10.12;3004670;61274872.00
2011/03/02;10.03;10.03;9.73;9.84;4569741;91154832.00
2011/03/03;9.83;9.86;9.63;9.63;2085316;41261568.00
2011/03/04;9.66;9.77;9.55;9.71;1350166;26570502.00
2011/03/07;9.73;9.83;9.73;9.78;1335662;26565050.00
2011/03/08;9.78;9.92;9.78;9.92;1832879;36747464.00
2011/03/09;9.92;9.95;9.83;9.89;1442286;29013410.00
2011/03/10;9.94;9.94;9.79;9.83;1361610;27282536.00
2011/03/11;9.79;9.99;9.79;9.98;1742418;35105352.00
2011/03/14;9.92;9.92;9.68;9.76;4030139;79897856.00
2011/03/15;9.76;9.76;9.42;9.50;1925074;37388896.00
2011/03/16;9.49;9.64;9.49;9.61;1299583;25298624.00
2011/03/17;9.55;9.58;9.43;9.43;1328836;25714182.00
2011/03/18;9.47;9.64;9.47;9.58;1171278;22855016.00
2011/03/21;9.55;9.63;9.46;9.48;915480;17755722.00
2011/03/22;9.49;9.68;9.46;9.63;1062367;20755962.00
2011/03/23;9.63;9.66;9.56;9.63;1069001;20924280.00
2011/03/24;9.68;9.82;9.62;9.77;2171328;43038908.00
2011/03/25;9.77;9.88;9.71;9.83;1656410;33002406.00
2011/03/28;9.80;10.08;9.74;10.01;3281979;66367340.00
2011/03/29;9.93;9.96;9.18;9.33;5909195;114422112.00
2011/03/30;9.33;9.42;9.21;9.38;1610338;30680294.00
2011/03/31;9.38;9.38;9.18;9.21;1344958;25356086.00
2011/04/01;9.20;9.39;9.20;9.36;827950;15717102.00
2011/04/06;9.33;9.40;9.24;9.30;758254;14366090.00
2011/04/07;9.30;9.38;9.24;9.36;720500;13641668.00
2011/04/08;9.37;9.50;9.31;9.46;1122705;21521094.00
2011/04/11;9.48;9.53;9.39;9.40;861901;16591592.00
2011/04/12;9.39;9.45;9.35;9.40;800847;15319381.00
2011/04/13;9.38;9.48;9.36;9.44;588350;11279079.00
2011/04/14;9.43;9.48;9.42;9.45;729173;14026785.00
2011/04/15;9.45;9.45;9.26;9.32;1061980;20193562.00
2011/04/18;9.32;9.40;9.20;9.27;1233719;23192808.00
2011/04/19;9.27;9.27;8.97;8.97;1422334;26274208.00
2011/04/20;9.05;9.11;8.98;9.09;583470;10742363.00
2011/04/21;9.09;9.12;9.05;9.09;626477;11599116.00
2011/04/22;9.09;9.20;9.06;9.11;705263;13133127.00
2011/04/25;9.05;9.06;8.68;8.68;1386872;24813254.00
2011/04/26;8.68;8.73;8.40;8.43;873581;15173547.00
2011/04/27;8.42;8.54;8.32;8.36;494560;8516588.00
2011/04/29;8.25;8.25;7.90;8.06;1029659;16820082.00
2011/05/03;8.14;8.26;8.04;8.26;707358;11785434.00
2011/05/04;8.22;8.23;7.91;8.00;558619;9217538.00
2011/05/05;8.02;8.15;8.00;8.13;401138;6642228.00
2011/05/06;8.11;8.22;8.06;8.13;369032;6123906.50
2011/05/09;8.12;8.26;8.09;8.18;406705;6806061.50
2011/05/10;8.18;8.19;8.08;8.16;419704;6968218.00
2011/05/11;8.16;8.46;8.13;8.37;1012330;17175704.00
2011/05/12;8.31;8.38;8.15;8.15;556964;9418120.00
2011/05/13;8.14;8.32;8.14;8.25;470750;7893850.50
2011/05/16;8.26;8.31;8.24;8.25;378106;6374370.50
2011/05/17;8.25;8.29;8.21;8.24;353350;5954487.00
2011/05/18;8.28;8.28;8.16;8.19;408479;6851567.50
2011/05/19;8.21;8.21;7.99;8.01;526001;8708770.00
2011/05/20;8.01;8.07;7.93;7.95;244473;3992528.25
2011/05/23;7.93;7.95;7.58;7.59;590711;9343106.00
2011/05/24;7.58;7.67;7.39;7.61;392464;6033378.00
2011/05/25;7.62;8.05;7.55;7.92;1598780;25891340.00
2011/05/26;7.94;8.08;7.75;8.01;935439;15182839.00
2011/05/27;8.03;8.03;7.58;7.73;348859;5544373.00
2011/05/30;7.70;7.83;7.59;7.61;318898;5017940.50
2011/05/31;7.59;7.87;7.59;7.87;437018;6938067.00
2011/06/01;7.79;7.91;7.73;7.87;347446;5580923.50
2011/06/02;7.84;7.84;7.51;7.60;429879;6709899.00
2011/06/03;7.56;7.76;7.56;7.73;249861;3932051.75
2011/06/07;7.76;7.78;7.70;7.76;226494;3585105.00
2011/06/08;7.76;7.76;7.61;7.73;323049;5073677.00
2011/06/09;7.69;7.73;7.56;7.57;320500;4996552.50
2011/06/10;7.62;7.63;7.39;7.52;200817;3073419.50
2011/06/13;7.53;7.65;7.36;7.64;316404;4873974.50
2011/06/14;7.63;7.77;7.56;7.70;347981;5475671.50
2011/06/15;7.77;7.77;7.60;7.60;254829;3987190.25
2011/06/16;7.53;7.58;7.37;7.38;305374;4650075.00
2011/06/17;7.38;7.47;7.33;7.34;258201;3907007.75
2011/06/20;7.31;7.34;7.04;7.10;329968;4833040.50
2011/06/21;7.15;7.42;7.11;7.32;268110;3990994.75
2011/06/22;7.33;7.38;7.23;7.31;187336;2799469.50
2011/06/23;7.33;7.58;7.20;7.52;569565;8675761.00
2011/06/24;7.47;7.69;7.43;7.67;778351;12117093.00
2011/06/27;7.72;7.81;7.59;7.77;866859;13583961.00
2011/06/28;7.77;7.77;7.64;7.76;643320;10089243.00
2011/06/29;7.73;7.86;7.66;7.66;599591;9449672.00
2011/06/30;7.68;7.77;7.65;7.72;464768;7284748.00
2011/07/01;7.73;7.87;7.72;7.79;656556;10422169.00
2011/07/04;7.79;8.07;7.79;7.97;1033751;16627556.00
2011/07/05;7.97;8.58;7.96;8.34;2818940;47208012.00
2011/07/06;8.26;8.35;8.14;8.26;1153108;19356558.00
2011/07/07;8.21;8.48;8.20;8.43;1419711;23903512.00
2011/07/08;8.53;8.53;8.32;8.38;849421;14479431.00
2011/07/11;8.37;8.37;8.21;8.24;827898;13842712.00
2011/07/12;8.18;8.63;8.13;8.46;1347843;22759282.00
2011/07/13;8.38;8.61;8.29;8.52;1305910;22457832.00
2011/07/14;8.52;8.98;8.41;8.79;3358210;59927892.00
2011/07/15;8.79;8.79;8.47;8.59;2747665;47775764.00
2011/07/18;8.54;8.59;8.41;8.43;784633;13482395.00
2011/07/19;8.41;8.92;8.23;8.79;2535461;44135812.00
2011/07/20;8.80;8.86;8.47;8.47;3565540;61567612.00
2011/07/21;8.43;8.43;8.19;8.25;1133389;19047848.00
2011/07/22;8.24;8.45;8.18;8.36;625479;10577936.00
2011/07/25;8.31;8.36;7.83;7.83;679680;11138248.00
2011/07/26;7.80;7.90;7.74;7.81;361257;5725258.50
2011/07/27;7.80;8.06;7.67;7.98;478188;7722276.00
2011/07/28;7.91;7.99;7.76;7.95;420918;6730135.00
2011/07/29;7.95;8.26;7.95;8.22;1588516;26242540.00
2011/08/01;8.13;8.65;8.12;8.55;2649636;45325104.00
2011/08/02;8.53;8.63;8.33;8.48;4529332;78166952.00
2011/08/03;8.39;8.74;8.14;8.69;4988204;85355560.00
2011/08/04;8.68;8.75;8.56;8.56;3565301;62350576.00
2011/08/05;8.26;8.28;8.03;8.13;2684992;44196140.00
2011/08/08;8.03;8.03;7.38;7.43;1809987;27912668.00
2011/08/09;6.90;7.38;6.90;7.27;1983650;28887866.00
2011/08/10;7.42;7.53;7.32;7.38;1740802;26259616.00
2011/08/11;7.31;7.52;7.01;7.48;1629334;24362198.00
2011/08/12;7.42;7.71;7.42;7.62;2011226;30973834.00
2011/08/15;7.48;7.77;7.48;7.73;1955915;30489814.00
2011/08/16;7.64;7.81;7.51;7.68;1166713;18137140.00
2011/08/17;7.55;7.67;7.54;7.67;843020;12987878.00
2011/08/18;7.58;7.67;7.42;7.51;703013;10748636.00
2011/08/19;7.33;7.41;7.21;7.33;1046179;15499643.00
2011/08/22;7.26;7.63;7.26;7.40;1573956;23728238.00
2011/08/23;7.36;7.50;7.36;7.47;928296;14038324.00
2011/08/24;7.53;7.59;7.44;7.44;1603608;24401044.00
2011/08/25;7.38;7.67;7.37;7.60;1842688;28292052.00
2011/08/26;7.61;7.92;7.58;7.81;3313390;52378604.00
2011/08/29;7.78;8.13;7.69;8.03;5451632;87961968.00
2011/08/30;8.11;8.12;7.79;7.83;3522342;56943212.00
2011/08/31;7.79;7.86;7.53;7.65;1492086;23194826.00
2011/09/01;7.69;7.88;7.66;7.73;1472753;23218942.00
2011/09/02;7.68;7.78;7.37;7.44;1783306;27120862.00
2011/09/05;7.38;7.38;7.09;7.09;1244915;18173702.00
2011/09/06;7.07;7.20;7.01;7.15;969185;14040068.00
2011/09/07;7.25;7.43;7.16;7.37;1419819;21079542.00
2011/09/08;7.38;7.51;7.31;7.36;929052;13960819.00
2011/09/09;7.36;7.51;7.29;7.30;664864;9950461.00
2011/09/13;7.22;7.28;7.05;7.23;559609;8145384.00
2011/09/14;7.17;7.40;7.17;7.36;740381;10961125.00
2011/09/15;7.37;7.53;7.32;7.38;1314019;19818338.00
2011/09/16;7.41;7.51;7.13;7.15;1109790;16445625.00
2011/09/19;7.18;7.18;6.93;7.03;861533;12348238.00
2011/09/20;6.98;7.13;6.94;7.07;493611;7066223.00
2011/09/21;7.06;7.26;6.99;7.25;1405218;20538068.00
2011/09/22;7.19;7.28;6.99;6.99;880816;12789125.00
2011/09/23;6.89;7.05;6.83;7.02;630217;8928879.00
2011/09/26;6.93;7.08;6.88;6.90;701009;9896156.00
2011/09/27;6.89;7.00;6.86;6.89;478776;6729869.00
2011/09/28;6.89;6.99;6.87;6.92;426608;5997681.50
2011/09/29;6.89;6.96;6.59;6.71;735737;10173599.00
2011/09/30;6.71;6.79;6.62;6.71;496449;6747727.50
2011/10/10;6.72;6.77;6.61;6.66;294821;4002933.75
2011/10/11;6.79;6.88;6.59;6.69;889624;12212608.00
2011/10/12;6.65;6.96;6.60;6.90;1102174;15352495.00
2011/10/13;6.93;7.01;6.85;6.96;880986;12475943.00
2011/10/14;6.92;6.99;6.89;6.93;710649;10033386.00
2011/10/17;6.98;7.01;6.91;6.98;650855;9206925.00
2011/10/18;6.97;6.97;6.64;6.66;871408;12019127.00
2011/10/20;6.61;6.70;6.13;6.42;989053;12963960.00
2011/10/21;6.35;6.46;6.23;6.37;507773;6558031.50
2011/10/24;6.39;6.45;6.21;6.42;695660;9023772.00
2011/10/25;6.42;6.58;6.35;6.55;831499;10984559.00
2011/10/26;6.48;6.61;6.46;6.54;887786;11847483.00
2011/10/27;6.49;6.61;6.48;6.51;884406;11764440.00
2011/10/31;6.60;6.71;6.56;6.64;1371450;18507118.00
2011/11/01;6.58;6.64;6.53;6.62;856090;11495190.00
2011/11/02;6.53;6.84;6.51;6.82;1411379;19222124.00
2011/11/03;6.80;7.17;6.79;6.94;2216991;31468950.00
2011/11/04;6.98;7.08;6.89;7.00;1348696;19130886.00
2011/11/07;7.00;7.17;6.95;7.09;1831112;26398028.00
2011/11/08;7.09;7.20;6.95;6.96;1767506;25439698.00
2011/11/09;6.98;7.03;6.83;7.01;1128374;15908156.00
2011/11/10;6.94;7.17;6.89;7.10;1500761;21532034.00
2011/11/11;7.07;7.23;6.87;6.88;1789908;25641694.00
2011/11/14;6.95;7.18;6.91;7.05;1224494;17543154.00
2011/11/15;7.07;7.27;7.03;7.25;2032488;29585500.00
2011/11/16;7.26;7.31;7.00;7.07;2059336;30055412.00
2011/11/17;7.07;7.13;6.92;6.96;897260;12768326.00
2011/11/18;6.93;6.97;6.73;6.74;892520;12417479.00
2011/11/21;6.76;6.80;6.63;6.72;472644;6443348.50
2011/11/22;6.64;6.77;6.60;6.71;381033;5186172.50
2011/11/23;6.75;6.75;6.66;6.69;387606;5291006.50
2011/11/24;6.63;6.66;6.51;6.56;523589;7010252.00
2011/11/25;6.58;6.64;6.54;6.59;302536;4062143.75
2011/11/28;6.58;6.63;6.47;6.51;353418;4702534.00
2011/11/29;6.59;6.62;6.54;6.61;595799;7989377.00
2011/11/30;6.61;6.61;6.17;6.23;762886;9891373.00
2011/12/01;6.39;6.49;6.30;6.30;1090982;14225297.00
2011/12/02;6.30;6.31;6.04;6.18;782603;9830765.00
2011/12/05;6.11;6.21;6.08;6.11;314484;3941829.75
2011/12/06;6.11;6.18;6.07;6.16;356810;4450674.00
2011/12/07;6.17;6.21;6.13;6.17;225169;2833752.75
2011/12/08;6.21;6.21;6.01;6.18;387571;4850002.50
2011/12/09;6.15;6.21;6.09;6.13;228050;2854179.00
2011/12/12;6.13;6.17;6.03;6.12;215112;2677072.50
2011/12/13;6.11;6.11;5.74;5.78;523648;6255695.00
2011/12/14;5.80;5.81;5.54;5.58;452966;5248872.00
2011/12/15;5.48;5.61;5.39;5.39;475115;5326150.00
2011/12/16;5.45;5.59;5.36;5.59;1845422;20445496.00
2011/12/19;5.49;5.55;5.39;5.53;1005571;11231265.00
2011/12/20;5.53;5.62;5.48;5.56;598001;6796007.50
2011/12/21;5.63;5.64;5.27;5.28;772130;8592717.00
2011/12/22;5.36;5.36;4.94;5.03;941280;9777410.00
2011/12/23;5.03;5.13;5.02;5.06;486461;5054041.00
2011/12/26;5.06;5.11;4.96;4.96;375944;3879359.75
2011/12/27;4.96;4.98;4.74;4.74;517307;5141484.50
2011/12/28;4.73;4.73;4.59;4.72;500602;4797323.50
2011/12/29;4.68;4.75;4.62;4.68;378730;3656006.50
2011/12/30;4.74;4.77;4.69;4.75;436713;4241762.00
2012/01/04;4.75;4.86;4.57;4.59;480974;4671480.50
2012/01/05;4.59;4.59;4.32;4.34;490762;4462124.50
2012/01/06;4.29;4.45;4.29;4.43;363754;3255771.25
2012/01/09;4.48;4.65;4.41;4.62;523383;4882571.00
2012/01/10;4.59;5.02;4.58;4.99;1280992;12729990.00
2012/01/11;4.99;4.99;4.86;4.94;1030094;10387082.00
2012/01/12;4.90;5.02;4.88;4.93;734175;7435683.50
2012/01/13;4.98;4.98;4.66;4.66;700090;6827071.50
2012/01/16;4.61;4.66;4.53;4.58;1153797;10837326.00
2012/01/17;4.58;4.83;4.54;4.81;965873;9376540.00
2012/01/18;4.81;4.88;4.56;4.56;1123410;10980458.00
2012/01/19;4.57;4.66;4.53;4.63;539784;5095118.50
2012/01/20;4.63;4.81;4.63;4.78;877648;8438685.00
2012/01/30;4.78;4.78;4.70;4.74;797296;7751986.50
2012/01/31;4.73;4.74;4.65;4.72;342511;3300097.75
2012/02/01;4.72;4.81;4.67;4.74;592811;5756213.00
2012/02/02;4.75;4.80;4.70;4.80;758010;7394189.00
2012/02/03;4.80;4.93;4.77;4.89;1018609;10152179.00
2012/02/06;4.90;4.97;4.85;4.96;972179;9795428.00
2012/02/07;4.95;4.95;4.79;4.82;902301;8955642.00
2012/02/08;4.83;5.02;4.80;5.01;1228674;12436943.00
2012/02/09;5.02;5.17;4.99;5.08;1649142;17229606.00
2012/02/10;5.11;5.21;5.06;5.12;1283255;13484786.00
2012/02/13;5.07;5.20;4.98;5.16;782840;8221550.00
2012/02/14;5.16;5.26;5.13;5.18;1044820;11072825.00
2012/02/15;5.18;5.30;5.12;5.27;1208393;12915889.00
2012/02/16;5.25;5.52;5.22;5.46;2564639;28171960.00
2012/02/17;5.45;5.57;5.35;5.48;2809965;31315292.00
2012/02/20;5.56;5.56;5.39;5.42;2015714;22415760.00
2012/02/21;5.44;5.47;5.26;5.43;1438182;15734704.00
2012/02/22;5.43;5.53;5.39;5.49;2252045;25143384.00
2012/02/23;5.49;5.51;5.40;5.48;1733216;19363040.00
2012/02/24;5.51;5.62;5.46;5.58;2177619;24683810.00
2012/02/27;5.56;5.65;5.54;5.55;1856363;21194264.00
2012/02/28;5.51;5.51;5.35;5.45;1577000;17435900.00
2012/02/29;5.43;5.53;5.35;5.43;1081950;12058829.00
2012/03/01;5.42;5.48;5.36;5.42;753625;8348725.00
2012/03/02;5.46;5.50;5.42;5.49;1058709;11823873.00
2012/03/05;5.53;5.60;5.49;5.53;997977;11310588.00
2012/03/06;5.51;5.77;5.51;5.65;2788115;32214044.00
2012/03/07;5.56;5.65;5.44;5.55;1377804;15635334.00
2012/03/08;5.55;5.68;5.51;5.67;1442721;16619446.00
2012/03/09;5.67;5.89;5.64;5.87;2022627;23754004.00
2012/03/12;5.86;5.87;5.67;5.75;2151840;25330772.00
2012/03/13;5.75;5.84;5.66;5.81;1335469;15702800.00
2012/03/14;5.81;5.84;5.35;5.41;1937790;22298910.00
2012/03/15;5.41;5.44;5.19;5.26;1408082;15253140.00
2012/03/16;5.26;5.37;5.22;5.37;819104;8893374.00
2012/03/19;5.37;5.51;5.34;5.48;997764;11081944.00
2012/03/20;5.50;5.50;5.31;5.33;658678;7275214.50
2012/03/21;5.33;5.43;5.25;5.42;558230;6118383.00
2012/03/22;5.38;5.49;5.37;5.46;531418;5907807.50
2012/03/23;5.41;5.44;5.18;5.23;639710;6943351.50
2012/03/26;5.23;5.27;5.17;5.22;392471;4185304.75
2012/03/27;5.24;5.33;5.21;5.28;489489;5278991.50
2012/03/28;5.26;5.26;4.90;4.96;755028;7821785.00
2012/03/29;4.93;4.94;4.80;4.82;477591;4768232.00
2012/03/30;4.83;4.93;4.77;4.93;801096;7994770.00
2012/04/05;4.90;5.13;4.90;5.13;706836;7248866.00
2012/04/06;5.04;5.14;4.98;5.09;632665;6572642.00
2012/04/09;5.04;5.09;4.98;4.99;365190;3752919.75
2012/04/10;4.95;5.21;4.95;5.19;838535;8709234.00
2012/04/11;5.12;5.24;5.09;5.19;711752;7539834.00
2012/04/12;5.22;5.37;5.19;5.32;1124543;12197916.00
2012/04/13;5.29;5.35;5.27;5.32;903530;9818400.00
2012/04/16;5.32;5.43;5.26;5.38;864577;9496262.00
2012/04/17;5.41;5.41;5.23;5.24;653800;7077504.00
2012/04/18;5.29;5.41;5.24;5.40;611426;6676867.00
2012/04/19;5.38;5.48;5.34;5.35;746306;8249237.50
2012/04/20;5.29;5.46;5.25;5.39;863675;9459651.00
2012/04/23;5.39;5.40;5.22;5.26;735211;7997793.00
2012/04/24;5.21;5.28;4.96;5.08;795054;8363802.50
2012/04/25;5.06;5.21;5.00;5.17;621878;6533946.50
2012/04/26;5.19;5.70;5.19;5.70;5845863;66570300.00
2012/04/27;5.60;5.76;5.44;5.63;4362109;49685408.00
2012/05/02;5.63;5.83;5.56;5.73;3752680;43698964.00
2012/05/03;5.73;5.87;5.64;5.84;3557503;41810532.00
2012/05/04;5.78;5.98;5.69;5.72;2810375;33244672.00
2012/05/07;5.66;5.69;5.58;5.67;1741758;20008878.00
2012/05/08;5.67;6.20;5.66;5.90;4694343;56839880.00
2012/05/09;5.82;5.82;5.65;5.71;2090868;24531932.00
2012/05/10;5.67;5.79;5.66;5.68;1170848;13653764.00
2012/05/11;5.69;5.70;5.56;5.60;1199171;13759638.00
2012/05/14;5.64;5.77;5.58;5.64;1336982;15486595.00
2012/05/15;5.58;5.76;5.52;5.74;1284677;14920305.00
2012/05/16;5.74;6.03;5.71;6.03;4856760;58782120.00
2012/05/17;6.03;6.15;5.94;6.15;3387027;41869828.00
2012/05/18;6.01;6.30;5.96;5.98;3027874;37809080.00
2012/05/21;5.87;6.08;5.82;6.01;1382969;16730033.00
2012/05/22;6.06;6.20;6.01;6.11;1362951;16980912.00
2012/05/23;6.10;6.19;5.91;6.01;1355540;16650459.00
2012/05/24;6.02;6.04;5.83;5.83;1167892;14090632.00
2012/05/28;5.75;5.86;5.56;5.82;1500516;17378148.00
2012/05/29;5.81;5.96;5.72;5.94;1041120;12414595.00
2012/05/30;5.92;6.09;5.83;5.83;852132;10287101.00
2012/05/31;5.81;5.88;5.71;5.84;895526;10562001.00
2012/06/01;5.86;5.91;5.76;5.90;805718;9602528.00
2012/06/04;5.86;6.10;5.78;5.83;2512770;30679188.00
2012/06/05;5.81;5.86;5.61;5.61;1080886;12545977.00
2012/06/06;5.59;5.73;5.59;5.63;416520;4806025.00
2012/06/07;5.74;5.74;5.56;5.57;471815;5451386.50
2012/06/08;5.65;5.69;5.57;5.60;380915;4377824.00
2012/06/11;5.60;5.68;5.42;5.68;472067;5378324.00
2012/06/12;5.63;5.73;5.61;5.73;461181;5333590.00
2012/06/13;5.73;5.82;5.65;5.79;475532;5587200.50
2012/06/14;5.79;5.79;5.67;5.68;419498;4904494.00
2012/06/15;5.68;5.75;5.63;5.70;306082;3558021.75
2012/06/18;5.69;6.03;5.69;5.89;1131183;13652153.00
2012/06/19;5.83;5.97;5.83;5.96;630918;7592679.00
2012/06/20;5.98;6.03;5.87;5.91;584360;7057263.00
2012/06/21;5.86;5.89;5.65;5.73;517049;6070465.50
2012/06/25;5.73;5.78;5.59;5.60;438090;5095860.00
2012/06/26;5.47;5.67;5.47;5.53;279338;3187193.50
2012/06/27;5.53;5.66;5.53;5.58;235989;2701488.50
2012/06/28;5.67;5.67;5.53;5.62;276594;3165112.50
2012/06/29;5.58;5.73;5.57;5.73;305965;3520586.75
2012/07/02;5.73;5.96;5.73;5.84;454881;5436663.00
2012/07/03;5.85;5.91;5.80;5.90;581834;6964228.50
2012/07/04;5.87;5.94;5.78;5.83;387361;4608773.50
2012/07/05;5.88;5.88;5.69;5.73;330552;3886099.75
2012/07/06;5.73;5.96;5.73;5.94;777826;9347599.00
2012/07/09;5.92;5.98;5.77;5.80;557120;6690692.00
2012/07/10;5.79;5.79;5.21;5.21;1872121;20467604.00
2012/07/11;5.13;5.21;5.01;5.07;681002;7073898.00
2012/07/12;5.07;5.23;5.01;5.19;534999;5550333.00
2012/07/13;5.16;5.22;5.11;5.14;314053;3292554.00
2012/07/16;5.11;5.13;4.62;4.70;729650;7210429.50
2012/07/17;4.66;4.80;4.51;4.78;500433;4772759.00
2012/07/18;4.71;4.87;4.70;4.86;246001;2395414.00
2012/07/19;4.85;4.94;4.81;4.89;293660;2932508.75
2012/07/20;4.86;4.96;4.85;4.87;248956;2479881.00
2012/07/23;4.84;4.88;4.71;4.87;187796;1842468.50
2012/07/24;4.87;4.93;4.83;4.90;200889;1994256.13
2012/07/25;4.89;4.93;4.85;4.85;113618;1129413.25
2012/07/26;4.83;4.89;4.83;4.87;197800;1953903.00
2012/07/27;4.89;4.90;4.83;4.87;101500;1007734.63
2012/07/30;4.87;4.90;4.58;4.64;225800;2201453.00
2012/07/31;4.61;4.63;4.21;4.32;648337;5874552.50
2012/08/01;4.35;4.49;4.28;4.36;326081;2895475.00
2012/08/02;4.36;4.43;4.29;4.34;258470;2302249.25
2012/08/03;4.34;4.52;4.34;4.44;812847;7384420.50
2012/08/06;4.46;4.53;4.44;4.50;494323;4517863.50
2012/08/07;4.52;4.63;4.48;4.58;461395;4312706.50
2012/08/08;4.58;4.77;4.56;4.74;625821;5971987.00
2012/08/09;4.75;4.78;4.67;4.76;321102;3095861.50
2012/08/10;4.72;4.85;4.72;4.73;365355;3550004.25
2012/08/13;4.73;4.86;4.46;4.56;441291;4211362.00
2012/08/14;4.56;4.71;4.55;4.58;259336;2438714.50
2012/08/15;4.64;4.84;4.64;4.73;468275;4542834.00
2012/08/16;4.72;4.73;4.64;4.69;234177;2237126.75
2012/08/17;4.68;4.75;4.47;4.61;241540;2295771.75
2012/08/20;4.55;4.55;4.31;4.48;371648;3413740.50
2012/08/21;4.49;4.60;4.49;4.58;345966;3227491.00
2012/08/22;4.55;4.60;4.42;4.48;352700;3256168.00
2012/08/23;4.45;4.66;4.45;4.56;417864;3894717.00
2012/08/24;4.62;4.82;4.55;4.64;986465;9455739.00
2012/09/03;5.12;5.12;4.66;4.86;2475466;24892274.00
2012/09/04;4.79;4.86;4.70;4.81;1530419;14896397.00
2012/09/05;4.77;4.81;4.70;4.73;797651;7701257.50
2012/09/06;4.75;4.80;4.71;4.79;716800;6943052.00
2012/09/07;4.81;4.99;4.77;4.95;1416500;14156822.00
2012/09/10;4.97;5.00;4.89;4.99;972331;9809471.00
2012/09/11;4.99;4.99;4.89;4.97;398572;4012029.00
2012/09/12;4.95;5.00;4.85;4.93;627341;6266593.50
2012/09/13;4.87;4.93;4.84;4.84;411399;4089913.00
2012/09/14;4.87;4.91;4.81;4.86;388988;3851534.75
2012/09/17;4.86;4.88;4.76;4.76;468175;4602941.50
2012/09/18;4.75;4.78;4.69;4.74;221432;2137129.75
2012/09/19;4.75;4.86;4.71;4.86;221705;2157862.25
2012/09/20;4.83;4.84;4.64;4.64;298601;2871859.75
2012/09/21;4.63;4.70;4.55;4.64;271776;2557150.75
2012/09/24;4.55;4.65;4.51;4.61;197745;1855137.75
2012/09/25;4.61;4.69;4.60;4.63;165517;1566078.50
2012/09/26;4.67;4.67;4.45;4.45;200174;1855070.00
2012/09/27;4.53;4.58;4.45;4.53;225770;2079517.13
2012/09/28;4.51;4.61;4.51;4.60;177507;1655904.88
2012/10/08;4.58;4.64;4.58;4.58;282753;2656395.50
2012/10/09;4.58;4.81;4.58;4.74;756110;7270356.00
2012/10/10;4.75;4.82;4.68;4.81;695428;6749170.00
2012/10/11;4.79;4.82;4.70;4.71;345889;3356515.75
2012/10/12;4.71;4.78;4.66;4.70;220343;2115308.50
2012/10/15;4.71;4.80;4.61;4.76;421901;4061354.50
2012/10/16;4.78;4.78;4.72;4.73;422269;4081095.75
2012/10/17;4.75;4.78;4.67;4.73;341394;3291925.50
2012/10/18;4.72;4.83;4.72;4.81;425323;4160448.75
2012/10/19;4.82;4.85;4.77;4.83;256492;2515741.75
2012/10/22;4.84;4.86;4.77;4.82;241520;2370015.00
2012/10/23;4.80;4.98;4.79;4.80;293205;2895349.25
2012/10/24;4.71;4.80;4.71;4.80;206178;2001237.63
2012/10/25;4.82;4.85;4.72;4.72;255420;2498884.00
2012/10/26;4.72;4.78;4.59;4.60;281017;2669539.25
2012/10/29;4.59;4.60;4.50;4.53;351519;3263799.00
2012/10/30;4.60;4.62;4.55;4.56;113794;1063819.13
2012/10/31;4.59;4.62;4.55;4.59;138220;1291717.63
2012/11/01;4.56;4.67;4.56;4.67;270569;2564252.50
2012/11/02;4.67;4.70;4.65;4.67;178522;1703601.13
2012/11/05;4.66;4.74;4.66;4.73;207142;1986312.50
2012/11/06;4.72;4.73;4.66;4.66;188771;1801293.00
2012/11/07;4.65;4.71;4.61;4.67;296009;2817267.75
2012/11/08;4.66;4.68;4.54;4.54;160700;1514962.00
2012/11/09;4.52;4.59;4.52;4.59;212779;1970530.25
2012/11/12;4.61;4.61;4.56;4.60;168360;1576951.88
2012/11/13;4.53;4.66;4.50;4.50;191291;1769624.25
2012/11/14;4.50;4.54;4.46;4.50;207315;1900329.88
2012/11/15;4.48;4.50;4.42;4.42;138363;1262659.50
2012/11/16;4.46;4.46;4.31;4.38;169825;1515796.50
2012/11/19;4.36;4.40;4.34;4.38;115600;1031341.94
2012/11/20;4.36;4.42;4.36;4.36;103900;927740.75
2012/11/21;4.37;4.42;4.32;4.42;164372;1464260.75
2012/11/22;4.42;4.42;4.33;4.35;196496;1760006.50
2012/11/23;4.38;4.42;4.35;4.41;99386;890462.25
2012/11/26;4.36;4.43;4.36;4.42;180267;1619308.13
2012/11/27;4.37;4.38;4.23;4.30;204067;1787096.50
2012/11/28;4.21;4.42;4.20;4.39;251064;2188163.50
2012/11/29;4.55;4.55;4.35;4.35;713556;6553008.00
2012/11/30;4.27;4.27;4.01;4.14;551372;4629630.50
2012/12/03;4.06;4.14;3.91;3.94;350989;2891971.25
2012/12/04;3.92;3.97;3.79;3.96;465942;3669775.75
2012/12/05;3.92;4.21;3.91;4.19;517186;4354850.50
2012/12/06;4.19;4.31;4.07;4.15;421965;3578200.25
2012/12/07;4.15;4.27;4.12;4.26;344101;2976070.00
2012/12/10;4.26;4.70;4.26;4.70;1898378;17710088.00
2012/12/11;4.70;5.18;4.70;4.94;5079489;52100180.00
2012/12/12;4.89;5.01;4.82;4.96;2511010;25043462.00
2012/12/13;4.89;5.20;4.80;5.13;2987448;30692776.00
2012/12/14;5.02;5.32;5.02;5.17;1846215;19449060.00
2012/12/17;5.17;5.17;5.04;5.15;1183146;12291689.00
2012/12/18;5.15;5.22;5.03;5.19;1555035;16225977.00
2012/12/19;5.16;5.22;5.10;5.21;583741;6147212.00
2012/12/20;5.20;5.26;5.12;5.26;766094;8125011.00
2012/12/21;5.21;5.41;5.21;5.31;1359859;14752522.00
2012/12/24;5.30;5.85;5.24;5.53;3912160;45320772.00
2012/12/25;5.46;5.70;5.41;5.63;3362634;38020312.00
2012/12/26;5.63;5.96;5.61;5.91;2533721;30061560.00
2012/12/27;5.91;6.01;5.84;5.98;2305081;27715012.00
2012/12/28;5.98;6.15;5.91;5.98;1820502;22158446.00
2012/12/31;5.71;6.41;5.71;5.88;1633026;19518294.00
2013/01/04;6.15;6.48;5.91;6.48;3944302;50578356.00
2013/01/07;6.75;7.14;6.53;7.14;10569990;146630112.00
2013/01/08;7.28;7.87;7.18;7.87;14399791;222521296.00
2013/01/09;7.66;7.66;7.10;7.41;12739471;188955568.00
2013/01/10;7.35;7.50;7.23;7.40;6880948;102727816.00
2013/01/14;7.66;8.15;7.41;8.15;10874804;173824112.00
2013/01/15;8.15;8.15;7.79;7.85;8813789;141086320.00
2013/01/16;7.72;8.10;7.58;7.85;6158111;97838624.00
2013/01/17;7.80;8.62;7.80;7.99;8873218;148216656.00
2013/01/18;7.88;8.26;7.75;8.15;6233741;101242408.00
2013/01/21;8.17;8.98;8.17;8.98;7980071;140361920.00
2013/01/22;8.61;8.76;8.10;8.36;9572028;163764592.00
2013/01/23;8.36;8.75;8.02;8.55;5857652;99549184.00
2013/01/24;8.38;8.41;7.71;7.91;5331677;87304728.00
2013/01/25;8.66;8.71;8.31;8.36;11376440;197908256.00
2013/01/28;8.22;9.09;8.08;8.87;9480788;164599424.00
2013/01/29;8.78;9.76;8.78;9.76;9507180;183799024.00
2013/01/30;10.05;10.39;9.46;9.66;15265159;306876000.00
2013/01/31;9.61;10.17;9.31;10.03;9451776;187965712.00
2013/02/01;9.90;10.02;9.16;9.33;9701635;185415536.00
2013/02/04;9.08;9.79;8.91;9.61;8944145;170095120.00
2013/02/05;9.42;10.58;9.36;10.10;10973192;224935824.00
2013/02/06;10.14;10.61;9.96;10.49;7096234;147271744.00
2013/02/07;10.42;11.53;10.41;11.18;8512894;187579856.00
2013/02/08;11.12;12.31;11.12;12.31;10068830;239832256.00
2013/02/18;12.06;12.62;11.31;11.92;10965610;261806592.00
2013/02/19;11.41;11.48;10.72;10.72;13303128;293534496.00
2013/02/20;10.37;10.65;10.16;10.57;14788621;311017568.00
2013/02/21;10.38;10.55;10.00;10.11;10036038;208039312.00
2013/02/22;10.41;11.02;10.21;10.65;22483510;481696480.00
2013/02/25;10.26;10.35;9.57;10.27;25798934;514072864.00
2013/02/26;9.93;10.08;9.68;9.76;16171099;322984384.00
2013/02/27;9.77;10.16;9.77;9.93;17580500;353193696.00
2013/02/28;9.73;10.05;9.52;10.01;19469890;383234272.00
2013/03/01;9.82;10.66;9.81;10.58;25047375;521810144.00
2013/03/04;10.89;11.00;9.52;9.54;48346551;483104288.00
2013/03/05;9.62;10.10;9.22;9.81;37193479;365833440.00
2013/03/06;9.93;10.80;9.51;10.80;69922159;725045632.00
2013/03/07;10.80;11.39;10.21;10.24;85665675;930736256.00
2013/03/08;9.86;10.23;9.67;9.72;41432660;410045152.00
2013/03/11;9.62;9.65;9.22;9.35;25314161;238434688.00
2013/03/12;9.33;9.64;8.57;8.96;35550159;325689344.00
2013/03/13;8.96;9.24;8.69;9.06;24133967;218514784.00
2013/03/14;8.96;9.15;8.66;8.74;21904332;194818560.00
2013/03/15;8.66;9.20;8.66;8.87;22668177;204524256.00
2013/03/18;8.76;8.80;8.38;8.42;20405487;174929440.00
2013/03/19;8.45;8.76;8.05;8.65;25437445;215903168.00
2013/03/20;8.68;9.10;8.50;9.01;29407163;261677872.00
2013/03/21;8.87;9.34;8.86;9.12;29135505;266216240.00
2013/03/22;8.94;9.43;8.94;9.12;28208479;261993824.00
2013/03/25;9.06;9.06;8.77;8.82;18260090;162448128.00
2013/03/26;8.67;8.81;8.56;8.61;12371466;107594616.00
2013/03/27;8.60;8.78;8.53;8.61;11028733;95621280.00
2013/03/28;8.51;8.51;7.85;7.89;18856509;153600256.00
2013/03/29;8.01;8.37;8.01;8.15;14937622;123215992.00
2013/04/01;8.16;8.34;8.03;8.21;9627477;79602576.00
2013/04/02;8.11;8.33;8.11;8.22;10025546;82946736.00
2013/04/03;8.36;8.63;8.17;8.52;19734366;167803216.00
2013/04/08;8.31;9.34;8.11;9.21;31523915;280376192.00
2013/04/09;9.12;9.36;8.99;9.21;24580835;226117008.00
2013/04/10;9.06;9.13;8.85;8.91;19982274;180313808.00
2013/04/11;8.86;9.03;8.56;8.63;18070775;159581696.00
2013/04/12;8.55;8.91;8.55;8.75;13830516;121372824.00
2013/04/15;8.66;8.68;8.29;8.37;10718207;91079344.00
2013/04/16;8.20;8.57;8.15;8.48;10336638;87097824.00
2013/04/17;8.45;8.81;8.41;8.80;14697622;127601712.00
2013/04/18;8.66;8.92;8.60;8.61;13749282;120507872.00
2013/04/19;8.61;9.06;8.56;8.91;18575415;165479312.00
2013/04/22;8.79;9.21;8.74;9.11;20717484;187633856.00
2013/04/23;8.98;9.04;8.50;8.81;20533379;180877696.00
2013/04/24;8.78;9.04;8.63;8.86;16757818;149214736.00
2013/04/25;8.78;8.84;8.33;8.34;15331214;132001888.00
2013/04/26;8.29;8.44;8.01;8.04;9868512;81321936.00
2013/05/02;8.04;8.30;8.02;8.15;6159174;50514324.00
2013/05/03;8.26;8.52;8.21;8.39;9029197;75998272.00
2013/05/06;8.65;8.81;8.57;8.61;14920827;130212632.00
2013/05/07;8.56;8.86;8.36;8.85;20920146;181994944.00
2013/05/08;8.79;8.85;8.66;8.75;15113536;132652984.00
2013/05/09;8.74;9.01;8.57;8.84;21370232;189247072.00
2013/05/10;8.74;9.06;8.61;8.93;22095677;197344320.00
2013/05/13;8.87;9.08;8.69;8.97;19333069;173413536.00
2013/05/14;8.96;8.96;8.67;8.71;11810627;104281152.00
2013/05/15;8.72;8.99;8.54;8.97;18701913;165188384.00
2013/05/16;9.24;9.71;9.21;9.32;48887853;462294752.00
2013/05/17;9.10;9.53;9.06;9.38;34494677;324523616.00
2013/05/20;9.39;9.81;9.29;9.72;31873176;306627072.00
2013/05/21;9.66;10.70;9.58;10.63;56984962;593226176.00
2013/05/22;10.61;10.94;10.21;10.86;48280182;511638080.00
2013/05/23;10.71;10.91;10.46;10.47;29647048;318210688.00
2013/05/24;10.47;10.65;10.18;10.44;22680603;236557664.00
2013/05/27;10.46;10.76;10.39;10.54;18041968;191382032.00
2013/05/28;10.52;10.52;9.96;10.03;23933792;243344192.00
2013/05/29;9.96;10.29;9.78;10.09;17063851;172022064.00
2013/05/30;10.04;10.17;9.94;9.95;13693321;137629040.00
2013/05/31;9.89;10.06;9.79;9.93;11506363;114678368.00
2013/06/03;9.93;10.24;9.91;10.09;13240314;134359504.00
2013/06/04;10.07;10.90;9.99;10.77;38794576;408121984.00
2013/06/05;10.57;10.75;10.36;10.56;22395912;237095376.00
2013/06/06;10.45;10.54;9.69;9.78;21732558;220117648.00
2013/06/07;9.68;9.92;9.15;9.17;15430475;146438992.00
2013/06/13;9.11;9.11;8.25;8.46;12362202;105888120.00
2013/06/14;8.53;8.72;8.48;8.68;8203567;71282760.00
2013/06/17;8.72;8.93;8.51;8.75;9059112;79446080.00
2013/06/18;8.78;9.01;8.68;8.91;8218078;73316808.00
2013/06/19;8.82;8.85;8.55;8.76;6801337;59472224.00
2013/06/20;8.70;8.92;8.41;8.43;7541876;65679188.00
2013/06/21;8.10;8.36;7.81;8.17;6982800;57038460.00
2013/06/24;8.18;8.23;7.35;7.35;12484479;96187808.00
2013/06/25;7.15;7.49;6.61;7.39;12223430;86680144.00
2013/06/26;7.35;7.52;7.17;7.48;9499840;70600384.00
2013/06/27;7.50;7.75;7.17;7.20;10614495;80004896.00
2013/06/28;6.98;7.41;6.87;7.15;6907266;49806608.00
2013/07/01;7.17;7.35;7.14;7.28;4926365;35836280.00
2013/07/02;7.32;7.44;7.23;7.44;6841492;50554960.00
2013/07/03;7.41;8.19;7.18;8.19;16342605;127396368.00
2013/07/04;8.21;8.63;8.11;8.34;24905677;210319744.00
2013/07/05;8.36;8.50;8.16;8.23;12360617;103489336.00
2013/07/08;8.06;8.10;7.67;7.68;11332780;89408368.00
2013/07/09;7.55;8.45;7.49;8.45;15789622;128408344.00
2013/07/10;8.51;8.83;8.27;8.65;21415650;184356080.00
2013/07/11;8.55;9.46;8.46;9.17;27618545;251572112.00
2013/07/12;9.34;9.72;9.21;9.28;27724347;262620880.00
2013/07/15;9.21;9.43;9.11;9.17;20071622;186523200.00
2013/07/16;9.25;9.54;9.12;9.51;20481285;192849056.00
2013/07/17;9.45;9.45;8.88;8.89;19193221;175949088.00
2013/07/18;8.80;9.13;8.60;8.87;13257270;118275848.00
2013/07/19;8.80;9.03;8.33;8.39;12635609;110886992.00
2013/07/22;8.35;8.66;8.21;8.64;8848504;75441496.00
2013/07/23;8.64;9.14;8.56;9.01;11813717;105795072.00
2013/07/24;8.99;9.10;8.66;8.92;11940580;106464336.00
2013/07/25;8.92;9.76;8.71;9.53;30421628;286640416.00
2013/07/26;9.31;9.72;9.26;9.29;19868421;188596096.00
2013/07/29;9.40;10.06;9.36;9.77;34772635;341481632.00
2013/07/30;9.59;10.28;9.06;10.09;30876804;299755360.00
2013/07/31;9.96;10.32;9.86;10.02;28150191;286475680.00
2013/08/01;9.88;10.11;9.78;9.97;23105635;230664080.00
2013/08/02;9.98;10.08;9.62;9.66;18991236;187406048.00
2013/08/05;9.62;9.93;9.61;9.85;12402055;122209088.00
2013/08/06;9.76;10.04;9.64;9.93;16416937;162238368.00
2013/08/07;9.86;10.28;9.86;9.98;24971810;252980016.00
2013/08/08;9.92;10.04;9.60;9.73;14828109;145475232.00
2013/08/09;9.73;9.95;9.48;9.65;12155805;118518088.00
2013/08/12;9.61;9.80;9.53;9.67;10949790;106222992.00
2013/08/13;9.66;9.92;9.51;9.76;12672313;123546432.00
2013/08/14;9.74;9.89;9.56;9.59;11937044;116119816.00
2013/08/15;9.51;9.63;9.25;9.25;14251750;134544224.00
2013/08/16;9.19;9.48;9.07;9.07;10983677;102551520.00
2013/08/19;8.98;9.18;8.92;9.16;6545781;59783864.00
2013/08/20;9.11;9.30;9.03;9.07;6849225;63009404.00
2013/08/21;9.07;9.26;9.07;9.20;6863882;63125340.00
2013/08/22;9.22;9.36;9.14;9.32;7860022;73038576.00
2013/08/23;9.31;9.35;8.67;9.06;11848684;107527904.00
2013/08/26;9.06;9.15;8.90;9.13;7641651;69512568.00
2013/08/27;9.11;9.35;9.03;9.24;8484658;78797472.00
2013/08/28;9.11;9.19;8.96;9.02;9032632;82245288.00
2013/08/29;9.01;9.21;9.01;9.05;7164430;65548408.00
2013/08/30;9.10;9.11;8.15;8.31;17023583;147420160.00
2013/09/02;8.28;8.36;8.07;8.26;7254096;59731484.00
2013/09/03;8.26;8.56;8.21;8.51;7659986;64905536.00
2013/09/04;8.51;8.54;8.34;8.35;5894389;49692952.00
2013/09/05;8.38;8.55;8.27;8.42;6095687;51465556.00
2013/09/06;8.40;8.62;8.30;8.62;10151873;86750112.00
2013/09/09;8.59;8.91;8.56;8.75;11860484;104753016.00
2013/09/10;8.77;8.90;8.70;8.85;8756768;77553352.00
2013/09/11;8.76;9.08;8.56;9.06;16218622;144453024.00
2013/09/12;9.05;9.05;8.67;8.75;11176972;99187056.00
2013/09/13;8.69;8.82;8.48;8.56;6813487;58757336.00
2013/09/16;8.58;8.63;8.35;8.41;5897330;50106032.00
2013/09/17;8.42;8.54;8.31;8.33;4794142;40588136.00
2013/09/18;8.35;8.46;8.27;8.41;3105300;26153600.00
2013/09/23;8.38;8.60;8.38;8.56;4403549;37571280.00
2013/09/24;8.62;8.81;8.53;8.58;6564503;57129512.00
2013/09/25;8.53;8.66;8.35;8.39;6345770;54317484.00
2013/09/26;8.33;8.40;8.15;8.16;5653009;46761380.00
2013/09/27;8.21;8.44;8.14;8.30;4440613;37066880.00
2013/09/30;8.29;8.38;8.18;8.23;3248004;26950362.00
2013/10/08;8.22;8.39;8.15;8.38;4471107;37249536.00
2013/10/09;8.35;8.59;8.27;8.59;7838752;66597088.00
2013/10/10;8.53;8.53;8.24;8.27;6235026;52565016.00
2013/10/11;8.26;8.36;8.26;8.32;5064910;42268020.00
2013/10/14;8.32;8.39;8.22;8.32;5602364;46759696.00
2013/10/15;8.33;8.57;8.30;8.52;9031506;76755216.00
2013/10/16;8.46;8.49;8.16;8.21;7495636;62302760.00
2013/10/17;8.26;8.29;8.10;8.12;6159885;50707304.00
2013/10/18;8.12;8.22;8.06;8.22;4437026;36288888.00
2013/10/21;8.35;8.49;8.28;8.41;8337733;70369768.00
2013/10/22;8.35;8.61;8.21;8.54;15025279;127157416.00
2013/10/23;8.46;8.53;8.26;8.28;6936482;58449544.00
2013/10/24;8.27;8.33;8.15;8.18;4123901;34086944.00
2013/10/25;8.18;8.25;7.83;7.88;6203304;49915136.00
2013/10/28;7.76;7.93;7.76;7.82;2997203;23537434.00
2013/10/29;7.82;7.87;7.07;7.25;6893725;51095844.00
2013/10/30;7.26;7.33;7.16;7.32;3624542;26505024.00
2013/10/31;7.32;7.41;7.22;7.33;2952957;21761702.00
2013/11/01;7.35;7.38;7.19;7.28;2611412;19053936.00
2013/11/04;7.27;7.39;7.27;7.33;2204593;16240626.00
2013/11/05;7.34;7.37;7.22;7.36;2634356;19371030.00
2013/11/06;7.36;7.73;7.32;7.53;6835842;51627676.00
2013/11/07;7.48;7.49;7.30;7.33;3212177;23810722.00
2013/11/08;7.36;7.44;7.22;7.37;2668660;19626932.00
2013/11/11;7.37;7.50;7.24;7.41;2365635;17495360.00
2013/11/12;7.41;7.45;7.34;7.41;2535809;18867566.00
2013/11/13;7.41;7.73;7.26;7.50;8895226;67607080.00
2013/11/14;7.45;7.72;7.45;7.59;5959869;45462900.00
2013/11/15;7.61;7.73;7.51;7.64;6409955;49307884.00
2013/11/18;7.65;7.81;7.62;7.76;6738294;52334116.00
2013/11/19;7.76;7.76;7.62;7.68;4730227;36497688.00
2013/11/20;7.71;7.74;7.60;7.73;4336391;33475324.00
2013/11/21;7.70;7.70;7.57;7.60;4360002;33349870.00
2013/11/22;7.60;7.75;7.58;7.65;4181557;32335860.00
2013/11/25;7.65;7.75;7.54;7.62;4202157;32227342.00
2013/11/26;7.62;7.65;7.53;7.56;3097581;23614512.00
2013/11/27;7.57;7.75;7.51;7.70;5517280;42401820.00
2013/11/28;7.68;7.84;7.68;7.71;6397585;49923540.00
2013/11/29;7.71;7.84;7.69;7.81;4888789;38211840.00
2013/12/02;7.62;7.69;7.07;7.20;7197680;53411556.00
2013/12/03;7.20;7.34;7.10;7.31;3212733;23372992.00
2013/12/04;7.27;7.45;7.26;7.39;3751092;27875106.00
2013/12/05;7.33;7.45;7.29;7.39;3656023;27116080.00
2013/12/06;7.39;7.55;7.35;7.52;3647548;27503226.00
2013/12/09;7.53;7.68;7.49;7.63;4357778;33366480.00
2013/12/10;7.63;7.89;7.61;7.78;10348555;81102336.00
2013/12/11;7.78;7.84;7.64;7.80;9248090;71914304.00
2013/12/12;7.74;8.46;7.73;8.17;18325631;148965808.00
2013/12/13;8.01;8.18;7.98;8.05;7762032;62870276.00
2013/12/16;8.04;8.13;7.81;8.07;7258202;57843200.00
2013/12/17;8.03;8.30;7.91;8.20;10292203;84492344.00
2013/12/18;8.21;8.31;8.01;8.16;9436940;77650528.00
2013/12/19;8.09;8.18;7.86;7.90;7759157;62726324.00
2013/12/20;7.91;7.94;7.51;7.55;5838384;45170424.00
2013/12/23;7.56;7.61;7.11;7.37;4053865;29954238.00
2013/12/24;7.31;7.51;7.26;7.36;3475845;25816536.00
2013/12/25;7.27;7.72;7.27;7.67;5370610;40346272.00
2013/12/26;7.58;7.63;7.34;7.37;4553171;34178656.00
2013/12/27;7.31;7.54;7.31;7.48;2760340;20724788.00
2013/12/30;7.54;7.57;7.39;7.41;3096424;23232090.00
2013/12/31;7.37;7.51;7.32;7.51;2752357;20611932.00
2014/01/02;7.52;7.58;7.47;7.54;2982744;22560876.00
2014/01/03;7.57;7.70;7.51;7.63;3799229;29091006.00
2014/01/06;7.64;7.65;7.30;7.31;3456824;25789088.00
2014/01/07;7.31;7.44;7.27;7.35;2030246;15019121.00
2014/01/08;7.38;7.43;7.29;7.33;2671487;19727950.00
2014/01/09;7.34;7.40;7.11;7.11;3830230;27731752.00
2014/01/10;7.07;7.14;6.77;6.82;4029997;28078832.00
2014/01/13;6.78;6.91;6.76;6.87;2036454;14046595.00
2014/01/14;6.91;7.03;6.81;7.03;1896429;13193486.00
2014/01/15;7.06;7.09;6.97;7.04;1776412;12557292.00
2014/01/16;7.04;7.11;7.02;7.06;1456101;10340533.00
2014/01/17;7.03;7.03;6.86;6.88;1916180;13345504.00
2014/01/20;6.86;6.90;6.76;6.80;1480901;10160991.00
2014/01/21;6.81;6.99;6.80;6.96;2153341;14928060.00
2014/01/22;6.97;7.15;6.97;7.12;2851331;20296172.00
2014/01/23;7.10;7.74;7.07;7.47;8501071;63741680.00
2014/01/24;7.37;7.51;7.28;7.42;4878478;36312576.00
2014/01/27;7.34;7.70;7.31;7.64;6681671;50678144.00
2014/01/28;7.61;7.76;7.48;7.52;5537705;42154932.00
2014/01/29;7.48;7.61;7.48;7.53;2999556;22758264.00
2014/01/30;7.56;7.56;7.37;7.39;2318727;17300002.00
2014/02/07;7.31;7.63;7.31;7.61;3433775;26088126.00
2014/02/10;7.56;8.06;7.54;7.95;11222999;89107400.00
2014/02/11;7.94;7.99;7.70;7.75;8140032;64068884.00
2014/02/12;7.75;8.04;7.72;7.99;8593323;68544144.00
2014/02/13;7.99;8.14;7.77;7.79;9255973;74425280.00
2014/02/14;7.77;7.87;7.71;7.84;5071849;39729708.00
2014/02/17;7.87;7.95;7.80;7.95;6349174;50281184.00
2014/02/18;7.96;8.14;7.92;8.05;9274895;74916976.00
2014/02/19;8.01;8.08;7.87;7.91;7405050;59269376.00
2014/02/20;7.89;7.98;7.59;7.63;6610591;51352076.00
2014/02/21;7.64;8.16;7.63;8.12;19188804;154804352.00
2014/02/24;7.99;8.26;7.94;8.25;15735626;128166704.00
2014/02/25;8.24;8.29;7.66;7.78;11580367;93239776.00
2014/02/26;7.71;8.35;7.62;8.35;15365506;124654696.00
2014/02/27;8.34;8.45;8.09;8.17;15515811;128850960.00
2014/02/28;8.15;8.29;7.91;8.25;10641005;86954776.00
2014/03/03;8.16;8.31;8.09;8.23;9240228;76118160.00
2014/03/04;8.21;8.42;8.04;8.38;14344599;119630736.00
2014/03/05;8.33;8.44;8.09;8.14;9945283;82169288.00
2014/03/06;8.10;8.54;8.06;8.41;16011597;134427504.00
2014/03/07;8.39;8.45;8.22;8.33;10225405;85362776.00
2014/03/10;8.28;8.28;7.79;7.80;9667515;77962864.00
2014/03/11;7.75;8.09;7.72;8.05;7944458;63284308.00
2014/03/12;7.97;8.44;7.93;8.30;16597937;137893568.00
2014/03/13;8.16;8.24;7.97;8.09;10839270;87992128.00
2014/03/14;8.01;8.53;7.97;8.31;18196551;152447744.00
2014/03/17;8.26;8.56;8.22;8.54;19632471;166177952.00
2014/03/18;8.46;8.62;8.40;8.60;15399874;131583920.00
2014/03/19;8.56;9.15;8.49;8.80;30776619;273512192.00
2014/03/20;8.66;8.88;8.36;8.39;16931589;147220832.00
2014/03/21;8.28;8.56;8.19;8.52;12894503;108513776.00
2014/03/24;8.49;8.96;8.42;8.71;16514991;145662256.00
2014/03/25;8.61;8.69;8.32;8.41;14247232;121288576.00
2014/03/26;8.38;8.47;8.30;8.39;7715980;64820776.00
2014/03/27;8.33;8.36;7.96;7.98;12289833;100185536.00
2014/03/28;7.96;8.07;7.81;7.82;6685592;53070864.00
2014/03/31;7.76;7.95;7.76;7.81;3518356;27768362.00
2014/04/01;7.79;7.91;7.77;7.88;3183179;25181036.00
2014/04/02;7.88;7.94;7.56;7.59;6356215;49281676.00
2014/04/03;7.56;7.76;7.50;7.68;4861729;37279168.00
2014/04/04;7.60;7.70;7.60;7.70;2945112;22658364.00
2014/04/08;7.64;7.85;7.64;7.81;3885783;30331400.00
2014/04/09;7.78;7.87;7.77;7.85;3888316;30592892.00
2014/04/10;7.83;7.91;7.80;7.84;3781470;29889206.00
2014/04/11;7.77;7.79;7.63;7.66;4425366;34207480.00
2014/04/14;7.64;7.80;7.62;7.80;3050963;23667316.00
2014/04/15;7.81;7.81;7.68;7.71;3143031;24470568.00
2014/04/16;7.66;7.74;7.64;7.69;2835272;21894462.00
2014/04/17;7.67;7.69;7.56;7.57;4096998;31390084.00
2014/04/18;7.56;7.58;7.48;7.57;2732678;20689622.00
2014/04/21;7.54;7.62;7.44;7.44;2994751;22678518.00
2014/04/22;7.40;7.51;7.33;7.39;2749903;20465312.00
2014/04/23;7.42;7.46;7.39;7.46;1591516;11867537.00
2014/04/24;7.41;7.46;7.28;7.29;2319967;17162734.00
2014/04/25;7.28;7.32;7.06;7.07;2844792;20492110.00
2014/04/28;7.05;7.05;6.81;6.83;2767335;19126386.00
2014/04/29;6.83;6.99;6.83;6.99;1719264;11997050.00
2014/04/30;6.99;7.03;6.96;7.02;1491993;10486910.00
2014/05/05;7.04;7.21;7.02;7.18;2645602;19008964.00
2014/05/06;7.17;7.23;7.10;7.15;2398670;17294334.00
2014/05/07;7.15;7.20;7.00;7.02;2020779;14452064.00
2014/05/08;7.01;7.15;6.96;7.07;1439787;10262785.00
2014/05/09;7.07;7.18;7.04;7.15;1998674;14270572.00
2014/05/12;7.22;7.36;7.17;7.29;3470215;25376146.00
2014/05/13;7.27;7.38;7.21;7.22;2501870;18299456.00
2014/05/14;7.22;7.30;7.19;7.23;2039230;14871714.00
2014/05/15;7.24;7.28;6.99;7.01;2137004;15242490.00
2014/05/16;7.00;7.07;6.97;7.07;1561829;11035061.00
2014/05/19;7.12;7.32;7.05;7.24;3003165;21762450.00
2014/05/20;7.28;7.32;7.18;7.19;1928632;14003276.00
2014/05/21;7.16;7.23;7.09;7.21;1449218;10458602.00
2014/05/22;7.24;7.44;7.18;7.25;4910696;36243776.00
2014/05/23;7.25;7.27;7.14;7.23;2756922;19930476.00
2014/05/26;7.22;7.30;7.19;7.30;2581112;18813612.00
2014/05/27;7.31;7.65;7.28;7.61;12074744;91087664.00
2014/05/28;7.54;7.62;7.41;7.57;10027711;75673896.00
2014/05/29;7.56;7.66;7.46;7.47;5399517;40885468.00
2014/05/30;7.45;7.71;7.41;7.52;6692476;50937460.00
2014/06/03;7.49;7.50;7.31;7.33;4823534;35956048.00
2014/06/04;7.33;7.37;7.03;7.14;4837759;35004644.00
2014/06/05;7.08;7.21;7.08;7.20;2354616;16952270.00
2014/06/06;7.18;7.20;7.06;7.10;3060906;21937526.00
2014/06/09;7.12;7.17;7.08;7.12;1748301;12530603.00
2014/06/10;7.11;7.26;7.07;7.25;3659860;26424152.00
2014/06/11;7.22;7.27;7.19;7.26;2215482;16109430.00
2014/06/12;7.24;7.24;7.10;7.12;3227770;23247358.00
2014/06/13;7.10;7.31;7.10;7.30;4904247;35718200.00
2014/06/16;7.31;7.32;7.25;7.30;3368111;24639850.00
2014/06/17;7.30;7.60;7.29;7.41;8003281;60037056.00
2014/06/18;7.35;8.16;7.35;8.15;34456059;276556704.00
2014/07/10;7.84;8.71;7.50;8.31;39037711;324392992.00
2014/07/11;8.34;8.54;8.10;8.24;18759055;156142544.00
2014/07/14;8.19;8.44;8.10;8.30;13808579;114380768.00
2014/07/15;8.26;8.33;8.07;8.23;10561091;86597912.00
2014/07/16;8.16;8.50;8.10;8.34;22596927;188178816.00
2014/07/17;8.27;8.31;8.05;8.12;10249864;83849264.00
2014/07/18;8.05;8.22;8.05;8.12;6955750;56812432.00
2014/07/21;8.12;8.17;8.03;8.08;4674244;37826196.00
2014/07/22;8.08;8.32;8.00;8.16;6635422;54177276.00
2014/07/23;8.19;8.93;8.19;8.46;19575626;167540448.00
2014/07/24;8.29;8.39;8.02;8.15;9854997;80784088.00
2014/07/25;8.11;8.27;8.10;8.24;4561856;37439772.00
2014/07/28;8.24;8.34;8.18;8.30;5340553;44242372.00
2014/07/29;8.25;8.38;8.21;8.28;5672301;47108056.00
2014/07/30;8.29;8.43;8.25;8.40;7175368;59889692.00
2014/07/31;8.35;8.54;8.31;8.53;9283853;78674120.00
2014/08/01;8.44;8.48;8.27;8.29;9208920;77030360.00
2014/08/04;8.24;8.62;8.22;8.55;9359459;79307784.00
2014/08/05;8.51;8.61;8.46;8.56;6649353;56823260.00
2014/08/06;8.59;8.94;8.52;8.67;16055272;141226848.00
2014/08/07;8.62;8.64;8.45;8.58;9177572;78407832.00
2014/08/08;8.57;8.74;8.48;8.69;6787503;58577096.00
2014/08/11;8.75;9.30;8.75;9.20;22297076;202724208.00
2014/08/12;9.18;9.21;9.01;9.11;9825858;89513688.00
2014/08/13;9.05;9.14;8.82;9.13;9247194;83245040.00
2014/08/14;9.15;9.15;8.86;8.87;9351780;84211656.00
2014/08/15;8.86;9.06;8.86;8.98;5339871;47944788.00
2014/08/18;8.98;9.47;8.94;9.28;16781682;156105760.00
2014/08/19;9.28;9.74;9.25;9.53;16258819;155629472.00
2014/08/20;9.45;9.60;9.39;9.48;6925530;65752956.00
2014/08/21;9.49;9.53;9.17;9.33;7054869;65799656.00
2014/08/22;9.29;9.44;9.19;9.40;6820872;63855784.00
2014/08/25;9.41;9.74;9.29;9.54;8147037;77609928.00
2014/08/26;9.47;9.52;9.09;9.15;9447531;87620512.00
2014/08/27;9.19;9.32;9.04;9.22;5821205;53574580.00
2014/08/28;9.21;9.67;9.15;9.47;10945552;104002480.00
2014/08/29;9.41;10.22;9.40;9.89;14527205;142550080.00
2014/09/01;9.89;10.08;9.70;9.96;10830281;107224768.00
2014/09/02;10.17;10.27;9.83;10.03;12380145;123955672.00
2014/09/03;10.05;10.14;9.93;10.03;11932871;119895144.00
2014/09/04;10.07;10.14;9.98;10.05;8100270;81408864.00
2014/09/05;10.05;10.50;10.04;10.17;12593217;129132384.00
2014/09/09;10.18;10.50;10.00;10.23;10610040;109232160.00
2014/09/10;10.23;10.24;10.02;10.13;9393299;94866864.00
2014/09/11;10.14;10.26;9.85;9.99;9258744;93247448.00
2014/09/12;9.98;10.09;9.85;10.05;6654222;66561004.00
2014/09/15;10.07;10.19;9.92;10.05;8074236;81159464.00
2014/09/16;10.06;10.12;9.52;9.62;8506539;84621552.00
2014/09/17;9.63;9.67;9.37;9.51;7406153;70291192.00
2014/09/18;9.51;9.68;9.39;9.68;7805667;74196360.00
2014/09/19;9.63;9.89;9.58;9.82;5787268;56469352.00
2014/09/22;9.80;9.80;9.57;9.70;5026920;48791596.00
2014/09/23;9.70;9.87;9.58;9.81;6163427;60059608.00
2014/09/24;9.82;10.06;9.74;10.04;7286234;72687296.00
2014/09/25;10.00;10.11;9.89;9.93;6461025;64536156.00
2014/09/26;9.89;10.04;9.88;9.97;5482621;54747920.00
2014/09/29;9.96;10.07;9.96;9.99;5606033;56194128.00
2014/09/30;9.99;10.36;9.99;10.35;9993756;101608192.00
2014/10/08;10.37;11.36;10.37;11.02;21093158;230702864.00
2014/10/09;11.00;11.33;10.97;11.07;13176575;146718304.00
2014/10/10;11.27;11.27;11.04;11.17;10142698;113188968.00
2014/10/13;11.19;11.24;10.79;11.15;10392461;115638544.00
2014/10/14;11.17;11.90;11.11;11.75;13781972;158227296.00
2014/10/15;11.64;12.49;11.37;11.71;13594404;159071312.00
2014/10/16;11.61;11.93;11.29;11.29;8868351;103162776.00
2014/10/17;11.27;11.38;10.59;11.17;9577863;105496360.00
2014/10/20;11.09;11.46;10.97;11.19;10992954;122789264.00
2014/10/21;11.21;11.40;11.07;11.25;5528035;62093052.00
2014/10/22;11.23;11.56;11.09;11.29;6694178;75717792.00
2014/10/23;11.21;11.33;10.81;11.18;6548979;72909680.00
2014/10/24;11.10;11.44;11.07;11.40;8113119;91723784.00
2014/10/27;11.38;11.63;11.17;11.43;6745423;76913448.00
2014/10/28;11.44;11.87;11.41;11.87;12768701;148812784.00
2014/10/29;11.87;12.19;11.72;11.97;10803028;129551216.00
2014/10/30;11.96;12.06;11.80;11.83;5856915;69722760.00
2014/10/31;11.79;11.91;11.50;11.74;7153073;83535072.00
2014/11/03;11.66;12.14;11.66;12.11;11007168;132011728.00
2014/11/04;12.11;12.49;12.05;12.09;9856619;120522032.00
2014/11/05;12.08;12.23;11.86;12.12;4405277;52983144.00
2014/11/06;12.12;12.32;11.99;12.17;4200675;51139388.00
2014/11/07;12.24;12.29;11.70;11.89;8524906;101752544.00
2014/11/10;11.87;12.07;11.64;11.79;8205330;96621864.00
2014/11/11;11.79;11.82;10.86;11.29;8793803;99601024.00
2014/11/12;11.19;11.35;10.94;11.23;5627001;62513460.00
2014/11/13;11.54;11.54;10.84;10.93;5990527;66753584.00
2014/11/14;10.82;10.92;10.37;10.45;7593219;80260688.00
2014/11/17;10.50;10.98;10.22;10.65;5752570;60988028.00
2014/11/18;10.59;10.84;10.52;10.64;5335153;57113820.00
2014/11/19;10.64;10.82;10.53;10.80;4011766;42924144.00
2014/11/20;10.74;10.80;10.62;10.65;3122112;33382496.00
2014/11/21;10.65;10.73;10.43;10.72;4826423;51376536.00
2014/11/24;10.74;10.93;10.61;10.88;8576608;92270368.00
2014/11/25;10.82;11.08;10.76;11.04;8452649;92863736.00
2014/11/26;11.06;11.14;10.80;10.97;7822585;85825928.00
2014/11/27;10.97;11.28;10.89;11.15;9342251;103945144.00
2014/11/28;11.15;11.49;11.08;11.41;9743773;110719120.00
2014/12/01;11.38;11.60;10.95;11.03;6260061;70557912.00
2014/12/02;11.00;11.81;10.97;11.55;9968020;114956456.00
2014/12/03;11.53;11.84;11.19;11.59;7328213;84402984.00
2014/12/04;11.49;11.60;11.38;11.47;10651481;122517808.00
2014/12/05;11.47;11.56;10.79;10.87;9418558;104336096.00
2014/12/08;10.77;10.79;10.36;10.45;11003184;115916680.00
2014/12/09;10.45;10.45;10.07;10.11;11534151;118081384.00
2014/12/10;10.07;10.51;10.05;10.38;5846397;60423580.00
2014/12/11;10.39;10.53;10.20;10.42;5982415;62247728.00
2014/12/12;10.42;10.60;10.35;10.57;6658546;69877584.00
2014/12/15;10.65;11.09;10.49;10.85;10600308;115280248.00
2014/12/16;10.79;10.89;10.62;10.75;5589345;60023668.00
2014/12/17;10.70;10.70;10.29;10.39;5572289;58367304.00
2014/12/18;10.40;10.56;10.29;10.47;4148986;43254416.00
2014/12/19;10.45;10.45;9.99;10.16;4945620;50132040.00
2014/12/22;10.15;10.16;9.14;9.21;11963926;112868272.00
2014/12/23;9.18;9.44;9.13;9.30;4007080;37401076.00
2014/12/24;9.31;9.65;9.31;9.46;2963593;28022658.00
2014/12/25;9.50;9.53;9.41;9.49;2413604;22878428.00
2014/12/26;9.49;9.68;9.49;9.60;2426621;23370440.00
2014/12/29;9.64;10.48;9.60;10.02;7047457;71429960.00
2014/12/30;10.02;10.26;9.97;10.20;5202671;52774156.00
2014/12/31;10.20;10.45;10.12;10.29;4352414;44825616.00
2015/01/05;10.29;10.51;10.20;10.45;4576889;47610736.00
2015/01/06;10.44;10.54;10.24;10.32;4068041;42258484.00
2015/01/07;10.32;10.42;10.24;10.33;2820891;29102004.00
2015/01/08;10.25;10.35;10.18;10.19;2507254;25698252.00
2015/01/09;10.17;10.28;10.15;10.15;1915138;19559178.00
2015/01/12;10.18;10.18;9.54;9.69;3598019;35281076.00
2015/01/13;9.59;10.04;9.59;9.93;2083258;20660276.00
2015/01/14;9.86;10.01;9.86;9.91;1331639;13272686.00
2015/01/15;9.84;9.97;9.84;9.92;1316975;13062028.00
2015/01/16;9.98;10.41;9.87;10.35;4214993;43163520.00
2015/05/29;11.39;11.39;11.39;11.39;54304;619065.63
2015/06/01;12.53;12.53;12.53;12.53;41233;517061.81
2015/06/02;13.78;13.78;13.78;13.78;120875;1666866.25
2015/06/03;15.16;15.16;15.16;15.16;134769;2044445.75
2015/06/04;16.68;16.68;16.68;16.68;286953;4789245.50
2015/06/05;18.35;18.35;18.35;18.35;53583;983783.88
2015/06/08;20.19;20.19;20.19;20.19;102341;2067288.25
2015/06/09;22.21;22.21;22.21;22.21;142387;3163839.25
2015/06/10;24.43;24.43;24.43;24.43;210351;5140978.50
2015/06/11;26.87;26.87;26.87;26.87;656506;17646882.00
2015/06/12;29.56;29.56;29.56;29.56;404007;11946487.00
2015/06/15;32.52;32.52;32.52;32.52;257440;8374523.00
2015/06/16;35.77;35.77;33.39;35.77;67152731;2378150656.00
2015/06/17;33.88;34.67;32.19;32.19;37822868;1239400320.00
2015/06/18;32.19;33.77;28.97;29.33;31982443;1002923904.00
2015/06/19;28.60;28.68;26.40;26.50;20518476;562146304.00
2015/06/23;26.98;27.80;25.38;27.18;14773877;398068032.00
2015/06/24;27.18;27.87;26.50;26.90;18871628;512699648.00
2015/06/25;26.90;27.33;25.58;25.90;17078397;452132992.00
2015/06/26;24.49;24.85;23.31;23.31;8889539;211478064.00
2015/06/29;22.70;22.91;20.98;20.98;17068324;365403616.00
2015/06/30;19.79;22.47;18.88;21.95;25969953;525963136.00
2015/07/01;21.80;22.98;19.76;19.76;15905392;348433888.00
2015/07/02;19.66;19.75;17.78;17.78;10658298;195830208.00
2015/07/03;16.66;18.40;16.00;16.01;15649594;261611024.00
2015/07/06;17.61;17.61;14.41;14.41;15339796;242944864.00
2015/07/07;13.30;14.60;12.97;12.97;9238256;125280456.00
2015/07/08;11.67;14.27;11.67;13.62;37771168;483522912.00
2015/07/09;13.30;14.98;13.02;14.98;7567557;109462424.00
2015/07/10;16.48;16.48;16.48;16.48;915871;15093554.00
2015/07/13;18.13;18.13;18.13;18.13;3356510;60853528.00
2015/07/14;19.94;19.94;19.16;19.94;14098823;280826688.00
2015/07/15;19.69;20.88;17.95;17.95;24766373;464760960.00
2015/07/16;17.40;19.75;16.41;19.75;21923285;415894400.00
2015/07/17;19.90;21.72;19.51;21.24;22379199;461946272.00
2015/07/20;20.45;21.94;20.37;20.88;22041561;461179264.00
2015/07/21;20.00;20.85;19.88;20.29;13912323;282428544.00
2015/07/22;20.30;21.54;20.02;20.94;16180276;337404512.00
2015/07/23;20.90;21.61;20.31;21.32;14031531;294484640.00
2015/07/24;21.17;22.74;20.88;20.90;17130483;375947776.00
2015/07/27;20.49;21.30;18.81;18.81;14506637;288244352.00
2015/07/28;17.03;18.60;16.93;16.93;14214880;244546208.00
2015/07/29;17.37;17.90;15.85;17.90;11661041;197790224.00
2015/07/30;17.70;18.21;16.70;17.05;11809344;209365504.00
2015/07/31;16.33;16.91;15.50;15.86;8658471;141375024.00
2015/08/03;15.69;16.50;14.27;14.81;8155750;125597600.00
2015/08/04;14.99;16.29;14.99;16.29;8852350;140234992.00
2015/08/05;16.52;17.36;16.29;16.70;12179975;204896832.00
2015/08/06;16.10;18.10;16.03;17.46;13069593;223572320.00
2015/08/07;17.61;18.44;17.25;18.26;11274680;201360288.00
2015/08/10;18.27;19.37;17.90;19.18;10508463;196393136.00
2015/08/11;19.00;19.50;18.76;19.00;10055264;192648432.00
2015/08/12;18.63;18.96;18.17;18.18;9175559;170034576.00
2015/08/13;18.10;19.11;18.06;19.00;8383704;156474720.00
2015/08/14;19.04;19.94;18.98;19.90;12196542;237099056.00
2015/08/17;20.00;20.50;19.58;20.25;10475412;210519552.00
2015/08/18;20.24;20.25;18.23;18.23;11098714;212218656.00
2015/08/19;17.70;18.80;16.41;18.22;9458376;164403920.00
2015/08/20;17.79;18.80;17.17;17.26;5704767;101825600.00
2015/08/21;16.85;17.25;16.00;16.30;6856925;113378968.00
2015/08/24;15.36;15.60;14.67;14.67;3438751;50931292.00
2015/08/25;13.20;13.76;13.20;13.20;7777430;103042832.00
2015/08/26;13.25;13.68;11.95;12.45;7970976;103484752.00
2015/08/27;12.85;13.35;12.00;13.14;8475917;108265464.00
2015/08/28;13.50;14.11;12.97;14.11;12355962;166849712.00
2015/08/31;13.86;13.88;12.80;12.80;8520274;112784688.00
2015/09/01;12.80;13.25;11.72;12.25;9533526;119779192.00
2015/09/02;11.25;12.56;11.05;11.05;7806432;91196744.00
2015/09/07;11.36;12.16;11.30;11.60;9713295;115455976.00
2015/09/08;11.40;12.73;11.20;12.65;8199012;97345096.00
2015/09/09;12.64;13.67;12.50;13.52;10956727;144448336.00
2015/09/10;13.09;13.27;12.71;12.79;10560746;137521856.00
2015/09/11;12.87;13.41;12.82;13.10;7038030;91805064.00
2015/09/14;13.18;13.20;11.79;11.79;7897487;97782056.00
2015/09/15;11.02;11.46;10.61;10.91;6600682;72577288.00
2015/09/16;10.90;12.00;10.90;11.89;6295258;71717304.00
2015/09/17;11.87;12.50;11.60;11.62;8265897;99123984.00
2015/09/18;11.71;11.99;11.52;11.80;4341708;51163556.00
2015/09/21;11.50;12.51;11.40;12.51;6488298;78314528.00
2015/09/22;12.50;12.96;12.38;12.68;5849091;74146744.00
2015/09/23;12.38;12.58;12.09;12.33;4868705;59954152.00
2015/09/24;12.39;13.21;12.39;12.96;7929614;101875712.00
2015/09/25;12.80;13.33;12.16;12.37;8892175;113318664.00
2015/09/28;12.57;13.28;12.30;13.13;8654359;111790808.00
2015/09/29;12.79;12.95;12.50;12.75;6860143;87478160.00
2015/09/30;12.90;13.06;12.60;12.68;5266558;67405400.00
2015/10/08;13.19;13.44;12.98;13.30;6849430;90573768.00
2015/10/09;13.31;14.63;13.18;14.63;13418479;189078480.00
2015/10/12;14.69;15.67;14.50;15.40;15732742;237146032.00
2015/10/13;15.10;15.58;14.95;15.37;8254754;126080176.00
2015/10/14;15.30;15.57;14.87;14.97;7536203;114320376.00
2015/10/15;14.97;16.47;14.83;16.47;9025480;142609328.00
2015/10/16;17.59;17.78;16.70;17.01;17673683;302799520.00
2015/10/19;17.20;17.51;16.40;16.84;16557737;280747904.00
2015/10/20;16.70;18.47;16.52;17.80;16218030;282695488.00
2015/10/21;17.90;17.95;16.02;16.02;13541943;228602128.00
2015/10/22;15.60;16.79;15.50;16.65;13086536;212978096.00
2015/10/23;16.72;17.40;16.50;17.19;15564018;264417680.00
2015/10/26;17.38;17.38;16.48;16.85;15795667;266447504.00
2015/10/27;16.54;17.20;15.60;16.85;11408992;186952032.00
2015/10/28;16.50;16.92;16.10;16.23;7333901;120773280.00
2015/10/29;16.48;16.63;16.00;16.33;6555970;106993696.00
2015/10/30;16.33;17.15;16.20;16.68;10959915;184182000.00
2015/11/02;15.01;15.65;15.01;15.01;24596926;371123072.00
2015/11/03;14.63;14.63;13.51;13.69;30029891;415468320.00
2015/11/04;13.71;14.48;13.71;14.41;22402639;315524992.00
2015/11/05;14.30;15.35;14.13;14.93;26266654;385507776.00
2015/11/06;14.75;15.50;14.74;15.27;17494838;264136240.00
2015/11/09;15.02;15.75;14.82;15.46;16148894;246316432.00
2015/11/10;15.68;17.01;15.48;16.00;30148043;492232896.00
2015/11/11;15.80;16.50;15.65;16.38;20214430;324670272.00
2015/11/12;16.31;17.09;16.23;16.66;18019345;299934944.00
2015/11/13;16.32;16.49;15.70;15.94;12399863;200260928.00
2015/11/16;15.73;17.47;15.51;17.31;22241728;368097056.00
2015/11/17;17.14;17.28;16.60;16.67;18664237;316712768.00
2015/11/18;16.51;16.78;16.09;16.15;9835962;161692480.00
2015/11/19;16.19;16.57;16.06;16.52;8082128;131888736.00
2015/11/20;16.54;17.40;16.53;17.20;17733724;303190880.00
2015/11/23;17.36;18.04;16.98;17.42;18434724;325499392.00
2015/11/24;17.39;17.55;16.76;17.27;9913406;169370288.00
2015/11/25;17.33;18.47;17.20;18.05;20530551;369568928.00
2015/11/26;18.81;19.86;18.80;19.86;11624522;224589552.00
2015/11/27;20.90;21.85;20.33;21.85;70924234;1519796608.00
2015/11/30;21.30;24.04;20.62;24.04;66350998;1524893312.00
2015/12/01;25.90;26.44;24.09;25.18;58102511;1518130816.00
2015/12/02;24.60;26.55;23.40;24.61;64462493;1614249984.00
2015/12/03;24.00;25.30;23.77;24.99;46159252;1128648960.00
2015/12/04;24.48;24.67;23.22;23.80;41878309;1004350208.00
2015/12/07;23.81;25.27;23.37;24.38;47248389;1147274496.00
2015/12/08;23.71;23.93;22.50;23.08;38712471;891968000.00
2015/12/09;22.95;23.54;22.15;22.75;30359252;693855104.00
2015/12/10;22.75;23.47;22.45;22.98;30521391;700386048.00
2015/12/11;22.70;22.99;21.31;21.70;24804271;551042944.00
2015/12/14;21.47;22.46;21.30;22.42;21845673;479150400.00
2015/12/15;22.27;22.95;22.08;22.90;29589111;668141312.00
2015/12/16;22.83;23.79;22.50;23.10;35766025;827249088.00
2015/12/17;23.13;23.69;22.87;23.32;33967335;788817408.00
2015/12/18;23.34;23.38;22.26;22.41;23595451;535742720.00
2015/12/21;23.08;24.18;22.59;22.65;31720952;736391872.00
2015/12/22;21.80;22.06;21.46;21.86;23365357;509021408.00
2015/12/23;21.86;22.09;21.12;21.80;20504056;442427104.00
2015/12/24;22.00;22.80;21.41;22.78;26274166;583768832.00
2015/12/25;22.76;22.76;21.85;21.98;17464181;388702368.00
2015/12/28;21.71;22.23;20.75;20.83;16147081;348995360.00
2015/12/29;20.75;20.95;20.01;20.57;20037673;411006112.00
2015/12/30;20.70;21.45;20.51;20.84;21277804;445615008.00
2015/12/31;20.60;21.30;20.25;20.33;12888141;267402336.00
2016/01/04;20.38;20.46;18.30;18.30;13747592;263430704.00
2016/01/05;16.70;17.86;16.47;17.34;17389595;298653824.00
2016/01/06;17.90;18.30;17.49;18.16;18161649;325205312.00
2016/01/07;17.58;17.64;16.34;16.34;3984500;67290816.00
2016/01/08;16.94;16.99;15.06;16.20;16030049;261108032.00
2016/01/11;15.70;15.78;14.58;14.58;13782492;209409120.00
2016/01/12;14.65;15.24;14.21;14.86;12147266;180205328.00
2016/01/13;15.05;15.15;13.80;13.93;10973116;160347280.00
2016/01/14;13.53;14.98;13.14;14.90;13934836;198717360.00
2016/01/15;14.64;14.86;13.80;14.09;12891339;185866144.00
2016/01/18;13.57;15.09;13.25;14.78;12908262;187929424.00
2016/01/19;14.70;15.78;14.62;15.63;15403500;233367184.00
2016/01/20;15.45;16.39;14.95;15.75;25147851;392896416.00
2016/01/21;15.20;15.68;14.18;14.19;15426047;233722336.00
2016/01/22;14.46;14.83;14.08;14.64;10440913;151146864.00
2016/01/25;14.74;15.13;14.52;14.82;8861992;131478688.00
2016/01/26;14.50;14.69;13.34;13.34;12684023;177236720.00
2016/01/27;13.25;13.60;12.28;13.12;11123817;144455760.00
2016/01/28;12.95;14.25;12.72;13.20;16124671;218097200.00
2016/01/29;13.30;14.52;13.27;14.52;7671510;108882752.00
2016/02/01;15.97;15.97;15.01;15.76;39009120;612527232.00
2016/02/02;15.27;16.77;15.14;16.28;37108712;592438528.00
2016/02/03;15.70;16.09;15.26;15.86;24259182;380660512.00
2016/02/04;15.87;16.50;15.87;16.15;24446552;395140384.00
2016/02/05;16.09;16.14;15.41;15.56;15759259;248275536.00
2016/02/15;14.80;16.14;14.70;15.75;16459285;254109232.00
2016/02/16;15.90;16.78;15.80;16.44;20655287;337650112.00
2016/02/17;16.26;17.68;16.16;17.13;27760820;472458112.00
2016/02/18;16.95;17.87;16.59;16.61;28626809;491669952.00
2016/02/19;16.17;16.76;16.17;16.51;15945108;261520992.00
2016/02/22;16.83;16.96;16.50;16.91;17023478;284532032.00
2016/02/23;16.86;17.42;16.73;17.37;22617533;387680448.00
2016/02/24;17.30;17.30;16.52;16.86;17761097;299108352.00
2016/02/25;16.72;16.89;15.17;15.17;16564494;264437328.00
2016/02/26;15.26;15.34;14.38;14.62;14209751;211140576.00
2016/02/29;14.30;14.30;13.16;13.16;14050302;188310912.00
2016/03/01;13.22;14.30;12.80;13.91;12982838;176016128.00
2016/03/02;13.80;14.95;13.68;14.85;16429943;233546656.00
2016/03/03;14.71;16.08;14.56;14.91;19026293;291376000.00
2016/03/04;14.60;14.79;13.78;14.02;13685920;196009488.00
2016/03/07;14.10;14.80;14.10;14.34;8425275;121534408.00
2016/03/08;14.25;14.35;13.35;14.24;9643518;133321656.00
2016/03/09;13.81;14.15;13.71;13.80;6287500;87534448.00
2016/03/10;13.86;14.50;13.70;13.90;9298266;130818552.00
2016/03/11;13.60;13.90;13.43;13.70;6211961;84692896.00
2016/03/14;13.91;14.61;13.88;14.28;10267263;146799888.00
2016/03/15;14.23;14.55;13.98;14.03;9719420;138222496.00
2016/03/16;14.38;14.38;13.70;13.93;8829898;124108688.00
2016/03/17;14.03;14.68;13.92;14.60;14075300;202548784.00
2016/03/18;14.61;15.50;14.55;15.22;18497935;278798464.00
2016/03/21;15.51;15.88;15.13;15.58;17695852;274092576.00
2016/03/22;15.42;16.17;15.26;15.71;16927806;266411552.00
2016/03/23;15.51;16.38;15.51;16.06;16378053;261739184.00
2016/03/24;15.93;16.43;15.65;15.86;19291656;308544000.00
2016/03/25;15.76;16.37;15.65;16.29;14531673;232909408.00
2016/03/28;16.54;17.00;15.90;15.97;18175372;300695328.00
2016/03/29;15.80;16.39;15.35;15.63;13283684;210328432.00
2016/03/30;15.80;16.31;15.70;16.31;13972546;224848128.00
2016/03/31;16.34;16.70;16.21;16.47;15691440;258204752.00
2016/04/01;16.39;16.47;15.68;16.09;11430470;182834096.00
2016/04/05;16.07;17.16;16.07;17.02;18687628;312898240.00
2016/04/06;16.80;16.95;16.51;16.77;16250879;272054752.00
2016/04/07;16.88;17.28;16.58;16.60;15682462;265521568.00
2016/04/08;16.35;16.50;15.80;16.45;13012704;209450736.00
2016/04/11;16.54;16.93;16.54;16.73;13969190;233609472.00
2016/04/12;16.59;16.60;16.04;16.49;9340020;152550368.00
2016/04/13;16.51;17.16;16.51;16.74;15299166;257956960.00
2016/04/14;16.75;17.80;16.65;17.59;24609690;423767584.00
2016/04/15;17.49;17.68;17.12;17.47;15524814;269302688.00
2016/04/18;17.21;17.38;16.94;17.25;10227971;175414976.00
2016/04/19;17.46;17.56;17.00;17.22;10026609;172935216.00
2016/04/20;17.17;17.35;15.60;16.01;18090025;295771616.00
2016/04/21;16.01;16.25;15.45;15.47;10614885;169089008.00
2016/04/22;15.11;15.58;15.11;15.54;7152359;110158768.00
2016/04/25;15.57;15.88;15.30;15.83;6665508;104960808.00
2016/04/26;15.82;15.98;15.61;15.98;7791752;123122432.00
2016/04/27;16.01;16.25;15.76;15.78;7176762;114875272.00
2016/04/28;15.88;15.95;15.45;15.86;6608627;103846952.00
2016/04/29;15.75;16.09;15.58;15.98;5641501;89475608.00
2016/05/03;16.00;16.69;15.90;16.64;11816996;194894800.00
2016/05/04;16.50;16.87;16.40;16.75;11297557;188115920.00
2016/05/05;16.70;17.49;16.61;17.24;14278499;244129552.00
2016/05/20;15.52;15.52;15.52;15.52;1349500;20944240.00
2016/05/23;14.50;15.11;14.50;15.10;15677704;233458192.00
2016/05/24;14.92;16.31;14.85;15.42;12583686;196399616.00
2016/05/25;15.30;15.51;15.01;15.19;7638649;116745216.00
2016/05/26;15.10;15.18;14.20;14.99;8069923;118336824.00
2016/05/27;14.92;15.46;14.76;15.15;7317354;111312832.00
2016/05/30;15.10;15.45;14.74;15.22;7045337;107673488.00
2016/05/31;15.23;15.78;15.23;15.71;9722775;151789568.00
2016/06/01;15.69;17.28;15.65;17.28;30464782;515314624.00
2016/09/02;19.01;19.01;19.01;19.01;564426;10729738.00
2016/09/05;20.91;20.91;20.91;20.91;653283;13660148.00
2016/09/06;21.90;22.58;20.95;21.27;58646159;1267391744.00
2016/09/07;21.80;23.40;21.14;22.88;61745277;1377746688.00
2016/09/08;22.00;22.60;21.50;22.55;40634172;896996736.00
2016/09/09;22.96;24.80;22.66;22.95;51908959;1223006976.00
2016/09/12;21.71;23.40;21.66;23.15;34855470;783758208.00
2016/09/13;23.30;25.37;23.03;25.11;53318737;1287693952.00
2016/09/14;24.02;24.25;22.60;22.60;41101618;947232640.00
2016/09/19;22.23;22.70;21.76;22.47;21119506;469195360.00
2016/09/20;22.30;22.79;21.89;22.73;19503538;437811616.00
2016/09/21;22.50;22.80;21.30;21.36;23475545;518820544.00
2016/09/22;21.65;22.45;21.50;22.00;21509293;471046784.00
2016/09/23;21.96;23.66;21.68;23.25;29444912;665301888.00
2016/09/26;22.81;23.47;21.78;21.84;23277697;525162080.00
2016/09/27;21.65;22.03;20.96;21.81;14742101;317254528.00
2016/09/28;21.78;22.48;21.56;22.20;13676855;302883712.00
2016/09/29;22.10;23.18;21.83;22.55;18311702;413977664.00
2016/09/30;22.55;23.27;22.43;22.70;19228863;439871936.00
2016/10/10;22.88;23.28;22.03;23.00;17509259;396487456.00
2016/10/11;22.80;24.65;22.70;23.90;32847596;780650816.00
2016/10/12;23.70;23.90;23.16;23.88;18570121;438119424.00
2016/10/13;23.75;24.44;23.20;23.25;17691591;418212736.00
2016/10/14;23.00;23.50;22.85;23.30;12250237;284084864.00
2016/10/17;23.10;23.82;22.91;23.19;14556651;338988448.00
2016/10/18;23.30;23.57;22.95;23.52;13689621;318739328.00
2016/10/19;23.50;24.50;23.10;24.26;31099852;748140160.00
2016/10/20;24.15;24.15;23.33;23.34;21016188;497923296.00
2016/10/21;23.06;23.25;22.47;22.94;16028126;366329600.00
2016/10/24;22.98;23.73;22.85;23.68;15689463;367061024.00
2016/10/25;23.48;24.16;23.23;23.96;17585553;418011328.00
2016/10/26;23.91;25.60;23.62;24.58;38143040;947374784.00
2016/10/27;24.00;24.10;23.30;23.50;24181093;570137344.00
2016/10/28;23.45;23.78;22.68;22.70;16932817;394850880.00
2016/10/31;22.26;22.56;21.82;22.51;10980522;243740976.00
2016/11/01;22.50;23.41;22.25;23.15;11013653;253574048.00
2016/11/02;23.10;24.13;22.90;23.45;18535433;438101248.00
2016/11/03;23.02;24.96;22.96;24.42;30963881;748824576.00
2016/11/04;24.42;25.20;23.83;24.69;28926420;711503872.00
2016/11/07;24.27;25.58;24.00;25.30;27825511;688976704.00
2016/11/08;25.20;25.50;24.63;24.90;20607924;514678528.00
2016/11/09;24.81;24.96;23.94;24.38;18047594;441053120.00
2016/11/10;24.80;25.92;24.40;25.11;31035934;784162432.00
2016/11/11;25.00;25.30;24.25;24.31;23533996;578641600.00
2016/11/14;24.00;24.66;23.71;23.82;13901174;335531904.00
2016/11/15;23.90;24.46;23.62;24.35;11970041;287942720.00
2016/11/16;24.38;24.87;24.10;24.73;15054792;370282560.00
2016/11/17;24.75;24.76;24.15;24.26;6267600;152512768.00
数据来源:通达信
