002671 龙泉股份 日线 前复权
      日期	    开盘	    最高	    最低	    收盘	    成交量	    成交额
2012/04/26;5.08;5.15;4.83;5.09;9812059;206562448.00
2012/04/27;5.07;5.10;4.93;5.02;4184287;87990264.00
2012/05/02;5.04;5.04;4.55;4.94;2788090;56365528.00
2012/05/03;4.82;5.09;4.80;5.07;3078291;64570096.00
2012/05/04;5.09;5.51;5.04;5.41;5144325;113459040.00
2012/05/07;5.40;5.67;5.36;5.65;3630510;83317768.00
2012/05/08;5.62;5.78;5.54;5.64;2258747;52837052.00
2012/05/09;5.63;5.78;5.51;5.65;2514505;59142384.00
2012/05/10;5.65;5.79;5.51;5.53;1683093;39136072.00
2012/05/11;5.46;5.59;5.24;5.51;2624687;59097612.00
2012/05/14;5.54;5.56;5.29;5.36;1082169;24610318.00
2012/05/15;5.29;5.48;5.29;5.47;1149487;25626836.00
2012/05/16;5.45;5.64;5.43;5.58;1251551;28875766.00
2012/05/17;5.66;5.66;5.48;5.56;1054561;24277840.00
2012/05/18;5.54;5.64;5.35;5.54;902775;20738662.00
2012/05/21;5.50;5.61;5.40;5.49;770750;17608180.00
2012/05/22;5.50;5.59;5.39;5.55;900221;20767684.00
2012/05/23;5.55;5.84;5.51;5.82;2886660;68477872.00
2012/05/24;5.79;5.86;5.69;5.76;1546733;36975360.00
2012/05/25;5.76;5.84;5.63;5.64;1065650;25341446.00
2012/05/28;5.58;5.78;5.42;5.76;1346312;31531864.00
2012/05/29;5.75;6.36;5.75;6.36;2941284;75406808.00
2012/05/30;6.37;6.67;6.22;6.55;3139898;83437328.00
2012/05/31;6.46;6.60;6.38;6.60;1589029;42508256.00
2012/06/01;6.65;6.65;6.43;6.55;1177173;31706084.00
2012/06/04;6.41;6.54;6.35;6.40;1109872;29433822.00
2012/06/05;6.41;6.55;6.28;6.32;1018858;26890742.00
2012/06/06;6.30;6.50;6.30;6.37;507488;13333718.00
2012/06/07;6.45;6.53;6.32;6.38;495059;13094291.00
2012/06/08;6.41;6.50;6.30;6.32;388200;10247794.00
2012/06/11;6.33;6.48;6.13;6.45;793211;20881064.00
2012/06/12;6.41;6.61;6.34;6.58;1001674;26894790.00
2012/06/13;6.60;6.88;6.51;6.83;1376421;37973764.00
2012/06/14;6.83;6.86;6.64;6.65;971946;26963832.00
2012/06/15;6.61;6.75;6.50;6.68;625455;17064384.00
2012/06/18;6.72;6.80;6.63;6.70;484980;13337363.00
2012/06/19;6.70;6.75;6.56;6.58;690127;18907520.00
2012/06/20;6.68;6.68;6.45;6.50;436259;11727849.00
2012/06/21;6.49;6.67;6.39;6.61;519875;14145650.00
2012/06/25;6.51;6.72;6.22;6.28;799131;21318448.00
2012/06/26;6.27;6.34;6.03;6.19;1237431;31550340.00
2012/06/27;6.19;6.27;6.05;6.13;863167;21975286.00
2012/06/28;6.11;6.16;5.62;5.74;1360092;33289838.00
2012/06/29;5.62;5.86;5.59;5.82;1262241;30074982.00
2012/07/02;5.89;5.96;5.72;5.94;954991;23177682.00
2012/07/03;5.94;6.04;5.85;5.97;795397;19662728.00
2012/07/04;5.94;6.07;5.87;5.96;512876;12699034.00
2012/07/05;5.89;5.95;5.66;5.82;550079;13221536.00
2012/07/06;5.96;6.09;5.81;6.07;1017304;25212418.00
2012/07/09;6.05;6.27;6.02;6.08;1090681;27736708.00
2012/07/10;6.07;6.10;5.84;5.92;681189;16633576.00
2012/07/11;5.97;6.09;5.84;5.87;679205;16774330.00
2012/07/12;6.09;6.42;6.07;6.27;2500181;64263036.00
2012/07/13;6.16;6.35;6.07;6.30;1137673;29242032.00
2012/07/16;6.25;6.44;6.22;6.28;1375690;36040968.00
2012/07/17;6.25;6.42;6.13;6.41;1122931;29307618.00
2012/07/18;6.41;6.65;6.39;6.62;1473867;39847516.00
2012/07/19;6.62;6.62;6.42;6.46;1065611;28550376.00
2012/07/20;6.41;6.46;6.25;6.31;778465;20315458.00
2012/07/23;6.41;6.67;6.16;6.27;849151;22450960.00
2012/07/24;6.13;6.40;5.99;6.27;843185;21691034.00
2012/07/25;6.25;6.51;6.07;6.35;972604;25583520.00
2012/07/26;6.37;6.38;6.12;6.20;878610;22620890.00
2012/07/27;6.18;6.28;5.98;6.03;512423;12902818.00
2012/07/30;5.99;6.09;5.66;5.71;571976;13928621.00
2012/07/31;5.73;5.73;5.45;5.47;1113221;25570668.00
2012/08/01;5.44;5.84;5.44;5.82;1097772;25739042.00
2012/08/02;5.87;6.02;5.75;5.97;659371;16056612.00
2012/08/03;5.95;6.08;5.87;6.04;422600;10483205.00
2012/08/06;6.01;6.20;5.95;6.19;345750;8731207.00
2012/08/07;6.16;6.28;6.11;6.23;327272;8382327.00
2012/08/08;6.20;6.23;5.98;6.16;354700;8952675.00
2012/08/09;6.10;6.29;6.10;6.26;369427;9511865.00
2012/08/10;6.19;6.27;6.10;6.20;707728;18103594.00
2012/08/13;6.17;6.19;6.05;6.05;409421;10389218.00
2012/08/14;6.05;6.24;6.02;6.18;245932;6199332.50
2012/08/15;6.07;6.21;6.03;6.14;394472;9939943.00
2012/08/16;6.10;6.19;5.92;5.93;442855;11090949.00
2012/08/17;5.79;5.92;5.74;5.91;708493;17133264.00
2012/08/20;5.93;5.93;5.78;5.90;455412;10989318.00
2012/08/21;5.80;5.91;5.80;5.88;580990;14117419.00
2012/08/22;5.80;5.95;5.79;5.88;503107;12238964.00
2012/08/23;5.82;5.91;5.80;5.87;351986;8539825.00
2012/08/24;5.85;6.05;5.85;6.03;730298;18036662.00
2012/08/27;5.73;5.73;5.40;5.40;361423;8238158.00
2012/08/28;4.90;5.15;4.85;5.10;3462401;71952960.00
2012/08/29;5.03;5.15;4.93;5.13;1047797;22093674.00
2012/08/30;5.05;5.10;4.67;4.77;636199;12991890.00
2012/08/31;4.69;5.01;4.69;4.93;552926;11338676.00
2012/09/03;4.92;5.07;4.92;5.00;1194828;25088760.00
2012/09/04;5.08;5.08;4.87;4.97;704024;14576997.00
2012/09/05;4.91;4.93;4.79;4.91;386415;7870882.50
2012/09/06;4.85;5.19;4.85;5.17;987000;20890064.00
2012/09/07;5.20;5.56;5.17;5.45;1379600;31015126.00
2012/09/10;5.38;5.87;5.36;5.67;1848974;43717640.00
2012/09/11;5.67;5.71;5.50;5.64;625240;14575138.00
2012/09/12;5.64;5.82;5.64;5.69;590697;14089639.00
2012/09/13;5.59;5.70;5.50;5.51;300021;7005166.50
2012/09/14;5.56;5.71;5.41;5.62;624341;14420178.00
2012/09/17;5.64;5.75;5.54;5.61;470354;11017780.00
2012/09/18;5.60;5.66;5.54;5.59;218600;5077265.00
2012/09/19;5.60;5.74;5.46;5.64;443900;10371007.00
2012/09/20;5.58;5.64;5.05;5.18;1215033;26446300.00
2012/09/21;5.13;5.23;5.05;5.21;570491;12319580.00
2012/09/24;5.27;5.63;5.15;5.52;619619;14058001.00
2012/09/25;5.51;5.66;5.41;5.59;786610;18241658.00
2012/09/26;5.66;6.04;5.59;5.60;1667988;39895580.00
2012/09/27;5.47;5.95;5.43;5.79;943691;22540936.00
2012/09/28;5.79;6.01;5.79;5.97;766324;18766424.00
2012/10/08;6.04;6.23;6.04;6.15;1644557;41653496.00
2012/10/09;6.12;6.26;6.09;6.24;1595798;40819320.00
2012/10/10;6.24;6.29;6.18;6.22;682592;17611898.00
2012/10/11;6.20;6.37;6.13;6.37;1140326;29573432.00
2012/10/15;7.04;7.04;6.32;6.32;4317006;119709232.00
2012/10/16;6.19;6.24;6.00;6.17;1881951;47488360.00
2012/10/17;6.19;6.28;6.04;6.23;992067;25339448.00
2012/10/18;6.15;6.29;6.13;6.17;1163884;29930226.00
2012/10/19;6.17;6.23;6.12;6.18;635607;16184152.00
2012/10/22;6.16;6.21;5.89;6.18;1172100;29441262.00
2012/10/23;6.23;6.23;6.02;6.03;742967;18673704.00
2012/10/24;5.93;6.12;5.92;6.11;428523;10657850.00
2012/10/25;6.35;6.35;6.11;6.18;870089;22404506.00
2012/10/26;6.13;6.21;6.00;6.17;345430;8719045.00
2012/10/29;6.24;6.60;6.23;6.50;1934195;51084264.00
2012/10/30;6.49;6.59;6.38;6.48;762195;20394834.00
2012/10/31;6.48;6.50;6.37;6.46;660812;17544942.00
2012/11/01;6.48;6.60;6.46;6.52;1035071;27831948.00
2012/11/02;6.50;6.50;6.31;6.46;951029;25134130.00
2012/11/05;6.47;6.52;6.40;6.48;727194;19397948.00
2012/11/06;6.48;6.48;6.31;6.37;536696;14072934.00
2012/11/07;6.39;6.39;6.18;6.23;512959;13280187.00
2012/11/08;6.11;6.28;6.11;6.11;488829;12509595.00
2012/11/09;6.07;6.23;6.06;6.16;290601;7368130.50
2012/11/12;6.19;6.36;6.10;6.27;1023479;26425672.00
2012/11/13;6.17;6.23;6.03;6.09;593901;14994146.00
2012/11/14;6.05;6.13;6.05;6.10;211872;5338916.00
2012/11/15;6.11;6.15;5.97;5.99;362442;9107166.00
2012/11/16;6.13;6.13;5.87;5.87;338164;8322056.00
2012/11/19;5.85;5.96;5.82;5.95;341093;8331695.00
2012/11/20;6.02;6.11;5.93;5.95;258329;6443268.50
2012/11/21;5.94;5.99;5.79;5.98;362298;8817342.00
2012/11/22;5.94;5.96;5.87;5.93;217259;5310348.00
2012/11/23;5.93;6.12;5.88;6.04;376935;9365707.00
2012/11/26;6.08;6.18;6.00;6.01;780554;19700084.00
2012/11/27;5.92;5.92;5.41;5.62;1147665;26577198.00
2012/11/28;5.59;5.59;5.38;5.39;278702;6329981.50
2012/11/29;5.44;5.47;5.29;5.39;237706;5314858.50
2012/11/30;5.38;5.61;5.30;5.56;715692;16346041.00
2012/12/03;5.41;5.61;5.41;5.43;451491;10304971.00
2012/12/04;5.42;5.57;5.31;5.48;456920;10360236.00
2012/12/05;5.67;5.84;5.60;5.75;1227738;29177172.00
2012/12/06;5.73;5.85;5.69;5.82;552190;13218289.00
2012/12/07;5.80;6.04;5.77;6.03;1026373;25248944.00
2012/12/10;6.11;6.23;6.07;6.07;1036233;26292110.00
2012/12/11;6.08;6.16;6.00;6.09;703103;17641548.00
2012/12/12;6.05;6.13;5.99;6.11;633339;15855570.00
2012/12/13;6.11;6.23;5.92;5.92;964774;24252420.00
2012/12/14;5.89;6.36;5.87;6.24;1933913;49344764.00
2012/12/17;6.18;6.34;6.18;6.24;1193162;30854308.00
2012/12/18;6.23;6.31;6.16;6.21;922150;23751890.00
2012/12/19;6.32;6.61;6.32;6.48;1977661;52693636.00
2012/12/20;6.42;7.16;6.39;7.16;5683976;162914496.00
2012/12/21;7.13;7.62;7.03;7.39;6511087;195128464.00
2012/12/24;7.40;7.87;7.31;7.87;5743988;179176624.00
2012/12/25;7.80;8.01;7.57;7.83;5259654;167326576.00
2012/12/26;7.75;8.17;7.71;7.93;5315160;172185024.00
2012/12/27;8.02;8.02;7.48;7.50;4190204;131984824.00
2012/12/28;7.51;7.94;7.51;7.66;3686682;116573136.00
2012/12/31;7.63;7.89;7.53;7.78;2951177;93226408.00
2013/01/04;7.87;8.59;7.75;8.59;5631805;190670976.00
2013/01/07;8.59;9.47;8.33;9.32;5835924;209096208.00
2013/01/08;9.09;9.46;8.90;9.11;4076619;151900528.00
2013/01/09;8.96;9.30;8.79;8.94;3382122;123861720.00
2013/01/10;8.88;9.35;8.87;9.22;2990076;111657536.00
2013/01/11;9.32;9.79;9.01;9.15;3242419;122798392.00
2013/01/14;9.05;9.43;8.86;9.32;2731865;102245064.00
2013/01/15;9.32;9.69;9.16;9.27;2620803;99367632.00
2013/01/16;9.15;9.24;8.79;8.89;3093224;112840920.00
2013/01/17;8.96;9.08;8.62;8.68;2158541;77487440.00
2013/01/18;8.69;8.95;8.62;8.88;2042611;73376968.00
2013/01/21;8.77;8.95;8.66;8.95;2069924;74147552.00
2013/01/22;8.84;9.28;8.66;8.82;2991385;110236112.00
2013/01/23;8.67;8.86;8.36;8.63;2089483;73367824.00
2013/01/24;8.66;8.78;8.04;8.18;2145932;73712336.00
2013/01/25;8.25;8.39;8.16;8.30;1149401;38856040.00
2013/01/28;8.33;8.67;8.25;8.65;1803822;62488304.00
2013/01/29;8.61;8.82;8.59;8.75;1450894;51601900.00
2013/01/30;8.48;8.75;8.28;8.46;3335328;114704888.00
2013/01/31;8.46;9.28;8.33;9.14;4037825;144045840.00
2013/02/01;8.94;8.94;8.62;8.63;2519962;90277264.00
2013/02/04;8.63;8.73;7.82;8.19;1802254;61159280.00
2013/02/05;8.07;8.47;7.99;8.30;1281564;43706280.00
2013/02/06;8.30;8.45;8.25;8.38;611534;20876360.00
2013/02/07;8.38;8.64;8.28;8.50;950194;32993004.00
2013/02/08;8.53;8.71;8.43;8.62;846999;29752694.00
2013/02/18;8.67;8.78;8.51;8.69;1101077;38845652.00
2013/02/19;8.64;8.75;8.28;8.33;999055;34433412.00
2013/02/20;8.47;8.72;8.39;8.67;1124708;39407916.00
2013/02/21;8.66;8.94;8.50;8.91;2307580;82032744.00
2013/02/22;8.94;9.28;8.86;9.01;3230676;119395544.00
2013/02/25;8.99;9.09;8.84;9.05;1146617;41953068.00
2013/02/26;9.01;9.29;8.98;9.07;1645880;61301012.00
2013/02/27;9.16;9.47;9.09;9.46;2768779;105565232.00
2013/02/28;9.48;9.48;9.27;9.44;1433998;54747632.00
2013/03/01;9.44;9.55;9.31;9.43;1622604;61879652.00
2013/03/04;9.42;9.42;8.86;8.95;1640235;60928128.00
2013/03/05;8.95;9.14;8.83;9.12;910626;33278518.00
2013/03/06;9.15;9.38;9.09;9.30;1132980;42714492.00
2013/03/07;9.26;9.44;8.84;8.98;1401975;52211316.00
2013/03/08;8.94;9.06;8.65;8.70;823443;29466540.00
2013/03/11;8.71;8.80;8.68;8.73;316310;11256661.00
2013/03/12;8.68;8.89;8.37;8.61;660643;23239822.00
2013/03/13;8.58;8.62;8.32;8.47;504868;17371806.00
2013/03/14;8.43;8.78;8.41;8.63;649435;22895980.00
2013/03/15;8.63;8.83;8.59;8.66;467547;16624652.00
2013/03/18;8.51;8.82;8.51;8.71;622113;22172338.00
2013/03/19;8.59;8.77;8.50;8.73;490636;17266092.00
2013/03/20;8.75;9.32;8.66;9.28;1653727;61605508.00
2013/03/21;9.28;9.34;9.15;9.30;1021255;38488260.00
2013/03/22;9.32;10.06;9.31;9.79;1936846;77442224.00
2013/03/25;9.75;9.89;9.52;9.64;1207018;47513232.00
2013/03/29;8.93;9.24;8.65;8.78;1773546;63995392.00
2013/04/01;8.75;8.75;8.46;8.47;1696563;59257708.00
2013/04/02;8.49;8.57;8.15;8.23;1604589;54652796.00
2013/04/03;8.23;8.31;8.00;8.02;711728;23530800.00
2013/04/08;7.94;8.06;7.77;8.02;804299;26238354.00
2013/04/09;8.07;8.45;8.04;8.07;1233294;41332444.00
2013/04/10;8.07;8.31;8.02;8.31;979034;32796786.00
2013/04/11;8.31;8.54;8.10;8.34;1013695;34408140.00
2013/04/12;8.28;8.34;7.57;7.67;1607624;52002484.00
2013/04/15;7.62;7.79;7.55;7.66;646275;20196464.00
2013/04/16;7.56;7.81;7.48;7.78;714603;22506864.00
2013/04/17;7.80;7.87;7.71;7.81;559841;17860452.00
2013/04/18;7.77;7.89;7.72;7.86;570588;18270992.00
2013/04/19;7.98;8.22;7.87;8.06;1281393;42406008.00
2013/04/22;7.91;8.20;7.91;8.16;714172;23642312.00
2013/04/23;8.18;8.18;7.54;7.57;1576678;49997256.00
2013/04/24;7.64;7.64;7.35;7.59;1043738;32151696.00
2013/04/25;7.58;7.63;7.39;7.49;806688;24819694.00
2013/04/26;7.31;7.34;6.93;7.01;1415034;41153788.00
2013/05/02;6.93;7.17;6.83;7.06;495053;14413946.00
2013/05/03;7.22;7.56;7.22;7.31;1061667;32162374.00
2013/05/06;7.31;7.46;7.28;7.38;812892;24639212.00
2013/05/07;7.36;7.41;7.31;7.36;487700;14717830.00
2013/05/08;7.31;7.52;7.31;7.51;785043;24015224.00
2013/05/09;7.59;7.59;7.34;7.43;740925;22528102.00
2013/05/10;7.41;7.52;7.41;7.48;622962;19081802.00
2013/05/13;7.58;7.58;7.32;7.39;558496;16782068.00
2013/05/14;7.42;7.42;7.10;7.16;808153;23632672.00
2013/05/15;7.19;7.29;7.15;7.26;651812;19140478.00
2013/05/16;7.26;7.55;7.21;7.45;1357706;40796312.00
2013/05/17;7.54;7.76;7.53;7.71;1195192;37129876.00
2013/05/20;7.69;7.97;7.65;7.86;1255172;39952460.00
2013/05/21;7.85;7.89;7.72;7.79;1453959;45924652.00
2013/05/22;7.77;7.85;7.60;7.60;1559899;48856440.00
2013/05/23;7.60;7.64;7.45;7.46;1824702;55672052.00
2013/05/24;7.52;7.52;7.36;7.44;1480985;44622120.00
2013/05/27;7.47;7.86;7.45;7.86;2936311;91580912.00
2013/05/28;7.85;7.97;7.68;7.76;2654049;84100560.00
2013/05/29;7.77;7.82;7.39;7.49;4350516;132350600.00
2013/05/30;7.50;7.61;7.41;7.56;1551083;47185084.00
2013/05/31;7.62;7.64;7.53;7.55;1514635;46593836.00
2013/06/03;7.54;7.54;7.41;7.41;1354358;40933676.00
2013/06/04;7.39;7.47;7.19;7.46;2490361;74471920.00
2013/06/05;7.44;7.51;7.35;7.47;1319361;39860056.00
2013/06/06;7.47;7.64;7.39;7.47;1437709;43920436.00
2013/06/07;7.41;7.50;7.18;7.27;1342426;39766152.00
2013/06/13;7.14;7.14;6.63;6.72;1223057;33664580.00
2013/06/14;6.75;6.89;6.69;6.82;904199;24962272.00
2013/06/17;6.83;7.21;6.79;7.02;1410213;40443820.00
2013/06/18;7.03;7.15;6.97;7.07;807094;23207082.00
2013/06/19;7.02;7.29;6.96;7.29;1048223;30098658.00
2013/06/20;7.17;7.26;6.99;7.11;902743;26145712.00
2013/06/21;6.89;7.84;6.83;7.73;2663810;80541664.00
2013/06/24;7.77;7.98;7.47;7.70;3105013;97729584.00
2013/06/25;7.70;7.70;6.93;7.51;2215481;66366308.00
2013/06/26;7.45;7.81;7.30;7.80;1960242;60573300.00
2013/06/27;7.81;7.97;7.53;7.56;2278439;72089808.00
2013/06/28;7.40;7.70;7.01;7.26;2341903;69807608.00
2013/07/01;7.14;7.53;7.02;7.53;1162621;34522352.00
2013/07/02;7.53;7.66;7.34;7.66;1394440;42407128.00
2013/07/03;7.64;7.64;7.36;7.56;1306826;39778804.00
2013/07/04;7.49;7.72;7.40;7.62;1418588;43653752.00
2013/07/05;7.63;7.73;7.49;7.61;1121640;34747232.00
2013/07/08;7.41;7.52;7.14;7.19;1038174;30816508.00
2013/07/09;7.14;7.30;7.06;7.18;740125;21566166.00
2013/07/10;7.21;7.35;7.01;7.34;1330404;38983092.00
2013/07/11;7.38;7.61;7.28;7.56;1301863;39568072.00
2013/07/12;7.58;7.74;7.49;7.49;1321314;40825244.00
2013/07/15;7.56;7.76;7.51;7.76;1433463;44582560.00
2013/07/16;7.82;7.82;7.57;7.71;1173172;36430344.00
2013/07/17;7.64;7.75;7.56;7.59;956923;29681874.00
2013/07/18;7.47;7.58;7.40;7.43;883463;26779044.00
2013/07/19;7.39;7.55;7.16;7.19;1233663;36994320.00
2013/07/22;7.19;7.49;7.11;7.49;800526;23699322.00
2013/07/23;7.51;7.65;7.45;7.58;1282639;39243408.00
2013/07/24;7.57;7.59;7.39;7.53;1244293;37708240.00
2013/07/25;7.53;7.61;7.36;7.39;991632;29946262.00
2013/07/26;7.39;7.49;7.31;7.46;863569;25962066.00
2013/07/29;7.46;7.73;7.32;7.73;1922465;59390668.00
2013/07/30;7.73;8.39;7.57;8.13;3490640;113565368.00
2013/07/31;8.12;8.28;8.04;8.18;1507723;49814652.00
2013/08/01;8.41;8.46;8.07;8.28;2694461;90323216.00
2013/08/02;8.25;8.55;8.22;8.48;2334924;79525416.00
2013/08/05;8.48;8.50;8.24;8.43;2064017;69563208.00
2013/08/06;8.37;8.37;8.18;8.27;1423318;47654272.00
2013/08/07;8.21;8.41;8.19;8.33;1192699;40110492.00
2013/08/08;8.31;8.54;8.23;8.53;1609387;54983368.00
2013/08/09;8.55;8.84;8.51;8.69;1558582;54750180.00
2013/08/12;8.76;8.99;8.61;8.77;1641951;58467488.00
2013/08/13;9.12;9.27;8.81;8.87;3354759;122933208.00
2013/08/14;8.92;8.94;8.62;8.76;1828997;64533796.00
2013/08/15;8.78;8.87;8.66;8.69;1069283;37907640.00
2013/08/16;8.63;8.74;8.29;8.29;1525179;52653448.00
2013/08/19;8.21;8.63;8.21;8.61;874759;30183338.00
2013/08/20;8.62;8.94;8.61;8.88;1284694;45905644.00
2013/08/21;8.95;8.95;8.76;8.85;788154;28136726.00
2013/08/22;8.80;9.21;8.80;9.09;1413109;51731176.00
2013/08/23;9.12;9.32;8.84;9.16;1340559;49304152.00
2013/08/26;9.14;9.22;9.02;9.20;869180;32081832.00
2013/08/27;9.17;9.23;8.98;9.01;1008084;36884964.00
2013/08/28;8.94;9.13;8.88;9.05;1215525;44171420.00
2013/08/29;9.04;9.09;8.92;9.07;712143;25850654.00
2013/08/30;9.02;9.09;8.77;8.87;1083915;38861656.00
2013/09/02;8.84;9.18;8.75;9.13;907404;32975244.00
2013/09/03;9.13;9.47;9.09;9.32;1115865;41967752.00
2013/09/04;9.27;9.36;9.14;9.30;971200;36174804.00
2013/09/05;9.36;9.57;9.14;9.14;1511395;56894852.00
2013/09/06;9.04;9.19;8.79;9.07;1311347;47446472.00
2013/09/09;9.08;9.22;8.86;9.21;1132306;41357180.00
2013/09/10;9.14;9.26;8.97;8.99;1014813;37236868.00
2013/09/11;8.92;9.06;8.41;8.65;1333943;46699748.00
2013/09/12;8.49;8.81;8.25;8.33;2607859;44154796.00
2013/09/13;8.33;8.42;8.24;8.38;1379258;23090996.00
2013/09/16;8.38;8.56;8.33;8.45;1310595;22273468.00
2013/09/17;8.47;9.02;8.47;8.89;3417709;60675420.00
2013/09/18;8.81;9.02;8.63;8.87;1627335;28877518.00
2013/09/23;8.89;9.01;8.73;8.85;1578476;27943762.00
2013/09/24;8.86;8.87;8.60;8.61;1611046;28006140.00
2013/09/25;8.60;8.60;8.34;8.36;1835217;31137072.00
2013/09/26;8.33;8.54;8.25;8.26;1706049;28616324.00
2013/09/27;8.26;8.43;8.26;8.35;788523;13243060.00
2013/09/30;8.43;8.48;8.32;8.41;794438;13416355.00
2013/10/08;8.36;8.55;8.36;8.53;1075316;18299824.00
2013/10/09;8.60;8.65;8.52;8.58;1091110;18797776.00
2013/10/10;8.58;8.58;8.27;8.27;1375161;23140164.00
2013/10/11;8.34;8.56;8.34;8.52;1205561;20497952.00
2013/10/14;8.49;8.80;8.49;8.74;2118198;36941188.00
2013/10/15;8.76;8.78;8.59;8.69;1346778;23455956.00
2013/10/16;8.86;9.10;8.68;8.96;4114003;73495064.00
2013/10/17;9.12;9.55;9.12;9.18;4766912;88983608.00
2013/10/18;9.10;9.18;8.95;9.04;2209423;40165260.00
2013/10/21;9.05;9.15;8.99;9.13;2162618;39421296.00
2013/10/22;9.16;9.16;8.92;9.05;2112290;38159284.00
2013/10/23;9.05;9.13;8.81;8.81;1815960;32625848.00
2013/10/24;8.81;8.81;8.45;8.52;1680867;28871504.00
2013/10/25;8.53;8.55;8.36;8.38;1177047;19924074.00
2013/10/28;8.41;8.52;8.41;8.47;665870;11309398.00
2013/10/29;8.48;8.48;7.77;8.10;2067358;33877612.00
2013/10/30;8.08;8.29;7.69;8.18;1084493;17727632.00
2013/10/31;8.15;8.41;8.04;8.22;906944;15032939.00
2013/11/01;8.10;8.25;8.07;8.10;629342;10318493.00
2013/11/04;8.11;8.21;7.95;8.02;780489;12607052.00
2013/11/05;8.03;8.19;7.86;8.10;803495;12988109.00
2013/11/06;8.11;8.11;7.95;7.97;854000;13790997.00
2013/11/07;7.95;8.20;7.81;8.00;906734;14479420.00
2013/11/08;8.02;8.02;7.78;7.84;597384;9494528.00
2013/11/11;7.78;7.99;7.72;7.91;530905;8388818.00
2013/11/12;7.86;7.97;7.74;7.96;629006;9987263.00
2013/11/13;7.95;7.96;7.80;7.80;618723;9784824.00
2013/11/14;7.94;8.23;7.88;8.20;1750255;28608584.00
2013/11/15;8.10;8.32;8.10;8.22;1352007;22429610.00
2013/11/18;8.23;8.39;8.23;8.34;1257851;21026734.00
2013/11/19;8.36;8.60;8.36;8.55;1998250;34139572.00
2013/11/20;8.55;8.59;8.41;8.52;1201717;20503954.00
2013/11/21;8.42;8.61;8.42;8.45;1249228;21313752.00
2013/11/22;8.54;8.55;8.43;8.51;1063595;18136316.00
2013/11/25;8.47;8.59;8.44;8.51;1137751;19464974.00
2013/11/26;8.51;8.57;8.47;8.57;783355;13433945.00
2013/11/27;8.56;8.96;8.56;8.85;2407547;42711252.00
2013/11/28;8.83;8.94;8.72;8.85;1454330;25842308.00
2013/11/29;8.71;8.94;8.71;8.86;1403520;24896916.00
2013/12/02;8.68;8.71;8.34;8.46;2156919;36940736.00
2013/12/03;8.46;8.66;8.46;8.65;927641;16023146.00
2013/12/04;8.70;8.94;8.66;8.92;2844963;50731020.00
2013/12/05;8.96;9.20;8.85;8.89;3186752;57759428.00
2013/12/06;8.81;8.90;8.61;8.86;1837600;32218766.00
2013/12/09;8.91;9.01;8.82;9.00;1813009;32557582.00
2013/12/10;9.19;9.32;9.05;9.17;4180932;77196016.00
2013/12/11;9.16;9.16;8.86;8.91;1878113;33687828.00
2013/12/12;8.90;8.96;8.77;8.87;1180005;21007990.00
2013/12/13;8.74;9.13;8.74;9.01;1647678;29728690.00
2013/12/16;9.01;9.12;8.86;8.86;949805;17068134.00
2013/12/17;8.80;8.88;8.69;8.75;703572;12414976.00
2013/12/18;8.72;8.83;8.71;8.77;652444;11502095.00
2013/12/19;8.84;8.95;8.77;8.81;628834;11182055.00
2013/12/20;8.80;8.89;8.60;8.62;774063;13551896.00
2013/12/23;8.55;8.69;8.36;8.47;769447;13232912.00
2013/12/24;8.44;8.74;8.44;8.68;589451;10239628.00
2013/12/25;8.73;8.79;8.59;8.78;680386;11911333.00
2013/12/26;8.78;9.12;8.77;8.83;1914321;34485512.00
2013/12/27;8.83;9.04;8.75;8.97;1399489;25229792.00
2013/12/30;8.98;9.04;8.90;8.91;1018240;18314966.00
2013/12/31;8.91;9.07;8.81;9.07;1019969;18271078.00
2014/01/02;9.03;9.11;8.91;8.96;1173766;21145614.00
2014/01/03;8.97;8.97;8.70;8.80;1310510;23161976.00
2014/01/06;8.80;8.89;8.50;8.61;1239649;21559938.00
2014/01/07;8.65;8.66;8.48;8.52;848303;14575722.00
2014/01/08;8.54;8.67;8.50;8.67;1647850;28405172.00
2014/01/09;8.66;8.66;8.19;8.19;1604514;27247848.00
2014/01/10;8.13;8.37;8.13;8.30;1505103;24986846.00
2014/01/13;8.39;8.39;8.22;8.30;831820;13834192.00
2014/01/14;8.30;8.45;8.25;8.44;884716;14865401.00
2014/01/15;8.44;8.48;8.26;8.39;842394;14086919.00
2014/01/16;8.37;8.43;8.34;8.36;574751;9707723.00
2014/01/17;8.30;8.40;8.23;8.31;449663;7514545.00
2014/01/20;8.31;8.42;8.20;8.41;728793;12166604.00
2014/01/21;8.49;8.76;8.47;8.72;1741650;30299022.00
2014/01/22;8.74;8.85;8.67;8.80;1157904;20389752.00
2014/01/23;8.81;9.19;8.79;9.05;4015553;73105720.00
2014/01/24;8.97;9.11;8.95;9.05;1856468;33739736.00
2014/01/27;9.01;9.11;8.92;8.95;1747042;31663980.00
2014/01/28;8.94;8.96;8.76;8.90;1213853;21583564.00
2014/01/29;8.89;9.11;8.89;9.03;1480026;26902724.00
2014/01/30;8.90;9.29;8.55;9.15;1895183;34823272.00
2014/02/07;9.13;9.54;9.02;9.49;3026453;56834140.00
2014/02/12;9.98;10.08;9.23;9.30;6914762;132100008.00
2014/02/13;9.30;9.67;9.23;9.63;5391599;102945712.00
2014/02/14;9.58;9.66;9.46;9.66;3193553;61186716.00
2014/02/17;9.67;9.73;9.55;9.70;3379235;65345952.00
2014/02/18;9.65;9.67;9.39;9.45;3621592;68906256.00
2014/02/19;9.41;9.43;9.13;9.20;3388020;62948376.00
2014/02/20;9.18;9.25;8.98;9.12;2226474;40706316.00
2014/02/21;9.10;9.17;8.76;8.87;2584583;46554900.00
2014/02/24;8.87;8.96;8.75;8.95;2976329;52911032.00
2014/02/25;8.88;9.01;8.42;8.46;3766199;65911596.00
2014/02/26;8.46;8.52;8.24;8.39;3077139;51602200.00
2014/02/27;8.96;9.09;8.45;8.67;7715128;135841232.00
2014/02/28;8.51;8.69;8.39;8.61;3175450;54369732.00
2014/03/03;8.61;8.77;8.59;8.73;2412878;42127112.00
2014/03/04;8.74;8.76;8.55;8.69;1429468;24817680.00
2014/03/05;8.71;8.76;8.56;8.59;1835426;31979904.00
2014/03/06;8.56;8.66;8.51;8.54;1255400;21650262.00
2014/03/07;8.63;8.74;8.56;8.58;1504628;26135850.00
2014/03/10;8.58;8.60;8.33;8.35;1593002;27099754.00
2014/03/11;8.35;8.71;8.35;8.71;2015564;34729088.00
2014/03/12;8.68;8.74;8.44;8.61;1555303;26901700.00
2014/03/13;8.61;8.73;8.58;8.70;1516232;26408268.00
2014/03/14;8.66;8.91;8.61;8.91;2715262;48073408.00
2014/03/17;8.91;9.14;8.91;9.06;3815131;69356168.00
2014/03/18;9.04;9.10;8.89;8.89;2560585;46090456.00
2014/03/19;8.83;9.13;8.82;9.12;3006114;54263368.00
2014/03/20;9.09;9.16;8.77;8.79;2521672;45594564.00
2014/03/21;8.76;8.93;8.65;8.88;1657903;29223522.00
2014/03/24;8.88;9.10;8.81;8.97;1812372;32530988.00
2014/03/25;8.96;9.11;8.89;8.96;1714215;31009456.00
2014/03/26;8.93;9.00;8.86;8.92;1358559;24347800.00
2014/03/27;8.89;8.95;8.71;8.71;1299935;23010208.00
2014/03/28;8.66;8.84;8.53;8.54;1146917;19956896.00
2014/03/31;8.54;8.65;8.51;8.55;665087;11442952.00
2014/04/01;8.59;8.76;8.56;8.76;752770;13133593.00
2014/04/02;8.81;8.81;8.69;8.77;683477;11988893.00
2014/04/03;8.84;9.00;8.82;8.89;1455541;26057302.00
2014/04/04;8.89;9.04;8.84;8.98;1898863;34241588.00
2014/04/08;8.97;9.01;8.90;9.01;1531766;27612304.00
2014/04/09;9.04;9.04;8.89;9.00;1414812;25461614.00
2014/04/10;9.00;9.00;8.91;8.96;1307333;23496098.00
2014/04/11;8.95;8.95;8.79;8.84;1253519;22255418.00
2014/04/14;8.84;9.16;8.81;9.15;2899931;52773400.00
2014/04/15;9.21;9.21;9.00;9.04;2657008;48622480.00
2014/04/16;8.98;9.12;8.92;9.08;1338450;24255592.00
2014/04/17;9.08;9.12;9.01;9.10;1384161;25245834.00
2014/04/18;9.11;9.11;8.90;8.90;1923195;34532924.00
2014/04/21;8.81;8.81;8.46;8.46;3797081;65513472.00
2014/04/22;8.50;8.56;8.39;8.53;1583973;27011392.00
2014/04/23;8.53;8.53;8.47;8.49;760860;12985321.00
2014/04/24;8.50;8.54;8.47;8.49;614986;10501539.00
2014/04/25;8.48;8.55;8.47;8.47;961800;16451972.00
2014/04/28;8.46;8.47;7.87;7.87;1769415;29022564.00
2014/04/29;7.90;8.06;7.89;8.01;711542;11449829.00
2014/04/30;7.99;8.09;7.99;8.07;425159;6875949.00
2014/05/05;8.11;8.29;8.11;8.27;722572;11959234.00
2014/05/06;8.30;8.48;8.28;8.41;883080;14932199.00
2014/05/07;8.37;8.45;8.29;8.29;706625;11903024.00
2014/05/08;8.25;8.44;8.24;8.31;545205;9166269.00
2014/05/09;8.45;8.45;8.25;8.33;320205;5355942.00
2014/05/12;8.46;8.50;8.37;8.47;641357;10887029.00
2014/05/13;8.48;8.54;8.43;8.44;479117;8162331.50
2014/05/14;8.44;8.55;8.44;8.52;470335;8034118.00
2014/05/15;8.52;8.56;8.34;8.36;518319;8804202.00
2014/05/16;8.36;8.48;8.34;8.48;613312;10384393.00
2014/05/19;8.55;8.55;8.37;8.41;462699;7828623.50
2014/05/20;8.43;8.68;8.27;8.32;1238308;10462565.00
2014/05/21;8.33;8.55;8.17;8.49;1608910;13615914.00
2014/05/22;8.77;9.01;8.50;8.52;4391218;38628952.00
2014/05/23;8.41;8.43;8.21;8.42;2584989;21722888.00
2014/05/26;8.45;8.51;8.35;8.41;1533086;12998999.00
2014/05/27;8.42;8.42;8.32;8.37;897424;7575085.50
2014/05/28;8.37;8.42;8.32;8.39;1203117;10182757.00
2014/05/29;8.36;8.42;8.24;8.25;1431996;12027930.00
2014/05/30;8.25;8.31;8.19;8.24;911548;7583449.50
2014/06/03;8.28;8.34;8.25;8.26;972181;8146190.50
2014/06/04;8.27;8.33;8.15;8.18;1066318;8847299.00
2014/06/05;8.19;8.28;8.12;8.28;1546468;12820473.00
2014/06/06;8.27;8.29;8.11;8.15;2445862;20147700.00
2014/06/09;8.12;8.14;7.90;7.94;2780478;22384482.00
2014/06/10;7.94;7.98;7.86;7.98;1260481;10087523.00
2014/06/11;7.99;8.09;7.99;8.06;1387301;11284069.00
2014/06/12;8.07;8.10;7.98;8.00;1117122;9043776.00
2014/06/13;8.02;8.07;7.98;8.02;2311827;18737258.00
2014/06/16;8.32;8.52;8.19;8.21;6633683;55673652.00
2014/06/17;8.17;8.18;8.05;8.06;2538008;20765482.00
2014/06/18;8.02;8.10;7.96;7.99;2173299;17568752.00
2014/06/19;7.96;8.00;7.73;7.82;1802750;14341401.00
2014/06/20;7.82;7.90;7.78;7.83;871970;6901622.50
2014/06/23;7.80;7.99;7.80;7.85;1166192;9282904.00
2014/06/24;7.81;7.89;7.78;7.80;1499099;11832542.00
2014/06/25;7.77;7.83;7.74;7.76;1259765;9893170.00
2014/06/26;7.80;7.87;7.80;7.85;1608928;12743956.00
2014/06/27;7.83;7.90;7.78;7.88;2084411;16518979.00
2014/06/30;7.88;7.93;7.83;7.93;1910866;15213549.00
2014/07/01;7.92;7.97;7.83;7.87;3438579;27312810.00
2014/07/02;7.89;7.95;7.85;7.95;2780353;22209608.00
2014/07/03;7.97;7.97;7.86;7.93;2541064;20297646.00
2014/07/04;7.92;7.96;7.89;7.94;1695777;13566632.00
2014/07/07;7.94;8.16;7.92;8.10;4217979;34217816.00
2014/07/08;8.09;8.15;8.03;8.06;2164904;17663742.00
2014/07/09;8.10;8.10;7.90;7.90;2467252;19889838.00
2014/07/10;7.85;7.99;7.83;7.91;1491641;11941601.00
2014/07/11;7.92;8.02;7.92;7.99;1679375;13514933.00
2014/07/14;8.01;8.08;7.94;8.07;2232865;18075924.00
2014/07/15;8.07;8.09;8.01;8.09;1758930;14310043.00
2014/07/16;8.08;8.10;7.90;7.96;3117748;25097314.00
2014/07/17;7.94;7.94;7.85;7.94;1290864;10305790.00
2014/07/18;7.93;8.07;7.87;7.99;1708814;13804131.00
2014/07/21;8.01;8.03;7.95;7.99;1186336;9561430.00
2014/07/22;7.97;8.04;7.93;8.01;1929898;15577531.00
2014/07/23;8.02;8.02;7.87;7.87;2530539;20269972.00
2014/07/24;7.88;7.92;7.81;7.85;2011077;15964443.00
2014/07/25;7.87;7.90;7.84;7.89;1747991;13902780.00
2014/07/28;7.90;8.02;7.90;8.01;3102720;24985100.00
2014/07/29;8.02;8.11;7.98;8.11;6201294;50363736.00
2014/07/30;8.12;8.14;8.05;8.09;4051016;33089194.00
2014/07/31;8.08;8.20;8.05;8.17;4668265;38292832.00
2014/08/01;8.13;8.29;8.13;8.22;5611346;46490068.00
2014/08/04;8.26;8.95;8.26;8.73;20005563;173275792.00
2014/08/05;8.77;9.06;8.74;8.85;13207971;118244808.00
2014/08/06;8.87;8.87;8.59;8.76;7143912;62746736.00
2014/08/07;8.72;8.77;8.57;8.59;5182037;45344840.00
2014/08/08;8.59;8.66;8.52;8.58;4141255;35847304.00
2014/08/11;8.59;8.72;8.55;8.70;4889081;42579564.00
2014/08/12;8.71;8.78;8.60;8.73;4777064;41829088.00
2014/08/13;8.75;8.79;8.64;8.74;4441190;39022348.00
2014/08/14;8.74;8.91;8.71;8.74;5959634;53011416.00
2014/08/15;8.73;8.83;8.70;8.80;4406599;38998760.00
2014/08/18;8.84;8.96;8.77;8.93;6776307;60601800.00
2014/08/19;8.93;9.36;8.93;9.34;14499619;134241568.00
2014/08/20;9.40;9.40;9.15;9.18;9185430;85657312.00
2014/08/21;9.22;9.24;8.91;9.06;7542049;68684480.00
2014/08/22;9.07;9.12;8.99;9.07;4705584;42943456.00
2014/08/25;9.10;9.12;8.92;8.92;4573028;41468040.00
2014/08/26;8.97;9.09;8.82;8.94;5443731;49312600.00
2014/08/27;8.92;8.97;8.84;8.95;3336701;29979530.00
2014/08/28;8.95;9.32;8.88;9.14;10026907;92712248.00
2014/08/29;9.11;9.17;9.02;9.16;4200209;38602392.00
2014/09/01;9.16;9.37;9.16;9.27;5961002;55921460.00
2014/09/02;9.31;9.32;9.16;9.30;6934060;64680760.00
2014/09/03;9.31;9.55;9.22;9.54;11475885;108550216.00
2014/09/04;9.55;9.88;9.35;9.62;13377927;129931768.00
2014/09/05;9.59;9.73;9.44;9.53;10191725;97919200.00
2014/09/09;9.52;9.61;9.34;9.57;8130096;77833696.00
2014/09/10;9.53;9.98;9.45;9.86;13413440;131802528.00
2014/09/11;9.83;10.06;9.58;9.76;16999529;168522208.00
2014/09/12;9.75;9.80;9.58;9.79;6866037;67111184.00
2014/09/15;9.78;9.98;9.74;9.89;8439032;84234208.00
2014/09/16;9.91;9.98;9.42;9.44;11635662;114058016.00
2014/09/17;9.48;9.59;9.32;9.59;7127693;67907808.00
2014/09/18;9.59;9.66;9.45;9.61;4410572;42491520.00
2014/09/19;9.59;9.69;9.50;9.61;3930135;37988552.00
2014/09/22;9.60;9.60;9.26;9.28;5820495;55092520.00
2014/09/23;9.28;9.47;9.25;9.46;4614139;43636312.00
2014/09/24;9.43;9.60;9.38;9.57;5159260;49493700.00
2014/09/25;9.58;9.74;9.53;9.62;7915883;76717392.00
2014/09/26;9.62;9.78;9.55;9.72;6854789;66799424.00
2014/09/29;9.72;9.87;9.63;9.87;14223716;140088096.00
2014/09/30;9.89;10.02;9.84;10.02;11421534;114474416.00
2014/10/08;10.12;10.99;10.03;10.74;24311448;257465376.00
2014/10/09;10.65;11.37;10.43;11.17;22692630;246893584.00
2014/10/10;11.05;11.35;10.89;11.03;14214861;158981760.00
2014/10/13;11.05;11.31;10.94;11.28;12132815;136581872.00
2014/10/14;11.27;11.34;10.95;10.96;8188267;91542472.00
2014/10/15;11.00;11.22;10.73;11.00;8491791;93857104.00
2014/10/16;10.90;11.03;10.68;10.70;6820499;74561008.00
2014/10/17;10.67;10.81;10.20;10.38;7224218;76180048.00
2014/10/20;10.43;10.80;10.43;10.56;5292299;56633784.00
2014/10/21;10.66;10.77;10.52;10.59;4672836;50060332.00
2014/10/22;10.50;10.67;10.35;10.37;4810151;50894824.00
2014/10/23;10.33;10.49;9.97;10.07;6192885;63760660.00
2014/10/24;10.05;10.15;9.73;9.76;8219549;82391104.00
2014/10/27;9.67;9.89;9.67;9.84;5468749;53964524.00
2014/10/28;9.88;10.32;9.85;10.26;7094028;72200640.00
2014/10/29;10.30;10.38;10.18;10.33;6602342;68512552.00
2014/10/30;10.37;10.40;10.23;10.28;5196292;54029596.00
2014/10/31;10.28;10.29;9.93;10.08;6644567;67335176.00
2014/11/03;10.12;10.27;10.12;10.22;4946838;50905012.00
2014/11/04;10.24;10.46;10.14;10.43;6743948;70203088.00
2014/11/05;10.45;10.84;10.44;10.78;13915303;150368288.00
2014/11/06;10.84;10.89;10.53;10.72;6374658;68472352.00
2014/11/07;10.72;10.77;10.30;10.32;8367366;88704832.00
2014/11/10;10.31;10.48;10.21;10.33;4261636;44395476.00
2014/11/11;10.33;10.37;9.83;9.92;7421743;75046896.00
2014/11/12;9.90;10.08;9.84;10.08;3882061;38995500.00
2014/11/13;10.05;10.11;9.57;9.68;7386532;72561552.00
2014/11/14;9.62;9.71;9.57;9.60;2979335;28921484.00
2014/11/17;9.60;9.90;9.57;9.80;3156967;31136366.00
2014/11/18;9.80;9.98;9.80;9.90;2671279;26672886.00
2014/11/19;9.99;10.30;9.94;10.13;6214310;63589140.00
2014/11/20;10.02;10.07;9.87;10.06;3183667;32062966.00
2014/11/21;10.08;10.26;10.07;10.10;3469549;35413100.00
2014/11/24;10.20;10.28;10.08;10.10;5220238;53313924.00
2014/11/25;10.10;10.46;10.05;10.44;8342703;86307160.00
2014/11/26;10.58;10.70;10.43;10.49;10799039;114977296.00
2014/11/27;10.51;10.57;10.25;10.40;8119352;85197720.00
2014/11/28;10.68;11.29;10.64;10.75;18491435;202372592.00
2014/12/01;10.90;10.99;10.43;10.49;8832315;94574264.00
2014/12/02;10.49;10.83;10.44;10.79;9340412;100813992.00
2014/12/03;10.79;10.79;10.57;10.75;8284226;89135360.00
2014/12/04;10.73;10.84;10.66;10.73;9263395;100180320.00
2014/12/05;10.73;10.73;10.00;10.32;9762111;101778360.00
2014/12/08;10.12;10.44;10.07;10.29;6373167;65868776.00
2014/12/09;10.26;10.27;9.78;9.78;8515520;86241816.00
2014/12/10;9.78;10.27;9.74;10.17;5253629;53310020.00
2014/12/11;10.17;10.44;10.12;10.36;5838473;60520108.00
2014/12/12;10.42;10.50;10.33;10.45;5133239;53890872.00
2014/12/15;10.50;10.68;10.33;10.68;6884919;73184800.00
2014/12/16;10.68;10.72;10.47;10.52;5947100;63137668.00
2014/12/17;10.52;10.52;10.10;10.18;5984159;61597512.00
2014/12/18;10.27;10.28;10.11;10.11;3062247;31411356.00
2014/12/19;10.12;10.37;10.07;10.26;5918767;61042608.00
2014/12/22;10.28;10.31;9.82;10.00;5147599;51598032.00
2014/12/23;10.01;10.06;9.78;9.79;2773846;27728638.00
2014/12/24;9.82;10.21;9.82;10.13;3232060;32583108.00
2014/12/25;10.14;10.22;9.97;10.05;2726345;27625410.00
2014/12/26;10.05;10.05;9.82;9.93;3575296;35730772.00
2014/12/29;9.92;9.92;9.60;9.69;4868172;47566916.00
2014/12/30;9.67;9.85;9.61;9.72;2536111;24829942.00
2014/12/31;9.72;9.72;9.44;9.67;2928673;28356020.00
2015/01/05;9.64;9.69;9.57;9.67;4046780;39332468.00
2015/01/06;9.65;9.89;9.48;9.87;5411845;52890440.00
2015/01/07;9.91;9.91;9.60;9.77;3894899;38230152.00
2015/01/08;9.76;10.02;9.59;9.82;4265132;42175948.00
2015/01/09;9.74;9.87;9.72;9.72;2582511;25490646.00
2015/01/12;9.63;9.71;9.47;9.49;2459037;23751858.00
2015/01/13;9.47;9.61;9.43;9.59;2249360;21559190.00
2015/01/14;9.59;9.65;9.45;9.55;1892897;18205166.00
2015/01/15;9.55;9.59;9.49;9.57;1854560;17887224.00
2015/01/16;9.58;9.78;9.55;9.78;3035324;29685078.00
2015/01/19;9.62;9.96;9.53;9.75;4440423;43844276.00
2015/01/20;9.77;10.00;9.77;10.00;4733558;47422252.00
2015/01/21;10.07;10.16;9.99;10.12;5002917;50833336.00
2015/01/22;10.14;10.17;9.96;10.10;4831258;49063636.00
2015/01/23;10.16;10.20;10.01;10.09;3701152;37521604.00
2015/01/26;10.11;10.79;10.03;10.64;14040890;148552864.00
2015/01/27;10.52;10.79;10.49;10.74;13203266;141872864.00
2015/01/28;10.72;10.72;10.39;10.53;9995459;105777304.00
2015/01/29;10.49;10.78;10.29;10.76;11698934;125653456.00
2015/01/30;10.69;10.99;10.53;10.83;27791381;302940224.00
2015/02/02;10.67;10.67;10.47;10.60;7932120;84326240.00
2015/02/03;10.53;10.74;10.53;10.65;5431175;58193480.00
2015/02/04;10.66;10.69;10.32;10.33;6727710;71238792.00
2015/02/05;10.46;10.55;10.25;10.35;5795592;60519824.00
2015/02/06;10.27;10.45;10.18;10.20;4516525;47005764.00
2015/02/09;10.21;10.26;10.06;10.06;4461790;45609324.00
2015/02/10;10.03;10.15;10.03;10.12;2870009;29162028.00
2015/02/11;10.12;10.31;10.12;10.29;3377592;34833572.00
2015/02/12;10.28;10.34;10.21;10.30;2814682;29179362.00
2015/02/13;10.32;10.57;10.32;10.57;5249717;55435452.00
2015/02/16;10.57;10.89;10.54;10.86;10814039;117712928.00
2015/02/17;10.85;11.27;10.73;11.12;14119763;156771424.00
2015/02/25;11.20;11.39;11.03;11.28;11936147;134690704.00
2015/02/26;11.30;11.40;11.03;11.28;11945641;134658512.00
2015/02/27;11.26;11.26;11.00;11.15;8744957;97881408.00
2015/03/02;11.22;12.13;11.17;11.83;19182569;222889344.00
2015/03/03;11.84;12.29;11.72;12.06;23573361;284820224.00
2015/03/04;12.02;12.63;11.72;12.32;21103542;260309088.00
2015/03/05;12.52;12.57;11.93;12.24;14212583;174560528.00
2015/03/06;12.23;12.52;12.10;12.37;12462201;154335984.00
2015/03/09;12.16;13.43;12.02;13.08;16612106;213643008.00
2015/03/10;13.07;13.68;12.94;13.16;11734334;157438864.00
2015/03/11;12.96;13.42;12.83;13.14;8437677;111240184.00
2015/03/12;12.97;13.26;12.38;12.73;9437211;121991704.00
2015/03/13;12.72;13.03;12.42;12.52;10396333;132427240.00
2015/03/16;12.54;13.48;12.54;13.41;19051414;251923376.00
2015/03/17;13.40;14.07;13.14;13.32;18427010;249658976.00
2015/03/18;13.31;13.59;13.24;13.41;11865951;159888416.00
2015/03/19;13.41;13.86;13.37;13.83;13406015;183304208.00
2015/03/20;14.03;14.20;13.57;13.87;12357276;171572784.00
2015/03/23;13.92;14.37;13.73;14.28;14519322;205342384.00
2015/03/24;14.28;14.58;13.76;14.30;15867612;226337216.00
2015/03/25;14.35;14.35;13.90;14.19;10640114;150404880.00
2015/03/26;14.17;14.19;13.62;13.82;9219852;129076232.00
2015/03/27;13.77;14.09;13.77;14.07;6445116;90597400.00
2015/03/30;14.08;14.34;13.95;14.22;10441513;148385744.00
2015/03/31;14.30;14.35;13.82;13.89;8793887;124016744.00
2015/04/01;13.94;14.11;13.86;14.02;8202926;115449528.00
2015/04/02;14.07;15.37;14.05;14.91;13130039;195292096.00
2015/04/03;14.90;16.36;14.62;16.16;17457085;272071776.00
2015/04/07;16.02;17.32;16.02;16.62;20757164;350635328.00
2015/04/08;16.62;16.91;15.92;16.57;11707660;193572752.00
2015/04/09;16.53;16.62;15.66;15.93;11588843;186017840.00
2015/04/10;15.72;16.72;15.52;16.43;8106611;131984976.00
2015/04/13;16.47;17.48;16.20;17.12;11042549;186434960.00
2015/04/14;17.42;17.61;15.82;16.25;20499753;345481280.00
2015/04/15;15.95;15.95;14.90;15.07;13097910;202903632.00
2015/04/16;14.92;15.41;14.42;15.30;7868719;119490400.00
2015/04/17;15.42;15.73;15.13;15.28;9123005;140636608.00
2015/05/05;13.92;15.41;13.92;14.37;16326633;238719552.00
2015/05/06;14.31;14.62;13.32;13.53;11464036;162602288.00
2015/05/07;13.68;13.69;12.70;12.72;10543606;139278576.00
2015/05/08;12.94;13.42;12.80;13.18;10508456;138066640.00
2015/05/11;13.27;13.90;13.22;13.90;15223966;207030464.00
2015/05/12;13.90;13.90;13.48;13.68;17261797;236741824.00
2015/05/13;13.69;13.69;13.37;13.67;17106591;232107056.00
2015/05/14;13.57;14.14;13.34;14.02;22345973;308881056.00
2015/05/15;13.92;13.92;13.44;13.59;17728578;242844592.00
2015/05/18;13.60;14.44;13.45;14.35;19706480;279223232.00
2015/05/19;14.37;15.78;14.23;15.39;23348559;350270144.00
2015/05/20;15.47;15.92;14.98;15.15;18649509;292160672.00
2015/05/21;15.12;16.42;14.99;16.18;17995324;282977568.00
2015/05/22;16.18;16.44;15.50;15.99;16737103;268802240.00
2015/05/25;15.82;16.41;15.47;16.10;16285375;261378160.00
2015/05/26;16.18;16.89;16.08;16.45;17462682;288792096.00
2015/05/27;16.45;17.32;16.45;17.18;20695090;352025696.00
2015/05/28;17.27;17.31;15.45;15.45;21239514;351390944.00
2015/05/29;15.22;15.65;14.42;14.90;19439369;293031616.00
2015/06/01;14.87;15.69;14.83;15.59;19338202;298138720.00
2015/06/02;15.82;16.70;15.50;16.66;24262583;392726944.00
2015/06/03;16.84;18.33;16.84;18.33;39317301;704727232.00
2015/06/04;19.20;20.12;16.78;20.11;48768092;948986048.00
2015/06/05;20.34;22.07;19.37;21.98;40757730;846164672.00
2015/06/08;21.79;21.79;19.99;20.24;26256507;543636800.00
2015/06/09;19.94;20.99;18.99;20.68;22120799;440391008.00
2015/06/10;20.19;21.70;19.87;21.37;24619743;518554592.00
2015/06/11;21.51;23.45;21.37;23.23;23873075;533633024.00
2015/06/12;22.99;25.23;22.54;23.29;25802724;617249984.00
2015/06/15;23.19;24.08;21.79;22.08;30277175;687952576.00
2015/06/16;22.02;24.05;21.02;23.88;31457957;730764096.00
2015/10/19;21.49;21.49;21.49;21.49;266500;5729750.00
2015/10/20;19.34;19.34;19.34;19.34;857000;16582950.00
2015/10/21;17.41;18.34;17.41;17.41;90155187;1590429056.00
2015/10/22;15.98;17.19;15.67;16.89;58387524;951686464.00
2015/10/23;16.50;17.26;16.26;17.06;41487833;701710080.00
2015/10/26;17.24;17.24;16.40;16.99;26069106;437376672.00
2015/10/27;16.99;17.21;16.43;16.70;25164080;423938592.00
2015/10/28;16.67;17.19;15.88;16.04;22149704;363602176.00
2015/10/29;16.19;16.32;15.69;15.90;15564641;247471808.00
2015/10/30;15.88;16.20;15.73;16.00;14338535;230166320.00
2015/11/02;16.32;16.32;15.09;15.66;20469394;324998240.00
2015/11/03;15.74;15.86;14.91;15.03;18761455;285240512.00
2015/11/04;15.05;15.49;14.79;15.48;22419108;340592576.00
2015/11/05;15.34;15.57;14.89;14.99;22862297;347219424.00
2015/11/06;15.00;15.62;15.00;15.54;20280300;313409184.00
2015/11/09;15.34;15.75;15.00;15.56;17771313;273810496.00
2015/11/10;15.46;15.97;15.35;15.72;16323109;256954688.00
2015/11/11;15.82;16.74;15.82;16.62;25835185;424392992.00
2015/11/12;16.68;16.99;16.24;16.39;18256716;301803968.00
2015/11/13;16.39;17.47;16.17;17.01;31781346;535247744.00
2015/11/16;16.68;17.49;16.55;17.43;24633265;425362880.00
2015/11/17;17.45;17.65;16.69;16.72;22820318;391359360.00
2015/11/18;16.64;17.19;16.59;16.71;17600978;298511296.00
2015/11/19;16.54;16.71;16.10;16.58;13832330;227384688.00
2015/11/20;16.58;17.28;16.55;17.21;18785762;320494752.00
2015/11/23;17.20;18.93;17.19;18.93;39680877;735972928.00
2015/11/24;19.01;19.69;18.51;19.22;24616031;471692640.00
2015/11/25;19.25;21.06;18.70;20.41;25022371;499817920.00
2015/11/26;20.09;20.76;19.19;19.52;23648129;472185376.00
2015/11/27;19.85;19.97;18.54;18.77;18503386;357439072.00
2015/11/30;18.75;18.94;16.90;18.11;21017785;375286624.00
2015/12/01;18.09;18.49;17.60;17.97;11341471;204579104.00
2015/12/02;18.01;18.38;17.19;18.02;9124962;163527520.00
2015/12/03;18.24;19.44;18.07;19.31;13837032;260709200.00
2015/12/04;19.27;19.59;18.53;18.59;11951267;226961024.00
2015/12/07;18.45;19.29;18.45;18.83;8645310;163547616.00
2015/12/08;18.78;18.79;18.03;18.19;10749766;196568656.00
2015/12/09;17.99;18.14;17.27;17.47;10308160;181192064.00
2015/12/10;17.54;17.69;16.59;17.14;14481055;245777200.00
2015/12/11;17.23;18.14;16.77;18.00;16532807;292881536.00
2015/12/14;17.87;18.85;17.79;18.08;15776124;287400384.00
2015/12/15;18.08;18.19;17.81;18.06;9236949;166222832.00
2015/12/16;18.11;18.18;17.79;17.81;10367287;186519520.00
2015/12/25;18.59;19.29;17.69;18.12;21710511;399780512.00
2015/12/28;18.14;18.59;17.49;17.49;12537427;225913488.00
2015/12/29;17.47;17.48;16.69;16.90;12796064;216368976.00
2015/12/30;17.15;17.45;16.87;17.41;11266172;194176016.00
2015/12/31;17.41;17.94;17.27;17.33;9400146;165037440.00
2016/01/04;17.47;17.54;15.60;15.60;7609248;124926656.00
2016/01/05;14.59;15.57;14.04;15.14;15664464;229642464.00
2016/01/06;15.14;15.25;14.75;15.24;7641907;114661704.00
2016/01/07;14.97;14.97;13.72;13.72;2122800;30063318.00
2016/01/08;14.08;14.17;12.48;13.34;11991876;163427056.00
2016/01/11;13.00;14.00;12.02;12.25;9571139;125279704.00
2016/01/12;12.28;12.59;11.65;12.07;11055931;133771584.00
2016/01/13;12.18;12.27;11.22;11.22;8416575;99360248.00
2016/01/14;10.85;12.17;10.74;12.03;13003455;151400464.00
2016/01/15;11.87;12.35;11.63;11.74;11021678;132164696.00
2016/01/18;11.29;12.21;11.19;12.01;6352501;75834728.00
2016/01/19;12.01;12.63;11.85;12.54;8257217;101781488.00
2016/01/20;12.45;12.79;11.99;12.03;9627685;118823984.00
2016/01/21;11.79;12.26;11.57;11.57;6298148;75362840.00
2016/01/22;11.73;11.92;11.39;11.70;5009080;58656340.00
2016/01/25;11.89;12.10;11.75;11.85;4349148;51869024.00
2016/01/26;11.82;12.14;10.66;10.66;8219275;93544904.00
2016/01/27;10.89;10.93;9.59;10.11;8960608;91393688.00
2016/01/28;10.08;10.12;9.19;9.22;6050856;58859256.00
2016/01/29;9.24;9.94;9.08;9.84;8270880;79266680.00
2016/02/01;9.77;9.98;9.59;9.79;5898638;57662136.00
2016/02/02;9.77;10.34;9.70;10.19;5272401;53362844.00
2016/02/03;10.19;10.19;9.83;9.99;7019617;69993168.00
2016/02/04;9.98;10.46;9.90;10.33;8096201;83234424.00
2016/02/05;10.34;10.82;10.29;10.31;8241049;86868928.00
2016/02/15;10.00;10.11;9.80;10.01;5484453;54733064.00
2016/02/16;10.04;10.83;10.04;10.49;8685276;90380728.00
2016/02/17;10.76;11.54;10.64;11.54;13333267;149882528.00
2016/02/18;11.98;12.46;11.71;11.95;25746505;311146560.00
2016/02/19;11.74;12.77;11.74;12.33;18531030;227769872.00
2016/02/22;12.49;12.63;12.21;12.40;11635468;144773616.00
2016/02/23;12.35;12.64;12.15;12.64;12511471;155464896.00
2016/02/24;12.39;13.87;12.39;12.72;21018088;277099456.00
2016/02/25;12.69;13.14;11.45;11.49;18718619;231549264.00
2016/02/26;11.54;12.54;11.54;12.54;17163326;206947360.00
2016/02/29;12.09;12.25;11.29;11.78;11950651;139976656.00
2016/03/01;11.79;12.77;11.62;12.70;12060225;147592272.00
2016/03/02;12.69;13.65;12.49;13.54;14258314;190308848.00
2016/03/03;13.59;13.85;13.21;13.31;14136264;190563984.00
2016/03/04;13.33;13.64;12.19;12.44;10124502;130767104.00
2016/03/07;12.88;13.14;12.23;12.57;8018344;101752440.00
2016/03/08;12.39;12.94;11.99;12.80;8927646;110841064.00
2016/03/09;12.38;12.81;12.26;12.43;5696809;71572936.00
2016/03/10;12.38;12.84;12.25;12.35;6981248;87489976.00
2016/03/11;12.01;12.47;12.00;12.19;3648388;44531776.00
2016/03/14;12.39;13.17;12.19;12.91;9840331;126062536.00
2016/03/15;12.84;12.93;12.61;12.77;4156586;53146268.00
2016/03/16;12.87;12.99;12.20;12.29;6742105;83935272.00
2016/03/17;12.32;12.74;12.20;12.53;8153626;102224328.00
2016/03/18;12.57;13.29;12.51;13.22;11009422;143299856.00
2016/03/21;13.29;13.71;13.22;13.65;12491053;168637680.00
2016/03/22;13.49;14.13;13.35;13.52;11001538;151088736.00
2016/03/23;13.55;14.25;13.46;14.14;10651203;147435680.00
2016/03/24;14.00;14.27;13.71;13.75;8938344;124443352.00
2016/03/25;13.61;13.89;13.27;13.48;7012315;94625792.00
2016/03/28;13.65;13.79;13.08;13.14;6682426;89959512.00
2016/03/29;13.02;13.34;12.92;13.09;5080923;66553860.00
2016/03/30;13.21;13.50;13.16;13.50;7253004;96895464.00
2016/03/31;13.59;13.59;13.24;13.24;7679559;102903152.00
2016/04/01;13.15;13.22;12.94;13.10;4273523;55678980.00
2016/04/05;13.14;13.42;13.01;13.31;5970851;79286312.00
2016/04/06;13.54;13.69;13.25;13.34;8590222;115863744.00
2016/04/07;13.20;13.54;13.15;13.47;10899234;145336720.00
2016/04/08;13.37;14.19;13.18;14.00;17155140;237658656.00
2016/04/11;14.15;14.94;14.14;14.71;14880749;218963200.00
2016/04/12;14.78;14.86;14.32;14.47;7363119;106743120.00
2016/04/13;14.47;14.92;14.39;14.44;9478853;138985792.00
2016/04/14;14.59;14.69;14.07;14.43;8415220;120434128.00
2016/04/15;14.47;14.59;14.14;14.30;5205975;74488112.00
2016/04/18;14.28;14.28;13.76;13.94;5363492;74676680.00
2016/04/19;14.06;14.13;13.85;13.94;4853660;67805480.00
2016/04/20;14.03;14.53;13.20;13.63;13959110;194661792.00
2016/04/21;13.39;13.71;13.09;13.11;5610544;75725768.00
2016/04/22;13.15;13.28;12.86;13.17;4613811;60587664.00
2016/04/25;13.24;13.35;12.63;12.92;6354595;82359960.00
2016/04/26;12.70;13.39;12.70;13.38;6954152;90290352.00
2016/04/27;13.32;13.85;12.99;13.49;9597047;129271696.00
2016/04/28;13.48;13.55;12.88;13.05;7694163;101071400.00
2016/04/29;13.05;13.16;12.79;12.91;5441603;70533904.00
2016/05/03;12.85;13.31;12.79;13.28;7153988;94317920.00
2016/05/04;13.40;13.56;13.15;13.23;6910352;92301984.00
2016/05/05;13.11;13.28;12.98;13.23;6103158;79947088.00
2016/05/06;13.28;13.34;12.53;12.57;8277869;106907584.00
2016/05/09;12.27;12.49;11.31;11.32;10015629;118313728.00
2016/05/10;11.32;11.49;11.07;11.13;5687612;63947652.00
2016/05/11;11.24;11.37;11.09;11.10;6297600;70819944.00
2016/05/12;10.98;10.99;10.50;10.80;8204998;88017584.00
2016/05/13;10.94;10.99;10.70;10.86;4931529;53741500.00
2016/05/16;10.77;11.14;10.70;11.11;4586920;50193900.00
2016/05/17;11.15;11.60;11.01;11.40;6638324;75149288.00
2016/05/18;11.38;11.45;10.75;10.84;4734298;52335100.00
2016/05/19;10.85;11.09;10.52;10.74;8140127;88018016.00
2016/05/20;10.56;10.92;10.40;10.82;4299799;46034892.00
2016/05/23;10.95;10.96;10.78;10.92;5054691;54981872.00
2016/05/24;10.94;10.94;10.55;10.65;4830952;51521872.00
2016/05/25;10.77;11.70;10.77;11.10;14117111;159133648.00
2016/05/26;10.95;11.39;10.82;11.35;11464111;127683208.00
2016/05/27;11.37;11.45;11.16;11.26;9166505;103713224.00
2016/05/30;11.40;11.44;11.13;11.32;6640671;75104432.00
2016/05/31;11.30;11.90;11.28;11.80;9796782;114339552.00
2016/06/01;11.89;12.15;11.71;11.80;7779845;92638240.00
2016/06/02;11.95;12.23;11.88;12.12;9450719;113882136.00
2016/06/03;12.16;12.24;11.96;12.04;7176867;86512416.00
2016/06/06;12.10;12.14;11.91;11.97;6292608;75580784.00
2016/06/07;11.93;12.02;11.78;11.83;5396491;64037588.00
2016/06/08;11.83;11.92;11.70;11.83;5380631;63519924.00
2016/06/13;11.77;12.28;11.51;11.67;9179988;109471752.00
2016/06/14;11.59;11.77;11.43;11.66;4435952;51504644.00
2016/06/15;11.51;12.29;11.47;12.15;10591434;127719408.00
2016/06/16;12.11;12.55;12.05;12.55;12775204;158618000.00
2016/06/17;12.55;12.96;12.29;12.38;9200761;116230408.00
2016/06/20;12.38;12.78;12.20;12.73;5697217;70878568.00
2016/06/21;12.76;13.17;12.54;12.67;9148963;117597416.00
2016/06/22;12.57;12.98;12.44;12.82;5534501;70055304.00
2016/06/23;12.77;12.85;12.53;12.77;8629216;109484224.00
2016/06/24;12.63;12.72;11.68;12.10;10811007;133566752.00
2016/06/27;12.11;12.56;12.05;12.50;7109140;87846992.00
2016/06/28;12.38;12.48;12.17;12.40;7990783;98443496.00
2016/06/29;12.50;12.54;12.30;12.43;6209589;77028032.00
2016/06/30;12.46;12.47;12.30;12.35;6201448;76602904.00
2016/07/01;12.45;12.49;12.29;12.36;6034849;74715408.00
2016/07/04;12.65;13.18;12.65;12.99;21777965;282241888.00
2016/07/05;13.06;13.25;12.80;13.00;14030887;182248176.00
2016/07/06;13.03;13.03;12.80;12.89;7044482;90715864.00
2016/07/07;12.91;13.46;12.91;13.22;17171019;226922784.00
2016/07/08;13.26;13.33;13.00;13.12;7759636;101905168.00
2016/07/11;13.16;13.33;12.65;12.78;11637722;151218704.00
2016/07/12;12.79;13.05;12.52;12.90;7708145;98780664.00
2016/07/13;12.91;12.98;12.79;12.91;6500590;83698088.00
2016/07/14;13.05;13.17;12.84;12.93;7051690;91675400.00
2016/07/15;12.86;13.05;12.79;12.81;5688658;73293984.00
2016/07/18;12.73;13.12;12.62;13.00;8093182;104399304.00
2016/07/19;13.01;13.15;12.91;13.12;6191954;80743904.00
2016/07/20;13.13;13.36;13.06;13.26;8793154;116217464.00
2016/07/21;13.36;13.43;13.15;13.24;6507413;86331328.00
2016/07/22;13.23;13.23;13.00;13.01;5201924;68085048.00
2016/07/25;13.02;13.18;12.98;13.09;4596007;60053104.00
2016/07/26;13.10;13.18;13.06;13.13;4732733;62039900.00
2016/07/27;13.15;13.19;12.44;12.50;9982939;127207936.00
2016/07/28;12.53;12.57;12.15;12.33;5443574;67190152.00
2016/07/29;12.33;12.47;12.18;12.27;3427376;42212164.00
2016/08/01;12.25;12.30;11.91;12.22;4015636;48572556.00
2016/08/02;12.22;12.28;12.17;12.23;1890000;23101620.00
2016/08/03;12.23;12.29;12.18;12.23;2290480;27994710.00
2016/08/04;12.22;12.35;12.22;12.32;2436704;29909432.00
2016/08/05;12.35;12.35;12.15;12.16;3102100;37878396.00
2016/08/08;12.19;12.22;12.04;12.19;2556137;31037960.00
2016/08/09;12.22;12.50;12.21;12.41;5164829;63875508.00
2016/08/10;12.41;12.47;12.28;12.32;2516610;31072566.00
2016/08/11;12.34;12.36;12.10;12.13;2187359;26742382.00
2016/08/12;12.08;12.27;12.06;12.20;2912700;35466844.00
2016/08/15;12.21;12.81;12.21;12.61;5286568;66300792.00
2016/08/18;12.52;13.10;12.52;12.99;9327190;120367768.00
2016/08/19;12.95;12.95;12.71;12.87;4532885;58136068.00
2016/08/22;12.87;12.90;12.61;12.64;3025517;38411308.00
2016/08/23;12.68;12.75;12.51;12.58;2619910;33117432.00
2016/08/24;12.60;12.92;12.58;12.78;3623795;46207316.00
2016/08/25;12.65;12.65;12.33;12.47;4031972;50301824.00
2016/08/26;12.46;12.66;12.44;12.54;3232811;40604456.00
2016/08/29;12.60;12.88;12.52;12.74;4544818;57915040.00
2016/08/30;12.85;12.85;12.57;12.65;3140245;39870396.00
2016/08/31;12.70;12.88;12.63;12.68;2481885;31594954.00
2016/09/01;12.74;12.78;12.60;12.62;2967612;37631008.00
2016/09/02;12.62;12.65;12.36;12.37;3060986;38220096.00
2016/09/05;12.40;12.59;12.38;12.40;3720175;46359652.00
2016/09/06;12.40;12.57;12.33;12.56;4329582;53885148.00
2016/09/07;12.65;13.82;12.65;13.82;12647204;171186272.00
2016/09/08;14.19;14.20;13.43;13.55;37164449;513304800.00
2016/09/09;13.60;13.80;13.18;13.48;18691320;253419104.00
2016/09/12;13.14;13.40;12.88;12.90;13080745;171777680.00
2016/09/13;13.10;13.53;13.10;13.22;11885481;157460880.00
2016/09/14;13.11;13.11;12.81;13.01;9255991;120117920.00
2016/09/19;13.13;13.50;13.11;13.22;12608566;167455168.00
2016/09/20;13.35;13.53;13.15;13.40;14888999;199135296.00
2016/09/21;13.31;13.34;13.10;13.12;9049545;119276280.00
2016/09/22;13.26;13.29;13.03;13.07;7828716;102751184.00
2016/09/23;13.08;13.20;12.89;12.93;7446328;97062264.00
2016/09/26;12.83;12.96;12.44;12.44;8342910;105381992.00
2016/09/27;12.44;12.54;12.26;12.48;5644785;70191960.00
2016/09/28;12.51;12.55;12.29;12.34;3996520;49579976.00
2016/09/29;12.36;12.49;12.17;12.21;5073800;62645588.00
2016/09/30;12.28;12.32;12.15;12.21;3520381;43044740.00
2016/10/10;12.34;12.63;12.21;12.48;5705039;70882152.00
2016/10/11;12.48;12.56;12.43;12.54;3818300;47714128.00
2016/10/12;12.47;12.56;12.40;12.50;3885670;48490868.00
2016/10/13;12.55;12.56;12.43;12.47;4069809;50777920.00
2016/10/14;12.49;12.50;12.28;12.36;4210670;52123908.00
2016/10/17;12.33;12.45;12.19;12.24;4376274;53948996.00
2016/10/18;12.21;12.45;12.20;12.43;4344101;53507860.00
2016/10/19;12.47;12.47;12.34;12.38;3438246;42593480.00
2016/10/20;12.41;12.46;12.35;12.42;4735758;58745920.00
2016/10/21;12.44;12.47;12.27;12.34;4480203;55400356.00
2016/10/24;12.29;13.21;12.29;12.84;15532824;199267232.00
2016/10/25;12.86;12.94;12.71;12.78;7498457;95981176.00
2016/10/26;12.77;12.88;12.60;12.61;6144866;77959264.00
2016/10/27;12.62;12.73;12.57;12.61;4143730;52346864.00
2016/10/28;12.61;12.61;12.38;12.38;6169505;76879792.00
2016/10/31;12.30;12.44;12.25;12.40;3518382;43427720.00
2016/11/01;12.40;12.47;12.29;12.38;5684876;70333184.00
2016/11/02;12.37;12.41;12.28;12.31;3971163;48988268.00
2016/11/03;12.31;12.41;12.28;12.38;3685201;45554596.00
2016/11/04;12.33;12.44;12.31;12.32;3726424;46101672.00
2016/11/07;12.31;12.78;12.31;12.46;6312288;78887632.00
2016/11/08;12.50;12.58;12.40;12.44;3884612;48399416.00
2016/11/09;12.46;12.50;12.00;12.17;7364338;90130600.00
2016/11/10;12.28;12.35;12.27;12.31;3398136;41832752.00
2016/11/11;12.31;12.46;12.28;12.40;4489583;55459556.00
2016/11/14;12.41;12.52;12.35;12.42;4073154;50680108.00
2016/11/15;12.44;12.58;12.43;12.52;5442043;68059688.00
2016/11/16;12.57;12.82;12.49;12.72;11910388;150940384.00
2016/11/17;12.68;12.69;12.56;12.67;3248600;40981160.00
数据来源:通达信
