002605 姚记扑克 日线 前复权
      日期	    开盘	    最高	    最低	    收盘	    成交量	    成交额
2011/08/05;7.85;9.14;7.83;8.53;17164805;609737216.00
2011/08/08;7.64;8.01;7.63;7.63;4988193;163163360.00
2011/08/09;6.82;7.47;6.82;6.98;8606418;256741728.00
2011/08/10;7.12;7.34;6.87;6.94;6751195;203705424.00
2011/08/11;6.48;6.88;6.40;6.83;5106186;145970048.00
2011/08/12;6.79;7.06;6.77;6.82;4004664;118217384.00
2011/08/15;6.77;7.18;6.77;7.08;4465190;133535768.00
2011/08/16;7.08;7.33;7.02;7.19;5232724;159876720.00
2011/08/17;7.12;7.18;6.78;6.88;3309049;99116752.00
2011/08/18;6.79;7.09;6.76;6.97;2805398;83509496.00
2011/08/19;6.72;6.84;6.51;6.77;2344538;67099068.00
2011/08/22;6.74;7.01;6.69;6.91;2404272;70913696.00
2011/08/23;6.94;7.21;6.75;7.20;3638362;109056504.00
2011/08/24;7.18;7.81;7.11;7.47;5688619;178745488.00
2011/08/25;7.44;7.52;7.19;7.36;3511663;109896224.00
2011/08/26;7.39;7.51;7.32;7.44;2616463;83053536.00
2011/08/29;7.44;7.51;7.10;7.11;2943042;91107976.00
2011/08/30;7.15;7.24;6.84;6.84;2294900;68679784.00
2011/08/31;6.87;7.01;6.69;6.99;1568594;45919192.00
2011/09/01;6.99;7.00;6.72;6.76;1276509;37485904.00
2011/09/02;6.71;6.78;6.54;6.70;1114019;31790446.00
2011/09/05;6.64;6.64;6.15;6.24;1802801;49447056.00
2011/09/06;5.99;6.14;5.76;5.86;1858112;47559796.00
2011/09/07;5.89;6.04;5.86;6.02;1418030;36514872.00
2011/09/08;6.04;6.07;5.64;5.66;1665263;42444244.00
2011/09/09;5.66;5.95;5.39;5.95;2582873;63502888.00
2011/09/13;5.73;5.88;5.54;5.59;1638650;40914596.00
2011/09/14;5.54;5.98;5.49;5.79;1836318;45271304.00
2011/09/16;5.92;5.92;5.59;5.61;1158483;28818412.00
2011/09/19;5.60;5.60;5.27;5.30;976442;22963924.00
2011/09/20;5.22;5.54;5.17;5.46;1400680;32906326.00
2011/09/21;5.37;5.64;5.37;5.58;1531376;36868916.00
2011/09/22;5.49;5.56;5.35;5.35;1315481;31335708.00
2011/09/23;5.18;5.50;5.10;5.50;1852937;43380704.00
2011/09/26;5.38;5.64;5.38;5.50;1448772;34816884.00
2011/09/27;5.49;5.59;5.39;5.47;979110;23451486.00
2011/09/28;5.52;5.58;5.19;5.22;1035787;24207336.00
2011/09/29;5.14;5.20;4.74;4.79;1556280;33775332.00
2011/09/30;4.81;4.87;4.52;4.67;833905;17286180.00
2011/10/10;4.62;4.77;4.62;4.65;442672;9130515.00
2011/10/11;4.85;4.88;4.55;4.64;866880;18127388.00
2011/10/12;4.67;4.90;4.54;4.88;1094318;23033344.00
2011/10/13;4.87;5.03;4.82;4.97;1161863;25368146.00
2011/10/14;4.97;5.26;4.91;5.23;1844577;41355488.00
2011/10/17;5.24;5.49;5.18;5.37;1882392;43878092.00
2011/10/18;5.34;5.34;4.89;4.92;1580339;35395676.00
2011/10/19;4.99;5.14;4.97;5.02;981342;21824608.00
2011/10/20;4.93;4.98;4.69;4.78;924386;19570500.00
2011/10/21;4.78;4.84;4.64;4.65;545795;11361728.00
2011/10/24;4.70;4.89;4.50;4.87;972287;20145340.00
2011/10/25;4.87;5.06;4.82;5.02;1055790;22939694.00
2011/10/26;5.02;5.48;4.92;5.24;2168902;49498456.00
2011/10/27;5.26;5.26;5.07;5.13;1571915;35497628.00
2011/10/28;5.23;5.39;5.14;5.32;1892804;43567760.00
2011/10/31;5.37;5.40;5.22;5.27;1538740;35684416.00
2011/11/01;5.15;5.84;5.15;5.84;3696107;89417088.00
2011/11/02;5.77;6.01;5.71;5.97;4735236;120262424.00
2011/11/03;5.84;6.08;5.79;5.81;3134833;80207352.00
2011/11/04;5.81;5.88;5.63;5.66;2448270;61028256.00
2011/11/07;5.62;6.26;5.49;6.09;6940994;173806944.00
2011/11/08;5.95;5.96;5.71;5.74;3267610;83029488.00
2011/11/09;5.77;5.83;5.58;5.78;2164862;53714876.00
2011/11/10;5.69;5.79;5.54;5.56;1882850;46249988.00
2011/11/11;5.56;5.61;5.42;5.45;1888616;45353376.00
2011/11/14;5.49;5.70;5.47;5.62;2187555;53116508.00
2011/11/15;5.60;5.69;5.52;5.64;2088756;50866964.00
2011/11/16;5.70;5.81;5.49;5.53;3003191;73771304.00
2011/11/17;5.54;5.63;5.36;5.47;1965014;46910916.00
2011/11/18;5.43;5.46;5.17;5.19;1737564;40289220.00
2011/11/21;5.19;5.24;5.09;5.24;891065;20081226.00
2011/11/22;5.17;5.22;5.04;5.18;847493;19086096.00
2011/11/23;5.17;5.26;5.15;5.18;681292;15504623.00
2011/11/24;5.13;5.20;5.04;5.13;761232;17028596.00
2011/11/25;5.17;5.30;5.13;5.21;1406581;32107676.00
2011/11/28;5.14;5.26;5.02;5.05;906031;20367184.00
2011/11/29;5.11;5.17;5.05;5.12;919479;20525364.00
2011/11/30;5.11;5.18;4.60;4.70;1710794;36732936.00
2011/12/01;4.86;4.93;4.77;4.78;1470092;31336646.00
2011/12/02;4.77;4.77;4.59;4.59;880839;18042650.00
2011/12/05;4.58;4.58;4.40;4.42;798645;15913326.00
2011/12/06;4.42;4.52;4.38;4.50;606721;12044113.00
2011/12/07;4.45;4.55;4.44;4.51;618614;12325804.00
2011/12/08;4.51;4.64;4.39;4.53;989298;19797042.00
2011/12/09;4.45;4.53;4.41;4.44;640360;12650482.00
2011/12/12;4.44;4.49;4.34;4.34;462390;9058264.00
2011/12/13;4.29;4.41;4.04;4.04;906375;16790268.00
2011/12/14;4.07;4.14;3.94;3.96;979347;17778620.00
2011/12/15;3.89;3.96;3.78;3.84;879641;15314967.00
2011/12/16;3.78;4.01;3.78;3.98;893433;15714580.00
2011/12/19;3.99;4.10;3.82;4.04;1000797;17757872.00
2011/12/20;3.99;4.11;3.96;3.96;706734;12749965.00
2011/12/21;3.99;4.07;3.86;3.86;761833;13643735.00
2011/12/22;3.80;3.80;3.47;3.66;1072934;17693708.00
2011/12/23;3.64;3.78;3.60;3.70;536831;8991707.00
2011/12/26;3.68;3.74;3.63;3.64;360766;6028050.00
2011/12/27;3.58;3.65;3.47;3.49;610064;9844572.00
2011/12/28;3.41;3.50;3.36;3.48;456912;7141077.00
2011/12/29;3.48;3.53;3.42;3.48;488828;7770724.50
2011/12/30;3.48;3.58;3.47;3.54;462925;7446161.50
2012/01/04;3.58;3.62;3.42;3.42;555407;8968591.00
2012/01/05;3.46;3.46;3.11;3.16;652159;9750443.00
2012/01/06;3.17;3.25;3.07;3.21;445532;6459928.50
2012/01/09;3.23;3.58;3.15;3.51;834299;12855601.00
2012/01/10;3.45;3.66;3.45;3.62;1043806;16962404.00
2012/01/11;3.62;3.73;3.58;3.64;1036168;17134104.00
2012/01/12;3.59;3.69;3.53;3.60;766553;12527524.00
2012/01/13;3.59;3.59;3.35;3.36;616710;9682207.00
2012/01/16;3.36;3.36;3.21;3.22;348909;5226219.50
2012/01/17;3.23;3.46;3.20;3.44;695242;10717350.00
2012/01/18;3.44;3.50;3.31;3.32;529300;8245274.00
2012/01/19;3.29;3.48;3.29;3.39;448875;6973523.50
2012/01/20;3.40;3.50;3.37;3.47;605596;9549268.00
2012/01/30;3.47;3.49;3.39;3.45;442352;6967790.50
2012/01/31;3.44;3.47;3.39;3.47;376151;5881322.50
2012/02/01;3.47;3.58;3.41;3.50;741977;11895002.00
2012/02/02;3.48;3.58;3.48;3.57;536997;8645303.00
2012/02/03;3.57;3.64;3.53;3.62;807151;13213835.00
2012/02/06;3.59;3.76;3.58;3.73;1269985;21118334.00
2012/02/07;3.70;3.81;3.55;3.70;1506599;25152908.00
2012/02/08;3.67;3.81;3.64;3.77;1131489;19103042.00
2012/02/09;3.77;3.92;3.74;3.75;1056759;18156428.00
2012/02/10;3.76;3.80;3.68;3.74;785430;13276494.00
2012/02/13;3.69;3.82;3.66;3.76;794858;13531399.00
2012/02/14;3.78;3.93;3.72;3.91;2090988;36271336.00
2012/02/15;3.87;4.00;3.86;3.99;1687068;29795564.00
2012/02/16;4.09;4.44;4.03;4.25;3893102;73723392.00
2012/02/17;4.24;4.31;4.17;4.29;1379587;26044618.00
2012/02/20;4.31;4.71;4.31;4.59;3789751;76603984.00
2012/02/21;4.53;5.01;4.53;4.94;4141492;86151672.00
2012/02/22;4.98;5.34;4.89;5.21;3982062;89205944.00
2012/02/23;5.24;5.41;5.14;5.20;3111707;71344320.00
2012/02/24;5.19;5.29;5.17;5.24;2091667;47794876.00
2012/02/27;5.24;5.30;5.12;5.14;2259995;51512316.00
2012/02/28;5.15;5.39;5.07;5.30;2504111;57295408.00
2012/03/09;5.52;5.88;5.52;5.88;1935635;48171240.00
2012/03/12;6.02;6.48;5.86;6.19;6634786;174130752.00
2012/03/13;6.03;6.25;5.99;6.12;3660266;96421384.00
2012/03/14;6.06;6.19;5.46;5.49;4482839;113395760.00
2012/03/15;5.48;5.56;5.23;5.29;3667698;85472840.00
2012/03/16;5.36;5.47;5.16;5.46;3101748;71945512.00
2012/03/19;5.39;5.45;5.20;5.43;1968978;45975104.00
2012/03/20;5.39;5.41;5.25;5.29;1498883;34855472.00
2012/03/21;5.31;5.36;5.12;5.31;2149670;49110124.00
2012/03/22;5.29;5.59;5.24;5.49;2885166;68474200.00
2012/03/23;5.46;5.71;5.42;5.62;2993412;72630736.00
2012/03/26;5.57;5.63;5.01;5.08;3941831;89292552.00
2012/03/27;5.24;5.26;4.87;4.96;3153483;69851840.00
2012/03/28;4.89;4.89;4.62;4.65;2138652;44748324.00
2012/03/29;4.65;4.75;4.54;4.65;1109695;22803536.00
2012/03/30;4.71;4.72;4.44;4.54;1432511;29104312.00
2012/04/05;4.58;4.79;4.53;4.79;1328799;27387696.00
2012/04/06;4.75;4.89;4.72;4.82;1204847;25511020.00
2012/04/09;4.84;4.84;4.51;4.51;1469939;30141846.00
2012/04/10;4.46;4.64;4.34;4.64;1678882;33238458.00
2012/04/11;4.52;4.64;4.44;4.62;1796982;36139488.00
2012/04/12;4.61;4.81;4.49;4.76;2200957;45412264.00
2012/04/13;4.74;4.82;4.68;4.78;1719025;36031340.00
2012/04/16;4.71;4.78;4.67;4.74;1092630;22788112.00
2012/04/17;4.79;4.81;4.54;4.55;1288890;26527424.00
2012/04/18;4.56;4.70;4.54;4.67;1132267;23196692.00
2012/04/19;4.67;4.85;4.64;4.83;1582347;33206522.00
2012/04/20;4.84;5.04;4.80;4.98;2781644;60583404.00
2012/04/23;5.01;5.01;4.72;4.76;1962482;41555748.00
2012/04/24;4.74;4.86;4.52;4.65;1419624;29239826.00
2012/04/25;4.67;4.67;4.37;4.49;2362151;46989560.00
2012/04/26;4.50;4.58;4.42;4.50;1588958;31598304.00
2012/04/27;4.44;4.58;4.41;4.48;1180360;23500906.00
2012/05/02;4.55;4.86;4.54;4.76;2956685;61609304.00
2012/05/03;4.77;4.91;4.70;4.89;2684721;56753596.00
2012/05/04;4.85;5.00;4.85;4.96;2261728;48993524.00
2012/05/07;4.96;5.16;4.88;5.13;2482705;54287432.00
2012/05/08;5.12;5.12;4.98;5.00;2060813;45518888.00
2012/05/09;4.95;4.95;4.81;4.86;1742709;37329632.00
2012/05/10;4.83;4.94;4.83;4.89;1141635;24563034.00
2012/05/11;4.89;4.93;4.85;4.88;840052;18063820.00
2012/05/14;4.92;5.05;4.86;4.92;1623882;35424988.00
2012/05/15;4.86;4.86;4.64;4.70;1618286;33693744.00
2012/05/17;4.62;4.76;4.57;4.72;1294522;26689296.00
2012/05/18;4.64;4.71;4.56;4.59;875254;17825658.00
2012/05/21;4.56;4.69;4.56;4.60;669657;13664158.00
2012/05/22;4.62;4.71;4.62;4.68;707128;14575677.00
2012/05/23;4.68;4.68;4.60;4.61;745536;15265033.00
2012/05/24;4.61;4.64;4.52;4.54;874231;17724248.00
2012/05/25;4.54;4.64;4.47;4.49;679233;13674913.00
2012/05/28;4.49;4.49;4.32;4.48;902895;17639968.00
2012/05/29;4.47;4.58;4.44;4.56;934718;18703412.00
2012/05/30;4.56;4.63;4.55;4.60;735523;14934681.00
2012/05/31;4.55;4.63;4.52;4.62;849331;17220122.00
2012/06/01;4.61;4.80;4.60;4.72;1620116;33639632.00
2012/06/04;4.60;4.64;4.44;4.46;1184036;23847766.00
2012/06/05;4.46;4.51;4.42;4.46;561616;11112015.00
2012/06/06;4.51;4.51;4.36;4.37;774622;15197024.00
2012/06/07;4.43;4.48;4.37;4.38;525569;10309827.00
2012/06/08;4.44;4.49;4.33;4.38;509397;9942941.00
2012/06/11;4.39;4.50;4.35;4.47;492017;9728432.00
2012/06/12;4.45;4.47;4.38;4.41;433447;8507143.00
2012/06/13;4.45;4.60;4.42;4.58;740908;14848100.00
2012/06/14;4.57;4.63;4.50;4.52;901654;18257970.00
2012/06/15;4.52;4.59;4.47;4.54;488181;9792360.00
2012/06/18;4.54;4.71;4.54;4.65;1131499;23279496.00
2012/06/19;4.67;4.67;4.58;4.63;735924;15035626.00
2012/06/20;4.64;4.75;4.64;4.66;1021360;21182944.00
2012/06/21;4.65;4.65;4.51;4.58;772297;15627287.00
2012/06/25;4.58;4.58;4.42;4.42;537768;10665969.00
2012/06/26;4.46;4.48;4.39;4.43;412274;8107290.50
2012/06/27;4.46;4.59;4.43;4.50;767895;15333283.00
2012/06/28;4.54;4.66;4.54;4.57;1146859;23366160.00
2012/06/29;4.56;4.83;4.45;4.82;1915728;39660928.00
2012/07/02;4.89;5.21;4.84;5.16;3639914;80942208.00
2012/07/03;5.14;5.44;5.09;5.39;4368159;101107200.00
2012/07/04;5.38;5.38;5.12;5.12;3408491;75544912.00
2012/07/05;5.08;5.39;5.02;5.30;3832111;85591832.00
2012/07/06;5.28;5.42;5.11;5.37;2957168;65797844.00
2012/07/09;5.28;5.55;5.19;5.21;2870807;65698556.00
2012/07/10;5.16;5.55;5.13;5.51;4165398;95870208.00
2012/07/11;5.48;5.52;5.24;5.44;2951182;67352104.00
2012/07/12;5.37;5.59;5.24;5.54;3557644;82440912.00
2012/07/13;5.45;5.54;5.28;5.29;2717233;62039088.00
2012/07/16;5.28;5.33;4.96;4.98;2269361;49287924.00
2012/07/17;4.92;5.03;4.90;5.03;1305798;27556308.00
2012/07/18;4.99;5.03;4.81;4.96;1321047;27636464.00
2012/07/19;4.96;5.21;4.90;5.14;1854212;40273672.00
2012/07/20;5.15;5.47;5.11;5.37;3275849;74400640.00
2012/07/23;5.41;5.58;5.30;5.40;2217441;50882448.00
2012/07/24;5.33;5.42;5.21;5.37;1773901;40006336.00
2012/07/25;5.35;5.38;5.11;5.14;1751461;38995104.00
2012/07/26;5.10;5.17;4.96;4.97;1427704;30688624.00
2012/07/27;5.02;5.06;4.95;4.99;1176754;25096938.00
2012/07/30;4.99;5.08;4.86;4.96;709660;15038471.00
2012/07/31;4.93;5.00;4.56;4.58;1464132;29532664.00
2012/08/01;4.51;4.72;4.51;4.67;923143;18276736.00
2012/08/02;4.67;4.78;4.58;4.77;1030739;20734968.00
2012/08/03;4.77;4.82;4.69;4.82;728974;14845010.00
2012/08/06;4.78;5.02;4.76;4.97;867004;18127344.00
2012/08/07;4.92;5.02;4.90;4.94;886095;18650880.00
2012/08/08;4.91;4.98;4.78;4.83;798039;16539664.00
2012/08/09;4.88;4.98;4.83;4.96;1078772;22672568.00
2012/08/10;4.98;4.98;4.85;4.90;801223;16714373.00
2012/08/13;4.88;4.97;4.82;4.87;712921;14932471.00
2012/08/14;4.87;4.89;4.65;4.88;850645;17357498.00
2012/08/15;4.86;4.87;4.76;4.78;539958;11101233.00
2012/08/16;4.78;4.82;4.71;4.74;417321;8468318.00
2012/08/17;4.73;4.79;4.65;4.72;559680;11217752.00
2012/08/20;4.74;4.76;4.66;4.72;262396;5258479.50
2012/08/21;4.71;4.90;4.71;4.89;857267;17669762.00
2012/08/22;4.88;4.98;4.85;4.91;972011;20370418.00
2012/08/23;4.91;4.96;4.86;4.94;669513;14008541.00
2012/08/24;4.91;5.05;4.88;4.91;911527;19277158.00
2012/08/27;4.89;5.17;4.81;5.17;2007307;43109996.00
2012/08/28;4.98;5.01;4.64;4.66;3350148;68539064.00
2012/08/29;4.66;4.74;4.58;4.61;1241586;24659732.00
2012/08/30;4.57;4.67;4.11;4.17;1969872;36406656.00
2012/08/31;4.19;4.26;4.13;4.23;838741;15117603.00
2012/09/03;4.21;4.32;4.21;4.28;988983;18161782.00
2012/09/04;4.27;4.32;4.20;4.20;820556;15001357.00
2012/09/05;4.16;4.25;4.13;4.23;652704;11785289.00
2012/09/06;4.24;4.32;4.22;4.31;697500;12846177.00
2012/09/07;4.34;4.54;4.34;4.46;1405600;26847436.00
2012/09/10;4.48;4.49;4.39;4.49;873150;16667334.00
2012/09/11;4.46;4.48;4.39;4.42;782435;14843689.00
2012/09/12;4.48;4.48;4.39;4.45;657469;12495386.00
2012/09/13;4.45;4.47;4.35;4.35;576197;10874883.00
2012/09/14;4.41;4.41;4.31;4.35;602968;11279488.00
2012/09/17;4.37;4.37;4.19;4.20;400631;7362745.00
2012/09/18;4.20;4.24;4.15;4.17;372442;6712769.50
2012/09/19;4.20;4.23;4.15;4.22;299989;5415898.50
2012/09/20;4.22;4.22;4.06;4.07;393087;7003201.00
2012/09/21;4.07;4.12;4.00;4.07;228640;4018242.00
2012/09/24;4.03;4.20;4.03;4.15;253179;4491980.00
2012/09/25;4.17;4.18;4.10;4.15;146536;2613376.25
2012/09/26;4.13;4.17;4.00;4.00;309393;5436197.00
2012/09/27;4.07;4.14;4.00;4.10;368459;6490516.50
2012/09/28;4.12;4.21;4.07;4.20;474409;8514123.00
2012/10/08;4.20;4.25;4.15;4.18;363209;6562269.00
2012/10/09;4.20;4.32;4.18;4.29;662162;12190387.00
2012/10/10;4.30;4.38;4.28;4.36;587255;10906413.00
2012/10/11;4.35;4.37;4.30;4.35;710071;13179911.00
2012/10/12;4.35;4.42;4.25;4.29;491834;9135722.00
2012/10/15;4.29;4.30;4.22;4.27;397978;7271794.00
2012/10/16;4.30;4.30;4.23;4.27;319931;5873814.00
2012/10/17;4.27;4.29;4.23;4.25;265942;4869925.00
2012/10/18;4.24;4.38;4.24;4.34;486141;9053146.00
2012/10/19;4.33;4.36;4.31;4.34;225038;4188786.50
2012/10/22;4.34;4.35;4.30;4.34;275678;5112870.00
2012/10/23;4.35;4.35;4.26;4.27;283653;5233160.50
2012/10/24;4.23;4.30;4.23;4.27;273761;5029302.00
2012/10/25;4.30;4.30;4.18;4.22;235001;4295404.00
2012/10/26;4.21;4.22;4.08;4.12;295581;5271285.00
2012/10/29;4.15;4.30;4.15;4.27;574365;10522004.00
2012/10/30;4.29;4.30;4.21;4.25;294913;5395250.50
2012/10/31;4.23;4.28;4.23;4.25;201332;3682577.25
2012/11/01;4.27;4.35;4.26;4.32;523647;9706536.00
2012/11/02;4.32;4.36;4.31;4.35;479151;8929217.00
2012/11/05;4.35;4.51;4.35;4.48;1310131;25019414.00
2012/11/06;4.48;4.48;4.37;4.47;726116;13759157.00
2012/11/07;4.42;4.46;4.38;4.41;446153;8440406.00
2012/11/08;4.38;4.38;4.23;4.24;574961;10632822.00
2012/11/09;4.24;4.28;4.20;4.25;335549;6112337.00
2012/11/12;4.25;4.31;4.25;4.29;339890;6264690.00
2012/11/13;4.29;4.31;4.15;4.15;464571;8393275.00
2012/11/14;4.16;4.21;4.13;4.18;325772;5836915.00
2012/11/15;4.15;4.22;4.14;4.15;181473;3264873.00
2012/11/16;4.18;4.18;4.11;4.15;180542;3215211.00
2012/11/19;4.15;4.15;4.04;4.12;281700;4980397.00
2012/11/20;4.15;4.17;4.11;4.14;176357;3143572.50
2012/11/21;4.12;4.21;4.12;4.19;182140;3261669.50
2012/11/22;4.19;4.20;4.13;4.14;140069;2508250.50
2012/11/23;4.13;4.27;4.13;4.22;465290;8452315.00
2012/11/26;4.22;4.28;4.18;4.20;235660;4292863.50
2012/11/27;4.21;4.21;4.04;4.04;315436;5597117.00
2012/11/28;4.05;4.05;3.96;4.01;290029;5003049.50
2012/11/29;4.07;4.07;3.88;3.90;227669;3915712.50
2012/11/30;3.88;3.95;3.82;3.90;195159;3269748.00
2012/12/03;3.89;3.95;3.77;3.77;200132;3358047.50
2012/12/04;3.77;3.83;3.62;3.79;423280;6788991.00
2012/12/05;3.76;3.99;3.75;3.95;517698;8763256.00
2012/12/06;3.93;3.97;3.88;3.94;254904;4330449.50
2012/12/07;3.94;4.07;3.91;4.02;377316;6508811.50
2012/12/10;4.01;4.08;4.01;4.07;347001;6070050.50
2012/12/11;4.07;4.10;4.01;4.01;392474;6877023.00
2012/12/12;4.01;4.06;3.99;4.04;272485;4731144.00
2012/12/13;4.01;4.17;4.01;4.07;538148;9524948.00
2012/12/14;4.07;4.25;4.03;4.17;1158488;20888320.00
2012/12/17;4.18;4.26;4.13;4.20;628310;11323152.00
2012/12/18;4.20;4.28;3.98;4.16;716452;12968540.00
2012/12/19;4.14;4.20;4.13;4.20;401778;7220130.00
2012/12/20;4.18;4.35;4.16;4.32;763824;14084743.00
2012/12/21;4.32;4.73;4.30;4.56;1797506;34857880.00
2012/12/24;4.61;4.68;4.53;4.61;1487129;29333600.00
2012/12/25;4.62;4.77;4.61;4.76;1720083;34654472.00
2012/12/26;4.76;4.94;4.72;4.93;2273004;46919684.00
2012/12/27;4.96;5.04;4.76;4.76;2256248;46895316.00
2012/12/28;4.80;4.92;4.71;4.89;1823160;37607112.00
2012/12/31;4.93;4.93;4.78;4.86;1468120;30312572.00
2013/01/04;4.88;5.03;4.85;4.97;1879915;39592700.00
2013/01/07;4.95;5.00;4.90;4.98;1224155;25848310.00
2013/01/08;5.00;5.24;4.98;5.03;1834529;39712888.00
2013/01/09;5.01;5.06;4.87;4.92;1538927;32466176.00
2013/01/10;4.88;4.97;4.87;4.92;924958;19373856.00
2013/01/11;4.98;5.10;4.92;4.92;1558355;33198140.00
2013/01/14;4.90;5.16;4.86;5.13;1630203;35101824.00
2013/01/15;5.14;5.17;5.05;5.13;1389152;30098958.00
2013/01/16;5.08;5.12;4.99;5.04;1312266;28206406.00
2013/01/17;5.06;5.21;4.97;5.09;1301211;28170038.00
2013/01/18;5.10;5.36;5.10;5.30;2180241;48664568.00
2013/01/21;5.53;5.86;5.43;5.86;5580613;134124232.00
2013/01/22;5.78;5.78;5.41;5.49;3713784;88074944.00
2013/01/23;5.45;5.63;5.36;5.56;2113277;49319232.00
2013/01/24;5.57;5.58;5.31;5.33;1947045;44816612.00
2013/01/25;5.31;5.52;5.29;5.50;1352909;31021378.00
2013/01/28;5.47;5.59;5.46;5.58;1227656;28782300.00
2013/01/29;5.57;5.82;5.55;5.70;1903234;45842320.00
2013/01/30;5.67;5.70;5.49;5.57;1236713;29139112.00
2013/01/31;5.56;5.60;5.43;5.58;689015;16095994.00
2013/02/01;5.56;5.58;5.48;5.50;941019;22005812.00
2013/02/04;5.48;5.52;5.33;5.36;1149351;26281750.00
2013/02/05;5.33;5.56;5.29;5.48;1099748;25318274.00
2013/02/06;5.49;5.51;5.41;5.47;712748;16450538.00
2013/02/07;5.43;5.62;5.41;5.62;979468;22923448.00
2013/02/08;5.63;5.82;5.59;5.72;1579820;38294480.00
2013/02/18;5.75;5.75;5.61;5.66;916056;21977860.00
2013/02/19;5.68;5.71;5.49;5.51;894819;21074416.00
2013/02/20;5.45;5.63;5.45;5.61;678502;16010943.00
2013/02/21;5.58;5.63;5.39;5.46;1259755;29186540.00
2013/02/22;5.43;5.55;5.43;5.45;551299;12802678.00
2013/02/25;5.49;5.52;5.44;5.52;465028;10808910.00
2013/02/26;5.48;5.59;5.40;5.51;815724;19144224.00
2013/02/27;5.51;5.59;5.46;5.58;667081;15625124.00
2013/02/28;5.61;5.67;5.51;5.66;1246401;29520734.00
2013/03/01;5.66;5.75;5.61;5.69;1133751;27159424.00
2013/03/04;5.68;5.68;5.51;5.57;913218;21603622.00
2013/03/05;5.59;5.78;5.56;5.77;1085489;26027522.00
2013/03/06;5.76;6.00;5.76;5.94;1797170;44649284.00
2013/03/07;5.93;6.04;5.77;5.82;1455502;36295952.00
2013/03/08;5.83;5.92;5.77;5.81;1064835;26189068.00
2013/03/11;6.05;6.42;5.96;6.28;5356257;140163728.00
2013/03/12;6.35;6.59;6.14;6.54;5178245;138412944.00
2013/03/13;6.43;6.43;6.23;6.24;2245889;59687052.00
2013/03/14;6.23;6.45;6.21;6.27;1815525;48478400.00
2013/03/15;6.23;6.35;6.10;6.17;2133694;55798072.00
2013/03/18;6.16;6.17;6.01;6.02;1356727;34708104.00
2013/03/19;6.05;6.11;5.91;6.03;1213502;30713156.00
2013/03/20;6.03;6.22;5.97;6.22;1358483;35129208.00
2013/03/21;6.22;6.27;6.16;6.18;1511318;39364508.00
2013/03/22;6.19;6.32;6.18;6.29;1338706;35243892.00
2013/03/25;6.30;6.37;6.23;6.27;846306;22297850.00
2013/03/26;6.25;6.31;6.06;6.12;1157689;29957250.00
2013/03/27;6.12;6.30;6.12;6.28;1323204;34629672.00
2013/03/28;6.22;6.22;6.09;6.15;1171870;30338822.00
2013/03/29;6.16;6.25;6.13;6.18;618488;16087653.00
2013/04/01;6.18;6.45;6.18;6.36;1420122;37937764.00
2013/04/02;6.37;6.40;6.08;6.08;1531739;40116940.00
2013/04/03;6.13;6.29;6.07;6.27;1924047;50260304.00
2013/04/08;6.16;6.24;5.99;6.23;879474;22783102.00
2013/04/09;6.24;6.45;6.24;6.31;1802575;48182048.00
2013/04/10;6.24;6.38;6.06;6.14;1697743;43961960.00
2013/04/11;6.18;6.22;5.97;5.98;1500989;38244188.00
2013/04/12;5.95;6.15;5.85;5.88;2073726;25411100.00
2013/04/15;5.88;5.88;5.52;5.58;2255398;26068806.00
2013/04/16;5.53;5.61;5.40;5.59;1537986;17441824.00
2013/04/17;5.58;6.17;5.52;6.17;4909757;59534240.00
2013/04/18;6.23;6.80;6.23;6.80;7255810;97792600.00
2013/04/19;7.23;7.49;7.10;7.49;24613891;369683776.00
2013/04/22;7.36;7.72;7.30;7.64;18800675;288775168.00
2013/04/23;7.73;7.73;7.30;7.46;12673199;192932192.00
2013/04/24;7.46;7.80;7.22;7.48;16511640;254106752.00
2013/04/25;7.24;7.33;6.86;7.05;14658621;212347360.00
2013/04/26;6.96;7.10;6.81;6.81;7428909;105314080.00
2013/05/02;6.79;7.50;6.64;7.50;15900649;228897552.00
2013/05/03;7.50;7.84;7.31;7.58;17468631;271069120.00
2013/05/06;7.59;7.80;7.36;7.55;11098717;171743072.00
2013/05/07;7.48;7.59;7.15;7.32;11035780;164209936.00
2013/05/08;7.20;7.93;7.20;7.80;17270450;270028000.00
2013/05/09;7.74;7.76;7.35;7.69;11069668;170734144.00
2013/05/10;7.63;8.02;7.51;7.69;11399342;181330560.00
2013/05/13;7.66;7.82;7.50;7.65;5881595;91431352.00
2013/05/14;7.54;7.63;7.20;7.25;7042963;106138880.00
2013/05/15;7.25;7.45;7.25;7.41;4265298;64081648.00
2013/05/16;7.43;7.47;7.27;7.34;4797820;72194040.00
2013/05/17;7.30;7.35;7.12;7.33;5418405;80239664.00
2013/05/20;7.35;7.60;7.33;7.50;6632254;101400856.00
2013/05/21;7.48;7.89;7.41;7.85;11913954;187754624.00
2013/05/22;7.85;7.85;7.55;7.56;7690851;119905344.00
2013/05/23;7.55;7.69;7.48;7.58;5298271;81812672.00
2013/05/24;7.55;7.65;7.48;7.58;3964270;61263460.00
2013/05/27;7.56;7.69;7.49;7.69;5199888;80573008.00
2013/05/28;7.73;7.75;7.47;7.49;4478470;69113440.00
2013/05/29;7.49;7.54;7.41;7.49;3771592;57302128.00
2013/05/30;7.44;7.53;7.40;7.43;2560546;38929024.00
2013/05/31;7.43;7.65;7.40;7.53;4625130;71216496.00
2013/06/03;7.45;7.52;7.10;7.21;4151076;61602236.00
2013/06/04;7.19;7.23;6.88;6.92;3267004;46809256.00
2013/06/05;6.93;7.12;6.93;7.05;2188373;31400850.00
2013/06/06;6.96;7.03;6.87;6.93;1772944;25049516.00
2013/06/07;6.93;6.99;6.59;6.66;2149174;29698176.00
2013/06/13;6.60;6.61;6.10;6.36;1960956;25408980.00
2013/06/14;6.45;6.75;6.40;6.63;2344247;31638896.00
2013/06/17;6.64;7.10;6.53;7.02;4281651;60445620.00
2013/06/18;7.07;7.07;6.74;6.93;2438829;34284660.00
2013/06/19;6.78;7.03;6.73;6.95;2088277;29439870.00
2013/06/20;6.91;7.09;6.75;6.78;2753467;38818508.00
2013/06/21;6.60;6.74;6.45;6.62;1464579;19798536.00
2013/06/24;6.55;6.60;6.05;6.15;2353163;30407574.00
2013/06/25;6.13;6.28;5.53;6.24;3539337;43392004.00
2013/06/26;6.24;6.88;6.15;6.88;4303673;59555892.00
2013/06/27;7.21;7.35;6.86;6.95;10348944;150981008.00
2013/06/28;6.71;7.29;6.60;7.15;7916063;113859616.00
2013/07/01;6.95;7.35;6.95;7.29;6772421;99043296.00
2013/07/02;7.25;7.37;7.11;7.27;6058430;89574320.00
2013/07/03;7.30;7.84;7.01;7.63;11120780;169711200.00
2013/07/04;7.53;7.55;7.28;7.37;7516585;113901832.00
2013/07/05;7.30;7.41;7.09;7.15;4585395;67667208.00
2013/07/08;6.89;7.04;6.76;6.76;3187235;44813624.00
2013/07/09;6.76;7.10;6.71;7.02;3169195;44888968.00
2013/07/10;7.02;7.16;6.95;7.15;3628580;52404152.00
2013/07/11;7.11;7.28;7.03;7.23;4363773;64082336.00
2013/07/12;7.24;7.48;7.20;7.25;5375543;80894464.00
2013/07/15;7.25;7.60;7.22;7.55;6998609;106827112.00
2013/07/16;7.64;8.32;7.45;8.32;10551618;170957904.00
2013/07/17;8.44;9.09;8.34;8.80;23547466;418279232.00
2013/07/18;8.53;9.09;8.53;8.81;14949710;268682528.00
2013/07/19;8.73;8.94;8.32;8.32;11023287;192606960.00
2013/07/22;8.01;8.58;7.95;8.48;7210284;122143144.00
2013/07/23;8.45;9.00;8.18;8.86;11503029;201355728.00
2013/07/24;8.82;8.94;8.61;8.76;8906890;159333072.00
2013/07/25;8.65;8.76;8.18;8.19;7795547;133854040.00
2013/07/26;8.10;8.53;8.06;8.36;4690101;79649776.00
2013/07/29;8.36;8.37;7.88;7.95;4586742;75240656.00
2013/07/30;7.89;8.25;7.64;8.06;5033841;81309440.00
2013/07/31;7.95;8.39;7.91;8.22;4949101;82947640.00
2013/08/01;8.22;8.55;8.13;8.50;6079958;103804872.00
2013/08/02;8.51;8.59;8.26;8.30;4443367;75929664.00
2013/08/05;8.26;8.43;8.20;8.42;3386719;57613948.00
2013/08/06;8.47;8.68;8.42;8.60;6322055;110270008.00
2013/08/07;8.50;8.58;8.25;8.29;5067557;86276064.00
2013/08/08;8.31;8.42;8.24;8.25;2678112;45342540.00
2013/08/09;8.25;8.40;7.95;8.11;3964750;65761648.00
2013/08/12;8.09;8.20;8.00;8.16;3103763;51246640.00
2013/08/13;8.19;8.37;8.08;8.31;3570082;60155504.00
2013/08/14;8.29;8.29;8.11;8.21;2659661;44388712.00
2013/08/15;8.19;8.63;8.09;8.50;7395748;126986472.00
2013/08/16;8.40;8.42;8.15;8.17;4583929;77215360.00
2013/08/19;8.08;8.23;7.88;8.21;2536160;41754964.00
2013/08/20;8.18;8.31;8.10;8.14;2755749;46064244.00
2013/08/21;8.14;8.19;7.99;8.05;2557380;41879176.00
2013/08/22;8.01;8.30;8.00;8.19;3357351;56079636.00
2013/08/23;8.25;8.56;8.16;8.42;7141139;121411016.00
2013/08/26;8.37;8.54;8.30;8.45;4929261;84389608.00
2013/08/27;8.47;8.93;8.31;8.88;11202248;198593552.00
2013/08/28;8.80;8.80;8.56;8.62;6882691;121497280.00
2013/08/29;8.55;8.60;8.21;8.37;4140242;71006840.00
2013/08/30;8.31;8.36;7.80;7.90;6408640;105224264.00
2013/09/02;7.92;8.10;7.90;8.03;2465930;40159032.00
2013/09/03;8.08;8.24;7.95;8.21;3138020;52031128.00
2013/09/04;8.11;8.48;8.08;8.44;5474449;92961272.00
2013/09/05;8.43;8.86;8.33;8.62;8152028;143106608.00
2013/09/06;8.57;8.75;8.36;8.62;6635748;115047472.00
2013/09/09;8.62;8.78;8.48;8.55;6090748;106768040.00
2013/09/10;8.62;8.85;8.51;8.60;5885078;103733344.00
2013/09/11;8.45;8.80;8.01;8.80;9043607;154352800.00
2013/09/12;8.98;9.64;8.97;9.21;17093136;324788192.00
2013/09/13;8.90;9.28;8.62;9.03;9114639;166053712.00
2013/09/16;8.85;9.15;8.73;8.88;4988166;90753664.00
2013/09/17;9.78;9.78;9.78;9.78;3989718;79235800.00
2013/09/18;10.34;10.65;9.86;10.28;20390016;424938592.00
2013/09/23;10.07;10.88;10.06;10.37;15091265;319492544.00
2013/09/24;10.18;11.08;10.03;10.81;15711684;337167040.00
2013/09/25;10.55;11.55;10.51;11.01;14689841;329351872.00
2013/09/26;10.88;11.00;10.13;10.15;10130879;215474096.00
2013/09/27;10.18;10.53;10.09;10.35;6052869;126305568.00
2013/09/30;10.25;11.07;10.18;10.94;8860803;192852672.00
2013/10/08;10.75;11.05;10.61;10.75;7233942;158269520.00
2013/10/09;10.65;11.25;10.60;11.23;9017598;202693248.00
2013/10/10;11.34;11.44;10.73;10.76;9651922;215649456.00
2013/10/11;10.85;11.00;10.24;10.54;6970544;149568192.00
2013/10/14;10.55;10.90;10.31;10.87;5078281;109054368.00
2013/10/15;10.80;11.05;10.45;10.48;4523384;98087024.00
2013/10/16;10.42;10.59;9.77;9.97;4930579;101027064.00
2013/10/17;10.04;10.12;9.70;9.74;3346120;67055612.00
2013/10/18;9.75;10.08;9.70;9.98;2669121;53803288.00
2013/10/21;10.03;10.30;9.98;10.15;2957890;61040204.00
2013/10/22;10.15;10.25;9.82;9.85;3337700;67382424.00
2013/10/23;9.90;10.24;9.80;10.05;3865645;78927280.00
2013/10/24;9.84;10.00;9.65;9.66;3054980;60732740.00
2013/10/25;9.64;10.20;9.64;9.87;5970923;121858000.00
2013/10/28;9.88;10.21;9.78;10.20;3750946;76449488.00
2013/10/29;10.12;10.19;9.31;9.77;3569599;71366576.00
2013/10/30;9.78;10.02;9.70;9.88;1787430;35774904.00
2013/10/31;9.92;9.92;9.55;9.59;1857838;36571164.00
2013/11/01;9.52;9.64;9.14;9.45;2345059;44273220.00
2013/11/04;9.47;9.47;9.23;9.33;1469643;27773916.00
2013/11/05;9.35;9.49;9.13;9.43;1642320;31075704.00
2013/11/06;9.45;9.60;9.29;9.45;1981049;37919236.00
2013/11/07;9.29;9.35;9.05;9.08;1762909;32783054.00
2013/11/08;9.05;9.09;8.54;8.67;2718494;48067324.00
2013/11/11;8.67;8.85;8.47;8.85;1514602;26715382.00
2013/11/12;8.80;8.94;8.71;8.91;1369181;24610954.00
2013/11/13;8.87;8.93;8.64;8.65;1192104;21313974.00
2013/11/14;8.64;8.81;8.42;8.75;1620629;28402994.00
2013/11/15;8.70;9.06;8.70;9.04;2157215;39324204.00
2013/11/18;9.08;9.35;9.07;9.23;2285037;42840612.00
2013/11/19;9.33;9.35;9.15;9.34;2211827;41663300.00
2013/11/20;9.34;9.77;9.16;9.74;4500874;87233712.00
2013/11/21;9.63;9.77;9.54;9.67;2908720;57055408.00
2013/11/22;9.71;9.83;9.35;9.44;2507788;48516104.00
2013/11/25;9.45;9.62;9.36;9.38;1808032;34750404.00
2013/11/26;9.41;9.46;9.18;9.28;1756153;33177746.00
2013/11/27;9.25;9.54;9.20;9.44;1857989;35551076.00
2013/11/28;9.50;9.59;9.40;9.45;1805694;34791220.00
2013/11/29;9.49;9.68;9.40;9.62;2541264;49302700.00
2013/12/02;9.31;9.43;8.83;8.87;3130187;57703216.00
2013/12/03;8.79;9.00;8.68;8.95;1753130;31546982.00
2013/12/04;8.85;9.13;8.85;8.96;1760450;32308948.00
2013/12/05;8.98;9.06;8.79;8.85;1797814;32432016.00
2013/12/06;8.85;9.12;8.85;8.98;1803299;33072386.00
2013/12/09;9.00;9.50;9.00;9.35;2609896;49338280.00
2013/12/10;9.35;9.50;9.29;9.50;2419862;46306708.00
2013/12/11;9.43;9.45;9.26;9.26;1452650;27539844.00
2013/12/12;9.26;9.48;9.26;9.35;1574759;30090932.00
2013/12/13;9.30;9.35;9.11;9.19;1281575;23953702.00
2013/12/16;9.20;10.04;9.20;9.60;5066332;99638408.00
2013/12/17;9.45;9.45;9.11;9.36;2712411;51105632.00
2013/12/18;9.30;9.32;9.12;9.15;1245293;23276550.00
2013/12/19;9.15;9.38;9.12;9.19;926516;17370222.00
2013/12/20;9.18;9.23;9.00;9.07;1043357;19214294.00
2013/12/23;9.06;9.10;8.85;9.10;1720126;31437108.00
2013/12/24;9.16;9.54;9.09;9.43;1920773;36358816.00
2013/12/25;9.58;9.90;9.45;9.82;4360244;86473192.00
2013/12/26;9.76;9.92;9.67;9.75;3792754;75607840.00
2013/12/27;9.77;10.14;9.76;9.93;3839612;77917464.00
2013/12/30;10.18;10.34;9.95;10.01;3159493;65048720.00
2013/12/31;9.95;10.13;9.70;9.89;2454396;49331908.00
2014/01/02;9.85;10.19;9.81;10.09;2650745;54145244.00
2014/01/03;10.09;10.12;9.82;9.85;2209391;44603184.00
2014/01/06;9.82;9.82;9.51;9.59;1815908;35536520.00
2014/01/07;9.59;9.74;9.41;9.55;1618551;31470010.00
2014/01/08;9.46;9.68;9.45;9.66;1965307;38316684.00
2014/01/09;9.65;10.03;9.59;9.80;3154769;63299740.00
2014/01/10;9.70;9.70;9.26;9.35;2085279;40047496.00
2014/01/13;9.34;9.48;9.29;9.34;1054921;20061608.00
2014/01/14;9.33;9.59;9.33;9.59;1446803;28032170.00
2014/01/15;9.62;9.97;9.62;9.95;2959749;59280000.00
2014/01/16;9.95;10.15;9.75;10.06;3668471;74347264.00
2014/01/17;9.89;10.15;9.89;9.91;2115842;42904828.00
2014/01/20;9.86;10.50;9.80;10.30;5983745;124764512.00
2014/01/21;10.20;11.35;10.15;11.35;13804899;308179008.00
2014/01/22;11.50;12.50;11.39;12.50;18007728;444209728.00
2014/01/23;12.68;13.48;12.54;13.08;19605585;513763680.00
2014/01/24;12.65;12.90;12.49;12.66;12815668;329531584.00
2014/01/27;12.45;12.78;12.27;12.29;10279290;260654688.00
2014/01/28;12.36;12.86;12.28;12.48;8816794;224409280.00
2014/01/29;12.86;13.75;12.62;13.58;14443889;386743488.00
2014/01/30;13.01;13.10;12.55;12.71;8507207;220278992.00
2014/02/07;12.58;13.33;12.30;13.17;6731904;176393376.00
2014/02/10;13.10;14.45;12.87;13.68;11266576;309123840.00
2014/02/11;13.55;14.30;13.20;14.14;8556625;239360192.00
2014/02/12;13.85;14.35;13.63;13.69;6729088;188743104.00
2014/02/13;13.43;14.83;13.43;14.18;8555363;245655600.00
2014/02/14;14.13;15.61;14.00;15.61;11872747;370475616.00
2014/02/17;15.35;17.19;15.19;17.19;11160228;365788288.00
2014/02/18;16.97;17.45;16.63;17.00;7767370;265617232.00
2014/02/19;16.85;18.60;16.66;17.31;9321593;329506688.00
2014/02/20;16.89;17.06;15.57;16.10;8573986;282553632.00
2014/02/21;15.90;16.60;15.55;16.52;5025879;162898368.00
2014/02/24;16.51;17.42;16.35;16.80;6714166;229933424.00
2014/02/25;16.36;16.60;15.15;15.34;6733561;215652288.00
2014/02/26;15.15;15.77;14.15;15.74;5862334;176104752.00
2014/02/27;15.41;16.90;15.24;15.98;7841910;255668384.00
2014/02/28;15.60;16.64;14.92;15.77;5463959;173569040.00
2014/03/03;15.40;16.43;15.11;15.79;5685464;182499520.00
2014/03/04;15.65;17.39;15.50;17.39;10715444;363019840.00
2014/03/05;17.56;18.10;16.92;17.43;8781442;309140000.00
2014/03/06;17.27;18.20;16.83;17.49;6950245;246363472.00
2014/03/07;17.75;19.25;17.61;18.74;9081266;337418848.00
2014/03/10;18.20;18.48;16.85;17.03;6469523;227919088.00
2014/03/11;16.61;17.40;16.58;16.90;3697456;126932288.00
2014/03/12;16.59;16.84;15.19;15.19;7327326;231521456.00
2014/03/13;15.19;15.70;14.87;15.67;3986316;124464704.00
2014/03/14;15.94;16.84;15.94;16.24;4586284;151298096.00
2014/03/17;15.87;17.32;15.62;17.02;5658527;189810112.00
2014/03/18;16.85;17.30;16.79;16.90;3300962;113079648.00
2014/03/19;17.13;17.85;17.06;17.12;4497925;157948064.00
2014/03/20;17.09;17.68;16.20;16.25;4249187;144896880.00
2014/03/21;16.04;17.53;15.89;17.34;4044028;137081088.00
2014/03/24;17.22;17.49;16.35;16.55;4527818;153879424.00
2014/03/25;16.55;16.68;15.71;16.25;3783225;123409808.00
2014/03/26;16.04;16.59;15.94;16.35;2547041;84082152.00
2014/03/27;16.04;16.24;15.09;15.09;3790836;119641848.00
2014/03/28;15.17;15.18;13.57;13.57;8529340;238009536.00
2014/03/31;12.90;13.79;12.55;13.43;5602321;148851984.00
2014/04/01;13.20;13.75;13.00;13.58;3544243;96351216.00
2014/04/02;13.55;13.88;13.28;13.33;3868029;106058128.00
2014/04/03;13.33;14.66;13.17;14.35;6997557;200036112.00
2014/04/04;14.18;14.43;13.85;14.18;4714449;134791600.00
2014/04/08;13.87;13.88;13.40;13.81;4700671;129592112.00
2014/04/09;13.90;14.42;13.87;14.17;4573854;131067992.00
2014/04/10;14.03;14.84;13.90;14.25;6583405;191873200.00
2014/04/11;13.90;14.50;13.80;14.34;5230725;150377856.00
2014/04/14;14.21;14.85;14.21;14.55;4715857;138553696.00
2014/04/15;14.84;16.02;14.69;16.02;7635069;241977472.00
2014/04/16;16.15;17.25;15.85;16.44;13610051;452536096.00
2014/04/17;16.40;16.80;15.78;15.94;7763688;253652096.00
2014/04/18;15.90;16.43;15.78;16.07;6546534;214310912.00
2014/04/21;15.85;16.15;15.36;15.89;5246384;166606096.00
2014/04/22;15.76;15.79;14.80;15.23;4891172;151795456.00
2014/04/23;15.23;15.54;14.95;15.49;4697408;145225072.00
2014/04/24;15.90;15.91;14.12;14.35;5369638;162118496.00
2014/04/25;14.00;14.60;13.93;13.95;3363133;96138072.00
2014/04/28;13.35;14.02;13.10;13.65;5287260;144571632.00
2014/04/29;13.41;13.89;13.40;13.82;2747968;76207512.00
2014/04/30;13.85;14.29;13.70;14.15;3043620;86670160.00
2014/05/05;14.35;14.72;14.18;14.35;3617754;105242688.00
2014/05/06;14.45;14.76;14.19;14.76;4348356;127394736.00
2014/05/07;14.70;14.70;13.45;13.68;6061773;170626320.00
2014/05/08;13.30;14.68;13.21;14.10;7399135;208798064.00
2014/05/09;13.88;14.10;13.54;13.60;3514306;97545488.00
2014/05/12;13.67;14.35;13.60;14.02;4244177;119948624.00
2014/05/13;14.05;15.18;13.96;14.76;7810283;231783248.00
2014/05/14;14.55;14.85;14.30;14.49;4916769;143905104.00
2014/05/15;14.47;14.98;14.25;14.41;5029443;148533808.00
2014/05/16;14.00;14.33;13.73;14.24;3607909;102590032.00
2014/05/19;14.09;14.98;13.99;14.58;5820474;171171808.00
2014/05/20;14.64;15.28;14.58;15.19;9305034;282129632.00
2014/05/21;14.95;15.20;14.70;14.94;4996122;150607584.00
2014/05/22;14.80;15.11;14.50;14.53;4884542;146087680.00
2014/05/23;14.60;16.00;14.60;15.73;13929591;442821792.00
2014/05/26;15.87;16.25;15.70;16.07;11530183;370813152.00
2014/05/27;15.91;16.33;15.81;16.00;9729289;315550112.00
2014/05/28;15.99;16.16;15.65;15.99;6000356;192275952.00
2014/05/29;16.00;16.06;14.85;14.99;8166133;253510560.00
2014/05/30;15.08;15.19;14.38;14.91;4984331;148765536.00
2014/06/03;14.89;15.29;14.80;15.20;4193955;128337048.00
2014/06/04;15.86;16.33;15.60;15.73;10283393;331308512.00
2014/06/05;15.73;16.12;15.45;16.05;7379762;237309248.00
2014/06/06;16.03;16.03;15.47;15.60;5036807;159067136.00
2014/06/09;15.62;16.30;15.62;15.91;7526328;242747264.00
2014/06/10;15.90;15.90;14.95;15.71;6126405;189493936.00
2014/06/11;15.60;15.60;15.25;15.42;3964059;122611120.00
2014/06/12;15.42;15.65;15.15;15.19;3536389;108999576.00
2014/06/13;15.00;15.24;14.60;15.08;5088177;153002640.00
2014/06/16;15.05;15.34;14.95;15.20;3720544;113592512.00
2014/06/17;15.20;15.30;14.78;14.85;3302072;99344440.00
2014/06/18;14.90;15.05;14.34;14.37;4343676;127617944.00
2014/06/19;14.40;14.50;13.57;13.79;3918419;110238576.00
2014/06/20;13.79;14.10;13.66;14.07;2342830;65917136.00
2014/06/23;14.07;14.39;14.07;14.22;2151427;61741460.00
2014/06/24;14.30;14.45;14.20;14.26;2014890;58057708.00
2014/06/25;14.21;14.23;13.85;13.92;2115156;59420968.00
2014/06/26;13.92;14.73;13.88;14.37;4162535;120452672.00
2014/06/27;14.35;14.59;14.11;14.40;3293764;95103816.00
2014/06/30;14.40;14.55;14.17;14.37;2070885;59640048.00
2014/07/01;14.40;14.50;14.21;14.37;2063232;59685364.00
2014/07/02;14.60;15.78;14.54;15.12;9505788;289968768.00
2014/07/03;15.50;16.59;15.40;16.38;14896765;479484352.00
2014/07/04;16.86;17.04;16.03;16.20;11464649;379309824.00
2014/07/07;16.56;16.63;15.86;16.03;6816661;222142816.00
2014/07/08;15.90;15.98;15.27;15.74;7072702;221629952.00
2014/07/09;15.50;16.25;15.45;15.90;8227519;263589984.00
2014/07/10;15.69;16.24;15.65;16.00;6712870;216719696.00
2014/07/11;16.00;16.29;15.64;15.69;5822900;186639744.00
2014/07/14;15.65;15.66;14.99;15.26;5043182;154294112.00
2014/07/15;15.20;15.36;15.00;15.23;2910420;89096136.00
2014/07/16;15.23;15.23;14.30;14.42;5442899;159905088.00
2014/07/17;14.40;14.55;13.90;14.05;4202381;119301464.00
2014/07/18;14.05;14.38;14.05;14.18;2329599;66902276.00
2014/07/21;14.15;14.38;13.90;14.04;2607522;74136536.00
2014/07/22;14.11;14.40;14.00;14.40;2919914;83821664.00
2014/07/23;14.55;14.58;14.03;14.07;2840298;81396752.00
2014/07/24;13.97;14.19;13.62;13.82;3102704;86261312.00
2014/07/25;13.82;14.40;13.82;14.27;2855968;81783720.00
2014/07/28;14.35;14.65;14.16;14.60;4759057;137909040.00
2014/07/29;14.75;14.85;14.60;14.71;5678315;168270304.00
2014/07/30;14.65;14.83;14.52;14.77;3831679;113344544.00
2014/07/31;14.73;14.77;14.59;14.72;2475708;73131080.00
2014/08/01;14.60;14.60;14.16;14.22;4313793;124292752.00
2014/08/04;14.13;14.38;14.04;14.35;2365532;68044136.00
2014/08/05;14.36;14.53;14.18;14.47;2659906;77070888.00
2014/08/06;14.40;14.80;14.19;14.70;4897155;144233488.00
2014/08/07;14.82;14.90;14.68;14.77;4224917;125968584.00
2014/08/08;14.82;14.84;14.61;14.67;2075328;61422636.00
2014/08/11;14.83;15.24;14.83;14.96;4941934;149743872.00
2014/08/12;14.99;15.10;14.65;14.79;3499758;104070328.00
2014/08/13;14.75;14.86;14.58;14.81;2613760;77482600.00
2014/08/14;14.81;15.25;14.75;15.07;5321677;160948000.00
2014/08/15;15.64;15.80;15.32;15.39;8250155;257580336.00
2014/08/18;15.25;16.30;15.24;16.07;7715993;245692416.00
2014/08/19;16.05;16.06;15.63;15.77;5578328;177749872.00
2014/08/20;15.77;16.12;15.70;15.74;4045287;129436016.00
2014/08/21;15.74;15.95;15.38;15.57;3812414;120082600.00
2014/08/22;15.59;15.84;15.54;15.74;2707593;85609896.00
2014/08/25;15.65;15.68;15.28;15.29;2788430;86785224.00
2014/08/26;15.21;15.45;14.75;14.78;3263173;98624480.00
2014/08/27;14.78;14.93;14.78;14.85;1684122;50330240.00
2014/08/28;14.91;15.13;14.55;15.07;2902534;87077400.00
2014/08/29;14.95;15.10;14.77;15.05;1834821;55202524.00
2014/09/01;15.05;15.30;15.01;15.25;1860176;56849116.00
2014/09/02;15.33;15.62;15.24;15.56;3243243;101124552.00
2014/09/03;15.59;15.84;15.48;15.74;4102493;129432624.00
2014/09/04;15.88;16.00;15.75;15.81;4347390;138484592.00
2014/09/05;15.85;15.90;15.59;15.76;3370457;106547352.00
2014/09/09;16.05;16.23;15.78;15.94;5353346;171657184.00
2014/09/10;15.88;16.75;15.72;16.69;8473915;278271648.00
2014/09/11;16.48;16.63;16.15;16.27;5552847;182919184.00
2014/09/12;16.25;16.48;16.07;16.44;5008202;164542928.00
2014/09/15;16.89;18.09;16.88;18.09;25502865;454985472.00
2014/09/16;19.25;19.77;18.76;19.34;43782020;852296704.00
2014/09/17;19.30;19.30;17.91;18.60;17783826;331248064.00
2014/09/18;18.49;18.49;17.94;18.03;14375890;261301184.00
2014/09/19;18.07;19.84;18.07;19.84;21193903;411779008.00
2014/09/22;20.56;21.40;19.93;20.55;34561422;715595904.00
2014/09/23;20.20;20.84;19.95;20.45;17018011;348106816.00
2014/09/24;20.45;20.45;20.00;20.28;12920913;262370208.00
2014/09/25;20.28;20.59;20.10;20.15;11933506;243503648.00
2014/09/26;20.00;20.00;19.41;19.80;9085473;179623984.00
2014/09/29;19.86;21.10;19.80;20.49;15032184;310237664.00
2014/09/30;20.35;20.45;19.91;20.33;8051201;162972976.00
2014/10/08;20.16;20.28;19.80;20.27;7379506;148778208.00
2014/10/09;20.20;21.34;20.00;20.69;15265730;318473088.00
2014/10/10;20.47;20.47;20.15;20.30;7895117;160968400.00
2014/10/13;20.04;20.20;19.83;20.20;5683414;114225304.00
2014/10/14;20.06;20.40;19.93;20.05;5483461;110840544.00
2014/10/15;19.94;20.15;19.75;20.00;5161874;103102904.00
2014/10/16;19.89;20.88;19.68;20.23;11871093;241323696.00
2014/10/17;20.04;20.55;19.75;20.40;11373675;231863376.00
2014/10/20;20.28;20.45;19.95;20.16;6362990;128885008.00
2014/10/21;20.21;20.70;20.02;20.25;7264739;148675216.00
2014/10/22;20.07;20.25;19.70;19.72;6948710;139059296.00
2014/10/23;19.72;19.89;18.86;18.89;7157204;137517648.00
2014/10/24;18.86;19.07;18.61;18.63;3948878;74543296.00
2014/10/27;18.63;18.63;18.00;18.52;3686942;67698944.00
2014/10/28;18.50;19.25;18.44;19.14;4450138;84761528.00
2014/10/29;19.17;19.37;18.93;19.21;5493499;105887856.00
2014/10/30;19.21;19.28;18.91;18.95;4720600;90442064.00
2014/10/31;19.00;19.30;18.91;19.05;3743570;71718168.00
2014/11/03;19.06;19.18;18.85;19.01;4014504;76529168.00
2014/11/04;19.08;19.09;18.56;18.57;3954964;74438424.00
2014/11/05;18.58;19.17;18.58;18.81;3854725;73268360.00
2014/11/06;18.79;18.81;18.40;18.78;3920826;73303568.00
2014/11/07;18.79;18.87;18.48;18.51;3414978;63940140.00
2014/11/10;18.51;18.65;18.21;18.46;3028564;55807192.00
2014/11/11;18.47;18.56;17.88;17.91;4729950;85926616.00
2014/11/12;17.90;18.15;17.60;18.05;2833213;51093592.00
2014/11/13;18.05;18.10;17.69;17.75;3066643;54807228.00
2014/11/14;17.76;18.10;17.75;17.93;2221559;40087432.00
2014/11/17;18.02;18.22;17.76;18.07;2798841;50815564.00
2014/11/18;18.07;18.17;17.95;18.09;1779410;32295162.00
2014/11/19;18.15;19.28;18.04;19.03;8469083;159609008.00
2014/11/20;19.03;19.03;18.45;18.66;3944648;74069800.00
2014/11/21;18.66;18.88;18.60;18.70;3437133;64680840.00
2014/11/24;18.73;18.90;18.50;18.60;4253523;79701336.00
2014/11/25;18.60;19.01;18.40;18.86;6118243;114991016.00
2014/11/26;18.86;18.97;18.70;18.85;4982802;94110944.00
2014/11/27;18.86;19.27;18.75;19.20;9131833;174834128.00
2014/11/28;19.26;19.27;18.66;18.79;6065316;115080768.00
2014/12/01;18.80;18.85;18.20;18.28;5242693;96635928.00
2014/12/02;18.25;18.50;18.10;18.31;3888666;71776416.00
2014/12/03;18.32;18.48;18.09;18.47;5700991;104672000.00
2014/12/04;18.44;19.19;18.30;18.94;8457678;159487904.00
2014/12/05;18.95;19.03;17.71;18.23;7222533;133085392.00
2014/12/08;18.10;18.26;17.76;18.00;4961819;89811064.00
2014/12/09;17.90;17.90;16.90;17.03;9170471;161249920.00
2014/12/10;16.98;17.78;16.97;17.74;4946164;87349760.00
2014/12/11;17.76;17.94;17.40;17.84;4404993;78536176.00
2014/12/12;17.70;17.94;17.60;17.84;3530396;62994568.00
2014/12/15;17.71;18.40;17.50;18.29;6414020;116494032.00
2014/12/16;18.35;18.40;17.87;17.93;4819413;87166344.00
2014/12/17;17.71;17.89;17.55;17.59;3676701;65198376.00
2014/12/18;17.59;17.98;17.56;17.63;2796486;49923132.00
2014/12/19;17.63;17.70;17.10;17.25;3730454;64865640.00
2014/12/22;17.25;17.25;16.35;16.41;4704973;78594904.00
2014/12/23;16.41;16.66;16.17;16.35;2257787;37402052.00
2014/12/24;16.40;16.69;16.40;16.57;1967036;32700738.00
2014/12/25;16.65;16.66;16.45;16.63;1936986;32257176.00
2014/12/26;16.65;16.69;16.41;16.49;2689228;44585188.00
2014/12/29;16.82;18.15;16.82;18.15;13402021;241546576.00
2014/12/30;18.21;19.39;18.21;18.87;21677434;413562560.00
2014/12/31;18.46;18.50;17.30;18.02;8635841;155660096.00
2015/01/05;17.80;17.80;16.84;17.45;7997539;139303296.00
2015/01/06;17.70;17.84;17.31;17.64;5896536;104583728.00
2015/01/07;17.49;17.55;17.20;17.48;4784796;83399256.00
2015/01/08;17.42;17.60;17.18;17.45;4100584;71767280.00
2015/01/09;17.35;17.90;17.25;17.44;4226830;74853192.00
2015/01/12;17.20;17.56;16.96;17.03;3615592;62373148.00
2015/01/13;17.03;17.28;16.98;17.17;2996288;51564984.00
2015/01/14;17.18;18.80;17.18;18.35;11396214;209285008.00
2015/01/15;18.32;18.32;16.90;17.72;6091317;108181000.00
2015/01/16;17.30;18.05;17.30;17.78;4942397;87781720.00
2015/01/19;17.39;18.08;16.97;17.49;6828330;121109184.00
2015/01/20;17.49;18.33;17.40;18.29;9029209;163307872.00
2015/01/21;18.43;19.27;18.17;18.89;17303383;327209920.00
2015/01/22;18.60;19.14;18.60;18.90;10227975;194094976.00
2015/01/23;18.92;19.12;18.43;18.54;7631871;143327408.00
2015/01/26;18.54;19.46;18.30;19.30;12139835;231918224.00
2015/01/27;19.22;19.55;18.80;19.20;10088040;194617440.00
2015/01/28;19.20;19.20;18.66;18.72;6763049;127913392.00
2015/01/29;18.53;18.83;18.35;18.63;3730174;69893104.00
2015/01/30;18.60;18.85;18.17;18.26;4388395;81308296.00
2015/02/02;18.25;18.60;17.72;18.21;3443549;63039656.00
2015/02/03;18.21;18.66;18.21;18.56;3453610;64022356.00
2015/02/04;18.55;18.56;18.11;18.17;4102511;75391984.00
2015/02/05;18.29;18.90;18.03;18.70;8412812;157190416.00
2015/02/06;18.56;20.28;18.56;19.43;22204711;435477504.00
2015/02/09;19.05;20.30;18.98;19.50;17764924;352122528.00
2015/02/10;19.47;19.47;18.59;19.10;9843428;186962400.00
2015/02/11;19.10;19.93;18.80;19.93;12016605;236999968.00
2015/02/12;19.90;20.65;19.58;19.67;17121833;347646656.00
2015/02/13;19.50;19.98;19.29;19.75;9800214;193793520.00
2015/02/16;19.68;20.55;19.60;20.39;12474948;252076928.00
2015/02/17;20.26;20.44;19.92;20.05;8630808;174505840.00
2015/02/25;20.05;20.05;19.44;19.46;6888634;136167120.00
2015/02/26;19.33;19.68;19.10;19.63;7694081;149614208.00
2015/02/27;19.45;19.63;19.23;19.48;7151218;139556320.00
2015/03/02;19.31;19.75;19.30;19.70;9735109;190828448.00
2015/03/03;19.95;21.68;19.92;21.68;36103652;772613440.00
2015/03/04;21.78;23.40;21.30;22.98;41556889;922150208.00
2015/03/05;22.85;22.85;21.85;22.07;20977404;467404800.00
2015/03/06;22.07;22.34;21.42;21.75;13221235;289362752.00
2015/03/09;21.70;22.36;21.40;21.88;12513374;276313568.00
2015/03/10;21.69;22.31;21.51;21.93;11691194;257521264.00
2015/03/11;21.70;22.92;21.62;22.52;17312061;387704736.00
2015/03/12;22.61;22.78;21.44;21.55;12967926;286251488.00
2015/03/13;21.54;21.54;20.96;21.45;8703190;185854112.00
2015/03/16;21.48;22.50;21.26;22.16;12837575;284029024.00
2015/03/17;22.16;22.42;21.81;22.26;13506680;299280736.00
2015/03/18;22.29;23.34;22.06;23.01;20558989;470947200.00
2015/03/19;23.02;23.07;22.26;22.65;14591085;330902880.00
2015/03/20;22.76;23.35;22.48;23.34;16972188;392225760.00
2015/03/23;23.78;23.88;23.08;23.47;16241535;382164576.00
2015/03/24;23.55;23.70;21.93;22.75;18770360;429815136.00
2015/03/25;23.00;24.50;22.50;23.95;21726184;511799328.00
2015/03/26;23.60;23.63;22.70;22.91;14085822;327785888.00
2015/03/27;22.87;23.34;22.70;23.01;7079762;164148048.00
2015/03/30;22.80;23.20;22.58;22.85;8736052;200107456.00
2015/03/31;22.95;23.55;22.70;23.20;12441585;289897984.00
2015/04/01;23.15;23.70;23.00;23.70;11875390;279030304.00
2015/04/02;23.75;24.82;23.75;24.23;18932258;462174112.00
2015/04/03;24.28;26.40;23.98;25.55;24633946;620244928.00
2015/04/07;24.55;25.42;24.30;25.28;19311899;483457088.00
2015/04/08;25.28;26.15;24.50;24.87;16186261;411205984.00
2015/04/09;24.68;24.68;22.47;23.31;16478152;388509312.00
2015/04/10;23.25;23.76;22.76;23.55;10343955;243832336.00
2015/04/13;23.55;24.76;23.35;24.65;14276601;344019552.00
2015/04/14;24.41;24.49;23.78;23.91;10922863;263718192.00
2015/04/15;23.78;23.78;22.35;22.35;10515781;242397568.00
2015/04/16;21.87;22.88;21.40;22.37;7055644;157449232.00
2015/04/17;22.64;22.65;22.12;22.39;7554693;170030880.00
2015/04/20;22.40;22.40;21.34;21.35;11589339;252144336.00
2015/04/21;21.35;22.35;21.33;22.35;8121768;179630320.00
2015/04/22;22.43;22.95;22.43;22.76;8974271;204798944.00
2015/04/23;22.82;23.29;22.74;22.96;9142106;210728480.00
2015/04/24;22.78;23.15;22.36;22.57;7288520;165828576.00
2015/04/27;22.70;23.15;22.58;22.82;7617596;174693264.00
2015/04/28;22.75;22.77;21.80;21.80;7358999;162978576.00
2015/04/29;21.73;22.38;21.40;22.21;5237152;115564544.00
2015/04/30;22.38;22.69;21.92;22.49;7224227;162263920.00
2015/05/04;22.30;22.59;21.90;22.32;5253111;117493384.00
2015/05/05;22.42;22.43;21.40;21.41;6010870;132093256.00
2015/05/06;21.50;21.84;20.90;20.99;5723457;123086056.00
2015/05/07;21.10;21.10;19.95;20.02;6468785;131654232.00
2015/05/08;20.22;21.36;20.22;21.25;7913784;164547856.00
2015/05/11;21.54;22.00;21.01;21.95;7637422;166022256.00
2015/05/12;22.10;23.28;21.75;22.75;12372950;279213408.00
2015/05/13;22.40;23.07;22.21;22.71;9888582;224212048.00
2015/05/14;22.50;23.40;22.40;23.21;15673897;362146848.00
2015/05/15;22.89;22.89;21.99;22.46;9746696;220288352.00
2015/05/18;22.43;23.69;22.06;23.55;17393330;404451808.00
2015/05/19;23.77;23.77;23.10;23.66;14022428;330491136.00
2015/05/20;23.86;24.67;23.65;23.67;16994305;413046112.00
2015/05/21;23.60;25.88;23.41;25.14;23081963;571579712.00
2015/05/22;25.28;25.78;24.26;25.41;22371041;565553344.00
2015/05/25;25.05;26.17;24.63;25.59;18321831;466366944.00
2015/05/26;25.60;27.75;25.40;27.24;23058799;612423552.00
2015/05/27;27.30;27.90;26.30;27.49;22768782;623131584.00
2015/05/28;27.51;28.80;25.15;25.30;22265463;614679616.00
2015/05/29;25.21;26.29;23.56;25.29;16802244;428824000.00
2015/06/01;25.45;26.85;25.30;26.64;12254854;322983744.00
2015/06/02;26.90;28.90;26.40;28.89;18633983;517656128.00
2015/06/03;28.59;28.60;27.10;27.80;15861353;443752800.00
2015/06/04;27.60;27.60;25.15;26.78;12766529;338566592.00
2015/06/05;26.90;27.79;26.50;27.10;15066838;410414752.00
2015/06/08;27.10;27.10;25.45;25.92;11114099;290358368.00
2015/06/09;25.90;26.39;25.27;25.62;8735401;226236464.00
2015/06/10;25.61;27.78;25.10;26.90;17997396;483186624.00
2015/06/11;26.43;27.47;26.41;27.26;14647934;396271648.00
2015/06/12;27.32;28.90;27.32;28.12;19919032;566091520.00
2015/06/15;27.91;30.50;27.50;28.91;21634171;637898368.00
2015/12/28;26.01;27.69;26.01;26.01;37308274;980926272.00
2015/12/29;24.90;26.90;24.58;25.49;22862177;591162496.00
2015/12/30;25.35;28.05;25.11;28.05;29966213;829495680.00
2015/12/31;28.50;28.76;25.60;25.71;28993289;783004480.00
2016/01/04;25.48;25.48;23.13;23.13;15224335;363297120.00
2016/01/05;21.05;22.36;20.81;21.15;14825658;320301472.00
2016/01/06;21.40;22.20;21.23;22.01;10520767;230336432.00
2016/01/07;21.50;21.60;19.80;19.80;2630300;53672180.00
2016/01/08;20.21;20.39;17.81;19.35;11919916;229308000.00
2016/01/11;18.40;18.90;17.41;17.41;9147318;165621472.00
2016/01/12;17.40;18.29;16.53;17.75;8681640;154781040.00
2016/01/13;17.82;18.00;16.56;16.60;6498079;113788336.00
2016/01/14;15.70;17.60;15.37;17.35;6994148;118083168.00
2016/01/15;17.20;17.95;16.85;17.07;6206165;108444384.00
2016/01/18;16.32;17.83;16.21;17.56;5539821;96674208.00
2016/01/19;17.57;18.30;17.25;18.15;6421592;115179280.00
2016/01/20;18.03;19.14;17.90;18.52;8715029;163656160.00
2016/01/21;18.17;18.45;16.81;16.89;6199466;111473912.00
2016/01/22;17.13;17.40;16.12;16.84;6222034;104906168.00
2016/01/25;17.00;17.58;16.88;17.24;4210082;72960104.00
2016/01/26;17.06;17.95;15.90;16.16;8481263;146078512.00
2016/01/27;16.16;17.18;15.41;17.06;8402905;138578144.00
2016/01/28;16.99;16.99;15.83;15.93;4579282;75770720.00
2016/01/29;15.93;16.84;15.60;16.43;5053385;82592832.00
2016/02/01;16.44;16.60;14.93;15.42;4778011;75694064.00
2016/02/02;15.54;16.20;15.45;15.99;4039979;64742768.00
2016/02/03;15.95;16.10;15.50;16.03;3216105;51048588.00
2016/02/04;16.04;16.89;16.04;16.69;5257400;87283648.00
2016/02/05;16.71;16.83;16.31;16.33;3110848;51714532.00
2016/02/15;15.41;16.59;15.41;16.40;3768720;61129612.00
2016/02/16;16.40;17.33;16.35;17.11;5580375;95270832.00
2016/02/17;17.11;17.40;16.76;17.35;5394162;92602904.00
2016/02/18;17.55;18.28;17.41;17.51;8222427;147824960.00
2016/02/19;17.40;18.50;17.30;18.34;5995508;107709344.00
2016/02/22;18.55;18.82;18.25;18.65;6676434;124556472.00
2016/02/23;18.40;18.67;17.65;17.96;4761948;86637264.00
2016/02/24;17.96;17.96;17.01;17.65;4948068;86920960.00
2016/02/25;17.69;17.75;15.88;15.88;5491562;91927336.00
2016/02/26;16.16;16.17;15.11;15.47;4929254;77099152.00
2016/02/29;15.29;15.46;13.91;13.97;6356554;90486024.00
2016/03/01;14.20;14.45;13.63;14.26;3903192;54954308.00
2016/03/02;14.21;15.20;14.06;15.05;4727521;69682000.00
2016/03/03;15.01;15.36;14.75;14.90;4754720;72056920.00
2016/03/04;14.70;14.95;14.11;14.30;4342676;63567120.00
2016/03/07;14.44;14.90;14.29;14.45;3728609;54730140.00
2016/03/08;14.38;14.57;13.60;14.51;3806539;53770840.00
2016/03/09;14.25;15.25;13.90;15.07;6785726;100986544.00
2016/03/10;14.95;16.26;14.53;15.65;9018249;140430240.00
2016/03/11;15.55;16.19;14.40;15.44;8982846;140883904.00
2016/03/14;15.32;16.12;15.26;15.81;8406191;133647056.00
2016/04/05;17.40;17.40;16.92;17.40;7197570;125880056.00
2016/04/06;17.50;18.07;17.30;17.59;16905986;300978944.00
2016/04/07;17.38;17.40;16.93;16.95;8574375;147321232.00
2016/04/08;16.60;16.90;16.16;16.65;6976998;115277552.00
2016/04/11;16.72;17.28;16.52;17.10;7649297;131216528.00
2016/04/12;17.39;17.40;16.59;16.88;6567980;112121160.00
2016/04/13;16.71;17.54;16.71;17.02;7873970;135942304.00
2016/04/14;17.16;17.55;17.03;17.36;7315515;127377360.00
2016/04/15;17.35;17.35;16.91;17.12;4827071;83212656.00
2016/04/18;17.55;18.40;17.50;17.66;13666970;245849040.00
2016/04/19;17.35;17.73;17.26;17.41;6901989;121122792.00
2016/04/20;17.49;17.50;15.90;16.12;8518647;142120112.00
2016/04/21;16.12;16.53;15.91;16.05;4827602;79216984.00
2016/04/22;16.04;16.58;15.75;16.39;4124756;67386416.00
2016/04/25;16.40;16.90;16.15;16.88;4849368;81349816.00
2016/04/26;16.85;17.67;16.52;17.64;8912117;154311632.00
2016/04/27;17.59;18.40;17.40;18.24;15706876;284314048.00
2016/04/28;18.19;18.60;17.60;17.90;12352530;224416640.00
2016/04/29;17.87;18.35;17.45;18.25;12034756;217386064.00
2016/05/03;17.87;18.16;17.31;18.09;15809450;282632128.00
2016/05/04;17.80;18.07;17.53;17.62;9096587;162479088.00
2016/05/05;17.35;17.50;16.93;17.38;12730805;219962208.00
2016/05/06;17.30;17.35;16.35;16.39;9733811;165372656.00
2016/05/09;16.21;16.21;15.15;15.30;5880163;92281640.00
2016/05/10;14.80;15.18;14.60;14.88;5576518;83954120.00
2016/05/11;14.91;15.12;14.64;14.77;3490391;52268588.00
2016/05/12;14.41;14.70;14.08;14.58;3031481;43920840.00
2016/05/13;14.66;14.89;14.50;14.75;2897916;42961396.00
2016/05/16;14.78;15.15;14.75;15.14;3240395;48862376.00
2016/05/17;15.18;15.18;14.78;14.95;3104750;46769556.00
2016/05/18;14.89;14.89;14.11;14.15;3562418;51670028.00
2016/05/19;14.06;14.65;14.06;14.20;2631276;38107632.00
2016/05/20;14.06;14.35;13.90;14.35;2269050;32509180.00
2016/05/23;14.42;15.02;14.36;15.00;5638213;83684480.00
2016/05/24;15.47;15.90;15.05;15.08;8082421;125278320.00
2016/05/25;14.95;15.15;14.69;14.88;4325914;64968228.00
2016/05/26;14.96;15.25;14.79;15.19;5406506;81916112.00
2016/05/27;15.25;15.76;15.20;15.46;8204412;127912672.00
2016/05/30;15.30;15.30;14.87;15.05;4373340;66287996.00
2016/05/31;15.05;15.76;15.01;15.72;8177964;127434944.00
2016/06/01;15.80;15.90;15.48;15.61;8037277;126863456.00
2016/06/02;15.61;15.77;15.41;15.65;5934473;93134584.00
2016/06/03;15.66;15.68;15.33;15.52;6064416;94712240.00
2016/06/06;15.61;15.88;15.43;15.88;7612959;120229552.00
2016/06/07;15.76;16.44;15.76;16.44;11948742;193728288.00
2016/06/08;16.38;16.75;16.21;16.69;10209199;169717808.00
2016/06/13;16.50;17.13;15.15;15.23;12057320;199844368.00
2016/06/14;14.99;15.26;14.69;14.95;5854052;87878424.00
2016/06/15;14.68;15.58;14.40;15.37;6439408;99036120.00
2016/06/16;15.31;15.44;14.91;15.01;5598096;84989064.00
2016/06/17;14.97;15.56;14.97;15.52;6281694;97300544.00
2016/06/20;15.38;15.96;15.28;15.84;7039907;111137432.00
2016/06/21;15.89;16.07;15.31;15.37;6033986;95152816.00
2016/06/22;15.39;15.58;15.15;15.50;5043955;77920672.00
2016/06/23;15.32;15.95;15.32;15.81;6996910;110644400.00
2016/06/24;15.65;15.91;14.95;15.44;7332132;114294504.00
2016/06/27;15.41;15.88;15.32;15.82;5646436;89158280.00
2016/06/28;15.63;16.04;15.60;15.98;9398488;150455648.00
2016/06/29;16.05;16.24;15.83;16.16;6905323;111520376.00
2016/06/30;16.16;16.29;15.91;16.21;7487802;121216928.00
2016/07/01;16.13;17.84;16.10;17.84;24635965;431659040.00
2016/07/04;17.70;18.80;17.59;18.28;21424061;389785280.00
2016/07/05;18.30;18.50;17.94;18.43;14921115;273781280.00
2016/07/06;18.13;19.08;18.10;18.80;14635520;272601600.00
2016/07/07;18.60;18.66;17.94;18.35;11177711;205135936.00
2016/07/08;18.16;18.35;17.74;18.10;6693100;121011832.00
2016/07/11;18.08;18.18;17.63;17.75;9561965;172293040.00
2016/07/12;17.60;18.65;17.50;18.59;17055065;307630208.00
2016/07/25;18.39;18.57;17.07;17.93;11175115;199237632.00
2016/07/26;17.88;18.15;17.54;18.08;5682232;101623832.00
2016/07/27;17.97;18.10;16.38;16.65;7832984;134348720.00
2016/07/28;16.66;18.32;16.42;18.32;14450011;259935792.00
2016/07/29;18.80;19.06;18.22;18.32;19113562;356869440.00
2016/08/01;18.03;20.15;17.02;20.15;23791054;448388160.00
2016/08/02;19.60;20.55;19.60;20.30;20950877;421597184.00
2016/08/03;19.90;20.96;19.65;20.47;16944228;345517888.00
2016/08/04;20.28;20.49;19.66;20.03;11185494;223752000.00
2016/08/05;19.81;21.96;19.60;20.78;26717903;554748992.00
2016/08/08;20.30;21.30;19.80;20.93;12809571;264292256.00
2016/08/09;20.55;23.02;20.20;23.02;20532082;447349280.00
2016/08/10;22.81;23.80;22.34;23.08;22377276;516214944.00
2016/08/11;22.94;23.49;22.11;22.38;20111298;457101248.00
2016/08/12;22.91;22.99;21.69;21.81;20611861;454031104.00
2016/08/15;21.45;22.10;20.55;21.20;51764551;1089343232.00
2016/08/16;21.00;21.29;20.85;21.09;25410253;535569408.00
2016/08/17;21.14;21.49;20.56;21.12;27926046;588312000.00
2016/08/18;21.00;21.00;20.61;20.66;16846659;350762016.00
2016/08/19;20.70;21.03;20.63;20.73;13699439;284949856.00
2016/08/22;20.80;20.89;20.00;20.03;13116196;266990320.00
2016/08/23;20.00;20.75;19.68;20.54;16068297;324970016.00
2016/08/24;20.42;20.50;20.20;20.23;9176006;186500528.00
2016/08/25;20.10;20.17;19.21;19.61;10211218;200508192.00
2016/08/26;19.77;20.09;19.60;19.73;7510229;148848416.00
2016/08/29;19.73;20.30;19.40;20.22;9172063;182818688.00
2016/08/30;20.04;20.69;20.01;20.39;12434278;254205088.00
2016/08/31;20.65;20.88;20.22;20.39;11041306;226519776.00
2016/09/01;20.09;20.10;19.61;19.69;8257427;163607248.00
2016/09/02;19.39;19.60;18.88;18.96;8506906;163282496.00
2016/09/05;18.81;19.19;18.54;18.97;7051039;132900176.00
2016/09/06;18.84;19.15;18.55;19.05;7666351;144282288.00
2016/09/07;19.03;19.83;18.99;19.20;11494041;223303200.00
2016/09/08;19.21;19.35;18.93;19.04;5588849;106765088.00
2016/09/09;19.06;19.17;18.59;18.62;5832810;109837416.00
2016/09/12;17.77;18.15;17.60;17.61;6381214;114063896.00
2016/09/13;17.81;17.90;17.57;17.72;4328045;76599112.00
2016/09/14;17.71;18.18;17.64;17.82;4360575;78159160.00
2016/09/19;17.95;18.10;17.86;17.97;2754308;49465400.00
2016/09/20;17.97;18.09;17.85;18.00;3180983;57139056.00
2016/09/21;18.00;18.28;17.87;18.22;4688009;84806696.00
2016/09/22;18.40;19.50;18.26;19.17;14698196;277982912.00
2016/09/23;19.10;19.11;18.50;18.80;7105954;133628040.00
2016/09/26;18.70;18.79;17.70;17.80;6225525;113513408.00
2016/09/27;17.62;18.18;17.51;18.11;4078386;73160024.00
2016/09/28;18.00;18.17;17.80;17.85;2366376;42537892.00
2016/09/29;17.86;18.77;17.81;18.12;5226226;95360384.00
2016/09/30;18.02;18.39;18.01;18.33;3219500;58655896.00
2016/10/10;18.38;18.88;18.30;18.79;5393383;100315712.00
2016/10/11;18.79;18.79;18.51;18.63;4342509;80834224.00
2016/10/12;18.54;18.75;18.45;18.56;4210451;78322048.00
2016/10/13;18.51;19.06;18.51;18.95;8441640;159672720.00
2016/10/14;18.73;18.90;18.46;18.65;4949790;92086152.00
2016/10/17;18.65;18.70;18.08;18.10;4873759;89784544.00
2016/10/18;18.10;18.37;17.98;18.35;3955388;71917824.00
2016/10/19;18.46;18.46;17.96;18.11;6545159;118702728.00
2016/10/20;18.13;18.38;18.11;18.31;5101458;93296280.00
2016/10/21;18.30;20.14;18.30;20.14;29166773;567731072.00
2016/10/24;20.00;21.88;19.66;21.01;39909182;814472768.00
2016/10/25;20.65;21.47;20.50;20.70;26495514;552695296.00
2016/10/26;20.40;21.38;20.22;20.82;21649761;451451584.00
2016/10/27;20.68;20.75;20.20;20.45;12499066;254858560.00
2016/10/28;20.47;20.57;20.11;20.23;10478377;212359856.00
2016/10/31;20.10;20.78;20.01;20.36;10674693;217883248.00
2016/11/01;20.46;21.30;20.13;20.94;17620180;363302208.00
2016/11/02;20.77;20.93;20.23;20.28;12489470;256359008.00
2016/11/03;20.08;20.50;19.70;19.96;11747471;235811536.00
2016/11/04;19.96;20.45;19.94;20.28;9094162;183562592.00
2016/11/07;20.28;20.35;19.75;19.88;6965527;138741296.00
2016/11/08;19.99;20.13;19.80;19.91;6438274;128234120.00
2016/11/09;19.90;20.40;19.68;20.02;11164653;223960080.00
2016/11/10;20.01;20.39;19.90;20.35;10990111;221723456.00
2016/11/11;20.38;20.80;19.86;19.94;11347364;229064992.00
2016/11/14;19.75;19.85;19.26;19.31;11587124;226149440.00
2016/11/15;19.35;19.56;19.21;19.56;5574737;108069504.00
2016/11/16;19.50;19.71;19.46;19.52;5964498;116714848.00
2016/11/17;19.45;19.45;19.02;19.06;3852800;73848240.00
数据来源:通达信
