002453 天马精化 日线 前复权
      日期	    开盘	    最高	    最低	    收盘	    成交量	    成交额
2010/07/20;4.79;5.29;4.79;5.22;21277874;449951328.00
2010/07/21;5.22;5.77;5.14;5.49;16470965;372303968.00
2010/07/22;5.48;5.60;5.27;5.57;11636375;264601664.00
2010/07/23;5.49;5.68;5.40;5.60;8498080;196115504.00
2010/07/26;5.68;6.13;5.68;6.03;8961114;220850976.00
2010/07/27;6.02;6.59;5.89;6.49;7363146;190209424.00
2010/07/28;6.37;6.64;6.17;6.47;7452981;198126672.00
2010/07/29;6.49;6.89;6.47;6.52;7689366;212358688.00
2010/07/30;6.64;6.97;6.57;6.96;6255805;174317344.00
2010/08/02;6.84;7.09;6.77;6.94;5222690;149488928.00
2010/08/03;6.95;7.01;6.66;6.81;4975635;139750800.00
2010/08/04;6.76;6.94;6.62;6.92;3918220;110445512.00
2010/08/05;6.84;7.18;6.73;7.01;4873203;139955440.00
2010/08/06;6.94;7.04;6.74;6.92;3384721;96373392.00
2010/08/09;6.85;7.18;6.85;7.18;4019813;116615920.00
2010/08/10;7.14;7.54;7.02;7.22;4499262;135891328.00
2010/08/11;7.16;7.32;6.97;7.10;3330965;97774184.00
2010/08/12;6.97;7.07;6.67;6.79;3822743;108292712.00
2010/08/13;6.76;6.98;6.70;6.88;2284247;64899056.00
2010/08/16;6.87;7.14;6.80;7.04;2323058;67192560.00
2010/08/17;7.07;7.13;6.86;6.95;2757397;79525928.00
2010/08/18;6.88;7.32;6.81;7.32;3823252;110756984.00
2010/08/19;7.24;7.46;7.13;7.22;3541677;106194000.00
2010/08/20;7.13;7.17;6.87;7.00;2340375;67579808.00
2010/08/23;6.99;7.27;6.94;7.18;2657993;78395512.00
2010/08/25;7.13;7.92;7.07;7.92;5222229;164889504.00
2010/08/26;8.02;8.58;7.97;8.31;4879574;166780720.00
2010/08/27;8.32;8.89;8.03;8.68;3003417;104547600.00
2010/08/30;8.67;8.84;8.54;8.77;3479894;124236968.00
2010/08/31;8.69;9.16;8.57;9.05;3737545;135185744.00
2010/09/01;8.94;9.01;8.13;8.22;5106401;177758176.00
2010/09/02;8.32;8.52;8.13;8.35;3742988;128318448.00
2010/09/03;8.27;8.51;8.17;8.39;2513909;85958104.00
2010/09/06;8.27;8.37;7.79;8.00;3170608;104278336.00
2010/09/07;7.95;8.12;7.83;8.01;1704714;56219200.00
2010/09/08;7.89;8.16;7.77;8.12;1681811;55531508.00
2010/09/09;8.10;8.33;8.04;8.26;1898869;63841068.00
2010/09/10;8.20;8.26;7.93;8.12;1460179;48656676.00
2010/09/13;7.52;8.12;7.52;7.91;1582104;51568772.00
2010/09/14;8.01;8.32;7.92;8.26;1986928;67103288.00
2010/09/15;8.26;8.39;8.02;8.02;1532189;51676164.00
2010/09/16;7.94;8.02;7.39;7.46;1711624;53709132.00
2010/09/17;7.42;7.61;7.17;7.54;1228870;37414440.00
2010/09/20;7.54;7.54;7.18;7.20;1080122;32548524.00
2010/09/21;7.20;7.33;7.20;7.26;342423;10285238.00
2010/09/27;7.25;7.45;7.25;7.40;532209;16124599.00
2010/09/28;7.39;7.61;7.34;7.45;747036;23096268.00
2010/09/29;7.34;7.79;7.28;7.57;1300553;40625904.00
2010/09/30;7.48;7.75;7.48;7.69;613034;19322198.00
2010/10/08;7.77;7.93;7.64;7.93;758469;24391326.00
2010/10/11;7.89;7.94;7.38;7.77;1896840;59520572.00
2010/10/12;7.79;7.79;7.64;7.77;935408;29832926.00
2010/10/13;7.69;7.69;7.39;7.45;834597;25725318.00
2010/10/14;7.45;7.52;6.92;6.96;1758222;51459332.00
2010/10/15;7.02;7.18;6.99;7.02;1020208;29763482.00
2010/10/18;7.04;7.06;6.72;6.86;902899;25379080.00
2010/10/19;6.85;7.36;6.77;7.24;980548;29002042.00
2010/10/20;7.16;7.53;7.10;7.47;3515152;107191760.00
2010/10/21;7.47;7.64;7.29;7.44;1145540;35074608.00
2010/10/22;7.44;7.63;7.43;7.48;1504170;46774680.00
2010/10/25;7.53;8.14;7.52;8.00;2169748;70551392.00
2010/10/26;8.01;8.24;7.77;8.09;1743371;57483240.00
2010/10/27;8.25;8.46;8.02;8.05;1829048;61911440.00
2010/10/28;7.99;8.14;7.94;8.07;1074058;35450928.00
2010/10/29;8.12;8.34;8.02;8.27;1181118;39859020.00
2010/11/01;8.46;9.12;8.32;9.12;2313503;84274384.00
2010/11/02;9.43;9.54;8.94;8.94;3603930;137538336.00
2010/11/03;8.86;8.94;8.52;8.56;1382796;49293524.00
2010/11/04;8.49;8.95;8.49;8.85;1298917;46722132.00
2010/11/05;8.96;8.96;8.64;8.76;944692;33908372.00
2010/11/08;8.76;9.66;8.67;9.66;2177677;82710816.00
2010/11/09;9.52;9.64;9.32;9.42;1501660;58308004.00
2010/11/10;9.39;9.84;9.29;9.49;1168527;46003384.00
2010/11/11;9.38;9.57;9.25;9.26;1309424;50650276.00
2010/11/12;9.06;9.27;8.49;8.52;1825344;65991200.00
2010/11/15;8.52;9.13;8.52;9.10;1706977;62595796.00
2010/11/16;9.14;9.39;8.32;8.67;2002648;74298064.00
2010/11/17;8.52;9.01;8.49;8.52;1309429;47193340.00
2010/11/18;8.75;9.00;8.52;8.91;1268289;45763044.00
2010/11/19;9.14;9.69;9.02;9.69;3032093;118314672.00
2010/11/22;9.96;10.40;9.65;9.93;2507422;102056528.00
2010/11/23;9.94;10.26;9.59;10.00;1766588;71886296.00
2010/11/24;10.00;10.29;9.77;10.23;1548464;63792196.00
2010/11/25;10.12;10.31;9.70;9.89;1832500;75063200.00
2010/11/26;9.77;9.87;9.59;9.80;1089346;43363144.00
2010/11/29;9.87;9.88;9.67;9.84;1026628;41097872.00
2010/11/30;9.77;9.84;8.93;9.29;1593833;61228148.00
2010/12/01;9.37;10.01;9.29;9.74;1987778;79243976.00
2010/12/02;9.79;10.23;9.79;10.02;1857517;76176432.00
2010/12/03;10.00;10.07;9.67;9.94;1117585;44949032.00
2010/12/06;9.97;10.06;9.44;9.50;1756119;69638848.00
2010/12/07;9.51;9.61;8.99;9.49;1445026;55018208.00
2010/12/08;9.44;9.62;9.32;9.44;1441654;55888868.00
2010/12/09;9.44;9.61;9.39;9.47;684884;26710526.00
2010/12/10;9.38;9.65;9.38;9.61;559484;21810396.00
2010/12/13;9.73;10.59;9.72;10.59;1559887;66779124.00
2010/12/14;10.77;11.14;10.52;11.00;2289824;101291512.00
2010/12/15;10.83;11.14;10.80;11.02;1060425;47550780.00
2010/12/16;10.97;12.14;10.86;11.50;1492945;70451976.00
2010/12/17;11.47;11.87;11.28;11.68;727296;34298240.00
2010/12/20;11.77;11.82;10.76;11.32;1477942;68038600.00
2010/12/21;11.34;11.42;11.07;11.42;614998;28230536.00
2010/12/22;11.36;11.44;11.06;11.07;673406;30648124.00
2010/12/23;10.97;11.32;10.72;10.83;603739;27059712.00
2010/12/24;10.77;10.88;10.26;10.70;810269;34867728.00
2010/12/27;10.70;10.97;10.41;10.52;861976;37594780.00
2010/12/28;10.49;10.49;10.19;10.40;809864;34173728.00
2010/12/29;10.44;11.27;10.33;11.02;1048337;46764276.00
2010/12/30;11.04;11.19;10.73;11.02;1017759;45447048.00
2010/12/31;10.99;11.32;10.87;11.02;1173162;52871220.00
2011/01/04;11.02;11.45;10.89;11.45;1303105;59482224.00
2011/01/05;11.34;11.52;10.97;10.97;1402507;64152732.00
2011/01/06;10.97;11.09;10.48;10.53;1430681;62358644.00
2011/01/07;10.53;10.62;10.22;10.34;1250420;52871752.00
2011/01/10;10.26;10.27;10.02;10.11;752795;31240156.00
2011/01/11;10.09;10.23;9.89;10.09;979747;40480792.00
2011/01/12;10.08;10.19;9.77;9.92;809073;33031356.00
2011/01/13;9.92;10.12;9.89;10.04;725014;29690498.00
2011/01/14;10.02;10.02;9.14;9.16;1287874;49781872.00
2011/01/17;8.64;9.01;8.64;8.66;1070453;38556484.00
2011/01/18;8.59;8.81;8.42;8.53;919965;32380032.00
2011/01/19;8.54;9.04;8.47;8.93;1075031;38687308.00
2011/01/20;8.84;9.02;8.34;8.49;822653;28996042.00
2011/01/21;8.49;8.57;8.23;8.28;672126;23062356.00
2011/01/24;8.28;8.43;7.61;7.61;768915;24756528.00
2011/01/25;7.64;7.64;7.29;7.43;1093117;33254030.00
2011/01/26;7.45;8.01;7.43;7.98;1302660;41777512.00
2011/01/27;7.85;8.13;7.68;8.04;1010125;33212496.00
2011/01/28;8.02;8.10;7.77;7.97;553189;17976190.00
2011/01/31;7.97;8.40;7.90;8.25;966503;32817036.00
2011/02/01;8.23;8.41;8.22;8.36;355313;12197389.00
2011/02/09;8.27;8.48;8.22;8.25;411466;14126155.00
2011/02/10;8.10;8.58;8.10;8.53;682298;23747876.00
2011/02/11;8.53;9.11;8.44;8.99;1081026;39136460.00
2011/02/14;9.09;9.15;8.77;9.13;1161573;42639240.00
2011/02/15;9.04;9.51;9.01;9.09;1115448;42308564.00
2011/02/17;9.09;9.44;9.02;9.38;999547;37856888.00
2011/02/18;9.27;9.77;9.27;9.47;927266;36353208.00
2011/02/21;9.39;9.62;9.27;9.60;529891;20566484.00
2011/02/22;9.61;9.69;9.07;9.09;688197;26276926.00
2011/02/23;9.02;9.42;9.02;9.22;597998;22760070.00
2011/02/24;9.30;9.30;8.97;9.02;675506;25258846.00
2011/02/25;9.02;9.09;8.64;8.96;490197;17855152.00
2011/02/28;9.04;9.13;8.92;9.02;660978;24487014.00
2011/03/01;9.06;9.14;8.99;9.09;643558;23929560.00
2011/03/02;9.10;9.44;9.04;9.40;828441;31398554.00
2011/03/03;9.40;9.45;8.97;9.03;571322;21498810.00
2011/03/04;9.02;9.13;8.92;9.08;212125;7848449.50
2011/03/07;9.17;9.19;9.01;9.07;524477;19502630.00
2011/03/08;9.07;9.12;8.92;9.01;419961;15506138.00
2011/03/09;8.91;9.01;8.70;8.76;772145;27840698.00
2011/03/10;8.77;9.07;8.67;8.91;715565;25962950.00
2011/03/11;8.85;9.01;8.70;8.81;591588;21532006.00
2011/03/14;8.84;9.46;8.84;9.27;1049265;39844032.00
2011/03/15;9.28;9.38;8.93;9.31;920952;34642452.00
2011/03/16;9.31;9.33;9.14;9.27;621311;23580286.00
2011/03/17;9.31;9.31;8.99;9.05;537837;20220462.00
2011/03/18;9.04;9.14;9.02;9.08;260894;9713659.00
2011/03/21;8.98;9.06;8.64;8.72;607780;21992026.00
2011/03/22;8.72;8.82;8.48;8.74;386811;13727388.00
2011/03/23;8.77;8.81;8.67;8.79;178254;6420889.00
2011/03/24;8.84;9.21;8.79;8.97;692936;25801974.00
2011/03/25;8.94;9.14;8.94;9.00;326735;12133535.00
2011/03/28;8.93;9.10;8.52;8.60;1018765;36660384.00
2011/03/29;8.59;8.65;8.52;8.52;437836;15410908.00
2011/03/30;8.52;8.62;8.49;8.49;314390;11016735.00
2011/03/31;8.49;8.57;8.37;8.37;207950;7228482.50
2011/04/01;8.30;8.39;8.02;8.28;476568;15990493.00
2011/04/06;8.23;8.33;7.81;7.92;995438;32548120.00
2011/04/07;7.95;8.08;7.80;8.05;650788;21347140.00
2011/04/08;8.07;8.52;8.04;8.51;725503;25103514.00
2011/04/11;8.54;8.59;8.33;8.34;569724;19746030.00
2011/04/12;8.34;8.34;8.04;8.10;582100;19493210.00
2011/04/13;8.09;8.23;8.08;8.23;289894;9747564.00
2011/04/14;8.14;8.39;8.09;8.21;232781;7911767.50
2011/04/15;8.19;8.26;7.98;8.13;284001;9438798.00
2011/04/18;8.13;8.13;7.89;7.94;299653;9789475.00
2011/04/19;7.85;8.24;7.79;8.16;455891;15034345.00
2011/04/20;8.04;8.27;8.04;8.25;364416;12301706.00
2011/04/21;8.24;8.33;8.19;8.24;299698;10159401.00
2011/04/22;8.27;8.33;8.19;8.32;402078;13668402.00
2011/04/25;8.32;8.62;8.27;8.42;916051;31819290.00
2011/04/26;8.48;8.48;7.99;8.07;456122;15300192.00
2011/04/27;8.07;8.13;7.82;7.85;231993;7557778.00
2011/04/28;7.87;7.91;7.37;7.40;569204;17719390.00
2011/04/29;7.41;7.52;7.27;7.38;458530;13916716.00
2011/05/03;7.44;7.58;7.39;7.58;238902;7402960.50
2011/05/04;7.59;7.59;7.38;7.40;201264;6185010.50
2011/05/06;7.40;7.69;7.38;7.63;323338;10086373.00
2011/05/09;7.66;8.28;7.64;8.24;878215;28956810.00
2011/05/10;8.27;8.39;8.22;8.34;597352;20466384.00
2011/05/11;8.34;9.01;8.34;8.86;1471306;53190704.00
2011/05/12;8.77;8.94;8.69;8.73;744375;26796126.00
2011/05/13;8.73;8.86;8.55;8.81;920747;32935168.00
2011/05/16;8.80;9.13;8.77;9.00;1258007;46422912.00
2011/05/17;9.01;9.08;8.52;8.77;768483;27763520.00
2011/05/18;8.80;9.02;8.65;8.79;473358;17181390.00
2011/05/19;8.79;8.85;8.62;8.62;315866;11258995.00
2011/05/20;8.64;8.64;8.34;8.42;396959;13779342.00
2011/05/23;8.42;9.09;8.37;8.58;1184057;42076660.00
2011/05/24;8.57;8.76;8.37;8.59;535683;18931120.00
2011/05/25;8.63;9.13;8.59;8.77;1366424;49544664.00
2011/05/26;8.77;9.63;8.77;9.32;3465901;130556880.00
2011/05/27;9.18;9.31;8.37;8.59;2114367;75744896.00
2011/05/30;8.42;8.42;7.72;7.92;1177073;38473432.00
2011/05/31;7.81;8.14;7.81;8.07;503911;16417216.00
2011/06/01;8.06;8.32;7.91;8.26;434180;14395702.00
2011/06/02;8.12;8.17;7.82;8.02;617445;20199630.00
2011/06/03;8.02;8.27;7.97;8.24;679061;22606302.00
2011/06/07;8.12;8.57;8.07;8.55;484077;16663301.00
2011/06/08;8.54;8.82;8.47;8.74;657245;23428968.00
2011/06/09;8.69;8.80;8.19;8.19;678736;23561672.00
2011/06/10;8.14;8.39;8.07;8.35;335570;11348058.00
2011/06/13;8.27;8.37;8.24;8.34;216394;7350050.50
2011/06/14;8.32;8.55;8.25;8.42;348565;12002220.00
2011/06/15;8.32;8.51;8.09;8.17;385660;13120671.00
2011/06/16;8.06;8.14;7.94;8.06;306150;10045602.00
2011/06/17;7.97;8.31;7.97;8.02;295400;9866228.00
2011/06/20;8.00;8.04;7.65;7.77;392604;12609209.00
2011/06/21;7.77;7.94;7.73;7.82;184666;5907850.00
2011/06/22;7.84;7.91;7.77;7.88;198921;6379216.00
2011/06/23;7.79;8.07;7.79;8.03;319847;10434456.00
2011/06/24;8.01;8.26;7.95;8.22;645745;21423094.00
2011/06/27;8.12;8.56;8.07;8.54;1382257;47492288.00
2011/06/28;8.54;8.60;8.39;8.43;288767;9941543.00
2011/06/29;8.45;8.45;8.10;8.10;649243;21868068.00
2011/06/30;8.10;8.27;8.04;8.19;462945;15480318.00
2011/07/01;8.19;8.26;8.06;8.12;488968;16293803.00
2011/07/04;8.17;8.56;8.13;8.52;843994;28899418.00
2011/07/05;8.57;8.61;8.41;8.47;706470;24481696.00
2011/07/06;8.46;8.76;8.40;8.59;1301127;45666060.00
2011/07/07;8.59;8.89;8.54;8.74;1632124;58414972.00
2011/07/08;8.74;8.79;8.59;8.65;576914;20420486.00
2011/07/11;8.62;8.77;8.57;8.69;509033;18081582.00
2011/07/12;8.63;8.63;8.28;8.31;896717;30928346.00
2011/07/13;8.30;8.48;8.30;8.37;608518;20834694.00
2011/07/14;8.37;8.66;8.37;8.65;1184111;41441236.00
2011/07/15;8.69;8.74;8.58;8.62;1017877;35924988.00
2011/07/18;8.62;8.62;8.37;8.42;1183783;40894736.00
2011/07/19;8.42;8.44;8.24;8.29;668285;22658170.00
2011/07/20;8.34;8.59;8.34;8.53;1228582;42720412.00
2011/07/21;8.53;8.55;8.36;8.44;801508;27632608.00
2011/07/22;8.44;8.54;8.38;8.44;611076;21080928.00
2011/07/25;8.49;8.69;8.21;8.28;1150193;39786056.00
2011/07/26;8.27;8.30;7.82;8.05;660329;21546170.00
2011/07/27;7.96;8.20;7.72;8.14;955801;31171482.00
2011/07/28;8.06;8.06;7.83;7.97;578474;18784480.00
2011/07/29;8.14;8.72;8.04;8.14;1271729;42987192.00
2011/08/01;8.06;8.12;7.89;8.05;669575;21900872.00
2011/08/02;8.03;8.32;7.83;8.19;706109;23097646.00
2011/08/03;8.07;8.10;7.94;7.98;1102676;36093756.00
2011/08/04;7.94;8.02;7.78;7.89;1198963;38581840.00
2011/08/05;7.69;7.74;7.58;7.67;894002;28076054.00
2011/08/08;7.57;7.59;6.94;7.07;1048808;31294984.00
2011/08/09;6.89;7.23;6.69;7.08;995116;28590102.00
2011/08/10;7.14;7.32;7.14;7.19;856773;25329064.00
2011/08/11;7.06;7.25;6.94;7.25;620000;18213182.00
2011/08/12;7.41;7.53;7.32;7.47;932324;28466220.00
2011/08/15;7.54;7.56;7.37;7.46;740274;22651428.00
2011/08/16;7.46;7.51;7.34;7.34;633833;19249536.00
2011/08/17;7.35;7.38;7.25;7.26;505805;15118365.00
2011/08/18;7.24;7.29;7.02;7.04;435139;12797166.00
2011/08/19;6.89;6.98;6.82;6.97;388152;10978799.00
2011/08/22;6.97;7.04;6.86;6.90;518900;14774058.00
2011/08/23;6.86;6.98;6.86;6.96;820423;23324328.00
2011/08/24;7.02;7.16;6.98;7.01;672564;19544772.00
2011/08/25;7.02;7.20;7.00;7.18;687738;20058768.00
2011/08/26;7.17;7.67;7.17;7.40;1003688;30566546.00
2011/08/29;7.39;7.39;7.22;7.27;507000;15162474.00
2011/08/30;7.29;7.51;7.23;7.29;790781;23912058.00
2011/08/31;7.24;7.28;6.99;7.17;484216;14182520.00
2011/09/02;7.06;7.19;7.01;7.06;374983;10868398.00
2011/09/05;6.96;6.98;6.89;6.91;245919;7001668.00
2011/09/06;6.82;7.00;6.82;6.96;265053;7500594.00
2011/09/07;6.96;7.15;6.93;7.14;311553;8985666.00
2011/09/08;7.14;7.31;7.14;7.14;553875;16425632.00
2011/09/09;7.18;7.23;6.99;7.12;419355;12245811.00
2011/09/13;7.07;7.27;7.04;7.19;404779;11941998.00
2011/09/14;7.27;7.27;7.10;7.21;447357;13141086.00
2011/09/15;7.22;7.25;7.11;7.19;426815;12552961.00
2011/09/16;7.19;7.37;7.19;7.27;459826;13729751.00
2011/09/19;7.26;7.26;6.87;7.09;586507;16871620.00
2011/09/20;7.03;7.10;6.95;7.09;189166;5471945.50
2011/09/21;7.02;7.22;7.02;7.22;777717;22856640.00
2011/09/22;7.09;7.19;6.95;6.97;437646;12724764.00
2011/09/23;6.92;6.97;6.77;6.85;399660;11235643.00
2011/09/26;6.82;6.88;6.70;6.77;241204;6729348.00
2011/09/27;6.81;6.86;6.74;6.80;241707;6762985.50
2011/09/28;6.87;6.91;6.62;6.73;285078;7906104.00
2011/09/29;6.67;6.71;6.29;6.39;533852;14189061.00
2011/09/30;6.42;6.48;6.20;6.46;332356;8684730.00
2011/10/10;6.48;6.54;6.42;6.51;282200;7531030.50
2011/10/11;6.66;6.75;6.20;6.52;653821;17379812.00
2011/10/12;6.45;6.67;6.27;6.64;765670;20675516.00
2011/10/13;6.64;6.66;6.45;6.60;1063554;28685470.00
2011/10/14;6.56;6.59;6.39;6.49;442959;11773906.00
2011/10/17;6.49;6.54;6.41;6.44;248684;6607366.00
2011/10/18;6.47;6.71;6.40;6.40;1205183;32617086.00
2011/10/19;6.30;6.50;5.95;6.19;1413435;35522548.00
2011/10/20;6.12;6.12;5.74;6.04;742589;18135694.00
2011/10/21;5.95;6.01;5.80;5.84;497396;12109853.00
2011/10/24;5.87;5.87;5.62;5.75;456896;10824311.00
2011/10/25;5.73;5.94;5.72;5.90;814608;19684026.00
2011/10/26;5.86;5.97;5.82;5.90;826372;20092712.00
2011/10/27;5.93;6.13;5.87;5.96;765105;18970932.00
2011/10/28;5.99;6.16;5.99;6.11;659993;16528008.00
2011/10/31;6.11;6.14;6.04;6.13;559197;14020829.00
2011/11/01;6.03;6.16;6.02;6.09;496147;12438915.00
2011/11/03;6.31;6.47;6.18;6.34;2049958;53473532.00
2011/11/04;6.34;6.36;6.21;6.27;788708;20356604.00
2011/11/07;6.27;6.37;6.22;6.27;414796;10752474.00
2011/11/08;6.28;6.34;6.07;6.12;572980;14636646.00
2011/11/09;6.12;6.20;6.03;6.17;419517;10585970.00
2011/11/10;6.15;6.15;5.95;6.05;496662;12451946.00
2011/11/11;6.05;6.21;6.05;6.15;332395;8409528.00
2011/11/14;6.20;6.35;6.15;6.31;722189;18742612.00
2011/11/15;6.29;6.50;6.27;6.49;1426649;37553484.00
2011/11/16;6.51;6.58;6.37;6.43;1398794;37293992.00
2011/11/17;6.39;6.64;6.39;6.54;746175;19996390.00
2011/11/18;6.49;6.52;6.35;6.45;733553;19346786.00
2011/11/21;6.45;6.45;6.26;6.35;526639;13692548.00
2011/11/22;6.22;6.33;6.09;6.30;648040;16712146.00
2011/11/23;6.24;6.34;6.20;6.29;290799;7516854.00
2011/11/24;6.24;6.33;6.10;6.17;870800;22464798.00
2011/11/25;6.18;6.18;5.82;5.94;1169351;28506542.00
2011/11/28;5.82;5.86;5.57;5.71;857119;20190730.00
2011/11/29;5.72;5.90;5.72;5.84;1067888;25725760.00
2011/11/30;5.84;5.84;5.53;5.69;720816;16910204.00
2011/12/01;5.83;5.96;5.63;5.94;816667;19773406.00
2011/12/02;5.96;6.03;5.82;5.99;854720;20910842.00
2011/12/05;5.94;6.13;5.85;6.03;1544171;38453228.00
2011/12/06;6.01;6.07;5.91;5.99;578447;14254164.00
2011/12/07;5.93;6.14;5.87;6.05;746910;18592686.00
2011/12/08;6.02;6.14;5.89;6.13;829505;20698636.00
2011/12/09;6.07;6.11;5.84;6.10;914255;22621756.00
2011/12/13;5.94;6.05;5.57;5.80;628612;15103950.00
2011/12/14;5.74;5.75;5.52;5.65;266212;6188019.50
2011/12/15;5.54;5.64;5.35;5.53;286919;6477619.50
2011/12/16;5.47;5.55;5.36;5.52;354525;7963536.00
2011/12/19;5.42;5.61;5.19;5.57;759863;16958530.00
2011/12/20;5.52;5.58;5.37;5.52;493200;11212081.00
2011/12/21;5.57;5.57;5.32;5.34;457860;10222404.00
2011/12/22;5.24;5.25;5.07;5.22;567198;12139173.00
2011/12/23;5.13;5.31;5.02;5.09;465925;9920582.00
2011/12/26;5.09;5.16;4.98;5.09;123575;2604065.75
2011/12/27;5.08;5.12;4.94;4.94;304600;6378886.50
2011/12/28;4.85;4.96;4.57;4.72;439750;8728589.00
2011/12/29;4.60;4.80;4.60;4.72;441344;8607636.00
2011/12/30;4.69;4.76;4.69;4.71;376579;7392968.50
2012/01/04;4.79;4.79;4.67;4.75;395822;7756322.00
2012/01/05;4.74;4.74;4.58;4.58;523845;10075490.00
2012/01/06;4.59;4.67;4.52;4.59;377950;7170676.00
2012/01/09;4.59;4.76;4.54;4.72;861541;16698741.00
2012/01/10;4.69;4.94;4.68;4.91;1002183;20027118.00
2012/01/11;4.91;4.98;4.84;4.96;1100471;22468034.00
2012/01/12;4.87;4.98;4.86;4.95;720959;14800714.00
2012/01/13;4.97;5.00;4.79;4.84;1195580;24252990.00
2012/01/16;4.74;4.82;4.34;4.34;751950;14219587.00
2012/01/17;4.22;4.56;4.19;4.50;522613;9578104.00
2012/01/18;4.49;4.72;4.49;4.51;513947;9884877.00
2012/01/19;4.44;4.63;4.44;4.58;258315;4924999.50
2012/01/20;4.59;4.73;4.53;4.59;455761;8763126.00
2012/01/30;4.59;4.64;4.32;4.48;362706;6732966.50
2012/01/31;4.38;4.58;4.34;4.56;456047;8396561.00
2012/02/01;4.47;4.61;4.46;4.53;394243;7464958.50
2012/02/02;4.53;4.69;4.50;4.67;424817;8098482.50
2012/02/03;4.67;4.77;4.60;4.75;966221;18891180.00
2012/02/06;4.82;4.85;4.74;4.85;699422;13933545.00
2012/02/07;4.79;4.84;4.70;4.84;573817;11401211.00
2012/02/08;4.75;4.91;4.70;4.90;577852;11643475.00
2012/02/09;4.89;4.96;4.81;4.84;700753;14215490.00
2012/02/10;4.82;4.95;4.75;4.81;929738;18665476.00
2012/02/13;4.79;5.01;4.74;5.00;1652666;33612844.00
2012/02/14;5.01;5.16;4.99;5.03;2261079;47528688.00
2012/02/15;5.06;5.10;4.95;5.07;1087039;22677318.00
2012/02/16;5.07;5.07;4.98;5.05;1023436;21300538.00
2012/02/17;5.05;5.10;4.97;4.98;532197;11069947.00
2012/02/20;5.03;5.04;4.93;4.96;1151236;23741110.00
2012/02/21;4.94;5.05;4.90;5.03;955806;19735194.00
2012/02/22;5.05;5.20;5.00;5.17;1889966;40243220.00
2012/02/23;5.26;5.32;5.19;5.24;1500364;32675448.00
2012/02/24;5.25;5.66;5.24;5.66;2554682;57243560.00
2012/02/27;5.64;5.72;5.52;5.62;2910623;67388168.00
2012/02/28;5.32;5.39;5.22;5.29;4222526;92668168.00
2012/02/29;5.27;5.36;5.18;5.18;1233262;26901808.00
2012/03/01;5.16;5.33;5.12;5.24;1237636;26822274.00
2012/03/02;5.24;5.31;5.23;5.29;1422753;31055924.00
2012/03/05;5.34;5.36;5.15;5.20;1163663;25278670.00
2012/03/06;5.17;5.26;5.14;5.25;915545;19712412.00
2012/03/07;5.20;5.26;5.14;5.18;673332;14508374.00
2012/03/08;5.18;5.31;5.17;5.23;716984;15570090.00
2012/03/09;5.22;5.30;5.21;5.29;753165;16416999.00
2012/03/12;5.34;5.34;5.26;5.29;888729;19425284.00
2012/03/13;5.30;5.36;5.22;5.35;1945388;42595596.00
2012/03/14;5.41;5.50;5.02;5.09;2732804;60676052.00
2012/03/15;5.07;5.15;4.95;4.98;922056;19239628.00
2012/03/16;5.03;5.17;5.00;5.17;1126911;23763282.00
2012/03/19;5.17;5.26;5.12;5.23;578719;12458886.00
2012/03/21;5.15;5.37;5.09;5.37;881178;18926614.00
2012/03/22;5.34;5.36;5.27;5.33;472998;10410268.00
2012/03/23;5.29;5.44;5.19;5.22;1132409;25079158.00
2012/03/26;5.19;5.21;5.03;5.12;537230;11369566.00
2012/03/27;5.13;5.16;5.08;5.08;346689;7348037.50
2012/03/28;5.07;5.11;4.84;4.92;599595;12336784.00
2012/03/29;4.85;4.88;4.72;4.77;337509;6720406.00
2012/03/30;4.86;4.88;4.75;4.76;205954;4113239.25
2012/04/05;4.77;5.26;4.77;5.26;1116031;23554108.00
2012/04/06;5.36;5.49;5.29;5.40;2476320;55501320.00
2012/04/09;5.36;5.55;5.32;5.50;1769028;40118848.00
2012/04/10;5.44;5.59;5.27;5.59;1484733;33447204.00
2012/04/11;5.52;5.65;5.45;5.60;1394063;32062596.00
2012/04/12;5.60;5.98;5.51;5.97;2339744;55462032.00
2012/04/13;5.87;6.00;5.78;5.78;1353122;32881592.00
2012/04/16;5.68;5.77;5.62;5.67;1144630;26856368.00
2012/04/17;5.65;5.75;5.62;5.68;793801;18511654.00
2012/04/18;5.65;5.86;5.64;5.76;695905;16344659.00
2012/04/19;5.75;5.79;5.65;5.71;365633;8555037.00
2012/04/20;5.71;5.71;5.53;5.64;1230145;28311868.00
2012/04/23;5.55;5.68;5.49;5.53;599052;13745858.00
2012/04/24;5.49;5.63;5.41;5.59;727384;16452425.00
2012/04/25;5.57;5.63;5.55;5.61;580046;13284065.00
2012/04/27;5.57;5.73;5.57;5.69;747409;17313380.00
2012/05/02;5.76;5.84;5.68;5.72;556154;13074434.00
2012/05/03;5.72;6.07;5.72;6.00;1115912;27255920.00
2012/05/04;5.95;6.00;5.92;5.97;776688;18919110.00
2012/05/07;5.94;6.01;5.90;5.99;504584;12230351.00
2012/05/11;6.01;6.08;5.53;5.54;2027836;47974276.00
2012/05/14;5.54;5.65;5.42;5.59;1205168;27566084.00
2012/05/15;5.57;5.74;5.52;5.72;372263;8575166.00
2012/05/16;5.73;5.73;5.57;5.59;601999;13859721.00
2012/05/17;5.53;5.78;5.53;5.78;650896;15077261.00
2012/05/18;5.72;5.84;5.62;5.70;893437;21121158.00
2012/05/21;5.52;5.71;5.47;5.71;738021;17001340.00
2012/05/22;5.71;5.84;5.71;5.81;427760;10169813.00
2012/05/23;5.84;5.87;5.75;5.82;453987;10805022.00
2012/05/24;5.80;5.91;5.80;5.87;543920;13045473.00
2012/05/25;5.84;5.91;5.74;5.82;505749;12105408.00
2012/05/28;5.83;5.94;5.83;5.89;779768;18779496.00
2012/05/29;5.89;5.95;5.84;5.87;1539489;37040816.00
2012/05/30;5.87;5.87;5.76;5.81;573641;13609028.00
2012/05/31;5.79;5.79;5.60;5.60;751579;17441070.00
2012/06/04;5.49;5.69;5.42;5.59;434499;9905292.00
2012/06/05;5.51;5.63;5.51;5.57;193106;4424305.00
2012/06/06;5.60;5.66;5.54;5.61;204640;4687653.00
2012/06/07;5.64;5.64;5.54;5.54;145148;3311461.00
2012/06/08;5.67;5.67;5.51;5.53;313174;7125487.00
2012/06/11;5.71;5.74;5.48;5.62;522710;12025864.00
2012/06/12;5.57;5.74;5.55;5.62;634493;14648918.00
2012/06/13;5.62;5.64;5.58;5.60;531310;12201798.00
2012/06/14;5.62;5.62;5.38;5.46;933506;20964392.00
2012/06/15;5.45;5.48;5.40;5.43;628720;14006530.00
2012/06/18;5.44;5.59;5.44;5.52;394557;8955777.00
2012/06/19;5.47;5.56;5.47;5.50;430844;9693941.00
2012/06/20;5.59;5.59;5.32;5.41;419250;9348378.00
2012/06/21;5.39;5.40;5.25;5.37;815447;17761852.00
2012/06/25;5.35;5.42;5.29;5.35;232600;5089280.00
2012/06/26;5.37;5.37;5.27;5.33;144600;3152047.00
2012/06/27;5.36;5.36;5.04;5.14;830405;17751546.00
2012/06/28;5.11;5.15;4.94;4.94;378980;7884718.50
2012/06/29;4.92;5.05;4.85;5.04;460512;9276122.00
2012/07/02;5.04;5.10;4.92;5.03;507500;10395385.00
2012/07/03;5.09;5.10;4.92;5.06;464052;9611247.00
2012/07/04;5.02;5.09;4.97;4.98;425972;8771915.00
2012/07/05;5.03;5.03;4.84;4.93;363065;7300319.00
2012/07/06;4.97;5.03;4.85;5.03;414500;8394770.00
2012/07/09;5.04;5.04;4.96;5.00;364747;7486371.00
2012/07/10;5.02;5.07;4.99;5.04;294764;6083666.00
2012/07/11;5.04;5.07;5.02;5.06;226089;4683521.50
2012/07/12;5.04;5.30;5.00;5.26;408326;8537300.00
2012/07/13;5.24;5.32;5.12;5.24;463998;9942338.00
2012/07/16;5.24;5.24;4.97;5.05;318700;6643207.50
2012/07/17;4.96;5.07;4.95;5.05;247477;5078065.50
2012/07/18;5.12;5.12;4.87;5.02;394588;8031345.50
2012/07/19;4.99;5.08;4.97;5.04;273616;5671332.00
2012/07/20;5.00;5.08;5.00;5.08;157733;3278918.50
2012/07/23;4.92;5.07;4.87;5.07;166600;3449516.25
2012/07/24;5.07;5.11;5.00;5.09;143709;2995544.25
2012/07/25;5.05;5.11;4.99;5.05;330478;6863874.00
2012/07/26;4.99;5.09;4.99;5.04;154678;3200619.25
2012/07/27;5.03;5.08;4.96;5.04;198955;4092572.00
2012/07/30;5.03;5.03;4.81;4.87;272391;5518074.50
2012/07/31;4.91;4.91;4.74;4.74;175000;3439739.00
2012/08/01;4.74;4.87;4.74;4.84;72493;1439213.88
2012/08/02;4.81;4.85;4.57;4.60;255745;4906856.50
2012/08/03;4.60;4.86;4.58;4.86;391954;7634966.00
2012/08/06;4.84;5.00;4.80;4.99;445232;9061373.00
2012/08/07;5.50;5.50;5.50;5.50;4401423;99208072.00
2012/08/08;5.60;6.06;5.52;5.87;10183851;240674960.00
2012/08/09;5.75;5.85;5.63;5.78;5762230;135338976.00
2012/08/10;5.71;5.83;5.65;5.72;3880320;91084240.00
2012/08/13;5.72;5.81;5.64;5.65;2419861;56633272.00
2012/08/14;5.78;5.81;5.49;5.66;2984185;68589360.00
2012/08/15;5.65;5.65;5.50;5.50;1484094;33741936.00
2012/08/16;5.49;5.53;5.39;5.44;1093056;24485914.00
2012/08/17;5.45;5.60;5.37;5.57;1418139;31982844.00
2012/08/20;5.46;5.55;5.37;5.54;1534054;34312208.00
2012/08/21;5.55;5.67;5.52;5.66;1714731;39406940.00
2012/08/22;5.64;5.64;5.33;5.36;2546594;56847700.00
2012/08/23;5.36;5.37;5.21;5.31;1551180;33623384.00
2012/08/24;5.31;5.32;5.07;5.08;1286294;27332506.00
2012/08/27;5.06;5.11;4.90;5.07;848831;17516364.00
2012/08/28;4.99;5.12;4.99;5.04;684891;14247464.00
2012/08/29;5.00;5.14;4.96;5.00;604203;12567392.00
2012/08/30;5.00;5.08;4.70;4.78;1223028;24435076.00
2012/08/31;4.79;4.84;4.76;4.81;420788;8305913.00
2012/09/03;4.77;5.09;4.77;4.99;1343838;27266562.00
2012/09/04;4.96;5.06;4.87;4.87;812406;16543394.00
2012/09/05;4.87;4.99;4.81;4.96;864841;17433200.00
2012/09/06;4.96;5.05;4.89;5.04;715400;14705875.00
2012/09/07;5.07;5.29;5.03;5.19;1713800;36282144.00
2012/09/10;5.19;5.30;5.17;5.24;1674710;36025324.00
2012/09/11;5.22;5.25;5.11;5.16;1432181;30267020.00
2012/09/12;5.19;5.21;5.15;5.19;1081509;23004752.00
2012/09/13;5.21;5.21;5.12;5.12;684572;14472892.00
2012/09/14;5.17;5.17;4.97;5.10;924187;19232568.00
2012/09/17;5.03;5.06;4.88;4.93;766534;15634553.00
2012/09/18;4.98;5.01;4.91;4.93;727338;14868049.00
2012/09/19;4.96;4.98;4.91;4.92;440449;8926602.00
2012/09/20;4.92;4.93;4.68;4.71;839539;16466210.00
2012/09/21;4.71;4.74;4.62;4.62;632546;12176028.00
2012/09/24;4.64;4.69;4.59;4.68;653569;12542434.00
2012/09/25;4.67;4.67;4.38;4.42;1391256;12925215.00
2012/09/26;4.41;4.44;4.21;4.22;1375900;12120019.00
2012/09/27;4.23;4.35;4.22;4.25;1396603;12309681.00
2012/09/28;4.22;4.36;4.22;4.34;1582806;14044219.00
2012/10/08;4.33;4.69;4.32;4.62;3186807;29888060.00
2012/10/09;4.62;4.68;4.53;4.67;2944649;28034522.00
2012/10/10;4.67;4.69;4.60;4.64;1915330;18239840.00
2012/10/11;4.64;5.11;4.58;4.95;12386663;128103320.00
2012/10/12;4.77;4.84;4.71;4.78;7565557;74186320.00
2012/10/15;4.78;4.78;4.42;4.52;3672335;34268488.00
2012/10/16;4.51;4.53;4.40;4.46;1778762;16392819.00
2012/10/17;4.47;4.62;4.47;4.55;2274262;21351226.00
2012/10/18;4.55;4.65;4.49;4.60;2677780;25202276.00
2012/10/19;4.61;4.61;4.52;4.56;1455311;13661917.00
2012/10/22;4.52;4.56;4.36;4.42;5380555;48874636.00
2012/10/23;4.42;4.42;4.36;4.36;2321202;20954168.00
2012/10/24;4.34;4.36;4.27;4.36;1825694;16291489.00
2012/10/25;4.37;4.43;4.25;4.25;2120218;18993892.00
2012/10/26;4.22;4.34;4.22;4.29;1698556;14960722.00
2012/10/29;4.29;4.39;4.24;4.35;1721230;15403115.00
2012/10/30;4.37;4.39;4.32;4.38;1588046;14258526.00
2012/10/31;4.44;4.67;4.44;4.54;6477514;60759664.00
2012/11/01;4.41;4.56;4.41;4.56;4415530;40829368.00
2012/11/02;4.53;4.53;4.47;4.50;2414469;22354504.00
2012/11/05;4.51;4.51;4.38;4.42;1943798;17712398.00
2012/11/06;4.43;4.43;4.27;4.33;1827936;16279959.00
2012/11/07;4.29;4.43;4.29;4.39;1504762;13575761.00
2012/11/08;4.36;4.36;4.25;4.29;1730099;15290407.00
2012/11/09;4.25;4.29;4.21;4.23;1177484;10305745.00
2012/11/12;4.24;4.35;4.24;4.27;977281;8653077.00
2012/11/13;4.27;4.36;4.20;4.35;1771684;15694920.00
2012/11/14;4.35;4.41;4.29;4.40;2174203;19545616.00
2012/11/15;4.41;4.42;4.23;4.27;1626128;14588636.00
2012/11/16;4.27;4.35;4.24;4.30;1326447;11780587.00
2012/11/19;4.31;4.40;4.26;4.37;1320514;11820875.00
2012/11/20;4.37;4.41;4.30;4.31;1456236;13028356.00
2012/11/21;4.29;4.32;4.20;4.31;1605549;14093670.00
2012/11/22;4.31;4.31;4.20;4.20;868188;7586207.50
2012/11/23;4.20;4.24;4.13;4.18;830173;7182129.50
2012/11/26;4.21;4.22;3.77;4.01;878765;7467745.50
2012/11/27;3.95;3.98;3.62;3.63;1466370;11490153.00
2012/11/28;3.57;3.66;3.52;3.54;886481;6619582.00
2012/11/29;3.56;3.61;3.48;3.53;488513;3603821.00
2012/11/30;3.48;3.63;3.48;3.57;591422;4388690.00
2012/12/03;3.57;3.62;3.52;3.52;785179;5821627.50
2012/12/04;3.52;3.60;3.40;3.58;849400;6165603.50
2012/12/05;3.58;3.75;3.52;3.72;1259911;9634814.00
2012/12/06;3.72;3.74;3.67;3.68;870279;6668476.50
2012/12/07;3.68;3.78;3.68;3.77;1448819;11205357.00
2012/12/10;3.77;3.85;3.73;3.83;1422979;11188008.00
2012/12/11;3.81;3.82;3.72;3.72;1516450;11844373.00
2012/12/12;3.72;3.75;3.62;3.68;1013158;7733513.00
2012/12/13;3.68;3.69;3.57;3.58;773100;5827943.00
2012/12/14;3.56;3.85;3.56;3.83;2789328;21663616.00
2012/12/17;3.84;3.90;3.81;3.85;2008613;15977423.00
2012/12/18;3.85;4.25;3.80;4.25;8555089;73868664.00
2012/12/19;4.31;4.54;4.24;4.40;11548630;104067208.00
2012/12/20;4.36;4.36;4.25;4.31;5384813;47574480.00
2012/12/21;4.27;4.31;4.19;4.27;4199746;36781220.00
2012/12/24;4.27;4.33;4.22;4.28;3006445;26538856.00
2012/12/25;4.24;4.36;4.24;4.34;3842493;34174376.00
2012/12/26;4.33;4.40;4.27;4.39;4224062;37739588.00
2012/12/27;4.37;4.57;4.37;4.51;8660743;79896088.00
2012/12/28;4.46;4.61;4.41;4.47;6244286;58118036.00
2012/12/31;4.42;4.56;4.37;4.45;3413286;31473736.00
2013/01/04;4.47;4.51;4.29;4.33;2963330;26748098.00
2013/01/07;4.32;4.44;4.25;4.44;3017332;27167424.00
2013/01/08;4.44;4.44;4.36;4.44;3718359;33783076.00
2013/01/09;4.39;4.59;4.39;4.54;4690692;43382568.00
2013/01/10;4.52;4.81;4.51;4.74;11357724;109507728.00
2013/01/11;4.72;4.72;4.45;4.47;7118294;67152328.00
2013/01/14;4.40;4.60;4.39;4.56;5909713;55155456.00
2013/01/15;4.57;4.78;4.57;4.78;9785485;94707992.00
2013/01/16;4.81;5.00;4.69;4.76;8461198;83195976.00
2013/01/17;4.78;4.81;4.69;4.69;3821554;37185156.00
2013/01/18;4.72;4.92;4.71;4.83;5975030;59359404.00
2013/01/21;4.87;5.12;4.81;5.07;9524594;97806824.00
2013/01/22;5.08;5.37;4.98;5.28;13171599;141420064.00
2013/01/23;5.24;5.28;5.06;5.18;6628098;70040688.00
2013/01/24;5.14;5.28;4.93;4.94;6338656;66015004.00
2013/01/25;4.91;5.05;4.88;5.04;2689036;27500894.00
2013/01/28;5.04;5.22;4.96;5.18;4232991;44593908.00
2013/01/29;5.18;5.18;5.08;5.11;3502335;36745656.00
2013/01/30;5.11;5.12;4.98;5.03;3366634;34704920.00
2013/01/31;5.04;5.07;4.94;4.99;2013923;20599602.00
2013/02/01;4.99;5.34;4.97;5.25;6800587;72271176.00
2013/02/04;5.31;5.42;5.12;5.12;8173225;88817680.00
2013/02/05;5.09;5.11;4.92;5.09;3881093;39879480.00
2013/02/06;5.10;5.25;5.04;5.20;2570986;27109254.00
2013/02/07;5.19;5.22;5.04;5.12;2618233;27401504.00
2013/02/08;5.16;5.28;5.08;5.19;2405985;25504412.00
2013/02/18;5.25;5.35;5.17;5.30;4663187;50503416.00
2013/02/19;5.27;5.31;5.15;5.18;2842965;30265844.00
2013/02/20;5.18;5.31;5.11;5.29;2771969;29793696.00
2013/02/21;5.27;5.27;5.10;5.12;2907009;30709606.00
2013/02/22;5.05;5.12;4.94;5.05;3404474;35201808.00
2013/02/25;4.98;5.10;4.97;5.06;1718309;17822832.00
2013/02/26;5.06;5.06;4.80;4.81;3533212;35625860.00
2013/02/27;4.81;4.90;4.78;4.81;1632076;16167178.00
2013/02/28;4.86;4.97;4.82;4.96;1769657;17896236.00
2013/03/01;4.97;5.07;4.94;5.03;1906355;19650820.00
2013/03/04;5.04;5.04;4.81;4.87;2068230;20758252.00
2013/03/05;4.87;5.00;4.87;4.96;1360222;13852344.00
2013/03/06;4.97;5.08;4.97;5.04;3162584;32605168.00
2013/03/07;5.05;5.08;4.89;4.95;2446016;25111272.00
2013/03/08;4.97;5.04;4.97;4.98;1945916;19955566.00
2013/03/11;5.02;5.29;4.98;5.28;6509576;69027472.00
2013/03/12;5.28;5.29;5.02;5.23;4933207;52234244.00
2013/03/13;5.57;5.67;5.32;5.37;16246801;182596256.00
2013/03/14;5.14;5.26;5.05;5.12;7258845;76762736.00
2013/03/15;5.05;5.20;4.84;4.96;5891217;60133284.00
2013/03/18;4.94;4.96;4.85;4.86;2333786;23497130.00
2013/03/19;4.87;4.93;4.77;4.87;2197008;21886122.00
2013/03/20;4.87;5.02;4.87;4.97;2164900;22021254.00
2013/03/21;4.98;5.03;4.91;4.99;2474061;25257376.00
2013/03/22;4.99;5.16;4.89;5.14;3581467;37072608.00
2013/03/25;5.13;5.25;5.08;5.15;3152142;33433048.00
2013/03/26;5.12;5.23;5.07;5.20;2993820;31602258.00
2013/03/27;5.19;5.26;5.09;5.14;2411036;25607968.00
2013/03/28;5.12;5.12;4.91;4.99;2104673;21516808.00
2013/03/29;4.99;5.22;4.96;5.20;3515525;36901848.00
2013/04/01;5.20;5.41;5.20;5.35;5650959;61823492.00
2013/04/02;5.37;5.37;5.11;5.14;2857960;30750144.00
2013/04/03;5.13;5.20;5.01;5.07;1645178;17078374.00
2013/04/08;5.05;5.07;4.90;4.97;2176268;22274248.00
2013/04/09;4.99;5.10;4.94;5.06;1102173;11347586.00
2013/04/10;5.02;5.07;4.91;5.07;1517863;15587495.00
2013/04/11;5.07;5.33;5.07;5.25;5377515;57882664.00
2013/04/12;5.37;5.50;5.19;5.20;5076806;55232152.00
2013/04/15;5.10;5.11;4.98;5.08;2298680;23822948.00
2013/04/16;5.02;5.35;4.97;5.35;3438407;36941448.00
2013/04/17;5.35;5.42;5.26;5.42;4472419;49094636.00
2013/04/18;5.34;5.46;5.25;5.29;3898786;42741124.00
2013/04/19;5.27;5.59;5.23;5.55;6947962;77960216.00
2013/04/22;5.52;5.67;5.47;5.63;6997339;80015944.00
2013/04/23;5.56;5.56;5.28;5.28;7305197;80915496.00
2013/04/24;5.28;5.62;5.27;5.60;4365947;48757112.00
2013/04/25;5.60;5.62;5.37;5.42;4636694;52411148.00
2013/04/26;5.41;5.54;5.29;5.39;4588820;50999944.00
2013/05/02;5.34;5.60;5.34;5.54;3625702;40977908.00
2013/05/03;5.53;5.79;5.50;5.74;8376920;97730816.00
2013/05/06;5.72;5.83;5.64;5.75;5582679;65525176.00
2013/05/07;5.76;5.76;5.59;5.68;4110110;47640572.00
2013/05/08;5.61;5.79;5.59;5.79;4982205;58060352.00
2013/05/09;5.79;5.81;5.62;5.67;3424981;39925904.00
2013/05/10;5.63;5.72;5.52;5.54;5030893;57615124.00
2013/05/13;5.58;5.78;5.52;5.77;5359218;62577172.00
2013/05/14;5.84;5.84;5.57;5.69;3837881;44640692.00
2013/05/15;5.69;5.86;5.59;5.84;5388239;63454720.00
2013/05/16;5.85;6.01;5.76;5.78;8268951;98249392.00
2013/05/17;5.77;6.00;5.72;5.99;7846814;93970120.00
2013/05/20;6.00;6.10;5.89;6.03;6267845;75617960.00
2013/05/21;5.99;6.03;5.92;6.00;5639594;68018216.00
2013/05/22;6.03;6.60;6.00;6.44;17525026;223160784.00
2013/05/23;6.34;6.49;6.24;6.30;12632138;161859280.00
2013/05/24;6.31;6.41;6.19;6.34;7972624;101075200.00
2013/05/27;6.35;6.49;6.14;6.29;9384054;119732768.00
2013/05/28;6.25;6.40;6.12;6.39;7375040;92769080.00
2013/05/29;6.36;6.58;6.30;6.39;9341538;121731792.00
2013/05/30;6.35;6.51;6.34;6.37;5031088;65083740.00
2013/05/31;6.39;6.57;6.34;6.47;7754766;101617176.00
2013/06/03;6.51;6.80;6.51;6.73;11864610;160013136.00
2013/06/04;6.71;6.71;6.29;6.32;8868378;115984616.00
2013/06/05;6.32;6.41;6.00;6.08;7139802;88925240.00
2013/06/06;6.09;6.09;5.74;5.82;7401131;87414296.00
2013/06/07;5.80;5.87;5.67;5.69;4064013;47045088.00
2013/06/13;5.64;5.64;5.11;5.36;4563361;49191564.00
2013/06/14;5.42;5.52;5.19;5.43;4440797;48466884.00
2013/06/17;5.44;5.54;5.35;5.44;3823800;42025236.00
2013/06/18;5.44;5.47;5.34;5.42;2290165;25015068.00
2013/06/19;5.42;5.45;5.24;5.31;2577052;27642810.00
2013/06/20;5.28;5.36;5.08;5.11;2644352;27941078.00
2013/06/21;4.99;5.05;4.84;4.97;3155037;31599218.00
2013/06/24;5.00;5.12;4.75;4.79;4065303;40845756.00
2013/06/25;4.69;4.77;4.31;4.67;6010968;55058240.00
2013/06/26;4.67;4.78;4.58;4.77;3760767;35559976.00
2013/06/27;4.76;4.81;4.43;4.43;4415826;41581144.00
2013/06/28;4.39;4.57;4.32;4.47;2537376;23083722.00
2013/07/01;4.47;4.56;4.45;4.54;1681564;15397938.00
2013/07/02;4.54;4.66;4.51;4.63;2279451;21171454.00
2013/07/03;4.62;4.66;4.52;4.58;2494545;23155798.00
2013/07/04;4.53;4.65;4.35;4.58;4357011;39877300.00
2013/07/05;4.51;4.54;4.44;4.45;3768901;34244776.00
2013/07/08;4.38;4.38;4.01;4.01;4240266;36022144.00
2013/07/09;4.01;4.07;3.95;4.04;1854671;15166380.00
2013/07/10;4.08;4.19;4.02;4.16;2115067;17540136.00
2013/07/11;4.16;4.37;4.15;4.27;3187324;27725928.00
2013/07/12;4.32;4.47;4.22;4.32;3063102;27028572.00
2013/07/15;4.34;4.42;4.27;4.38;2226442;19630440.00
2013/07/16;4.38;4.43;4.35;4.43;2458254;21917838.00
2013/07/17;4.44;4.47;4.29;4.31;2217344;19681706.00
2013/07/18;4.28;4.32;4.16;4.19;2876787;24566818.00
2013/07/19;4.20;4.58;4.19;4.48;5335756;47508744.00
2013/07/22;4.41;4.93;4.32;4.92;9325732;88956256.00
2013/07/23;4.92;4.99;4.75;4.94;7135861;70086600.00
2013/07/24;5.09;5.18;4.89;4.89;9262606;94391848.00
2013/07/25;4.88;5.01;4.78;4.80;4651433;46126644.00
2013/07/26;4.73;4.86;4.61;4.75;2938793;28106302.00
2013/07/29;4.75;4.75;4.63;4.64;1780461;16802260.00
2013/07/30;4.63;4.82;4.54;4.82;2292300;21849912.00
2013/07/31;4.79;4.96;4.78;4.81;2336128;22977696.00
2013/08/01;4.82;4.93;4.75;4.91;2016970;19829120.00
2013/08/02;4.94;4.98;4.84;4.85;2204396;21736388.00
2013/08/05;4.83;4.88;4.69;4.84;1769572;17205420.00
2013/08/06;4.84;4.93;4.84;4.88;1849079;18272894.00
2013/08/07;4.88;4.92;4.74;4.87;2084184;20506060.00
2013/08/08;4.88;4.89;4.80;4.86;1560771;15309863.00
2013/08/09;4.85;4.90;4.73;4.82;1881611;18342160.00
2013/08/12;4.82;4.96;4.76;4.94;3643035;35988472.00
2013/08/13;4.94;5.02;4.88;4.95;2215921;22182132.00
2013/08/14;4.97;5.02;4.89;4.92;2133361;21317706.00
2013/08/15;4.87;4.94;4.72;4.73;2413563;23518358.00
2013/08/16;4.72;4.82;4.62;4.63;2009474;19170724.00
2013/08/19;4.58;4.69;4.57;4.68;1310913;12283417.00
2013/08/20;4.64;4.76;4.63;4.65;1350217;12813888.00
2013/08/21;4.64;4.92;4.64;4.91;3048286;29704244.00
2013/08/22;4.99;4.99;4.83;4.87;2587663;25632226.00
2013/08/23;4.87;4.94;4.70;4.74;1784454;17273844.00
2013/08/26;4.77;4.81;4.71;4.81;1167844;11294918.00
2013/08/27;4.86;4.86;4.78;4.84;1542713;15068063.00
2013/08/28;4.80;4.82;4.75;4.76;1808655;17507500.00
2013/08/29;4.76;4.82;4.74;4.79;1208340;11704059.00
2013/08/30;4.77;4.82;4.62;4.63;2140098;20321446.00
2013/09/02;4.60;4.68;4.55;4.63;1195479;11111556.00
2013/09/03;4.62;4.72;4.60;4.71;910264;8610757.00
2013/09/04;4.67;4.71;4.58;4.66;1430971;13435203.00
2013/09/05;4.60;4.66;4.58;4.60;1253589;11696748.00
2013/09/06;4.58;4.61;4.56;4.57;1282937;11896171.00
2013/09/09;4.57;4.65;4.54;4.64;2215836;20589526.00
2013/09/10;4.64;4.98;4.60;4.93;5516863;53895248.00
2013/09/11;4.90;5.13;4.78;5.13;10118392;102903872.00
2013/09/12;5.10;5.46;5.01;5.39;14084691;150139520.00
2013/09/13;5.24;5.31;5.17;5.22;5496610;58151844.00
2013/09/16;5.20;5.24;5.10;5.20;3110155;32459896.00
2013/09/17;5.20;5.25;5.04;5.09;2554922;26557366.00
2013/09/18;5.12;5.20;5.05;5.15;1740927;18059504.00
2013/09/23;5.00;5.28;5.00;5.21;2584998;27122476.00
2013/09/24;5.21;5.21;5.10;5.10;2470393;25686336.00
2013/09/25;5.09;5.12;4.95;4.98;2502103;25441610.00
2013/09/26;5.07;5.32;4.99;5.20;3916044;40867624.00
2013/09/27;5.20;5.34;5.16;5.24;4852538;51586800.00
2013/09/30;5.24;5.29;5.07;5.16;2300277;23935496.00
2013/10/08;5.17;5.20;5.10;5.17;1836338;19128910.00
2013/10/09;5.17;5.17;5.10;5.17;1879922;19527062.00
2013/10/10;5.16;5.17;5.09;5.09;1955565;20209886.00
2013/10/11;5.10;5.35;5.10;5.33;5350884;57066396.00
2013/10/14;5.33;5.39;5.23;5.30;3437501;36695640.00
2013/10/15;5.32;5.57;5.30;5.47;7996340;88218808.00
2013/10/16;5.46;5.46;5.03;5.06;6929500;72278496.00
2013/10/17;5.09;5.14;4.93;4.94;3858149;39134108.00
2013/10/18;4.94;5.02;4.93;4.98;1995891;20081484.00
2013/10/21;4.98;5.09;4.84;5.07;4371564;44024736.00
2013/10/22;5.07;5.08;4.93;4.96;3699842;37265800.00
2013/10/23;4.96;4.99;4.78;4.79;2733901;26849430.00
2013/10/24;4.80;4.84;4.78;4.80;1509233;14709493.00
2013/10/25;4.80;4.83;4.54;4.62;1808524;17176228.00
2013/10/28;4.62;4.66;4.52;4.59;1791485;16586048.00
2013/10/29;4.59;4.66;4.39;4.48;2739926;24882376.00
2013/10/30;4.46;4.53;4.41;4.52;1302192;11797384.00
2013/10/31;4.52;4.57;4.47;4.54;878949;8064245.00
2013/11/01;4.57;4.57;4.42;4.52;1161527;10548875.00
2013/11/04;4.53;4.57;4.51;4.54;893966;8216263.50
2013/11/05;4.52;4.55;4.44;4.49;2310749;20934274.00
2013/11/06;4.46;4.49;4.42;4.43;1868094;16881404.00
2013/11/07;4.43;4.46;4.33;4.33;1393604;12335970.00
2013/11/08;4.29;4.33;4.19;4.24;1420178;12235577.00
2013/11/11;4.25;4.41;4.21;4.36;1321021;11542273.00
2013/11/12;4.33;4.39;4.30;4.36;688166;6070760.50
2013/11/13;4.36;4.36;4.23;4.23;786749;6832189.50
2013/11/14;4.24;4.30;4.11;4.26;888190;7616835.50
2013/11/15;4.27;4.46;4.26;4.41;1672368;14852848.00
2013/11/18;4.41;4.50;4.38;4.48;1775673;16045602.00
2013/11/19;4.49;4.49;4.41;4.47;1144783;10333892.00
2013/11/20;4.47;4.52;4.44;4.50;1359074;12340751.00
2013/11/21;4.49;4.53;4.48;4.53;1254389;11452381.00
2013/11/22;4.53;4.63;4.49;4.52;2255576;20798266.00
2013/11/25;4.51;4.52;4.44;4.47;1064329;9678587.00
2013/11/26;4.46;4.54;4.45;4.50;1091746;9954135.00
2013/11/27;4.48;4.57;4.48;4.55;1155506;10604465.00
2013/11/28;4.54;4.74;4.54;4.67;4278864;40495716.00
2013/11/29;4.68;4.74;4.63;4.73;1821276;17282186.00
2013/12/02;4.59;4.66;4.45;4.49;2918135;26916170.00
2013/12/03;4.47;4.90;4.47;4.84;3784553;36235796.00
2013/12/04;4.80;5.09;4.74;5.03;6550013;66212000.00
2013/12/05;4.98;5.07;4.96;5.00;3451666;34969456.00
2013/12/06;5.00;5.05;4.96;5.00;1859625;18834630.00
2013/12/09;5.02;5.03;4.95;5.01;2028434;20503646.00
2013/12/10;5.00;5.00;4.84;4.93;3324042;33038196.00
2013/12/11;4.90;5.08;4.85;4.96;3114034;31397988.00
2013/12/12;4.94;5.07;4.89;5.03;2844859;28895462.00
2013/12/13;5.02;5.06;4.96;4.99;1803093;18260802.00
2013/12/16;5.01;5.03;4.82;4.90;3329970;33035406.00
2013/12/17;4.89;4.94;4.80;4.86;2270544;22412544.00
2013/12/18;4.85;4.93;4.77;4.85;1405581;13772671.00
2013/12/19;4.88;4.98;4.82;4.92;2346938;23222490.00
2013/12/20;4.84;4.91;4.78;4.79;2227326;21733800.00
2013/12/23;4.79;4.83;4.64;4.64;2760645;26386164.00
2013/12/24;4.74;5.11;4.67;5.11;6661673;67759680.00
2013/12/25;5.34;5.34;5.05;5.21;14176172;147950528.00
2013/12/26;5.10;5.16;4.97;5.02;6374676;65176560.00
2013/12/27;4.95;5.17;4.92;5.11;5542418;56958772.00
2013/12/30;5.18;5.18;5.05;5.07;3887178;40146496.00
2013/12/31;4.99;5.14;4.99;5.14;3118261;31999486.00
2014/01/02;5.14;5.37;5.10;5.35;8095972;86504392.00
2014/01/03;5.33;5.53;5.22;5.46;7128078;77460616.00
2014/01/06;5.44;5.67;5.32;5.59;10174720;113969408.00
2014/01/07;5.59;5.67;5.42;5.57;7510866;84314016.00
2014/01/08;5.54;5.79;5.50;5.69;8784719;100617328.00
2014/01/09;5.57;5.57;5.32;5.35;12468544;137721712.00
2014/01/10;5.23;5.34;5.13;5.23;4071438;42964692.00
2014/01/13;5.23;5.31;5.17;5.25;2755460;29262368.00
2014/01/14;5.27;5.51;5.26;5.49;4791406;52664208.00
2014/01/15;5.48;5.48;5.36;5.42;3310116;36273104.00
2014/01/16;5.47;5.69;5.39;5.63;6117747;68506632.00
2014/01/17;5.58;5.66;5.52;5.53;3137077;35309284.00
2014/01/20;5.53;5.58;5.34;5.38;3380287;37230072.00
2014/01/21;5.37;5.55;5.35;5.53;3969309;43905544.00
2014/01/22;5.53;5.69;5.48;5.59;4505947;51191684.00
2014/01/23;5.56;5.64;5.56;5.59;2875525;32552410.00
2014/01/24;5.54;5.93;5.54;5.76;8357061;97658224.00
2014/01/27;5.70;5.88;5.63;5.77;4533994;52690116.00
2014/01/28;5.74;6.13;5.72;5.99;8239594;99150208.00
2014/01/29;5.93;6.19;5.91;6.17;5437735;66927964.00
2014/01/30;6.18;6.18;6.01;6.04;3699261;45344476.00
2014/02/07;5.94;6.09;5.87;6.00;4524083;54441812.00
2014/02/10;6.01;6.14;5.99;6.04;5234653;64140780.00
2014/02/11;6.04;6.29;5.96;6.28;7461254;92955264.00
2014/02/12;6.28;6.49;6.21;6.43;5374426;69077440.00
2014/02/13;6.35;6.69;6.35;6.48;8411550;111589208.00
2014/02/14;6.53;6.72;6.39;6.67;4942414;66001884.00
2014/02/17;6.69;6.74;6.56;6.68;4400015;58772924.00
2014/02/18;6.68;6.73;6.45;6.50;5658089;74780440.00
2014/02/19;6.49;6.54;6.37;6.42;3830850;49845680.00
2014/02/20;6.44;6.74;6.43;6.57;7121824;95271664.00
2014/02/21;6.57;6.87;6.34;6.73;8533642;115312864.00
2014/02/24;6.69;6.86;6.57;6.84;4596072;62109160.00
2014/02/25;6.81;6.86;6.15;6.22;7317836;95587376.00
2014/02/26;6.19;6.41;6.04;6.26;5183138;65579672.00
2014/02/27;6.33;6.42;5.88;5.91;3877399;48254584.00
2014/02/28;5.92;6.02;5.79;5.99;2860158;34192508.00
2014/03/03;5.94;6.12;5.94;6.07;2710115;33124590.00
2014/03/04;6.06;6.07;5.86;5.94;3362846;40371964.00
2014/03/05;5.94;6.09;5.87;6.02;3458245;41881268.00
2014/03/06;5.95;6.03;5.84;6.01;3375549;40630092.00
2014/03/07;6.02;6.16;5.96;6.09;4205506;51669396.00
2014/03/10;6.09;6.25;5.96;6.07;4534819;55870280.00
2014/03/11;6.06;6.22;5.95;6.09;3014489;37131192.00
2014/03/12;6.09;6.32;6.03;6.10;4745896;59257300.00
2014/03/13;6.11;6.20;6.05;6.07;2803897;34554556.00
2014/03/14;6.04;6.09;5.80;5.84;4333698;52031732.00
2014/03/17;5.79;6.09;5.76;6.08;7472022;90112648.00
2014/03/18;6.09;6.15;6.04;6.10;3462022;42606940.00
2014/03/19;6.10;6.13;5.99;6.02;3591070;44000160.00
2014/03/20;6.02;6.04;5.69;5.69;5584702;66126048.00
2014/03/21;5.69;5.81;5.58;5.74;2353229;27102038.00
2014/03/24;5.79;5.87;5.64;5.69;3867136;44954148.00
2014/03/26;5.59;5.78;5.53;5.72;3551135;40577348.00
2014/03/27;5.69;5.69;5.50;5.55;4123385;46319364.00
2014/03/28;5.55;5.60;5.32;5.32;2899664;31826038.00
2014/03/31;5.37;5.46;5.28;5.41;2113982;22989950.00
2014/04/01;5.47;5.65;5.39;5.64;3671062;41216184.00
2014/04/02;5.64;5.68;5.54;5.55;1512916;17114022.00
2014/04/03;5.61;5.64;5.53;5.58;1445098;16335982.00
2014/04/04;5.55;5.62;5.53;5.61;2392415;26899958.00
2014/04/08;5.58;5.70;5.47;5.65;2724686;30875024.00
2014/04/09;5.69;5.81;5.64;5.79;2788561;32359082.00
2014/04/10;5.83;5.83;5.72;5.81;2410320;28181886.00
2014/04/11;5.82;5.83;5.75;5.75;1869419;21792080.00
2014/04/14;5.76;5.81;5.74;5.80;1565317;18234758.00
2014/04/15;5.78;5.82;5.69;5.72;1692620;19673650.00
2014/04/16;5.72;5.77;5.69;5.72;1257835;14533362.00
2014/04/17;5.74;6.30;5.71;6.18;11081305;136755984.00
2014/04/18;6.17;6.20;6.02;6.09;4658939;57614152.00
2014/04/21;6.08;6.14;5.90;5.96;5437517;32955494.00
2014/04/22;5.96;6.08;5.82;6.06;4421538;26571920.00
2014/04/23;6.00;6.15;6.00;6.02;3737390;22836010.00
2014/04/24;6.00;6.01;5.64;5.64;7126796;41389576.00
2014/04/25;5.58;5.76;5.40;5.52;5435829;30335894.00
2014/04/28;5.47;5.59;5.19;5.20;4080631;21838176.00
2014/04/29;5.21;5.30;5.09;5.21;3025510;15940340.00
2014/04/30;5.22;5.69;5.21;5.54;4324446;23742276.00
2014/05/05;5.52;5.83;5.47;5.74;6726887;38743156.00
2014/05/06;5.66;6.14;5.66;6.03;7872247;46987624.00
2014/05/07;5.92;6.25;5.90;6.12;12122691;74749272.00
2014/05/08;6.11;6.28;6.02;6.15;8486899;52621292.00
2014/05/09;6.12;6.17;5.81;5.93;6023943;36016936.00
2014/05/12;5.94;6.09;5.92;6.06;3853295;23330238.00
2014/05/13;6.05;6.11;5.99;6.05;2589941;15731692.00
2014/05/14;6.05;6.10;5.97;5.97;2365653;14312314.00
2014/05/15;5.97;5.99;5.80;5.80;3407620;20149476.00
2014/05/16;5.75;5.92;5.75;5.91;2411018;14219082.00
2014/05/19;5.97;5.97;5.75;5.82;3541372;20881028.00
2014/05/20;5.80;5.92;5.77;5.82;2410943;14118054.00
2014/05/21;5.79;5.93;5.73;5.89;2242905;13251173.00
2014/05/22;5.85;6.01;5.79;5.81;2933159;17432150.00
2014/05/23;5.79;5.85;5.76;5.81;2717931;15878575.00
2014/05/26;5.82;5.94;5.62;5.89;3883096;22764938.00
2014/05/27;6.00;6.39;6.00;6.25;18822542;117597968.00
2014/05/28;6.16;6.24;6.06;6.23;9633177;59560188.00
2014/05/29;6.19;6.41;6.14;6.24;12709649;80328152.00
2014/05/30;6.26;6.31;6.12;6.17;6655195;41616652.00
2014/06/03;6.17;6.27;6.08;6.18;5316815;33054596.00
2014/06/04;6.12;6.18;6.04;6.09;4755292;29138660.00
2014/06/05;6.05;6.16;6.05;6.14;3207470;19712928.00
2014/06/06;6.13;6.35;6.12;6.28;7128961;44893996.00
2014/06/09;6.26;6.36;6.09;6.11;5640577;35088600.00
2014/06/10;6.20;6.44;6.15;6.22;15026960;94975336.00
2014/06/11;6.25;6.26;6.05;6.17;11797824;72569088.00
2014/06/12;6.12;6.18;5.87;6.17;24907970;150059312.00
2014/06/13;6.09;6.09;5.96;6.02;10435175;63055344.00
2014/06/16;5.96;6.03;5.88;5.98;8216607;49119424.00
2014/06/17;5.92;6.09;5.92;5.96;9537357;57783536.00
2014/06/18;5.92;5.93;5.74;5.78;9000208;52637796.00
2014/06/19;5.76;6.00;5.75;5.92;10790727;64125596.00
2014/06/20;5.90;5.95;5.82;5.90;5364224;31753680.00
2014/06/23;5.92;5.98;5.88;5.94;5542995;32987608.00
2014/06/24;5.90;6.08;5.89;5.95;10208119;61622296.00
2014/06/25;5.94;6.02;5.89;5.95;3317427;19780590.00
2014/06/26;5.92;6.01;5.92;5.95;5794085;34814444.00
2014/06/27;5.96;6.00;5.92;5.96;5940363;35570124.00
2014/06/30;5.99;6.05;5.92;5.97;7367367;44245872.00
2014/07/01;6.00;6.10;5.93;6.09;10980990;66720352.00
2014/07/02;6.08;6.11;5.99;6.05;8775097;53255784.00
2014/07/03;6.05;6.15;6.03;6.14;12625392;77449864.00
2014/07/04;6.15;6.34;6.12;6.30;23508345;148002352.00
2014/07/07;6.29;6.42;6.19;6.34;15924897;100818936.00
2014/07/08;6.33;6.41;6.22;6.24;12772226;80771464.00
2014/07/09;6.25;6.30;6.08;6.08;9377417;58360880.00
2014/07/10;6.08;6.69;6.00;6.46;24150013;155141520.00
2014/07/11;6.43;6.60;6.41;6.49;18328181;119709440.00
2014/07/14;6.49;6.68;6.47;6.56;16214820;107147784.00
2014/07/15;6.52;6.59;6.41;6.54;10947540;71247680.00
2014/07/16;6.54;6.56;6.38;6.48;8823440;57134104.00
2014/07/17;6.46;6.48;6.22;6.27;10567830;67123984.00
2014/07/18;6.22;6.42;6.22;6.39;7523803;48160816.00
2014/07/21;6.39;6.52;6.35;6.41;8565281;55560132.00
2014/07/22;6.41;6.62;6.41;6.46;14514490;95224824.00
2014/07/23;6.42;6.50;6.33;6.35;6649573;42700032.00
2014/07/24;6.34;6.52;6.20;6.45;18088207;115503896.00
2014/07/25;6.45;6.61;6.42;6.55;16177598;106049520.00
2014/07/28;6.57;6.65;6.51;6.60;14245048;94332336.00
2014/07/29;6.64;7.25;6.60;7.11;37963835;265429216.00
2014/07/30;6.99;7.08;6.90;6.97;28013128;196459264.00
2014/07/31;6.95;7.04;6.92;6.96;16608097;116156760.00
2014/08/01;6.93;7.05;6.82;6.82;19116380;133274560.00
2014/08/04;6.84;6.99;6.81;6.96;10650295;74070544.00
2014/08/05;6.95;7.01;6.91;6.99;9891458;69235320.00
2014/08/06;6.96;7.04;6.93;6.98;10994190;77067616.00
2014/08/07;6.95;7.00;6.78;6.81;12231009;84858936.00
2014/08/08;6.79;7.12;6.79;7.09;21609074;151691600.00
2014/08/11;7.07;7.19;7.04;7.15;17811326;127364280.00
2014/08/12;7.15;7.39;7.08;7.33;23553867;171129136.00
2014/08/13;7.33;7.57;7.18;7.42;25553497;189619232.00
2014/08/14;7.41;7.46;7.25;7.26;16583842;122317048.00
2014/08/15;7.30;7.69;7.24;7.66;22502180;170700976.00
2014/08/18;7.67;7.81;7.56;7.76;21064116;162410448.00
2014/08/19;7.74;7.74;7.55;7.66;17252784;132129848.00
2014/08/20;7.66;7.74;7.57;7.59;12506456;95906448.00
2014/08/21;7.65;7.65;7.48;7.60;10091612;76473976.00
2014/08/22;7.60;7.78;7.57;7.76;15050436;116320528.00
2014/08/25;7.77;7.78;7.53;7.53;11315482;86426720.00
2014/08/26;7.47;7.48;7.09;7.18;18055564;131586272.00
2014/08/27;7.14;7.29;7.14;7.19;7516314;54430576.00
2014/08/28;7.17;7.47;7.17;7.36;10810861;79442328.00
2014/08/29;7.28;7.44;7.28;7.39;5459234;40394692.00
2014/09/01;7.39;7.45;7.31;7.42;9072247;67313872.00
2014/09/02;7.45;7.56;7.42;7.48;13235678;99558960.00
2014/09/03;7.49;7.68;7.47;7.57;16186012;122716720.00
2014/09/04;7.59;7.67;7.47;7.64;17682991;134078944.00
2014/09/05;7.61;7.85;7.58;7.74;21401122;166062256.00
2014/09/09;7.75;8.02;7.64;8.02;21867560;171653072.00
2014/09/10;7.96;8.35;7.87;8.22;25302821;207901072.00
2014/09/11;8.19;8.34;7.95;8.00;21331463;174050464.00
2014/09/12;8.07;8.19;7.86;8.19;15727827;126189432.00
2014/09/15;8.17;8.32;8.07;8.16;16331836;134283840.00
2014/09/16;8.16;8.19;7.71;7.74;21731323;173550144.00
2014/09/17;7.76;7.85;7.55;7.79;11914821;92374192.00
2014/09/18;7.77;7.85;7.68;7.85;7843996;61300952.00
2014/09/19;7.87;8.12;7.80;8.10;13780949;110527328.00
2014/09/22;8.10;8.10;7.84;7.84;10013124;79794352.00
2014/09/23;7.84;7.92;7.75;7.85;9647050;75908888.00
2014/09/24;7.83;8.07;7.77;8.03;14546203;115798960.00
2014/09/25;8.05;8.09;7.88;7.93;11962719;95791272.00
2014/09/26;7.92;7.92;7.74;7.79;12026620;94342264.00
2014/09/29;7.77;7.93;7.77;7.89;11981948;94537664.00
2014/09/30;7.84;8.01;7.81;8.00;10300083;81845744.00
2014/10/08;8.00;8.36;8.00;8.36;22346621;183971648.00
2014/10/09;8.37;8.52;8.15;8.51;21048334;175877168.00
2014/10/10;8.47;8.66;8.37;8.56;19362508;166383184.00
2014/10/13;8.48;8.52;8.22;8.35;14358522;120087776.00
2014/10/14;8.39;8.59;8.33;8.42;13734795;116621368.00
2014/10/15;8.44;8.92;8.44;8.64;22697793;197957760.00
2014/10/16;8.52;8.88;8.47;8.70;18693868;164162912.00
2014/10/17;8.68;8.82;8.16;8.43;19788856;168434208.00
2014/10/20;8.45;8.59;8.32;8.59;14028563;118794144.00
2014/10/21;8.58;8.97;8.55;8.96;25982197;228592096.00
2014/10/22;8.96;9.13;8.68;8.70;20024856;178796128.00
2014/10/23;8.64;8.76;8.34;8.41;14620741;124313160.00
2014/10/24;8.41;8.77;8.41;8.60;13576931;117231328.00
2014/10/27;8.53;8.94;8.44;8.90;15743908;138435840.00
2014/10/28;8.90;9.02;8.81;8.96;20108928;179945392.00
2014/10/29;8.99;9.21;8.87;8.87;27372995;248522176.00
2014/10/30;8.87;9.18;8.80;9.18;26159097;236892656.00
2014/10/31;9.20;9.20;8.87;9.02;21533098;194517888.00
2014/11/03;9.04;9.11;8.94;9.01;12348736;111643832.00
2014/11/04;9.00;9.12;8.88;8.95;9914652;89201912.00
2014/11/05;8.94;9.00;8.70;8.87;19037681;168010640.00
2014/11/06;8.86;8.91;8.60;8.67;16604154;145236544.00
2014/11/07;8.66;8.82;8.47;8.65;20066024;174934608.00
2014/11/10;8.63;8.77;8.58;8.71;13966184;121495296.00
2014/11/11;8.67;8.78;7.84;7.84;44505547;361044576.00
2014/11/12;7.67;7.73;7.44;7.65;28430198;216838480.00
2014/11/13;7.66;7.67;7.33;7.47;23884450;179125216.00
2014/11/14;7.45;7.69;7.37;7.53;12527077;94835576.00
2014/11/17;7.55;7.80;7.48;7.71;13376842;103319512.00
2014/11/18;7.77;8.05;7.73;7.93;16822568;134163144.00
2014/11/19;7.93;8.03;7.82;7.96;11071699;88401392.00
2014/11/20;7.91;8.00;7.82;7.93;7975009;63325880.00
2014/11/21;7.90;8.12;7.88;8.07;20408690;164191456.00
2014/11/24;8.07;8.22;8.03;8.08;11764795;95686432.00
2014/11/25;8.07;8.16;7.92;8.02;12339769;98902296.00
2014/11/26;8.02;8.26;7.97;8.12;19790904;161778512.00
2014/11/27;8.16;8.16;7.97;8.09;13255207;107178312.00
2014/11/28;8.07;8.24;8.00;8.14;17175594;140691520.00
2014/12/01;8.14;8.14;7.74;7.83;21169039;167881216.00
2014/12/02;7.92;7.94;7.78;7.88;14174861;111726312.00
2014/12/03;7.84;7.91;7.66;7.83;17516669;136343232.00
2014/12/04;7.87;8.04;7.84;7.91;15061703;120004464.00
2014/12/05;7.91;7.91;7.48;7.52;18683097;143079328.00
2014/12/08;7.52;7.58;7.22;7.27;22322564;164435232.00
2014/12/09;7.27;7.45;7.03;7.06;17475843;127731968.00
2014/12/10;7.06;7.34;7.00;7.27;8897634;64307464.00
2014/12/11;7.29;7.61;7.29;7.59;15942091;120205512.00
2014/12/12;7.65;7.76;7.52;7.61;10009967;76773824.00
2014/12/15;7.66;7.94;7.52;7.89;14425694;112591392.00
2014/12/16;7.98;8.01;7.84;7.87;10380723;82108064.00
2014/12/17;7.87;7.96;7.70;7.79;11671553;91672672.00
2014/12/18;7.79;7.82;7.56;7.64;9310270;71358032.00
2014/12/19;7.64;7.64;7.21;7.57;10972675;81349472.00
2014/12/22;7.43;7.56;7.26;7.28;15489589;114094896.00
2014/12/23;7.30;7.50;7.17;7.28;5535294;40678092.00
2014/12/24;7.28;7.54;6.97;7.47;7095394;52789324.00
2014/12/25;7.52;7.85;7.42;7.82;19009887;146151088.00
2015/02/03;7.09;7.65;7.04;7.34;43326737;313229472.00
2015/02/04;7.15;7.25;7.12;7.19;23004721;166114784.00
2015/02/05;7.21;7.24;7.05;7.05;20226560;144547664.00
2015/02/06;7.04;7.04;6.47;6.67;20923303;140902672.00
2015/02/09;6.61;6.79;6.54;6.65;7555388;50778384.00
2015/02/10;6.68;6.97;6.62;6.84;13317733;90976824.00
2015/02/11;6.80;6.85;6.68;6.77;10247408;69403560.00
2015/02/12;6.80;6.86;6.70;6.84;8437703;57493080.00
2015/02/13;6.85;7.09;6.84;7.05;12981689;91359176.00
2015/02/16;7.05;7.15;6.97;7.12;9241512;65737476.00
2015/02/17;7.11;7.12;7.03;7.11;9284097;65863492.00
2015/02/25;7.04;7.14;6.98;7.12;9292156;65885488.00
2015/02/26;7.07;7.14;7.00;7.14;10689493;76126768.00
2015/02/27;7.11;7.30;7.10;7.25;15530595;112697920.00
2015/03/02;7.34;7.62;7.22;7.53;21572532;160240528.00
2015/03/03;7.50;7.73;7.43;7.55;20571139;156831088.00
2015/03/04;7.55;7.65;7.54;7.57;12121098;92243536.00
2015/03/05;7.57;7.61;7.42;7.57;16995462;128370192.00
2015/03/06;7.58;7.71;7.53;7.60;16698682;127735424.00
2015/03/09;7.60;7.60;7.45;7.56;12740837;96107960.00
2015/03/10;7.57;7.96;7.55;7.86;25739797;201006560.00
2015/03/11;7.86;7.95;7.76;7.85;19702419;155115792.00
2015/03/12;7.85;8.08;7.73;7.83;22376409;177662656.00
2015/03/13;7.81;7.94;7.69;7.84;15367800;119702888.00
2015/03/16;7.86;8.03;7.81;7.99;32414253;258286640.00
2015/03/17;8.01;8.09;7.95;8.04;30320916;243935056.00
2015/03/18;8.04;8.22;8.00;8.17;27509288;223925200.00
2015/03/19;8.17;8.24;8.07;8.19;25809821;211258304.00
2015/03/20;8.19;8.46;8.12;8.41;31271628;261080800.00
2015/03/23;8.42;8.58;8.35;8.50;26974135;229202016.00
2015/03/24;8.47;8.54;8.09;8.35;31282420;261824576.00
2015/03/25;8.31;8.51;8.18;8.47;36563139;305671104.00
2015/03/26;8.39;8.66;8.28;8.40;30237721;256577376.00
2015/03/27;8.39;8.64;8.39;8.57;26479906;226391296.00
2015/03/30;8.57;8.76;8.54;8.64;27174439;235521984.00
2015/03/31;8.64;8.80;8.55;8.74;29420860;256392592.00
2015/04/01;8.72;9.15;8.70;9.04;48336592;435477472.00
2015/04/02;9.05;9.44;9.03;9.41;39282505;365731072.00
2015/04/03;9.38;10.35;9.32;10.14;51601714;517211936.00
2015/04/07;10.20;10.34;9.87;10.14;37751178;380325344.00
2015/04/08;10.14;10.18;9.57;9.83;34053795;337763840.00
2015/04/09;9.83;9.92;9.27;9.67;29525558;282122560.00
2015/04/10;9.64;10.57;9.50;10.29;44881238;457595424.00
2015/04/13;10.36;10.69;10.20;10.22;35785592;374109984.00
2015/04/14;10.13;10.36;9.96;10.12;24443655;248558240.00
2015/04/15;10.12;10.45;9.87;10.14;26540286;269613600.00
2015/04/16;10.09;10.90;9.82;10.82;38131626;399670080.00
2015/04/17;10.85;11.08;10.48;10.49;34493628;369502336.00
2015/04/20;10.38;10.39;9.77;9.83;34275000;345863424.00
2015/04/21;9.85;10.11;9.83;10.08;21303561;213459264.00
2015/04/22;10.12;10.80;10.02;10.48;32906857;343219168.00
2015/04/23;10.48;10.59;10.19;10.32;26217354;272857088.00
2015/04/24;10.14;10.65;9.98;10.62;29237902;305026080.00
2015/04/27;10.84;10.93;10.47;10.62;35139453;376753088.00
2015/04/28;10.65;10.70;9.97;10.09;25384766;260258336.00
2015/04/29;10.05;10.32;9.97;10.21;16487544;168573248.00
2015/04/30;10.25;10.32;9.97;9.97;19826355;201460176.00
2015/05/04;9.88;10.18;9.88;10.13;16668793;168280640.00
2015/05/05;10.12;10.12;9.53;9.60;23175118;227892800.00
2015/05/06;9.60;9.74;8.94;9.02;23740440;223971120.00
2015/05/07;9.02;9.13;8.69;8.88;15370955;137342752.00
2015/05/08;8.97;9.23;8.94;9.22;16746706;152278080.00
2015/05/11;9.32;9.82;9.20;9.59;23932136;227369088.00
2015/05/12;9.59;9.72;9.42;9.62;20436362;196511680.00
2015/05/13;9.58;9.66;9.44;9.53;19610055;187742656.00
2015/05/14;9.52;10.01;9.49;9.78;31149292;305931744.00
2015/05/15;9.77;10.57;9.67;10.33;47412038;483752128.00
2015/05/18;10.22;10.68;10.08;10.46;33163137;347677088.00
2015/05/19;10.43;11.18;10.43;11.13;39740340;435114624.00
2015/05/20;11.20;11.79;10.97;11.07;42382541;482399232.00
2015/05/21;11.07;11.86;11.07;11.70;36556018;423816064.00
2015/05/22;11.87;12.09;11.27;11.82;41919473;492303264.00
2015/05/25;11.68;12.29;11.58;12.16;37711743;456196384.00
2015/05/26;12.26;12.36;11.92;12.16;35884804;436290496.00
2015/05/27;12.20;12.20;11.58;11.87;41824090;499264992.00
2015/05/28;11.86;12.87;11.67;11.98;66516168;812511552.00
2015/05/29;12.02;13.18;11.44;13.18;73708158;927789312.00
2015/06/01;13.58;14.50;13.46;14.25;66914804;939530752.00
2015/06/02;13.97;15.68;13.87;15.68;59628134;867483008.00
2015/06/03;15.97;16.59;14.97;16.12;52169791;836223040.00
2015/06/04;15.86;16.29;14.51;15.77;41613200;643087808.00
2015/06/05;15.88;16.26;14.97;15.45;40411297;629695488.00
2015/06/08;15.87;16.04;15.37;15.49;35470177;556424960.00
2015/06/09;15.77;16.95;15.58;16.32;41393295;675539712.00
2015/06/10;16.12;16.87;15.20;16.13;33685374;544657408.00
2015/06/11;16.07;17.24;15.76;16.99;38864120;651932480.00
2015/06/12;16.79;17.25;16.56;16.85;37669948;636584448.00
2015/06/15;16.85;16.85;15.87;15.95;39302464;637452096.00
2015/06/16;15.66;15.66;14.49;14.63;27223872;410698400.00
2015/06/17;14.86;15.34;13.73;15.11;29217802;422878880.00
2015/06/18;14.99;15.62;14.76;14.88;22840611;349352000.00
2015/06/19;14.43;14.77;13.39;13.39;19758873;276081312.00
2015/06/23;13.39;13.75;12.07;13.11;23205436;298077184.00
2015/06/24;13.40;13.77;13.04;13.40;20427198;274602688.00
2015/06/25;13.44;13.64;12.49;12.84;21720067;289446080.00
2015/06/26;12.29;12.54;11.56;11.56;23917638;284192032.00
2015/06/29;11.91;11.99;10.40;10.40;26495446;288192896.00
2015/06/30;10.00;11.38;9.36;11.34;34864420;356307360.00
2015/07/01;10.99;11.77;10.21;10.39;28250061;316648416.00
2015/07/02;10.69;10.70;9.35;9.35;30444686;296995840.00
2015/07/03;8.79;9.59;8.41;8.41;35360548;305324992.00
2015/07/06;9.19;9.19;7.57;7.57;40365112;330930816.00
2015/07/14;8.33;8.33;8.33;8.33;285802;2383588.75
2015/07/15;9.16;9.16;8.07;8.44;62205158;548766528.00
2015/07/16;8.39;8.96;7.64;8.76;38683992;330073536.00
2015/07/17;8.86;9.64;8.76;9.37;40688696;376992352.00
2015/07/20;9.35;9.79;8.99;9.44;49500151;466602688.00
2015/07/21;9.23;9.73;9.02;9.58;37075929;352316384.00
2015/07/22;9.70;10.47;9.38;10.19;52219064;511460800.00
2015/07/23;10.07;10.49;9.99;10.32;40692481;416647840.00
2015/07/24;10.33;10.48;9.64;9.76;39386011;400009120.00
2015/07/27;9.38;9.74;8.78;8.78;30795407;287117184.00
2015/07/28;8.01;8.79;7.90;8.08;37362551;305276704.00
2015/07/29;8.39;8.58;7.83;8.58;25090578;205396176.00
2015/07/30;8.55;8.73;8.05;8.10;28029401;239173264.00
2015/07/31;7.97;8.35;7.84;8.10;18361294;149371120.00
2015/08/03;8.04;8.15;7.35;7.54;19718023;152949712.00
2015/08/04;7.63;8.22;7.59;8.21;21690618;171538032.00
2015/08/05;8.23;8.43;7.99;8.13;21605841;177891008.00
2015/08/06;7.92;8.25;7.86;8.04;18942941;152694128.00
2015/08/07;8.09;8.54;8.06;8.49;28127144;234980640.00
2015/08/10;8.54;9.12;8.43;9.09;32485983;286605440.00
2015/08/11;9.05;9.44;8.91;9.14;35839801;328978720.00
2015/08/12;9.00;9.21;8.74;8.77;26486279;237592560.00
2015/08/13;8.73;9.27;8.65;9.24;29421750;262238128.00
2015/08/14;9.27;9.44;9.11;9.28;33779944;314039456.00
2015/08/17;9.21;9.60;9.08;9.56;29692459;277437952.00
2015/08/18;9.59;9.64;8.60;8.60;34313783;312925664.00
2015/08/19;8.32;8.82;7.80;8.71;27792438;230230048.00
2015/08/20;8.52;8.78;8.36;8.50;19341053;165741520.00
2015/08/21;8.20;8.42;7.89;8.03;15988947;131204808.00
2015/08/24;7.49;7.76;7.23;7.23;13384459;98118680.00
2015/08/25;6.52;6.75;6.51;6.51;17142987;112375168.00
2015/08/26;6.39;6.65;5.86;5.99;38544887;240912432.00
2015/08/27;6.20;6.29;5.79;6.22;18617367;113880912.00
2015/08/28;6.29;6.82;6.19;6.74;30843834;198354464.00
2015/08/31;6.63;6.67;6.30;6.31;17750014;114432600.00
2015/09/01;6.30;6.30;5.74;5.78;19920928;118020328.00
2015/12/02;6.36;6.36;6.36;6.36;361200;2300844.00
2015/12/03;7.00;7.00;7.00;7.00;64800;454248.00
2015/12/04;7.70;7.70;7.70;7.70;643858;4964145.00
2015/12/07;8.47;8.47;8.47;8.47;4315065;36591752.00
2015/12/08;9.29;9.32;8.85;9.32;148543298;1357880960.00
2015/12/16;10.25;10.25;10.25;10.25;2404865;24673914.00
2015/12/17;11.28;11.28;11.28;11.28;6219525;70218440.00
2015/12/18;12.41;12.41;12.41;12.41;4726021;58697180.00
2015/12/21;12.37;12.37;11.17;11.57;131991938;1536231552.00
2015/12/22;11.60;12.73;11.48;12.73;93061844;1135188608.00
2015/12/23;13.15;13.66;12.73;12.89;132268485;1740456448.00
2015/12/24;12.30;12.40;11.75;12.02;68256007;823600896.00
2015/12/25;12.02;12.57;11.70;12.24;58051899;702285376.00
2015/12/28;11.99;12.19;11.62;11.83;41270214;492081120.00
2015/12/29;11.72;12.17;11.66;11.89;32579873;389934784.00
2015/12/30;11.88;12.10;11.60;11.81;35258779;416427776.00
2015/12/31;11.79;11.94;11.22;11.24;27979945;325497152.00
2016/01/04;11.13;11.16;10.12;10.12;32900714;347027008.00
2016/01/05;9.44;10.11;9.23;9.91;36215792;351176384.00
2016/01/06;9.96;10.24;9.68;10.19;27126055;270120480.00
2016/01/07;9.96;9.96;9.17;9.17;7418900;70730240.00
2016/01/08;9.44;9.54;8.48;9.29;31026820;286699520.00
2016/01/11;8.98;9.08;8.36;8.36;26763557;232347248.00
2016/01/12;8.34;8.47;7.86;8.09;24951087;204941504.00
2016/01/13;8.19;8.43;7.89;7.89;19347049;159030800.00
2016/01/14;7.53;8.31;7.44;8.19;19957247;158768688.00
2016/01/15;8.39;8.98;8.24;8.58;38312928;331348224.00
2016/01/18;8.28;8.98;8.14;8.90;27264007;238848816.00
2016/01/19;8.90;9.57;8.67;9.42;34129916;313158752.00
2016/01/20;9.19;9.66;9.10;9.19;24769172;231387296.00
2016/01/21;9.00;9.33;8.59;8.64;19286463;174027984.00
2016/01/22;8.86;9.09;8.67;9.05;18912440;168434976.00
2016/01/25;9.18;9.19;8.93;9.08;13525351;122659272.00
2016/01/26;9.02;9.99;8.90;9.38;45163004;433245632.00
2016/01/27;9.18;9.36;8.44;8.95;34384536;301056928.00
2016/01/28;8.68;8.78;8.05;8.05;20034448;167453008.00
2016/01/29;8.01;8.44;7.79;8.33;15881954;129987728.00
2016/02/01;8.23;8.28;7.82;7.99;13477830;109043416.00
2016/02/02;8.06;8.43;8.01;8.19;13634585;112401216.00
2016/02/03;8.08;8.29;7.92;8.26;10401223;84084064.00
2016/02/04;8.27;8.85;8.21;8.67;17188765;147944608.00
2016/02/05;8.61;8.77;8.34;8.49;12576455;107281136.00
2016/02/15;7.84;8.30;7.75;8.19;19321151;154889744.00
2016/02/16;8.20;8.73;8.15;8.55;20827290;177741360.00
2016/02/17;8.49;9.41;8.45;9.41;34054285;305825472.00
2016/02/18;9.47;10.00;9.21;9.49;42225450;403768416.00
2016/02/19;9.49;9.79;9.30;9.59;22005484;210306544.00
2016/02/22;9.71;9.84;9.49;9.66;29507129;285547488.00
2016/02/23;9.63;9.63;9.28;9.44;20589546;194389376.00
2016/02/24;9.31;9.94;9.20;9.91;28236438;270451904.00
2016/02/25;9.32;9.55;8.92;8.92;39619891;360185280.00
2016/02/26;8.46;8.97;8.03;8.89;45015974;377538752.00
2016/02/29;8.59;9.47;8.25;8.63;48913435;432440544.00
2016/03/01;8.63;9.02;7.89;8.84;33719789;285115936.00
2016/03/02;8.67;9.73;8.41;9.69;66631081;627815232.00
2016/03/03;9.64;10.27;9.50;9.74;71616741;704408384.00
2016/03/29;10.06;10.68;9.38;9.59;64628550;647228864.00
2016/03/30;9.57;9.84;9.16;9.82;56657836;537016512.00
2016/03/31;9.62;9.76;9.44;9.54;40223705;386284416.00
2016/04/01;9.48;9.48;8.88;9.08;36876592;336396960.00
2016/04/05;9.05;9.47;8.99;9.32;30933010;287380928.00
2016/04/06;9.34;10.25;9.27;10.25;62077933;611722240.00
2016/04/07;10.14;10.46;9.94;10.16;59670504;611009408.00
2016/04/08;10.09;11.02;10.01;10.45;70090665;737565760.00
2016/04/11;10.54;10.80;10.28;10.60;53402165;560297344.00
2016/04/12;10.49;11.38;10.45;11.13;67680290;742491968.00
2016/04/13;11.04;11.24;10.74;10.93;64536918;708625856.00
2016/04/14;10.83;10.99;10.56;10.87;37334070;400470432.00
2016/04/15;10.79;11.08;10.63;10.79;30958800;336220768.00
2016/04/18;10.76;11.03;10.60;10.85;31005450;335804448.00
2016/04/19;11.01;11.24;10.74;11.07;39772833;436116512.00
2016/04/20;11.07;11.48;10.14;10.87;67820082;743658176.00
2016/04/21;10.59;11.14;10.51;10.55;57582464;627004992.00
2016/04/22;10.24;10.44;9.98;10.08;34862429;353095680.00
2016/04/25;10.07;10.47;9.54;10.38;29695764;297143168.00
2016/04/26;10.29;10.64;10.19;10.41;34497385;359750784.00
2016/04/27;10.34;10.62;10.21;10.33;29391601;306727648.00
2016/04/28;10.25;10.57;10.09;10.46;29437314;304987200.00
2016/04/29;10.42;10.59;10.29;10.29;24390185;254705200.00
2016/05/03;10.14;10.54;10.05;10.44;23353666;241867216.00
2016/05/04;10.48;10.73;10.40;10.54;28283376;299938496.00
2016/05/05;10.57;10.59;10.30;10.43;17214521;179650400.00
2016/05/06;10.44;10.49;9.69;9.75;29040174;293358560.00
2016/05/09;9.55;9.66;8.84;9.16;23793069;221011344.00
2016/05/10;9.16;9.30;8.97;9.07;12461269;113627040.00
2016/05/11;9.14;9.21;8.75;8.77;15620983;139313248.00
2016/05/12;8.56;8.57;8.24;8.47;14224137;120236824.00
2016/05/13;8.53;8.63;8.38;8.48;10570375;90040152.00
2016/05/16;8.54;8.81;8.42;8.80;11790872;101881480.00
2016/05/17;8.87;8.98;8.70;8.75;12451685;110006240.00
2016/05/18;8.68;8.68;8.20;8.33;12141142;102344192.00
2016/05/19;8.33;8.51;8.29;8.32;8407139;70716464.00
2016/05/20;8.29;8.43;8.19;8.43;6968825;58064432.00
2016/05/23;8.43;8.56;8.40;8.52;9824712;83434928.00
2016/05/24;8.48;8.78;8.44;8.62;15792782;136217712.00
2016/05/25;8.68;8.74;8.49;8.60;11288553;97053072.00
2016/05/26;8.49;8.65;8.29;8.63;10766427;91382784.00
2016/05/27;8.57;8.79;8.54;8.76;11643407;101138952.00
2016/05/30;8.69;8.74;8.54;8.62;7798630;67358040.00
2016/05/31;8.63;8.94;8.59;8.89;30337060;265209664.00
2016/06/01;8.83;8.92;8.81;8.84;18654962;165427280.00
2016/06/02;8.84;8.88;8.69;8.86;15910429;139956736.00
2016/06/03;8.86;9.08;8.72;8.93;19556282;173986240.00
2016/06/06;8.95;8.99;8.84;8.92;11136999;99318528.00
2016/06/07;8.87;8.93;8.80;8.84;9334843;82611696.00
2016/06/08;8.88;8.89;8.63;8.70;10614333;92598872.00
2016/06/13;8.60;8.61;8.09;8.10;13062540;109472896.00
2016/06/14;8.06;8.17;7.97;8.05;12274217;98903824.00
2016/06/15;7.97;8.51;7.91;8.40;14102928;116742776.00
2016/06/16;8.37;8.49;8.24;8.27;10855788;90601664.00
2016/06/17;8.28;8.47;8.28;8.35;10962371;91809856.00
2016/06/20;8.41;8.43;8.16;8.43;8350801;69133216.00
2016/06/21;8.41;8.59;8.22;8.30;10778991;90847096.00
2016/06/22;8.27;8.35;8.17;8.33;6875142;56843680.00
2016/06/23;8.28;8.33;8.16;8.27;7708259;63424668.00
2016/06/24;8.22;8.29;7.81;8.10;9260368;75128208.00
2016/06/27;8.07;8.76;8.01;8.68;22816504;191975648.00
2016/06/28;8.61;8.78;8.56;8.72;22141152;192242992.00
2016/06/29;8.72;8.82;8.60;8.62;16867561;146549280.00
2016/06/30;8.65;8.74;8.49;8.69;10977593;94447568.00
2016/07/01;8.65;8.79;8.56;8.62;13234080;114761240.00
2016/07/04;8.56;8.81;8.50;8.72;14782738;128234944.00
2016/07/05;8.76;9.11;8.62;9.02;24786896;219943808.00
2016/07/06;8.93;9.23;8.81;9.20;35960826;324755424.00
2016/07/07;9.05;9.15;8.95;8.97;26097302;235838832.00
2016/07/08;8.86;8.94;8.82;8.85;11131749;98757872.00
2016/07/11;8.90;8.93;8.70;8.73;11625651;102539392.00
2016/07/12;8.71;8.77;8.57;8.76;11323528;98410400.00
2016/07/13;8.80;8.82;8.71;8.79;9295568;81524128.00
2016/07/14;8.75;8.98;8.75;8.96;14249114;126644832.00
2016/07/15;8.97;9.06;8.83;8.84;8318029;73922544.00
2016/07/18;8.80;8.87;8.73;8.84;6777495;59573696.00
2016/07/19;8.84;8.86;8.72;8.83;6509372;57088448.00
2016/07/20;8.81;9.05;8.76;8.95;13594594;121502736.00
2016/07/21;9.02;9.03;8.87;8.88;9877031;88314616.00
2016/07/22;8.85;8.92;8.68;8.74;11095319;97438912.00
2016/07/25;8.76;8.80;8.67;8.75;7075399;61819484.00
2016/07/26;8.75;8.88;8.75;8.87;7939135;70197736.00
2016/07/27;8.88;8.95;8.25;8.31;14638050;125111504.00
2016/07/28;8.30;8.38;8.10;8.21;8053043;66289740.00
2016/07/29;8.26;8.31;8.20;8.23;4867738;40155524.00
2016/08/01;8.22;8.22;8.03;8.12;5453223;44119520.00
2016/08/02;8.08;8.25;8.07;8.21;3473200;28487792.00
2016/08/03;8.21;8.27;8.16;8.22;3360200;27639720.00
2016/08/04;8.22;8.26;8.16;8.24;4168813;34264840.00
2016/08/05;8.22;8.34;8.20;8.25;5690726;47054776.00
2016/08/08;8.24;8.31;8.18;8.29;4430917;36602784.00
2016/08/09;8.31;8.39;8.27;8.37;5252908;43851560.00
2016/08/10;8.37;8.39;8.28;8.29;4426200;36860032.00
2016/08/11;8.28;8.32;8.16;8.16;5057753;41581504.00
2016/08/12;8.17;8.24;8.13;8.21;4484274;36714040.00
2016/08/15;8.21;8.36;8.17;8.34;9291753;77079032.00
2016/08/16;8.34;8.39;8.29;8.35;12094178;100996376.00
2016/08/17;8.37;8.48;8.31;8.42;11752543;98829968.00
2016/08/18;8.49;8.49;8.34;8.40;8709036;73164704.00
2016/08/19;8.40;8.45;8.38;8.42;9661186;81296648.00
2016/08/22;8.45;8.78;8.42;8.62;19534679;168976912.00
2016/08/23;8.65;8.85;8.55;8.74;16476489;143833472.00
2016/08/24;8.75;8.80;8.61;8.65;8330125;72336544.00
2016/08/25;8.62;8.75;8.40;8.73;10283294;88179856.00
2016/08/26;8.77;8.93;8.71;8.84;13872360;122327632.00
2016/08/29;8.79;8.89;8.68;8.74;8493479;74316240.00
2016/08/30;8.74;8.77;8.60;8.64;6060790;52601908.00
2016/08/31;8.75;8.84;8.62;8.82;9526288;83291760.00
2016/09/01;8.80;8.85;8.64;8.64;7859980;68724824.00
2016/09/02;8.60;8.76;8.59;8.69;4631617;40128020.00
2016/09/05;8.74;8.75;8.64;8.70;3114803;27093112.00
2016/09/06;8.70;9.04;8.60;8.95;17982005;160189792.00
2016/09/07;8.95;9.03;8.84;8.96;12792831;114425472.00
2016/09/08;8.98;9.26;8.92;9.09;20892720;190201472.00
2016/09/09;9.18;9.48;9.05;9.08;17711196;163222640.00
2016/09/12;8.81;8.88;8.65;8.67;11963957;104830360.00
2016/09/13;8.76;8.98;8.72;8.84;11708801;103883680.00
2016/09/14;8.84;9.36;8.77;9.18;24621304;225666416.00
2016/09/19;9.18;9.45;9.04;9.30;20659549;190135792.00
2016/09/20;9.26;9.39;9.16;9.17;10732722;99126048.00
2016/09/21;9.14;9.35;9.14;9.29;11670376;108054584.00
2016/09/22;9.35;9.37;9.12;9.16;10790302;99527488.00
2016/09/23;9.16;9.42;9.11;9.37;20363112;189748960.00
2016/09/26;9.33;9.36;8.95;8.95;18048656;164684176.00
2016/09/27;8.88;9.08;8.86;9.07;9895723;88486016.00
2016/09/28;9.06;9.68;9.02;9.48;26385311;246683216.00
2016/09/29;9.72;9.86;9.40;9.41;28166460;270361728.00
2016/09/30;9.35;9.90;9.32;9.79;27158781;262875152.00
2016/10/10;9.80;10.23;9.70;10.15;33528728;337402144.00
2016/10/11;10.00;10.19;9.97;10.10;22231096;223202336.00
2016/10/12;10.03;10.07;9.94;10.04;13335911;133407256.00
2016/10/13;10.06;10.20;9.87;9.88;14251697;142094864.00
2016/10/14;9.81;10.06;9.80;9.98;9747055;97019448.00
2016/10/17;10.05;10.05;9.55;9.58;17063498;166534992.00
2016/10/18;9.60;9.75;9.51;9.71;12366578;119152672.00
2016/10/19;9.74;9.81;9.63;9.67;8773666;85150248.00
2016/10/20;9.66;9.82;9.58;9.74;9376679;91136496.00
2016/10/21;9.74;9.74;9.43;9.52;12335500;117945120.00
2016/10/24;9.52;9.75;9.52;9.69;12877253;124521672.00
2016/10/25;9.75;9.96;9.70;9.79;19081240;187601072.00
2016/10/26;9.73;10.18;9.72;9.96;24363541;243834528.00
2016/10/27;10.00;10.15;9.87;9.89;14727383;146854496.00
2016/10/28;9.92;9.92;9.66;9.74;13020413;127142040.00
2016/10/31;9.66;9.83;9.61;9.70;7253950;70519984.00
2016/11/01;9.74;9.97;9.70;9.94;11643808;115087336.00
2016/11/02;9.95;10.67;9.88;10.28;34894223;359774656.00
2016/11/03;10.11;10.64;10.11;10.20;36462591;378826976.00
2016/11/04;10.20;10.39;9.93;9.99;22143238;223976384.00
2016/11/07;10.03;10.08;9.82;9.99;12802694;127479600.00
2016/11/08;9.97;10.27;9.97;10.11;16862570;170712096.00
2016/11/09;10.07;10.23;9.87;10.16;19845281;199972192.00
2016/11/10;10.28;10.56;10.16;10.40;26640087;275079872.00
2016/11/11;10.38;10.50;10.22;10.30;17880134;185178656.00
2016/11/14;10.55;10.74;10.35;10.53;19455126;203885296.00
2016/11/15;10.43;10.58;10.33;10.50;16051881;167624624.00
2016/11/16;10.50;10.60;10.32;10.32;15973795;166800560.00
2016/11/17;10.25;10.30;10.12;10.20;8083300;82267936.00
数据来源:通达信
