002731 萃华珠宝 日线 前复权
      日期	    开盘	    最高	    最低	    收盘	    成交量	    成交额
2014/11/04;15.59;17.02;15.59;17.02;53400;914999.00
2014/11/05;18.74;18.74;18.74;18.74;11300;213344.00
2014/11/06;20.63;20.63;20.63;20.63;10700;222239.00
2014/11/07;22.71;22.71;22.71;22.71;29300;669505.00
2014/11/10;25.00;25.00;25.00;25.00;55201;1387753.13
2014/11/11;27.51;27.51;27.51;27.51;90900;2513385.00
2014/11/12;30.28;30.28;30.28;30.28;87299;2655635.50
2014/11/13;33.32;33.32;33.32;33.32;191600;6410936.00
2014/11/14;36.67;36.67;36.67;36.67;298442;10985650.00
2014/11/17;40.35;40.35;40.35;40.35;4994829;202240624.00
2014/11/18;43.25;44.40;41.89;44.40;25772615;1127228032.00
2014/11/19;42.34;44.26;40.36;42.66;15304214;650350848.00
2014/11/20;41.81;46.94;41.36;46.94;18309309;838734656.00
2014/11/21;47.62;47.86;44.58;44.94;18083240;831972992.00
2014/11/24;44.36;45.35;43.32;44.05;10475048;464804160.00
2014/11/25;43.56;43.56;40.87;41.86;10053893;422687776.00
2014/11/26;41.96;42.86;41.35;42.18;6197929;261636880.00
2014/11/27;42.49;42.53;41.38;41.55;5546413;233445872.00
2014/11/28;41.36;42.04;40.46;40.90;5283108;217576048.00
2014/12/01;40.74;42.63;40.47;42.06;5988806;250527568.00
2014/12/02;41.65;44.33;41.51;42.95;8113193;352111776.00
2014/12/03;42.81;42.81;40.88;41.75;5695050;237046512.00
2014/12/04;41.17;41.91;41.17;41.22;3908351;162214864.00
2014/12/05;40.88;40.94;37.92;38.18;6476224;255627072.00
2014/12/08;37.86;37.86;36.44;36.67;4363300;162225680.00
2014/12/09;36.86;37.41;34.88;35.01;3975607;144695136.00
2014/12/10;34.87;35.76;34.39;35.55;2635744;93200176.00
2014/12/11;35.40;37.26;34.96;36.86;3586852;130754680.00
2014/12/12;36.66;36.92;35.86;35.98;2260544;82087176.00
2014/12/15;35.86;36.30;35.07;36.09;1953199;70122504.00
2014/12/16;35.76;36.01;35.24;35.48;2149007;76543968.00
2014/12/17;35.36;35.36;33.57;33.58;3597012;123983328.00
2014/12/18;33.76;34.26;33.04;33.08;2194166;74089312.00
2014/12/19;32.86;33.16;29.86;30.61;4035704;126229248.00
2014/12/22;30.45;30.45;27.88;28.11;3322433;96042840.00
2014/12/23;28.15;30.02;28.15;29.13;3344543;98333944.00
2014/12/24;29.65;30.64;29.16;30.55;3287207;98560272.00
2014/12/25;30.54;30.54;29.17;29.96;2679799;80471544.00
2014/12/26;29.66;30.30;29.49;29.89;1595696;47840448.00
2014/12/29;30.04;30.04;28.66;28.97;1841000;53851732.00
2014/12/30;29.04;29.65;28.47;28.77;1563876;45663000.00
2014/12/31;28.96;29.42;28.56;29.33;1807530;52722140.00
2015/01/05;29.25;29.54;28.31;29.36;1752188;51117960.00
2015/01/06;29.22;30.31;28.99;30.21;2487909;74806256.00
2015/01/07;29.89;31.22;29.70;30.25;2972791;90614384.00
2015/01/08;29.87;30.83;29.66;30.17;2191069;66700340.00
2015/01/09;30.11;30.54;29.66;29.66;1713635;51689836.00
2015/01/12;29.36;29.36;27.98;28.02;1944430;55531692.00
2015/01/13;27.51;28.90;27.51;28.55;1688557;48138892.00
2015/01/14;28.56;28.94;28.09;28.16;1217743;34971984.00
2015/01/15;28.16;28.79;28.09;28.37;872390;24911460.00
2015/01/16;28.66;29.36;28.60;29.35;1842271;53705028.00
2015/01/19;28.88;30.83;28.88;30.03;3841390;115939192.00
2015/01/20;30.13;33.05;30.12;33.05;7932880;255414816.00
2015/01/21;33.60;33.66;32.20;32.71;5817853;191775184.00
2015/01/22;32.31;34.81;32.19;33.79;6116087;206959888.00
2015/01/23;33.86;34.03;32.14;32.41;4140423;136519824.00
2015/01/26;32.42;32.46;31.73;32.28;2187029;70457048.00
2015/01/27;32.26;33.10;31.87;32.52;2327828;75918272.00
2015/01/28;32.36;32.83;31.97;32.31;1734064;56481108.00
2015/01/29;32.16;32.25;31.18;31.24;2126032;67419808.00
2015/01/30;30.76;31.28;29.97;30.00;2316354;70984536.00
2015/02/02;30.00;30.51;29.51;30.38;1395420;42298212.00
2015/02/03;30.43;31.05;30.36;30.98;1568771;48520720.00
2015/02/04;30.97;31.18;30.21;30.29;1331910;41044656.00
2015/02/05;30.47;30.68;30.04;30.04;1402593;42649328.00
2015/02/06;30.03;30.03;28.58;28.67;1560173;45539788.00
2015/02/09;28.76;29.05;28.44;28.54;790778;22849080.00
2015/02/10;28.86;28.99;28.56;28.96;642938;18576044.00
2015/02/11;29.11;29.51;29.01;29.41;651779;19142850.00
2015/02/12;29.44;29.74;29.22;29.51;612418;18139398.00
2015/02/13;29.76;30.15;29.59;29.78;916710;27575532.00
2015/02/16;30.16;30.24;29.81;30.10;759160;22917246.00
2015/02/17;30.20;30.29;29.91;30.02;699230;21066982.00
2015/02/25;30.05;30.06;29.67;29.70;650540;19493082.00
2015/02/26;29.79;29.95;29.49;29.92;642251;19214584.00
2015/02/27;30.01;30.73;29.82;30.67;1677854;51267396.00
2015/03/02;30.77;31.31;30.47;31.24;1988699;61696212.00
2015/03/03;31.03;31.35;30.52;31.35;1772519;54956292.00
2015/03/04;30.96;31.85;30.90;31.81;2403001;75862984.00
2015/03/05;31.82;33.61;31.72;32.77;5714589;186762800.00
2015/03/06;32.50;32.50;31.05;31.17;2967966;94418328.00
2015/03/09;30.92;30.96;30.33;30.93;1318276;40524532.00
2015/03/10;30.95;31.06;30.72;30.81;1256769;39058248.00
2015/03/11;30.76;30.86;30.36;30.39;1460119;44803460.00
2015/03/12;30.28;30.53;29.86;30.05;1390167;42140120.00
2015/03/13;30.22;30.76;30.06;30.76;1284272;39231880.00
2015/03/16;30.95;31.66;30.77;31.65;2013356;63487144.00
2015/03/17;31.85;32.19;31.33;31.93;2470190;78881704.00
2015/03/18;31.94;32.74;31.87;32.67;3765845;122382784.00
2015/03/19;32.64;33.03;32.31;32.87;3888547;128093024.00
2015/03/20;33.19;33.60;32.52;32.77;4010064;133045640.00
2015/03/23;32.79;32.97;32.57;32.97;3054043;100576664.00
2015/03/24;33.20;33.22;31.86;32.93;3556657;116366144.00
2015/03/25;32.76;34.79;32.37;34.51;6325904;213080304.00
2015/03/26;34.00;34.01;32.67;33.09;4069306;136797328.00
2015/03/27;32.97;33.64;32.89;33.21;1946595;65048744.00
2015/03/30;33.46;33.65;33.04;33.20;2433078;81198040.00
2015/03/31;33.37;33.68;32.97;32.97;2409558;80672600.00
2015/04/01;32.87;33.36;32.70;33.36;2540180;84412160.00
2015/04/02;33.54;34.44;33.36;34.16;4738900;161319840.00
2015/04/03;33.84;34.81;33.67;34.71;5065238;175112416.00
2015/04/07;34.89;35.96;34.89;35.96;5452700;194543072.00
2015/04/08;36.16;36.19;34.96;35.34;4546391;161991632.00
2015/04/09;35.34;35.34;33.41;34.41;3232600;111203832.00
2015/04/10;34.34;37.87;34.26;37.87;8746442;324893952.00
2015/04/13;39.24;39.24;37.65;38.51;8477986;328198944.00
2015/04/14;38.25;40.85;37.68;38.26;6235186;244604848.00
2015/04/15;38.24;38.24;35.93;36.06;3935085;146531856.00
2015/04/16;35.81;37.19;34.62;36.41;2743755;99974080.00
2015/04/17;36.71;37.11;36.38;36.66;3156356;116413688.00
2015/04/20;36.53;36.61;35.26;35.26;3747583;134757408.00
2015/04/21;34.86;36.56;34.76;36.55;2417217;87331576.00
2015/04/22;36.94;37.74;36.76;37.47;3076590;115181080.00
2015/04/23;37.36;39.47;37.36;38.65;4523460;175078000.00
2015/04/24;37.56;38.20;36.87;37.68;3155485;118951280.00
2015/04/27;37.04;37.72;36.64;36.83;3686619;137086880.00
2015/04/28;36.83;37.14;35.11;35.34;3254022;117550312.00
2015/04/29;35.44;37.85;35.22;37.63;4536773;168839184.00
2015/04/30;37.56;37.56;36.31;36.31;3370862;124251208.00
2015/05/04;36.25;36.26;35.38;36.00;1768622;63542172.00
2015/05/05;36.00;36.04;34.36;34.37;2427296;85619800.00
2015/05/06;34.35;35.00;33.66;33.76;1915672;66419660.00
2015/05/07;33.76;34.32;33.56;33.84;1553781;52952048.00
2015/05/08;34.33;34.98;34.18;34.95;1661551;57645612.00
2015/05/11;35.31;36.85;34.58;36.82;3623781;130511696.00
2015/05/12;36.95;37.84;36.22;37.59;5245999;195015248.00
2015/05/13;37.22;38.43;36.85;38.32;5613190;213079376.00
2015/05/14;38.58;40.64;38.04;39.84;8456064;333948896.00
2015/05/15;39.26;39.85;38.40;38.84;5545282;216928512.00
2015/05/18;38.73;42.36;38.06;42.01;10193628;418944960.00
2015/05/19;42.41;44.36;40.76;41.33;6743127;284306816.00
2015/05/20;41.46;42.54;40.86;41.44;6970884;292665376.00
2015/05/21;41.62;42.16;40.86;42.09;4933202;205190656.00
2015/05/22;42.38;43.29;40.84;43.16;7388298;314302944.00
2015/05/25;43.26;46.80;42.56;46.34;7505527;339077920.00
2015/05/26;46.34;50.86;45.34;49.16;8534912;413699008.00
2015/05/27;49.36;54.09;47.99;54.09;9044621;467069600.00
2015/05/28;55.57;59.51;51.65;51.65;13914091;800887552.00
2015/05/29;48.56;53.07;46.56;49.18;8675291;433664352.00
2015/06/01;49.42;50.41;47.23;49.93;6936559;342173440.00
2015/06/02;49.81;51.85;48.54;50.54;6056777;304388896.00
2015/06/03;50.31;53.72;49.06;52.99;7107215;369558496.00
2015/06/04;52.67;52.67;47.68;48.17;6030686;298384288.00
2015/06/05;48.86;49.61;45.30;48.34;5618662;270564864.00
2015/06/08;47.86;48.16;45.54;45.97;4586698;213808912.00
2015/06/09;45.99;47.55;45.98;46.85;3188406;149657008.00
2015/06/10;45.98;48.81;45.87;47.99;4395434;209735680.00
2015/06/11;47.86;49.31;47.48;49.07;4047496;197110112.00
2015/06/12;49.18;49.44;48.35;48.52;4226143;207128736.00
2015/06/15;48.46;48.46;45.37;45.48;4323216;201848560.00
2015/06/16;45.04;45.04;42.91;43.45;3156715;139270080.00
2015/06/17;43.91;45.86;43.49;45.76;3384759;151922256.00
2015/06/18;45.74;45.85;42.86;43.06;2551484;114721320.00
2015/06/19;42.68;42.76;38.86;38.86;2785751;114310552.00
2015/06/23;38.96;40.18;37.19;40.13;3040462;119059712.00
2015/06/24;40.52;41.17;39.92;41.07;3124381;127466296.00
2015/06/25;41.07;41.09;38.52;39.07;2266711;91169304.00
2015/06/26;37.90;37.91;35.16;35.16;2997822;109012992.00
2015/06/29;36.42;36.42;31.64;31.92;3418786;114837008.00
2015/06/30;31.72;34.12;28.72;33.91;3940166;123593488.00
2015/07/01;33.78;34.77;31.61;31.72;3661733;122861920.00
2015/07/02;31.42;32.35;28.54;28.87;3091264;93183720.00
2015/07/03;28.22;29.52;25.98;26.01;3217389;87441480.00
2015/07/06;28.62;28.62;24.70;26.81;4896382;132818056.00
2015/07/07;25.90;25.92;24.12;24.12;1927600;47718744.00
2015/07/08;21.70;25.42;21.70;24.62;6770909;155032112.00
2015/07/09;23.07;27.09;23.07;27.09;2884631;75269872.00
2015/07/10;28.42;29.81;27.72;29.81;2270949;66739876.00
2015/07/13;31.22;32.80;30.51;32.80;4691202;150209728.00
2015/07/14;32.31;34.77;31.12;34.72;6960551;230681712.00
2015/07/15;33.60;34.49;31.24;31.24;6327464;210900576.00
2015/07/16;28.11;32.42;28.11;30.78;5279395;158528928.00
2015/07/17;30.80;33.42;29.95;32.63;3582454;114005728.00
2015/07/20;32.40;33.25;30.83;31.59;3167644;101909640.00
2015/07/21;31.22;32.16;30.48;31.62;2518410;79220856.00
2015/07/22;31.42;32.08;30.92;31.81;2328216;73682432.00
2015/07/23;31.61;34.27;31.32;33.58;4209855;139224832.00
2015/07/24;33.58;34.42;31.94;32.10;4132432;138867616.00
2015/07/27;31.70;32.13;29.42;29.68;3744229;116226736.00
2015/07/28;27.92;32.62;26.93;31.79;6846239;208624976.00
2015/07/29;31.87;34.35;29.72;34.27;4203243;133795120.00
2015/07/30;33.57;35.40;31.94;32.02;5015305;170060544.00
2015/07/31;31.22;32.77;30.62;31.23;2666175;84019456.00
2015/08/03;31.00;32.10;29.42;30.23;2316669;71155464.00
2015/08/04;30.52;31.97;30.28;31.95;2343377;73491624.00
2015/08/05;31.68;32.84;31.57;32.03;3069502;99486392.00
2015/08/06;31.08;32.08;30.59;31.12;2026913;63858280.00
2015/08/07;31.17;32.27;31.17;32.02;2226626;71211896.00
2015/08/10;32.60;33.91;32.12;33.61;3131539;103656528.00
2015/08/11;33.52;36.08;33.34;35.02;5596403;195911232.00
2015/08/12;34.52;36.10;33.61;34.62;4707336;164211040.00
2015/08/13;34.27;35.53;34.16;35.53;3710970;129996616.00
2015/08/14;35.62;37.01;34.90;36.50;4821274;172505184.00
2015/08/17;36.42;36.42;35.33;35.67;2545499;91342296.00
2015/08/18;35.52;35.81;32.10;32.10;2550421;86944600.00
2015/08/19;30.92;32.91;28.95;32.12;2539371;78592520.00
2015/08/20;31.39;32.92;31.17;31.17;1966369;63530288.00
2015/08/21;30.92;31.42;28.92;28.99;2047823;61675924.00
2015/08/24;27.81;27.98;26.08;26.08;1694548;45089444.00
2015/08/25;23.90;25.12;23.46;23.46;1437750;34595536.00
2015/08/26;23.82;25.80;22.10;24.95;4243209;104521792.00
2015/08/27;25.47;27.45;25.42;27.45;4584952;120984216.00
2015/08/28;27.53;29.40;26.23;29.19;5448543;150622752.00
2015/08/31;28.32;29.62;26.93;27.62;4498538;127882232.00
2015/09/01;26.72;28.60;24.85;24.85;3577205;95800832.00
2015/09/02;22.53;25.89;22.48;23.14;2143140;51153256.00
2015/09/07;23.80;24.80;23.72;24.74;2027983;49569100.00
2015/09/08;24.81;27.11;24.42;26.71;2812475;72379720.00
2015/09/09;26.85;27.75;26.52;27.43;4023517;108939136.00
2015/09/10;26.98;27.22;25.92;26.00;2454978;65596800.00
2015/09/11;26.02;27.33;26.02;27.08;3188184;86251240.00
2015/09/14;27.11;27.11;24.36;24.36;1761950;45255168.00
2015/09/15;23.12;23.30;21.92;21.97;2385796;53567608.00
2015/09/16;22.30;24.18;21.94;23.92;1765684;40647068.00
2015/09/17;23.77;24.35;23.10;23.10;2066139;49243560.00
2015/09/18;23.17;23.61;22.79;23.10;971923;22529458.00
2015/09/21;22.92;24.25;22.23;24.11;1373143;32557820.00
2015/09/22;24.00;24.67;23.92;24.28;1642583;40071000.00
2015/09/23;23.88;24.32;23.55;23.72;1397198;33437398.00
2015/09/24;23.80;24.30;23.72;24.22;1361971;32927248.00
2015/09/25;24.25;25.06;23.43;23.73;1533750;37238008.00
2015/09/28;23.42;24.30;23.02;24.16;889115;21190908.00
2015/09/29;23.62;23.92;23.13;23.47;783729;18560762.00
2015/09/30;23.57;23.83;23.42;23.59;608323;14443202.00
2015/10/08;24.28;24.88;24.12;24.57;1530452;37669984.00
2015/10/09;24.49;25.02;24.32;24.89;1407643;34889800.00
2015/10/12;25.10;27.32;25.04;27.32;2866233;75650456.00
2015/10/13;27.21;28.01;26.63;27.30;3810915;104547128.00
2015/10/14;27.49;27.50;26.42;26.42;2063665;55462032.00
2015/10/15;26.16;27.17;26.16;27.17;1881847;50669700.00
2015/10/16;27.30;27.50;26.42;27.33;2457141;66573456.00
2015/10/19;27.24;27.49;26.60;26.85;2106869;56952668.00
2015/10/20;26.98;27.81;26.72;27.80;2567688;70251904.00
2015/10/21;27.82;28.08;25.52;25.96;3107248;83896280.00
2015/10/22;25.82;28.42;25.82;28.41;2558449;69138864.00
2015/10/23;28.30;29.37;27.66;29.22;4531072;129537552.00
2015/10/26;29.22;29.32;28.20;28.63;2852039;81759960.00
2015/10/27;28.62;28.62;27.24;28.42;1985543;55654764.00
2015/10/28;28.34;29.52;28.02;28.20;2074169;59603520.00
2015/10/29;27.98;28.70;27.89;28.37;2001405;56860668.00
2015/10/30;28.08;28.47;27.67;27.90;1405586;39623924.00
2015/11/02;27.41;28.78;27.20;27.87;1941819;54705644.00
2015/11/03;27.88;29.17;27.73;29.04;3563622;101785472.00
2015/11/04;29.20;30.22;28.80;30.07;3755823;111170672.00
2015/11/05;29.73;30.80;29.03;30.07;5560414;166683040.00
2015/11/06;29.92;32.05;29.77;31.72;5822070;182401408.00
2015/11/09;31.52;32.52;30.72;31.91;4525999;143265792.00
2015/11/10;31.56;32.42;30.78;31.42;3372386;106415576.00
2015/11/11;31.02;32.65;30.93;32.32;4287900;136717792.00
2015/11/12;32.36;34.60;32.03;33.89;6550412;218804240.00
2015/11/13;32.92;33.71;30.97;31.60;4337086;140770496.00
2015/11/16;30.62;32.71;30.53;32.59;2216517;70899792.00
2015/11/17;32.72;33.41;31.32;31.52;3305626;107322696.00
2015/11/18;31.62;31.81;30.26;30.39;2171353;67527728.00
2015/11/19;30.40;31.74;30.40;31.59;1662304;51887180.00
2015/11/20;31.79;32.61;31.24;32.09;3358023;107569552.00
2015/11/23;32.01;33.67;31.73;31.83;3445384;112563576.00
2015/11/24;31.52;33.39;31.32;33.31;4363937;142291632.00
2015/11/25;33.43;33.60;32.73;33.07;4912132;163312128.00
2015/11/26;33.03;34.04;32.82;32.84;4720698;158723152.00
2015/11/27;32.90;33.03;29.65;30.15;3828197;122234072.00
2015/11/30;30.15;31.20;28.21;31.00;3492171;105216048.00
2015/12/01;30.82;32.55;30.47;31.46;3034459;96074792.00
2015/12/02;31.48;31.57;29.63;30.36;1878816;57438804.00
2015/12/03;30.36;31.90;30.32;31.57;1847886;57729888.00
2015/12/04;31.32;33.02;31.21;32.06;5738546;186062416.00
2015/12/07;32.37;32.46;31.65;32.19;3766508;121551336.00
2015/12/08;31.91;31.91;29.96;30.77;2588073;80603896.00
2015/12/09;30.52;31.32;30.42;30.45;1843286;56950364.00
2015/12/10;30.27;30.76;30.03;30.24;1521142;46375496.00
2015/12/11;30.52;30.52;29.72;30.12;1634556;49358588.00
2015/12/14;29.79;31.29;29.42;31.23;2020942;62009592.00
2015/12/15;31.22;31.81;30.98;31.81;2395543;75431312.00
2015/12/16;32.12;32.37;31.77;31.90;2585771;82981824.00
2015/12/17;32.07;33.20;31.98;33.11;4675625;152663328.00
2015/12/18;33.01;33.12;32.10;32.82;4253398;139063472.00
2015/12/21;32.51;33.05;31.92;33.04;2730176;89701000.00
2015/12/22;33.52;33.53;32.94;33.31;3053970;101807240.00
2015/12/23;33.33;33.82;32.84;32.98;3318308;110321360.00
2015/12/24;32.97;33.05;32.03;32.68;1989232;64831920.00
2015/12/25;32.79;34.12;32.79;33.80;4877033;164199040.00
2015/12/28;33.88;34.50;32.72;32.72;4683906;158125424.00
2015/12/29;32.59;33.06;32.14;33.04;2153223;70267888.00
2015/12/30;33.09;33.88;33.09;33.60;2820375;94830896.00
2015/12/31;33.60;33.70;32.44;32.47;2405829;79564136.00
2016/01/04;32.16;32.52;29.22;29.22;2179707;67072524.00
2016/01/05;27.32;29.08;26.88;28.19;2872889;81123840.00
2016/01/06;28.27;29.07;27.95;28.97;2338814;67156944.00
2016/01/07;28.76;28.76;26.07;26.07;717200;19457070.00
2016/01/08;26.83;27.07;24.89;26.45;2882043;76274192.00
2016/01/11;26.21;26.21;23.80;23.80;2469274;61579172.00
2016/01/12;24.02;24.57;23.47;24.22;1537243;37127832.00
2016/01/13;24.19;24.55;23.24;23.24;1471150;35480748.00
2016/01/14;22.82;24.15;22.36;24.03;1690583;39593312.00
2016/01/15;23.75;24.16;22.72;23.07;1732452;40972836.00
2016/01/18;22.77;24.02;22.54;23.67;1315558;30831688.00
2016/01/19;23.61;24.64;23.27;24.43;1599700;38698872.00
2016/01/20;24.37;24.74;24.05;24.35;1628000;39852336.00
2016/01/21;23.92;24.66;23.52;23.52;1807681;43797228.00
2016/01/22;23.79;24.20;22.92;24.05;1321479;31444326.00
2016/01/25;24.17;24.48;23.97;24.34;1206029;29375860.00
2016/01/26;24.20;24.20;21.92;21.98;1891500;43589340.00
2016/01/27;22.92;22.92;20.99;22.37;1757150;38612520.00
2016/01/28;21.97;22.20;21.19;21.22;943740;20628506.00
2016/01/29;21.10;23.33;21.10;22.22;2832243;62921724.00
2016/02/01;22.11;22.26;21.36;21.90;1817500;39784756.00
2016/02/02;21.83;22.85;21.63;22.80;3002106;67354528.00
2016/02/03;22.32;22.72;22.06;22.52;1386543;31098282.00
2016/02/04;22.68;23.12;22.58;22.98;2035928;46818780.00
2016/02/05;23.05;23.69;22.78;22.82;2122840;49642104.00
2016/02/15;22.82;24.27;22.77;24.11;3916381;93600216.00
2016/02/16;23.72;24.81;23.56;24.55;4177660;101164752.00
2016/02/17;24.25;24.38;23.84;24.33;3119733;75421672.00
2016/02/18;24.37;24.67;24.08;24.14;2418373;58928796.00
2016/02/19;24.29;24.55;24.03;24.54;2372296;57841596.00
2016/02/22;24.82;25.07;24.57;24.65;2640251;65578992.00
2016/02/23;24.65;25.50;24.54;24.94;3186656;80106016.00
2016/02/24;24.78;24.92;24.23;24.82;2511274;61884428.00
2016/02/25;24.63;24.72;22.33;22.33;2707626;63577768.00
2016/02/26;22.70;22.81;21.97;22.30;1515601;34139372.00
2016/02/29;22.11;22.24;20.37;20.74;1713688;36056768.00
2016/03/01;20.90;21.51;20.60;21.43;1532245;32502618.00
2016/03/02;21.52;22.48;21.44;22.42;2157009;47605728.00
2016/03/03;22.42;23.05;22.23;22.35;2069601;47015144.00
2016/03/04;22.32;23.60;22.32;22.64;3612017;83470152.00
2016/03/07;23.12;23.57;22.64;23.36;2708312;62873288.00
2016/03/08;23.27;23.27;21.62;22.83;2077581;46982852.00
2016/03/09;22.45;22.45;21.76;21.85;1648315;36510428.00
2016/03/10;21.91;22.16;21.63;21.64;1177591;25847728.00
2016/03/11;21.68;23.07;21.62;22.87;2669932;60096500.00
2016/03/14;22.77;23.88;22.71;23.32;4574192;106460296.00
2016/03/15;23.22;23.30;22.58;22.62;2363656;54130664.00
2016/03/16;22.77;22.92;22.00;22.18;1698187;38220608.00
2016/03/17;22.32;23.00;22.27;23.00;1992429;45339212.00
2016/03/18;23.19;24.25;23.09;24.06;4368057;103819192.00
2016/03/21;23.92;24.50;23.73;24.41;4117283;99814136.00
2016/03/22;24.23;24.47;24.00;24.24;3280268;79624256.00
2016/03/23;24.22;24.79;24.18;24.62;2613789;64000540.00
2016/03/24;24.30;25.16;24.02;24.57;3655355;89940448.00
2016/03/25;24.52;24.66;24.11;24.60;2110216;51742092.00
2016/03/28;24.61;25.45;24.61;24.92;3339218;83782960.00
2016/03/29;24.93;25.07;23.72;24.00;2056119;50224600.00
2016/03/30;24.22;25.36;24.22;25.32;2626874;65594916.00
2016/03/31;24.92;25.60;24.88;25.14;4509145;113886624.00
2016/04/01;25.02;25.82;24.92;25.42;4397645;111953992.00
2016/04/05;25.42;26.49;25.28;26.22;5415401;140540848.00
2016/04/06;26.02;27.16;25.72;26.93;4815878;127336056.00
2016/04/07;27.11;27.72;26.32;26.78;5718212;154506032.00
2016/04/08;26.37;26.92;25.74;26.67;4722746;124873160.00
2016/04/11;26.63;28.09;26.63;27.90;5661554;156104976.00
2016/04/12;27.87;28.42;27.37;28.02;5275960;147827456.00
2016/04/13;28.07;28.32;27.47;27.54;6333566;177709840.00
2016/04/14;27.22;28.68;26.83;28.62;9477129;262346256.00
2016/04/15;28.17;29.22;27.92;29.01;6229053;179096880.00
2016/04/18;28.92;29.86;28.44;29.65;5547176;163274224.00
2016/04/19;29.65;29.91;28.84;29.35;5730452;168263312.00
2016/04/20;29.02;29.42;26.42;27.71;6709556;186887728.00
2016/04/21;26.93;28.12;26.80;27.86;6792289;188038160.00
2016/04/22;27.17;28.39;27.17;28.18;5308133;148255392.00
2016/04/25;27.72;28.30;26.72;27.82;5847821;161827984.00
2016/04/26;27.78;28.40;27.05;27.81;3854677;106867680.00
2016/04/27;27.80;28.12;27.50;27.72;4261181;118737176.00
2016/04/28;27.57;27.82;26.72;27.49;3700512;101189480.00
2016/04/29;27.27;27.27;26.57;26.58;2267800;61392124.00
2016/05/03;26.58;28.22;26.03;27.69;5802038;158171648.00
2016/05/04;27.58;28.12;27.27;27.46;5206358;144639376.00
2016/05/05;27.40;27.72;27.04;27.46;4365142;119992888.00
2016/05/06;27.25;27.58;26.34;27.03;4607300;125259736.00
2016/05/09;26.90;26.90;25.62;26.10;3523749;92679088.00
2016/05/10;25.93;26.31;25.67;25.85;1167098;30365882.00
2016/05/11;26.02;26.22;24.72;24.72;2422000;61511536.00
2016/05/12;24.37;24.37;22.94;23.53;1721556;40680792.00
2016/05/13;23.53;23.80;22.72;22.72;2309506;53714880.00
2016/05/16;22.53;23.36;22.49;23.34;2967954;68179600.00
2016/05/17;23.27;23.56;23.12;23.23;3155873;73993960.00
2016/05/18;23.00;23.11;22.21;22.63;2414086;54645692.00
2016/05/19;22.62;23.41;22.62;23.24;3413278;79351936.00
2016/05/20;22.95;23.44;22.93;23.29;2176000;50705260.00
2016/05/23;23.31;23.48;23.13;23.25;2450663;57238476.00
2016/05/24;23.12;23.54;23.12;23.24;2155332;50417004.00
2016/05/25;23.32;23.41;22.80;22.98;1829869;42561400.00
2016/05/26;22.77;23.05;21.93;22.82;1723400;39042720.00
2016/05/27;22.76;22.95;22.60;22.76;1477890;33785564.00
2016/05/30;22.52;23.36;22.51;23.21;2126952;49073764.00
2016/05/31;23.09;24.11;23.07;24.03;3936060;93605152.00
2016/06/01;24.03;24.31;23.89;24.27;3250435;78586320.00
2016/06/02;24.45;25.14;24.22;24.69;3935935;98159736.00
2016/06/03;24.41;24.75;24.24;24.53;2908671;71452272.00
2016/06/06;24.72;25.68;24.60;25.62;4164553;105008320.00
2016/06/07;25.90;27.91;25.52;27.62;6684963;178383792.00
2016/06/08;26.92;27.11;26.42;26.86;4529057;121305336.00
2016/06/13;26.48;26.48;25.30;25.30;3221498;84224520.00
2016/06/14;24.82;25.58;24.54;24.76;1882691;47168988.00
2016/06/15;24.34;26.34;24.30;25.97;3890386;99854040.00
2016/06/16;26.21;26.54;25.29;26.32;4143587;107730360.00
2016/06/17;26.03;28.82;25.95;27.80;5610322;151721184.00
2016/06/20;27.20;27.31;26.51;26.51;6660802;178744304.00
2016/06/21;26.52;26.80;25.42;25.65;2785550;73191368.00
2016/06/22;25.44;26.50;25.44;26.46;1957060;51414216.00
2016/06/23;26.27;26.62;25.70;26.22;1980850;51854952.00
2016/06/24;26.22;27.87;25.57;26.80;5155687;138023712.00
2016/06/27;26.40;26.73;25.96;26.61;3694972;97740424.00
2016/06/28;26.61;26.85;26.32;26.50;2903287;77204048.00
2016/06/29;26.59;26.60;26.12;26.48;2196224;58073464.00
2016/06/30;26.44;26.77;26.20;26.63;2011961;53452664.00
2016/07/01;26.53;27.00;26.37;26.67;2279394;61124896.00
2016/07/04;26.67;27.48;26.62;27.27;3603272;98137456.00
2016/07/05;27.18;27.38;26.69;26.98;2694288;72831712.00
2016/07/06;27.00;29.50;26.86;28.75;10395945;295772960.00
2016/07/07;28.60;29.80;28.06;28.75;9658847;279162080.00
2016/07/08;28.16;29.01;28.09;28.39;4313491;122666544.00
2016/07/11;28.54;30.03;28.54;28.88;7003918;206139408.00
2016/07/12;28.52;28.77;27.52;28.31;3925730;110473416.00
2016/07/13;28.17;28.37;27.83;28.24;2670505;75027344.00
2016/07/14;28.24;28.65;27.51;27.91;3041323;85339344.00
2016/07/15;27.56;27.96;27.33;27.62;2181288;60222764.00
2016/07/18;27.50;27.89;27.00;27.02;2601499;71523080.00
2016/07/19;26.90;27.13;26.41;26.75;2901197;77509720.00
2016/07/20;26.75;27.66;26.65;27.20;2167645;58529196.00
2016/07/21;27.01;27.22;26.70;27.00;1658784;44775048.00
2016/07/22;26.79;27.27;26.45;26.49;1863342;49907892.00
2016/07/25;26.51;26.95;26.40;26.63;1205239;32154528.00
2016/07/26;26.63;27.17;26.63;27.14;2016548;54519528.00
2016/07/27;27.28;27.28;25.22;25.46;2720726;71029912.00
2016/07/28;25.56;25.73;24.53;25.19;1883986;47502752.00
2016/07/29;25.18;25.20;24.65;24.80;1032175;25658698.00
2016/08/01;24.86;25.06;24.20;24.90;1405500;34594952.00
2016/08/02;24.89;25.18;24.69;25.09;710965;17744988.00
2016/08/03;25.09;25.30;24.91;25.14;856565;21541564.00
2016/08/04;25.14;25.43;25.03;25.39;957605;24168094.00
2016/08/05;25.43;25.49;24.89;24.90;1008990;25416564.00
2016/08/08;24.88;25.14;24.33;24.91;1237537;30539168.00
2016/08/09;24.77;25.67;24.77;25.61;1634128;41357536.00
2016/08/10;25.65;26.18;25.62;25.75;1511787;39197580.00
2016/08/11;25.74;25.90;25.48;25.57;948023;24335342.00
2016/08/12;25.57;27.93;25.52;27.81;5345879;143474608.00
2016/08/15;27.51;28.51;27.01;27.50;7267762;200067088.00
2016/08/16;27.48;27.59;27.15;27.21;2940791;80296856.00
2016/08/17;27.17;27.43;27.10;27.30;1820987;49597660.00
2016/08/18;27.33;27.54;27.05;27.38;2798708;76325016.00
2016/08/19;27.21;27.30;26.76;26.76;1645264;44396068.00
2016/08/22;27.00;27.85;26.70;27.01;2879477;77840544.00
2016/08/23;26.88;27.49;26.81;26.95;1681601;45594964.00
2016/08/24;26.95;27.20;26.61;27.04;1449963;39054244.00
2016/08/25;26.99;27.29;26.42;26.88;1365269;36564072.00
2016/08/26;26.90;27.46;26.69;27.23;3042002;82578696.00
2016/08/29;27.23;27.66;27.05;27.31;2476863;67601944.00
2016/08/30;27.39;28.09;27.25;27.35;1461085;40028004.00
2016/08/31;27.33;27.48;27.10;27.38;1600905;43626784.00
2016/09/01;27.30;27.79;27.15;27.56;2769001;76327416.00
2016/09/02;27.56;28.39;27.45;28.07;4804870;134439232.00
2016/09/05;28.07;28.40;27.80;28.10;3108748;87088624.00
2016/09/06;28.13;28.34;27.67;28.19;3317848;93242328.00
2016/09/07;28.40;28.65;28.12;28.34;3256967;92385000.00
2016/09/08;28.39;28.39;27.80;28.16;2517695;70807992.00
2016/09/09;28.00;28.15;27.26;27.30;2851264;78820288.00
2016/09/12;26.70;27.64;26.45;26.45;1788771;47891356.00
2016/09/13;26.65;27.14;26.48;26.84;855464;22940020.00
2016/09/14;26.84;27.20;26.60;26.80;1335015;36034380.00
2016/09/19;26.81;27.49;26.81;27.34;1351814;36832560.00
2016/09/20;27.44;27.58;27.18;27.56;1289557;35375804.00
2016/09/21;27.56;27.75;27.48;27.70;1116159;30845828.00
2016/09/22;27.80;27.97;27.50;27.59;1481400;41151004.00
2016/09/23;27.49;27.76;27.42;27.50;1022739;28217348.00
2016/09/26;27.48;28.08;26.96;27.54;2537071;70519280.00
2016/09/27;27.28;27.96;27.28;27.96;1744069;48198988.00
2016/09/28;27.93;28.36;27.77;28.17;2106658;59145088.00
2016/09/29;28.07;28.38;28.00;28.16;2650489;74578504.00
2016/09/30;28.12;28.35;28.01;28.32;1830043;51690824.00
2016/10/10;28.03;28.35;27.92;28.22;2115552;59526168.00
2016/10/11;28.33;28.46;28.04;28.46;2045151;57783468.00
2016/10/12;28.36;28.62;28.20;28.35;1639102;46530576.00
2016/10/13;28.25;28.35;28.08;28.14;1413052;39839376.00
2016/10/14;28.20;28.28;28.05;28.26;1152339;32455532.00
2016/10/17;28.28;28.87;28.10;28.21;2743290;78306152.00
2016/10/18;28.02;28.40;27.57;28.28;2099395;58805960.00
2016/10/19;28.28;29.39;28.28;29.12;3355830;96982624.00
2016/10/20;29.15;29.44;28.75;29.16;2417867;70327224.00
2016/10/21;29.00;29.39;28.73;29.35;2432601;70897712.00
2016/10/24;29.34;29.62;29.08;29.42;2403495;70522448.00
2016/10/25;29.43;29.87;29.08;29.50;1655494;48755996.00
2016/10/26;29.68;29.68;28.83;28.83;1827879;53103556.00
2016/10/27;28.83;29.09;28.61;29.09;1123152;32421650.00
2016/10/28;29.10;29.39;28.80;28.80;1649512;48079776.00
2016/10/31;28.70;29.10;28.33;29.10;1297380;37340068.00
2016/11/01;28.86;31.47;28.86;30.70;5125487;156173952.00
2016/11/02;30.50;31.30;30.03;31.21;6991860;214668272.00
2016/11/03;31.18;31.19;30.60;30.88;4423889;136598336.00
2016/11/04;30.60;31.36;30.51;30.93;3298363;101848504.00
2016/11/07;31.00;31.17;29.98;30.41;2802292;85428816.00
2016/11/08;30.27;31.09;30.27;30.83;3511392;107788784.00
2016/11/09;30.83;33.91;30.60;33.07;14249888;468669664.00
2016/11/10;32.00;32.42;31.48;31.90;10733161;341330048.00
2016/11/11;31.60;31.81;31.10;31.57;4668319;146495856.00
2016/11/14;30.81;31.34;30.71;31.23;4001878;124166768.00
2016/11/15;31.18;31.65;31.00;31.42;2932295;91905864.00
2016/11/16;31.36;31.36;30.88;30.98;2177219;67568984.00
2016/11/17;30.89;30.92;30.59;30.75;872200;26749366.00
数据来源:通达信
