002356 赫美集团 日线 前复权
      日期	    开盘	    最高	    最低	    收盘	    成交量	    成交额
2010/02/09;11.38;11.38;11.03;11.09;3190153;113775240.00
2010/02/10;11.00;11.43;10.93;11.20;1821159;64617932.00
2010/02/11;11.06;11.14;10.93;10.97;1213428;42488764.00
2010/02/12;10.97;11.16;10.97;11.13;920770;32438322.00
2010/02/22;11.10;11.26;10.99;11.23;1020316;36138316.00
2010/02/23;11.20;11.29;11.06;11.21;717398;25514440.00
2010/02/24;11.16;11.66;11.08;11.58;2645532;96412648.00
2010/02/25;11.62;12.16;11.54;11.94;3808342;143052224.00
2010/02/26;11.92;11.98;11.70;11.78;2236400;83774392.00
2010/03/01;11.83;12.18;11.83;12.13;2514981;96048208.00
2010/03/02;12.15;12.15;11.68;11.76;2204340;82983208.00
2010/03/03;11.78;12.04;11.73;12.04;1837872;69181328.00
2010/03/04;11.96;12.07;11.66;11.70;1308555;49115432.00
2010/03/05;11.78;11.92;11.69;11.85;1106931;41486556.00
2010/03/08;11.89;13.09;11.78;13.06;4449344;176458192.00
2010/03/09;12.67;13.05;12.66;12.79;2578729;104558336.00
2010/03/10;12.79;13.10;12.43;12.92;1855707;75038552.00
2010/03/11;12.86;13.58;12.73;13.51;2361206;98705168.00
2010/03/12;13.40;14.12;13.18;13.30;2458616;105715544.00
2010/03/15;13.21;13.50;12.82;13.05;1201815;49284288.00
2010/03/16;13.05;13.15;12.54;12.71;1267942;51039020.00
2010/03/17;12.72;13.23;12.69;13.09;1045267;42999152.00
2010/03/18;13.12;13.32;13.03;13.26;758688;31511882.00
2010/03/19;13.31;13.45;13.10;13.29;649666;27096240.00
2010/03/22;13.23;13.53;13.11;13.16;1087117;45316944.00
2010/03/23;13.21;13.73;13.17;13.67;1540238;65583336.00
2010/03/24;13.63;13.99;13.47;13.90;1544464;66750320.00
2010/03/25;13.89;14.30;13.68;13.70;1130859;49456432.00
2010/03/26;13.70;14.09;13.28;13.96;1049014;45051568.00
2010/03/29;13.52;13.69;13.20;13.56;1824722;77214056.00
2010/03/30;13.45;14.03;13.33;13.79;1660950;71660968.00
2010/03/31;13.78;14.60;13.70;14.36;2272767;101302056.00
2010/04/01;14.33;15.56;14.21;15.37;2525778;118357160.00
2010/04/02;15.19;15.37;14.81;14.88;1183618;55675372.00
2010/04/06;14.88;15.33;14.85;15.16;910422;43051968.00
2010/04/07;15.16;15.83;15.00;15.36;1225132;59053888.00
2010/04/08;15.28;15.46;14.81;14.91;1626317;76603448.00
2010/04/09;14.93;15.25;14.83;15.15;1176247;55490736.00
2010/04/12;15.16;15.59;15.00;15.55;1286275;61950532.00
2010/04/13;15.53;15.59;13.93;14.20;1735603;79508136.00
2010/04/14;14.15;14.16;13.56;13.90;998193;43581752.00
2010/04/15;13.92;14.31;13.33;13.40;1105165;47611844.00
2010/04/16;13.40;13.99;13.40;13.80;777800;33666292.00
2010/04/19;13.80;14.06;13.57;13.94;845997;36900208.00
2010/04/20;13.85;14.13;13.18;13.95;628923;26984520.00
2010/04/21;13.63;14.40;13.39;14.38;1359454;60074444.00
2010/04/22;14.18;14.62;14.05;14.10;1105067;49518840.00
2010/04/23;14.00;14.06;13.23;13.39;1165922;49858488.00
2010/04/27;13.25;13.25;12.00;12.41;1262693;50040448.00
2010/04/28;12.43;13.12;12.03;12.98;1313745;52849040.00
2010/04/29;12.98;13.06;12.43;12.60;777102;31301566.00
2010/04/30;12.50;12.62;12.18;12.20;483193;18770142.00
2010/05/04;12.13;12.36;11.94;12.12;231530;8952078.00
2010/05/05;12.04;12.93;12.03;12.84;614401;24622562.00
2010/05/06;12.86;12.86;12.16;12.34;492991;19582952.00
2010/05/07;12.19;12.47;12.03;12.36;423944;16556518.00
2010/05/10;12.00;12.00;11.06;11.36;2870555;104565120.00
2010/05/11;11.46;11.60;10.96;11.11;1000008;36103520.00
2010/05/12;11.00;11.16;10.29;10.49;1057355;35977264.00
2010/05/13;10.63;11.16;10.34;11.10;941672;32302918.00
2010/05/14;10.75;11.10;10.75;11.06;1060304;37055284.00
2010/05/17;10.77;10.99;10.40;10.66;1710356;57772468.00
2010/05/18;10.60;11.04;10.44;10.92;1496027;51628332.00
2010/05/19;10.84;11.39;10.73;11.31;1766388;62662908.00
2010/05/20;11.16;11.33;10.78;11.30;1736071;61421844.00
2010/05/21;10.90;11.44;10.84;11.26;2611713;92771152.00
2010/05/24;11.26;11.68;11.21;11.54;2322808;84514984.00
2010/05/25;11.33;11.49;11.20;11.26;1329219;47832136.00
2010/05/26;11.27;11.46;11.17;11.21;596536;21395554.00
2010/05/27;11.23;11.33;10.84;11.26;1298927;45814316.00
2010/05/28;11.39;11.44;11.19;11.26;1218279;43849348.00
2010/05/31;11.20;11.20;10.63;10.63;1092207;37959380.00
2010/06/01;10.49;10.54;9.83;10.01;1474616;47860156.00
2010/06/02;9.93;10.28;9.92;10.20;731870;23756474.00
2010/06/03;10.23;10.37;10.06;10.06;840931;27561918.00
2010/06/04;9.98;10.49;9.85;10.47;940806;30868248.00
2010/06/07;10.21;10.83;10.18;10.77;1375500;46244016.00
2010/06/08;10.72;11.16;10.70;11.08;1337700;46631820.00
2010/06/09;11.17;11.17;10.91;11.07;1328002;45803592.00
2010/06/10;11.15;11.48;11.05;11.33;1260162;44464444.00
2010/06/11;11.35;11.63;11.35;11.47;1937985;69522608.00
2010/06/17;11.55;11.66;10.92;10.92;932053;32808416.00
2010/06/18;10.88;10.88;10.15;10.27;1009470;33052490.00
2010/06/21;10.21;10.68;10.09;10.62;575681;18871874.00
2010/06/22;10.62;10.95;10.55;10.73;623622;21070962.00
2010/06/23;10.71;10.81;10.38;10.59;512857;17030158.00
2010/06/24;10.66;11.42;10.66;11.13;1563896;54186264.00
2010/06/25;11.11;11.37;10.93;11.20;937143;32650152.00
2010/06/28;11.11;11.18;10.55;10.75;765696;25996298.00
2010/06/29;10.83;10.83;9.92;9.96;783753;25090170.00
2010/06/30;9.83;9.94;9.75;9.90;482138;14894651.00
2010/07/01;9.89;10.04;9.75;9.77;380347;11786687.00
2010/07/02;9.60;9.87;9.02;9.41;919650;27002144.00
2010/07/05;9.15;9.37;8.97;9.29;712709;20552144.00
2010/07/06;9.58;9.98;9.48;9.82;1007176;30854376.00
2010/07/07;9.67;9.97;9.66;9.92;794227;24527730.00
2010/07/08;9.92;10.00;9.67;9.87;567951;17537446.00
2010/07/09;9.88;10.26;9.75;10.17;687271;21742518.00
2010/07/12;10.20;10.38;10.10;10.16;542197;17366032.00
2010/07/13;10.16;10.16;9.75;9.89;639431;19906956.00
2010/07/14;9.50;10.00;9.40;9.83;1378847;42060416.00
2010/07/15;9.73;9.91;9.52;9.52;626050;19082716.00
2010/07/16;9.52;9.60;9.28;9.51;417941;12439231.00
2010/07/19;9.36;9.70;9.36;9.68;575723;17322550.00
2010/07/20;9.68;10.01;9.57;9.93;777127;23968208.00
2010/07/21;9.92;10.38;9.81;10.11;933474;29681056.00
2010/07/22;10.31;10.55;10.20;10.40;1363723;44326556.00
2010/07/23;10.35;10.38;10.08;10.23;827467;26468188.00
2010/07/26;10.23;10.33;10.13;10.30;681155;21838862.00
2010/07/27;10.35;10.69;10.23;10.49;1031998;33992372.00
2010/07/28;10.47;10.60;10.31;10.52;1156006;38016512.00
2010/07/29;10.52;10.61;10.38;10.53;819499;26933574.00
2010/07/30;10.57;10.57;10.41;10.50;569286;18698860.00
2010/08/03;10.70;10.99;10.51;10.51;1350526;45402412.00
2010/08/04;10.48;10.50;10.14;10.33;1734794;55739692.00
2010/08/05;10.34;10.43;10.25;10.37;1217545;39450760.00
2010/08/06;10.29;10.64;10.21;10.60;1185323;38578364.00
2010/08/09;10.60;10.92;10.57;10.88;1855048;62303920.00
2010/08/10;10.86;10.93;10.52;10.52;1512302;50868928.00
2010/08/11;10.60;11.20;10.52;11.11;3224188;110454664.00
2010/08/12;10.98;11.20;10.88;10.92;1889031;65101752.00
2010/08/13;10.92;11.17;10.71;11.07;1377622;47324472.00
2010/08/16;11.05;11.35;10.95;11.28;1558723;54347732.00
2010/08/17;11.23;11.43;11.18;11.34;1305193;45955016.00
2010/08/18;11.35;11.44;11.08;11.15;1250150;43874984.00
2010/08/19;11.16;11.20;10.89;10.93;1259320;43369164.00
2010/08/20;10.81;10.81;10.48;10.48;1974805;65304216.00
2010/08/23;10.41;10.57;10.37;10.40;963701;31506410.00
2010/08/24;10.48;10.61;10.39;10.58;684491;22559720.00
2010/08/25;10.58;10.58;10.17;10.17;812151;26331402.00
2010/08/26;10.17;10.46;10.11;10.33;488965;15759824.00
2010/08/27;10.26;10.44;10.17;10.44;454220;14688367.00
2010/08/30;10.45;10.71;10.45;10.59;754180;24982992.00
2010/08/31;10.61;10.66;10.51;10.62;739100;24476254.00
2010/09/01;10.63;10.71;10.22;10.30;1055901;34694620.00
2010/09/02;10.36;10.44;10.17;10.40;986265;31869856.00
2010/09/03;10.81;11.49;10.81;11.49;3684276;129993224.00
2010/09/06;11.86;11.97;11.13;11.20;4012548;143925600.00
2010/09/07;11.25;11.28;11.01;11.11;1567854;54400864.00
2010/09/08;11.15;11.34;11.08;11.25;1358155;47553876.00
2010/09/09;11.26;11.31;10.85;10.92;1640362;56658948.00
2010/09/10;10.92;11.04;10.67;10.87;987306;33434490.00
2010/09/13;10.86;11.16;10.81;11.10;901618;30951100.00
2010/09/14;11.15;11.15;10.92;11.01;691459;23825882.00
2010/09/15;10.95;11.01;10.61;10.61;865077;29164202.00
2010/09/16;10.61;10.72;10.31;10.44;862913;28237230.00
2010/09/17;10.44;10.48;10.21;10.30;507266;16382313.00
2010/09/20;10.22;10.38;10.12;10.24;366428;11765350.00
2010/09/21;10.25;10.25;10.16;10.19;253797;8118063.50
2010/09/27;10.35;10.50;10.26;10.42;479686;15570624.00
2010/09/28;10.42;10.44;10.08;10.17;700583;22549200.00
2010/09/29;10.14;10.25;9.92;9.95;487116;15324799.00
2010/09/30;9.86;10.00;9.81;9.98;425823;13266280.00
2010/10/08;10.01;10.27;10.01;10.18;512099;16311328.00
2010/10/11;10.43;11.00;10.43;10.89;2231525;74710296.00
2010/10/12;10.81;11.10;10.68;11.09;1440563;49074696.00
2010/10/13;11.08;11.09;10.78;10.87;1036565;35270728.00
2010/10/14;10.82;10.98;10.44;10.55;936278;31143150.00
2010/10/15;10.55;10.71;10.24;10.31;691341;22574422.00
2010/10/18;10.27;10.27;9.95;10.20;632861;19974718.00
2010/10/19;10.20;10.83;10.20;10.70;871341;28867712.00
2010/10/20;10.49;10.71;10.49;10.53;509106;16845056.00
2010/10/21;10.51;10.59;10.36;10.41;419832;13719275.00
2010/10/22;10.38;10.63;10.25;10.60;605961;19912664.00
2010/10/25;10.61;10.87;10.53;10.83;833614;28086578.00
2010/10/26;10.73;10.92;10.64;10.77;560315;18809006.00
2010/10/27;10.67;10.67;10.45;10.60;931069;30717282.00
2010/10/28;10.54;10.62;10.29;10.34;759110;24720464.00
2010/10/29;10.33;10.54;10.22;10.50;592907;19341560.00
2010/11/01;10.48;10.83;10.41;10.81;1108549;36988996.00
2010/11/02;10.84;11.20;10.68;11.06;2188669;74971032.00
2010/11/03;11.05;11.05;10.70;10.70;939598;31854468.00
2010/11/04;10.65;10.98;10.58;10.94;698897;23481878.00
2010/11/05;10.95;11.03;10.81;10.96;801131;27361802.00
2010/11/08;10.98;11.45;10.98;11.31;1429789;50249804.00
2010/11/09;11.29;11.36;11.10;11.21;791000;27704890.00
2010/11/10;11.21;11.52;11.17;11.45;966795;34499932.00
2010/11/11;11.38;11.52;11.16;11.16;986217;35035612.00
2010/11/12;11.16;11.30;10.29;10.44;990764;33628268.00
2010/11/15;10.55;10.88;10.52;10.88;576115;19252438.00
2010/11/16;10.88;11.15;10.70;10.81;721415;24635096.00
2010/11/17;10.71;10.81;10.45;10.54;475749;15853590.00
2010/11/18;10.56;10.70;10.49;10.67;348703;11576093.00
2010/11/19;10.73;10.92;10.59;10.91;607643;20555770.00
2010/11/22;10.90;11.71;10.89;11.62;2621724;93400528.00
2010/11/23;11.55;11.55;11.15;11.43;1159463;40954492.00
2010/11/24;11.37;12.58;11.27;12.42;2799571;104325928.00
2010/11/25;12.22;12.41;11.92;12.04;1690061;64015872.00
2010/11/26;12.18;12.59;12.01;12.17;1699171;65089268.00
2010/11/29;12.34;12.34;11.70;11.88;3030253;111948248.00
2010/11/30;11.87;11.87;10.98;11.35;2160884;77120528.00
2010/12/01;11.35;11.44;11.22;11.32;1019828;35957160.00
2010/12/02;11.45;11.56;11.31;11.31;1181374;42023936.00
2010/12/03;11.22;11.30;11.00;11.16;968788;33689416.00
2010/12/06;11.25;11.25;10.85;10.88;871032;29782934.00
2010/12/07;10.84;11.08;10.81;11.08;687809;23563262.00
2010/12/08;11.02;11.11;10.94;11.01;589142;20266258.00
2010/12/09;10.91;11.05;10.88;10.90;355691;12150457.00
2010/12/10;10.87;11.07;10.71;10.98;458846;15679384.00
2010/12/13;11.01;11.44;11.01;11.41;1230248;43442024.00
2010/12/14;11.37;11.52;11.32;11.44;1132290;40373996.00
2010/12/15;11.41;11.51;11.30;11.36;714861;25384430.00
2010/12/16;11.25;11.38;11.25;11.31;483304;17083454.00
2010/12/17;11.31;11.48;11.21;11.45;657040;23218338.00
2010/12/20;11.48;11.48;10.88;11.13;817741;28630878.00
2010/12/21;11.13;11.21;11.01;11.20;492092;17127248.00
2010/12/22;11.20;11.20;10.98;11.04;366363;12672150.00
2010/12/23;11.01;11.10;10.90;10.94;325729;11187767.00
2010/12/24;10.84;10.91;10.61;10.68;481408;16147105.00
2010/12/27;10.58;10.81;10.15;10.21;569572;18736236.00
2010/12/28;10.21;10.38;9.82;10.21;602000;19058332.00
2010/12/29;10.16;10.44;10.12;10.44;456664;14724619.00
2010/12/30;10.38;10.38;10.24;10.28;273592;8832684.00
2010/12/31;10.35;10.42;10.32;10.41;270066;8777786.00
2011/01/04;10.43;10.55;10.35;10.55;745511;24343262.00
2011/01/05;10.49;10.49;10.31;10.38;492321;16005769.00
2011/01/06;10.54;10.71;10.41;10.41;635366;21047466.00
2011/01/07;10.38;10.41;10.16;10.21;637586;20481728.00
2011/01/10;10.25;10.28;9.95;9.99;355910;11299950.00
2011/01/11;10.02;10.17;9.85;10.02;328704;10275264.00
2011/01/12;10.04;10.15;9.96;10.06;238439;7511011.00
2011/01/13;10.02;10.12;10.02;10.09;162067;5119556.50
2011/01/14;10.09;10.09;9.67;9.71;420131;12950388.00
2011/01/17;9.71;9.71;9.31;9.47;357325;10608955.00
2011/01/18;9.37;9.53;9.37;9.45;136528;4055995.00
2011/01/19;9.47;9.60;9.41;9.58;175969;5266984.00
2011/01/20;9.58;9.65;9.18;9.19;302412;8962125.00
2011/01/21;9.12;9.27;9.10;9.17;272270;7878040.50
2011/01/24;9.19;9.21;9.04;9.04;251367;7216659.00
2011/01/25;9.04;9.48;8.92;9.23;294228;8476395.00
2011/01/26;9.21;9.33;9.17;9.28;154491;4507524.50
2011/01/27;9.25;9.58;9.08;9.35;271984;7981748.00
2011/01/28;9.35;9.55;9.31;9.46;178623;5304878.00
2011/01/31;9.54;9.54;9.38;9.48;118538;3530420.25
2011/02/01;9.48;9.51;9.41;9.48;119173;3544629.50
2011/02/09;9.23;9.48;9.23;9.29;83067;2451678.50
2011/02/10;9.29;9.51;9.26;9.51;135941;4034139.25
2011/02/11;9.51;9.81;9.47;9.76;350633;10672014.00
2011/02/14;9.74;10.01;9.68;9.91;393750;12092532.00
2011/02/15;9.90;9.91;9.77;9.87;411411;12704955.00
2011/02/16;9.86;10.04;9.78;9.98;281747;8747304.00
2011/02/17;9.98;10.03;9.81;9.93;300591;9337849.00
2011/02/18;10.30;10.47;10.00;10.00;1017585;32573720.00
2011/02/21;9.96;10.04;9.80;10.01;553079;17207292.00
2011/02/22;9.95;9.99;9.66;9.66;561891;17279842.00
2011/02/23;9.61;9.88;9.55;9.83;413257;12634626.00
2011/02/24;9.77;9.99;9.65;9.98;355828;10989446.00
2011/02/25;10.05;10.05;9.82;9.90;288977;8960532.00
2011/02/28;9.88;9.95;9.70;9.89;561074;17279078.00
2011/03/01;9.81;10.04;9.79;9.95;551744;17132640.00
2011/03/02;9.95;9.97;9.78;9.96;365907;11334536.00
2011/03/03;9.99;10.13;9.86;9.99;641914;20204320.00
2011/03/04;9.98;10.27;9.89;10.21;1082753;34392048.00
2011/03/07;10.25;10.36;10.13;10.28;605135;19385336.00
2011/03/08;10.38;10.38;10.15;10.24;359078;11485586.00
2011/03/09;10.31;10.31;10.11;10.17;364198;11622490.00
2011/03/10;10.24;10.24;9.96;9.99;495481;15658230.00
2011/03/11;10.04;10.11;9.95;9.96;264728;8295813.50
2011/03/14;9.94;9.97;9.80;9.95;334821;10372035.00
2011/03/15;9.94;9.94;9.56;9.67;401476;12245602.00
2011/03/16;9.70;9.80;9.65;9.79;231305;7079965.00
2011/03/17;9.69;9.76;9.61;9.64;262100;7974508.00
2011/03/18;9.68;9.77;9.64;9.69;211992;6459595.50
2011/03/21;9.65;9.73;9.64;9.70;165000;5013176.50
2011/03/22;9.71;9.80;9.63;9.80;279965;8533222.00
2011/03/23;10.13;10.13;9.80;9.93;618587;19402174.00
2011/03/24;9.90;9.93;9.79;9.80;267761;8255669.00
2011/03/25;9.83;9.86;9.76;9.81;222372;6842986.00
2011/03/28;9.81;10.00;9.81;9.85;475548;14743346.00
2011/03/29;9.71;9.71;9.31;9.32;821387;24335774.00
2011/03/30;9.25;9.37;9.20;9.20;293503;8537798.00
2011/03/31;9.17;9.29;9.10;9.16;237069;6849305.50
2011/04/01;9.21;9.25;9.14;9.25;146658;4246274.00
2011/04/06;9.36;9.37;9.16;9.21;398082;11542887.00
2011/04/07;9.30;9.31;9.18;9.25;221687;6436615.00
2011/04/08;9.25;9.31;9.22;9.28;292760;8536693.00
2011/04/11;9.30;9.33;9.21;9.26;396789;11583560.00
2011/04/12;9.31;9.31;9.16;9.17;248192;7208578.00
2011/04/13;9.17;9.29;9.12;9.28;219939;6372694.50
2011/04/14;9.25;9.28;9.22;9.23;183490;5336247.50
2011/04/15;9.24;9.27;9.12;9.25;256045;7393758.50
2011/04/18;9.24;9.25;9.19;9.21;186001;5390854.50
2011/04/19;9.24;9.42;9.21;9.31;555910;16333552.00
2011/04/20;9.31;9.34;9.19;9.24;332037;9654829.00
2011/04/21;9.30;9.30;9.21;9.24;322485;9371652.00
2011/04/22;9.24;9.28;9.19;9.21;228068;6613689.50
2011/04/26;8.94;8.94;8.38;8.41;497211;13487688.00
2011/04/27;8.41;8.53;8.15;8.18;454050;11949994.00
2011/04/28;8.21;8.22;8.05;8.07;215458;5547812.50
2011/04/29;8.06;8.19;8.00;8.18;149286;3831951.25
2011/05/03;8.12;8.24;8.12;8.21;88043;2281482.25
2011/05/04;8.18;8.22;7.98;8.02;151700;3902648.00
2011/05/05;7.98;8.06;7.95;8.00;108101;2743088.25
2011/05/06;8.11;8.54;8.10;8.21;265760;6947376.50
2011/05/09;8.27;8.27;8.14;8.17;160420;4150380.00
2011/05/10;8.17;8.21;8.10;8.18;105891;2734338.25
2011/05/11;8.21;8.24;8.12;8.21;115507;2993652.25
2011/05/12;8.18;8.56;7.82;8.41;257830;6599644.00
2011/05/13;8.17;8.43;8.08;8.38;259917;6786953.50
2011/05/16;8.38;8.38;8.20;8.32;239739;6287865.00
2011/05/17;8.32;8.32;8.11;8.19;346600;8995469.00
2011/05/18;8.18;8.27;8.05;8.22;99112;2579469.00
2011/05/19;8.26;8.27;8.15;8.17;71679;1855992.25
2011/05/20;8.21;8.21;7.95;8.00;160441;4078798.50
2011/05/23;7.90;7.93;7.54;7.54;229400;5608887.50
2011/05/24;7.51;7.64;7.29;7.55;385111;9057773.00
2011/05/25;7.55;7.57;7.31;7.32;191650;4515974.50
2011/05/26;7.41;7.48;7.31;7.33;124000;2911797.00
2011/05/27;7.34;7.34;7.17;7.20;111299;2564631.50
2011/05/30;7.20;7.33;7.16;7.26;95186;2209474.00
2011/05/31;7.31;7.48;7.28;7.45;145615;3428022.25
2011/06/01;7.44;7.52;7.34;7.48;129679;3089236.75
2011/06/02;7.73;8.27;7.67;8.27;1058363;27481908.00
2011/06/03;8.21;8.44;8.09;8.33;1704634;44720112.00
2011/06/07;8.11;8.30;7.98;8.29;666563;17238364.00
2011/06/08;8.25;8.25;7.94;8.05;658560;16820858.00
2011/06/09;8.08;8.15;7.75;7.75;527288;13201881.00
2011/06/10;7.65;7.71;7.25;7.56;431626;10299844.00
2011/06/13;7.50;7.54;7.32;7.52;163884;3883139.00
2011/06/14;7.52;7.68;7.48;7.63;249266;6016470.50
2011/06/15;7.60;7.60;7.48;7.48;213182;5105788.00
2011/06/16;7.38;7.45;7.23;7.28;203095;4738460.50
2011/06/17;7.33;7.41;7.26;7.26;146852;3390690.50
2011/06/20;7.31;7.36;6.98;7.03;274123;6130550.00
2011/06/21;7.12;7.12;7.00;7.10;198798;4423695.50
2011/06/22;7.17;7.26;7.07;7.20;286165;6486948.50
2011/06/23;7.20;7.43;7.20;7.42;314397;7242323.00
2011/06/24;7.42;7.60;7.31;7.55;356917;8409819.00
2011/06/27;7.55;7.65;7.48;7.59;317385;7527972.50
2011/06/28;7.48;7.63;7.47;7.55;212270;5015531.50
2011/06/29;7.55;7.91;7.51;7.60;529887;12834917.00
2011/06/30;7.61;7.67;7.54;7.64;311378;7451602.00
2011/07/01;7.59;7.78;7.59;7.62;235550;5652546.50
2011/07/04;7.64;7.78;7.57;7.77;359061;8696064.00
2011/07/05;7.81;7.97;7.72;7.94;522773;12822599.00
2011/07/06;7.91;7.93;7.78;7.89;320123;7881157.50
2011/07/07;7.80;8.01;7.80;7.88;369761;9169583.00
2011/07/08;7.85;8.24;7.83;8.21;932448;23633314.00
2011/07/11;8.10;8.31;8.04;8.29;553539;14153490.00
2011/07/12;8.24;8.25;8.07;8.08;413343;10505649.00
2011/07/13;8.07;8.21;8.03;8.15;306973;7786289.50
2011/07/14;8.16;8.20;8.10;8.17;287597;7335091.50
2011/07/15;8.15;8.25;8.15;8.23;277861;7140839.50
2011/07/18;8.23;8.31;8.08;8.16;294699;7559667.00
2011/07/19;8.10;8.20;7.95;8.20;404263;10186908.00
2011/07/20;8.15;8.31;8.01;8.31;446081;11426965.00
2011/07/21;8.26;8.30;8.09;8.28;412157;10591826.00
2011/07/22;8.21;8.28;8.15;8.20;402147;10336547.00
2011/07/25;8.18;8.26;7.78;7.78;377030;9515342.00
2011/07/26;7.78;7.91;7.65;7.76;134009;3257471.50
2011/07/27;7.56;7.87;7.54;7.81;177049;4315384.50
2011/07/28;7.70;7.78;7.60;7.74;168980;4084558.50
2011/07/29;7.71;7.83;7.66;7.67;334993;8087300.00
2011/08/01;7.61;7.93;7.54;7.86;439265;10651180.00
2011/08/02;7.67;7.73;7.54;7.72;256224;6138690.50
2011/08/03;7.65;7.91;7.62;7.88;216810;5308332.00
2011/08/04;7.88;8.03;7.81;7.88;290638;7212186.00
2011/08/05;7.65;7.68;7.48;7.59;208511;4979505.50
2011/08/08;7.56;7.56;7.02;7.17;282358;6443197.00
2011/08/09;6.99;7.17;6.60;6.98;219169;4744251.00
2011/08/10;6.98;7.20;6.98;7.06;167572;3752523.00
2011/08/11;6.86;7.21;6.69;7.18;205833;4594627.00
2011/08/12;7.28;7.49;7.24;7.32;204703;4708151.00
2011/08/15;7.27;7.47;7.27;7.46;218031;5060025.50
2011/08/16;7.85;8.14;7.85;7.86;1334388;33260870.00
2011/08/17;7.76;7.86;7.65;7.74;641709;15561927.00
2011/08/18;7.73;7.86;7.58;7.59;460605;11125097.00
2011/08/19;7.51;7.51;7.28;7.47;371841;8615031.00
2011/08/22;7.41;7.64;7.35;7.58;243996;5804937.00
2011/08/23;7.53;7.71;7.53;7.70;303708;7277566.00
2011/08/24;7.74;7.79;7.69;7.79;408476;9922153.00
2011/08/25;7.90;7.90;7.73;7.85;342676;8385241.50
2011/08/26;7.81;7.97;7.78;7.94;440015;10883634.00
2011/08/29;7.88;7.92;7.75;7.88;282876;6942072.00
2011/08/30;7.88;7.97;7.81;7.91;298020;7371997.50
2011/08/31;7.67;7.95;7.66;7.94;358100;8853444.00
2011/09/01;8.05;8.55;8.05;8.07;1949848;50338520.00
2011/09/02;7.95;7.98;7.48;7.68;817165;19818586.00
2011/09/05;7.53;7.53;7.24;7.26;525881;12129540.00
2011/09/06;7.18;7.30;7.12;7.14;231909;5245280.50
2011/09/07;7.16;7.39;7.12;7.31;317844;7243299.00
2011/09/08;7.32;7.39;7.27;7.27;213754;4914556.00
2011/09/09;7.27;7.35;7.25;7.29;173911;3989851.00
2011/09/13;7.15;7.25;7.11;7.15;199771;4503352.50
2011/09/14;7.15;7.27;7.11;7.23;123830;2801714.25
2011/09/15;7.15;7.41;7.15;7.26;195813;4489631.00
2011/09/16;7.26;7.35;7.25;7.26;121850;2797931.00
2011/09/19;7.34;7.34;7.05;7.05;142800;3216614.00
2011/09/20;7.18;7.38;7.18;7.31;413380;9463785.00
2011/09/21;7.25;7.48;7.15;7.44;492534;11394044.00
2011/09/22;7.28;7.40;7.25;7.25;256086;5885383.50
2011/09/23;7.25;7.25;7.09;7.22;209642;4725738.00
2011/09/26;7.15;7.27;7.14;7.22;152979;3465128.50
2011/09/27;7.23;7.30;7.11;7.27;130170;2956108.50
2011/09/28;7.31;7.31;7.12;7.12;80949;1827698.63
2011/09/29;7.10;7.10;6.69;6.77;176001;3834798.00
2011/09/30;6.77;6.87;6.71;6.83;141516;3019336.00
2011/10/10;6.83;6.91;6.79;6.84;114300;2470691.25
2011/10/11;6.96;7.05;6.77;6.91;119700;2611967.50
2011/10/12;6.98;7.10;6.83;7.10;252867;5556372.00
2011/10/13;7.06;7.32;6.81;7.27;364754;8270331.00
2011/10/14;7.30;7.31;7.19;7.25;132650;3026568.75
2011/10/17;7.19;7.41;7.19;7.39;255086;5888975.50
2011/10/18;7.41;7.41;7.25;7.31;254267;5853807.00
2011/10/19;7.38;7.44;7.30;7.40;209808;4863525.00
2011/10/20;7.26;7.41;7.10;7.30;302799;6902782.50
2011/10/21;7.40;7.41;7.11;7.30;93837;2148817.25
2011/10/25;7.40;7.41;7.25;7.39;355760;8251448.00
2011/10/26;7.26;7.49;7.22;7.46;489341;11383567.00
2011/10/27;7.47;7.61;7.35;7.35;354651;8326010.00
2011/10/28;7.39;7.48;7.31;7.40;264395;6138005.50
2011/10/31;7.41;7.46;7.34;7.38;217851;5063669.50
2011/11/01;7.38;7.48;7.31;7.46;320071;7475773.50
2011/11/02;7.36;7.90;7.35;7.85;1541334;37152172.00
2011/11/03;7.81;7.94;7.70;7.74;1120333;27426284.00
2011/11/04;7.81;7.81;7.68;7.71;400888;9704554.00
2011/11/07;7.62;7.74;7.55;7.56;506085;12088936.00
2011/11/08;7.58;7.64;7.51;7.55;215422;5127515.00
2011/11/09;7.51;7.74;7.51;7.73;380000;9068195.00
2011/11/10;7.63;7.76;7.58;7.58;312189;7512840.50
2011/11/11;7.58;7.64;7.48;7.55;245733;5842142.00
2011/11/14;7.58;7.75;7.58;7.74;303890;7342690.50
2011/11/15;7.72;7.77;7.69;7.75;335953;8156081.00
2011/11/16;7.77;7.85;7.46;7.56;518571;12478126.00
2011/11/17;7.55;7.57;7.40;7.41;338559;7945400.50
2011/11/18;7.34;7.40;7.17;7.19;264593;6063069.00
2011/11/21;7.17;7.27;7.11;7.18;139665;3154125.50
2011/11/22;7.14;7.25;7.14;7.22;88116;1995805.50
2011/11/23;7.20;7.26;7.18;7.21;107550;2446327.25
2011/11/24;7.03;7.19;7.02;7.12;134019;2990693.75
2011/11/25;7.12;7.18;7.08;7.08;99849;2236687.75
2011/11/28;7.13;7.13;6.98;7.02;86370;1913233.75
2011/11/29;7.08;7.23;7.03;7.22;170211;3840901.75
2011/11/30;7.16;7.21;6.85;7.03;134050;2974708.50
2011/12/01;7.25;7.30;7.15;7.15;194460;4420917.50
2011/12/02;6.98;7.15;6.98;7.04;74340;1650559.75
2011/12/05;7.09;7.09;6.92;6.92;110800;2438852.00
2011/12/06;6.86;6.95;6.77;6.94;96410;2084689.75
2011/12/07;6.96;7.16;6.81;7.01;112500;2478968.00
2011/12/08;7.08;7.13;6.84;7.08;218655;4848295.50
2011/12/09;7.08;7.10;7.04;7.04;54399;1211515.63
2011/12/12;6.99;7.05;6.82;6.92;109342;2384437.25
2011/12/13;6.81;6.98;6.77;6.96;180954;3923248.75
2011/12/14;6.96;7.13;6.78;6.87;196728;4283117.00
2011/12/15;6.75;6.84;6.42;6.42;184069;3806129.75
2011/12/16;6.41;6.45;5.98;6.41;220537;4385995.50
2011/12/19;6.35;6.35;6.08;6.29;83257;1644309.63
2011/12/20;6.21;6.31;6.18;6.29;197217;3922234.00
2011/12/21;6.34;6.34;6.15;6.15;84668;1682133.50
2011/12/22;6.14;6.14;5.71;5.86;118260;2196471.00
2011/12/23;5.74;5.92;5.72;5.83;102959;1915333.50
2011/12/26;5.85;5.92;5.74;5.85;133500;2492851.50
2011/12/27;5.96;5.96;5.68;5.70;190499;3537311.00
2011/12/28;5.53;5.61;5.32;5.43;98100;1713435.25
2011/12/29;5.44;5.65;5.44;5.51;48702;859291.25
2011/12/30;5.60;5.65;5.52;5.61;128589;2300746.75
2012/01/04;5.65;5.71;5.51;5.52;81492;1456408.63
2012/01/05;5.50;5.52;5.21;5.30;110040;1891775.00
2012/01/06;5.19;5.27;5.13;5.25;50630;844317.69
2012/01/09;5.26;5.45;5.08;5.41;167409;2842226.75
2012/01/10;5.37;5.72;5.37;5.65;228928;4065869.00
2012/01/11;5.63;5.84;5.61;5.69;195579;3578526.25
2012/01/12;5.71;5.71;5.58;5.64;114788;2067467.75
2012/01/13;5.58;5.59;5.33;5.43;129159;2264215.75
2012/01/16;5.39;5.39;5.18;5.18;93400;1567976.00
2012/01/17;5.38;5.57;5.20;5.43;97135;1665732.88
2012/01/18;5.46;5.61;5.32;5.47;126240;2197080.00
2012/01/19;5.48;5.61;5.35;5.46;94322;1654071.50
2012/01/20;5.41;5.58;5.39;5.53;85555;1500673.25
2012/01/30;5.54;5.61;5.48;5.48;91537;1621673.13
2012/01/31;5.38;5.48;5.38;5.42;55025;954821.50
2012/02/01;5.40;5.58;5.40;5.50;122722;2155331.25
2012/02/02;5.47;5.83;5.42;5.78;602148;10903944.00
2012/02/03;5.78;5.81;5.65;5.77;444228;8077284.50
2012/02/06;5.77;5.97;5.76;5.87;495519;9254329.00
2012/02/07;5.98;5.98;5.76;5.82;258092;4768592.00
2012/02/08;5.84;5.95;5.72;5.89;498046;9328600.00
2012/02/09;5.95;5.97;5.85;5.91;524330;9872472.00
2012/02/10;5.93;6.03;5.85;6.00;306939;5800044.00
2012/02/13;5.98;6.03;5.93;5.99;509697;9686742.00
2012/02/14;5.98;6.01;5.93;5.98;289781;5487122.50
2012/02/15;5.96;6.03;5.95;6.03;474960;9051235.00
2012/02/16;6.06;6.07;5.96;6.02;396990;7585855.50
2012/02/17;6.01;6.06;5.96;6.01;202595;3867535.00
2012/02/20;6.06;6.11;6.01;6.08;517744;9926795.00
2012/02/21;6.14;6.14;6.02;6.10;319389;6160926.00
2012/02/22;6.05;6.30;6.05;6.21;483355;9460305.00
2012/02/23;6.24;6.28;6.15;6.24;376642;7415915.00
2012/02/24;6.20;6.31;6.20;6.29;380927;7553050.50
2012/02/27;6.29;6.38;6.24;6.28;563939;11267844.00
2012/02/28;6.23;6.38;6.09;6.37;639417;12674241.00
2012/02/29;6.36;6.36;6.21;6.31;238258;4734256.50
2012/03/01;6.32;6.32;6.22;6.31;197108;3922300.50
2012/03/02;6.33;6.73;6.28;6.70;1034677;21413888.00
2012/03/05;6.68;6.68;6.45;6.49;1334711;27435672.00
2012/03/06;6.45;6.45;6.22;6.25;423807;8469934.00
2012/03/07;6.11;6.29;6.11;6.24;238639;4701851.00
2012/03/09;6.31;6.52;6.28;6.36;296499;5967609.50
2012/03/12;6.36;6.43;6.30;6.36;287684;5780883.00
2012/03/13;6.40;6.40;6.28;6.37;281634;5656186.50
2012/03/14;6.38;6.45;6.15;6.36;915081;18416856.00
2012/03/15;6.33;6.58;6.05;6.25;566374;11277681.00
2012/03/16;6.41;6.42;6.17;6.36;404456;8073277.50
2012/03/19;6.41;6.41;6.26;6.40;519049;10457004.00
2012/03/20;6.37;6.44;6.22;6.28;503154;10184832.00
2012/03/21;6.21;6.29;6.05;6.13;477258;9330397.00
2012/03/22;6.08;6.17;6.08;6.15;287493;5589063.00
2012/03/23;6.16;6.28;6.06;6.11;191948;3739844.50
2012/03/26;6.21;6.21;5.92;5.92;286723;5490557.50
2012/03/27;5.85;5.95;5.75;5.78;264662;4934564.00
2012/03/28;5.75;5.79;5.38;5.40;323426;5705233.50
2012/03/29;5.31;5.91;5.27;5.64;466130;8172998.50
2012/03/30;5.84;5.84;5.35;5.45;383311;6834905.50
2012/04/05;5.48;5.77;5.38;5.74;404474;7209350.00
2012/04/06;5.89;5.89;5.66;5.76;522849;9670164.00
2012/04/09;5.62;5.83;5.58;5.80;447379;8136487.50
2012/04/10;6.04;6.04;5.79;5.84;922713;17309870.00
2012/04/11;5.79;5.86;5.58;5.86;600180;10923600.00
2012/04/12;5.86;5.95;5.75;5.89;649617;12071188.00
2012/04/13;5.85;5.86;5.78;5.84;454071;8414496.00
2012/04/16;5.79;5.79;5.68;5.76;219128;3999783.00
2012/04/17;5.85;5.85;5.64;5.77;413838;7541599.00
2012/04/18;5.77;5.87;5.66;5.83;456086;8431473.00
2012/04/19;5.85;5.85;5.73;5.83;277940;5133562.00
2012/04/20;5.86;5.91;5.77;5.85;341728;6350091.50
2012/04/24;5.74;5.74;5.31;5.55;459779;8170890.50
2012/04/25;5.52;5.61;5.50;5.58;120006;2123420.00
2012/04/26;5.62;5.70;5.55;5.57;129199;2311876.50
2012/04/27;5.61;5.61;5.55;5.55;82449;1466796.25
2012/05/02;5.67;5.79;5.58;5.66;245136;4439694.50
2012/05/03;5.60;5.78;5.60;5.64;122267;2209500.75
2012/05/04;5.65;5.71;5.65;5.70;148835;2695069.25
2012/05/07;5.66;5.73;5.66;5.71;196519;3569484.50
2012/05/08;5.73;6.04;5.67;5.95;857154;16087186.00
2012/05/09;5.85;5.91;5.71;5.76;431928;7938886.00
2012/05/10;5.75;5.80;5.75;5.77;119488;2194248.50
2012/05/11;5.72;6.01;5.72;5.98;758302;14272078.00
2012/05/14;6.05;6.29;5.95;5.96;918610;17775116.00
2012/05/15;5.89;5.91;5.76;5.84;336181;6192375.00
2012/05/16;5.78;5.85;5.69;5.71;221494;4061809.00
2012/05/17;5.86;6.32;5.86;6.02;1444847;28278134.00
2012/05/18;5.79;5.79;5.50;5.61;1092039;19711222.00
2012/05/21;5.51;5.65;5.51;5.60;202603;3598036.00
2012/05/22;5.65;5.65;5.58;5.62;137977;2467110.50
2012/05/23;5.62;5.63;5.53;5.58;119964;2135450.50
2012/05/24;5.55;5.61;5.52;5.58;187639;3337915.00
2012/05/25;5.58;5.60;5.54;5.58;132616;2356820.25
2012/05/28;5.51;5.59;5.42;5.59;148620;2614966.50
2012/05/29;5.61;5.70;5.56;5.70;243020;4380609.50
2012/05/30;5.81;6.03;5.72;5.81;700733;13101902.00
2012/05/31;5.65;5.77;5.65;5.74;222235;4044035.00
2012/06/01;5.70;5.76;5.68;5.72;166076;3022098.50
2012/06/04;5.73;5.73;5.58;5.63;220310;3962798.25
2012/06/05;5.77;5.78;5.54;5.60;250401;4514355.00
2012/06/06;5.64;5.64;5.56;5.59;127799;2274671.00
2012/06/07;5.71;5.71;5.54;5.58;189549;3388459.25
2012/06/08;5.63;5.63;5.51;5.56;121809;2159839.25
2012/06/11;5.59;5.69;5.46;5.69;249930;4444669.00
2012/06/12;5.70;5.70;5.56;5.62;230591;4127436.00
2012/06/13;5.61;5.71;5.50;5.63;204769;3686320.50
2012/06/14;5.63;5.70;5.63;5.65;197887;3570291.25
2012/06/15;5.67;5.72;5.61;5.70;286129;5181198.50
2012/06/18;5.74;5.74;5.69;5.73;248394;4520908.00
2012/06/19;5.73;5.76;5.70;5.71;316781;5781001.50
2012/06/20;5.77;5.82;5.64;5.67;401874;7277735.50
2012/06/21;5.64;5.67;5.57;5.64;260448;4612279.00
2012/06/25;5.70;5.71;5.54;5.61;322521;5711059.50
2012/06/26;5.51;5.61;5.51;5.55;80169;1400699.75
2012/06/27;5.60;5.65;5.55;5.58;154223;2725801.75
2012/06/28;5.58;5.61;5.51;5.51;116664;2044110.50
2012/06/29;5.62;5.63;5.51;5.58;205705;3631364.75
2012/07/02;5.56;5.62;5.53;5.58;156202;2747229.25
2012/07/03;5.59;5.65;5.55;5.58;278800;4928573.50
2012/07/04;5.58;5.63;5.58;5.60;144446;2554704.00
2012/07/05;5.61;5.61;5.40;5.46;177200;3058563.00
2012/07/06;5.58;5.58;5.41;5.53;140286;2433962.25
2012/07/09;5.48;5.67;5.43;5.62;485186;8508308.00
2012/07/10;5.62;5.81;5.56;5.77;1165045;20888158.00
2012/07/11;5.70;5.74;5.63;5.70;394372;7044703.00
2012/07/12;5.68;5.73;5.61;5.72;481270;8591021.00
2012/07/13;5.80;6.08;5.77;5.77;1382892;25727530.00
2012/07/16;5.61;5.71;5.18;5.23;708614;12070120.00
2012/07/17;5.15;5.22;5.07;5.15;247661;4029951.00
2012/07/18;5.15;5.18;5.08;5.16;182000;2957048.00
2012/07/19;5.13;5.22;5.10;5.18;281466;4608427.50
2012/07/20;5.11;5.21;5.11;5.12;142091;2315489.25
2012/07/23;5.10;5.12;5.01;5.12;214768;3450680.50
2012/07/24;5.14;5.20;5.07;5.17;200810;3267513.50
2012/07/25;5.10;5.21;5.10;5.12;152500;2494557.25
2012/07/26;5.12;5.17;5.10;5.12;77681;1262627.75
2012/07/27;5.14;5.14;5.05;5.05;118010;1902450.88
2012/07/30;5.05;5.11;4.76;4.95;139809;2220728.25
2012/07/31;4.95;4.95;4.85;4.87;82505;1278086.88
2012/08/01;4.89;4.97;4.88;4.89;58399;912753.44
2012/08/02;4.88;4.93;4.85;4.86;87518;1359828.25
2012/08/03;4.85;4.95;4.81;4.94;69600;1081338.63
2012/08/06;4.93;5.01;4.87;5.00;102086;1609821.88
2012/08/07;5.04;5.14;5.00;5.12;190638;3056794.00
2012/08/08;5.14;5.17;5.07;5.16;204591;3322482.50
2012/08/09;5.17;5.17;5.10;5.16;131502;2142802.50
2012/08/10;5.16;5.20;5.05;5.19;246218;4000699.50
2012/08/13;5.20;5.20;5.11;5.11;93557;1524065.50
2012/08/14;5.11;5.24;5.05;5.24;422443;6919196.50
2012/08/15;5.21;5.27;5.15;5.26;316611;5236066.00
2012/08/16;5.25;5.43;5.18;5.40;802380;13577934.00
2012/08/17;5.36;5.54;5.36;5.53;932332;16150254.00
2012/08/20;5.58;5.58;5.18;5.26;886050;14917371.00
2012/08/21;5.34;5.34;4.98;5.19;466340;7640842.00
2012/08/22;5.18;5.34;5.14;5.34;527192;8766803.00
2012/08/23;5.21;5.44;5.21;5.41;480493;8133916.50
2012/08/24;5.37;5.44;5.32;5.41;322195;5480225.50
2012/08/27;5.36;5.40;5.32;5.38;244259;4132988.00
2012/08/28;5.38;5.39;5.32;5.37;105065;1780802.50
2012/08/29;5.37;5.44;5.29;5.41;491274;8377527.50
2012/08/30;5.44;5.54;5.31;5.43;644038;11025994.00
2012/08/31;5.41;5.48;5.41;5.47;314165;5409568.00
2012/09/03;5.48;5.62;5.36;5.58;865966;15137454.00
2012/09/04;5.60;5.63;5.45;5.55;743358;13029371.00
2012/09/05;5.54;5.56;5.52;5.52;193728;3388507.50
2012/09/06;5.51;5.57;5.49;5.54;206100;3588712.00
2012/09/07;5.45;5.80;5.45;5.70;1114900;19812702.00
2012/09/10;5.69;5.73;5.50;5.60;1356961;24091570.00
2012/09/11;5.59;5.64;5.52;5.63;615678;10856957.00
2012/09/12;5.65;5.70;5.44;5.50;880890;15475843.00
2012/09/13;5.51;5.57;5.46;5.51;422400;7348401.00
2012/09/14;5.56;5.64;5.50;5.63;524397;9224100.00
2012/09/17;5.60;5.64;5.58;5.59;333598;5892254.50
2012/09/18;5.64;5.64;5.52;5.58;269919;4737565.50
2012/09/19;5.55;5.64;5.55;5.63;253680;4478511.50
2012/09/20;5.62;5.62;5.48;5.56;232285;4057085.25
2012/09/21;5.57;5.61;5.47;5.59;328620;5784296.00
2012/09/24;5.55;5.67;5.51;5.65;830398;14687162.00
2012/09/25;5.65;5.80;5.63;5.79;1608086;29020646.00
2012/09/26;5.78;5.86;5.60;5.61;1175427;21190644.00
2012/09/27;5.61;5.71;5.38;5.68;962984;16983204.00
2012/09/28;5.65;5.75;5.59;5.68;871764;15629108.00
2012/10/08;5.71;5.73;5.55;5.70;289239;5166664.50
2012/10/09;5.71;5.84;5.63;5.74;580826;10503232.00
2012/10/10;5.72;5.80;5.69;5.79;493851;8977134.00
2012/10/11;5.80;5.80;5.62;5.72;285637;5141188.00
2012/10/12;5.73;5.84;5.71;5.81;547160;9965909.00
2012/10/15;5.81;5.81;5.74;5.81;294253;5344555.50
2012/10/16;5.81;5.82;5.75;5.81;326210;5944010.00
2012/10/17;5.84;5.94;5.76;5.93;597184;11029022.00
2012/10/18;5.90;6.00;5.90;6.00;440288;8260052.00
2012/10/19;5.99;6.11;5.95;6.10;617141;11724382.00
2012/10/22;6.11;6.13;5.98;6.01;895773;16982522.00
2012/10/23;6.03;6.04;5.92;5.93;408373;7640003.00
2012/10/24;5.94;5.94;5.85;5.92;191360;3558449.50
2012/10/25;5.92;6.03;5.92;5.99;496750;9345787.00
2012/10/26;5.97;6.14;5.96;6.11;699965;13282638.00
2012/10/29;6.11;6.36;6.05;6.28;761661;14816969.00
2012/10/30;6.22;6.34;6.18;6.24;580792;11393224.00
2012/10/31;6.26;6.56;6.26;6.50;1232070;24915772.00
2012/11/01;6.45;7.01;6.32;6.50;1800079;36764580.00
2012/11/02;6.37;6.47;6.26;6.29;885767;17664326.00
2012/11/05;6.15;6.37;6.14;6.32;645131;12745839.00
2012/11/06;6.34;6.53;6.27;6.51;1151153;23239336.00
2012/11/07;6.44;6.54;6.44;6.51;661473;13419189.00
2012/11/08;6.51;6.51;6.22;6.22;1446484;28500836.00
2012/11/09;6.22;6.30;6.11;6.23;403028;7853708.50
2012/11/12;6.19;6.41;6.13;6.39;738096;14671712.00
2012/11/13;6.35;6.48;6.35;6.39;741638;14878888.00
2012/11/14;6.38;6.58;6.38;6.58;1273424;26043910.00
2012/11/15;6.57;6.61;6.52;6.55;667349;13699134.00
2012/11/16;6.48;6.68;6.48;6.67;1545363;31949164.00
2012/11/19;6.65;6.70;6.52;6.66;753914;15697414.00
2012/11/20;6.58;6.70;6.57;6.67;1052208;21792400.00
2012/11/21;6.65;6.88;6.61;6.75;737311;15527675.00
2012/11/22;6.75;6.77;6.64;6.71;336163;7035914.00
2012/11/23;6.68;7.10;6.67;6.98;1480748;31725336.00
2012/11/26;6.91;6.95;6.84;6.89;454617;9781671.00
2012/11/27;6.87;6.88;6.77;6.77;354824;7558789.00
2012/11/28;6.73;6.76;6.13;6.28;665067;13235606.00
2012/11/29;6.23;6.38;6.16;6.24;522986;10291749.00
2012/11/30;6.21;6.30;6.19;6.29;475476;9337614.00
2012/12/03;6.23;6.30;6.20;6.20;282132;5533923.00
2012/12/04;6.17;6.27;5.75;6.21;856078;16208856.00
2012/12/05;6.30;6.46;6.18;6.42;1056411;21028746.00
2012/12/06;6.45;6.45;6.31;6.34;340493;6772678.50
2012/12/07;6.33;6.55;6.31;6.52;848929;17114196.00
2012/12/10;6.54;6.55;6.47;6.53;393888;8042992.50
2012/12/11;6.54;6.56;6.41;6.48;502346;10183995.00
2012/12/12;6.49;6.50;6.40;6.41;316300;6387914.00
2012/12/13;6.41;6.43;6.30;6.31;516895;10307098.00
2012/12/14;6.28;6.71;6.12;6.66;1578990;32469980.00
2012/12/17;6.71;6.86;6.55;6.62;626478;13049894.00
2012/12/18;6.62;6.68;6.55;6.64;490171;10139720.00
2012/12/19;6.64;6.69;6.60;6.66;286102;5951250.50
2012/12/20;6.66;6.81;6.62;6.68;534190;11186698.00
2012/12/21;6.69;6.91;6.66;6.88;748403;15873746.00
2012/12/24;6.57;6.91;6.57;6.80;417631;8862839.00
2012/12/25;6.72;6.91;6.72;6.90;620941;13211189.00
2012/12/26;6.90;7.04;6.80;7.00;784182;16966738.00
2012/12/27;7.05;7.05;6.91;6.91;580585;12563957.00
2012/12/28;6.91;7.09;6.91;7.05;776161;17036460.00
2012/12/31;7.25;7.78;7.25;7.78;2631953;62965372.00
2013/01/16;7.78;7.87;7.38;7.77;1893459;44508528.00
2013/01/17;7.64;7.99;7.57;7.83;1180963;28713254.00
2013/01/18;7.91;8.45;7.78;8.21;1228214;30975502.00
2013/01/21;8.05;8.22;8.05;8.16;576460;14585956.00
2013/01/22;8.16;8.17;7.98;8.02;471007;11759210.00
2013/01/23;7.97;8.17;7.97;8.17;229311;5742657.00
2013/01/24;8.17;8.81;8.11;8.28;1364846;35537652.00
2013/01/25;8.24;8.47;8.05;8.08;420846;10629449.00
2013/01/28;7.98;8.18;7.92;8.09;242432;6074660.00
2013/01/29;8.09;8.09;7.85;7.88;505199;12427535.00
2013/01/30;7.88;7.97;7.83;7.97;271821;6699526.00
2013/01/31;7.97;8.05;7.72;8.05;689182;17076238.00
2013/02/01;8.02;8.71;8.02;8.36;1157506;29593038.00
2013/02/04;8.23;8.60;8.17;8.39;1229578;31769056.00
2013/02/05;8.37;8.44;8.22;8.37;504600;13083082.00
2013/02/06;8.36;8.52;8.25;8.39;705203;18380496.00
2013/02/07;8.39;8.41;8.31;8.40;311072;8074963.50
2013/02/08;8.27;8.36;8.05;8.06;660123;16638944.00
2013/02/18;8.06;8.06;7.75;7.87;759594;18566534.00
2013/02/19;7.81;7.91;7.77;7.88;390250;9501355.00
2013/02/20;7.80;8.15;7.79;8.05;615965;15309418.00
2013/02/21;8.01;8.01;7.81;7.89;201786;4952734.50
2013/02/22;7.90;7.91;7.75;7.77;235910;5725850.00
2013/02/25;7.77;7.83;7.73;7.78;143307;3466508.25
2013/02/26;7.76;7.98;7.72;7.97;672257;16427801.00
2013/02/27;7.88;8.27;7.76;7.77;660801;16516874.00
2013/02/28;7.71;7.78;7.36;7.52;599055;13940698.00
2013/03/01;7.54;7.56;7.39;7.54;299777;7002981.00
2013/03/04;7.43;7.58;7.09;7.11;450300;10211175.00
2013/03/05;7.19;7.24;7.02;7.07;649105;14365315.00
2013/03/06;7.16;7.32;7.05;7.28;1035885;23236098.00
2013/03/07;7.21;7.32;7.18;7.18;333167;7527775.00
2013/03/08;7.17;7.53;7.17;7.42;487502;11117429.00
2013/03/11;7.38;7.42;7.31;7.37;273624;6265511.00
2013/03/12;7.39;7.39;7.15;7.30;436276;9859292.00
2013/03/13;7.33;7.33;7.08;7.25;184573;4126388.75
2013/03/14;7.38;7.51;7.18;7.26;266336;6039552.00
2013/03/15;7.44;7.57;7.21;7.54;793910;18257956.00
2013/03/18;7.37;7.37;7.29;7.30;339200;7742191.00
2013/03/19;7.30;7.38;7.14;7.21;304366;6834363.00
2013/03/20;7.18;7.31;7.15;7.21;368344;8276891.50
2013/03/21;7.22;7.37;7.18;7.28;559032;12673914.00
2013/03/22;7.28;7.44;7.18;7.31;496650;11278505.00
2013/03/25;7.31;7.31;7.16;7.21;303579;6819737.00
2013/03/26;7.18;7.27;7.11;7.17;271134;6066642.50
2013/03/27;7.28;7.28;7.01;7.06;512740;11373509.00
2013/03/28;7.02;7.02;6.33;6.69;420241;8873522.00
2013/03/29;6.66;6.68;6.40;6.58;374849;7656519.50
2013/04/01;6.58;6.80;6.58;6.73;254245;5331269.50
2013/04/02;6.73;6.78;6.65;6.69;222818;4662130.50
2013/04/03;6.75;6.75;6.68;6.72;182617;3828355.50
2013/04/08;6.58;6.79;6.58;6.78;281411;5920556.00
2013/04/09;6.72;6.79;6.66;6.67;268051;5612382.50
2013/04/10;6.66;6.70;6.48;6.53;249199;5134694.50
2013/04/11;6.53;6.60;6.39;6.42;169003;3423326.00
2013/04/12;6.44;6.71;6.40;6.53;485899;9979115.00
2013/04/15;6.53;6.58;6.45;6.55;92936;1896435.25
2013/04/16;6.45;6.56;6.45;6.56;75048;1536307.50
2013/04/17;6.58;6.62;6.47;6.55;149499;3050722.75
2013/04/18;6.53;6.66;6.38;6.65;668954;13615711.00
2013/04/19;6.63;6.75;6.56;6.74;683254;14249130.00
2013/04/22;6.65;6.65;6.56;6.64;480490;9948573.00
2013/04/23;6.60;6.68;6.45;6.64;344175;7077781.50
2013/04/24;6.64;6.64;6.48;6.60;440398;9014851.00
2013/04/25;6.52;6.57;6.36;6.38;1077977;21679698.00
2013/04/26;6.37;6.41;5.91;6.20;912490;17510000.00
2013/05/02;6.08;6.08;5.92;6.02;579784;10920936.00
2013/05/03;6.04;6.37;5.95;6.14;1059474;20434464.00
2013/05/06;6.06;6.15;5.98;6.08;1025682;19448014.00
2013/05/07;6.08;6.17;6.06;6.11;970650;18592742.00
2013/05/08;6.14;6.14;6.03;6.11;645891;12345543.00
2013/05/09;6.13;6.13;6.02;6.08;780264;14849522.00
2013/05/10;6.08;6.09;5.98;6.06;401950;7633975.00
2013/05/13;6.07;6.23;6.06;6.21;937161;18097574.00
2013/05/14;6.21;6.21;6.09;6.11;462598;8909310.00
2013/05/15;6.12;6.29;6.11;6.27;809221;15785636.00
2013/05/16;6.22;6.37;6.22;6.33;931513;18462726.00
2013/05/17;6.34;6.65;6.29;6.57;1296437;26382848.00
2013/05/20;6.60;6.70;6.48;6.63;966628;19959714.00
2013/05/21;6.64;6.69;6.55;6.65;771654;15982239.00
2013/05/22;6.65;6.98;6.64;6.65;974746;20608970.00
2013/05/23;6.65;6.71;6.48;6.54;640700;13228854.00
2013/05/24;6.50;6.77;6.50;6.68;583534;12157738.00
2013/05/27;6.68;6.77;6.64;6.75;614124;12946997.00
2013/05/28;6.78;6.97;6.67;6.71;727897;15420056.00
2013/05/29;6.68;6.94;6.68;6.80;747659;15909420.00
2013/05/30;6.80;6.82;6.72;6.74;425569;8985183.00
2013/05/31;6.72;6.91;6.70;6.76;633863;13445735.00
2013/06/03;6.77;6.82;6.70;6.71;328944;6952116.50
2013/06/04;6.67;6.68;6.51;6.53;624078;12787008.00
2013/06/05;6.61;6.62;6.52;6.57;225343;4568492.00
2013/06/06;6.56;6.56;6.48;6.51;244298;4925910.50
2013/06/07;6.51;6.53;6.32;6.36;312201;6183230.00
2013/06/13;6.41;6.41;6.13;6.19;199636;3833088.50
2013/06/14;6.16;6.31;6.16;6.29;220937;4274712.00
2013/06/17;6.30;6.55;6.21;6.52;586951;11735451.00
2013/06/18;6.46;6.58;6.38;6.51;414035;8287851.50
2013/06/19;6.51;6.56;6.40;6.53;398003;8023676.00
2013/06/20;6.56;6.56;6.32;6.34;282098;5627481.00
2013/06/21;6.30;6.56;5.69;6.34;318339;6076017.50
2013/06/24;6.32;6.32;5.93;6.13;276582;5241221.00
2013/06/25;6.13;6.16;5.68;5.97;301130;5531380.50
2013/06/26;5.97;6.58;5.81;6.55;341586;6439220.50
2013/06/27;6.40;6.40;6.23;6.26;535477;10497182.00
2013/06/28;6.26;6.28;6.13;6.15;188498;3618464.50
2013/07/01;6.13;6.21;5.80;6.17;183398;3462113.25
2013/07/02;6.16;6.31;5.90;6.07;249735;4756988.00
2013/07/03;6.08;6.28;6.01;6.20;378068;7208613.50
2013/07/04;6.13;6.24;6.00;6.19;288428;5499430.00
2013/07/05;6.10;6.20;6.06;6.13;276501;5235450.00
2013/07/08;6.01;6.11;5.90;5.98;258217;4791291.50
2013/07/09;6.00;6.04;5.91;5.98;157300;2902414.25
2013/07/10;5.98;6.09;5.91;6.06;248557;4640395.00
2013/07/11;6.09;6.46;6.00;6.42;818921;15912263.00
2013/07/12;6.39;6.46;6.28;6.44;758676;14938536.00
2013/07/15;6.36;6.52;6.36;6.51;707148;14067635.00
2013/07/16;6.49;6.68;6.45;6.61;811219;16411685.00
2013/07/17;6.60;6.60;6.41;6.41;571285;11432597.00
2013/07/18;6.37;6.52;6.33;6.50;396405;7914961.50
2013/07/19;6.56;6.62;6.38;6.38;819601;16529673.00
2013/07/22;6.33;6.42;6.32;6.40;277734;5485942.00
2013/07/23;6.36;6.49;6.34;6.47;594353;11801822.00
2013/07/24;6.46;6.50;6.37;6.48;399172;7952141.00
2013/07/25;6.49;6.50;6.33;6.41;293426;5819687.50
2013/07/26;6.36;6.45;6.24;6.41;356446;6989570.00
2013/07/29;6.33;6.44;6.30;6.35;230722;4554640.00
2013/07/30;6.36;6.51;6.30;6.48;366565;7290019.00
2013/07/31;6.50;6.53;6.43;6.47;362964;7274633.50
2013/08/01;6.46;6.67;6.34;6.63;856404;17324130.00
2013/08/02;6.64;6.68;6.53;6.57;483202;9856381.00
2013/08/05;6.54;6.75;6.54;6.75;920554;19073566.00
2013/08/06;6.79;6.79;6.65;6.74;581218;12051046.00
2013/08/07;6.74;6.78;6.49;6.50;813727;16581194.00
2013/08/08;6.46;6.72;6.41;6.55;443798;9057202.00
2013/08/09;6.56;6.65;6.52;6.62;315750;6435553.00
2013/08/12;6.62;6.70;6.58;6.67;579369;11906563.00
2013/08/13;6.68;6.73;6.63;6.68;395554;8147225.00
2013/08/14;6.68;6.95;6.66;6.71;1282073;26853058.00
2013/08/15;6.67;7.26;6.66;7.02;1148297;24536676.00
2013/08/16;6.96;7.08;6.79;6.80;1305431;27840368.00
2013/08/19;6.76;7.12;6.76;7.00;1055391;22693916.00
2013/08/20;7.00;7.72;7.00;7.68;3017027;68874400.00
2013/08/21;7.59;7.59;7.40;7.54;1812068;41783328.00
2013/08/22;7.42;7.57;7.34;7.42;1032297;23636744.00
2013/08/23;7.41;7.49;7.20;7.29;813320;18346498.00
2013/08/26;7.26;7.39;7.26;7.38;390666;8835802.00
2013/08/27;7.38;7.39;7.26;7.35;391600;8817935.00
2013/08/28;7.33;7.35;7.20;7.23;555598;12438097.00
2013/08/29;7.23;7.30;7.15;7.15;410811;9184492.00
2013/08/30;7.18;7.20;6.87;6.90;732702;15842934.00
2013/09/02;6.87;7.04;6.87;7.01;220988;4771152.00
2013/09/03;6.98;7.06;6.91;7.03;189294;4089306.00
2013/09/04;7.16;7.16;6.98;7.09;318218;6973671.50
2013/09/05;7.04;7.04;6.93;7.03;263248;5676902.00
2013/09/06;7.03;7.06;6.91;7.03;451838;9717832.00
2013/09/09;7.03;7.27;6.97;7.25;789357;17458830.00
2013/09/10;7.33;7.57;7.18;7.23;1100505;25092830.00
2013/09/11;7.18;7.32;7.18;7.23;426285;9518053.00
2013/09/12;7.13;7.26;7.03;7.04;304305;6703385.50
2013/09/13;7.06;7.12;6.91;7.02;365043;7867076.00
2013/09/16;6.94;7.07;6.93;7.03;189451;4089068.25
2013/09/17;7.05;7.05;6.92;6.93;193350;4165025.00
2013/09/18;6.93;7.00;6.91;6.94;105208;2257598.50
2013/09/23;6.94;7.03;6.94;7.01;229278;4945147.00
2013/09/24;7.02;7.24;6.93;7.20;481803;10602225.00
2013/09/25;7.19;7.19;7.06;7.10;284452;6250525.50
2013/09/26;7.12;7.12;6.94;6.95;188869;4086018.75
2013/09/27;6.94;7.06;6.94;7.02;118080;2547616.50
2013/09/30;7.00;7.10;6.99;7.07;106557;2319008.50
2014/01/13;7.80;7.80;7.80;7.80;86242;2070670.38
2014/01/14;8.60;8.60;8.57;8.60;2609852;68925376.00
2014/01/15;8.85;9.05;8.40;8.71;5232474;139717776.00
2014/01/16;8.63;8.68;8.30;8.45;2892144;75233280.00
2014/01/17;8.46;8.58;8.20;8.50;2342100;60269764.00
2014/01/20;8.34;8.52;7.96;8.08;1440331;36711396.00
2014/01/21;8.00;8.33;7.93;8.26;1512717;37713716.00
2014/01/22;8.19;8.46;8.06;8.19;1817398;46086956.00
2014/01/23;8.20;8.49;8.14;8.38;1657689;42418516.00
2014/01/24;8.26;8.48;8.26;8.31;1424886;36534032.00
2014/01/27;8.26;8.59;8.00;8.58;1807087;46198176.00
2014/01/28;8.47;8.55;8.29;8.31;828555;21334200.00
2014/01/29;8.20;8.42;8.18;8.32;478831;12224521.00
2014/01/30;8.39;8.52;8.30;8.48;829148;21470064.00
2014/02/07;8.68;9.35;8.68;9.35;1410449;39927888.00
2014/02/10;10.30;10.30;9.71;10.11;4010988;122626272.00
2014/02/11;9.95;11.05;9.93;10.80;3034108;98662984.00
2014/02/12;10.66;11.15;10.36;10.58;2110709;69322976.00
2014/02/13;10.43;11.07;10.31;10.73;1654621;54430100.00
2014/02/14;10.73;11.00;10.33;10.73;1154773;37671996.00
2014/02/17;10.76;11.12;10.53;10.95;1050661;34949456.00
2014/02/18;10.82;10.97;10.58;10.68;922521;30334080.00
2014/02/19;10.68;10.68;10.36;10.51;995941;31887604.00
2014/02/20;10.55;10.58;9.88;9.90;1006558;31147302.00
2014/02/21;9.83;10.33;9.68;10.30;692830;21156344.00
2014/02/24;10.44;10.61;10.07;10.52;862162;27265908.00
2014/02/25;10.47;10.62;9.83;9.91;653728;20581230.00
2014/02/26;9.82;9.99;9.37;9.84;439199;13039609.00
2014/02/27;9.86;10.13;9.57;9.57;556628;16718543.00
2014/02/28;9.54;9.90;9.37;9.90;511051;15078141.00
2014/03/03;9.80;10.33;9.75;10.31;595977;18291920.00
2014/03/04;10.21;10.46;10.17;10.35;498017;15704099.00
2014/03/05;10.35;10.56;10.19;10.23;240458;7583240.50
2014/03/06;10.36;10.75;10.33;10.43;579448;18719128.00
2014/03/07;10.36;10.36;9.86;9.91;605142;18494246.00
2014/03/10;9.76;9.86;9.50;9.73;331011;9828078.00
2014/03/11;9.86;9.91;9.63;9.76;232556;6995670.50
2014/03/12;9.76;9.94;9.53;9.76;245478;7303954.50
2014/03/13;9.63;9.79;9.56;9.70;289664;8584586.00
2014/03/14;9.69;9.79;9.65;9.68;176013;5234982.50
2014/03/17;9.79;9.89;9.65;9.84;270729;8118206.00
2014/03/18;9.86;10.12;9.84;9.92;356978;10913819.00
2014/03/19;9.96;9.96;9.66;9.71;319250;9506403.00
2014/03/20;9.66;9.76;9.20;9.33;304865;8934629.00
2014/03/21;9.23;9.41;8.56;9.03;721863;19800658.00
2014/03/24;9.03;9.26;8.96;9.26;329124;9273419.00
2014/03/25;9.19;9.56;9.19;9.46;244898;7065116.50
2014/03/26;9.50;9.61;9.32;9.45;246967;7137625.00
2014/03/27;9.45;9.65;9.37;9.37;343056;10011138.00
2014/03/28;9.37;9.49;9.00;9.47;415769;11807579.00
2014/03/31;9.43;9.66;9.13;9.26;244915;7008613.50
2014/04/01;9.34;9.38;9.18;9.35;79845;2273642.75
2014/04/02;9.39;9.61;9.37;9.38;204149;5939004.00
2014/04/03;9.38;9.57;9.27;9.56;245219;7096246.00
2014/04/04;9.56;9.69;9.39;9.46;477490;14001068.00
2014/04/08;9.46;9.52;9.37;9.43;194605;5632521.50
2014/04/09;9.40;9.51;9.15;9.36;342305;9834351.00
2014/04/10;9.38;9.99;9.31;9.98;944566;28383150.00
2014/04/11;9.97;9.97;9.73;9.75;322284;9646951.00
2014/04/14;9.85;9.96;9.76;9.86;596282;17969540.00
2014/04/15;9.75;9.83;9.66;9.67;327926;9776392.00
2014/04/16;9.66;9.75;9.62;9.69;226827;6719842.00
2014/04/17;9.63;9.82;9.52;9.78;400238;11837342.00
2014/04/18;9.73;9.96;9.55;9.89;376122;11342116.00
2014/04/21;9.80;9.90;9.71;9.82;262848;7918930.50
2014/04/22;9.74;9.91;9.47;9.67;248003;7355024.50
2014/04/23;9.57;9.74;9.47;9.70;200829;5922749.00
2014/04/24;9.70;9.86;9.56;9.72;155724;4629940.50
2014/04/25;9.72;9.80;9.60;9.73;231401;6892692.50
2014/04/28;9.80;9.80;9.48;9.71;268018;7851522.50
2014/04/29;9.62;9.75;9.58;9.74;138256;4105519.00
2014/04/30;9.66;10.13;9.66;9.98;765736;23388744.00
2014/05/05;9.91;10.29;9.80;9.95;652105;19983080.00
2014/05/06;9.94;10.12;9.69;10.11;509287;15323444.00
2014/05/07;10.07;10.09;9.82;9.92;263600;8028559.50
2014/05/08;9.89;10.06;9.76;9.82;307369;9308040.00
2014/05/09;9.87;9.98;9.73;9.92;180403;5441672.50
2014/05/12;10.01;10.11;9.87;10.10;385816;11809328.00
2014/05/13;10.10;10.10;9.93;9.95;344180;10527267.00
2014/05/14;9.84;9.98;9.84;9.91;170895;5168904.50
2014/05/15;9.89;10.02;9.86;9.86;167120;5074218.00
2014/05/16;9.82;9.90;9.26;9.59;687391;19879588.00
2014/05/19;9.44;9.61;9.10;9.13;442100;12565391.00
2014/05/20;9.17;9.25;9.10;9.25;245305;6894174.50
2014/05/21;9.16;9.51;9.13;9.51;313780;8954489.00
2014/05/22;9.52;9.59;9.41;9.58;137524;4003543.50
2014/05/23;9.50;9.63;9.47;9.63;85769;2513547.25
2014/05/26;9.67;9.73;9.56;9.66;83354;2460057.50
2014/05/27;9.57;9.66;9.45;9.47;109868;3212647.00
2014/05/28;9.43;9.56;9.43;9.53;88098;2560807.50
2014/05/29;9.55;9.64;9.47;9.54;118750;3433768.50
2014/05/30;9.48;9.56;9.48;9.56;172842;4995689.50
2014/06/03;9.46;9.66;9.46;9.57;149884;4369545.50
2014/06/04;9.55;9.57;9.45;9.50;109254;3157001.25
2014/06/16;10.01;10.28;9.81;10.02;461126;14032823.00
2014/06/17;9.95;10.20;9.92;9.95;341650;10401479.00
2014/06/18;9.93;9.99;9.82;9.89;667846;20108792.00
2014/06/19;9.94;9.96;9.28;9.48;451036;13338120.00
2014/06/20;9.40;9.70;9.38;9.69;253956;7314745.50
2014/06/23;9.75;9.94;9.75;9.88;281189;8444966.00
2014/06/24;10.02;10.02;9.82;9.92;132704;3987638.00
2014/06/25;9.88;10.00;9.88;9.96;180484;5442718.50
2014/06/26;9.95;10.10;9.89;10.10;378541;11535568.00
2014/06/27;10.10;10.15;9.90;10.00;259599;7884749.00
2014/06/30;10.00;10.10;9.95;10.02;227242;6929025.50
2014/07/01;10.02;10.15;10.00;10.08;350681;10699753.00
2014/07/02;10.13;10.13;9.95;10.09;173182;5284447.00
2014/07/03;10.00;10.16;10.00;10.14;406842;12474510.00
2014/07/04;10.18;10.18;10.08;10.14;107113;3293137.50
2014/07/07;10.19;10.45;10.05;10.38;449438;14111010.00
2014/07/08;10.38;10.54;10.29;10.32;224800;7081777.00
2014/07/09;10.25;10.28;9.90;10.01;243641;7470908.50
2014/07/10;10.11;10.21;9.95;10.03;136116;4160676.00
2014/07/11;10.11;10.14;10.03;10.11;96951;2966830.50
2014/07/14;10.00;10.13;10.00;10.12;117045;3580982.75
2014/07/15;10.06;10.21;9.99;10.08;162291;4984949.00
2014/07/16;10.08;10.16;9.99;10.10;147859;4518419.50
2014/07/17;10.08;10.17;10.08;10.14;168884;5190492.50
2014/07/18;10.14;10.32;10.14;10.27;258823;8042405.00
2014/07/21;10.21;10.41;10.15;10.29;165619;5156882.50
2014/07/22;10.29;10.37;10.18;10.36;162703;5101987.00
2014/07/23;10.27;10.33;10.05;10.23;161159;5004986.50
2014/07/24;10.23;10.34;10.05;10.13;169372;5234997.50
2014/07/25;10.05;10.21;9.92;10.11;156699;4784416.00
2014/07/28;10.11;10.22;10.05;10.16;224827;6923850.50
2014/07/29;10.17;10.19;10.08;10.19;202429;6226447.50
2014/07/30;10.19;10.34;10.12;10.22;155857;4834309.50
2014/07/31;10.26;10.37;10.24;10.33;263710;8252398.50
2014/08/01;10.38;11.21;10.38;11.07;1145069;38422744.00
2014/08/04;11.07;11.21;10.55;11.07;653215;21735756.00
2014/08/05;11.06;11.21;10.91;10.95;304237;10136880.00
2014/08/06;11.08;11.14;10.67;10.83;330802;10888070.00
2014/08/07;10.82;10.86;10.67;10.79;554088;18085112.00
2014/08/08;10.81;10.81;10.42;10.63;595487;19217216.00
2014/08/11;10.56;10.76;10.48;10.70;321596;10398402.00
2014/08/12;10.71;10.80;10.45;10.70;218501;7075593.50
2014/08/13;10.58;10.68;10.42;10.60;266334;8536790.00
2014/08/14;10.64;10.76;10.51;10.75;275986;8882000.00
2014/08/15;10.78;11.05;10.55;10.92;515727;17031228.00
2014/08/18;10.98;11.21;10.90;11.11;475669;15965691.00
2014/08/19;11.10;11.14;10.95;11.01;275448;9213402.00
2014/08/20;11.01;11.04;10.84;10.89;311332;10302028.00
2014/08/21;10.82;10.99;10.79;10.99;171171;5660165.00
2014/08/22;10.95;11.05;10.82;11.03;228390;7582202.50
2014/08/25;11.03;11.83;10.95;11.48;650662;22698004.00
2014/08/26;11.40;11.88;10.88;11.81;1113728;38866976.00
2014/08/27;11.71;11.94;11.55;11.93;916070;32813326.00
2014/08/28;11.92;11.98;11.75;11.79;444065;15908792.00
2014/08/29;11.84;12.41;11.48;12.36;1271541;46647136.00
2014/09/01;12.27;12.60;11.75;12.60;1038200;38665212.00
2014/09/02;12.51;13.25;12.51;13.16;1184435;46887884.00
2014/09/03;13.16;14.49;13.01;14.49;1376587;58907692.00
2014/09/04;14.88;15.62;14.12;14.34;2114540;93478856.00
2014/09/05;14.45;14.45;13.84;14.05;1285367;54672756.00
2014/09/09;14.01;14.21;13.63;13.98;1047044;44210448.00
2014/09/10;13.94;14.41;13.66;13.97;893197;37951844.00
2014/09/11;13.97;14.05;13.78;13.98;472822;19926020.00
2014/09/12;14.00;14.31;13.90;14.11;601431;25790228.00
2014/09/15;14.11;14.11;13.88;14.00;468825;19793500.00
2014/09/16;14.01;14.12;13.45;13.45;560942;23261086.00
2014/09/17;13.41;14.11;13.41;14.02;573037;24001006.00
2014/12/22;15.43;15.43;12.61;14.14;1799417;74534328.00
2014/12/23;12.72;14.15;12.71;13.84;1237828;49692380.00
2014/12/24;13.81;13.81;12.99;13.33;438467;17581700.00
2014/12/25;13.33;13.33;12.63;12.93;480377;18711600.00
2014/12/26;12.69;13.04;12.34;13.04;721505;27541736.00
2014/12/29;12.88;12.88;12.22;12.66;563040;21217568.00
2014/12/30;12.51;12.52;12.15;12.28;247310;9184187.00
2014/12/31;12.28;12.67;12.08;12.61;351043;13293422.00
2015/01/05;12.71;12.71;12.36;12.50;132256;5006966.00
2015/01/06;12.49;12.57;12.15;12.51;288875;10891431.00
2015/01/07;12.52;12.91;12.52;12.58;198711;7615276.00
2015/01/08;12.79;12.81;12.39;12.61;239979;9157020.00
2015/01/09;12.67;12.80;12.49;12.56;223100;8574306.00
2015/01/12;12.57;12.57;12.21;12.45;248044;9317974.00
2015/01/13;12.45;12.51;12.22;12.50;193882;7267806.50
2015/01/14;12.44;12.61;12.37;12.55;132300;4988793.50
2015/01/15;12.53;13.09;12.39;12.63;807295;31135936.00
2015/01/16;12.55;13.41;12.55;13.39;642637;25416216.00
2015/01/19;13.31;14.27;13.31;14.07;935867;39296084.00
2015/01/20;14.06;14.60;14.06;14.53;650151;28301196.00
2015/01/21;14.54;14.87;14.18;14.84;704953;31061022.00
2015/01/22;14.70;15.17;14.38;14.91;452450;20405310.00
2015/01/23;14.66;15.04;14.22;14.43;659511;29226524.00
2015/01/26;14.43;14.54;13.86;14.27;720059;30858292.00
2015/01/27;14.21;14.40;14.01;14.29;230477;9904307.00
2015/01/28;14.26;15.03;14.15;14.42;447165;19631644.00
2015/01/29;14.05;14.55;14.03;14.29;134414;5827790.50
2015/01/30;14.29;14.37;13.88;14.01;201523;8604074.00
2015/02/04;14.02;14.02;13.60;13.74;285432;11972039.00
2015/02/05;13.73;13.74;13.11;13.15;225601;9127043.00
2015/02/06;13.21;13.50;12.82;12.85;201166;7971266.50
2015/02/09;12.88;13.10;12.55;12.70;162316;6257766.00
2015/02/10;12.74;12.74;12.47;12.61;205180;7811008.00
2015/02/11;12.65;13.21;12.57;13.21;343306;13482335.00
2015/02/12;13.21;14.51;12.88;13.88;2973454;120471248.00
2015/02/13;13.85;13.95;13.57;13.85;786668;32650036.00
2015/02/16;13.79;13.79;13.38;13.50;2237145;91340784.00
2015/02/17;13.63;13.70;13.43;13.48;299694;12292710.00
2015/02/25;13.53;13.61;13.26;13.58;243873;9914364.00
2015/02/26;13.55;13.61;13.21;13.52;275003;11150961.00
2015/02/27;13.55;13.55;13.23;13.39;244249;9881366.00
2015/03/02;13.40;14.73;13.40;14.73;1016602;43800540.00
2015/03/03;14.71;14.73;14.23;14.39;436250;19009938.00
2015/03/04;14.21;14.44;14.14;14.40;388739;16812710.00
2015/03/05;14.41;14.41;14.21;14.37;237542;10283317.00
2015/03/06;14.50;14.51;14.18;14.23;233956;10099930.00
2015/03/09;14.10;14.38;13.91;14.35;266918;11442541.00
2015/03/10;14.23;15.05;14.23;14.84;541169;24126438.00
2015/03/11;14.78;15.05;14.71;14.92;316256;14207796.00
2015/03/12;14.98;15.62;14.78;14.99;450545;20792246.00
2015/03/24;14.85;16.50;14.22;16.50;2063368;94925592.00
2015/03/25;16.50;18.15;16.15;17.55;1785871;92893840.00
2015/03/26;17.34;18.21;16.58;17.60;1139345;59544136.00
2015/03/27;17.41;17.71;16.88;17.38;576556;30151144.00
2015/03/30;19.13;19.13;19.13;19.13;892505;51542164.00
2015/03/31;19.88;21.06;19.55;21.06;11220729;700866560.00
2015/04/01;21.51;23.17;21.30;23.17;3867932;262947584.00
2015/04/02;25.50;25.50;25.48;25.50;2450130;188341376.00
2015/04/03;27.88;28.07;26.55;28.07;6072894;508057824.00
2015/04/07;29.34;30.89;26.54;30.14;9805463;832643520.00
2015/04/08;28.85;32.86;28.85;31.85;7308502;670577728.00
2015/04/09;31.05;31.71;28.65;30.06;5641392;514903424.00
2015/04/10;29.21;33.08;29.18;33.08;5295503;513587424.00
2015/04/13;33.20;36.40;33.08;36.40;3689426;391995104.00
2015/04/14;37.88;40.06;35.54;36.31;5757813;671146432.00
2015/04/15;34.88;35.88;32.67;32.67;3935403;396027328.00
2015/04/16;29.61;33.88;29.39;30.35;4855652;455088480.00
2015/04/17;30.50;32.71;29.88;30.58;3491491;326275584.00
2015/04/20;29.55;30.66;27.51;27.51;3966183;342184864.00
2015/04/21;26.61;30.27;26.55;30.27;4680826;412571552.00
2015/04/22;30.28;33.31;30.28;33.01;4493408;432298400.00
2015/04/23;31.71;32.71;30.48;31.20;4605248;432266944.00
2015/04/24;30.55;32.45;29.10;31.48;4058417;374488096.00
2015/04/27;31.21;31.38;29.25;29.52;3874476;352005568.00
2015/04/28;29.88;29.88;26.87;27.42;3450466;289465568.00
2015/04/29;27.88;30.05;27.60;29.68;3714588;325083200.00
2015/04/30;30.55;31.41;29.71;29.84;3855817;353582208.00
2015/05/04;29.24;29.32;27.55;28.39;1957800;167717296.00
2015/05/05;28.88;29.88;28.30;29.05;2300723;201889392.00
2015/05/06;29.26;30.09;28.04;28.85;2942983;259694800.00
2015/05/07;27.93;29.53;25.96;25.96;7470191;203327712.00
2015/05/08;26.03;28.56;25.26;28.56;11376191;309932192.00
2015/05/11;29.94;30.43;28.83;29.63;12845281;382690752.00
2015/05/12;29.38;32.60;28.36;32.60;13502953;413166016.00
2015/05/13;33.03;35.53;31.59;33.50;18771000;639423360.00
2015/05/14;32.93;35.43;32.23;33.64;11045452;378492864.00
2015/05/15;33.70;34.23;30.27;31.82;12395307;395695072.00
2015/05/18;31.67;35.01;31.03;35.01;11292803;388527904.00
2015/06/08;38.52;38.52;38.52;38.52;147972;5710239.50
2015/06/09;41.93;42.38;39.73;42.38;8632592;361502080.00
2015/06/10;41.93;45.93;40.08;43.75;19457030;862609728.00
2015/06/11;42.08;44.60;41.12;43.24;13734837;584125120.00
2015/06/12;43.43;46.93;43.43;45.63;13391086;611797120.00
2015/06/15;43.94;45.04;41.33;41.76;10903746;469174656.00
2015/06/16;40.93;40.93;37.58;37.58;8017859;308467296.00
2015/06/17;37.24;39.43;35.05;39.38;7926276;296351392.00
2015/06/18;38.84;38.92;35.48;35.64;5284645;198367504.00
2015/06/19;34.63;35.23;32.07;32.07;4692942;156655664.00
2015/06/23;31.83;32.82;28.86;32.13;5953769;182321952.00
2015/06/24;30.93;33.35;30.49;32.22;6615448;212897040.00
2015/06/25;31.93;31.93;28.99;28.99;7627783;229102064.00
2015/06/26;27.08;27.09;26.08;26.08;3938150;103775136.00
2015/06/29;26.23;26.48;23.47;23.47;5937212;142932560.00
2015/06/30;22.13;24.62;21.12;24.36;7735667;176588384.00
2015/07/01;23.84;24.61;21.92;21.92;6942012;163180448.00
2015/07/02;20.92;21.23;19.72;19.72;5136747;103351056.00
2015/07/03;20.34;21.70;20.28;21.70;12789450;271917216.00
2015/07/06;23.88;23.88;22.83;23.88;14604760;349289504.00
2015/07/14;26.28;26.28;26.28;26.28;146718;3866019.25
2015/07/15;27.93;27.93;23.65;23.65;12440111;316141408.00
2015/07/16;21.71;24.92;21.28;23.03;11516657;264638672.00
2015/07/17;23.23;24.90;22.73;24.51;9647699;232527072.00
2015/07/20;24.83;26.69;24.43;26.18;10421079;268503776.00
2015/07/21;25.68;26.93;24.69;26.07;9108913;239626608.00
2015/07/22;26.03;26.50;25.11;25.91;7333873;189893824.00
2015/07/23;25.91;26.89;24.97;26.69;9199409;242565632.00
2015/07/24;27.15;28.28;25.82;26.38;10014295;274361280.00
2015/07/27;25.43;26.31;23.74;23.74;6106498;153798736.00
2015/07/28;21.63;23.72;21.36;21.60;5926111;130179480.00
2015/07/29;22.15;22.84;20.73;22.84;4397283;96576144.00
2015/07/30;22.93;23.32;20.93;21.18;4970846;113505992.00
2015/07/31;20.95;21.23;19.84;20.23;3880424;80361616.00
2015/08/03;20.53;20.56;18.20;18.21;3571871;69130704.00
2015/08/04;18.21;20.04;18.21;20.04;4682192;91301408.00
2015/08/05;20.10;21.32;20.10;20.44;6204415;129276736.00
2015/08/06;20.13;20.78;19.63;20.67;3545376;72462304.00
2015/08/07;20.69;22.73;20.69;22.09;6018987;131969456.00
2015/08/10;22.13;24.13;22.13;23.86;6640100;154252176.00
2015/08/11;23.53;24.74;22.95;24.08;8874252;210747920.00
2015/08/12;23.43;24.36;22.99;23.00;4548723;107561344.00
2015/08/13;22.93;23.42;22.43;23.37;3851782;88929904.00
2015/08/14;23.60;25.66;23.08;25.06;7199207;173925136.00
2015/08/17;25.52;25.52;24.09;24.73;7014188;174040096.00
2015/08/18;24.75;24.76;22.25;22.25;5019601;118797048.00
2015/08/19;21.63;23.16;20.15;22.85;4353590;93806720.00
2015/08/20;22.46;22.73;21.32;21.48;2538049;56246384.00
2015/08/21;20.93;21.46;19.92;20.06;2727236;56513296.00
2015/08/24;19.33;19.33;18.05;18.05;2787516;51137312.00
2015/08/25;16.29;17.38;16.24;16.24;2115460;34919428.00
2015/08/26;16.37;16.73;14.63;15.60;4212005;66405396.00
2015/08/27;15.92;17.17;15.39;17.17;4077516;66524300.00
2015/08/28;17.70;18.68;17.43;18.62;4721109;86022488.00
2015/08/31;18.63;18.63;17.34;17.38;3440898;61431440.00
2015/09/01;17.03;17.13;15.64;15.79;3038751;49065788.00
2015/09/02;15.79;16.73;14.69;15.92;3453536;54324896.00
2015/09/07;15.93;17.13;15.93;16.49;2910934;48409408.00
2015/09/08;16.43;17.92;15.94;17.88;2801788;47679044.00
2015/09/09;17.95;18.70;17.53;18.37;4652157;85257296.00
2015/09/10;17.93;18.24;17.47;17.62;3130925;56425020.00
2015/09/11;17.54;18.18;17.24;17.67;2290444;40645568.00
2015/09/14;17.93;18.05;15.90;15.91;4719135;77903928.00
2015/09/15;15.33;16.03;14.46;15.90;2952200;44766148.00
2015/09/16;15.43;17.50;15.43;17.50;4211936;70076904.00
2015/09/17;17.63;17.82;16.53;16.93;5253813;91266216.00
2015/09/18;17.12;17.41;16.23;16.99;3329973;55871688.00
2015/09/21;16.78;17.58;16.44;17.53;3740271;64563928.00
2015/09/22;17.41;17.73;17.11;17.33;3393270;59435664.00
2015/09/23;16.94;17.52;16.59;17.32;3181166;54336444.00
2015/09/24;17.37;17.73;16.95;17.52;4865188;85394832.00
2015/09/25;17.53;17.67;16.53;16.66;3409368;58535940.00
2015/09/28;16.83;17.10;16.43;17.05;2499130;42179632.00
2015/09/29;17.03;18.76;17.03;18.76;4366854;80836640.00
2015/09/30;19.93;20.64;19.70;20.64;14408076;296071328.00
2015/10/08;21.23;22.71;20.43;22.71;13243616;284317952.00
2015/10/09;22.95;24.73;22.13;23.43;14618131;340242048.00
2015/10/12;23.03;24.81;22.94;23.85;14659071;348659232.00
2015/10/13;23.50;24.68;23.25;24.08;12211309;295259264.00
2015/10/14;24.07;26.50;23.46;26.50;19564632;496145120.00
2015/10/15;25.93;27.47;25.03;26.83;16440613;435536640.00
2015/10/16;26.83;27.03;25.93;26.66;12204532;324125472.00
2015/10/19;26.08;26.51;25.53;25.80;9743376;253559264.00
2015/10/20;26.21;27.92;26.16;27.17;13980688;381694112.00
2015/10/21;26.91;26.93;24.45;24.45;11416335;294844992.00
2015/10/22;23.93;25.73;23.53;25.38;8779429;216680752.00
2015/10/23;25.23;26.63;24.48;26.37;10387248;268195200.00
2015/10/26;26.51;26.58;25.43;26.01;7422278;193675040.00
2015/10/27;25.94;25.94;24.08;25.64;6203744;157126960.00
2015/10/28;25.92;27.18;24.95;25.35;8434246;222426640.00
2015/10/29;25.52;25.77;24.43;25.30;5384230;135152944.00
2015/10/30;25.30;27.13;24.43;25.85;8683922;227137088.00
2015/11/02;24.95;27.13;24.43;25.52;8505983;220938576.00
2015/11/03;26.87;28.08;25.93;28.08;17441468;487217920.00
2015/11/04;28.91;30.08;28.23;29.62;21521702;629291264.00
2015/11/05;29.01;31.23;28.86;29.02;15348360;455156000.00
2015/11/06;28.62;29.81;28.59;29.26;9521055;278904128.00
2015/11/09;28.93;30.92;28.00;30.42;12887991;385944128.00
2015/11/10;30.43;32.42;29.96;30.74;10453051;326917216.00
2015/11/11;30.08;30.93;29.93;30.45;7752827;235215472.00
2015/11/12;30.61;31.04;29.23;29.86;7567061;226862640.00
2015/11/13;29.24;32.82;29.04;31.33;12929067;401882592.00
2015/11/16;30.52;33.81;30.13;33.36;10861292;352506240.00
2015/11/17;33.36;34.93;31.57;31.82;12402630;409176128.00
2015/11/18;31.63;32.18;29.93;30.07;6540531;205241296.00
2015/11/19;30.03;31.43;29.93;31.07;5263337;160773904.00
2015/11/20;31.23;31.56;30.33;30.99;6087714;188800992.00
2015/11/23;32.81;32.81;30.93;31.40;7165287;227716880.00
2015/11/24;31.15;31.78;30.53;31.73;6040912;188775248.00
2015/11/25;32.14;32.58;31.03;31.48;7116828;225795568.00
2015/11/26;31.23;31.83;30.15;30.43;8586458;263933312.00
2015/11/27;29.94;30.73;27.38;27.42;6355618;186010272.00
2015/11/30;26.94;27.88;24.93;27.18;6796608;179930784.00
2015/12/01;26.92;27.23;25.63;26.12;4481619;119045616.00
2015/12/02;26.38;27.23;26.04;26.81;4378935;117301104.00
2015/12/03;26.80;27.30;26.63;27.18;3446064;93361448.00
2015/12/04;27.28;27.85;27.05;27.31;4089872;112694624.00
2015/12/07;27.11;27.60;26.78;27.12;3511521;95323696.00
2015/12/08;26.73;27.12;25.93;25.93;3390700;89559688.00
2015/12/09;25.73;26.20;25.51;25.70;2723260;70202176.00
2015/12/10;25.79;28.24;25.79;27.81;6365164;171607920.00
2015/12/11;28.73;29.51;26.86;26.91;7115688;202627296.00
2015/12/14;26.46;27.23;25.64;26.90;4173013;109699616.00
2015/12/15;26.89;27.64;26.83;27.23;3260554;89176936.00
2015/12/16;27.43;27.70;26.95;27.33;3526601;96400560.00
2015/12/17;27.63;29.00;27.31;28.57;6635407;187942208.00
2015/12/18;28.81;29.41;28.57;28.70;5974870;173317216.00
2015/12/21;28.71;29.18;28.23;28.61;3460903;99145896.00
2015/12/22;28.92;29.08;28.16;28.50;3634123;103956376.00
2015/12/23;28.73;28.73;27.88;27.94;3128713;88394256.00
2015/12/24;27.43;27.73;26.49;27.56;2964849;80895680.00
2015/12/25;27.56;27.88;27.34;27.47;1886989;52071188.00
2015/12/28;27.50;28.41;27.50;27.73;4022316;112909608.00
2015/12/29;27.73;29.12;26.94;29.10;4588828;128532416.00
2015/12/30;29.22;29.77;28.73;29.32;6101219;178775936.00
2015/12/31;29.39;29.39;27.93;27.94;4062532;116500272.00
2016/01/04;27.19;27.54;25.15;25.16;2997609;79273568.00
2016/01/05;23.53;25.73;22.93;25.43;4632598;112280584.00
2016/01/06;25.47;25.78;24.79;25.43;3551655;89567576.00
2016/01/07;24.93;24.93;22.88;22.89;995900;23664624.00
2016/01/08;23.48;24.46;21.14;24.08;4202791;98153816.00
2016/01/11;22.93;23.93;22.13;22.93;3405272;77998576.00
2016/01/12;23.13;23.43;22.43;23.04;2278579;52380260.00
2016/01/13;23.04;23.48;21.44;21.95;1900710;43495904.00
2016/01/14;21.31;22.71;20.94;22.43;3009356;65777740.00
2016/01/15;22.48;22.48;21.13;22.11;2515650;55197732.00
2016/01/18;20.84;22.33;20.84;22.00;2714399;59843168.00
2016/01/19;21.93;22.65;21.51;22.51;2811652;62688900.00
2016/01/20;22.33;22.72;21.94;22.29;2374429;53028176.00
2016/01/21;21.63;22.43;21.43;21.94;2395330;52581856.00
2016/01/22;22.03;22.15;21.33;22.13;2136817;46809160.00
2016/01/25;22.35;22.80;22.12;22.72;3041696;68788544.00
2016/01/26;22.27;22.62;20.48;21.93;3253905;70524840.00
2016/01/27;21.93;22.03;20.57;21.96;3034939;65127056.00
2016/03/03;24.16;24.16;23.43;24.16;4963633;119811536.00
2016/03/04;23.77;26.46;23.44;24.88;11267783;281805664.00
2016/03/07;24.91;24.93;23.51;24.23;4969241;120986264.00
2016/03/08;24.18;24.20;21.83;22.94;4449893;101210928.00
2016/03/09;21.94;22.50;21.80;22.22;2931889;64984356.00
2016/03/10;22.31;22.33;21.59;22.15;2217113;48805424.00
2016/03/11;21.79;22.00;21.44;21.94;1163713;25408732.00
2016/03/14;22.13;22.93;21.93;22.71;3748029;84517184.00
2016/03/15;22.36;22.36;21.78;21.97;2627986;58059884.00
2016/03/16;22.03;22.13;21.63;21.96;1876350;41160156.00
2016/03/17;21.95;22.57;21.83;22.38;3773673;84157952.00
2016/03/18;22.37;23.32;22.27;23.18;5209745;119649272.00
2016/03/21;23.59;23.71;22.98;23.53;5006313;117198080.00
2016/03/22;23.55;25.13;23.23;24.05;6041678;147029120.00
2016/03/23;23.43;24.41;23.43;24.40;4361956;105158056.00
2016/03/24;24.01;24.33;23.47;23.47;4010611;96056400.00
2016/03/25;23.27;23.72;23.26;23.44;2307999;54222872.00
2016/03/28;23.56;24.09;23.33;23.40;2448800;58345168.00
2016/03/29;23.44;23.61;22.81;22.91;1872394;43365020.00
2016/03/30;23.05;23.92;23.04;23.83;2752587;64989400.00
2016/03/31;23.84;24.41;23.84;23.99;3140333;76078880.00
2016/04/01;23.93;24.51;23.35;24.34;2970039;70728104.00
2016/04/05;24.38;25.55;24.38;25.31;5037721;126352200.00
2016/04/06;24.85;25.32;24.63;25.11;3521043;88138952.00
2016/04/07;25.13;25.32;24.02;24.09;2995611;73781728.00
2016/04/08;23.78;24.02;23.51;23.79;2264014;53895256.00
2016/04/11;23.93;24.73;23.93;24.27;2354815;57637824.00
2016/04/12;24.23;24.53;23.68;23.85;1935394;46375368.00
2016/04/13;23.93;26.24;23.92;26.24;8058854;202428144.00
2016/04/14;26.98;27.02;25.71;25.93;10601232;281246880.00
2016/04/15;26.19;26.19;25.43;26.11;4753050;122236176.00
2016/04/18;25.93;25.93;25.16;25.78;3218959;82297440.00
2016/04/19;25.53;26.39;25.53;26.24;5415973;142118320.00
2016/04/20;26.22;26.24;23.86;24.23;5887483;146646160.00
2016/04/21;24.13;25.09;23.83;23.89;3878518;94839624.00
2016/04/22;23.83;24.18;23.09;23.92;1890019;45073324.00
2016/04/25;23.91;23.92;23.13;23.28;1759557;41268704.00
2016/04/26;23.24;23.51;23.03;23.49;2142242;50038444.00
2016/04/27;23.73;24.03;23.35;23.67;2176375;51856732.00
2016/04/28;23.82;23.86;23.10;23.78;2439229;57553100.00
2016/04/29;23.76;23.87;23.19;23.25;2634771;61979676.00
2016/05/03;23.33;23.78;22.73;23.76;3263920;76940800.00
2016/05/04;23.76;25.58;23.76;24.84;6476064;161095520.00
2016/05/05;24.79;24.79;24.23;24.52;3225609;79190424.00
2016/05/06;24.73;25.02;24.15;24.28;5525525;136535424.00
2016/05/09;24.18;24.18;22.00;22.27;3955135;89889952.00
2016/05/10;21.95;22.33;21.93;22.03;1749005;38867560.00
2016/05/11;22.36;22.36;21.73;22.01;1646832;36340804.00
2016/05/12;21.73;23.08;21.09;23.07;2839253;62551108.00
2016/05/13;22.60;23.08;22.15;22.30;1925883;43860892.00
2016/05/16;22.23;22.75;21.93;22.66;1611425;36227816.00
2016/05/17;22.82;22.82;22.29;22.41;1304892;29453614.00
2016/05/18;22.10;22.21;21.49;22.07;2086669;45684836.00
2016/05/19;21.93;23.49;21.93;22.41;2654146;60051252.00
2016/05/20;22.27;22.33;21.78;22.33;1916727;42403624.00
2016/05/23;22.43;22.53;22.23;22.41;1555896;34957836.00
2016/05/24;22.70;23.42;22.51;22.51;2934828;67573008.00
2016/05/25;22.57;22.88;22.11;22.25;1790719;40367464.00
2016/05/26;22.25;22.32;21.63;22.18;1562292;34366368.00
2016/05/27;22.18;22.40;21.94;22.05;1148228;25496992.00
2016/05/30;22.03;22.23;21.83;21.98;902809;19931274.00
2016/05/31;22.00;22.78;21.98;22.71;2789912;62925996.00
2016/06/01;22.70;23.11;22.63;22.71;2312492;53002472.00
2016/06/02;22.56;23.34;22.49;23.34;3107037;71669752.00
2016/06/03;23.40;24.00;23.18;23.68;4238100;99983752.00
2016/06/06;23.80;24.15;23.41;23.82;3640878;86894848.00
2016/06/07;23.85;24.48;23.55;24.17;3313071;79450248.00
2016/06/08;24.07;24.79;23.85;24.48;3762084;91660680.00
2016/06/13;24.18;24.23;22.50;22.60;2906540;68821256.00
2016/06/14;22.60;23.35;22.00;22.94;2125590;48527484.00
2016/06/15;22.57;24.20;22.40;24.20;3608426;85526512.00
2016/06/16;24.25;24.50;23.88;24.11;3411410;82487128.00
2016/06/17;23.96;24.40;23.56;23.70;2571009;61650856.00
2016/06/20;23.46;24.20;23.18;23.76;3255341;77143176.00
2016/06/21;23.80;24.19;23.28;23.45;3675938;87392568.00
2016/06/22;23.21;23.76;23.20;23.71;1541813;36211192.00
2016/06/23;23.58;24.90;23.48;24.50;5442103;132846224.00
2016/06/24;24.03;24.39;23.22;23.93;4180616;100147984.00
2016/06/27;23.80;24.26;23.58;24.14;2564119;61724548.00
2016/06/28;24.11;24.58;23.74;24.39;3668749;89185232.00
2016/06/29;24.41;25.37;24.30;25.05;6296731;156588496.00
2016/06/30;24.98;25.74;24.62;25.34;4883570;123311224.00
2016/07/01;25.34;25.65;25.02;25.16;2848405;72081520.00
2016/07/04;24.95;27.68;24.83;27.68;7807484;205216176.00
2016/07/05;27.68;28.23;26.76;26.89;11033045;303764128.00
2016/07/06;26.90;26.99;26.02;26.60;4774209;126342600.00
2016/07/07;26.40;26.57;25.89;26.18;3291862;86144512.00
2016/07/08;26.00;27.27;25.99;27.00;4098849;109306856.00
2016/07/11;26.98;27.00;26.02;26.20;3829953;100893760.00
2016/07/12;26.35;26.46;25.12;25.89;2725184;70128416.00
2016/07/13;25.89;26.28;25.80;26.12;2330753;60720068.00
2016/07/14;26.15;26.58;25.86;26.56;2244146;58807396.00
2016/07/15;26.48;26.48;25.87;25.90;1564097;40949816.00
2016/07/18;25.80;25.90;25.53;25.62;1405800;36019060.00
2016/07/19;25.60;26.01;25.52;25.87;1396920;35989236.00
2016/07/20;26.13;26.18;25.58;25.59;1518787;39197856.00
2016/07/21;25.56;25.73;25.31;25.69;1262249;32301274.00
2016/07/22;25.69;25.69;25.00;25.10;1390714;35219452.00
2016/07/25;25.10;25.48;25.10;25.19;1189400;30106256.00
2016/07/26;25.10;25.63;25.10;25.59;1189316;30270148.00
2016/07/27;25.62;25.85;23.30;23.90;2850136;69930184.00
2016/07/28;23.87;24.16;22.80;23.42;1404549;33220042.00
2016/07/29;23.20;23.65;23.00;23.35;909331;21166746.00
2016/08/01;23.34;24.65;22.99;24.15;2744824;66018376.00
2016/08/02;23.96;24.57;23.80;24.12;1469723;35790632.00
2016/08/03;24.00;24.38;23.91;24.23;764067;18480246.00
2016/08/04;24.23;24.46;23.90;24.19;718580;17291078.00
2016/08/05;24.10;24.38;23.70;23.71;633450;15251730.00
2016/08/08;23.42;24.15;23.24;24.07;1414719;33404818.00
2016/08/09;24.02;24.36;23.95;24.26;1018285;24667924.00
2016/08/10;24.15;24.42;23.98;24.13;760978;18413672.00
2016/08/11;24.00;24.16;23.50;23.52;814250;19349204.00
2016/08/12;23.50;24.24;23.42;24.09;1275600;30407770.00
2016/08/15;24.05;24.86;23.82;24.47;1948794;47416772.00
2016/08/16;24.48;24.98;24.40;24.70;1878955;46570088.00
2016/08/17;24.79;25.95;24.61;25.92;3555169;90438560.00
2016/08/18;25.85;26.88;25.61;25.82;6322864;165862112.00
2016/08/19;25.39;25.71;24.96;25.23;3336633;84040872.00
2016/08/22;25.28;25.72;25.02;25.55;2577488;65766072.00
2016/08/23;25.56;25.65;25.10;25.15;1390269;35264628.00
2016/08/24;25.18;25.47;25.05;25.43;1384880;35046232.00
2016/08/25;25.20;25.45;24.91;25.28;1034882;26041078.00
2016/08/26;25.50;25.69;25.10;25.46;1317586;33553972.00
2016/08/29;25.50;25.89;25.16;25.48;1534019;39285284.00
2016/08/30;25.62;25.79;25.21;25.29;1240885;31607448.00
2016/08/31;25.35;25.56;25.11;25.54;1471320;37354064.00
2016/09/01;25.45;25.45;24.51;24.55;2488062;62047348.00
2016/09/02;24.63;24.63;23.90;24.05;2249019;54209072.00
2016/09/05;23.90;24.29;23.41;23.58;2647254;62832460.00
2016/09/06;23.66;24.22;23.22;24.10;2328830;55209856.00
2016/09/07;23.95;24.20;23.81;23.85;1778878;42587000.00
2016/09/08;23.85;24.41;23.71;24.00;1989109;47779564.00
2016/09/09;24.01;24.19;23.75;23.89;1477158;35420968.00
2016/09/12;23.50;23.50;23.09;23.22;1436639;33379412.00
2016/09/13;23.28;23.71;23.03;23.67;1469830;34434712.00
2016/09/14;23.37;23.64;23.00;23.25;879148;20552098.00
2016/09/19;23.25;23.99;23.25;23.47;1397928;33018396.00
2016/09/20;23.79;23.79;23.40;23.53;634670;14925692.00
2016/09/21;23.53;23.70;23.51;23.60;1033597;24396004.00
2016/09/22;23.65;23.81;23.55;23.58;840170;19915784.00
2016/09/23;23.53;23.69;23.51;23.56;827600;19518242.00
2016/09/26;23.63;23.98;23.30;23.30;1491673;35294156.00
2016/09/27;23.34;23.57;23.07;23.43;731601;17105390.00
2016/09/28;23.50;24.08;23.21;23.82;1378730;32730346.00
2016/09/29;23.85;23.95;23.72;23.82;804350;19174076.00
2016/09/30;23.81;23.93;23.71;23.81;721878;17218202.00
2016/10/10;23.80;24.65;23.80;24.60;2033564;49468420.00
2016/10/11;24.60;24.82;24.40;24.45;1422074;35044524.00
2016/10/12;24.45;24.75;24.25;24.48;1360897;33469930.00
2016/10/13;24.38;24.85;24.38;24.50;1311875;32340230.00
2016/10/14;24.46;24.60;24.28;24.51;735329;17956194.00
2016/10/17;24.51;24.70;24.21;24.25;1003977;24393190.00
2016/10/18;24.18;24.50;24.18;24.46;968990;23618216.00
2016/10/19;24.50;24.62;24.26;24.32;756341;18462292.00
2016/10/20;24.48;24.64;24.21;24.60;1388691;34038428.00
2016/10/21;24.60;25.15;24.50;25.04;1963163;48845620.00
2016/10/24;25.30;25.45;24.96;25.03;1778844;44750588.00
2016/10/25;25.03;25.20;24.70;24.88;1143460;28419182.00
2016/10/26;24.95;24.96;24.32;24.38;1181773;29045118.00
2016/10/27;24.38;24.70;24.08;24.63;990907;24222688.00
2016/10/28;24.85;24.85;24.30;24.30;948413;23267656.00
2016/10/31;24.14;24.84;24.00;24.82;1566676;38418108.00
2016/11/01;24.82;24.98;24.57;24.79;1376150;34040520.00
2016/11/02;24.62;25.22;24.61;25.10;2663872;66602936.00
2016/11/03;24.91;25.20;24.85;24.87;1420688;35549952.00
2016/11/04;25.00;25.20;24.65;24.77;1869761;46713552.00
2016/11/07;24.73;24.81;24.17;24.18;1695810;41334456.00
2016/11/08;24.17;24.51;24.17;24.28;1096944;26664156.00
2016/11/09;24.23;24.50;23.60;24.23;1581727;38287020.00
2016/11/10;24.51;24.97;24.33;24.82;1685296;41593972.00
2016/11/11;24.82;25.00;24.68;24.87;1310930;32521508.00
2016/11/14;25.12;25.50;24.66;24.85;2870635;71991632.00
2016/11/15;24.91;25.41;24.74;25.23;1990380;49858716.00
2016/11/16;25.30;26.47;25.11;25.90;6081972;157933712.00
2016/11/17;25.60;25.70;25.23;25.36;1497000;38018824.00
数据来源:通达信
