002406 远东传动 日线 前复权
      日期	    开盘	    最高	    最低	    收盘	    成交量	    成交额
2010/05/18;7.29;8.15;7.29;7.58;10906265;278481408.00
2010/05/19;7.48;8.19;7.42;7.89;7665288;198558400.00
2010/05/20;7.62;7.71;7.33;7.37;4708922;116042480.00
2010/05/21;7.08;7.75;6.99;7.64;3812192;93523128.00
2010/05/24;7.66;8.47;7.65;8.36;10503337;281090592.00
2010/05/25;8.15;8.24;7.89;8.05;5838875;153526224.00
2010/05/26;8.08;8.34;8.02;8.12;5375911;143602336.00
2010/05/27;8.02;8.28;7.78;8.27;5655806;149290320.00
2010/05/28;8.35;8.41;7.99;8.08;5094619;136157200.00
2010/05/31;7.95;8.08;7.62;7.63;3604718;92760824.00
2010/06/01;7.46;7.61;7.20;7.34;2724840;66283136.00
2010/06/02;7.29;7.60;7.25;7.59;2192845;53517772.00
2010/06/03;7.60;7.71;7.45;7.46;2326859;58057304.00
2010/06/04;7.38;7.57;7.30;7.53;1165198;28547986.00
2010/06/07;7.36;7.71;7.29;7.66;2083300;51824920.00
2010/06/08;7.58;7.69;7.53;7.63;1610800;40281636.00
2010/06/09;7.68;7.83;7.62;7.79;2373539;60137172.00
2010/06/10;7.81;7.90;7.76;7.79;2186459;56104284.00
2010/06/11;7.82;8.02;7.82;7.92;2474743;64114484.00
2010/06/17;8.00;8.04;7.53;7.55;2012170;51479668.00
2010/06/18;7.54;7.61;7.24;7.30;1495384;36534680.00
2010/06/21;7.28;7.53;7.24;7.53;919560;22492226.00
2010/06/22;7.50;7.58;7.49;7.50;766749;18966960.00
2010/06/23;7.45;7.55;7.36;7.49;733719;18002986.00
2010/06/24;7.45;7.55;7.42;7.49;584133;14367303.00
2010/06/25;7.45;7.47;7.26;7.34;900269;21826630.00
2010/06/28;7.34;7.43;7.32;7.37;659518;15987009.00
2010/06/29;7.42;7.42;6.90;6.90;1712616;40208204.00
2010/06/30;6.80;6.88;6.68;6.77;753813;16942254.00
2010/07/01;6.82;6.90;6.73;6.85;878396;19914336.00
2010/07/02;6.85;6.90;6.55;6.81;1087754;24412306.00
2010/07/05;6.71;6.81;6.64;6.75;566129;12628718.00
2010/07/06;6.76;6.91;6.76;6.91;931403;21180070.00
2010/07/07;6.91;6.96;6.82;6.93;691859;15794146.00
2010/07/08;7.11;7.11;6.87;6.93;1187603;27464916.00
2010/07/09;6.95;7.14;6.86;7.07;1344565;31251482.00
2010/07/12;7.10;7.17;7.06;7.12;985129;23166018.00
2010/07/13;7.07;7.07;6.87;6.93;979960;22507506.00
2010/07/14;6.94;7.10;6.94;6.98;906671;21021436.00
2010/07/15;6.96;7.04;6.79;6.79;771521;17625886.00
2010/07/16;6.78;6.91;6.69;6.86;833819;18764230.00
2010/07/19;6.82;7.03;6.77;7.01;829650;19101902.00
2010/07/20;7.30;7.76;7.30;7.59;4359650;108445552.00
2010/07/21;7.55;7.80;7.48;7.68;3370921;84799432.00
2010/07/22;7.63;7.74;7.60;7.68;1970444;49644048.00
2010/07/23;7.71;7.74;7.56;7.71;1586554;39877488.00
2010/07/26;7.70;7.88;7.69;7.78;1735415;44293592.00
2010/07/27;7.75;7.91;7.62;7.76;2321821;59402472.00
2010/07/28;7.69;7.91;7.66;7.88;2532837;65035856.00
2010/07/29;7.90;7.94;7.80;7.94;2324815;59935832.00
2010/07/30;7.94;8.17;7.91;8.06;3177095;83729408.00
2010/08/02;8.06;8.42;8.02;8.35;5023954;135498368.00
2010/08/03;8.31;8.36;8.08;8.09;3315142;88741360.00
2010/08/04;8.08;8.27;8.05;8.26;2917278;77555968.00
2010/08/05;8.31;8.42;8.05;8.08;2996521;80567584.00
2010/08/06;8.02;8.24;7.96;8.21;2197317;58361580.00
2010/08/09;8.23;8.45;8.12;8.45;3457590;93915608.00
2010/08/10;8.52;8.57;7.98;7.99;3890162;104905456.00
2010/08/11;7.95;8.09;7.86;8.02;1955703;51032412.00
2010/08/12;7.93;8.12;7.88;7.97;1548011;40312020.00
2010/08/13;7.95;8.24;7.92;8.20;2042273;53949020.00
2010/08/16;8.23;8.38;8.17;8.28;3061187;82502144.00
2010/08/17;8.29;8.40;8.24;8.31;2174009;58966156.00
2010/08/18;8.21;8.37;8.07;8.08;5421869;144730896.00
2010/08/19;8.09;8.25;8.05;8.17;3215643;85643280.00
2010/08/20;8.13;8.20;7.84;7.90;3478157;90583040.00
2010/08/23;7.98;8.00;7.84;7.86;1956135;50660964.00
2010/08/24;7.86;8.04;7.77;7.96;2224804;57725976.00
2010/08/25;7.93;8.31;7.91;8.13;5207454;139087184.00
2010/08/26;8.23;8.28;8.12;8.23;3352376;89610056.00
2010/08/27;8.18;8.70;8.14;8.62;7390290;204906928.00
2010/08/30;8.68;8.84;8.58;8.76;7663136;216348608.00
2010/08/31;8.67;8.85;8.57;8.77;4342300;122435800.00
2010/09/01;8.73;8.86;8.29;8.39;5318753;147471840.00
2010/09/02;8.45;8.65;8.36;8.51;3772883;104662576.00
2010/09/03;8.51;8.68;8.42;8.53;3232252;89805808.00
2010/09/06;8.58;8.67;8.32;8.32;3819392;104818984.00
2010/09/07;8.33;8.43;8.29;8.40;1788129;48722080.00
2010/09/09;8.53;8.68;8.39;8.43;3144190;87123496.00
2010/09/10;8.48;8.52;8.24;8.36;2447808;66678888.00
2010/09/13;8.36;8.55;8.34;8.55;2414603;66644416.00
2010/09/14;8.55;8.78;8.49;8.69;3907541;109645544.00
2010/09/15;8.71;8.74;8.28;8.35;3393801;93792568.00
2010/09/16;8.37;8.43;8.01;8.05;3127078;83383072.00
2010/09/17;8.10;8.10;7.91;7.98;2132384;55821692.00
2010/09/20;8.00;8.06;7.85;7.92;1121510;29208686.00
2010/09/21;7.95;8.03;7.87;7.98;1028241;26767958.00
2010/09/27;8.02;8.14;7.99;8.09;1631319;42989780.00
2010/09/28;8.08;8.08;7.85;7.86;1691580;43961636.00
2010/09/29;7.84;7.89;7.65;7.68;2064411;52311924.00
2010/09/30;7.69;7.83;7.66;7.80;1150773;29255262.00
2010/10/08;7.88;8.12;7.84;8.03;1820074;47553856.00
2010/10/11;8.05;8.10;7.98;8.06;1993147;52369428.00
2010/10/12;7.98;8.20;7.98;8.09;1584244;42009136.00
2010/10/13;8.09;8.35;8.09;8.27;2680260;71871968.00
2010/10/14;8.39;8.44;8.12;8.28;2938886;79148664.00
2010/10/15;8.26;8.28;8.08;8.14;2307183;61473740.00
2010/10/18;8.18;8.22;7.85;8.07;1810739;47417576.00
2010/10/19;8.08;8.44;8.08;8.42;2409648;65559724.00
2010/10/20;8.28;8.68;8.23;8.47;4205770;116345208.00
2010/10/21;8.50;8.64;8.35;8.57;2835976;78783848.00
2010/10/22;8.54;9.03;8.52;8.88;5896784;169325488.00
2010/10/25;8.96;9.23;8.89;8.97;5790544;168481904.00
2010/10/26;8.95;8.97;8.74;8.85;3688311;104782792.00
2010/10/27;8.85;9.07;8.79;8.80;3083116;88629208.00
2010/10/28;8.80;9.10;8.80;9.08;3785369;109602688.00
2010/10/29;9.15;9.19;8.95;9.10;3223135;94080904.00
2010/11/01;9.02;9.41;9.02;9.34;3605697;107868632.00
2010/11/02;9.34;9.48;9.09;9.13;3745928;111256352.00
2010/11/03;9.09;9.09;8.81;8.82;2726903;78513360.00
2010/11/04;8.83;9.04;8.83;8.99;1758807;50653724.00
2010/11/05;9.07;9.08;8.90;8.97;2146884;61924820.00
2010/11/08;8.98;9.54;8.92;9.54;4371636;130799288.00
2010/11/09;9.51;10.07;9.34;9.88;5623242;175376752.00
2010/11/10;9.85;10.08;9.71;9.90;4214728;134078312.00
2010/11/11;9.88;10.07;9.61;9.62;4043117;128192320.00
2010/11/12;9.62;9.72;8.91;9.04;4566913;136657328.00
2010/11/15;9.07;9.52;9.02;9.52;2988294;89038472.00
2010/11/16;9.51;9.75;9.15;9.29;3915697;119176728.00
2010/11/17;9.18;9.39;8.95;8.97;2495375;74022776.00
2010/11/18;9.11;9.48;8.98;9.40;2921395;86438528.00
2010/11/19;9.45;9.87;9.42;9.78;3931128;120902280.00
2010/11/22;9.75;10.03;9.62;9.72;3758362;118427608.00
2010/11/23;9.81;10.08;9.69;10.04;3710239;117151592.00
2010/11/24;10.01;10.30;9.95;10.21;3241182;105182520.00
2010/11/25;10.28;10.31;9.97;9.99;3208417;103337640.00
2010/11/26;9.92;10.15;9.88;9.99;1745304;55844852.00
2010/11/29;9.93;10.27;9.93;10.24;2164608;70203368.00
2010/11/30;10.19;10.25;9.55;9.87;3170837;99537144.00
2010/12/01;9.87;9.95;9.73;9.82;1186163;37411444.00
2010/12/02;9.94;10.08;9.82;9.91;1834936;58304168.00
2010/12/03;9.92;10.20;9.88;10.01;2320289;74569080.00
2010/12/06;9.99;10.09;9.64;9.67;1686408;52776072.00
2010/12/07;9.67;9.84;9.55;9.80;1175532;36607880.00
2010/12/08;9.75;9.88;9.65;9.67;928520;29000718.00
2010/12/09;9.64;9.74;9.59;9.64;783191;24255760.00
2010/12/10;9.62;9.88;9.60;9.79;864367;26982512.00
2010/12/13;9.79;10.10;9.79;10.09;2253418;72149176.00
2010/12/14;10.06;10.20;9.98;10.17;1817124;58549432.00
2010/12/15;10.14;10.30;10.08;10.15;1926039;62614708.00
2010/12/16;10.16;10.31;10.10;10.15;1528435;49837628.00
2010/12/17;10.13;10.63;10.12;10.52;2686024;89087432.00
2010/12/20;10.52;10.63;9.95;10.28;2886012;94921760.00
2010/12/21;10.34;10.47;10.20;10.44;1661443;54778628.00
2010/12/22;10.44;10.49;10.22;10.23;1318338;43250368.00
2010/12/23;10.19;10.28;9.95;9.97;1232592;39676692.00
2010/12/24;9.98;10.00;9.64;9.69;1174497;36746852.00
2010/12/28;9.36;9.51;9.28;9.49;1614842;48549264.00
2010/12/29;9.62;9.71;9.41;9.71;809745;24722908.00
2010/12/30;9.62;9.85;9.48;9.78;1415818;43679872.00
2010/12/31;9.72;10.05;9.68;10.05;1175652;37016628.00
2011/01/04;10.02;10.16;9.92;10.12;1235441;39652772.00
2011/01/05;10.02;10.18;10.02;10.03;869857;27979054.00
2011/01/06;10.03;10.13;9.81;9.83;1081701;34396344.00
2011/01/07;9.83;9.95;9.64;9.72;1029178;32225544.00
2011/01/10;9.78;9.86;9.56;9.62;693819;21556110.00
2011/01/11;9.56;9.60;9.39;9.48;701726;21314198.00
2011/01/12;9.48;9.60;9.39;9.58;630643;19203690.00
2011/01/13;9.62;9.62;9.49;9.49;337823;10347042.00
2011/01/14;9.49;9.49;9.14;9.18;900044;26876330.00
2011/01/17;9.19;9.30;8.93;8.95;853610;24795398.00
2011/01/18;8.94;9.02;8.82;8.95;564931;16224663.00
2011/01/19;8.95;9.10;8.86;9.08;763367;22129452.00
2011/01/21;8.82;9.04;8.74;9.02;803718;23096158.00
2011/01/24;9.00;9.16;8.82;8.82;514503;14887119.00
2011/01/25;8.78;8.82;8.32;8.36;1170628;31869218.00
2011/01/26;8.30;8.54;8.30;8.48;529985;14475084.00
2011/01/27;8.42;8.62;8.37;8.60;699844;19269042.00
2011/01/28;8.60;8.81;8.56;8.79;767430;21545448.00
2011/01/31;8.78;8.98;8.69;8.94;762482;21782308.00
2011/02/01;8.92;8.92;8.84;8.88;519968;14855533.00
2011/02/09;8.79;8.91;8.68;8.69;564421;15963977.00
2011/02/10;8.68;9.07;8.67;9.04;751062;21554794.00
2011/02/11;9.02;9.25;8.99;9.18;854741;25058182.00
2011/02/14;9.18;9.35;9.16;9.31;1104887;32885204.00
2011/02/15;9.32;9.47;9.26;9.26;1252621;37572856.00
2011/02/16;9.20;9.50;9.20;9.47;1130641;34082804.00
2011/02/17;9.47;9.57;9.35;9.42;975934;29546660.00
2011/02/18;9.37;9.42;9.23;9.25;1106444;33012140.00
2011/02/21;9.18;9.55;9.16;9.55;1037741;31177834.00
2011/02/22;9.52;9.58;9.18;9.18;1157653;34657840.00
2011/02/23;9.12;9.53;9.12;9.51;1290563;38744900.00
2011/02/24;9.52;9.78;9.45;9.70;1935494;59922124.00
2011/02/25;9.68;9.72;9.55;9.70;909471;28056686.00
2011/02/28;9.66;9.74;9.58;9.64;1361013;42050884.00
2011/03/01;9.62;9.69;9.50;9.52;1120794;34433756.00
2011/03/02;9.50;9.50;9.30;9.39;883901;26552282.00
2011/03/03;9.49;9.49;9.20;9.21;894587;26725940.00
2011/03/04;9.22;9.40;9.21;9.37;607732;18200274.00
2011/03/07;9.37;9.51;9.37;9.45;823258;24919204.00
2011/03/08;9.45;9.48;9.36;9.47;643772;19420716.00
2011/03/09;9.47;9.66;9.45;9.65;1277855;39217860.00
2011/03/10;9.62;9.67;9.52;9.54;927102;28496566.00
2011/03/11;9.52;9.72;9.48;9.59;1089433;33593528.00
2011/03/14;9.54;9.77;9.53;9.77;1319083;41001504.00
2011/03/15;9.72;9.76;9.32;9.48;1431634;43553780.00
2011/03/16;9.44;9.54;9.44;9.50;906939;27590464.00
2011/03/17;9.44;9.45;9.28;9.30;915555;27533398.00
2011/03/18;9.35;9.44;9.35;9.37;510576;15376693.00
2011/03/21;9.31;9.41;9.29;9.35;499683;14978372.00
2011/03/22;9.35;9.40;9.22;9.39;757662;22676686.00
2011/03/23;9.39;9.47;9.32;9.47;556470;16799190.00
2011/03/24;9.51;9.68;9.45;9.64;1259252;38796784.00
2011/03/25;9.62;10.01;9.62;9.92;2165028;68426848.00
2011/03/28;9.99;9.99;9.62;9.64;2262374;70314272.00
2011/03/29;9.62;9.62;9.26;9.29;1759736;52888596.00
2011/03/30;9.28;9.41;9.15;9.35;1230594;36549656.00
2011/03/31;9.35;9.41;9.10;9.12;649868;19290556.00
2011/04/01;9.10;9.26;9.07;9.18;466407;13734914.00
2011/04/06;9.12;9.18;8.68;8.88;1235871;35694284.00
2011/04/07;8.95;9.04;8.92;9.01;550891;15942197.00
2011/04/08;9.02;9.18;8.97;9.17;543376;15948090.00
2011/04/11;9.17;9.22;8.89;8.90;803713;23312186.00
2011/04/12;8.95;9.02;8.90;8.92;449601;12957364.00
2011/04/13;8.87;9.00;8.87;8.99;598566;17237356.00
2011/04/14;8.99;9.00;8.90;8.96;557031;16011896.00
2011/04/15;8.94;8.99;8.89;8.94;582520;16760111.00
2011/04/18;9.03;9.19;9.03;9.10;1209187;35485316.00
2011/04/19;9.10;9.20;9.04;9.12;974228;28617708.00
2011/04/21;9.17;9.40;9.17;9.38;1236044;37003352.00
2011/04/22;9.39;9.39;9.23;9.27;674142;20154502.00
2011/04/25;9.27;9.30;9.11;9.11;592435;17471318.00
2011/04/26;9.11;9.13;8.89;8.91;667382;19245348.00
2011/04/27;8.95;9.00;8.77;8.79;514984;14730425.00
2011/04/28;8.82;8.88;8.37;8.46;871292;24186114.00
2011/04/29;8.47;8.62;8.46;8.61;375818;10408084.00
2011/05/03;8.55;8.67;8.55;8.67;248686;6916315.00
2011/05/04;8.67;8.67;8.47;8.58;525773;14503974.00
2011/05/05;8.54;8.65;8.53;8.64;303951;8428811.00
2011/05/06;8.56;8.84;8.55;8.74;369744;10375729.00
2011/05/09;8.74;8.91;8.74;8.79;391944;11141218.00
2011/05/10;8.81;8.87;8.75;8.81;237205;6728479.50
2011/05/11;8.81;8.84;8.70;8.75;323193;9123776.00
2011/05/12;8.70;8.72;8.50;8.51;514590;14289642.00
2011/05/13;8.51;8.54;8.37;8.52;499215;13612034.00
2011/05/16;8.47;8.56;8.41;8.44;314088;8584947.00
2011/05/17;8.51;8.51;8.39;8.44;437812;11940557.00
2011/05/18;8.41;8.68;8.37;8.59;448781;12440773.00
2011/05/19;8.57;8.64;8.51;8.54;195897;5412505.00
2011/05/20;8.54;8.63;8.52;8.60;225695;6263199.00
2011/05/23;8.63;8.64;8.39;8.42;438713;12038504.00
2011/05/24;8.38;8.49;8.36;8.45;320725;8738519.00
2011/05/25;8.46;8.67;8.42;8.45;441320;12185950.00
2011/05/26;8.51;8.52;8.05;8.08;686711;18281760.00
2011/05/27;7.95;7.99;7.50;7.59;928291;15370176.00
2011/05/30;7.55;7.55;7.20;7.20;909897;14466237.00
2011/05/31;7.20;7.33;7.05;7.27;1154423;17837676.00
2011/06/01;7.28;7.37;7.19;7.34;632721;9910774.00
2011/06/02;7.25;7.25;7.01;7.10;436273;6683418.50
2011/06/03;7.14;7.34;7.10;7.30;587718;9191480.00
2011/06/07;7.33;7.43;7.26;7.40;308414;4878456.00
2011/06/08;7.43;7.43;7.28;7.32;363714;5725407.50
2011/06/09;7.30;7.31;7.13;7.14;355116;5507372.00
2011/06/10;7.09;7.18;6.98;7.10;486059;7387006.00
2011/06/13;7.04;7.08;6.98;7.04;315943;4783094.00
2011/06/14;7.04;7.34;7.04;7.28;751333;11707060.00
2011/06/15;7.25;7.31;7.17;7.18;545490;8507900.00
2011/06/16;7.15;7.15;6.78;7.06;406276;6174172.00
2011/06/17;6.98;7.08;6.91;6.95;410030;6181998.50
2011/06/20;6.91;6.97;6.84;6.91;213609;3174066.00
2011/06/21;6.95;7.11;6.95;7.11;454554;6884608.00
2011/06/22;7.13;7.13;6.97;7.03;391775;5935874.50
2011/06/23;7.04;7.35;6.47;7.34;1218715;18877330.00
2011/06/24;7.28;7.58;7.26;7.54;1425759;22835648.00
2011/06/27;7.59;7.60;7.49;7.59;1166217;18875730.00
2011/06/28;7.59;7.73;7.50;7.70;750860;12238753.00
2011/06/29;7.65;7.77;7.58;7.60;762895;12536386.00
2011/06/30;7.56;7.67;7.56;7.64;565738;9251844.00
2011/07/01;7.67;7.70;7.57;7.63;581183;9516434.00
2011/07/04;7.67;7.84;7.64;7.80;1454883;24198482.00
2011/07/05;7.75;7.85;7.75;7.81;758067;12655436.00
2011/07/06;7.78;7.83;7.68;7.81;865448;14376302.00
2011/07/07;7.80;8.04;7.76;7.93;2200764;37357140.00
2011/07/08;7.89;8.25;7.87;8.19;2221128;38429768.00
2011/07/11;8.11;8.37;8.10;8.30;1632475;28829976.00
2011/07/12;8.21;8.24;7.98;8.00;1789487;30962144.00
2011/07/13;7.99;8.25;7.95;8.18;1165180;20238160.00
2011/07/14;8.19;8.45;8.19;8.45;2278478;40621136.00
2011/07/15;8.34;8.56;8.30;8.52;2236877;40256220.00
2011/07/18;8.60;8.60;8.35;8.35;1484190;26656462.00
2011/07/19;8.35;8.35;7.99;8.11;1576477;27282340.00
2011/07/20;8.14;8.20;8.03;8.18;964347;16717695.00
2011/07/21;8.17;8.17;7.96;7.99;774844;13291628.00
2011/07/22;8.00;8.09;7.97;8.00;472982;8117055.50
2011/07/25;8.01;8.01;7.15;7.45;1815804;29571336.00
2011/07/26;7.38;7.54;7.33;7.49;602754;9691850.00
2011/07/27;7.49;7.65;7.43;7.62;661534;10758597.00
2011/07/28;7.60;7.61;7.46;7.55;555440;8992638.00
2011/07/29;7.55;7.71;7.45;7.45;585005;9507614.00
2011/08/01;7.40;7.56;7.40;7.46;501488;8056171.00
2011/08/02;7.50;7.50;7.24;7.38;552877;8693222.00
2011/08/03;7.34;7.62;7.23;7.58;761916;12270339.00
2011/08/04;7.60;7.74;7.59;7.74;628439;10319719.00
2011/08/05;7.48;7.60;7.45;7.55;578118;9357168.00
2011/08/08;7.45;7.50;6.95;7.15;833837;12960638.00
2011/08/09;6.85;7.45;6.76;7.40;1131652;17503016.00
2011/08/10;7.48;7.64;7.35;7.50;819089;13275473.00
2011/08/11;7.33;7.53;7.20;7.51;749988;11937888.00
2011/08/12;7.55;7.63;7.52;7.58;596928;9698744.00
2011/08/15;7.63;7.87;7.59;7.87;1144864;18973456.00
2011/08/16;7.89;7.94;7.72;7.75;948897;15833900.00
2011/08/17;7.76;7.83;7.72;7.75;444501;7397457.00
2011/08/18;7.75;7.78;7.53;7.54;616791;10119848.00
2011/08/19;7.43;7.45;7.26;7.35;461070;7286171.00
2011/08/22;7.36;7.45;7.24;7.26;395084;6240556.00
2011/08/23;7.45;7.45;7.26;7.45;440540;6988807.50
2011/08/24;7.50;7.73;7.50;7.52;748470;12201660.00
2011/08/25;7.60;7.75;7.49;7.70;793108;12990188.00
2011/08/26;7.65;8.00;7.64;7.90;1327913;22452646.00
2011/08/29;7.85;7.88;7.72;7.76;675514;11272672.00
2011/08/30;7.78;7.88;7.64;7.66;745573;12427179.00
2011/08/31;7.67;7.75;7.54;7.62;403375;6578046.00
2011/09/01;7.64;7.75;7.63;7.69;535268;8805359.00
2011/09/02;7.70;7.75;7.51;7.61;527702;8593567.00
2011/09/05;7.55;7.95;7.55;7.80;1776412;29616004.00
2011/09/06;7.80;7.80;7.55;7.56;1040762;17062860.00
2011/09/07;7.58;7.95;7.58;7.95;1469640;24595102.00
2011/09/08;7.98;7.98;7.50;7.50;3118060;51573676.00
2011/09/09;7.35;7.43;7.23;7.25;1390641;21854226.00
2011/09/13;7.10;7.19;7.05;7.14;544146;8343897.00
2011/09/14;7.13;7.20;7.06;7.18;522415;8020776.50
2011/09/15;7.20;7.33;7.18;7.21;650138;10155377.00
2011/09/16;7.22;7.30;7.15;7.18;424768;6594107.50
2011/09/19;7.13;7.15;7.05;7.06;223111;3403086.00
2011/09/20;6.98;7.20;6.98;7.13;199161;3036163.50
2011/09/21;7.10;7.39;7.10;7.32;614157;9620611.00
2011/09/22;7.29;7.34;7.13;7.13;394246;6147091.50
2011/09/23;7.05;7.16;6.96;7.11;235964;3590117.25
2011/09/26;7.10;7.14;7.02;7.08;228337;3477114.75
2011/09/27;7.13;7.17;7.04;7.13;257146;3938982.00
2011/09/28;7.20;7.20;6.99;7.00;200949;3067805.00
2011/09/29;6.95;6.97;6.76;6.77;548380;8073361.00
2011/09/30;6.76;6.87;6.65;6.72;243687;3551754.00
2011/10/10;6.77;6.78;6.63;6.64;196407;2841870.75
2011/10/11;6.80;6.85;6.61;6.66;237549;3450669.50
2011/10/12;6.59;6.87;6.32;6.84;578900;8342777.50
2011/10/13;6.82;6.96;6.71;6.85;467293;6910741.50
2011/10/14;6.84;6.89;6.66;6.74;350255;5113433.00
2011/10/17;6.71;6.76;6.59;6.63;544628;7855957.00
2011/10/18;6.51;6.60;6.40;6.43;541031;7582013.50
2011/10/19;6.35;6.48;6.35;6.43;210357;2928567.50
2011/10/20;6.46;6.50;6.02;6.02;632480;8446651.00
2011/10/21;6.07;6.07;5.85;5.86;533704;6930871.00
2011/10/24;5.85;6.07;5.54;5.90;1056917;13345136.00
2011/10/25;5.85;6.04;5.71;5.99;990322;12794071.00
2011/10/26;5.95;6.12;5.88;5.99;992253;13029231.00
2011/10/27;5.94;6.10;5.94;6.01;568327;7469611.00
2011/10/28;6.08;6.13;6.01;6.12;799298;10591919.00
2011/10/31;6.15;6.32;6.11;6.26;783591;10630231.00
2011/11/01;6.18;6.34;6.12;6.29;973187;13237283.00
2011/11/02;6.19;6.44;6.11;6.43;1375813;18840622.00
2011/11/03;6.52;6.55;6.36;6.37;2293326;32132118.00
2011/11/04;6.38;6.41;6.20;6.23;2504263;34171804.00
2011/11/07;6.23;6.31;6.18;6.21;1376687;18697732.00
2011/11/08;6.22;6.25;6.12;6.12;1206250;16257310.00
2011/11/09;6.18;6.18;5.99;6.13;1786909;23695636.00
2011/11/10;6.05;6.10;6.02;6.02;1091306;14408137.00
2011/11/11;6.05;6.10;6.02;6.05;1059347;14007911.00
2011/11/14;6.13;6.69;6.11;6.68;6009315;82949848.00
2011/11/15;6.60;6.60;6.48;6.50;4352537;61567476.00
2011/11/16;6.49;6.61;6.33;6.40;2663076;37364492.00
2011/11/17;6.42;6.47;6.27;6.41;2141916;29727836.00
2011/11/18;6.33;6.36;6.08;6.09;1973240;26644866.00
2011/11/21;6.19;6.19;6.06;6.15;893536;11931716.00
2011/11/22;6.15;6.20;6.02;6.20;855314;11341267.00
2011/11/23;6.04;6.13;6.02;6.04;1650501;21828388.00
2011/11/24;5.98;5.98;5.80;5.89;1584624;20348572.00
2011/11/25;5.83;5.91;5.80;5.83;594582;7594308.00
2011/11/28;5.86;5.91;5.81;5.86;485692;6223654.00
2011/11/29;5.90;6.00;5.85;5.98;1050963;13591648.00
2011/11/30;5.97;5.97;5.48;5.49;1753369;21818332.00
2011/12/01;5.68;5.73;5.58;5.58;1344538;16675971.00
2011/12/02;5.58;5.59;5.39;5.40;974971;11695880.00
2011/12/05;5.37;5.44;5.13;5.14;918158;10647977.00
2011/12/06;5.13;5.21;5.10;5.15;639226;7286143.00
2011/12/07;5.16;5.18;5.13;5.15;709354;8091682.00
2011/12/08;5.16;5.17;4.98;5.09;1441304;16218171.00
2011/12/09;5.06;5.28;4.99;5.15;1374565;15540954.00
2011/12/12;5.11;5.18;5.07;5.08;737111;8352487.50
2011/12/13;5.08;5.08;4.86;4.88;820610;9002703.00
2011/12/14;4.84;4.88;4.68;4.69;781430;8351178.00
2011/12/15;4.68;4.68;4.46;4.48;931699;9500475.00
2011/12/16;4.48;4.64;4.35;4.63;1129335;11435335.00
2011/12/19;4.63;4.64;4.47;4.62;741141;7559645.50
2011/12/20;4.57;4.75;4.55;4.67;926084;9667318.00
2011/12/21;4.72;4.84;4.59;4.60;3012018;31511406.00
2011/12/22;4.58;4.58;4.25;4.40;2217562;21903252.00
2011/12/23;4.40;4.52;4.34;4.45;999482;9965162.00
2011/12/26;4.45;4.47;4.33;4.36;932542;9258364.00
2011/12/27;4.35;4.37;4.23;4.25;965428;9365094.00
2011/12/28;4.26;4.60;4.15;4.34;1506544;14634184.00
2011/12/29;4.30;4.39;4.29;4.35;783253;7675516.00
2011/12/30;4.37;4.43;4.34;4.38;967311;9548030.00
2012/01/04;4.38;4.48;4.25;4.25;649583;6402293.00
2012/01/05;4.28;4.33;4.03;4.04;1000593;9455795.00
2012/01/06;4.04;4.04;3.58;4.04;1026715;9073239.00
2012/01/10;4.28;4.50;4.23;4.50;2920942;28924004.00
2012/01/11;4.61;4.93;4.61;4.69;7282201;76850272.00
2012/01/12;4.61;4.72;4.56;4.64;2640796;27470182.00
2012/01/13;4.57;4.67;4.33;4.40;2709647;27267268.00
2012/01/16;4.40;4.40;4.13;4.13;1542849;14800549.00
2012/01/17;4.13;4.49;4.03;4.45;3190641;30899656.00
2012/01/18;4.46;4.54;4.23;4.27;2494375;24756458.00
2012/01/19;4.22;4.38;4.20;4.30;1719191;16632385.00
2012/01/20;4.30;4.42;4.28;4.34;2054581;20111720.00
2012/01/30;4.34;4.38;4.32;4.33;1343886;13154304.00
2012/01/31;4.31;4.58;3.84;4.50;4150388;41551588.00
2012/02/01;4.47;4.57;4.41;4.44;2677360;26946946.00
2012/02/02;4.44;4.55;4.42;4.55;2386656;24036582.00
2012/02/03;4.53;4.69;4.51;4.64;3721084;38525608.00
2012/02/06;4.63;4.67;4.57;4.63;2621878;27127126.00
2012/02/07;4.63;4.63;4.43;4.46;2353603;23707276.00
2012/02/08;4.43;4.65;4.41;4.65;2913939;29803524.00
2012/02/09;4.66;4.94;4.66;4.85;5956533;63363084.00
2012/02/10;5.10;5.10;4.67;4.74;13059901;138644576.00
2012/02/13;4.64;4.78;4.59;4.75;5763083;60529568.00
2012/02/14;4.75;4.76;4.67;4.70;3451351;36257456.00
2012/02/15;4.68;4.82;4.66;4.81;4939109;52378228.00
2012/02/16;4.79;4.89;4.72;4.80;4912415;52728884.00
2012/02/17;4.83;5.31;4.80;5.11;12317925;138220816.00
2012/02/20;5.17;5.29;5.06;5.12;9564901;109374592.00
2012/02/21;5.12;5.17;4.97;5.16;4846186;54478292.00
2012/02/22;5.15;5.35;5.12;5.27;6847062;79455360.00
2012/02/23;5.28;5.32;5.17;5.25;5240385;60752552.00
2012/02/24;5.25;5.28;5.15;5.27;4633688;53408284.00
2012/02/27;5.28;5.44;5.25;5.25;6515487;76710840.00
2012/02/28;5.23;5.23;5.03;5.14;4464754;50755608.00
2012/02/29;5.14;5.14;5.00;5.01;2608868;29267888.00
2012/03/01;4.99;5.11;4.97;5.03;2100149;23515986.00
2012/03/02;5.04;5.19;5.01;5.18;2804211;31882302.00
2012/03/05;5.18;5.27;5.14;5.14;3008843;34567356.00
2012/03/06;5.13;5.13;5.01;5.09;2565415;28813488.00
2012/03/07;5.05;5.24;4.98;5.21;4105430;46718376.00
2012/03/08;5.20;5.38;5.20;5.33;5736072;67350616.00
2012/03/09;5.35;5.41;5.31;5.38;4067096;47984296.00
2012/03/12;5.38;5.42;5.29;5.38;4026868;47524196.00
2012/03/13;5.38;5.48;5.35;5.46;4597021;55002960.00
2012/03/14;5.46;5.60;5.09;5.13;7690637;91664248.00
2012/03/15;5.12;5.19;4.96;5.00;3478561;38941372.00
2012/03/16;5.03;5.13;4.97;5.12;2982253;33436634.00
2012/03/19;5.09;5.20;5.07;5.19;3170799;36024460.00
2012/03/20;5.16;5.16;4.99;5.00;3079907;34429472.00
2012/03/21;5.05;5.06;4.84;4.93;2725322;29935682.00
2012/03/22;4.91;4.99;4.82;4.89;2424166;26400458.00
2012/03/23;4.88;4.90;4.75;4.77;2191810;23550522.00
2012/03/26;4.75;4.80;4.72;4.74;1430499;15188034.00
2012/03/27;4.77;4.82;4.76;4.80;1431025;15293304.00
2012/03/28;4.79;4.79;4.44;4.46;2905269;29668496.00
2012/03/29;4.44;4.49;4.22;4.30;1772969;17415556.00
2012/03/30;4.30;4.36;4.23;4.31;1255781;12137226.00
2012/04/05;4.31;4.46;4.25;4.44;2008542;19786892.00
2012/04/06;4.45;4.46;4.36;4.41;1648716;16371437.00
2012/04/09;4.43;4.43;4.34;4.41;1098474;10858676.00
2012/04/10;4.35;4.40;4.23;4.39;1883891;18252738.00
2012/04/11;4.35;4.39;4.28;4.38;1339530;13105999.00
2012/04/12;4.38;4.49;4.36;4.49;2096937;20925866.00
2012/04/13;4.45;4.63;4.45;4.58;2355156;24091290.00
2012/04/16;4.54;4.59;4.50;4.57;1268885;12922136.00
2012/04/17;4.54;4.58;4.45;4.48;1897613;19181802.00
2012/04/18;4.49;4.63;4.49;4.61;2408894;24632238.00
2012/04/19;4.60;4.69;4.58;4.64;2168318;22450350.00
2012/04/20;4.64;4.69;4.58;4.66;2281611;23683208.00
2012/04/23;4.66;4.74;4.55;4.57;2632561;27348534.00
2012/04/24;4.48;4.60;4.30;4.53;2678778;26806070.00
2012/04/25;4.48;4.64;4.48;4.59;2010557;20508546.00
2012/04/26;4.64;4.65;4.54;4.59;1720276;17699980.00
2012/04/27;4.58;4.61;4.52;4.53;1220440;12454442.00
2012/05/02;4.59;4.80;4.57;4.76;4202568;44176920.00
2012/05/03;4.76;5.04;4.72;5.03;7240320;78959760.00
2012/05/04;5.01;5.01;4.86;4.93;4397140;48256980.00
2012/05/07;4.87;5.00;4.87;4.94;2771888;30370118.00
2012/05/08;4.90;4.92;4.78;4.87;4508145;48585876.00
2012/05/09;4.82;4.83;4.65;4.67;4207111;44428680.00
2012/05/11;4.70;4.80;4.67;4.68;2356626;24917712.00
2012/05/14;4.74;4.83;4.68;4.70;2792086;29664478.00
2012/05/15;4.68;4.68;4.55;4.64;1568530;16185414.00
2012/05/16;4.63;4.67;4.58;4.60;1185846;12248539.00
2012/05/17;4.58;4.73;4.57;4.69;1588778;16562325.00
2012/05/18;4.65;4.75;4.59;4.64;1249140;13028491.00
2012/05/21;4.63;4.67;4.48;4.50;1531935;15609068.00
2012/05/22;4.51;4.60;4.51;4.59;962635;9850478.00
2012/05/23;4.57;4.59;4.47;4.55;1000363;10160844.00
2012/05/24;4.51;4.58;4.44;4.46;1567306;15785296.00
2012/05/25;4.45;4.47;4.28;4.30;1835060;18022274.00
2012/05/28;4.29;4.40;4.19;4.38;1755293;16967402.00
2012/05/29;4.39;4.52;4.39;4.48;1875091;18843176.00
2012/05/30;4.49;4.57;4.47;4.49;1633448;16547027.00
2012/05/31;4.48;4.55;4.41;4.52;1627787;16438607.00
2012/06/01;4.52;4.56;4.48;4.50;933331;9461317.00
2012/06/04;4.42;4.42;4.27;4.28;1586161;15515690.00
2012/06/05;4.28;4.31;4.23;4.24;974017;9385711.00
2012/06/06;4.28;4.29;4.22;4.25;633892;6086447.00
2012/06/07;4.29;4.31;4.25;4.25;1154131;11159267.00
2012/06/08;4.27;4.32;4.23;4.27;1020800;9867806.00
2012/06/11;4.29;4.36;4.26;4.35;927189;9019777.00
2012/06/12;4.34;4.37;4.29;4.36;887005;8662242.00
2012/06/13;4.36;4.51;4.36;4.49;1381845;13778439.00
2012/06/14;4.44;4.48;4.42;4.45;1173214;11718980.00
2012/06/15;4.45;4.47;4.42;4.47;923788;9229919.00
2012/06/18;4.47;4.51;4.47;4.49;911534;9188700.00
2012/06/19;4.51;4.51;4.42;4.42;1130513;11286091.00
2012/06/20;4.44;4.47;4.42;4.43;636090;6341490.00
2012/06/21;4.46;4.46;4.31;4.35;822590;8085785.50
2012/06/25;4.34;4.35;4.25;4.27;641786;6205881.50
2012/06/26;4.29;4.38;4.22;4.35;1057643;10237409.00
2012/06/27;4.35;4.45;4.33;4.40;1183049;11745645.00
2012/06/28;4.46;4.47;4.28;4.29;640744;6178345.50
2012/06/29;4.30;4.41;4.22;4.41;1011442;9631115.00
2012/07/02;4.42;4.44;4.09;4.13;6141950;57438612.00
2012/07/03;4.08;4.16;4.08;4.10;1745745;15954039.00
2012/07/04;4.11;4.13;4.08;4.10;985470;8967537.00
2012/07/05;4.08;4.10;3.94;3.94;1355943;12026605.00
2012/07/06;3.99;4.04;3.88;4.01;1275373;11275713.00
2012/07/09;3.98;4.00;3.86;3.87;915995;8030655.50
2012/07/10;3.85;3.91;3.81;3.87;1069094;9196778.00
2012/07/11;3.85;3.92;3.84;3.89;902345;7801505.50
2012/07/12;3.87;3.95;3.82;3.93;1414159;12267719.00
2012/07/13;3.92;3.98;3.89;3.90;1052049;9212141.00
2012/07/16;3.81;3.86;3.61;3.62;1847225;15370789.00
2012/07/17;3.60;3.67;3.60;3.64;976283;7988997.00
2012/07/18;3.58;3.65;3.55;3.64;1074058;8703998.00
2012/07/19;3.63;3.83;3.63;3.78;2466695;20616934.00
2012/07/20;3.75;3.77;3.72;3.74;678306;5678873.00
2012/07/23;3.66;3.86;3.66;3.78;1123639;9459897.00
2012/07/24;3.73;3.83;3.73;3.77;930414;7854061.00
2012/07/25;3.74;3.78;3.65;3.68;1150261;9546406.00
2012/07/26;3.66;3.80;3.66;3.73;1675257;14015198.00
2012/07/27;3.73;3.77;3.68;3.73;739282;6161123.50
2012/07/30;3.70;3.74;3.62;3.67;929989;7641919.00
2012/07/31;3.66;3.69;3.60;3.60;670973;5477208.50
2012/08/01;3.63;3.68;3.61;3.65;994122;8153242.00
2012/08/02;3.62;3.68;3.61;3.62;573079;4678399.50
2012/08/03;3.64;3.70;3.63;3.70;638967;5260812.50
2012/08/06;3.67;3.77;3.67;3.77;844425;7070019.50
2012/08/07;3.75;4.09;3.74;4.00;5517492;48335024.00
2012/08/08;3.90;3.95;3.88;3.91;3455953;30148322.00
2012/08/09;3.91;3.97;3.87;3.95;1660165;14546597.00
2012/08/10;3.95;3.98;3.90;3.94;1144073;10026248.00
2012/08/13;3.92;3.92;3.80;3.81;1379833;11871532.00
2012/08/14;3.81;3.89;3.78;3.89;1232244;10587907.00
2012/08/15;3.88;3.89;3.82;3.83;931830;8003775.00
2012/08/16;3.80;3.85;3.80;3.80;598678;5107174.00
2012/08/17;3.80;3.84;3.78;3.84;516501;4397431.50
2012/08/20;3.82;3.84;3.76;3.83;736585;6236536.00
2012/08/21;3.84;3.92;3.82;3.90;1544887;13367561.00
2012/08/22;3.90;3.90;3.81;3.84;1058537;9122800.00
2012/08/23;3.84;3.88;3.78;3.88;1214056;10408952.00
2012/08/24;3.85;3.88;3.69;3.70;1267194;10703649.00
2012/08/27;3.67;3.68;3.50;3.51;1964052;15786918.00
2012/08/28;3.53;3.60;3.52;3.56;612043;4905805.50
2012/08/29;3.56;3.63;3.51;3.58;1400669;11301539.00
2012/08/30;3.59;3.64;3.53;3.57;1199307;9693384.00
2012/08/31;3.57;3.60;3.52;3.58;621421;4984219.00
2012/09/03;3.58;3.65;3.56;3.65;1475447;11986379.00
2012/09/04;3.66;3.66;3.53;3.57;2094988;16887162.00
2012/09/05;3.57;3.60;3.53;3.58;1040014;8344962.50
2012/09/06;3.60;3.65;3.55;3.64;1487300;12045656.00
2012/09/07;3.67;3.83;3.64;3.79;3189100;26820910.00
2012/09/10;3.78;3.85;3.76;3.84;2381933;20308990.00
2012/09/11;3.81;3.81;3.76;3.80;1403375;11870082.00
2012/09/12;3.81;3.86;3.76;3.82;1844405;15726386.00
2012/09/13;3.82;3.86;3.75;3.75;1678233;14293127.00
2012/09/14;3.80;3.80;3.72;3.75;1273532;10720215.00
2012/09/17;3.76;3.77;3.58;3.59;1364307;11240389.00
2012/09/18;3.57;3.61;3.56;3.59;798173;6437963.50
2012/09/19;3.59;3.62;3.58;3.60;541472;4388252.00
2012/09/20;3.59;3.59;3.47;3.47;925359;7363260.50
2012/09/21;3.47;3.53;3.46;3.48;669405;5263517.50
2012/09/24;3.46;3.49;3.41;3.48;770715;6011294.00
2012/09/25;3.46;3.48;3.41;3.42;460998;3587011.75
2012/09/26;3.43;3.44;3.30;3.31;832624;6346462.00
2012/09/27;3.33;3.44;3.30;3.39;956083;7295769.50
2012/09/28;3.37;3.47;3.36;3.46;757238;5869806.50
2012/10/08;3.46;3.48;3.43;3.46;695148;5419136.00
2012/10/09;3.46;3.59;3.46;3.57;1755803;14009275.00
2012/10/10;3.55;3.68;3.55;3.68;2474957;20250550.00
2012/10/11;3.66;3.66;3.62;3.62;1380386;11277917.00
2012/10/12;3.65;3.68;3.58;3.65;1539082;12547329.00
2012/10/15;3.63;3.64;3.53;3.57;855709;6876212.00
2012/10/16;3.56;3.62;3.53;3.61;965589;7805977.00
2012/10/17;3.61;3.62;3.57;3.61;587850;4753992.50
2012/10/18;3.61;3.67;3.59;3.66;888745;7273587.00
2012/10/19;3.64;3.68;3.64;3.66;767780;6309998.50
2012/10/22;3.62;3.66;3.61;3.65;542840;4435779.00
2012/10/23;3.65;3.65;3.60;3.61;860682;7018237.50
2012/10/24;3.60;3.64;3.57;3.57;857355;6956417.00
2012/10/25;3.57;3.68;3.57;3.57;755642;6148951.00
2012/10/26;3.59;3.60;3.50;3.53;984575;7845817.00
2012/10/29;3.53;3.60;3.48;3.53;380375;3031720.25
2012/10/30;3.55;3.57;3.51;3.53;317184;2530238.00
2012/10/31;3.56;3.58;3.52;3.58;500832;4007829.50
2012/11/01;3.56;3.65;3.56;3.63;5044467;40985668.00
2012/11/02;3.62;3.63;3.56;3.60;1827670;14775142.00
2012/11/05;3.60;3.62;3.57;3.60;828697;6707255.00
2012/11/06;3.61;3.61;3.52;3.54;1381067;11057657.00
2012/11/07;3.53;3.57;3.53;3.53;518520;4138907.50
2012/11/08;3.50;3.51;3.38;3.39;1190599;9283343.00
2012/11/09;3.36;3.40;3.36;3.39;603305;4613256.50
2012/11/12;3.43;3.43;3.39;3.41;451326;3471982.75
2012/11/13;3.40;3.41;3.33;3.33;648768;4934818.00
2012/11/14;3.33;3.36;3.33;3.35;298505;2263538.75
2012/11/15;3.34;3.36;3.30;3.31;581360;4392704.50
2012/11/16;3.33;3.34;3.29;3.32;529278;3981702.75
2012/11/19;3.33;3.35;3.30;3.35;360789;2726298.00
2012/11/20;3.37;3.37;3.32;3.32;439811;3329648.00
2012/11/21;3.35;3.37;3.28;3.36;767052;5799956.50
2012/11/22;3.36;3.41;3.34;3.38;986182;7544525.50
2012/11/23;3.38;3.42;3.38;3.40;843354;6490668.50
2012/11/26;3.39;3.39;3.32;3.32;456066;3463666.50
2012/11/27;3.30;3.33;3.16;3.18;802394;5902923.50
2012/11/28;3.18;3.18;3.12;3.14;416611;2994375.00
2012/11/29;3.15;3.17;3.10;3.10;578797;4152399.00
2012/11/30;3.10;3.16;3.10;3.13;423475;3029688.00
2012/12/03;3.14;3.14;3.04;3.04;481700;3419187.00
2012/12/04;3.01;3.08;2.96;3.05;585905;4049186.00
2012/12/05;3.04;3.20;3.04;3.17;890702;6429666.00
2012/12/06;3.18;3.20;3.13;3.16;594535;4293622.50
2012/12/07;3.14;3.27;3.14;3.24;1139068;8353062.50
2012/12/10;3.25;3.30;3.23;3.29;1002353;7452673.50
2012/12/11;3.27;3.29;3.25;3.28;1044501;7768726.00
2012/12/12;3.26;3.29;3.21;3.26;685573;5068777.50
2012/12/13;3.23;3.26;3.19;3.20;680217;4991488.50
2012/12/14;3.22;3.35;3.19;3.34;1764182;13246802.00
2012/12/17;3.37;3.40;3.34;3.38;1872259;14309193.00
2012/12/18;3.36;3.40;3.34;3.34;1107542;8449692.00
2012/12/19;3.33;3.38;3.33;3.35;903626;6860951.50
2012/12/20;3.33;3.35;3.29;3.33;958745;7220004.00
2012/12/21;3.34;3.39;3.31;3.35;1712009;12999731.00
2012/12/24;3.35;3.43;3.33;3.42;1723117;13224566.00
2012/12/25;3.41;3.50;3.41;3.50;2269381;17777582.00
2012/12/26;3.49;3.57;3.47;3.55;2082522;16497691.00
2012/12/27;3.57;3.62;3.47;3.47;2552866;20276596.00
2012/12/28;3.45;3.54;3.45;3.53;1578878;12474366.00
2012/12/31;3.53;3.54;3.48;3.51;2287620;18073804.00
2013/01/04;3.55;3.56;3.45;3.50;1911387;15133350.00
2013/01/07;3.50;3.53;3.47;3.52;1246512;9845667.00
2013/01/08;3.54;3.60;3.50;3.60;2632060;21098924.00
2013/01/09;3.57;3.63;3.53;3.58;2566329;20699644.00
2013/01/10;3.57;3.61;3.55;3.59;2029131;16343892.00
2013/01/11;3.60;3.62;3.48;3.49;2285913;18357016.00
2013/01/14;3.47;3.62;3.46;3.61;2607394;20908446.00
2013/01/15;3.63;3.70;3.60;3.68;3934026;32400698.00
2013/01/16;3.68;3.76;3.63;3.72;3657478;30310910.00
2013/01/17;3.71;3.72;3.63;3.64;2304947;18939024.00
2013/01/18;3.65;3.71;3.62;3.70;2346934;19346860.00
2013/01/21;3.71;3.84;3.70;3.79;4830824;40764180.00
2013/01/22;3.77;3.82;3.68;3.75;3082489;25979958.00
2013/01/23;3.73;3.74;3.64;3.68;1651842;13632063.00
2013/01/24;3.68;3.77;3.56;3.60;2908114;23968786.00
2013/01/25;3.61;3.61;3.55;3.59;1431401;11536062.00
2013/01/28;3.58;3.68;3.58;3.68;1602533;13112951.00
2013/01/29;3.69;3.76;3.67;3.75;3742570;31317858.00
2013/01/30;3.75;3.84;3.69;3.82;4264628;36017332.00
2013/01/31;3.80;3.90;3.76;3.89;4990622;42779016.00
2013/02/01;3.88;3.92;3.84;3.92;3697520;32014074.00
2013/02/04;3.92;4.03;3.87;3.88;3555149;31139068.00
2013/02/05;3.86;4.04;3.80;3.97;3467506;30287020.00
2013/02/06;3.94;3.98;3.93;3.95;1494203;13140396.00
2013/02/07;3.93;3.94;3.83;3.85;3097456;26707736.00
2013/02/08;3.86;4.04;3.86;3.97;2943126;25804168.00
2013/02/18;3.97;4.11;3.94;4.05;2801056;25119114.00
2013/02/19;4.04;4.06;3.94;3.95;2098866;18617630.00
2013/02/20;3.95;4.03;3.93;4.01;1683157;14927351.00
2013/02/21;3.98;4.01;3.79;3.81;2951851;25411400.00
2013/02/22;3.79;3.86;3.79;3.80;1251204;10694708.00
2013/02/25;3.82;3.86;3.79;3.83;1087629;9289271.00
2013/02/26;3.81;3.85;3.71;3.72;1516866;12875968.00
2013/02/27;3.72;3.76;3.63;3.67;1944865;16102617.00
2013/02/28;3.69;3.76;3.66;3.76;1899573;15826822.00
2013/03/01;3.77;3.82;3.74;3.79;1624554;13727894.00
2013/03/04;3.76;3.76;3.61;3.63;2082619;17105028.00
2013/03/05;3.64;3.76;3.60;3.74;1482948;12270306.00
2013/03/06;3.75;3.78;3.73;3.78;2596575;21816838.00
2013/03/07;3.77;3.80;3.71;3.74;1923969;16221039.00
2013/03/08;3.74;3.79;3.72;3.75;1189272;10003886.00
2013/03/11;3.77;3.77;3.70;3.74;817285;6848827.50
2013/03/12;3.74;3.76;3.55;3.59;1852643;15136806.00
2013/03/13;3.59;3.64;3.53;3.57;835754;6709833.00
2013/03/14;3.57;3.63;3.55;3.58;1128405;9100873.00
2013/03/15;3.58;3.80;3.55;3.73;3091666;25689776.00
2013/03/18;3.69;3.72;3.61;3.62;1196884;9846413.00
2013/03/19;3.60;3.64;3.56;3.63;784909;6360832.00
2013/03/20;3.63;3.72;3.63;3.72;1171252;9695640.00
2013/03/21;3.72;3.75;3.70;3.72;1525981;12738661.00
2013/03/22;3.72;3.76;3.70;3.72;1207277;10075840.00
2013/03/25;3.71;3.75;3.71;3.74;840051;7021114.50
2013/03/26;3.75;3.75;3.64;3.67;964033;7937173.50
2013/03/27;3.65;3.74;3.65;3.71;754880;6244272.00
2013/03/28;3.69;3.71;3.57;3.65;1189618;9685682.00
2013/03/29;3.63;3.65;3.60;3.62;566306;4613796.00
2013/04/01;3.57;3.62;3.57;3.58;744878;6020086.00
2013/04/02;3.60;3.61;3.55;3.55;541984;4361071.50
2013/04/03;3.54;3.57;3.43;3.44;1113161;8755086.00
2013/04/08;3.41;3.54;3.36;3.51;955005;7477451.50
2013/04/09;3.50;3.58;3.50;3.55;523251;4180196.50
2013/04/10;3.53;3.54;3.45;3.49;998514;7856772.50
2013/04/11;3.49;3.51;3.45;3.47;756627;5935130.50
2013/04/12;3.45;3.49;3.43;3.44;396549;3094655.75
2013/04/15;3.41;3.46;3.36;3.37;492504;3785916.25
2013/04/16;3.37;3.45;3.32;3.43;391913;3000039.50
2013/04/17;3.43;3.46;3.40;3.46;385193;2990040.50
2013/04/18;3.44;3.51;3.41;3.48;466864;3661594.75
2013/04/19;3.47;3.56;3.47;3.54;762339;6065494.00
2013/04/22;3.49;3.65;3.49;3.59;861590;6950657.00
2013/04/23;3.60;3.60;3.46;3.48;743156;5884005.00
2013/04/24;3.48;3.56;3.47;3.53;663895;5263322.00
2013/04/25;3.52;3.60;3.46;3.59;1673769;13395506.00
2013/04/26;3.57;3.59;3.48;3.55;748830;5981779.50
2013/05/02;3.54;3.54;3.46;3.47;673622;5304023.50
2013/05/03;3.51;3.57;3.47;3.55;876133;6990244.00
2013/05/06;3.53;3.62;3.53;3.61;1272816;10252030.00
2013/05/07;3.60;3.60;3.54;3.57;765182;6154856.50
2013/05/08;3.57;3.65;3.57;3.64;1295300;10524732.00
2013/05/09;3.65;3.65;3.58;3.63;948646;7708224.00
2013/05/10;3.61;3.80;3.60;3.74;3342996;27985070.00
2013/05/13;3.75;3.82;3.70;3.79;1677854;14167881.00
2013/05/14;3.75;3.81;3.67;3.72;1316608;10963337.00
2013/05/15;3.75;3.76;3.69;3.76;676791;5648842.00
2013/05/16;3.75;3.78;3.72;3.74;1201659;10087794.00
2013/05/17;3.74;3.78;3.71;3.76;1842955;15466695.00
2013/05/20;3.77;3.85;3.75;3.84;2492914;21229456.00
2013/05/21;3.84;3.87;3.79;3.84;1857288;15887710.00
2013/05/22;3.82;3.88;3.76;3.77;1621655;13816423.00
2013/05/23;3.76;3.81;3.70;3.73;1334991;11223105.00
2013/05/24;3.72;3.79;3.70;3.77;1438290;12056790.00
2013/05/27;3.77;3.84;3.74;3.81;1437692;12196252.00
2013/05/28;3.81;3.82;3.75;3.79;1450481;12263201.00
2013/05/29;3.79;3.92;3.78;3.88;4063068;35066396.00
2013/05/30;3.85;3.91;3.83;3.87;2651452;22916274.00
2013/05/31;3.89;3.91;3.85;3.88;2149093;18607780.00
2013/06/03;3.88;3.95;3.86;3.94;3149250;27477530.00
2013/06/04;3.96;3.96;3.73;3.76;2819224;23970132.00
2013/06/05;3.75;3.78;3.66;3.70;1989836;16573926.00
2013/06/06;3.70;3.73;3.67;3.67;994520;8246350.00
2013/06/07;3.69;3.71;3.56;3.58;1430154;11608754.00
2013/06/13;3.55;3.63;3.38;3.50;1131338;8870157.00
2013/06/14;3.50;3.60;3.47;3.55;764470;6077732.50
2013/06/17;3.57;3.58;3.50;3.55;893819;7139696.00
2013/06/18;3.59;3.59;3.50;3.54;738622;5874354.00
2013/06/19;3.53;3.53;3.42;3.43;1363157;10613575.00
2013/06/20;3.43;3.47;3.37;3.37;908241;7032332.50
2013/06/21;3.35;3.37;3.29;3.34;1196399;9032096.00
2013/06/24;3.38;3.38;3.08;3.15;945957;6978951.00
2013/06/25;3.18;3.18;2.91;3.10;2224622;14979597.00
2013/06/26;3.13;3.25;3.02;3.20;1678729;11720682.00
2013/06/27;3.21;3.24;3.08;3.12;1040759;7347420.50
2013/06/28;3.08;3.18;3.04;3.09;1420483;9771989.00
2013/07/01;3.07;3.12;3.00;3.10;1706166;11563175.00
2013/07/02;3.10;3.14;3.05;3.14;1293809;8903766.00
2013/07/03;3.14;3.14;3.03;3.09;1296624;8861478.00
2013/07/04;3.07;3.14;3.05;3.12;2282435;15805583.00
2013/07/05;3.11;3.17;3.09;3.11;1413268;9816131.00
2013/07/08;3.12;3.12;2.96;3.01;1378795;9242985.00
2013/07/09;3.01;3.04;2.95;2.96;1420368;9425784.00
2013/07/10;2.96;3.06;2.96;3.06;1123754;7549833.00
2013/07/11;3.06;3.20;3.05;3.16;1944464;13550781.00
2013/07/12;3.15;3.18;3.09;3.11;1463862;10203318.00
2013/07/15;3.11;3.17;3.10;3.14;1820946;12665914.00
2013/07/16;3.14;3.20;3.12;3.20;1692570;11931817.00
2013/07/17;3.22;3.22;3.14;3.14;1444780;10178204.00
2013/07/18;3.13;3.16;3.10;3.12;1102491;7654862.00
2013/07/19;3.12;3.17;3.08;3.08;1087047;7533047.00
2013/07/22;3.06;3.09;3.03;3.09;974971;6661553.50
2013/07/23;3.09;3.19;3.07;3.18;2155322;15029653.00
2013/07/24;3.17;3.20;3.12;3.18;1591529;11167903.00
2013/07/25;3.18;3.25;3.18;3.20;2945964;20976052.00
2013/07/26;3.19;3.31;3.15;3.30;3161567;22798460.00
2013/07/29;3.30;3.34;3.20;3.22;2391124;17230974.00
2013/07/30;3.24;3.25;3.14;3.20;1502339;10692046.00
2013/07/31;3.23;3.25;3.20;3.23;1419053;10130890.00
2013/08/01;3.24;3.33;3.22;3.32;2293259;16714166.00
2013/08/02;3.33;3.34;3.29;3.30;1834508;13438227.00
2013/08/05;3.30;3.35;3.27;3.35;1804967;13254124.00
2013/08/06;3.35;3.37;3.31;3.35;1584666;11693258.00
2013/08/07;3.36;3.38;3.28;3.29;2019612;14862527.00
2013/08/08;3.29;3.33;3.28;3.29;1379954;10069417.00
2013/08/09;3.31;3.35;3.26;3.33;1562878;11431738.00
2013/08/12;3.35;3.39;3.32;3.39;1871966;13908902.00
2013/08/13;3.37;3.45;3.37;3.43;2213720;16638267.00
2013/08/14;3.42;3.49;3.37;3.39;2344402;17698830.00
2013/08/15;3.39;3.42;3.35;3.37;1716888;12812947.00
2013/08/16;3.36;3.49;3.34;3.43;3727463;28120570.00
2013/08/19;3.42;3.60;3.40;3.58;6945298;54033804.00
2013/08/20;3.58;3.75;3.40;3.75;8363318;66939544.00
2013/08/21;3.66;3.98;3.66;3.93;11098725;93296152.00
2013/08/22;3.92;3.96;3.86;3.91;6080217;51941316.00
2013/08/23;3.88;4.07;3.86;4.02;7612170;66030788.00
2013/08/26;4.03;4.33;4.00;4.08;12450959;113042472.00
2013/08/27;4.07;4.10;4.02;4.07;3710104;32649352.00
2013/08/28;3.94;4.06;3.94;3.96;2731134;23677860.00
2013/08/29;3.96;4.17;3.86;4.15;3225798;28558654.00
2013/08/30;4.10;4.22;4.05;4.09;3268772;29285520.00
2013/09/02;4.07;4.43;4.07;4.31;13846658;129526248.00
2013/09/03;4.31;4.59;4.27;4.36;15083982;143503936.00
2013/09/04;4.23;4.40;4.23;4.25;6718509;62546016.00
2013/09/05;4.27;4.35;4.14;4.20;7396246;67127712.00
2013/09/06;4.13;4.23;3.95;4.15;7290611;65520356.00
2013/09/09;4.15;4.52;4.15;4.45;13254462;124096616.00
2013/09/10;4.45;4.69;4.42;4.59;12553886;123943088.00
2013/09/11;4.55;4.73;4.42;4.53;11094563;108899344.00
2013/09/12;4.49;4.60;4.41;4.50;4123843;39924888.00
2013/09/13;4.50;4.69;4.45;4.62;7014881;69590576.00
2013/09/16;4.63;4.89;4.62;4.76;8327098;85353800.00
2013/09/17;4.83;4.90;4.52;4.56;6841706;68304904.00
2013/09/18;4.40;4.50;4.30;4.30;6539538;61926372.00
2013/09/23;4.33;4.50;4.33;4.45;9033667;86129360.00
2013/09/24;4.46;4.49;4.35;4.40;4755535;44971276.00
2013/09/25;4.45;4.64;4.43;4.45;10266387;100074784.00
2013/09/26;4.35;4.49;4.34;4.39;4968551;46883640.00
2013/09/27;4.44;4.52;4.31;4.41;4031198;38510820.00
2013/09/30;4.45;4.62;4.45;4.55;8716391;85437640.00
2013/10/08;4.54;4.79;4.48;4.73;12245618;123095536.00
2013/10/09;4.75;4.98;4.68;4.85;16713261;174421696.00
2013/10/10;4.90;5.04;4.64;4.68;15420738;156781680.00
2013/10/11;4.55;4.74;4.40;4.56;14881831;145730832.00
2013/10/14;4.57;4.75;4.30;4.30;16908668;163348864.00
2013/10/15;4.33;4.34;4.08;4.09;13979311;125826368.00
2013/10/16;4.11;4.12;3.95;3.97;9234160;80884896.00
2013/10/17;4.02;4.06;3.99;4.02;3930051;34333540.00
2013/10/18;4.06;4.08;3.95;4.04;3796363;33168874.00
2013/10/21;4.06;4.14;4.02;4.13;4737559;42054708.00
2013/10/22;4.13;4.13;3.98;3.99;4931113;43321964.00
2013/10/23;4.00;4.05;3.93;3.96;3475611;30106530.00
2013/10/24;3.93;3.98;3.93;3.95;2061342;17733974.00
2013/10/25;3.98;3.98;3.81;3.84;2861030;24204636.00
2013/10/28;3.84;3.89;3.83;3.87;1751160;14719382.00
2013/10/29;3.87;3.89;3.54;3.63;3815579;30747876.00
2013/10/30;3.64;3.72;3.61;3.71;1943385;15589056.00
2013/10/31;3.69;3.69;3.64;3.67;1522028;12220065.00
2013/11/01;3.66;3.70;3.63;3.68;1819679;14622105.00
2013/11/04;3.68;3.75;3.64;3.75;1736980;14087750.00
2013/11/05;3.74;3.78;3.69;3.78;1834218;14960681.00
2013/11/06;3.77;3.83;3.74;3.74;1946497;16096543.00
2013/11/07;3.73;3.75;3.62;3.75;1763485;14255164.00
2013/11/08;3.70;3.74;3.63;3.68;1492283;12023130.00
2013/11/11;3.68;3.69;3.60;3.67;1163516;9296054.00
2013/11/12;3.69;3.74;3.67;3.74;1841984;14947144.00
2013/11/13;3.73;3.73;3.64;3.65;1022449;8242256.50
2013/11/14;3.63;3.72;3.62;3.72;1092987;8806347.00
2013/11/15;3.74;3.87;3.72;3.83;3728207;31043442.00
2013/11/18;3.83;3.95;3.82;3.94;3613031;30578618.00
2013/11/19;3.94;3.96;3.88;3.90;2411760;20541526.00
2013/11/20;3.90;3.99;3.88;3.98;2626824;22522326.00
2013/11/21;3.99;3.99;3.89;3.94;1910879;16373980.00
2013/11/22;3.92;3.96;3.86;3.86;2622032;22299816.00
2013/11/25;3.85;3.93;3.83;3.89;1487658;12638235.00
2013/11/26;3.89;3.95;3.87;3.95;1908858;16324516.00
2013/11/27;3.95;4.05;3.91;4.04;2895849;25189718.00
2013/11/28;4.03;4.07;4.01;4.03;2792436;24504982.00
2013/11/29;4.03;4.07;4.01;4.05;2371946;20857446.00
2013/12/02;3.95;3.95;3.66;3.70;4820297;40093188.00
2013/12/03;3.69;3.83;3.67;3.80;1897579;15626844.00
2013/12/04;3.81;3.92;3.78;3.88;2167197;18261104.00
2013/12/05;3.88;3.90;3.84;3.87;3158800;26627934.00
2013/12/06;3.87;4.04;3.86;4.00;5320935;45870736.00
2013/12/09;4.02;4.09;3.99;4.02;4885043;42657020.00
2013/12/10;4.04;4.06;3.99;4.03;5191013;45446600.00
2013/12/11;4.03;4.04;3.91;3.95;4529424;39202312.00
2013/12/12;3.95;4.04;3.92;4.02;4831668;42055940.00
2013/12/13;4.02;4.19;3.99;4.19;10077234;89623408.00
2013/12/16;4.22;4.28;4.13;4.21;9134269;83163024.00
2013/12/17;4.21;4.23;4.05;4.12;4987108;44659580.00
2013/12/18;4.12;4.17;4.07;4.09;3576107;31946122.00
2013/12/19;4.10;4.19;4.08;4.18;5524607;49680048.00
2013/12/20;4.18;4.21;4.02;4.02;4215643;37571548.00
2013/12/23;4.00;4.02;3.78;3.84;3923393;33145030.00
2013/12/24;3.85;3.94;3.80;3.88;2112153;17910392.00
2013/12/25;3.90;3.97;3.84;3.97;2379607;20328198.00
2013/12/26;3.98;4.03;3.92;3.93;3163080;27319122.00
2013/12/27;3.93;4.07;3.92;4.04;2838416;24756164.00
2013/12/30;4.06;4.17;4.05;4.09;3076938;27489318.00
2013/12/31;4.07;4.12;4.04;4.10;2210552;19623632.00
2014/01/02;4.07;4.17;4.07;4.13;2613694;23373416.00
2014/01/03;4.11;4.14;4.01;4.01;3527921;31137090.00
2014/01/06;3.98;4.00;3.85;3.89;2966826;25221764.00
2014/01/07;3.87;3.92;3.81;3.90;1560496;13194365.00
2014/01/08;3.88;3.99;3.88;3.91;1752978;15020683.00
2014/01/09;3.89;3.95;3.80;3.81;2192626;18617974.00
2014/01/10;3.80;3.82;3.61;3.62;2883306;23348582.00
2014/01/13;3.63;3.67;3.53;3.57;2088608;16477023.00
2014/01/14;3.57;3.70;3.57;3.70;1700306;13628339.00
2014/01/15;3.69;3.75;3.67;3.74;1479388;12032775.00
2014/01/16;3.73;3.78;3.71;3.75;1375298;11250390.00
2014/01/17;3.75;3.75;3.65;3.67;1517545;12243064.00
2014/01/20;3.62;3.70;3.62;3.64;907574;7274996.00
2014/01/21;3.68;3.73;3.64;3.70;1069601;8639457.00
2014/01/22;3.70;3.81;3.70;3.79;1998804;16443283.00
2014/01/23;3.79;3.88;3.78;3.83;2303019;19242912.00
2014/01/24;3.83;3.90;3.82;3.84;2424027;20387142.00
2014/01/27;3.83;3.95;3.82;3.89;2895220;24547044.00
2014/01/28;3.88;3.94;3.85;3.90;1802504;15319659.00
2014/01/29;3.90;3.97;3.87;3.96;2003339;17134416.00
2014/01/30;3.95;4.00;3.92;3.94;2046508;17639596.00
2014/02/07;3.91;4.00;3.90;4.00;2237172;19218402.00
2014/02/10;4.00;4.13;3.99;4.09;3975084;35213840.00
2014/02/11;4.11;4.27;4.08;4.15;5869898;53142948.00
2014/02/12;4.15;4.26;4.12;4.25;4549211;41460196.00
2014/02/13;4.25;4.25;4.09;4.11;4412486;39949288.00
2014/02/14;4.11;4.40;4.11;4.37;7672669;71172800.00
2014/02/17;4.41;4.50;4.35;4.39;5963163;56680236.00
2014/02/18;4.41;4.47;4.32;4.43;5661189;53638452.00
2014/02/19;4.42;4.57;4.37;4.42;6089423;58740300.00
2014/02/20;4.42;4.47;4.24;4.27;5930942;55314036.00
2014/02/21;4.26;4.34;4.16;4.21;3905279;35834832.00
2014/02/24;4.19;4.30;4.16;4.30;3860130;35369344.00
2014/02/25;4.33;4.48;4.11;4.19;8232527;77273352.00
2014/02/26;4.19;4.30;4.11;4.30;3685978;33624032.00
2014/02/27;4.30;4.47;4.28;4.30;6146659;58315624.00
2014/02/28;4.25;4.45;4.18;4.44;4792415;44857364.00
2014/03/03;4.45;4.56;4.44;4.52;8686064;84283080.00
2014/03/04;4.52;4.56;4.39;4.56;6301621;60791092.00
2014/03/05;4.55;4.71;4.51;4.54;7438191;73795296.00
2014/03/06;4.53;4.67;4.42;4.62;6319967;62319604.00
2014/03/07;4.62;4.83;4.62;4.76;8519860;86764640.00
2014/03/10;4.65;4.72;4.43;4.50;5286303;51886068.00
2014/03/11;4.48;4.54;4.34;4.40;3882292;37224532.00
2014/03/12;4.40;4.40;4.19;4.36;4231872;39243264.00
2014/03/13;4.34;4.39;4.32;4.36;2037786;19194564.00
2014/03/14;4.34;4.37;4.23;4.27;2295619;21306184.00
2014/03/17;4.24;4.41;4.24;4.40;2184878;20559042.00
2014/03/18;4.42;4.46;4.37;4.42;2502088;23847696.00
2014/03/19;4.41;4.54;4.36;4.53;3460853;33413274.00
2014/03/20;4.50;4.60;4.31;4.31;4288182;41286452.00
2014/03/21;4.31;4.46;4.23;4.44;4170406;38989924.00
2014/03/24;4.43;4.48;4.41;4.48;3460697;33192818.00
2014/03/25;4.46;4.55;4.42;4.44;3218041;31050916.00
2014/03/26;4.45;4.56;4.42;4.45;3802566;36747304.00
2014/03/27;4.45;4.45;4.21;4.22;4689361;43722772.00
2014/03/28;4.22;4.28;4.06;4.10;4126122;37221440.00
2014/03/31;4.11;4.20;4.06;4.17;1686228;15144717.00
2014/04/01;4.16;4.26;4.14;4.26;1589980;14533750.00
2014/04/02;4.23;4.27;4.20;4.20;1315978;12063114.00
2014/04/03;4.20;4.26;4.18;4.23;1226170;11220981.00
2014/04/04;4.24;4.29;4.20;4.29;1370686;12631905.00
2014/04/08;4.29;4.38;4.27;4.35;2346948;22008114.00
2014/04/09;4.35;4.42;4.34;4.41;2190077;20776626.00
2014/04/10;4.38;4.47;4.36;4.43;2736124;26128442.00
2014/04/11;4.40;4.40;4.26;4.27;3790122;35220164.00
2014/04/14;4.27;4.35;4.25;4.35;2255596;21030982.00
2014/04/15;4.36;4.42;4.33;4.36;2780211;26321014.00
2014/04/16;4.34;4.38;4.29;4.34;1622095;15175050.00
2014/04/17;4.34;4.47;4.34;4.45;4286370;40973456.00
2014/04/18;4.44;4.55;4.43;4.47;4507233;43666520.00
2014/04/21;4.45;4.52;4.38;4.39;2861121;27466692.00
2014/04/22;4.39;4.41;4.21;4.35;2859244;26570176.00
2014/04/23;4.33;4.37;4.24;4.27;2302122;21333574.00
2014/04/24;4.25;4.29;4.23;4.24;1127334;10378933.00
2014/04/25;4.19;4.29;4.19;4.21;1667264;15264475.00
2014/04/28;4.15;4.19;4.05;4.05;2220066;19820838.00
2014/04/29;4.03;4.11;3.97;4.09;1593514;13991906.00
2014/04/30;4.08;4.16;4.04;4.16;1148510;10240605.00
2014/05/05;4.16;4.22;4.12;4.20;1015353;9155391.00
2014/05/06;4.16;4.27;4.15;4.21;1738179;15908358.00
2014/05/07;4.19;4.22;4.13;4.17;1147715;10397496.00
2014/05/08;4.16;4.24;4.10;4.17;1318018;11957992.00
2014/05/09;4.17;4.22;4.12;4.22;1291459;11709920.00
2014/05/12;4.26;4.37;4.22;4.36;2632052;24507388.00
2014/05/13;4.36;4.36;4.30;4.31;1550674;14485844.00
2014/05/14;4.31;4.46;4.31;4.40;4187503;39782952.00
2014/05/15;4.38;4.44;4.29;4.34;2734829;25723614.00
2014/05/16;4.30;4.39;4.29;4.39;2132286;19996848.00
2014/05/19;4.39;4.47;4.33;4.47;3967503;37772236.00
2014/05/20;4.45;4.52;4.37;4.42;3262943;31267480.00
2014/05/21;4.38;4.51;4.31;4.51;4107346;39330496.00
2014/05/22;4.49;4.56;4.44;4.46;4333036;42035536.00
2014/05/23;4.50;4.53;4.44;4.52;3086129;28914938.00
2014/05/26;4.52;4.63;4.49;4.51;4866234;46276240.00
2014/05/27;4.51;4.51;4.38;4.40;6129044;56698628.00
2014/05/28;4.40;4.42;4.35;4.40;4564099;41806004.00
2014/05/29;4.41;4.44;4.37;4.38;2805329;25814168.00
2014/05/30;4.37;4.47;4.36;4.47;3014936;27882626.00
2014/06/03;4.47;4.51;4.44;4.46;2933448;27412006.00
2014/06/04;4.45;4.61;4.43;4.61;8154807;77345000.00
2014/06/05;4.61;4.65;4.56;4.63;6565433;63209064.00
2014/06/06;4.64;4.65;4.55;4.61;4734809;45426756.00
2014/06/09;4.60;4.71;4.54;4.70;6240636;60377540.00
2014/06/10;4.69;4.70;4.62;4.68;4300425;41758580.00
2014/06/11;4.67;4.68;4.57;4.64;4467738;43037920.00
2014/06/12;4.61;4.72;4.57;4.58;4487662;43522148.00
2014/06/13;4.56;4.67;4.50;4.65;5686635;54576688.00
2014/06/16;4.66;4.73;4.63;4.65;4298419;41883452.00
2014/06/17;4.64;4.64;4.53;4.54;3578689;34197524.00
2014/06/18;4.53;4.57;4.41;4.43;4053503;37885452.00
2014/06/19;4.46;4.46;4.25;4.29;3527269;32153728.00
2014/06/20;4.29;4.34;4.27;4.33;1955702;17650160.00
2014/06/23;4.34;4.41;4.32;4.38;2036822;18624040.00
2014/06/24;4.38;4.41;4.36;4.39;1609245;14751665.00
2014/06/25;4.39;4.48;4.34;4.46;2315250;21296784.00
2014/06/26;4.45;4.57;4.44;4.55;3646520;34424588.00
2014/06/27;4.53;4.57;4.51;4.54;2323057;22040110.00
2014/06/30;4.52;4.61;4.52;4.57;2712324;25906030.00
2014/07/01;4.58;4.59;4.50;4.57;2804872;26614942.00
2014/07/02;4.57;4.66;4.52;4.65;4630944;44428624.00
2014/07/03;4.64;4.69;4.60;4.64;3478831;33711104.00
2014/07/04;4.64;4.94;4.61;4.88;12766842;128085952.00
2014/07/07;4.87;4.97;4.81;4.91;6652412;67570168.00
2014/07/08;4.89;4.89;4.75;4.82;9643394;96674152.00
2014/07/09;4.81;5.01;4.76;4.76;11405661;116002736.00
2014/07/10;4.76;4.87;4.73;4.83;5675373;56949420.00
2014/07/11;4.80;4.96;4.75;4.92;6668266;67771600.00
2014/07/14;4.94;5.07;4.94;5.00;7411964;77150032.00
2014/07/15;5.00;5.09;4.86;4.93;9476758;98094248.00
2014/07/16;4.92;4.97;4.79;4.81;5542831;56036640.00
2014/07/17;4.80;4.80;4.70;4.76;5825753;57543888.00
2014/07/18;4.75;4.84;4.72;4.76;6194639;61638384.00
2014/07/21;4.77;4.88;4.74;4.88;5506753;55304380.00
2014/07/22;4.88;4.93;4.85;4.89;4654059;47373540.00
2014/07/23;4.89;4.95;4.77;4.77;4682631;47268920.00
2014/07/24;4.75;4.80;4.61;4.64;5504235;53592804.00
2014/07/25;4.64;4.72;4.63;4.68;3797509;37007816.00
2014/07/28;4.68;4.79;4.68;4.78;5461471;54060040.00
2014/07/29;4.78;4.87;4.76;4.84;4984004;50144036.00
2014/07/30;4.83;4.93;4.81;4.89;4504513;45600524.00
2014/07/31;4.89;4.99;4.89;4.95;4846853;49847952.00
2014/08/01;4.98;4.98;4.85;4.87;5643992;57532272.00
2014/08/04;4.87;5.17;4.85;5.17;11735102;123280456.00
2014/08/05;5.15;5.17;5.07;5.14;6836598;72604136.00
2014/08/06;5.13;5.23;5.06;5.09;6469624;68918464.00
2014/08/07;5.09;5.22;5.06;5.11;5940486;63245704.00
2014/08/08;5.09;5.20;5.07;5.12;4269496;45533740.00
2014/08/11;5.13;5.34;5.12;5.30;7251301;79264928.00
2014/08/12;5.32;5.37;5.25;5.26;6456328;71037656.00
2014/08/13;5.26;5.43;5.23;5.38;6632469;73551424.00
2014/08/14;5.42;5.43;5.24;5.25;6553620;72594592.00
2014/08/15;5.25;5.28;5.16;5.22;6787108;73452152.00
2014/09/15;5.58;5.76;5.40;5.76;18728189;215573616.00
2014/09/16;5.84;5.86;5.41;5.43;17559323;205291024.00
2014/09/17;5.43;5.58;5.29;5.57;10254779;115028944.00
2014/09/18;5.50;5.64;5.45;5.57;6551601;75396672.00
2014/09/19;5.54;5.68;5.54;5.65;6572038;76495256.00
2014/09/22;5.61;5.66;5.45;5.60;6545828;75200080.00
2014/09/23;5.57;5.70;5.54;5.66;7505468;87530560.00
2014/09/24;5.70;5.82;5.66;5.77;8311496;99173104.00
2014/09/25;5.79;5.83;5.64;5.67;6592932;78056448.00
2014/09/26;5.69;5.69;5.61;5.68;4848250;56725792.00
2014/09/29;5.70;5.82;5.67;5.79;6480432;76682072.00
2014/09/30;5.80;5.97;5.75;5.92;7286660;88281888.00
2014/10/08;5.90;6.19;5.89;6.11;7909964;98965880.00
2014/10/09;6.10;6.15;5.92;6.11;5272005;65863956.00
2014/10/10;6.05;6.07;5.94;5.96;5001508;61953956.00
2014/10/13;5.90;5.97;5.75;5.97;6814507;82263880.00
2014/10/14;5.92;6.01;5.81;5.92;4309222;52844728.00
2014/10/15;5.92;5.94;5.78;5.88;3526709;42698764.00
2014/10/16;5.83;5.92;5.70;5.71;5652721;68053496.00
2014/10/17;5.69;5.73;5.49;5.50;7730554;89344696.00
2014/10/20;5.54;5.63;5.49;5.61;3621081;41891516.00
2014/10/21;5.61;5.69;5.58;5.62;4189630;48993716.00
2014/10/22;5.57;5.65;5.45;5.45;3608740;41501812.00
2014/10/23;5.46;5.49;5.28;5.39;5212090;58051548.00
2014/10/24;5.38;5.45;5.37;5.43;2569528;28873932.00
2014/10/27;5.41;5.61;5.38;5.56;4063267;46654012.00
2014/10/28;5.57;5.75;5.57;5.72;4494876;52869680.00
2014/10/29;5.74;5.83;5.68;5.76;6628115;78810648.00
2014/10/30;5.75;5.86;5.72;5.77;6317396;75569624.00
2014/10/31;5.78;5.92;5.75;5.87;7244307;87566048.00
2014/11/03;5.90;5.95;5.86;5.90;5673828;69177808.00
2014/11/04;5.90;5.90;5.75;5.78;5024204;60429460.00
2014/11/05;5.77;5.92;5.77;5.80;4390194;53019336.00
2014/11/06;5.83;5.97;5.78;5.95;5807485;70648368.00
2014/11/07;5.98;6.03;5.72;5.76;6479017;78964448.00
2014/11/10;5.75;5.83;5.72;5.77;4701621;56024476.00
2014/11/11;5.81;5.83;5.47;5.50;6818139;78891888.00
2014/11/12;5.49;5.59;5.49;5.58;4734587;54132004.00
2014/11/13;5.56;5.60;5.40;5.49;4434645;50526472.00
2014/11/14;5.43;5.52;5.42;5.51;1913742;21706440.00
2014/11/17;5.53;5.63;5.44;5.60;3516684;40567640.00
2014/11/18;5.62;5.65;5.56;5.60;2138655;24836382.00
2014/11/19;5.61;5.74;5.57;5.73;4783893;56055700.00
2014/11/20;5.70;5.78;5.66;5.70;2669314;31541044.00
2014/11/21;5.67;5.84;5.66;5.70;6207161;73867664.00
2014/11/24;5.83;5.83;5.74;5.77;5680982;67870296.00
2014/11/25;5.79;5.79;5.68;5.76;9830302;116659768.00
2014/11/26;5.76;5.77;5.67;5.73;7819368;92525496.00
2014/11/27;5.72;5.94;5.72;5.93;12979671;156934416.00
2014/11/28;5.95;5.95;5.81;5.86;7573945;91967840.00
2014/12/01;5.87;5.93;5.72;5.77;6066859;72900960.00
2014/12/02;5.74;5.90;5.73;5.86;6260568;75706920.00
2014/12/03;5.86;5.97;5.75;5.97;9313671;112703592.00
2014/12/04;5.96;6.13;5.93;5.99;15116255;188139808.00
2014/12/05;6.00;6.00;5.58;5.69;11628682;138712544.00
2014/12/08;5.65;5.70;5.48;5.61;6344021;73863920.00
2014/12/09;5.60;5.60;5.33;5.33;8995425;102499768.00
2014/12/10;5.35;5.53;5.33;5.50;4044051;45572732.00
2014/12/11;5.48;5.61;5.45;5.59;4353834;50037064.00
2014/12/12;5.59;5.64;5.55;5.61;4128700;47864228.00
2014/12/15;5.60;5.71;5.55;5.70;4047761;47354356.00
2014/12/16;5.70;5.70;5.62;5.65;3370328;39429844.00
2014/12/17;5.63;5.64;5.47;5.54;4231247;48796356.00
2014/12/18;5.54;5.59;5.50;5.52;2971434;34114240.00
2014/12/19;5.52;5.57;5.35;5.41;4467600;50322196.00
2014/12/22;4.89;5.07;4.85;4.85;10697986;108597552.00
2014/12/23;4.80;4.95;4.64;4.81;8285448;82903120.00
2014/12/24;4.84;5.03;4.81;5.01;5257552;54149572.00
2014/12/25;5.02;5.10;4.98;5.04;4600767;48237732.00
2014/12/26;5.06;5.06;4.95;5.01;3860580;40152512.00
2014/12/29;5.02;5.05;4.85;4.88;4932943;50254460.00
2014/12/30;4.88;4.94;4.83;4.87;3519555;35751276.00
2014/12/31;4.87;4.89;4.79;4.88;3855778;38892624.00
2015/01/05;4.89;5.01;4.86;4.98;4098000;42153148.00
2015/01/06;4.97;5.10;4.93;5.09;5302127;55419568.00
2015/01/07;5.10;5.11;5.02;5.08;3225653;33962668.00
2015/01/08;5.07;5.14;5.04;5.08;3361142;35552384.00
2015/01/09;5.07;5.13;5.05;5.06;3582361;37933732.00
2015/01/12;5.06;5.06;4.88;4.93;2397821;24742332.00
2015/01/13;4.92;5.03;4.88;5.02;2452809;25372148.00
2015/01/14;5.00;5.06;4.99;5.01;2258660;23596832.00
2015/01/15;5.03;5.09;5.02;5.07;2347368;24708668.00
2015/01/16;5.10;5.16;5.07;5.14;2957023;31482968.00
2015/01/19;5.07;5.22;4.95;5.01;5038580;53301784.00
2015/01/20;5.01;5.17;5.01;5.17;4457239;47364416.00
2015/01/21;5.20;5.32;5.18;5.28;6655929;72607072.00
2015/01/22;5.28;5.35;5.26;5.32;4114555;45296364.00
2015/01/23;5.32;5.35;5.26;5.27;3367114;36982344.00
2015/01/26;5.27;5.38;5.27;5.38;3466335;38386796.00
2015/01/27;5.38;5.41;5.28;5.37;3735260;41500412.00
2015/01/28;5.35;5.39;5.32;5.33;3070601;34113860.00
2015/01/29;5.30;5.35;5.26;5.31;2585302;28481818.00
2015/01/30;5.31;5.35;5.26;5.27;2416945;26576598.00
2015/02/02;5.25;5.36;5.22;5.30;2683465;29566080.00
2015/02/03;5.34;5.36;5.29;5.33;2867525;31636182.00
2015/02/04;5.34;5.39;5.33;5.35;3423667;38033580.00
2015/02/05;5.40;5.43;5.29;5.31;3479412;38738676.00
2015/02/06;5.28;5.30;5.11;5.13;3022027;32708698.00
2015/02/09;5.13;5.22;5.10;5.15;2209353;23637766.00
2015/02/10;5.15;5.19;5.10;5.18;2334661;25012438.00
2015/02/11;5.20;5.23;5.14;5.16;3074726;33074996.00
2015/02/12;5.17;5.24;5.17;5.24;2640470;28561574.00
2015/02/13;5.25;5.36;5.25;5.31;3683756;40621292.00
2015/02/16;5.33;5.46;5.31;5.44;4189079;46973888.00
2015/02/17;5.47;5.49;5.41;5.44;2886410;32556582.00
2015/02/25;5.45;5.50;5.39;5.45;3083509;34835240.00
2015/02/26;5.45;5.53;5.43;5.53;3287121;37350672.00
2015/02/27;5.53;5.57;5.49;5.52;3598580;41149612.00
2015/03/02;5.55;5.58;5.51;5.58;4892332;56295044.00
2015/03/03;5.56;5.61;5.51;5.52;5667244;65173712.00
2015/03/04;5.50;5.59;5.49;5.59;3772165;43442028.00
2015/03/05;5.59;5.68;5.57;5.67;5296152;61726980.00
2015/03/06;5.70;5.70;5.60;5.64;5312401;62058100.00
2015/03/09;5.62;5.71;5.54;5.70;4426451;51714892.00
2015/03/10;5.70;5.84;5.68;5.77;5441783;65086364.00
2015/03/11;5.77;5.84;5.73;5.78;4352079;51991240.00
2015/03/12;5.79;5.93;5.78;5.80;6258751;75637192.00
2015/03/13;5.83;5.92;5.80;5.89;4229187;51327172.00
2015/03/16;5.96;6.08;5.92;6.05;7496798;92879136.00
2015/03/17;6.04;6.14;5.98;6.06;8942855;111817496.00
2015/03/18;6.06;6.33;6.04;6.32;12597599;161362976.00
2015/03/19;6.32;6.34;6.20;6.28;8053027;104136592.00
2015/03/20;6.26;6.52;6.26;6.39;8172206;108147216.00
2015/03/23;6.50;6.63;6.40;6.49;8909880;118845832.00
2015/03/24;6.51;6.55;6.20;6.40;11256422;148323472.00
2015/03/25;6.40;6.69;6.38;6.60;10573651;142800032.00
2015/03/26;6.57;6.69;6.45;6.53;8807189;119076792.00
2015/03/27;6.53;6.59;6.45;6.56;5793046;77960312.00
2015/03/30;6.45;6.65;6.30;6.59;14903329;198581728.00
2015/03/31;6.60;7.18;6.60;6.99;17150581;244851904.00
2015/04/01;7.00;7.23;6.99;7.11;10369337;151983920.00
2015/04/02;7.10;7.27;7.06;7.23;10017927;147807440.00
2015/04/03;7.20;7.73;7.18;7.68;11378075;175858384.00
2015/04/07;7.72;8.03;7.72;7.75;11706008;187629168.00
2015/04/08;7.76;7.90;7.32;7.63;12208306;191798304.00
2015/04/09;7.62;7.68;7.13;7.68;10717014;164442928.00
2015/04/10;7.64;8.47;7.55;8.47;13361872;226844752.00
2015/04/13;8.75;9.33;8.58;9.33;21650667;402693696.00
2015/04/14;9.38;10.14;9.20;9.32;21577330;423176960.00
2015/04/15;9.15;9.90;8.81;9.65;23967300;460446880.00
2015/04/16;9.86;9.87;9.15;9.42;24126621;469845760.00
2015/04/17;9.64;9.64;9.00;9.15;20866886;392827648.00
2015/04/20;9.12;9.12;8.65;8.68;13784910;249933104.00
2015/04/21;8.56;9.57;8.56;9.57;13434555;251447360.00
2015/04/22;10.50;10.50;9.84;9.91;30331817;629900864.00
2015/04/23;9.73;10.44;9.69;10.13;19939373;412810336.00
2015/04/24;10.05;11.16;9.86;11.16;26925607;585838016.00
2015/04/27;11.60;12.05;10.99;11.07;28311635;653821312.00
2015/04/28;10.82;11.53;10.79;11.09;16861627;382093600.00
2015/04/29;10.88;12.00;10.80;11.51;19985398;468945248.00
2015/04/30;11.38;11.58;11.05;11.07;14193443;325367136.00
2015/05/04;10.83;11.35;10.80;11.10;9291371;210008992.00
2015/05/05;11.05;11.79;10.91;11.00;16220879;375939072.00
2015/05/06;10.90;11.20;9.96;10.03;13849534;303062624.00
2015/05/07;9.90;10.08;9.35;9.55;11103435;219492560.00
2015/05/08;9.75;10.24;9.70;10.21;11323248;229689904.00
2015/05/11;10.35;10.79;10.33;10.71;10736889;232299088.00
2015/05/12;10.83;10.96;10.58;10.85;10817763;237543264.00
2015/05/13;10.74;11.54;10.63;11.38;12468951;282393280.00
2015/05/14;11.35;11.67;11.20;11.20;11455577;265992544.00
2015/05/15;11.33;11.35;10.59;10.75;11955955;264485648.00
2015/05/18;10.70;11.19;10.59;11.17;9159525;204791872.00
2015/05/19;11.23;12.31;11.13;12.31;17750676;425863840.00
2015/05/20;12.65;13.25;12.31;12.76;19506082;508241856.00
2015/05/21;12.64;13.39;12.61;13.36;14453150;384253856.00
2015/05/22;14.30;14.55;13.56;13.81;21280256;603342208.00
2015/05/25;13.78;15.16;13.53;14.94;16699074;485694432.00
2015/05/26;15.30;16.30;15.06;16.30;19743628;625055424.00
2015/05/27;16.55;16.95;15.65;16.39;20840334;697779392.00
2015/05/28;16.48;17.59;14.90;15.29;53409896;892840896.00
2015/05/29;14.99;15.89;13.93;14.64;34071600;505550944.00
2015/06/01;14.89;15.44;14.64;15.28;27521088;418663840.00
2015/06/02;15.29;16.82;15.01;16.82;36021407;574979072.00
2015/06/04;18.21;18.51;17.10;18.51;49241455;896188992.00
2015/06/05;19.40;19.75;17.80;18.15;53205833;1001389888.00
2015/06/08;17.65;17.79;16.76;16.90;36192293;624321024.00
2015/06/09;16.77;17.45;16.21;17.25;23207961;395773824.00
2015/06/10;16.92;17.75;16.70;17.46;29299020;509997056.00
2015/06/11;17.15;17.55;16.95;17.22;24017188;415319104.00
2015/06/12;17.18;17.48;17.05;17.27;24965153;433163904.00
2015/06/15;17.55;18.73;17.40;18.37;49747131;906921984.00
2015/06/16;18.26;19.07;17.62;18.70;51732238;964724992.00
2015/06/17;18.50;18.67;16.89;18.10;36040308;647123520.00
2015/06/18;17.90;18.40;17.01;17.10;22934164;411676608.00
2015/06/19;16.40;16.80;15.38;15.38;20121618;323309376.00
2015/06/23;15.00;15.57;13.83;14.65;25628411;372052416.00
2015/06/24;14.91;15.53;14.54;15.05;26807597;407432320.00
2015/06/25;15.06;15.18;13.60;14.03;26910408;392923904.00
2015/06/26;13.41;13.44;12.62;12.62;17189046;222391488.00
2015/06/29;12.89;12.89;11.35;11.35;21245748;248798864.00
2015/07/01;11.90;12.50;10.90;11.89;38955359;478577312.00
2015/07/02;11.89;11.89;10.69;10.69;26264590;293430784.00
2015/07/03;9.69;10.49;9.61;9.61;22407160;221491232.00
2015/07/06;10.50;10.50;8.64;8.64;32429233;302186208.00
2015/07/07;7.90;7.90;7.77;7.77;5673800;44723900.00
2015/07/13;8.56;8.56;8.56;8.56;495582;4291740.00
2015/07/14;9.43;9.43;9.43;9.43;586569;5590002.50
2015/07/15;10.38;10.38;8.50;8.71;46987823;454590432.00
2015/07/16;8.71;9.20;7.85;8.90;32186222;282574016.00
2015/07/17;8.98;9.80;8.90;9.80;28621502;275478528.00
2015/07/20;10.22;10.75;9.98;10.55;42145361;444027104.00
2015/07/21;10.35;11.26;10.08;11.06;39930123;436344384.00
2015/07/22;10.89;11.55;10.73;11.40;42430006;481124256.00
2015/07/23;11.29;11.69;11.15;11.61;31392929;363344864.00
2015/07/24;11.61;11.85;11.00;11.09;31815771;369990720.00
2015/07/27;10.88;11.48;9.97;9.97;32167232;351462976.00
2015/07/28;9.20;10.18;9.00;9.10;27646089;264506144.00
2015/07/29;9.40;10.02;8.65;10.00;31300581;292711360.00
2015/07/30;9.90;10.65;9.69;9.81;33072523;340773856.00
2015/07/31;9.78;10.14;9.50;9.79;19829173;198360560.00
2015/08/03;9.60;9.68;8.80;8.88;21847484;200948032.00
2015/08/04;8.99;9.78;8.94;9.77;21029670;198592384.00
2015/08/05;9.85;10.05;9.42;9.63;24032411;237684288.00
2015/08/06;9.30;9.69;9.16;9.41;13000745;124296408.00
2015/08/07;9.40;10.00;9.40;9.94;22478447;221832128.00
2015/08/10;10.03;10.87;10.03;10.65;30698878;322466400.00
2015/08/11;10.61;10.90;10.32;10.63;35503909;380348224.00
2015/08/12;10.50;10.85;10.41;10.63;27421357;296361408.00
2015/08/13;10.51;10.91;10.45;10.91;28385379;306528384.00
2015/08/14;10.98;11.29;10.77;11.08;35219484;391003392.00
2015/08/17;11.02;11.70;10.91;11.66;38538007;443229280.00
2015/08/18;11.55;11.76;10.48;10.48;36597854;407424928.00
2015/08/19;10.00;10.78;9.45;10.55;35663313;359994560.00
2015/08/20;10.24;10.39;9.76;9.79;22179582;226379264.00
2015/08/21;9.70;9.75;8.99;9.03;20153585;191435536.00
2015/08/24;8.70;8.75;8.12;8.12;13283180;110473888.00
2015/08/25;7.30;7.59;7.30;7.30;14499282;107989472.00
2015/08/26;7.31;7.63;6.61;6.85;21677055;158593664.00
2015/08/27;7.17;7.29;6.78;7.28;16923830;121701280.00
2015/08/28;7.43;8.02;7.32;8.02;24113593;187461632.00
2015/08/31;8.10;8.10;7.48;7.65;18473891;144330544.00
2015/09/01;7.57;7.57;6.95;6.97;12516546;90902208.00
2015/09/02;6.56;7.28;6.50;6.82;14007968;97987440.00
2015/09/07;6.91;7.30;6.91;7.00;11390053;82133344.00
2015/09/08;6.92;7.55;6.87;7.42;9785446;71061608.00
2015/09/09;7.51;7.76;7.38;7.73;17097059;131985576.00
2015/09/10;7.53;7.70;7.41;7.45;12300345;94219392.00
2015/09/11;7.38;7.57;7.33;7.50;8481661;64156332.00
2015/09/14;7.53;7.56;6.74;6.74;13063369;93213584.00
2015/09/15;6.50;6.59;6.06;6.06;14748074;93935208.00
2015/09/16;6.14;6.68;6.03;6.67;19942138;127110160.00
2015/09/17;6.58;6.94;6.36;6.44;20796621;139594064.00
2015/09/18;6.50;6.60;6.34;6.50;10411792;68187736.00
2015/09/21;6.40;6.85;6.36;6.79;12516601;84024824.00
2015/09/22;6.83;6.96;6.60;6.89;16483592;114702056.00
2015/09/23;6.77;6.87;6.60;6.69;12717132;86901944.00
2015/09/24;6.72;6.88;6.72;6.86;12025961;83124152.00
2015/09/25;6.81;6.89;6.44;6.57;12451960;84489704.00
2015/09/28;6.57;6.86;6.50;6.81;7474844;50870488.00
2015/09/29;6.65;6.74;6.59;6.67;7066016;47776532.00
2015/09/30;6.71;6.88;6.67;6.82;9759523;67213144.00
2015/10/08;7.12;7.22;6.96;7.11;14807456;106832936.00
2015/10/09;7.06;7.55;7.03;7.42;19203830;142239520.00
2015/10/12;7.46;7.90;7.40;7.84;23524473;183258672.00
2015/10/13;7.76;7.87;7.66;7.85;19303395;151585392.00
2015/10/14;7.80;7.86;7.65;7.67;17796759;139431808.00
2015/10/15;7.60;8.00;7.56;8.00;25730754;204091040.00
2015/10/16;8.10;8.17;7.81;8.15;26893281;218646768.00
2015/10/19;8.15;8.50;8.10;8.45;30578693;257014912.00
2015/10/20;8.38;9.27;8.32;8.90;40849356;364863840.00
2015/10/21;8.85;8.89;8.00;8.00;32955359;281970464.00
2015/10/22;7.93;8.69;7.93;8.43;34152559;287349728.00
2015/10/23;8.53;8.88;8.43;8.80;33217712;290756160.00
2015/10/26;8.98;9.07;8.67;9.00;28332387;254168976.00
2015/10/27;8.80;9.60;8.40;9.29;36930226;334724544.00
2015/10/28;9.26;9.48;8.91;8.98;27024004;251001168.00
2015/10/29;9.03;9.20;8.85;9.03;22438996;204840192.00
2015/10/30;9.03;9.05;8.68;8.86;17132301;154163040.00
2015/11/02;8.70;8.83;8.45;8.48;13053109;114015664.00
2015/11/03;8.60;8.88;8.41;8.66;16994176;148283392.00
2015/11/04;8.73;9.28;8.66;9.15;27098363;246987216.00
2015/11/05;9.12;9.40;8.96;9.03;30042961;277364672.00
2015/11/06;9.08;9.48;9.00;9.37;34398291;322491744.00
2015/11/09;9.28;9.85;9.10;9.46;35736143;341717056.00
2015/11/10;9.40;9.65;9.29;9.46;27946508;267075472.00
2015/11/11;9.47;9.56;9.38;9.55;22567888;215807616.00
2015/11/12;9.56;9.61;9.29;9.47;23123627;220635024.00
2015/11/13;9.30;9.32;9.02;9.15;20256050;188003152.00
2015/11/16;9.01;10.03;8.91;9.89;37114697;356784480.00
2015/11/17;10.00;10.23;9.66;9.70;40079644;400970368.00
2015/11/18;9.71;9.79;9.32;9.37;18075837;175339216.00
2015/11/19;9.37;9.63;9.35;9.63;14471510;138653664.00
2015/11/20;9.65;9.90;9.60;9.84;22270454;220041168.00
2015/11/23;9.83;10.07;9.61;9.65;24477035;244269872.00
2015/11/24;9.60;10.00;9.54;9.95;18370943;180721920.00
2015/11/25;10.00;10.15;9.84;10.10;24835159;250611392.00
2015/11/26;10.14;10.17;9.75;9.83;22825854;229870608.00
2015/11/27;9.82;10.04;8.93;9.12;24154895;234710832.00
2015/11/30;9.28;9.35;8.42;9.15;17519714;160207392.00
2015/12/01;9.14;9.39;8.99;9.28;12341086;115099272.00
2015/12/02;9.24;9.33;8.84;9.17;9874303;90997272.00
2015/12/03;9.16;9.40;9.15;9.39;10065914;94607216.00
2015/12/04;9.32;9.37;9.19;9.25;11475504;107704304.00
2015/12/07;9.29;9.36;9.17;9.34;10627943;99647576.00
2015/12/08;9.30;9.32;8.93;9.22;14146996;130551512.00
2015/12/09;9.40;10.15;9.26;10.15;27665026;278745888.00
2015/12/10;10.30;11.18;10.19;11.18;76545702;821221440.00
2015/12/11;11.40;11.64;10.62;10.67;87734664;984482304.00
2015/12/14;10.19;10.55;10.15;10.47;44417425;462219904.00
2015/12/15;10.31;11.48;10.27;11.09;55890640;616118080.00
2015/12/16;11.07;11.87;10.72;11.55;58616978;663183552.00
2015/12/17;11.44;12.48;11.36;12.00;61763083;747379264.00
2015/12/18;11.79;12.36;11.70;11.95;46840140;566418752.00
2015/12/21;11.80;12.00;11.63;11.75;26907545;319837088.00
2015/12/22;11.86;12.39;11.86;12.15;33875380;415781856.00
2015/12/23;12.12;12.26;11.52;11.63;32349518;385374496.00
2015/12/24;11.48;11.75;11.00;11.31;21996023;252257504.00
2015/12/25;11.30;11.76;11.30;11.53;17985377;209915664.00
2015/12/28;11.45;12.40;11.45;12.13;49200219;599674112.00
2015/12/29;12.00;13.10;11.68;12.91;51748349;642648832.00
2015/12/30;12.75;13.07;12.53;12.62;40083016;515169056.00
2015/12/31;12.65;13.00;12.51;12.54;27052416;347459744.00
2016/01/04;12.64;12.71;11.28;11.28;23640220;280576192.00
2016/01/05;10.33;11.18;10.14;10.50;32295779;345461184.00
2016/01/06;10.67;10.99;10.56;10.92;22756685;247812560.00
2016/01/07;10.68;10.68;9.82;9.82;5680637;58168248.00
2016/01/08;9.95;10.39;9.00;9.82;22324998;222682512.00
2016/01/11;9.45;9.59;8.83;8.83;18905876;174855696.00
2016/01/12;8.78;8.96;8.11;8.49;18150244;156302320.00
2016/01/13;8.57;8.74;7.65;7.79;15200876;128577880.00
2016/01/14;7.40;8.21;7.34;8.16;16960033;134247664.00
2016/01/15;8.10;8.27;7.65;7.84;15738033;127496472.00
2016/01/18;7.60;8.23;7.50;8.12;13826923;112396544.00
2016/01/19;8.11;8.60;8.05;8.50;16426711;138346448.00
2016/01/20;8.44;8.55;8.20;8.29;14399773;122057488.00
2016/01/21;8.10;8.43;7.73;7.74;13273031;109011680.00
2016/01/22;7.86;8.10;7.54;7.98;10703386;85161008.00
2016/01/25;8.05;8.24;7.90;8.05;9087873;74547952.00
2016/01/26;7.96;7.96;7.24;7.24;14604449;112640368.00
2016/01/27;7.33;7.35;6.71;7.15;11080571;78732296.00
2016/01/28;7.17;7.24;6.76;6.85;8466130;60487312.00
2016/01/29;6.90;7.29;6.81;7.18;10000817;71914008.00
2016/02/01;7.18;7.23;6.78;6.99;7320112;52334716.00
2016/02/02;7.00;7.52;6.99;7.45;11628395;86471208.00
2016/02/03;7.32;7.54;7.20;7.51;8825536;65851264.00
2016/02/04;7.51;7.75;7.44;7.67;9505785;73645784.00
2016/02/05;7.67;7.77;7.55;7.56;6905729;53429652.00
2016/02/15;7.30;7.49;6.98;7.39;7787131;57497276.00
2016/02/16;7.50;7.89;7.50;7.82;12423802;97403648.00
2016/02/17;7.86;8.13;7.78;8.08;14896146;120354184.00
2016/02/18;8.07;8.26;7.92;8.05;13909429;113574944.00
2016/02/19;8.01;8.10;7.96;8.02;8953126;72767728.00
2016/02/22;8.08;8.24;8.06;8.17;11926213;98426272.00
2016/02/23;8.16;8.33;7.97;8.11;12927369;106596544.00
2016/02/24;8.08;8.93;7.98;8.93;29654238;255381760.00
2016/02/25;8.90;8.90;8.03;8.03;27202988;232061008.00
2016/02/26;7.93;8.84;7.93;8.84;35274130;304823680.00
2016/02/29;9.13;9.64;8.57;8.89;59433315;546906880.00
2016/03/01;8.81;9.40;8.62;9.29;44599139;413088832.00
2016/03/02;8.91;9.85;8.70;9.67;53456539;499844800.00
2016/03/03;9.46;9.73;9.35;9.38;39554407;379729120.00
2016/03/04;9.26;9.33;8.50;8.81;31650938;286102528.00
2016/03/07;8.87;9.06;8.72;8.82;18356770;164980592.00
2016/03/08;8.78;9.30;8.35;9.21;31409388;282129696.00
2016/03/09;8.91;9.08;8.61;8.63;16761370;149804144.00
2016/03/10;8.83;8.83;8.37;8.40;12301060;106772576.00
2016/03/11;8.22;8.68;8.06;8.42;14329198;121721200.00
2016/03/14;8.49;8.86;8.49;8.67;14867481;131023200.00
2016/03/15;8.65;8.77;8.40;8.48;10658660;92482928.00
2016/03/16;8.55;8.60;8.32;8.33;8465803;72158616.00
2016/03/17;8.36;8.61;8.10;8.59;15848914;136131328.00
2016/03/18;8.59;8.95;8.56;8.90;22615874;201561184.00
2016/03/21;9.00;9.25;8.91;9.23;24839543;227825424.00
2016/03/22;9.02;9.15;8.95;9.00;22266900;203398576.00
2016/03/23;8.94;9.30;8.91;9.24;22778238;209574848.00
2016/03/24;9.20;9.45;9.01;9.01;25479337;237236240.00
2016/03/25;8.95;9.08;8.91;9.05;13020221;118472128.00
2016/03/28;9.27;9.27;8.88;8.93;15849296;145843536.00
2016/03/29;8.93;8.96;8.45;8.57;13582530;119239560.00
2016/03/30;8.65;8.85;8.61;8.83;11286740;99723120.00
2016/03/31;8.85;8.97;8.76;8.82;13046257;116912656.00
2016/04/01;8.82;8.90;8.61;8.77;9476825;83739376.00
2016/04/05;8.80;9.13;8.73;9.08;15687815;142617808.00
2016/04/06;8.98;9.25;8.96;9.20;19130777;176994816.00
2016/04/07;9.22;9.27;8.92;8.94;15403878;140850496.00
2016/04/08;8.80;8.84;8.50;8.76;13754725;121278712.00
2016/04/11;8.80;9.04;8.80;8.96;11228531;101652792.00
2016/04/12;8.93;8.99;8.69;8.80;9758164;86824568.00
2016/04/13;8.89;9.16;8.87;8.97;17379897;158352672.00
2016/04/14;9.02;9.09;8.93;9.07;12049252;109790264.00
2016/04/15;9.13;9.14;8.99;9.08;13688498;125562360.00
2016/04/18;9.04;9.04;8.81;8.91;11102390;100148232.00
2016/04/19;8.88;8.97;8.81;8.91;9101589;81954336.00
2016/04/20;8.91;8.97;8.10;8.35;16488076;142099904.00
2016/04/21;8.35;8.42;8.15;8.16;8920436;74931632.00
2016/04/22;8.16;8.30;8.08;8.23;5991465;49734308.00
2016/04/25;8.20;8.28;7.96;8.28;7896522;64987920.00
2016/04/26;8.29;8.36;8.18;8.35;5086264;42576736.00
2016/04/27;8.35;8.48;8.27;8.29;7338151;62278232.00
2016/04/28;8.28;8.35;8.02;8.28;5372675;44574516.00
2016/04/29;8.26;8.30;8.16;8.20;3928267;32714370.00
2016/05/03;8.19;8.47;8.18;8.45;7237506;61330676.00
2016/05/04;8.46;8.53;8.38;8.45;6848301;58690032.00
2016/05/05;8.40;8.65;8.40;8.65;8975372;77392904.00
2016/05/06;8.75;9.08;8.55;8.55;25209604;224959216.00
2016/05/09;8.26;8.26;7.82;7.90;14561606;118008360.00
2016/05/10;7.75;7.98;7.75;7.87;5671755;45352560.00
2016/05/11;7.97;7.99;7.68;7.70;6713099;53072568.00
2016/05/12;7.65;7.72;7.43;7.67;5457615;41914792.00
2016/05/13;7.65;7.79;7.50;7.63;4690988;36474660.00
2016/05/16;7.64;7.74;7.57;7.74;4129631;32099898.00
2016/05/17;7.79;7.79;7.64;7.70;4541313;35473160.00
2016/05/18;7.63;7.66;7.30;7.39;6691237;50595616.00
2016/05/19;7.43;7.58;7.39;7.42;3944023;29914280.00
2016/05/20;7.42;7.52;7.31;7.51;3883768;29331106.00
2016/05/23;7.55;7.72;7.55;7.70;5019948;38977024.00
2016/05/24;7.71;7.74;7.58;7.73;4227651;32719856.00
2016/05/25;7.77;7.79;7.61;7.63;4307303;33582240.00
2016/05/26;7.61;7.65;7.36;7.61;5214669;39590656.00
2016/05/27;7.55;7.71;7.55;7.64;4005268;30932814.00
2016/05/30;7.60;7.65;7.49;7.57;2696146;20687160.00
2016/05/31;7.58;7.90;7.58;7.89;9193398;72641864.00
2016/06/01;7.90;7.99;7.87;7.99;10448196;83830280.00
2016/06/02;7.98;8.01;7.90;8.00;7452947;60095484.00
2016/06/03;7.96;8.10;7.96;8.04;7831686;63692904.00
2016/06/06;8.04;8.08;7.93;7.97;6001421;48589588.00
2016/06/07;8.00;8.08;7.94;8.08;5952834;48235108.00
2016/06/08;8.02;8.16;7.92;8.07;6567651;53473232.00
2016/06/13;7.96;8.01;7.53;7.53;8676692;68724768.00
2016/06/14;7.45;7.61;7.45;7.57;4123314;31504450.00
2016/06/15;7.48;8.14;7.46;8.07;13226271;106417120.00
2016/06/16;8.06;8.17;8.00;8.05;8297666;67880776.00
2016/06/17;8.04;8.22;8.01;8.04;7428530;60971564.00
2016/06/20;8.03;8.65;7.98;8.39;16137419;136125568.00
2016/06/21;8.37;8.55;8.08;8.12;12413556;104567032.00
2016/06/22;8.15;8.29;8.08;8.29;6131370;50673588.00
2016/06/23;8.25;8.29;8.14;8.20;6021703;49995184.00
2016/06/24;8.20;8.28;7.88;8.05;8858884;72528464.00
2016/06/27;8.00;8.30;7.93;8.28;7106762;58975932.00
2016/06/28;8.24;8.53;8.21;8.45;10149696;86043096.00
2016/06/29;8.43;8.58;8.36;8.48;7834956;66907940.00
2016/06/30;8.50;8.53;8.39;8.47;5474295;46771976.00
2016/07/01;8.46;8.64;8.44;8.56;12450383;107701024.00
2016/07/04;8.53;8.73;8.45;8.68;10460481;91419216.00
2016/07/05;8.66;9.00;8.65;8.86;20968382;187286960.00
2016/07/06;8.80;8.92;8.72;8.86;9382114;83419176.00
2016/07/07;8.80;8.93;8.63;8.74;9711224;86005000.00
2016/07/08;8.74;8.98;8.62;8.84;13032701;116846544.00
2016/07/11;8.89;9.18;8.82;9.02;19933155;182639952.00
2016/07/12;9.02;9.07;8.75;9.00;11003646;99238544.00
2016/07/13;9.00;9.14;8.91;8.95;10755474;97858312.00
2016/07/14;8.96;9.05;8.91;9.04;8751251;79397256.00
2016/07/15;9.04;9.04;8.82;8.85;7931088;71418232.00
2016/07/18;8.83;8.85;8.64;8.69;6884027;60678384.00
2016/07/19;8.72;8.80;8.67;8.75;5207041;45902556.00
2016/07/20;8.77;8.95;8.74;8.89;9456730;84813416.00
2016/07/21;8.84;8.92;8.78;8.79;6538412;58543328.00
2016/07/22;8.80;8.87;8.76;8.81;5750566;51271944.00
2016/07/25;8.77;8.95;8.73;8.94;7127645;63679532.00
2016/07/26;8.94;9.07;8.90;9.05;9788213;89081136.00
2016/07/27;9.06;9.06;8.32;8.53;11558562;101987480.00
2016/07/28;8.53;8.60;8.31;8.49;6246814;53515320.00
2016/07/29;8.47;8.57;8.43;8.51;4294606;36975164.00
2016/08/01;8.46;8.56;8.34;8.50;4829287;41274076.00
2016/08/02;8.50;8.58;8.46;8.58;4768074;41155544.00
2016/08/03;8.52;8.80;8.52;8.70;8274127;72892928.00
2016/08/04;8.65;8.76;8.60;8.64;5618674;49182240.00
2016/08/05;8.72;8.72;8.50;8.51;5024170;43273752.00
2016/08/08;8.49;9.15;8.36;9.11;18471895;163321744.00
2016/08/09;9.01;9.65;8.98;9.46;44427551;414905376.00
2016/08/10;9.30;9.37;9.09;9.10;30943754;284777056.00
2016/08/11;9.10;9.15;8.93;8.95;15349214;138497568.00
2016/08/12;8.90;9.08;8.87;9.01;13319136;119578768.00
2016/08/15;9.00;9.16;8.89;9.11;16485089;149088512.00
2016/08/16;9.10;9.15;9.03;9.05;13880018;126069032.00
2016/08/17;9.06;9.18;9.04;9.10;11153058;101565976.00
2016/08/18;9.10;9.20;9.05;9.07;14027836;127723920.00
2016/08/19;9.05;9.05;8.81;8.86;13852327;123240160.00
2016/08/22;8.86;8.90;8.72;8.72;7613100;67131816.00
2016/08/23;8.70;8.95;8.70;8.90;10425757;92468624.00
2016/08/24;8.90;8.97;8.82;8.85;6595317;58578488.00
2016/08/25;8.80;8.83;8.68;8.81;6352712;55579384.00
2016/08/26;8.79;8.93;8.79;8.83;5635210;49950540.00
2016/08/29;8.83;8.90;8.80;8.89;4207828;37303344.00
2016/08/30;8.87;8.92;8.82;8.88;4783041;42415896.00
2016/08/31;8.85;8.90;8.78;8.85;3757936;33220546.00
2016/09/01;8.86;8.98;8.81;8.81;7077986;63071916.00
2016/09/02;8.83;8.87;8.70;8.72;5144477;45100800.00
2016/09/05;8.75;8.82;8.70;8.77;4500800;39478148.00
2016/09/06;8.73;8.90;8.65;8.89;6913165;60580236.00
2016/09/07;8.89;8.99;8.85;8.89;8980391;80200160.00
2016/09/08;8.89;9.06;8.87;9.02;9658752;86878872.00
2016/09/09;9.02;9.07;8.90;8.90;7195572;64583968.00
2016/09/12;8.78;8.78;8.57;8.59;7903850;68573104.00
2016/09/13;8.62;8.68;8.58;8.65;4042802;34849136.00
2016/09/14;8.62;8.65;8.48;8.60;5019866;43032568.00
2016/09/19;8.60;8.66;8.60;8.66;2961855;25588474.00
2016/09/20;8.67;8.96;8.63;8.84;11852786;104744200.00
2016/09/21;8.82;8.96;8.79;8.90;8781382;78305736.00
2016/09/22;8.94;9.03;8.86;8.98;8907488;79812688.00
2016/09/23;8.97;9.08;8.90;8.93;8702099;78347816.00
2016/09/26;8.86;9.19;8.86;8.93;20194056;182662224.00
2016/09/27;8.93;9.82;8.76;9.81;49168516;458195232.00
2016/09/28;9.59;10.10;9.49;9.96;71628473;702814528.00
2016/09/29;9.82;10.01;9.68;9.81;50906877;501013664.00
2016/09/30;9.72;9.84;9.63;9.64;34298712;332967072.00
2016/10/10;9.65;9.78;9.50;9.77;30506203;294704832.00
2016/10/11;9.71;9.80;9.65;9.80;23990667;233095712.00
2016/10/12;9.72;10.05;9.62;9.73;28553419;280062528.00
2016/10/13;9.73;9.85;9.66;9.84;20754406;202594112.00
2016/10/14;9.78;9.82;9.41;9.45;23084255;220375504.00
2016/10/17;9.40;9.50;9.15;9.24;18821580;175926048.00
2016/10/18;9.28;9.47;9.21;9.45;15860176;148119840.00
2016/10/19;9.45;9.45;9.26;9.31;12559582;117419272.00
2016/10/20;9.32;9.42;9.30;9.34;10466674;98025128.00
2016/10/21;9.28;9.35;9.07;9.18;14404126;132620048.00
2016/10/24;9.19;9.29;9.16;9.26;8536963;78920024.00
2016/10/25;9.24;9.40;9.24;9.38;11390842;106479824.00
2016/10/26;9.38;9.38;9.18;9.23;9596512;88891792.00
2016/10/27;9.20;9.32;9.18;9.32;6815996;63225084.00
2016/10/28;9.31;9.36;9.11;9.14;7627577;70340008.00
2016/10/31;9.12;9.24;9.03;9.20;6047921;55314528.00
2016/11/01;9.18;9.28;9.17;9.28;6624889;61223032.00
2016/11/02;9.27;9.38;9.20;9.30;11932206;111010600.00
2016/11/03;9.25;9.43;9.20;9.34;10975217;102586512.00
2016/11/04;9.35;9.36;9.17;9.28;9838167;91106648.00
2016/11/07;9.30;9.35;9.18;9.24;5691171;52548212.00
2016/11/08;9.27;9.37;9.24;9.33;10577126;98448488.00
2016/11/09;9.33;9.39;9.16;9.23;11148959;103385312.00
2016/11/10;9.32;9.48;9.28;9.48;16155174;152069920.00
2016/11/11;9.50;9.57;9.39;9.52;13236855;125181680.00
2016/11/14;9.49;9.56;9.40;9.51;12177524;115402656.00
2016/11/15;9.49;9.51;9.39;9.49;9324068;88071704.00
2016/11/16;9.47;9.49;9.42;9.43;7814773;73867328.00
2016/11/17;9.42;9.42;9.29;9.31;6254500;58373920.00
数据来源:通达信
