002384 东山精密 日线 前复权
      日期	    开盘	    最高	    最低	    收盘	    成交量	    成交额
2010/04/09;12.00;14.41;12.00;14.41;26838888;1673859456.00
2010/04/12;13.66;14.49;13.57;13.74;17221501;1160265472.00
2010/04/13;13.70;14.18;12.36;12.37;12008856;753334976.00
2010/04/14;12.00;12.21;11.69;11.70;7248529;418581536.00
2010/04/15;11.64;11.97;11.06;11.16;6153363;342771744.00
2010/04/16;11.01;11.04;10.34;10.85;4946660;256246192.00
2010/04/19;10.63;11.12;10.54;10.97;3466360;183359312.00
2010/04/20;10.97;11.44;10.80;11.40;4280659;233310128.00
2010/04/21;11.41;11.96;11.27;11.92;4349656;248136992.00
2010/04/22;11.97;12.24;11.79;12.21;4331532;252742608.00
2010/04/23;12.12;12.30;11.69;11.83;3145241;181366304.00
2010/04/26;11.82;12.34;11.19;12.16;3149016;182227440.00
2010/04/27;11.98;12.18;11.20;11.66;2296747;128634576.00
2010/04/28;11.37;12.16;11.23;12.03;2735765;156958848.00
2010/04/29;12.03;12.78;11.93;12.28;4538037;274262848.00
2010/04/30;12.21;12.39;11.58;12.25;2590372;151214544.00
2010/05/04;11.87;12.23;11.83;11.99;1101451;64023272.00
2010/05/05;11.87;12.58;11.87;12.48;2520056;150542656.00
2010/05/06;12.47;12.83;12.11;12.20;2516937;152321008.00
2010/05/07;11.82;12.16;11.21;11.27;2537627;144576800.00
2010/05/10;10.96;11.60;10.67;11.19;1833949;99724552.00
2010/05/11;11.47;11.53;10.96;11.16;1444170;78792080.00
2010/05/12;11.16;11.27;10.04;10.04;1709196;86081296.00
2010/05/13;9.77;10.03;9.06;9.99;2301357;105482304.00
2010/05/14;9.81;10.28;9.51;10.17;2027794;97294632.00
2010/05/17;9.91;10.17;9.63;9.81;1648512;79258464.00
2010/05/18;9.66;10.02;9.18;9.71;1870242;87205176.00
2010/05/19;9.61;10.08;9.51;9.90;1233261;59007876.00
2010/05/20;9.87;10.04;9.68;9.77;903937;43077896.00
2010/05/21;9.52;9.99;9.48;9.96;965664;45689432.00
2010/05/24;10.06;10.79;10.06;10.59;1784083;90896664.00
2010/05/25;10.54;10.79;10.48;10.61;1114542;57401876.00
2010/05/26;10.50;10.69;10.43;10.50;647026;33022188.00
2010/05/27;10.50;11.29;10.50;11.05;1547277;81944240.00
2010/05/28;11.12;11.68;11.03;11.60;2436171;136044688.00
2010/05/31;11.48;11.68;11.03;11.04;1494035;82620632.00
2010/06/01;10.99;11.34;10.63;11.02;1621727;86658592.00
2010/06/02;11.02;12.12;10.97;11.97;2129497;119527872.00
2010/06/03;11.91;12.20;11.76;11.90;1356544;78677056.00
2010/06/07;11.89;12.10;11.69;11.99;2397500;138524192.00
2010/06/08;11.99;12.66;11.83;12.42;1719500;102889672.00
2010/06/09;13.46;13.46;12.00;12.22;3013586;183850528.00
2010/06/10;12.05;12.36;12.05;12.20;1058699;62559372.00
2010/06/11;12.22;12.52;12.22;12.32;1255164;75132024.00
2010/06/17;12.33;12.41;11.32;11.89;1427456;82203112.00
2010/06/18;11.79;11.92;11.18;11.27;1221340;67198848.00
2010/06/21;11.37;11.83;11.17;11.65;994493;55414592.00
2010/06/22;11.61;12.52;11.53;12.40;1921373;112791280.00
2010/06/23;12.39;13.18;12.37;13.18;3088422;192112752.00
2010/06/24;13.04;13.75;12.98;13.38;2764484;179749552.00
2010/06/25;13.41;13.45;12.80;13.18;1474075;93096368.00
2010/06/28;13.04;13.66;13.00;13.15;1093241;70474624.00
2010/06/29;13.21;13.21;12.18;12.21;1540628;93734968.00
2010/06/30;12.01;12.16;11.16;11.93;1394441;78188480.00
2010/07/01;11.79;12.14;11.58;11.79;601157;34489332.00
2010/07/02;11.74;12.07;10.87;11.54;995359;54829356.00
2010/07/05;11.24;11.41;10.89;11.27;539632;29203814.00
2010/07/06;11.12;11.64;11.12;11.45;567711;31488626.00
2010/07/07;11.33;11.66;11.00;11.06;1213980;65738744.00
2010/07/08;11.06;11.54;11.06;11.49;1147557;62966908.00
2010/07/09;11.16;11.62;10.44;11.31;6158939;327686432.00
2010/07/12;11.30;11.99;10.97;11.81;3071733;171588544.00
2010/07/13;11.66;11.88;11.35;11.58;1329511;74764048.00
2010/07/14;11.75;11.75;11.06;11.16;1932588;105507544.00
2010/07/15;11.14;11.15;10.85;10.85;1314112;69789360.00
2010/07/16;10.75;11.00;10.50;10.83;1072280;55232064.00
2010/07/19;10.56;11.19;10.56;11.12;1123778;59723480.00
2010/07/20;11.12;11.39;11.03;11.19;1902657;103177720.00
2010/07/21;11.26;11.34;11.15;11.15;1107190;60096096.00
2010/07/22;11.14;11.18;10.91;11.16;920509;49359228.00
2010/07/23;11.16;12.28;11.16;12.25;4601377;263043776.00
2010/07/26;12.16;12.16;11.87;12.04;1945632;113039720.00
2010/07/27;12.04;12.28;11.88;12.10;2435057;142556064.00
2010/07/28;12.01;12.62;12.00;12.23;2120619;126684568.00
2010/07/29;12.21;12.41;11.97;12.41;1798328;105406568.00
2010/07/30;12.41;13.04;12.37;12.64;2840321;174865296.00
2010/08/02;12.70;12.73;12.39;12.51;1641685;99338728.00
2010/08/03;12.53;12.62;12.08;12.08;2121818;125761752.00
2010/08/04;12.08;12.16;11.79;12.13;1533554;88706000.00
2010/08/05;12.21;12.29;12.00;12.07;1095787;64240412.00
2010/08/06;12.06;12.07;11.65;12.02;2251034;129043944.00
2010/08/09;12.00;12.32;11.96;12.20;2259091;132489944.00
2010/08/10;12.20;12.24;11.66;11.69;2236703;129097168.00
2010/08/11;11.67;11.88;11.64;11.82;1178779;66974904.00
2010/08/12;11.58;11.91;11.58;11.76;978961;55790488.00
2010/08/13;11.76;12.22;11.67;12.21;1931115;112598728.00
2010/08/16;12.22;12.26;12.11;12.24;2168338;128017688.00
2010/08/17;12.27;13.02;12.21;12.98;4348428;267575696.00
2010/08/18;12.99;13.16;12.61;13.09;2477133;154578880.00
2010/08/19;13.02;13.31;12.62;12.73;2415650;151834768.00
2010/08/20;12.62;12.62;12.24;12.29;2276740;136105216.00
2010/08/23;12.25;12.52;12.03;12.27;1700589;100905136.00
2010/08/24;12.21;12.51;12.21;12.32;1151697;69031600.00
2010/08/25;12.32;12.39;12.00;12.10;1842301;107921200.00
2010/08/26;12.08;12.47;12.08;12.46;1391979;83124296.00
2010/08/27;12.48;12.78;12.38;12.61;1331001;80919264.00
2010/08/30;12.74;13.20;12.66;12.89;2048658;128330792.00
2010/08/31;12.81;12.87;12.62;12.75;1829522;112367632.00
2010/09/01;12.79;12.79;12.13;12.25;2607922;156226320.00
2010/09/02;12.39;12.51;12.26;12.50;1566782;93956608.00
2010/09/03;12.51;12.83;12.33;12.70;1929006;117667872.00
2010/09/06;12.77;13.02;12.50;12.63;1489887;91868328.00
2010/09/08;12.62;13.90;12.62;13.90;4302053;279582752.00
2010/09/09;13.80;13.97;13.37;13.46;2708632;178184736.00
2010/09/10;13.39;13.86;13.36;13.52;1788050;117299000.00
2010/09/13;13.41;13.66;13.29;13.55;1326616;86320472.00
2010/09/14;13.58;14.08;13.18;13.27;2231981;146657392.00
2010/09/15;13.20;13.20;12.64;12.66;2107193;130726880.00
2010/09/16;12.77;12.98;12.50;12.81;1265628;77638368.00
2010/09/17;12.82;13.16;12.77;12.87;1201263;75048392.00
2010/09/20;12.80;12.87;12.37;12.46;788569;47810700.00
2010/09/21;12.39;12.64;12.37;12.60;684465;41293932.00
2010/09/27;12.77;12.87;12.60;12.83;670585;41183140.00
2010/09/28;12.95;12.98;12.21;12.29;2029301;121074496.00
2010/09/29;12.29;12.36;11.41;11.64;2613027;147336864.00
2010/09/30;11.62;11.82;11.46;11.78;989326;55980848.00
2010/10/08;11.82;12.28;11.82;12.12;1055822;61748240.00
2010/10/11;12.04;12.35;11.81;11.81;1751223;101187064.00
2010/10/12;11.81;12.25;11.69;12.10;1733370;99840520.00
2010/10/13;12.08;12.08;11.81;11.97;884286;50737536.00
2010/10/14;12.14;12.14;11.47;11.50;1538712;86589016.00
2010/10/15;11.49;11.75;11.23;11.35;1568668;86474464.00
2010/10/18;11.42;11.42;10.21;10.38;2926941;147338608.00
2010/10/19;10.41;11.35;10.41;11.30;1921850;101259728.00
2010/10/20;11.05;11.62;10.91;11.18;1407570;76423104.00
2010/10/21;11.18;11.37;11.00;11.18;812372;43494144.00
2010/10/22;11.27;11.68;11.24;11.33;1189494;65518296.00
2010/10/25;11.41;12.47;11.41;12.28;6055274;355347520.00
2010/10/26;12.44;12.44;12.05;12.36;1887238;111343896.00
2010/10/27;12.45;12.73;12.25;12.46;1777990;107047448.00
2010/10/28;12.46;12.83;12.35;12.62;1209158;73705432.00
2010/10/29;12.64;13.21;12.35;13.01;1721372;106125408.00
2010/11/01;13.20;14.31;13.08;14.31;5552672;371817152.00
2010/11/02;14.31;14.94;13.64;13.79;2989536;204713264.00
2010/11/03;13.78;14.50;13.71;14.03;3061348;207239264.00
2010/11/04;13.93;14.24;13.71;14.17;1156039;77569808.00
2010/11/05;14.21;14.43;13.91;14.25;1327664;90666080.00
2010/11/08;14.25;14.31;13.71;14.14;1420283;96083000.00
2010/11/09;14.14;14.23;13.58;13.68;2282662;151530816.00
2010/11/10;13.68;14.55;13.68;14.47;2309537;156677776.00
2010/11/11;14.41;14.95;13.93;14.12;1883319;133016600.00
2010/11/12;14.06;14.23;13.02;13.29;1818576;118801080.00
2010/11/15;13.41;13.77;13.10;13.72;1145649;74632640.00
2010/11/16;13.73;14.01;12.80;12.85;1898098;121803504.00
2010/11/17;12.81;13.06;12.14;12.28;1950782;118295008.00
2010/11/18;12.30;12.61;12.27;12.50;596746;35781784.00
2010/11/19;12.66;13.21;12.62;13.04;1357038;84297224.00
2010/11/22;13.18;14.35;13.08;14.23;2867442;193047136.00
2010/11/23;14.04;14.39;13.64;14.12;1441492;96699016.00
2010/11/24;14.03;15.16;13.92;15.16;2232073;158365280.00
2010/11/25;15.12;15.48;14.71;15.06;1803265;131500752.00
2010/11/26;15.10;15.37;14.73;14.89;1390973;100737336.00
2010/11/29;14.85;16.38;14.58;16.10;2339217;178169248.00
2010/11/30;16.07;16.20;14.65;15.37;1921111;141239424.00
2010/12/01;15.36;15.93;15.00;15.78;1019655;75931088.00
2010/12/02;15.78;16.34;15.58;15.60;1064478;81532080.00
2010/12/03;15.65;16.16;14.82;15.37;1834113;136181264.00
2010/12/06;15.57;15.57;14.67;14.90;881664;63288876.00
2010/12/07;14.75;15.66;14.54;15.64;1410023;103378960.00
2010/12/08;15.60;15.75;15.27;15.29;592584;44223568.00
2010/12/09;15.06;15.24;14.31;14.31;1680613;118230744.00
2010/12/13;14.64;15.74;14.64;15.74;1697806;125421816.00
2010/12/14;16.10;16.31;15.74;16.16;1426733;109918768.00
2010/12/15;16.15;16.15;15.74;15.76;850853;65010328.00
2010/12/16;15.61;17.12;15.61;16.56;2294014;184598928.00
2010/12/17;16.62;17.12;16.43;16.73;853403;68768128.00
2010/12/20;16.91;16.91;15.79;16.49;1092618;85534304.00
2010/12/21;16.60;16.62;16.16;16.49;496800;39317560.00
2010/12/22;16.49;16.49;16.04;16.19;564543;44034372.00
2010/12/23;16.12;16.30;15.79;16.00;670581;51802444.00
2010/12/24;15.94;15.94;15.37;15.38;846002;63257848.00
2010/12/27;15.48;15.89;14.87;14.96;1016118;74885960.00
2010/12/28;14.85;15.25;14.64;14.99;976212;70315248.00
2010/12/29;15.06;15.74;14.99;15.54;523039;38637896.00
2010/12/30;15.16;15.16;14.30;14.72;1585343;112420688.00
2010/12/31;14.75;15.61;14.54;15.52;1006564;73155920.00
2011/01/04;15.51;15.51;15.06;15.15;1712250;124917544.00
2011/01/05;15.15;15.16;14.61;14.91;1387230;98987632.00
2011/01/06;14.83;14.89;14.39;14.51;1135340;79356608.00
2011/01/07;14.51;14.90;14.08;14.39;1288970;89918336.00
2011/01/10;14.50;14.52;14.08;14.17;864823;59441156.00
2011/01/11;14.12;14.17;13.60;13.77;805157;53623168.00
2011/01/12;13.85;14.16;13.65;14.06;761377;51061164.00
2011/01/13;14.13;14.40;14.06;14.14;1051133;72069616.00
2011/01/14;14.14;14.28;13.92;13.99;751504;51001968.00
2011/01/17;13.89;13.89;13.25;13.26;854757;55413368.00
2011/01/18;13.25;13.25;12.88;13.18;378339;23771676.00
2011/01/19;13.18;13.56;12.96;13.45;476782;30344176.00
2011/01/20;13.39;13.50;12.83;12.88;601518;38024004.00
2011/01/21;12.91;13.28;12.81;13.01;678077;42384428.00
2011/01/24;12.87;13.17;11.71;11.85;1338831;78320424.00
2011/01/26;11.85;12.27;11.64;12.23;739557;42965500.00
2011/01/27;12.19;12.77;11.93;12.70;631912;37770436.00
2011/01/28;12.66;12.91;12.37;12.62;458285;27811650.00
2011/01/31;12.44;12.63;12.34;12.46;550805;33005432.00
2011/02/01;12.55;12.55;12.39;12.42;320246;19194278.00
2011/02/09;12.42;12.62;12.28;12.31;365691;21896822.00
2011/02/10;12.31;12.61;12.15;12.58;916308;54721076.00
2011/02/11;12.64;13.04;12.58;13.02;1411909;87567192.00
2011/02/14;13.08;13.57;12.94;13.43;1017327;65188088.00
2011/02/15;13.49;13.49;13.25;13.41;966644;62086572.00
2011/02/16;13.41;13.70;13.23;13.69;791715;51148952.00
2011/02/17;13.68;13.68;13.27;13.61;872321;56487240.00
2011/02/18;13.50;14.12;13.50;13.56;839326;56030148.00
2011/02/21;13.55;13.64;13.41;13.54;763302;49632012.00
2011/02/22;13.66;14.10;13.39;13.47;1942376;129021496.00
2011/02/23;13.40;13.65;13.30;13.60;721879;46831256.00
2011/02/24;13.60;14.14;13.44;14.12;1707615;114630424.00
2011/03/01;13.81;13.81;13.22;13.25;2433086;156298496.00
2011/03/02;13.21;13.25;13.00;13.15;953734;60108444.00
2011/03/03;13.13;13.16;12.25;12.48;1980496;120231752.00
2011/03/04;12.46;12.62;12.25;12.53;552915;33218758.00
2011/03/07;12.62;12.66;12.27;12.46;1080159;64568892.00
2011/03/08;12.58;12.65;12.41;12.58;723662;43821284.00
2011/03/09;12.58;12.85;12.50;12.68;1144459;70094416.00
2011/03/10;12.77;12.85;12.56;12.69;1010646;61832584.00
2011/03/11;12.69;12.69;12.46;12.50;637984;38532056.00
2011/03/14;12.46;12.46;12.18;12.41;1034155;61265808.00
2011/03/15;12.41;12.66;12.34;12.61;941517;56838884.00
2011/03/16;12.62;13.18;12.61;13.15;2067073;129164640.00
2011/03/17;12.96;13.18;12.73;12.96;1529038;95589832.00
2011/03/18;12.96;13.16;12.77;12.79;870608;54097860.00
2011/03/21;12.77;12.77;12.18;12.42;617849;36933860.00
2011/03/22;12.31;12.53;12.23;12.39;307266;18242204.00
2011/03/23;12.37;12.44;12.26;12.42;582243;34675152.00
2011/03/24;12.41;12.44;12.21;12.21;671355;39800560.00
2011/03/25;12.20;12.39;12.16;12.24;691410;40747512.00
2011/03/28;12.23;12.33;11.99;12.01;896272;52168760.00
2011/03/29;12.00;12.00;11.64;11.78;718689;40684780.00
2011/03/30;11.78;11.87;11.43;11.48;617956;34388576.00
2011/03/31;11.43;11.59;11.29;11.35;523362;28805452.00
2011/04/01;11.37;11.41;11.26;11.41;417532;22797638.00
2011/04/06;11.41;11.42;10.89;10.99;794469;42298292.00
2011/04/07;10.89;11.01;10.76;10.91;921482;48283392.00
2011/04/08;10.91;11.38;10.82;11.23;2068539;109812768.00
2011/04/11;11.23;11.23;10.85;10.89;1618171;85733096.00
2011/04/13;10.89;11.03;10.68;10.89;1157492;60807144.00
2011/04/14;10.91;11.07;10.79;11.00;1738454;91849256.00
2011/04/15;11.00;11.07;10.75;10.79;1034547;54001444.00
2011/04/18;10.74;10.83;10.37;10.41;1775410;89805856.00
2011/04/19;10.41;10.72;10.39;10.63;1147635;58392004.00
2011/04/20;10.75;11.27;10.75;11.27;2111821;112825104.00
2011/04/21;11.29;11.30;11.00;11.12;1039501;55861180.00
2011/04/22;11.41;11.41;10.73;10.89;1003348;44155124.00
2011/04/25;10.75;10.90;10.71;10.73;758011;32793130.00
2011/04/26;10.72;10.88;9.96;10.23;1270067;52322508.00
2011/04/27;10.21;10.43;10.01;10.06;581940;23725836.00
2011/04/28;10.08;10.18;9.55;9.57;1249202;49545716.00
2011/04/29;9.55;9.70;9.54;9.65;936719;36102912.00
2011/05/03;9.68;9.80;9.65;9.73;827857;32396444.00
2011/05/04;9.63;9.83;9.56;9.57;1101738;42901156.00
2011/05/05;9.56;9.70;9.36;9.53;1320482;50205160.00
2011/05/06;9.52;9.71;9.36;9.66;989454;38159784.00
2011/05/09;9.65;9.81;9.60;9.66;1219637;47623872.00
2011/05/10;9.69;9.80;9.60;9.71;1204068;46775488.00
2011/05/11;9.76;9.79;9.61;9.71;1160207;45274112.00
2011/05/12;9.64;9.70;9.48;9.55;923731;35541108.00
2011/05/13;9.48;9.61;9.28;9.45;836703;31676080.00
2011/05/16;9.45;9.62;9.45;9.51;938195;36021208.00
2011/05/17;9.57;9.66;9.45;9.59;875144;33602004.00
2011/05/18;9.59;9.63;9.49;9.53;550335;21145490.00
2011/05/19;9.55;9.57;9.33;9.42;651783;24795156.00
2011/05/20;9.39;9.45;9.08;9.08;1188364;44024024.00
2011/05/23;9.08;9.13;8.76;8.79;1022970;36592220.00
2011/05/24;8.68;9.14;8.63;9.06;1176045;42166788.00
2011/05/25;9.06;9.06;8.69;8.80;583322;20802962.00
2011/05/26;8.90;8.93;8.69;8.76;399670;14139180.00
2011/05/27;8.76;8.76;8.61;8.65;555449;19370650.00
2011/05/30;8.61;8.79;8.47;8.64;615243;21452962.00
2011/05/31;8.57;8.90;8.57;8.89;1375144;48817344.00
2011/06/01;8.86;8.97;8.78;8.91;864749;30893986.00
2011/06/02;8.85;8.85;8.38;8.44;2218136;76030800.00
2011/06/03;8.51;8.68;8.43;8.59;1260484;43528836.00
2011/06/07;8.59;8.68;8.49;8.62;1130776;39062428.00
2011/06/08;8.61;8.62;8.42;8.57;981353;33647852.00
2011/06/09;8.56;8.59;8.30;8.30;993114;33660712.00
2011/06/10;8.28;8.30;7.88;8.01;2675294;86046088.00
2011/06/13;7.98;8.11;7.86;8.02;947040;30551666.00
2011/06/14;8.10;8.18;8.02;8.16;1593155;52095260.00
2011/06/15;8.08;8.15;7.94;7.96;1383796;44642512.00
2011/06/16;7.88;7.88;7.67;7.69;1738363;54256372.00
2011/06/17;7.61;7.71;7.48;7.51;960848;29350926.00
2011/06/20;7.51;7.53;6.75;6.97;3853584;109551528.00
2011/06/21;7.00;7.11;6.91;7.06;2696650;76081720.00
2011/06/22;7.06;7.14;6.71;6.87;2985109;82881480.00
2011/06/23;6.85;7.56;6.76;7.56;5680041;169054624.00
2011/06/24;7.79;8.32;7.72;8.32;11844333;381052544.00
2011/06/27;8.18;8.57;8.02;8.44;8272038;276715808.00
2011/06/28;8.39;8.43;8.23;8.36;4243995;142176016.00
2011/06/29;8.34;8.54;8.28;8.33;3947765;133362744.00
2011/06/30;8.30;8.46;8.28;8.39;3178311;107103712.00
2011/07/01;8.39;9.03;8.37;8.63;6107804;214220608.00
2011/07/04;8.70;8.88;8.55;8.79;4467916;156237840.00
2011/07/05;8.83;8.85;8.62;8.75;2936052;102672672.00
2011/07/06;8.74;8.74;8.54;8.69;3232713;112182552.00
2011/07/07;8.71;9.12;8.61;8.93;5370599;191678640.00
2011/07/08;8.87;8.92;8.70;8.77;2854893;100983496.00
2011/07/11;8.68;8.83;8.56;8.75;2579625;90096496.00
2011/07/12;8.66;8.71;8.54;8.62;2095708;72672960.00
2011/07/13;8.61;9.03;8.59;8.97;3704420;132259424.00
2011/07/14;9.05;9.26;8.96;9.09;3729646;136345296.00
2011/07/18;9.20;9.32;9.03;9.07;2885377;106377568.00
2011/07/19;9.01;9.01;8.68;8.74;2660411;94137496.00
2011/07/20;8.81;8.85;8.56;8.66;2751170;95875696.00
2011/07/21;8.67;8.67;8.33;8.39;3029394;103063440.00
2011/07/22;8.43;8.52;8.31;8.33;3504012;118174920.00
2011/07/25;8.31;8.33;7.71;7.81;3472009;111189208.00
2011/07/26;7.73;7.89;7.71;7.88;1437231;45176020.00
2011/07/27;7.86;8.09;7.74;8.08;2562988;82224120.00
2011/07/28;8.06;8.41;7.98;8.31;4423070;147287424.00
2011/07/29;8.24;8.33;8.01;8.03;2239904;73139832.00
2011/08/01;7.96;8.23;7.91;8.16;1874173;61193556.00
2011/08/02;8.07;8.12;7.71;7.97;2666261;84187152.00
2011/08/03;7.83;8.05;7.71;7.93;2094752;66798868.00
2011/08/04;7.95;8.21;7.95;8.06;2504098;81503248.00
2011/08/05;7.58;7.86;7.57;7.78;3773147;117804664.00
2011/08/08;7.67;7.75;7.00;7.04;3813201;111879344.00
2011/08/09;6.73;6.96;6.38;6.89;3505391;95631680.00
2011/08/10;7.03;7.23;6.96;6.96;3220865;91779584.00
2011/08/11;6.66;7.09;6.66;7.09;3997506;111486208.00
2011/08/12;7.23;7.43;7.19;7.27;4112550;120774032.00
2011/08/15;7.37;7.54;7.28;7.51;3320841;98873944.00
2011/08/16;7.52;7.59;7.36;7.37;2540195;75824776.00
2011/08/17;7.38;7.42;7.26;7.34;1792300;52917484.00
2011/08/18;7.34;7.34;7.11;7.11;2087077;60511848.00
2011/08/19;6.88;7.04;6.87;7.04;2033260;56754920.00
2011/08/22;7.04;7.23;7.04;7.12;1814675;52200484.00
2011/08/23;7.17;7.51;7.17;7.50;3752950;111217840.00
2011/08/24;7.53;7.76;7.38;7.45;3965475;120590520.00
2011/08/25;7.58;7.66;7.43;7.63;3250960;98547016.00
2011/08/26;7.61;7.84;7.56;7.71;3403223;105500792.00
2011/08/29;7.54;7.61;7.45;7.46;3477089;105162568.00
2011/08/30;7.53;7.67;7.26;7.29;2628785;79143680.00
2011/08/31;7.25;7.33;7.04;7.16;2359086;67955600.00
2011/09/01;7.21;7.35;7.13;7.23;2106121;61312192.00
2011/09/02;7.21;7.32;7.08;7.17;1277727;37033240.00
2011/09/05;7.08;7.10;6.98;7.02;1188864;33624644.00
2011/09/06;6.96;7.05;6.88;6.92;1143480;31981906.00
2011/09/07;6.94;7.62;6.94;7.61;5335097;160338480.00
2011/09/08;7.61;7.61;7.33;7.34;3734938;112093280.00
2011/09/09;7.34;7.48;7.29;7.37;1868770;55483432.00
2011/09/13;7.19;7.24;7.03;7.16;1530881;43968264.00
2011/09/14;7.21;7.48;7.11;7.44;1848617;54179248.00
2011/09/15;7.45;7.58;7.40;7.41;2640191;79525264.00
2011/09/16;7.46;7.54;7.39;7.40;1781353;53524732.00
2011/09/19;7.21;7.28;7.18;7.21;1543290;44849188.00
2011/09/20;7.17;7.55;7.13;7.41;2332704;69176608.00
2011/09/21;7.42;7.82;7.38;7.72;4906596;151074176.00
2011/09/22;7.67;7.78;7.48;7.51;3737279;114804848.00
2011/09/23;7.33;7.48;7.22;7.45;2298917;68158888.00
2011/09/26;7.40;7.58;7.36;7.45;2058389;61918832.00
2011/09/27;7.51;7.75;7.51;7.69;3058341;94191640.00
2011/09/28;7.77;8.20;7.77;7.97;8363118;268946432.00
2011/09/29;7.97;7.97;7.71;7.75;4336332;136135072.00
2011/09/30;7.80;7.81;6.97;7.08;4999500;146358992.00
2011/10/10;7.09;7.29;7.09;7.24;2110758;61068516.00
2011/10/11;7.41;7.45;6.87;7.03;2534799;73336224.00
2011/10/12;7.03;7.32;6.78;7.30;2363393;68279200.00
2011/10/13;7.29;7.60;7.22;7.60;3479035;104345560.00
2011/10/14;7.56;7.65;7.37;7.51;2728138;82267512.00
2011/10/17;7.51;7.88;7.51;7.77;4391876;136697024.00
2011/10/18;7.70;7.92;7.58;7.69;4197912;130354720.00
2011/10/19;7.70;7.91;7.63;7.75;3687183;115132216.00
2011/10/20;7.33;7.33;6.97;6.97;4281766;121279712.00
2011/10/21;6.72;6.75;6.27;6.27;4534700;117535632.00
2011/10/24;6.31;6.37;5.71;6.18;3204193;77848160.00
2011/10/25;6.04;6.33;6.00;6.31;3109404;78228504.00
2011/10/26;6.25;6.44;6.18;6.26;3210243;81563912.00
2011/10/27;6.24;6.42;6.15;6.18;2583816;65133244.00
2011/10/28;6.28;6.42;6.18;6.41;3704715;93933656.00
2011/10/31;6.41;6.61;6.36;6.57;3469658;90721584.00
2011/11/01;6.49;6.61;6.41;6.49;2667519;69721480.00
2011/11/02;6.36;6.63;6.26;6.63;3436384;88967720.00
2011/11/03;6.63;7.20;6.63;6.96;6640538;184605968.00
2011/11/04;6.96;7.03;6.84;6.89;3431707;95389920.00
2011/11/07;6.81;6.91;6.76;6.77;2166711;59583240.00
2011/11/08;6.76;6.90;6.68;6.71;2127364;58160320.00
2011/11/09;7.04;7.39;6.85;6.98;4886907;138706016.00
2011/11/10;6.84;7.00;6.79;6.90;2667466;74042360.00
2011/11/11;6.83;6.93;6.83;6.87;1560391;43133136.00
2011/11/14;6.95;7.15;6.93;7.05;3421634;96957976.00
2011/11/15;7.02;7.05;6.96;7.02;2168150;61079436.00
2011/11/16;7.05;7.10;6.71;6.75;2763394;76754776.00
2011/11/17;6.75;6.87;6.72;6.73;2367656;64705060.00
2011/11/18;6.68;6.68;6.30;6.34;2766502;71894032.00
2011/11/21;6.40;6.41;6.18;6.41;1186985;30098076.00
2011/11/22;6.28;6.37;6.24;6.35;863054;21987950.00
2011/11/23;6.36;6.43;6.30;6.32;1144308;29347844.00
2011/11/24;6.22;6.32;6.16;6.24;1203287;30196824.00
2011/11/25;6.18;6.28;6.07;6.07;1272611;31584222.00
2011/11/28;6.07;6.09;5.93;6.01;1104586;26737036.00
2011/11/29;6.09;6.17;6.04;6.17;1403841;34519944.00
2011/11/30;6.16;6.16;5.71;5.80;1890305;44935112.00
2011/12/01;6.00;6.05;5.86;5.94;1649361;39749004.00
2011/12/02;5.84;5.93;5.72;5.80;959092;22486488.00
2011/12/05;5.79;5.83;5.49;5.49;1326777;29980784.00
2011/12/06;5.49;5.55;5.38;5.50;791214;17463846.00
2011/12/07;5.55;5.58;5.47;5.52;776359;17283326.00
2011/12/08;5.50;5.62;5.33;5.53;1318571;29196716.00
2011/12/09;5.46;5.56;5.45;5.51;827362;18354934.00
2011/12/12;5.48;5.57;5.43;5.43;658836;14610991.00
2011/12/13;5.41;5.41;5.18;5.18;1109997;23576926.00
2011/12/14;5.21;5.33;5.10;5.10;881093;18561318.00
2011/12/15;5.06;5.21;4.98;5.07;1342243;27748496.00
2011/12/16;5.07;5.26;5.07;5.26;1311887;27262474.00
2011/12/19;5.21;5.27;5.09;5.26;1487458;31075142.00
2011/12/20;5.24;5.58;5.21;5.38;2474290;54083004.00
2011/12/21;5.40;5.45;5.16;5.16;1475573;31664686.00
2011/12/22;5.10;5.13;4.84;5.05;1540949;31092002.00
2011/12/23;5.04;5.19;4.98;5.11;1416276;29178042.00
2011/12/26;5.06;5.16;5.01;5.02;1011465;20740456.00
2011/12/27;4.96;5.02;4.82;4.84;1593411;31471200.00
2011/12/28;4.79;4.79;4.61;4.75;1228710;23309950.00
2011/12/29;4.70;4.78;4.68;4.70;996192;19013750.00
2011/12/30;4.75;4.80;4.73;4.75;778903;14974386.00
2012/01/04;4.81;4.89;4.65;4.65;1446187;28024812.00
2012/01/05;4.61;4.65;4.31;4.32;1712731;30778038.00
2012/01/06;4.31;4.39;4.17;4.36;1199330;20693298.00
2012/01/09;4.35;4.57;4.23;4.53;1671624;30065836.00
2012/01/10;4.53;4.77;4.50;4.75;2420610;45659608.00
2012/01/11;4.76;4.81;4.69;4.75;2092009;40066824.00
2012/01/12;4.75;4.83;4.66;4.83;2501008;48121624.00
2012/01/13;4.81;4.88;4.34;4.34;4011793;73849608.00
2012/01/16;4.22;4.22;4.03;4.03;3525162;58471688.00
2012/01/17;4.04;4.31;4.03;4.28;1906326;32238312.00
2012/01/18;4.36;4.38;4.08;4.10;2070654;35575540.00
2012/01/19;4.11;4.29;4.10;4.26;1625304;27725724.00
2012/01/20;4.30;4.35;4.24;4.31;1508618;26238694.00
2012/01/30;4.33;4.45;4.31;4.38;2025208;35812328.00
2012/01/31;4.37;4.37;4.26;4.34;1003119;17443530.00
2012/02/01;4.15;4.29;4.09;4.21;1956944;33277798.00
2012/02/02;4.19;4.30;4.16;4.30;1486820;25444260.00
2012/02/03;4.30;4.74;4.25;4.74;6095996;113658160.00
2012/02/06;4.83;4.84;4.68;4.79;5674108;108919616.00
2012/02/07;4.73;4.83;4.69;4.81;5098707;97969408.00
2012/02/08;4.76;4.90;4.71;4.87;4003310;77780776.00
2012/02/09;4.88;5.11;4.82;4.84;5138931;102489480.00
2012/02/10;4.79;4.91;4.71;4.89;2842453;55516568.00
2012/02/13;4.83;5.07;4.79;4.99;3689108;73994488.00
2012/02/14;4.99;5.00;4.89;4.92;2129609;42373712.00
2012/02/15;4.91;5.04;4.86;5.03;3042066;60913048.00
2012/02/16;5.01;5.13;4.93;4.98;2914354;58916320.00
2012/02/17;4.98;5.01;4.85;4.92;1964191;38953800.00
2012/02/20;5.01;5.02;4.92;4.92;2240705;44998240.00
2012/02/21;4.89;5.04;4.86;5.04;2724281;54576976.00
2012/02/22;5.06;5.55;5.05;5.33;9729068;210191824.00
2012/02/23;5.29;5.40;5.26;5.39;4910854;105917168.00
2012/02/24;5.40;5.46;5.34;5.46;3292294;71760376.00
2012/02/27;5.48;5.57;5.37;5.45;4652490;102540968.00
2012/02/28;5.41;5.45;5.22;5.30;2869946;61696748.00
2012/02/29;5.30;5.49;5.26;5.26;2957688;63939112.00
2012/03/01;5.28;5.30;5.16;5.24;2284633;48200648.00
2012/03/02;5.24;5.44;5.24;5.41;3247165;70240776.00
2012/03/05;5.42;5.88;5.42;5.60;6565799;149343312.00
2012/03/06;5.60;5.60;5.42;5.50;3117173;69080360.00
2012/03/07;5.41;5.52;5.35;5.43;2327861;51030204.00
2012/03/08;5.41;5.59;5.41;5.56;2553411;56577708.00
2012/03/09;5.63;5.63;5.49;5.54;3090182;69015872.00
2012/03/12;5.51;5.54;5.37;5.43;3679260;80639272.00
2012/03/13;5.44;5.58;5.44;5.50;2917786;64747176.00
2012/03/14;5.53;5.56;5.03;5.13;5070267;110744096.00
2012/03/15;5.07;5.18;4.91;5.04;3374718;68513208.00
2012/03/16;5.04;5.12;4.94;5.09;2861930;58101104.00
2012/03/19;5.08;5.11;4.98;5.09;2314858;47097124.00
2012/03/20;5.10;5.10;4.96;4.96;1847640;37265400.00
2012/03/21;4.99;5.04;4.92;4.99;1797918;36101832.00
2012/03/22;4.98;5.01;4.93;4.96;1246752;24970710.00
2012/03/23;4.94;4.95;4.75;4.76;1863866;36477076.00
2012/03/26;4.76;4.81;4.70;4.72;1237161;23691688.00
2012/03/27;4.76;4.78;4.69;4.73;963355;18456228.00
2012/03/28;4.73;4.73;4.41;4.43;1873571;34214508.00
2012/03/29;4.43;4.43;4.31;4.34;1364116;24155234.00
2012/03/30;4.41;4.41;4.20;4.28;1604399;27805248.00
2012/04/05;4.28;4.71;4.28;4.71;4483608;82791896.00
2012/04/06;4.70;4.78;4.64;4.72;3643913;69279512.00
2012/04/09;4.67;4.76;4.65;4.75;2467683;46792284.00
2012/04/10;4.73;4.80;4.38;4.62;3602358;66965624.00
2012/04/11;4.60;4.72;4.50;4.72;2582062;48340752.00
2012/04/12;5.08;5.17;4.89;4.96;7463155;150869120.00
2012/04/13;4.91;5.07;4.88;5.03;3331553;67162592.00
2012/04/16;4.94;5.02;4.88;4.94;3159365;63197356.00
2012/04/17;4.96;5.22;4.92;4.99;3757368;75827680.00
2012/04/18;4.96;5.08;4.91;5.06;3263103;65979048.00
2012/04/20;5.06;5.27;5.00;5.19;4392132;91528696.00
2012/04/23;5.12;5.18;4.83;4.88;2784468;56178192.00
2012/04/24;4.85;4.91;4.60;4.69;2550279;48521948.00
2012/04/25;4.73;4.75;4.63;4.75;1630627;30882084.00
2012/04/26;4.76;4.87;4.72;4.81;1864892;36311156.00
2012/04/27;4.85;4.98;4.75;4.92;2248647;44073160.00
2012/05/02;4.95;4.99;4.86;4.95;1793548;35686200.00
2012/05/03;4.96;5.22;4.96;5.16;3611191;74652072.00
2012/05/04;5.17;5.20;5.10;5.16;2027107;42152700.00
2012/05/07;5.13;5.14;5.03;5.14;3598987;73644744.00
2012/05/08;5.15;5.44;5.06;5.35;5905665;124643984.00
2012/05/09;5.28;5.34;5.22;5.28;3590858;76477880.00
2012/05/10;5.31;5.45;5.26;5.36;4512974;97631512.00
2012/05/11;5.34;5.49;5.21;5.24;3681567;79764080.00
2012/05/14;5.32;5.33;5.18;5.27;2767278;58768196.00
2012/05/16;5.28;5.43;5.22;5.30;3635841;78683216.00
2012/05/17;5.31;5.51;5.28;5.48;3391499;74225520.00
2012/05/18;5.46;5.56;5.38;5.46;3247653;71770680.00
2012/05/21;5.46;5.46;5.21;5.27;2501603;53653136.00
2012/05/22;5.29;5.37;5.23;5.31;1985069;42289876.00
2012/05/23;5.28;5.29;5.03;5.10;3343915;69096328.00
2012/05/24;5.08;5.08;4.87;4.93;2586967;51672844.00
2012/05/25;4.96;5.06;4.95;5.03;2253427;45584584.00
2012/05/28;5.05;5.11;4.83;5.11;1545293;31139506.00
2012/05/29;5.14;5.55;5.14;5.47;4586505;99669416.00
2012/05/30;5.51;5.52;5.37;5.44;3396310;74231200.00
2012/05/31;5.37;5.63;5.37;5.59;3928913;88057784.00
2012/06/01;5.60;5.70;5.48;5.56;2793168;62859176.00
2012/06/04;5.40;5.53;5.26;5.33;2459328;53598760.00
2012/06/05;5.33;5.41;5.23;5.23;1894060;40582388.00
2012/06/06;5.28;5.30;5.05;5.08;3540284;36570792.00
2012/06/07;5.16;5.26;5.09;5.18;3082225;32083940.00
2012/06/08;5.26;5.26;4.95;4.97;4000494;40337812.00
2012/06/11;4.95;5.23;4.89;5.14;3663020;37525636.00
2012/06/12;5.16;5.53;5.06;5.42;9468226;101847336.00
2012/06/13;5.39;5.90;5.36;5.90;14868871;169553904.00
2012/06/14;5.81;5.94;5.72;5.75;8722615;101265560.00
2012/06/15;5.77;6.02;5.73;5.87;8978827;106164504.00
2012/06/18;5.91;5.93;5.77;5.87;6031029;70676624.00
2012/06/19;5.87;5.88;5.71;5.72;4523652;52615336.00
2012/06/20;5.76;6.26;5.66;6.09;12712126;153603744.00
2012/06/21;6.04;6.38;5.91;6.21;9053415;111148344.00
2012/06/25;6.08;6.45;6.06;6.18;10099144;127391504.00
2012/06/26;6.11;6.19;5.64;5.87;6832841;80447096.00
2012/06/27;5.83;6.17;5.73;5.94;5747780;69160936.00
2012/06/28;5.94;6.13;5.80;5.83;5608646;67287192.00
2012/06/29;5.69;5.81;5.51;5.68;6202736;70090360.00
2012/07/02;5.73;5.98;5.65;5.93;5684162;67022184.00
2012/07/03;6.00;6.53;6.00;6.53;14325320;182196912.00
2012/07/04;6.48;6.53;6.28;6.48;8439471;108256704.00
2012/07/05;6.41;6.72;6.26;6.50;11309878;149187024.00
2012/07/06;6.51;6.75;6.32;6.69;9207238;121083608.00
2012/07/09;6.58;6.75;6.28;6.31;7948086;103595080.00
2012/07/10;6.28;6.43;6.03;6.08;9047492;111820312.00
2012/07/11;6.07;6.31;5.99;6.31;4660490;57480700.00
2012/07/12;6.27;6.68;6.15;6.61;10484625;135152464.00
2012/07/13;6.51;6.61;6.38;6.42;5379819;69833288.00
2012/07/16;6.38;6.45;6.08;6.12;4883014;61088148.00
2012/07/17;6.03;6.22;5.99;6.21;4127110;50690776.00
2012/07/18;6.19;6.19;5.59;5.80;8215939;95465416.00
2012/07/19;5.71;5.98;5.67;5.89;4426675;51924140.00
2012/07/20;5.90;5.96;5.69;5.73;2750785;32008974.00
2012/07/23;5.63;5.77;5.60;5.74;2970462;33891652.00
2012/07/24;5.66;5.92;5.66;5.84;3470141;40420560.00
2012/07/25;5.80;5.93;5.78;5.82;3033824;35674240.00
2012/07/26;5.80;5.88;5.65;5.66;2883261;33052830.00
2012/07/27;5.69;5.73;5.29;5.31;4549155;49668192.00
2012/07/30;5.26;5.43;5.02;5.07;2907002;30429248.00
2012/07/31;5.08;5.13;4.83;4.99;2610766;26011166.00
2012/08/01;5.03;5.18;4.99;5.12;2683626;27576026.00
2012/08/02;5.11;5.18;4.99;5.04;1696913;17314318.00
2012/08/03;5.03;5.26;4.99;5.21;3163114;32687500.00
2012/08/06;5.16;5.46;5.16;5.39;3206509;34279824.00
2012/08/07;5.39;5.47;5.34;5.45;2545894;27641784.00
2012/08/08;5.48;5.48;5.16;5.31;4506584;47839316.00
2012/08/09;5.28;5.32;5.11;5.30;3331268;34982876.00
2012/08/10;5.31;5.66;5.27;5.58;6655843;73117064.00
2012/08/13;5.48;5.57;5.39;5.40;3416479;37554264.00
2012/08/14;5.37;5.43;5.11;5.30;3731461;39171376.00
2012/08/15;5.27;5.28;5.13;5.14;2494812;25994354.00
2012/08/16;5.11;5.27;5.01;5.03;2910387;29941508.00
2012/08/17;5.03;5.16;4.87;4.98;3704693;37036756.00
2012/08/20;4.92;4.95;4.83;4.88;3136482;30744322.00
2012/08/21;4.91;5.08;4.86;4.98;5248256;52241548.00
2012/08/22;4.98;5.00;4.84;4.86;3812248;37425112.00
2012/08/23;4.86;5.00;4.85;4.97;3407000;33739476.00
2012/08/24;4.93;5.01;4.83;4.84;3281124;32364162.00
2012/08/27;4.85;4.87;4.53;4.59;4611421;42856824.00
2012/08/28;4.59;4.71;4.44;4.64;3951803;36521764.00
2012/08/29;4.65;4.96;4.56;4.86;6003859;58099456.00
2012/08/30;4.83;4.88;4.59;4.76;3149188;29942072.00
2012/08/31;4.78;4.91;4.73;4.88;3157921;30690352.00
2012/09/03;4.94;5.02;4.84;4.97;5171380;51414528.00
2012/09/04;4.94;4.98;4.74;4.78;3845387;37517944.00
2012/09/05;4.79;4.91;4.78;4.83;2768580;26954198.00
2012/09/06;4.85;5.19;4.84;5.02;7260400;73819504.00
2012/09/07;5.05;5.43;5.02;5.33;11369100;119712984.00
2012/09/10;5.28;5.44;5.24;5.39;8785164;94431568.00
2012/09/11;5.38;5.50;5.28;5.43;5522219;59630708.00
2012/09/12;5.44;5.62;5.39;5.42;6378512;70320456.00
2012/09/13;5.41;5.51;5.25;5.26;5926822;63632224.00
2012/09/14;5.33;5.48;5.26;5.36;5920170;63783812.00
2012/09/17;5.31;5.48;5.24;5.24;4931648;53299144.00
2012/09/18;5.19;5.38;5.09;5.34;3522377;36979976.00
2012/09/19;5.34;5.68;5.28;5.64;9297425;103033504.00
2012/09/20;5.58;5.64;5.39;5.39;6554768;72417952.00
2012/09/21;5.31;5.41;5.23;5.28;3587201;38230424.00
2012/09/24;5.25;5.33;5.10;5.24;2885239;30232902.00
2012/09/25;5.22;5.27;4.92;4.93;5332302;53879736.00
2012/09/26;4.93;4.96;4.81;4.83;1914327;18681708.00
2012/09/27;4.80;5.01;4.80;4.92;2901561;28686222.00
2012/09/28;4.90;5.14;4.87;5.13;3447912;34800020.00
2012/10/08;5.13;5.28;5.09;5.22;3570108;37291820.00
2012/10/09;5.23;5.36;5.21;5.33;3096501;32923914.00
2012/10/10;5.29;5.39;5.26;5.38;2535543;27098134.00
2012/10/11;5.34;5.47;5.26;5.29;3764918;40569392.00
2012/10/12;5.30;5.36;5.14;5.24;2152518;22630616.00
2012/10/15;5.26;5.26;5.07;5.26;1716346;17852940.00
2012/10/16;5.23;5.38;5.20;5.28;1959972;20921734.00
2012/10/17;5.30;5.31;5.17;5.23;1941108;20422222.00
2012/10/18;5.22;5.38;5.20;5.36;3279253;34860760.00
2012/10/19;5.37;5.44;5.27;5.34;2746303;29452082.00
2012/10/22;5.32;5.58;5.30;5.52;6569710;72259520.00
2012/10/23;5.52;5.52;5.23;5.24;7619134;81695288.00
2012/10/24;5.19;5.20;5.06;5.10;3899438;40102632.00
2012/10/25;5.08;5.19;5.01;5.02;2980902;30458374.00
2012/10/26;5.03;5.06;4.92;4.96;2163366;21630562.00
2012/10/29;5.00;5.04;4.94;4.98;1475326;14764709.00
2012/10/30;5.01;5.05;4.98;5.03;1167337;11765072.00
2012/10/31;5.06;5.06;4.95;4.96;1219028;12199282.00
2012/11/01;4.97;5.11;4.96;5.09;3156264;32100716.00
2012/11/02;5.09;5.13;5.03;5.06;1711125;17391632.00
2012/11/05;5.07;5.08;4.92;4.93;2634875;26332726.00
2012/11/06;4.95;4.96;4.76;4.84;2491909;24080404.00
2012/11/07;4.81;4.91;4.79;4.84;1597510;15574739.00
2012/11/08;4.83;4.83;4.62;4.62;2826690;26684590.00
2012/11/09;4.58;4.65;4.35;4.38;5908130;53069196.00
2012/11/12;4.39;4.43;4.30;4.42;3511871;30827032.00
2012/11/13;4.49;4.61;4.43;4.43;4184602;37931676.00
2012/11/14;4.43;4.46;4.33;4.43;2068591;18294762.00
2012/11/15;4.39;4.41;4.29;4.32;2024300;17680714.00
2012/11/16;4.35;4.35;4.21;4.23;2151783;18410380.00
2012/11/19;4.24;4.25;4.09;4.20;3867273;32234050.00
2012/11/20;4.21;4.26;4.11;4.14;2631087;22094800.00
2012/11/21;4.14;4.25;4.07;4.24;3356294;28014782.00
2012/11/22;4.24;4.24;4.08;4.14;2935674;24389842.00
2012/11/23;4.16;4.20;4.12;4.14;2543270;21294450.00
2012/11/26;4.15;4.18;4.07;4.07;1810369;14928291.00
2012/11/27;4.06;4.06;3.83;3.85;3577610;27996120.00
2012/11/28;3.82;3.87;3.74;3.83;1993743;15255524.00
2012/11/29;3.83;3.91;3.76;3.76;2177969;16798256.00
2012/11/30;3.76;3.86;3.71;3.81;2013696;15354123.00
2012/12/03;3.79;3.85;3.56;3.58;3079665;22831154.00
2012/12/04;3.57;3.66;3.52;3.64;2674239;19199474.00
2012/12/05;3.61;3.86;3.61;3.82;4013470;30469186.00
2012/12/06;3.80;3.88;3.72;3.78;3162375;24026028.00
2012/12/07;3.78;3.91;3.75;3.90;3815872;29442856.00
2012/12/10;3.90;4.05;3.86;4.02;5859125;46518788.00
2012/12/11;4.00;4.02;3.93;3.94;3723179;29655016.00
2012/12/12;3.95;3.99;3.87;3.95;2482523;19581386.00
2012/12/13;3.93;3.95;3.82;3.84;2574972;20077364.00
2012/12/14;3.81;4.20;3.81;4.08;6937104;56173880.00
2012/12/17;4.13;4.25;4.08;4.14;6062772;50503824.00
2012/12/18;4.12;4.15;4.07;4.09;6877416;56747444.00
2012/12/19;4.08;4.23;4.07;4.15;5734658;47925668.00
2012/12/20;4.15;4.21;4.09;4.21;4624485;38588280.00
2012/12/21;4.20;4.27;4.11;4.15;4315007;36221836.00
2012/12/24;4.13;4.18;4.09;4.12;3320553;27521976.00
2012/12/25;4.11;4.30;4.11;4.26;6677865;56784424.00
2012/12/26;4.26;4.56;4.23;4.53;10545106;92618168.00
2012/12/27;4.48;4.51;4.36;4.42;8430307;74798968.00
2012/12/28;4.38;4.50;4.38;4.45;5701477;50910048.00
2012/12/31;4.42;4.58;4.42;4.57;3813063;34564392.00
2013/01/04;4.60;4.63;4.40;4.43;4360707;39296876.00
2013/01/07;4.41;4.48;4.36;4.47;3503322;31066018.00
2013/01/08;4.47;4.57;4.43;4.56;4950603;44787264.00
2013/01/09;4.55;4.56;4.47;4.53;4402224;39930996.00
2013/01/10;4.51;4.61;4.51;4.57;4736726;43300100.00
2013/01/11;4.56;4.65;4.37;4.41;5343762;48652596.00
2013/01/14;4.35;4.63;4.34;4.63;6774818;61827596.00
2013/01/15;4.63;4.78;4.59;4.78;8422250;79148992.00
2013/01/16;4.77;4.78;4.62;4.74;7051449;66599072.00
2013/01/17;4.43;4.47;4.28;4.31;20667606;180976736.00
2013/01/18;4.32;4.37;4.24;4.32;10086730;87327888.00
2013/01/21;4.33;4.43;4.31;4.38;8169653;71921272.00
2013/01/22;4.36;4.38;4.23;4.27;7114290;61486172.00
2013/01/23;4.26;4.27;4.18;4.24;6006815;50909316.00
2013/01/24;4.33;4.37;4.11;4.16;5198106;44165832.00
2013/01/25;4.15;4.16;4.00;4.01;7714483;62818156.00
2013/01/28;4.00;4.15;4.00;4.13;6511555;53337296.00
2013/01/29;4.14;4.25;4.11;4.20;8484808;71097544.00
2013/01/30;4.18;4.19;4.09;4.13;4482995;37241956.00
2013/01/31;4.12;4.17;4.08;4.14;4130554;34318896.00
2013/02/01;4.11;4.20;4.11;4.18;5054474;42181772.00
2013/02/04;4.19;4.20;4.07;4.10;4285431;35376292.00
2013/02/05;4.08;4.14;4.06;4.13;2820068;23240672.00
2013/02/06;4.13;4.22;4.11;4.19;4528883;38102864.00
2013/02/07;4.18;4.25;4.15;4.21;4503300;37836856.00
2013/02/08;4.14;4.22;4.10;4.20;9574186;80587080.00
2013/02/18;4.21;4.33;4.19;4.31;8758527;75080112.00
2013/02/19;4.31;4.40;4.23;4.36;9633572;83562040.00
2013/02/20;4.33;4.50;4.32;4.48;8620294;76559208.00
2013/02/21;4.47;4.47;4.34;4.37;6092031;53769404.00
2013/02/22;4.33;4.42;4.33;4.35;4106247;36065176.00
2013/02/25;4.34;4.50;4.33;4.49;6609522;58937900.00
2013/02/26;4.47;4.52;4.37;4.37;4768316;42499496.00
2013/02/27;4.38;4.45;4.27;4.31;3604565;31404932.00
2013/02/28;4.33;4.42;4.31;4.40;5027930;44172608.00
2013/03/01;4.38;4.55;4.34;4.55;8173570;73476488.00
2013/03/04;4.51;4.52;4.36;4.41;6227758;55582788.00
2013/03/05;4.41;4.56;4.38;4.55;4935821;44635092.00
2013/03/06;4.56;4.70;4.55;4.65;6977858;64855676.00
2013/03/07;4.63;4.71;4.58;4.67;5358225;50108992.00
2013/03/08;4.67;4.81;4.60;4.71;6870346;65499660.00
2013/03/11;4.74;4.75;4.59;4.60;3948583;36858084.00
2013/03/12;4.58;4.63;4.39;4.45;5113424;46170016.00
2013/03/13;4.43;4.51;4.36;4.47;2382798;21248782.00
2013/03/14;4.43;4.51;4.41;4.42;1637167;14619146.00
2013/03/15;4.42;4.51;4.38;4.42;3191908;28465798.00
2013/03/18;4.43;4.47;4.36;4.36;2217418;19568666.00
2013/03/19;4.36;4.41;4.32;4.38;2159113;18953642.00
2013/03/20;4.40;4.48;4.37;4.47;3492712;31147444.00
2013/03/21;4.46;4.59;4.43;4.58;4977134;45463332.00
2013/03/22;4.57;4.67;4.53;4.66;5235659;48701056.00
2013/03/25;4.66;4.69;4.57;4.59;2642446;24443042.00
2013/03/26;4.59;4.69;4.58;4.66;5758884;53852680.00
2013/03/27;4.63;4.72;4.55;4.60;3209660;29768768.00
2013/03/28;4.58;4.78;4.49;4.59;5351582;50006860.00
2013/03/29;4.56;5.05;4.53;4.96;14116860;137313616.00
2013/04/01;4.91;5.01;4.80;4.89;10812067;106489584.00
2013/04/02;4.85;4.96;4.74;4.78;7285990;70645312.00
2013/04/03;4.80;5.03;4.75;5.01;11158032;110696336.00
2013/04/08;4.91;5.09;4.83;4.96;9171464;91454792.00
2013/04/09;4.92;5.06;4.85;4.96;8035635;80142072.00
2013/04/10;4.94;5.33;4.93;5.23;14042636;145493232.00
2013/04/11;5.21;5.26;5.09;5.12;7558443;78071648.00
2013/04/12;5.15;5.27;5.11;5.17;5184181;53798868.00
2013/04/15;5.13;5.16;4.93;4.99;6613706;66422564.00
2013/04/16;4.95;5.06;4.92;5.01;3614444;36255992.00
2013/04/17;5.01;5.24;4.99;5.22;6096875;62617444.00
2013/04/18;5.17;5.49;5.13;5.38;10417146;111609480.00
2013/04/19;5.33;5.46;5.28;5.38;7476215;80556328.00
2013/04/22;5.36;5.55;5.29;5.39;6305044;68023504.00
2013/04/23;5.38;5.38;5.14;5.21;6132789;64511976.00
2013/04/24;5.21;5.43;5.16;5.43;5182229;55263292.00
2013/04/25;5.37;5.53;5.32;5.37;7367210;80343376.00
2013/04/26;5.37;5.39;5.15;5.18;4972889;52134404.00
2013/05/02;5.18;5.18;5.03;5.15;2722965;27847932.00
2013/05/03;5.15;5.38;5.06;5.36;4184364;44356976.00
2013/05/06;5.31;5.38;5.20;5.21;8872117;93817120.00
2013/05/07;5.23;5.23;5.07;5.16;6663154;68517664.00
2013/05/08;5.13;5.26;5.06;5.23;7708728;80045624.00
2013/05/09;5.22;5.53;5.14;5.50;13152361;141864864.00
2013/05/10;5.47;5.65;5.42;5.55;7460632;82915168.00
2013/05/13;5.56;5.71;5.48;5.66;6183360;69612144.00
2013/05/14;5.66;5.67;5.55;5.55;5308458;59562484.00
2013/05/15;5.54;5.90;5.48;5.83;6747644;77473072.00
2013/05/16;5.77;6.17;5.75;6.13;10820518;130651496.00
2013/05/17;6.11;6.56;6.02;6.41;13202969;168177744.00
2013/05/20;6.42;6.57;6.27;6.43;10234945;131129704.00
2013/05/21;6.41;6.67;6.31;6.50;7722745;101130424.00
2013/05/22;6.45;6.62;6.27;6.30;8476025;109221048.00
2013/05/23;6.23;6.51;6.21;6.35;5170148;66405248.00
2013/05/24;6.31;6.70;6.31;6.62;10171837;132889624.00
2013/05/27;6.62;6.68;6.42;6.51;5584799;72904120.00
2013/05/28;6.52;6.57;6.32;6.38;4944709;63555244.00
2013/05/29;6.38;6.54;6.33;6.48;4370594;56745760.00
2013/05/30;6.48;6.79;6.36;6.72;8772445;115400544.00
2013/05/31;6.68;7.03;6.53;6.61;7323698;99050288.00
2013/06/03;6.57;6.65;6.43;6.48;4365905;57110896.00
2013/06/04;6.48;6.62;6.41;6.54;3987627;51978236.00
2013/06/05;6.52;6.58;6.43;6.45;3368793;43773968.00
2013/06/06;6.43;6.72;6.42;6.61;4347086;57556628.00
2013/06/07;6.62;6.98;6.58;6.86;7142045;97816656.00
2013/06/13;6.83;6.83;6.17;6.68;6499193;85686528.00
2013/06/14;6.62;7.13;6.62;7.08;9319065;129967408.00
2013/06/17;7.07;7.37;6.98;7.10;9637068;137635584.00
2013/06/18;7.17;7.17;6.88;6.95;5416748;75814112.00
2013/06/19;6.86;6.93;6.73;6.85;4180706;57280988.00
2013/06/20;6.83;6.85;6.44;6.53;4948809;66214232.00
2013/06/21;6.42;6.87;6.33;6.78;4310201;57450944.00
2013/06/24;6.77;6.77;6.24;6.30;3707914;48155540.00
2013/06/25;6.27;6.44;5.78;6.36;5408906;67275936.00
2013/06/26;6.38;6.80;6.30;6.71;4193238;55325252.00
2013/06/27;6.73;6.86;6.53;6.72;4868090;65916948.00
2013/06/28;6.54;6.94;6.49;6.74;3892390;52878404.00
2013/07/01;6.68;7.14;6.65;7.09;5083269;71101272.00
2013/07/02;7.08;7.60;7.06;7.51;7334289;108303752.00
2013/07/03;7.46;7.86;7.28;7.79;7281224;110151704.00
2013/07/04;7.71;7.93;7.62;7.66;5137255;79761000.00
2013/07/05;7.66;7.88;7.58;7.58;3866211;59932868.00
2013/07/08;7.47;7.71;7.03;7.45;4390723;65811532.00
2013/07/09;7.38;7.70;7.38;7.66;3540802;53985224.00
2013/07/10;7.68;7.75;7.59;7.69;2181562;33565832.00
2013/07/11;7.69;7.91;7.49;7.83;4755284;73773496.00
2013/07/12;7.74;8.07;7.73;7.81;4286215;67925096.00
2013/07/15;7.43;7.96;7.43;7.63;4783657;73957864.00
2013/07/16;7.66;8.12;7.63;8.06;4737852;75161912.00
2013/07/17;8.12;8.16;7.73;7.73;4848496;77084288.00
2013/07/18;7.56;7.98;7.56;7.81;3083030;48145912.00
2013/07/19;7.70;7.97;7.60;7.68;2862004;44772108.00
2013/07/22;7.63;7.96;7.63;7.92;3746950;58953096.00
2013/07/23;7.81;8.07;7.81;7.96;5162708;82187848.00
2013/07/24;7.98;7.98;7.80;7.88;2363730;37235384.00
2013/07/25;7.88;7.93;7.66;7.68;2074440;32202866.00
2013/07/26;7.58;7.72;7.48;7.61;2114781;32216580.00
2013/07/29;7.53;7.79;7.49;7.67;3391603;52209532.00
2013/07/30;7.66;7.72;7.52;7.64;1331127;20314306.00
2013/07/31;7.66;7.86;7.66;7.74;1365034;21256670.00
2013/08/01;7.64;7.91;7.58;7.89;2397716;37593476.00
2013/08/02;7.89;8.05;7.82;8.05;3496965;55817140.00
2013/08/05;8.08;8.38;7.98;8.20;5013799;81757232.00
2013/08/06;8.13;8.26;8.03;8.12;2894779;47166636.00
2013/08/07;8.21;8.21;7.88;7.91;2996410;48276892.00
2013/08/08;7.83;8.00;7.81;7.92;1879046;29839438.00
2013/08/09;7.92;7.98;7.86;7.92;1343476;21289968.00
2013/08/12;7.94;8.10;7.88;8.03;2859603;45918216.00
2013/08/13;8.10;8.13;7.96;8.04;2583225;41718172.00
2013/08/14;8.08;8.08;7.92;7.99;1717595;27440174.00
2013/08/15;7.98;7.98;7.88;7.88;1438112;22810468.00
2013/08/16;7.88;8.03;7.81;7.82;1367369;21607776.00
2013/08/19;7.85;8.06;7.78;8.06;1885396;30221276.00
2013/08/20;8.06;8.08;7.93;7.96;1061318;17013654.00
2013/08/21;7.95;8.06;7.91;8.02;982041;15760657.00
2013/08/22;8.05;8.34;7.97;8.21;4715015;77159136.00
2013/08/23;8.16;8.56;8.16;8.46;4849896;81320400.00
2013/08/26;8.54;8.54;8.28;8.51;2939266;49305232.00
2013/08/27;8.49;8.62;8.44;8.51;2556462;43751688.00
2013/08/28;8.49;8.57;8.45;8.52;3299891;56134904.00
2013/08/29;8.52;8.61;8.33;8.38;3965086;67024612.00
2013/08/30;8.33;8.48;8.18;8.21;3328605;55336552.00
2013/09/02;8.13;8.37;8.08;8.29;1962439;32264216.00
2013/09/03;8.28;8.41;8.23;8.29;1569701;26201140.00
2013/09/04;8.28;8.39;8.21;8.29;836010;13875884.00
2013/09/05;8.29;8.37;8.23;8.33;950145;15841400.00
2013/09/06;8.33;8.40;8.28;8.37;1525979;25539986.00
2013/09/09;8.39;8.47;8.36;8.44;2086500;35218184.00
2013/09/10;8.56;8.56;8.37;8.41;2881612;48603500.00
2013/09/11;8.40;8.55;8.36;8.55;2359117;40015784.00
2013/09/12;8.58;8.58;8.37;8.37;1849943;31362310.00
2013/09/13;8.33;8.42;8.31;8.33;1442902;24167452.00
2013/09/16;8.32;8.48;8.32;8.33;1284149;21510602.00
2013/09/17;8.33;8.81;8.29;8.76;5327953;92043504.00
2013/09/18;8.81;9.17;8.75;8.98;4012590;71590904.00
2013/09/23;8.83;9.83;8.74;9.68;5830898;109467240.00
2013/09/24;9.69;9.83;9.54;9.76;2942674;57489932.00
2013/09/25;9.78;9.82;9.45;9.50;2572421;49455380.00
2013/09/26;9.38;10.30;9.38;10.10;4472880;89107736.00
2013/09/27;10.10;10.57;10.10;10.37;3689916;76525552.00
2013/09/30;10.17;10.58;10.17;10.58;2946882;61313888.00
2013/10/08;10.58;11.64;10.58;11.53;3724954;84389080.00
2013/10/09;11.43;11.98;11.28;11.73;2665685;62354372.00
2013/10/10;11.78;12.31;11.60;12.15;3053556;74109472.00
2013/10/11;12.23;12.38;11.66;12.06;4515931;108098200.00
2013/10/14;11.81;12.13;11.81;11.90;2012724;48184044.00
2013/10/15;11.91;11.98;10.71;10.75;6816227;152878016.00
2013/10/16;10.73;11.23;10.36;10.82;4825076;104999848.00
2013/10/17;10.88;11.01;10.59;10.63;3049451;65834156.00
2013/10/18;10.49;10.95;10.49;10.90;2344079;50510012.00
2013/10/21;10.84;11.38;10.84;11.02;3319760;73522072.00
2013/10/22;11.02;11.02;10.64;10.83;2805876;60516960.00
2013/10/23;10.84;10.91;10.64;10.73;2160702;46384272.00
2013/10/24;10.63;10.83;10.63;10.68;1263975;27155440.00
2013/10/25;10.67;10.78;9.63;9.83;2967867;61028768.00
2013/10/28;9.83;10.26;9.83;10.03;3018710;61114748.00
2013/10/29;10.18;10.52;9.94;10.18;1987591;40616888.00
2013/10/30;10.33;10.65;10.23;10.58;2999955;62919760.00
2013/10/31;10.71;10.82;10.54;10.68;1514360;32558016.00
2013/11/01;10.61;10.87;10.61;10.82;1680937;36184208.00
2013/11/04;10.81;11.20;10.79;11.10;1516677;33594312.00
2013/11/05;11.20;11.23;10.92;11.11;2194895;48437056.00
2013/11/06;11.21;11.21;10.57;10.66;4149968;89019520.00
2013/11/07;10.66;11.03;10.38;10.81;2991410;64991516.00
2013/11/08;10.74;10.96;10.68;10.78;1324655;28673764.00
2013/11/11;10.78;10.78;10.13;10.37;4722335;98648000.00
2013/11/12;10.37;10.43;9.97;10.23;3257292;66704060.00
2013/11/13;10.23;10.37;10.03;10.18;1678504;34185360.00
2013/11/14;10.13;10.28;9.88;10.25;1415885;28578298.00
2013/11/15;10.46;10.46;10.14;10.26;1289544;26481662.00
2013/11/18;10.26;10.36;10.02;10.14;1763671;35867720.00
2013/11/19;10.14;10.16;9.92;10.10;1564730;31392914.00
2013/11/20;10.10;10.17;9.97;10.12;1071746;21619590.00
2013/11/21;10.12;10.34;10.09;10.28;2542976;52104860.00
2013/11/22;10.27;10.98;10.27;10.61;3123429;66890812.00
2013/11/25;10.63;10.83;10.63;10.78;2591377;55806784.00
2013/11/26;10.73;10.77;9.93;10.38;2959704;61461800.00
2013/11/27;10.36;10.39;10.18;10.37;1297144;26730090.00
2013/11/28;10.32;10.47;10.23;10.33;1427082;29691468.00
2013/11/29;10.37;10.41;10.30;10.34;749354;15530196.00
2013/12/02;10.22;10.26;9.63;9.88;3456548;69068336.00
2013/12/03;9.88;10.08;9.70;9.98;1047303;20914752.00
2013/12/04;9.93;10.21;9.79;9.96;905079;18225094.00
2013/12/05;9.93;10.05;9.87;9.90;885295;17583458.00
2013/12/06;9.86;9.98;9.83;9.90;936782;18549924.00
2013/12/09;9.90;10.01;9.83;10.00;1068988;21326170.00
2013/12/10;10.06;10.13;9.84;9.92;833793;16560523.00
2013/12/11;9.97;9.97;9.69;9.90;733082;14402669.00
2013/12/12;9.94;10.06;9.84;10.04;973795;19437230.00
2013/12/13;9.98;10.17;9.93;10.14;1286948;25953296.00
2013/12/16;10.10;10.93;10.10;10.60;2722859;57838048.00
2013/12/17;10.60;10.78;10.49;10.51;2478665;52406860.00
2013/12/18;10.76;10.76;10.28;10.46;949862;19918622.00
2013/12/19;10.39;10.60;10.39;10.49;780772;16426680.00
2013/12/20;10.49;10.54;10.24;10.30;1503510;31472578.00
2013/12/23;10.15;10.38;10.01;10.23;1122557;22945712.00
2013/12/24;10.11;10.41;10.11;10.23;602311;12438266.00
2013/12/25;10.15;10.52;10.15;10.52;2228794;46690584.00
2013/12/26;10.57;10.61;10.36;10.51;2000509;41792160.00
2013/12/27;10.60;10.74;10.50;10.61;1574028;33575160.00
2013/12/30;10.62;10.73;10.35;10.43;1865840;39114716.00
2013/12/31;10.35;10.47;10.23;10.42;589545;12285798.00
2014/01/02;10.42;10.47;10.28;10.37;1029933;21394688.00
2014/01/03;10.41;10.71;10.30;10.69;1868063;39282612.00
2014/01/06;10.71;10.86;10.51;10.58;2142452;45771152.00
2014/01/07;10.51;10.71;10.46;10.70;1734508;36887548.00
2014/01/08;10.70;11.56;10.70;11.42;6255249;140792880.00
2014/01/09;11.37;11.51;11.20;11.38;2391511;54476620.00
2014/01/10;11.39;11.82;11.32;11.57;2575675;59530228.00
2014/01/14;11.57;11.57;10.73;11.29;2498308;56295636.00
2014/01/15;11.29;11.46;11.16;11.29;1666463;37729276.00
2014/01/16;11.31;11.53;11.18;11.46;1667584;38067644.00
2014/01/17;11.41;11.98;11.41;11.68;3131562;73857200.00
2014/01/20;11.49;11.75;11.31;11.42;1803426;41258980.00
2014/01/21;11.40;11.51;11.24;11.39;1309666;29789670.00
2014/01/22;11.24;11.73;11.24;11.73;1303144;30006078.00
2014/01/23;11.77;11.82;11.50;11.67;1538712;35838136.00
2014/01/24;11.56;11.87;11.53;11.56;1782586;41648188.00
2014/01/27;11.58;11.83;11.53;11.70;1484081;34679308.00
2014/01/28;11.76;11.78;11.33;11.37;1710024;39596152.00
2014/01/29;11.26;11.71;11.26;11.57;757002;17491622.00
2014/01/30;11.63;12.11;11.43;11.97;1574978;37507496.00
2014/02/07;11.89;12.82;11.87;12.74;2696925;67412536.00
2014/02/10;12.83;13.08;12.61;12.89;1588036;40745484.00
2014/02/11;12.88;12.91;12.46;12.53;2220747;56171608.00
2014/02/12;12.53;12.53;12.19;12.33;1757258;43418248.00
2014/02/13;12.23;12.48;11.83;11.84;2455337;60048348.00
2014/02/14;11.88;12.15;11.48;12.13;1932413;45755596.00
2014/02/17;12.13;12.62;11.92;12.44;2003503;48761720.00
2014/02/18;12.41;12.43;12.13;12.20;900906;22105634.00
2014/02/19;12.20;12.43;12.01;12.24;1651623;40246964.00
2014/02/20;12.23;12.23;11.65;11.69;1785193;42685408.00
2014/02/21;11.67;11.83;11.51;11.58;1382309;32353606.00
2014/02/24;11.51;11.87;11.51;11.69;1079555;25282838.00
2014/02/25;11.59;11.73;10.52;10.56;2917742;64219204.00
2014/02/26;10.55;11.17;10.13;10.90;2428714;52042248.00
2014/02/27;10.89;10.96;10.48;10.72;1539295;32950902.00
2014/02/28;10.58;10.81;10.33;10.71;862934;18266970.00
2014/03/03;10.69;10.83;10.57;10.68;1183042;25440566.00
2014/03/04;10.68;10.85;10.65;10.76;1485874;31944696.00
2014/03/05;10.77;10.95;10.71;10.90;1102090;23917500.00
2014/03/06;10.83;10.88;10.65;10.76;1214520;26171466.00
2014/03/07;10.76;10.88;10.51;10.52;1025978;21893674.00
2014/03/10;10.53;10.54;10.06;10.38;2505562;51508604.00
2014/03/11;10.25;10.34;9.98;10.26;1415710;28977796.00
2014/03/12;10.38;10.38;9.98;10.27;816298;16563061.00
2014/03/13;10.28;10.99;10.19;10.94;2576430;55157804.00
2014/03/14;10.91;11.08;10.68;10.97;844897;18301212.00
2014/03/17;10.94;11.19;10.94;11.00;1497232;33081132.00
2014/03/18;10.78;11.37;10.78;11.28;1108237;24816812.00
2014/03/19;11.19;11.36;11.09;11.28;1200029;26916818.00
2014/03/20;11.15;11.29;10.89;10.97;870408;19401516.00
2014/03/21;10.97;11.47;10.86;11.46;3308204;73738896.00
2014/03/24;11.46;11.48;11.13;11.44;2724437;61596032.00
2014/03/25;11.40;11.79;11.34;11.46;1088358;25163712.00
2014/03/26;11.34;11.57;11.23;11.27;1021441;23213602.00
2014/03/27;11.27;11.46;10.88;10.88;1658842;36654544.00
2014/03/28;10.91;11.07;10.51;10.73;835047;18058258.00
2014/03/31;10.69;10.76;10.50;10.58;626144;13306759.00
2014/04/01;10.48;10.74;10.48;10.69;699296;14929098.00
2014/04/02;10.83;11.30;10.69;10.74;848709;18564320.00
2014/04/03;10.76;11.30;10.73;11.08;1167425;25807648.00
2014/04/04;10.89;11.58;10.89;11.43;2077079;47392224.00
2014/04/08;11.33;11.48;11.24;11.38;1082033;24604772.00
2014/04/09;11.33;11.48;11.32;11.42;525130;11975891.00
2014/04/10;11.32;11.33;10.27;10.58;5916103;126568728.00
2014/04/11;10.42;10.58;10.17;10.46;2436725;50556760.00
2014/04/14;10.41;10.81;10.38;10.75;1838061;39324816.00
2014/04/15;10.74;10.82;10.54;10.62;542182;11599099.00
2014/04/16;10.55;10.68;10.40;10.60;496665;10515867.00
2014/04/17;10.51;10.79;10.51;10.77;897246;19286946.00
2014/04/18;10.78;10.87;10.51;10.65;708622;15163010.00
2014/04/21;10.53;10.67;10.43;10.43;514615;10839838.00
2014/04/22;10.43;10.55;10.30;10.32;581176;12089837.00
2014/04/23;10.32;10.43;10.18;10.28;685480;14158513.00
2014/04/24;10.19;10.53;10.19;10.51;614661;12799720.00
2014/04/25;10.53;10.68;10.18;10.43;765661;15898634.00
2014/04/28;10.36;10.39;9.79;10.06;848700;17000894.00
2014/04/29;10.07;10.48;9.89;10.38;654778;13270019.00
2014/04/30;10.33;10.47;10.23;10.37;263153;5467616.50
2014/05/05;10.20;10.64;10.19;10.51;481618;10170339.00
2014/05/06;10.51;10.88;10.51;10.73;944201;20351550.00
2014/05/07;10.77;10.77;10.48;10.65;275212;5839670.00
2014/05/08;10.65;10.81;10.52;10.58;485432;10387644.00
2014/05/09;10.57;10.71;10.50;10.62;269232;5707334.50
2014/05/12;10.67;10.80;10.62;10.73;573936;12323538.00
2014/05/13;10.70;10.78;10.63;10.65;300156;6429002.50
2014/05/14;10.61;10.76;10.61;10.69;488392;10486524.00
2014/05/15;10.68;10.77;10.32;10.34;600029;12668233.00
2014/05/16;10.33;10.46;10.23;10.40;251767;5231932.00
2014/05/19;10.41;10.53;10.24;10.51;325264;6808111.00
2014/05/20;10.48;10.66;10.35;10.38;277472;5816905.00
2014/05/21;10.33;10.53;10.31;10.40;128280;2666704.75
2014/05/22;10.46;10.58;10.37;10.38;266715;5577639.00
2014/05/23;10.47;10.48;10.27;10.37;516490;10689959.00
2014/05/26;10.44;10.53;10.32;10.39;352828;7332376.00
2014/05/27;10.33;10.38;10.10;10.18;542817;11121568.00
2014/05/28;10.16;10.25;10.13;10.17;973085;19843648.00
2014/05/29;10.04;10.73;9.98;10.48;3280395;69074488.00
2014/05/30;10.45;10.47;10.28;10.30;855530;17728502.00
2014/06/03;10.30;10.46;10.30;10.41;827078;17263870.00
2014/06/04;10.29;10.44;9.98;10.38;822419;16832378.00
2014/06/05;10.29;10.44;10.29;10.40;415665;8651089.00
2014/06/06;10.43;10.46;10.24;10.25;428936;8882265.00
2014/06/09;10.25;10.37;10.16;10.17;561097;11564277.00
2014/06/10;10.28;10.33;10.20;10.31;519896;10715008.00
2014/06/11;10.31;10.48;10.27;10.42;869655;18111686.00
2014/06/12;10.48;10.48;10.35;10.42;858985;17894588.00
2014/06/13;10.32;10.48;10.32;10.43;339575;7080289.00
2014/06/16;10.43;10.68;10.39;10.65;1242467;26380070.00
2014/06/17;10.79;10.79;10.43;10.58;2163376;23012562.00
2014/06/18;10.62;11.34;10.54;10.88;6865970;75318152.00
2014/06/19;10.98;11.10;10.14;10.32;4189696;44291392.00
2014/06/20;10.29;10.41;10.14;10.34;2760738;28355604.00
2014/06/23;10.34;10.49;10.18;10.27;2411290;24889050.00
2014/06/24;10.27;10.35;10.05;10.09;3126635;31700080.00
2014/06/25;10.10;10.17;9.89;10.08;1654436;16579781.00
2014/06/26;10.09;10.14;9.97;10.03;2448652;24561524.00
2014/06/27;10.03;10.11;9.96;10.03;2881220;29013866.00
2014/06/30;9.99;10.10;9.98;10.10;3587305;36114864.00
2014/07/01;10.10;10.10;9.95;10.09;1856928;18667152.00
2014/07/02;10.16;10.21;9.97;9.99;3602428;36175604.00
2014/07/03;9.99;10.04;9.93;9.95;3372165;33646860.00
2014/07/04;9.98;10.03;9.88;9.94;3500908;34846608.00
2014/07/07;9.96;9.98;9.79;9.94;2522643;24955380.00
2014/07/08;9.95;9.95;9.62;9.82;3495640;34244376.00
2014/07/09;9.82;9.91;9.69;9.86;3027732;29668916.00
2014/07/10;9.86;9.92;9.69;9.73;1384755;13576120.00
2014/07/11;9.82;9.82;9.55;9.66;3428437;33153084.00
2014/07/14;9.67;10.05;9.48;9.94;8416066;82042272.00
2014/07/15;9.95;10.19;9.80;9.88;8062679;80512936.00
2014/07/16;9.80;9.90;9.68;9.70;1842132;18035412.00
2014/07/17;9.70;9.75;9.58;9.62;1728512;16665511.00
2014/07/18;9.61;9.63;9.53;9.61;1388720;13311879.00
2014/07/21;9.55;9.81;9.54;9.71;1424882;13879910.00
2014/07/22;9.67;10.17;9.67;9.91;4011566;39943448.00
2014/07/23;9.88;10.06;9.70;9.77;2351877;23294028.00
2014/07/24;9.69;9.79;9.59;9.75;1693670;16436583.00
2014/07/25;9.75;9.90;9.65;9.85;1495653;14673231.00
2014/07/28;9.85;10.00;9.83;9.92;3774041;37514508.00
2014/07/29;9.95;10.00;9.87;9.94;2896515;28813984.00
2014/07/30;9.94;10.13;9.89;10.11;4117496;41292432.00
2014/07/31;10.11;10.12;10.01;10.08;2342470;23598642.00
2014/08/01;10.08;10.08;9.92;9.93;2038060;20393258.00
2014/08/04;9.95;10.28;9.91;10.17;3492039;35297164.00
2014/08/05;10.24;10.56;10.12;10.52;6777070;70705928.00
2014/08/06;10.67;10.74;10.45;10.56;4314662;45561484.00
2014/08/07;10.56;10.60;10.39;10.46;3175025;33363950.00
2014/08/08;10.39;10.51;10.35;10.44;3255865;33919828.00
2014/08/11;10.44;10.59;10.36;10.50;2292700;24016820.00
2014/08/12;10.50;10.56;10.44;10.48;2429412;25490624.00
2014/08/13;10.49;10.51;10.28;10.39;2447222;25496140.00
2014/08/14;10.41;10.71;10.41;10.64;5436750;57811436.00
2014/08/15;10.64;10.83;10.54;10.81;4387103;47045100.00
2014/08/18;10.84;11.79;10.79;11.77;11696868;134222640.00
2014/08/19;11.95;11.96;11.44;11.73;7491123;86931880.00
2014/08/20;11.75;11.76;11.46;11.50;4353627;50417196.00
2014/08/21;11.49;11.64;11.33;11.48;3836972;44023080.00
2014/08/22;11.48;11.60;11.42;11.59;3228684;37296536.00
2014/08/25;11.69;11.84;11.52;11.56;4762078;55623444.00
2014/08/26;11.51;11.59;11.16;11.47;3674347;41929404.00
2014/08/27;11.35;11.49;11.22;11.34;1790786;20304570.00
2014/08/28;11.35;11.38;10.93;11.18;3706309;41165848.00
2014/08/29;11.18;11.18;10.98;11.08;2829871;31284084.00
2014/09/01;11.11;11.31;11.03;11.31;4330844;48451256.00
2014/09/02;11.29;11.34;11.18;11.26;6791164;76440184.00
2014/09/03;11.29;11.81;11.24;11.78;12729649;147914016.00
2014/09/04;11.69;11.94;11.59;11.79;8019075;94938112.00
2014/09/05;11.80;12.17;11.70;12.12;6337643;75915064.00
2014/09/09;12.17;12.37;11.86;12.12;9369990;113621736.00
2014/09/10;12.07;12.83;11.89;12.61;19529597;242826896.00
2014/09/11;12.49;13.14;12.39;12.65;19021171;242406592.00
2014/09/12;12.69;13.16;12.66;13.10;10322407;133310552.00
2014/09/15;13.00;13.96;12.89;13.85;12457168;167482832.00
2014/09/16;13.79;13.94;13.05;13.06;15719418;211458288.00
2014/09/17;13.04;13.14;12.48;12.82;9621746;122580552.00
2014/09/18;12.67;13.24;12.65;12.82;6451007;83730272.00
2014/09/19;12.81;13.22;12.81;12.96;5564721;72337224.00
2014/09/22;12.95;13.29;12.79;12.86;7032684;91619064.00
2014/09/23;12.88;13.22;12.86;13.10;4273672;56029064.00
2014/09/24;13.12;13.19;12.99;13.09;4524380;59194428.00
2014/09/25;13.14;13.33;12.94;12.99;5962873;78116584.00
2014/09/26;12.94;13.01;12.56;12.84;6525355;83660328.00
2014/09/29;12.84;13.01;12.78;12.87;4881269;62782556.00
2014/09/30;12.80;13.26;12.80;13.26;6219209;81294808.00
2014/10/08;13.29;14.40;13.09;14.21;18152899;253617696.00
2014/10/09;14.20;15.14;14.00;14.74;17379769;251191088.00
2014/10/10;14.64;15.10;14.40;14.79;14343982;213677152.00
2014/10/13;14.81;15.49;14.81;15.25;13648135;207265184.00
2014/10/14;15.48;15.54;14.80;14.92;8834909;133906112.00
2014/10/15;14.87;14.95;14.57;14.74;6567277;96879672.00
2014/10/16;14.74;14.76;14.34;14.46;7542694;109623944.00
2014/10/17;14.44;15.01;14.13;14.91;6825785;99602504.00
2014/10/20;14.93;15.29;14.81;15.22;8229504;124520248.00
2014/10/21;15.22;15.28;14.66;15.09;5506895;82205984.00
2014/10/22;14.99;15.05;14.51;14.57;4458883;65634320.00
2014/10/23;14.43;14.64;13.99;14.06;5391090;76718944.00
2014/10/24;14.05;14.43;13.99;14.06;3322743;47062084.00
2014/10/27;14.05;14.54;14.00;14.41;3175319;45294060.00
2014/10/28;14.41;14.80;14.40;14.54;4286713;62556436.00
2014/10/29;14.59;14.70;14.32;14.47;5685998;82697112.00
2014/10/30;14.47;14.53;14.14;14.31;4693767;67007580.00
2014/10/31;14.27;14.38;14.11;14.21;3536098;50252668.00
2014/11/03;14.25;14.27;13.83;14.00;5764142;80747152.00
2014/11/04;13.99;14.12;13.45;13.53;8171463;111742008.00
2014/11/05;13.53;13.69;13.19;13.32;6477319;86776152.00
2014/11/06;13.37;13.66;13.10;13.62;5745437;77105952.00
2014/11/07;13.64;13.77;13.43;13.47;4592028;62332036.00
2014/11/10;13.50;13.58;13.27;13.36;2657060;35608772.00
2014/11/11;13.37;13.39;12.57;12.68;6443688;83318296.00
2014/11/12;12.65;13.09;12.61;12.78;3859703;49624320.00
2014/11/13;12.82;12.85;12.14;12.39;4998763;61747352.00
2014/11/14;12.37;12.62;12.14;12.59;2815333;35013384.00
2014/11/17;12.57;13.02;12.50;12.91;2817602;36404692.00
2014/11/18;12.94;12.97;12.61;12.64;2462325;31413450.00
2014/11/19;12.62;13.01;12.57;12.82;2844618;36530400.00
2014/11/20;12.85;12.99;12.53;12.54;5389774;68592520.00
2014/11/21;12.50;12.60;12.27;12.43;3933687;48827012.00
2014/11/24;12.52;12.54;12.19;12.42;5091253;62928876.00
2014/11/25;12.40;12.78;12.19;12.74;6804332;84548520.00
2014/11/26;12.68;12.72;12.50;12.62;4290411;54078128.00
2014/11/27;12.62;12.93;12.60;12.84;6848618;87691288.00
2014/11/28;12.95;12.95;12.63;12.74;5291761;67530600.00
2014/12/01;12.59;12.64;11.79;12.08;10670594;129757192.00
2014/12/02;12.00;12.24;11.99;12.14;6512630;78846456.00
2014/12/03;12.04;12.17;11.69;11.96;8014644;95518032.00
2014/12/04;12.01;12.35;11.84;12.29;8720660;105830968.00
2014/12/05;12.27;12.27;11.36;11.76;11852563;139740720.00
2014/12/08;11.76;11.76;11.19;11.48;11924581;136068000.00
2014/12/09;11.18;11.32;10.69;10.90;14106494;155013520.00
2014/12/10;10.91;11.25;10.79;11.24;7883706;87192152.00
2014/12/11;11.22;11.37;10.98;11.33;7533486;84067872.00
2014/12/12;11.29;11.79;11.26;11.65;8146655;94294896.00
2014/12/15;11.65;11.93;11.59;11.83;6976467;82227904.00
2014/12/16;11.83;11.89;11.56;11.59;4588512;53464828.00
2014/12/17;11.53;11.57;11.00;11.22;7811732;87581992.00
2014/12/18;11.41;11.69;11.29;11.57;7478164;86149592.00
2014/12/19;11.44;11.44;10.99;11.33;5273635;59150392.00
2014/12/22;11.33;11.33;10.67;10.82;7095984;77221328.00
2014/12/23;10.82;11.32;10.69;10.84;4170804;46102764.00
2014/12/24;10.83;11.24;10.83;11.17;3908002;43508392.00
2014/12/25;11.17;11.29;11.04;11.13;3081160;34430056.00
2014/12/26;11.13;11.19;11.01;11.14;3051330;33966652.00
2014/12/29;11.14;11.14;10.51;10.89;5791266;62505080.00
2014/12/30;10.76;11.01;10.72;10.92;2984520;32441160.00
2014/12/31;10.91;11.03;10.70;10.93;4684719;50956948.00
2015/01/05;10.92;10.95;10.72;10.88;4241676;46065864.00
2015/01/06;10.88;11.17;10.78;11.14;6483319;71340424.00
2015/01/07;11.15;11.53;11.14;11.44;8134591;92463528.00
2015/01/08;11.49;11.86;11.34;11.41;9755896;113753328.00
2015/01/09;11.38;11.56;11.25;11.33;5087799;58125408.00
2015/01/12;11.39;11.67;11.26;11.44;5614597;64550736.00
2015/01/13;11.39;11.82;11.34;11.77;7427560;86876864.00
2015/01/14;11.75;11.81;11.53;11.59;4269387;49699652.00
2015/01/15;11.46;11.59;11.41;11.50;3417366;39232124.00
2015/01/16;11.48;11.63;11.38;11.58;4158867;47890520.00
2015/01/19;11.47;11.66;11.10;11.34;5206446;59683492.00
2015/01/20;11.32;11.69;11.31;11.59;5262431;61061100.00
2015/01/21;11.56;11.83;11.54;11.76;7431438;87350416.00
2015/01/22;11.79;11.95;11.69;11.94;7428373;88021848.00
2015/01/23;11.99;12.51;11.97;12.37;13273704;163608624.00
2015/01/26;12.42;12.79;12.39;12.49;11007737;138535760.00
2015/01/27;12.48;12.59;12.05;12.34;10496069;129000568.00
2015/01/28;12.29;12.31;12.06;12.28;8245175;100458128.00
2015/01/29;12.26;12.65;12.09;12.53;9101403;113973648.00
2015/01/30;12.33;12.61;12.30;12.34;4778757;59420056.00
2015/02/02;12.33;12.59;12.07;12.27;4431051;54833064.00
2015/02/03;12.26;12.43;12.25;12.35;3740855;46126328.00
2015/02/04;12.36;12.48;12.23;12.24;5669387;70087232.00
2015/02/05;12.31;12.44;12.25;12.31;4545468;56080596.00
2015/02/06;12.27;12.46;11.99;12.10;4676776;57164272.00
2015/02/09;12.09;12.23;11.84;11.86;4393135;53059472.00
2015/02/10;11.81;11.94;11.49;11.81;3821252;44802496.00
2015/02/11;11.82;12.20;11.82;12.19;4332120;51871020.00
2015/02/12;12.14;12.31;12.00;12.21;4302804;52318036.00
2015/02/13;12.34;12.37;12.12;12.15;4852524;59430572.00
2015/02/16;12.16;12.33;12.03;12.28;4608551;56435816.00
2015/02/17;12.39;12.54;12.24;12.39;4961141;61237060.00
2015/02/25;12.39;12.98;12.32;12.67;9926953;126326200.00
2015/02/26;12.72;12.80;12.42;12.78;6730382;85032928.00
2015/02/27;12.77;13.03;12.64;12.99;8893155;115126064.00
2015/03/02;13.19;13.27;12.89;13.03;9114783;118790936.00
2015/03/03;13.05;13.39;12.89;13.08;9943521;131088688.00
2015/03/04;13.00;13.84;13.00;13.54;12573198;169599120.00
2015/03/05;13.55;13.65;13.35;13.57;7098575;96032488.00
2015/03/06;13.57;13.91;13.28;13.28;7107571;95958688.00
2015/03/09;13.28;13.29;12.86;13.10;6644934;86808944.00
2015/03/10;13.05;13.67;12.99;13.50;7746184;104445024.00
2015/03/11;13.49;13.53;13.19;13.23;6068270;80885280.00
2015/03/12;13.27;13.31;13.06;13.16;4907202;64613776.00
2015/03/13;13.32;13.44;13.12;13.23;5462825;72337512.00
2015/03/16;13.29;13.66;13.25;13.59;11339989;153190480.00
2015/03/17;13.71;14.05;13.44;13.98;14546192;200206768.00
2015/03/18;13.94;14.42;13.77;14.10;12313649;173686752.00
2015/03/19;14.10;14.21;13.77;13.86;9710885;135381296.00
2015/03/20;13.84;13.99;13.73;13.84;12060558;167093408.00
2015/03/23;13.83;13.99;13.76;13.98;13724298;190684592.00
2015/03/24;13.98;13.98;13.19;13.62;14732308;201388224.00
2015/03/25;13.60;13.62;13.28;13.52;15046813;202032096.00
2015/03/26;13.52;13.62;13.37;13.50;11074568;149611456.00
2015/03/27;13.50;14.26;13.50;14.18;20384141;284175840.00
2015/03/30;14.21;14.43;13.99;14.21;17522933;250137536.00
2015/03/31;14.29;14.49;14.09;14.37;15343532;219265072.00
2015/04/01;14.45;14.87;14.45;14.73;14868113;218805360.00
2015/04/02;14.64;14.78;14.49;14.62;16253437;237224320.00
2015/04/03;14.49;15.42;14.29;15.32;23549102;351530016.00
2015/04/07;15.29;16.16;15.04;15.74;25988420;403025504.00
2015/04/08;15.74;16.69;15.58;16.18;34538496;557924864.00
2015/04/09;16.15;17.07;15.14;17.02;28950170;472893952.00
2015/04/10;16.96;17.55;16.59;17.09;18123806;312452480.00
2015/04/13;17.09;17.49;16.68;17.00;17447065;296948736.00
2015/04/14;17.00;17.14;16.74;16.76;11879167;200981728.00
2015/04/15;16.50;16.56;15.69;15.70;15712734;253396480.00
2015/04/16;15.59;16.44;15.34;15.99;12920069;207768064.00
2015/04/17;16.19;16.27;15.37;15.79;18457365;291357312.00
2015/04/20;15.74;16.97;15.39;16.32;21138085;342973344.00
2015/04/21;16.24;16.84;16.24;16.72;12255844;203171744.00
2015/04/22;17.01;17.99;17.01;17.69;19722796;347735424.00
2015/04/23;18.15;19.46;18.15;19.40;30748438;586154112.00
2015/04/24;18.82;19.53;18.49;18.85;17726114;336170976.00
2015/04/27;18.89;18.97;17.91;18.49;18571304;341806656.00
2015/04/28;18.39;18.39;17.02;17.68;16699719;294030016.00
2015/04/29;17.59;18.49;17.09;18.38;9984225;179304656.00
2015/04/30;18.38;18.38;17.88;18.11;7778597;141100352.00
2015/05/04;18.00;18.44;17.89;18.22;7192658;130749192.00
2015/05/05;18.19;19.49;17.69;18.33;12841974;236070160.00
2015/05/06;18.66;19.14;17.69;17.89;9295933;169570288.00
2015/05/07;17.59;17.89;16.82;17.54;8828032;152914304.00
2015/05/08;17.53;17.92;17.52;17.83;5126520;90850776.00
2015/05/11;18.09;19.04;18.09;18.92;13890588;260220464.00
2015/05/12;18.92;20.17;18.69;19.87;15199377;297320864.00
2015/05/13;19.66;20.71;19.29;19.52;13405845;268815168.00
2015/05/14;19.52;20.09;19.16;19.79;9932047;194928976.00
2015/05/15;19.79;20.64;19.37;20.22;12854180;259062544.00
2015/05/18;20.23;20.59;19.69;20.39;11779387;238047680.00
2015/05/19;20.34;21.59;20.14;21.40;11859177;251113072.00
2015/05/20;21.50;23.49;21.12;22.84;12126969;272829888.00
2015/05/21;22.89;25.13;22.89;24.79;14718642;359176800.00
2015/05/22;24.79;25.94;23.17;23.63;17750764;426796032.00
2015/05/25;23.49;24.71;22.52;24.27;12441780;294906112.00
2015/05/26;24.35;25.45;24.27;25.20;14175331;352109088.00
2015/05/27;25.78;27.72;25.02;27.25;14516099;385410048.00
2015/05/28;27.25;28.44;24.99;25.19;15673852;420330880.00
2015/05/29;24.99;26.57;24.01;25.97;15399667;394646944.00
2015/06/01;26.70;27.00;25.98;26.99;11163958;298861408.00
2015/06/02;27.09;28.76;26.84;28.13;18963440;524434816.00
2015/06/03;28.13;28.48;26.60;27.05;14258125;389683072.00
2015/06/04;27.06;27.25;24.65;26.24;13189549;339557472.00
2015/06/05;26.39;27.19;25.84;26.63;13865947;365244704.00
2015/06/08;26.99;27.08;25.36;25.42;11351122;293239040.00
2015/06/09;25.04;26.21;24.99;25.49;10035326;256601920.00
2015/06/10;25.29;26.35;25.00;26.19;11313314;292537728.00
2015/06/11;26.20;28.49;26.20;28.39;16290424;448946464.00
2015/06/12;29.69;29.88;27.78;29.19;18795608;547722176.00
2015/06/15;29.28;29.96;27.70;29.33;18074632;521508320.00
2015/06/16;29.39;29.39;26.78;26.94;13319093;369012736.00
2015/06/17;26.94;27.59;24.97;26.69;10144379;266259296.00
2015/06/18;26.77;27.99;24.89;25.13;8716990;227547552.00
2015/06/19;25.19;25.56;23.00;23.99;11650392;281541728.00
2015/06/23;23.89;24.99;22.05;24.29;8536905;200824640.00
2015/06/24;24.49;25.39;24.34;25.33;10778155;269442464.00
2015/06/25;25.33;25.58;23.15;24.01;8320977;206678624.00
2015/06/26;23.29;23.49;21.61;21.61;8578307;190301904.00
2015/06/29;22.47;22.47;19.45;20.09;21120671;429543840.00
2015/06/30;20.20;22.10;18.15;22.10;20315755;411375648.00
2015/07/01;22.63;24.31;21.99;23.34;20090941;476618752.00
2015/07/02;23.76;24.65;21.99;22.21;21330409;502623808.00
2015/12/31;19.99;22.79;19.99;20.01;42409791;859901504.00
2016/01/04;19.61;19.84;18.01;18.01;17980005;339005408.00
2016/01/05;16.50;17.71;16.22;16.99;16991904;288306304.00
2016/01/06;16.99;18.69;16.61;18.54;15855531;281152032.00
2016/01/07;18.34;18.34;16.70;16.76;3401382;60276952.00
2016/01/08;17.30;18.44;15.59;18.08;14139703;249967824.00
2016/01/11;17.67;18.48;16.59;16.73;13409108;233652816.00
2016/01/12;16.73;17.29;15.85;16.50;9535639;157469184.00
2016/01/13;16.52;17.09;15.71;16.24;11097990;183134736.00
2016/01/14;15.24;16.98;15.24;16.73;8720073;142059584.00
2016/01/15;16.56;16.89;16.01;16.66;8789685;144421728.00
2016/01/18;16.12;17.26;16.12;16.89;6830595;114997544.00
2016/01/19;16.72;17.84;16.72;17.77;10029735;174553504.00
2016/01/20;17.79;18.24;17.49;17.91;9534699;171471248.00
2016/01/21;17.49;18.57;17.49;17.69;12562120;228263344.00
2016/01/22;18.04;19.11;17.59;18.99;10669846;194969936.00
2016/01/25;19.12;19.37;18.44;18.90;10497688;198260800.00
2016/01/26;18.88;18.88;17.01;17.02;8004546;142891344.00
2016/01/27;17.19;17.63;15.79;17.34;10565244;177728752.00
2016/01/28;17.19;18.44;17.00;17.69;9421096;168811328.00
2016/01/29;17.89;19.04;17.52;18.67;9785292;179287248.00
2016/02/01;18.68;19.49;18.15;18.39;10752456;202355072.00
2016/02/02;18.71;19.28;18.69;19.09;7032968;133850864.00
2016/02/03;18.69;19.34;18.66;19.25;8745783;166700368.00
2016/02/23;21.18;21.18;21.18;21.18;2076545;44001988.00
2016/02/24;20.99;21.98;19.06;20.00;40671316;815748288.00
2016/02/25;19.31;19.44;18.00;18.00;18820507;349148544.00
2016/02/26;17.40;17.79;16.28;16.72;20458511;345114016.00
2016/02/29;16.09;16.26;15.10;15.23;14741561;229808400.00
2016/03/01;15.23;15.69;14.65;15.51;10050646;153804064.00
2016/03/02;15.19;16.57;14.99;16.20;11160209;176931056.00
2016/03/03;16.27;16.57;15.42;15.63;11995518;192773184.00
2016/03/04;15.39;15.69;14.27;14.96;16642703;250902912.00
2016/03/07;15.14;15.84;15.10;15.74;9199318;143211888.00
2016/03/08;15.67;16.33;14.99;16.15;9144217;144744192.00
2016/03/09;15.69;16.49;15.54;15.96;7188803;116066712.00
2016/03/10;15.98;16.31;15.67;15.76;4643969;74289880.00
2016/03/11;15.51;16.25;15.49;16.20;6992890;111947624.00
2016/03/14;16.24;17.29;16.24;16.99;7839501;133007904.00
2016/03/15;16.99;17.26;16.79;16.81;4165677;70734520.00
2016/03/16;16.81;17.29;16.24;16.29;5548529;91926656.00
2016/03/17;16.19;16.61;16.07;16.51;6611138;108689752.00
2016/03/21;17.34;18.16;16.99;18.16;16984646;301438592.00
2016/03/22;17.97;18.19;17.34;18.18;12546094;222549504.00
2016/03/23;17.85;18.00;17.51;17.79;6799367;120865056.00
2016/03/24;17.74;18.09;17.47;17.69;8134323;144098224.00
2016/03/25;17.51;18.14;17.51;17.97;5497384;98513312.00
2016/03/28;18.07;19.77;18.07;18.59;15006319;286756448.00
2016/03/29;18.72;19.35;18.30;18.84;7249478;135989968.00
2016/03/30;18.84;19.32;18.79;19.24;5312261;101616728.00
2016/03/31;19.25;19.74;18.79;18.87;6359326;122738264.00
2016/04/01;18.89;19.21;17.89;18.21;8491720;155931056.00
2016/04/05;18.29;19.09;18.09;19.01;9905190;184835296.00
2016/04/06;19.01;19.87;18.99;19.59;14094393;274807872.00
2016/04/07;19.86;20.85;19.86;19.94;14607173;296160960.00
2016/04/08;19.93;19.97;19.19;19.61;5958259;116810696.00
2016/04/11;19.72;19.93;19.40;19.72;7097312;139377232.00
2016/04/12;19.79;19.87;18.89;19.09;6176261;118524384.00
2016/04/13;19.16;19.45;18.99;19.00;6072256;117258920.00
2016/04/14;19.27;19.97;19.11;19.60;6870296;134777376.00
2016/04/15;19.49;20.49;19.49;20.14;10632308;213050816.00
2016/04/18;19.89;19.92;19.24;19.60;5405271;106113392.00
2016/04/19;19.91;20.24;19.28;19.56;5591773;110355104.00
2016/04/20;19.64;19.79;17.75;18.00;7351240;136176992.00
2016/04/21;18.32;18.33;17.57;17.57;3761375;67581512.00
2016/04/22;17.49;17.73;17.01;17.61;2806835;49042788.00
2016/04/25;17.69;17.69;17.19;17.45;2095881;36469836.00
2016/04/26;17.45;17.89;17.45;17.78;3275267;58119656.00
2016/04/27;17.78;17.99;17.39;17.42;2922026;51568920.00
2016/04/28;17.59;17.65;16.69;17.31;4108851;70009712.00
2016/04/29;17.29;17.50;16.90;16.94;3021632;51874588.00
2016/05/03;16.98;17.72;16.98;17.61;5350693;93553840.00
2016/05/04;17.80;18.29;17.64;17.79;6824852;122668224.00
2016/05/05;17.84;18.08;17.65;18.00;4434892;79412640.00
2016/05/06;18.07;18.21;17.60;17.78;9507819;170592608.00
2016/05/09;17.74;17.74;16.54;16.66;7750171;131141312.00
2016/05/10;16.66;16.88;16.32;16.34;3145844;51957700.00
2016/05/11;16.58;16.63;16.08;16.14;4139057;67781712.00
2016/05/12;16.04;16.04;15.38;15.69;3553291;55661084.00
2016/05/13;15.88;16.08;15.49;15.78;4786801;75504096.00
2016/05/16;15.51;16.24;15.46;16.10;5387148;86205304.00
2016/05/17;16.79;17.17;16.33;16.44;8235728;139079248.00
2016/05/18;16.22;16.24;15.74;15.79;4773877;76102272.00
2016/05/19;15.52;16.84;15.52;16.53;9203789;151447824.00
2016/05/20;16.28;18.18;16.05;18.18;16793281;296249184.00
2016/05/23;19.05;19.31;18.17;18.29;20065057;375145888.00
2016/05/24;18.39;18.39;17.71;18.03;8801412;158186480.00
2016/05/25;18.18;18.27;17.79;17.79;6169820;111172768.00
2016/05/26;17.79;17.84;16.99;17.84;6982254;121307944.00
2016/05/27;17.93;18.67;17.75;17.92;9461748;172724640.00
2016/05/30;17.97;18.79;17.69;18.36;10860859;200451552.00
2016/05/31;18.37;18.99;18.24;18.99;11497171;214763104.00
2016/06/01;19.04;19.37;18.68;19.07;11232798;213729248.00
2016/06/02;19.19;19.33;18.79;18.95;9362244;177804128.00
2016/06/03;18.75;18.98;18.39;18.41;10345231;192094640.00
2016/06/06;18.42;18.91;18.42;18.80;7417449;138767600.00
2016/06/07;18.84;19.77;18.44;19.29;11733086;224071840.00
2016/06/08;19.21;19.47;18.89;18.89;7791391;149138992.00
2016/06/13;18.58;18.99;17.28;17.75;5898316;108525152.00
2016/06/14;17.76;18.44;17.76;18.19;6357810;115571600.00
2016/06/15;17.84;18.95;17.81;18.84;8360741;156040656.00
2016/06/16;18.80;20.36;18.67;19.59;16981071;329582624.00
2016/06/17;19.64;20.24;19.01;19.47;10903976;213949328.00
2016/06/20;19.46;20.29;18.94;20.21;12009243;237056592.00
2016/06/21;20.34;20.94;20.01;20.17;19429715;399527616.00
2016/06/22;20.19;20.50;19.87;20.48;8032533;161657472.00
2016/06/23;20.44;20.57;19.78;19.91;6499082;130609600.00
2016/06/24;19.79;20.18;18.42;19.35;7709967;150433040.00
2016/06/27;19.24;20.37;19.17;20.32;8090627;162126112.00
2016/06/28;20.19;20.50;19.98;20.05;7161928;144749232.00
2016/06/29;20.26;20.99;19.79;20.02;8887017;181144928.00
2016/06/30;20.00;20.50;19.45;19.86;7908279;157264528.00
2016/07/01;19.62;20.04;19.50;19.68;4019290;79255480.00
2016/07/04;19.53;20.16;19.48;20.03;8211435;164047088.00
2016/07/05;20.03;20.77;19.91;20.20;8531770;173349824.00
2016/07/06;20.20;20.25;19.65;19.90;4911491;97492144.00
2016/07/07;19.81;20.30;19.47;19.97;6786953;134802000.00
2016/07/08;20.02;20.20;19.51;19.86;6175681;123147520.00
2016/07/11;19.86;20.09;19.55;19.60;5787049;114678368.00
2016/07/12;19.32;19.73;19.00;19.37;5715578;110317952.00
2016/07/13;19.33;19.60;19.06;19.21;5773950;110900080.00
2016/07/14;19.23;19.30;18.87;19.00;4688572;89013528.00
2016/07/15;19.06;19.20;18.90;19.05;3611594;68775792.00
2016/07/18;18.90;19.21;18.61;18.88;4616310;87286912.00
2016/07/19;18.89;19.24;18.83;19.24;4630016;88673680.00
2016/07/20;19.29;19.39;19.02;19.03;3331243;63829960.00
2016/07/21;19.00;19.11;18.71;18.92;3613448;68239368.00
2016/07/22;18.83;19.03;18.68;18.80;3410954;64195064.00
2016/07/25;18.81;18.97;18.68;18.81;2383117;44873308.00
2016/07/26;18.81;19.27;18.79;19.10;4087288;77930248.00
2016/07/27;19.20;19.45;17.93;18.18;6473232;119604704.00
2016/07/28;18.30;18.93;18.00;18.58;5361997;99626000.00
2016/07/29;18.85;18.85;17.71;17.84;5563225;100567024.00
2016/08/01;17.80;17.80;17.17;17.31;3872365;67613088.00
2016/08/02;17.29;17.65;17.22;17.54;3371879;58861020.00
2016/08/03;17.40;17.84;17.39;17.58;3569225;62787628.00
2016/08/04;17.56;17.91;17.45;17.70;3471337;61457976.00
2016/08/05;17.69;17.82;17.41;17.43;1949845;34227332.00
2016/08/08;17.43;17.78;17.20;17.77;2020354;35450432.00
2016/08/09;17.77;17.89;17.66;17.83;2704291;48137708.00
2016/08/10;17.89;18.33;17.89;18.01;3706446;67097676.00
2016/08/11;18.02;18.10;17.48;17.49;2097735;37234100.00
2016/08/12;17.49;17.87;17.49;17.84;1984888;35135324.00
2016/08/15;17.98;18.12;17.77;18.09;4303084;77338640.00
2016/08/16;18.09;18.18;17.89;18.00;4032037;72713976.00
2016/08/17;18.08;18.14;17.79;17.84;2769390;49592908.00
2016/08/18;17.85;17.98;17.49;17.57;4572665;81197472.00
2016/08/19;17.58;17.87;17.51;17.67;3171701;56110344.00
2016/08/22;17.75;17.84;17.17;17.22;4667764;81424656.00
2016/08/23;17.22;17.77;17.15;17.50;7977174;139385632.00
2016/08/24;17.60;18.02;17.42;17.91;12802768;228123600.00
2016/08/25;17.90;17.90;17.32;17.58;5465302;96029544.00
2016/08/26;17.68;17.81;17.40;17.49;5074220;89348840.00
2016/08/29;17.49;17.65;17.42;17.56;3193872;56006108.00
2016/08/30;17.60;17.77;17.43;17.48;4584408;80940032.00
2016/08/31;17.50;17.55;17.17;17.33;5558807;95964088.00
2016/09/01;17.23;17.42;17.18;17.20;4031156;69694824.00
2016/09/02;17.17;17.27;16.96;17.02;3438984;58802436.00
2016/09/05;17.06;17.46;16.95;17.42;4800864;82645296.00
2016/09/06;17.38;18.16;17.14;17.97;11990986;213322784.00
2016/09/07;17.95;19.30;17.91;18.38;19962444;372328640.00
2016/09/08;18.46;18.46;18.10;18.30;5316482;97009208.00
2016/09/09;18.34;18.82;18.32;18.35;6967297;129569632.00
2016/09/12;17.86;18.26;17.80;17.95;5674391;102125496.00
2016/09/13;18.18;18.47;17.97;18.36;8093635;148000608.00
2016/09/14;18.40;20.17;18.27;20.00;21743497;420453888.00
2016/09/19;20.00;20.77;19.50;19.93;19634068;394931744.00
2016/09/20;19.82;19.99;19.21;19.47;10409567;202849856.00
2016/09/21;19.31;19.50;19.10;19.24;6709280;129422888.00
2016/09/22;19.42;19.55;18.92;19.24;9212500;176581872.00
2016/09/23;19.18;19.42;19.07;19.38;5811761;111916608.00
2016/09/26;19.37;19.47;18.05;18.12;9747708;181476224.00
2016/09/27;17.98;18.41;17.58;18.37;7231517;129216152.00
2016/09/28;18.15;18.64;18.12;18.16;4460847;81670296.00
2016/09/29;18.16;18.50;18.11;18.18;3722591;68079200.00
2016/09/30;18.20;18.64;18.20;18.52;4901689;90608600.00
2016/10/10;18.67;19.33;18.57;19.01;12987593;246837328.00
2016/10/11;19.25;19.70;18.95;19.52;12106888;234267696.00
2016/10/12;19.50;20.82;19.37;20.70;22981541;461143712.00
2016/10/13;21.00;22.42;21.00;21.95;29002013;632045568.00
2016/10/14;21.62;22.07;21.32;21.77;13622676;295498048.00
2016/10/17;21.99;22.10;21.10;21.45;9509018;206194912.00
2016/10/18;21.43;21.78;20.83;21.68;11234619;239306240.00
2016/10/19;21.56;22.22;21.33;21.75;8512071;184556464.00
2016/10/20;21.70;22.05;21.43;21.82;5992594;130431984.00
2016/10/21;21.51;22.15;21.18;21.70;8269689;179450272.00
2016/10/24;21.55;22.00;21.30;21.90;6911996;150486624.00
2016/10/25;21.97;22.65;21.10;21.17;12617457;275367968.00
2016/10/26;21.00;21.00;20.35;20.44;12269563;253365536.00
2016/10/27;20.35;20.40;19.45;19.73;19751989;389172192.00
2016/10/28;19.77;20.10;19.68;19.80;10457459;208187680.00
2016/10/31;19.62;20.39;19.37;19.92;9803682;196475728.00
2016/11/01;19.88;20.80;19.88;20.69;11623799;237121584.00
2016/11/02;20.69;20.77;20.19;20.30;5807782;118395792.00
2016/11/03;20.32;20.45;19.97;20.05;7495965;151535024.00
2016/11/04;20.06;20.33;19.34;19.62;9853159;194249376.00
2016/11/07;19.61;20.00;19.24;19.39;8907111;173880928.00
2016/11/08;19.42;19.73;19.27;19.71;6414840;125193824.00
2016/11/09;19.58;19.73;19.04;19.21;8563207;165386688.00
2016/11/10;19.41;19.44;18.95;19.15;10916419;209512016.00
2016/11/11;19.19;19.34;18.96;19.27;6137853;117608120.00
2016/11/14;19.18;19.75;19.15;19.48;8841005;172445808.00
2016/11/15;19.49;19.78;19.40;19.76;7613574;149205376.00
2016/11/16;19.73;19.96;19.50;19.75;8010436;157433296.00
2016/11/17;19.80;19.80;19.26;19.39;3054000;59357044.00
数据来源:通达信
