002389 南洋科技 日线 前复权
      日期	    开盘	    最高	    最低	    收盘	    成交量	    成交额
2010/04/13;14.63;15.80;12.80;13.43;11160214;1004200192.00
2010/04/14;12.07;12.37;12.07;12.07;4119077;304330080.00
2010/04/15;11.46;11.96;10.96;11.11;4010953;275733408.00
2010/04/16;10.80;11.13;10.30;10.70;2884463;188098464.00
2010/04/19;10.68;10.94;10.48;10.53;2100917;137832832.00
2010/04/20;10.51;10.65;9.64;9.76;2166507;131979224.00
2010/04/21;9.78;10.41;9.78;10.30;2180138;135442192.00
2010/04/22;10.30;10.87;10.11;10.57;2215016;142988192.00
2010/04/23;10.58;10.58;10.06;10.10;1688336;106158816.00
2010/04/26;10.03;10.26;9.70;10.19;1330409;81422744.00
2010/04/27;10.11;10.11;9.30;9.68;1218750;72566112.00
2010/04/28;9.60;9.75;9.30;9.35;831568;48277064.00
2010/04/29;9.44;9.61;9.30;9.31;1013817;58494668.00
2010/04/30;9.31;9.80;9.03;9.69;1628781;93612952.00
2010/05/04;9.38;9.71;9.30;9.48;980852;57472116.00
2010/05/05;9.35;9.78;9.32;9.75;1135248;66824780.00
2010/05/06;9.71;9.95;9.55;9.61;1362186;81481648.00
2010/05/07;9.30;9.60;9.28;9.28;1017115;58458448.00
2010/05/10;9.01;9.26;8.33;8.33;1373373;73022232.00
2010/05/11;8.48;8.62;7.65;7.76;1396423;69343736.00
2010/05/12;7.63;7.63;7.18;7.38;1242262;56815304.00
2010/05/13;7.38;7.65;7.28;7.63;1184459;54624032.00
2010/05/14;7.46;7.90;7.43;7.73;1257622;59819516.00
2010/05/17;7.51;7.60;7.04;7.06;1014365;46059704.00
2010/05/18;7.00;7.45;7.00;7.40;1038194;46250032.00
2010/05/19;7.30;7.59;7.20;7.45;1057317;48415820.00
2010/05/20;7.37;7.49;6.98;7.08;923645;41289172.00
2010/05/24;7.28;7.80;7.28;7.80;1358587;64147752.00
2010/05/25;8.09;8.48;7.96;8.25;3277520;165008112.00
2010/05/26;8.15;8.25;7.95;8.02;1403217;69835168.00
2010/05/27;7.97;8.36;7.93;8.27;1339562;67600840.00
2010/05/28;8.36;8.48;8.18;8.31;1279227;65276240.00
2010/05/31;8.31;8.33;7.82;7.82;1218612;60333356.00
2010/06/01;7.60;7.73;7.21;7.38;1336876;61037164.00
2010/06/02;7.30;7.55;7.16;7.53;797157;36054624.00
2010/06/03;7.56;7.99;7.47;7.61;1322791;62645664.00
2010/06/04;7.52;7.74;7.38;7.69;877260;40891380.00
2010/06/07;7.45;8.23;7.35;8.13;1773100;86071400.00
2010/06/08;8.16;8.21;7.90;8.07;1441400;71509352.00
2010/06/09;8.08;8.38;8.08;8.20;1519629;76725384.00
2010/06/10;8.19;8.37;8.15;8.31;1218853;62088056.00
2010/06/11;8.40;8.44;8.17;8.21;966045;48930064.00
2010/06/17;8.25;8.34;7.91;7.91;1045616;52598052.00
2010/06/18;7.80;7.87;7.28;7.35;1230254;56945960.00
2010/06/21;7.38;7.68;7.28;7.66;889281;40941460.00
2010/06/22;7.66;8.44;7.63;8.44;1966757;99425888.00
2010/06/23;8.46;8.96;8.44;8.92;3957498;211770064.00
2010/06/24;8.85;8.88;8.60;8.74;2303856;123744440.00
2010/06/25;8.78;9.64;8.74;9.56;3928672;223572992.00
2010/06/28;9.30;9.76;9.18;9.50;2525169;146423088.00
2010/06/29;9.35;9.46;8.53;8.53;2783041;150339712.00
2010/06/30;8.19;9.29;8.07;8.99;2974785;157963824.00
2010/07/01;9.28;9.91;9.13;9.88;4661797;275520128.00
2010/07/02;9.63;10.23;9.31;9.73;4118539;246624256.00
2010/07/05;9.78;10.56;9.61;9.80;3692579;227402848.00
2010/07/06;9.70;10.45;9.43;10.31;3552158;216287344.00
2010/07/08;10.31;11.28;10.16;10.93;3479433;228388640.00
2010/07/09;10.70;11.00;10.43;10.68;3221918;210304592.00
2010/07/12;10.63;10.66;10.27;10.31;3256774;206895376.00
2010/07/13;9.90;11.13;9.85;10.91;6066450;389487200.00
2010/07/14;10.22;10.46;9.81;9.92;5853672;363982528.00
2010/07/15;9.79;9.79;9.18;9.25;3195872;186387824.00
2010/07/16;9.13;9.63;9.01;9.43;2632991;151456896.00
2010/07/19;9.22;9.56;9.21;9.49;2077993;119840248.00
2010/07/20;9.50;9.83;9.41;9.69;2676114;157628192.00
2010/07/21;9.71;9.78;9.43;9.44;2382226;140117216.00
2010/07/22;9.33;9.61;9.27;9.51;1932628;112069128.00
2010/07/23;9.63;10.27;9.51;10.05;3854114;233994384.00
2010/07/26;10.05;10.11;9.84;10.02;2035022;124140560.00
2010/07/27;10.01;10.18;9.85;9.87;1910069;116709384.00
2010/07/28;9.83;9.99;9.83;9.94;1721427;104508776.00
2010/07/29;10.03;10.04;9.71;9.78;2120586;127800048.00
2010/07/30;9.79;9.79;9.46;9.53;1836949;107710408.00
2010/08/02;9.47;9.76;9.47;9.67;1589919;94125656.00
2010/08/03;9.61;10.01;9.61;9.83;2880805;174589744.00
2010/08/04;9.78;9.90;9.38;9.61;1997711;117225336.00
2010/08/05;9.61;9.70;9.48;9.53;1231103;72367568.00
2010/08/06;9.47;9.63;9.27;9.63;1609906;93269936.00
2010/08/09;9.61;9.93;9.49;9.92;2478350;148200032.00
2010/08/10;9.88;9.90;9.30;9.30;2238990;131830488.00
2010/08/11;9.21;9.41;9.21;9.37;964328;55060996.00
2010/08/12;9.26;9.60;9.21;9.46;1367641;79285768.00
2010/08/13;9.33;9.61;9.33;9.55;1097244;64027608.00
2010/08/16;9.56;9.78;9.46;9.61;1734167;102358816.00
2010/08/17;9.61;9.93;9.58;9.75;1894211;113550888.00
2010/08/18;9.76;9.90;9.46;9.59;1591711;93560496.00
2010/08/19;9.59;9.61;9.38;9.47;1336984;77522680.00
2010/08/20;9.41;9.51;9.32;9.33;1095159;63170108.00
2010/08/23;9.33;9.46;9.30;9.34;727697;41710204.00
2010/08/24;9.34;9.54;9.30;9.45;927359;53730604.00
2010/08/25;9.42;9.42;8.91;8.91;1909049;106637272.00
2010/08/26;8.91;9.04;8.73;8.78;962149;52071548.00
2010/08/27;8.80;9.00;8.73;8.96;718027;39199840.00
2010/08/30;8.96;9.15;8.90;9.10;1177759;65299100.00
2010/08/31;9.05;9.11;8.92;9.10;1252877;69131696.00
2010/09/01;9.11;9.15;8.55;8.67;1348831;73305536.00
2010/09/02;8.69;8.92;8.58;8.81;1186289;63665732.00
2010/09/03;8.81;9.26;8.78;9.06;1636564;90935608.00
2010/09/06;9.07;9.18;8.73;8.88;1020067;55762840.00
2010/09/07;9.78;9.78;9.78;9.78;1097555;65776472.00
2010/09/08;10.46;10.63;9.97;10.01;5654639;355702336.00
2010/09/09;9.88;10.03;9.65;9.82;2842678;170727344.00
2010/09/10;9.72;9.96;9.47;9.63;2051926;121565768.00
2010/09/13;9.61;9.79;9.56;9.68;1404859;83118752.00
2010/09/14;9.66;9.71;9.46;9.49;1413624;82985256.00
2010/09/15;9.49;9.54;8.94;8.96;1833309;103379256.00
2010/09/16;8.85;9.13;8.78;9.00;1137205;62593288.00
2010/09/17;9.03;9.04;8.75;8.80;717663;38949652.00
2010/09/20;8.79;8.92;8.71;8.78;572049;30930386.00
2010/09/21;8.84;8.87;8.61;8.69;546000;29266472.00
2010/09/27;8.66;8.88;8.66;8.86;598603;32352364.00
2010/09/28;8.84;8.84;8.63;8.66;610896;32818414.00
2010/09/29;8.66;8.86;8.61;8.69;679260;36353600.00
2010/09/30;8.63;8.71;8.60;8.70;448892;23896004.00
2010/10/08;8.76;8.96;8.76;8.90;791464;43184380.00
2010/10/11;8.91;8.95;8.80;8.89;931172;50613776.00
2010/10/12;8.94;9.04;8.86;8.95;684261;37613296.00
2010/10/13;8.96;9.01;8.80;9.01;817823;44711208.00
2010/10/14;9.04;9.11;8.63;8.68;979349;53270184.00
2010/10/15;8.63;8.88;8.61;8.63;874090;46740072.00
2010/10/18;8.62;8.62;7.98;8.10;1139504;56930540.00
2010/10/19;8.13;8.58;8.13;8.50;792470;40967172.00
2010/10/20;8.28;8.63;8.13;8.40;727175;37714172.00
2010/10/21;8.30;8.51;8.30;8.43;518660;26735254.00
2010/10/22;8.46;8.66;8.41;8.57;616640;32385354.00
2010/10/25;8.59;8.83;8.59;8.74;877339;46991616.00
2010/10/26;8.74;8.84;8.63;8.80;719323;38442612.00
2010/10/27;8.84;8.85;8.58;8.59;811504;43313196.00
2010/10/28;8.55;8.63;8.40;8.54;650458;33977840.00
2010/10/29;8.56;8.81;8.49;8.80;974790;52059948.00
2010/11/01;8.81;9.11;8.80;9.07;1535892;84381176.00
2010/11/02;9.05;9.05;8.80;8.80;1222543;66721716.00
2010/11/03;8.71;8.86;8.58;8.59;611535;32660016.00
2010/11/04;8.57;8.70;8.50;8.67;532990;28210488.00
2010/11/05;8.69;8.81;8.63;8.80;759051;40667436.00
2010/11/08;8.80;9.04;8.75;9.00;1255702;68966384.00
2010/11/09;9.00;9.25;8.87;9.24;1745457;96897176.00
2010/11/10;9.14;9.57;9.13;9.30;2020010;116162448.00
2010/11/11;9.27;9.45;9.00;9.00;1627417;92890016.00
2010/11/12;8.96;9.13;8.46;8.49;1362649;73511928.00
2010/11/15;8.59;8.84;8.50;8.84;873095;46573720.00
2010/11/16;8.96;9.75;8.80;9.75;4466153;260713248.00
2010/11/17;9.63;9.73;9.11;9.20;2562167;148251136.00
2010/11/18;9.29;10.11;9.29;9.96;3581588;216105616.00
2010/11/19;10.15;10.38;9.80;10.21;3487551;216269136.00
2010/11/22;10.15;10.44;9.96;9.99;3171529;197337136.00
2010/11/23;9.88;9.90;9.52;9.90;2156136;128207360.00
2010/11/24;9.80;10.66;9.72;10.56;2779118;174566048.00
2010/11/25;10.46;10.66;10.23;10.47;2299466;147327488.00
2010/11/26;10.46;10.66;10.30;10.44;1684346;108346648.00
2010/11/29;10.44;10.54;10.15;10.43;1371897;86852432.00
2010/11/30;10.35;10.46;9.52;9.95;1905106;116601872.00
2010/12/01;9.88;10.04;9.80;9.95;640024;38885948.00
2010/12/02;10.13;10.97;10.09;10.94;3896019;255903792.00
2010/12/03;10.68;10.90;10.46;10.71;2303113;150239968.00
2010/12/06;10.63;10.93;10.31;10.46;1728114;112272552.00
2010/12/07;10.38;10.70;10.06;10.59;1174373;74471584.00
2010/12/08;10.59;10.63;10.38;10.50;816136;52249088.00
2010/12/09;10.43;10.43;10.13;10.28;750549;47232068.00
2010/12/10;10.18;10.51;9.93;10.36;739325;46306832.00
2010/12/13;10.36;10.79;10.30;10.73;1139069;74182696.00
2010/12/14;10.75;10.75;10.51;10.72;935765;60766928.00
2010/12/15;10.69;11.05;10.63;10.76;1224982;81426160.00
2010/12/16;10.77;10.95;10.70;10.72;705733;46557224.00
2010/12/17;10.73;10.84;10.60;10.73;503202;32913120.00
2010/12/20;10.71;10.84;10.12;10.54;1302813;83100928.00
2010/12/21;10.43;10.61;10.38;10.54;622852;40026744.00
2010/12/22;10.54;10.61;10.20;10.20;634763;40108756.00
2010/12/23;10.20;10.26;9.81;9.87;743111;45487728.00
2010/12/24;9.81;9.81;9.47;9.72;695955;41022648.00
2010/12/27;9.81;9.83;9.35;9.61;671046;39734424.00
2010/12/28;9.61;9.69;9.55;9.61;527629;31087916.00
2010/12/29;9.61;9.90;9.61;9.88;827147;49429172.00
2010/12/30;9.78;10.04;9.76;9.99;627855;38106152.00
2010/12/31;10.00;10.08;9.90;9.98;675213;41185912.00
2011/01/04;9.99;10.07;9.78;9.98;781405;47251424.00
2011/01/05;9.96;10.05;9.71;10.00;1384348;83893192.00
2011/01/06;9.96;10.21;9.86;9.98;814491;49916068.00
2011/01/07;9.94;10.21;9.58;10.01;946977;58448972.00
2011/01/10;10.03;10.09;9.71;9.71;566407;34290640.00
2011/01/11;9.58;9.66;8.90;9.11;1029973;58107556.00
2011/01/12;9.35;10.05;9.30;9.35;819249;47535776.00
2011/01/13;9.44;9.44;9.23;9.29;315428;17980202.00
2011/01/14;9.21;9.29;8.92;8.92;400173;22080790.00
2011/01/17;8.82;9.09;8.22;8.25;658453;34391916.00
2011/01/18;8.21;8.36;8.19;8.20;409562;20776612.00
2011/01/19;8.21;8.63;8.11;8.55;746864;38228616.00
2011/01/20;8.40;8.46;7.98;7.99;746178;37331920.00
2011/01/21;7.94;8.02;7.80;7.91;705164;34448836.00
2011/01/24;8.02;8.02;7.63;7.63;409727;19584680.00
2011/01/25;7.52;7.63;7.41;7.44;403838;18634260.00
2011/01/26;7.55;7.73;7.48;7.68;410911;19376342.00
2011/01/27;7.63;8.04;7.63;7.81;828386;40178428.00
2011/01/28;7.89;8.01;7.83;7.83;964159;46716980.00
2011/01/31;7.84;8.07;7.84;8.02;827586;40512408.00
2011/02/01;8.00;8.19;7.98;8.07;505106;25147040.00
2011/02/09;7.94;8.06;7.80;7.81;428573;20966162.00
2011/02/10;7.79;8.10;7.79;8.10;474704;23406494.00
2011/02/11;8.10;8.21;8.05;8.21;651491;32651604.00
2011/02/14;8.22;8.37;8.20;8.28;766652;39010176.00
2011/02/15;8.30;8.44;8.26;8.35;583366;29946138.00
2011/02/16;8.35;8.57;8.21;8.56;715594;37024044.00
2011/02/17;8.55;8.85;8.50;8.75;1092396;58442848.00
2011/02/18;9.38;9.41;9.01;9.10;1871110;105480936.00
2011/02/21;8.97;9.29;8.93;9.28;1209360;68147064.00
2011/02/22;9.30;9.34;8.96;9.03;1198535;66982584.00
2011/02/23;8.96;9.17;8.86;9.13;797971;44067568.00
2011/02/24;9.13;9.19;8.88;9.04;515737;28563754.00
2011/02/25;8.96;9.04;8.86;9.04;437867;24040756.00
2011/02/28;9.04;9.12;9.01;9.08;457507;25454508.00
2011/03/01;9.04;9.12;8.98;9.05;451264;25101198.00
2011/03/02;9.05;9.05;8.85;9.03;540039;29617494.00
2011/03/03;8.98;9.21;8.90;9.03;803741;44734664.00
2011/03/04;8.98;9.11;8.91;9.11;325805;18011198.00
2011/03/07;9.15;9.63;9.15;9.52;1450265;83598536.00
2011/03/08;9.55;9.55;9.30;9.45;872486;50093356.00
2011/03/09;9.49;9.78;9.49;9.76;1364749;80937008.00
2011/03/11;9.76;10.45;9.65;10.04;2863453;177719840.00
2011/03/14;9.96;10.13;9.73;9.93;1106528;66873060.00
2011/03/15;9.92;9.92;9.23;9.54;1137477;66498220.00
2011/03/16;9.65;9.78;9.55;9.63;732599;43336916.00
2011/03/17;9.61;9.61;9.21;9.26;859772;49300704.00
2011/03/18;9.40;9.52;9.33;9.38;449426;25938572.00
2011/03/21;9.45;9.79;9.34;9.67;975580;57497632.00
2011/03/22;9.63;9.79;9.53;9.63;553516;32720904.00
2011/03/23;9.63;9.66;9.54;9.63;396409;23336456.00
2011/03/24;9.63;9.72;9.56;9.58;352737;20798732.00
2011/03/25;9.48;9.56;9.30;9.34;855727;49237368.00
2011/03/28;9.33;9.41;9.12;9.13;631624;35815404.00
2011/03/29;9.11;9.19;8.73;8.79;695599;37999000.00
2011/03/30;8.75;8.93;8.61;8.83;520560;27956914.00
2011/03/31;8.86;8.93;8.64;8.81;286907;15549776.00
2011/04/06;8.80;9.12;8.78;8.88;363273;20042424.00
2011/04/07;9.05;9.07;8.90;9.06;320505;17724054.00
2011/04/08;8.95;9.44;8.95;9.39;668134;38103428.00
2011/04/11;9.51;9.81;9.49;9.72;1203356;71569352.00
2011/04/12;9.80;9.80;9.50;9.56;920302;54147720.00
2011/04/13;9.56;9.66;9.00;9.29;1292656;36381228.00
2011/04/14;9.21;9.48;9.10;9.30;1039162;29441874.00
2011/04/15;9.27;9.27;9.02;9.10;1001384;27881362.00
2011/04/18;9.03;9.16;8.95;9.03;928787;25556266.00
2011/04/19;9.02;9.79;8.83;9.66;2942645;84866992.00
2011/04/20;9.75;10.16;9.55;9.91;3530862;107105904.00
2011/04/21;9.95;10.10;9.73;9.92;2147712;64831684.00
2011/04/22;9.92;9.92;9.64;9.73;1228998;36488320.00
2011/04/25;9.73;9.74;9.33;9.51;1173925;34129544.00
2011/04/26;9.36;9.50;9.10;9.14;801808;22640408.00
2011/04/29;9.14;9.27;8.50;9.12;723286;19845366.00
2011/05/03;9.04;9.37;9.02;9.12;664000;18577524.00
2011/05/04;9.11;9.11;8.50;8.57;993202;26741496.00
2011/05/05;8.59;8.73;8.51;8.68;441607;11681590.00
2011/05/06;8.70;8.75;8.46;8.73;509705;13535637.00
2011/05/09;8.72;9.00;8.71;8.91;462480;12572957.00
2011/05/10;8.90;8.96;8.76;8.87;424272;11474993.00
2011/05/11;8.98;9.35;8.98;9.26;1408226;39726548.00
2011/05/12;9.16;9.22;8.85;8.90;895640;24783052.00
2011/05/13;8.96;9.07;8.90;9.06;483080;13250869.00
2011/05/16;9.02;9.06;8.83;8.88;502950;13706290.00
2011/05/17;8.83;8.95;8.61;8.62;858872;22869456.00
2011/05/19;8.77;8.77;8.51;8.52;539211;14199579.00
2011/05/20;8.58;8.70;8.50;8.56;313720;8255342.00
2011/05/23;8.53;8.56;8.16;8.20;617015;15738018.00
2011/05/24;8.17;8.42;8.02;8.30;530014;13364775.00
2011/05/25;8.28;8.34;8.06;8.06;357227;8943923.00
2011/05/26;8.10;8.20;7.90;7.93;393120;9689888.00
2011/05/27;7.94;8.09;7.56;7.61;501402;11897835.00
2011/05/30;7.53;7.71;7.53;7.62;327774;7662895.50
2011/05/31;7.62;7.73;7.56;7.73;372691;8762377.00
2011/06/01;7.73;8.00;7.71;7.94;433282;10424431.00
2011/06/02;7.80;7.82;7.60;7.68;503692;11893291.00
2011/06/03;7.72;7.93;7.68;7.85;487298;11713054.00
2011/06/07;7.85;7.96;7.83;7.89;348481;8421352.00
2011/06/08;8.33;8.66;8.10;8.15;1486400;37889772.00
2011/06/09;8.06;8.10;7.90;7.91;719422;17590666.00
2011/06/10;7.90;7.96;7.68;7.83;469456;11198027.00
2011/06/13;7.80;7.81;7.57;7.74;355874;8409335.00
2011/06/14;7.92;8.04;7.75;7.97;552047;13435731.00
2011/06/15;7.96;8.03;7.90;7.90;386033;9413897.00
2011/06/16;7.68;7.86;7.68;7.76;404660;9638203.00
2011/06/17;7.72;7.81;7.59;7.61;280829;6634806.50
2011/06/20;7.63;7.76;7.50;7.66;418913;9857113.00
2011/06/21;7.67;7.76;7.65;7.76;301768;7135738.00
2011/06/22;7.76;7.78;7.66;7.69;261124;6165748.50
2011/06/23;7.64;7.91;7.63;7.90;565624;13596053.00
2011/06/24;7.91;8.15;7.83;8.07;832959;20530980.00
2011/06/27;7.99;8.49;7.96;8.37;1217842;31003964.00
2011/06/28;8.31;8.39;8.20;8.31;698544;17719746.00
2011/06/29;8.36;8.36;8.18;8.20;565148;14291837.00
2011/06/30;8.17;8.31;8.17;8.25;406545;10280367.00
2011/07/01;8.25;8.48;8.25;8.30;689397;17662204.00
2011/07/04;8.32;8.66;8.30;8.60;1114150;29190654.00
2011/07/05;9.47;9.47;9.47;9.47;1369421;39617348.00
2011/07/06;9.86;10.09;9.40;9.49;7388595;219239008.00
2011/07/07;9.25;9.66;9.17;9.26;3685621;106013920.00
2011/07/08;9.24;9.33;8.90;9.03;1992914;55177392.00
2011/07/11;9.03;9.15;8.91;9.13;1158622;32082566.00
2011/07/12;9.07;9.19;8.88;9.03;1549081;42867352.00
2011/07/13;8.95;9.26;8.95;9.18;1378014;38352604.00
2011/07/14;9.20;9.22;9.04;9.18;1374766;38351376.00
2011/07/15;9.16;9.18;9.03;9.13;1094641;30467864.00
2011/07/18;9.15;9.39;9.14;9.37;2002913;56939844.00
2011/07/19;9.29;9.30;9.03;9.04;1007681;28205186.00
2011/07/20;9.11;9.23;9.00;9.18;1017611;28307626.00
2011/07/22;9.03;9.33;9.03;9.23;900361;25127826.00
2011/07/25;9.17;9.23;8.64;8.68;1118172;30252938.00
2011/07/26;8.70;8.80;8.60;8.70;575217;15210566.00
2011/07/27;8.70;8.89;8.63;8.84;732462;19693948.00
2011/07/28;8.73;8.83;8.65;8.70;732716;19564866.00
2011/07/29;8.79;8.86;8.66;8.71;598440;16008471.00
2011/08/01;8.75;9.00;8.73;8.99;1182238;32185356.00
2011/08/02;8.99;9.17;8.79;9.15;1046721;28614380.00
2011/08/03;9.08;9.29;9.00;9.20;1446069;40706772.00
2011/08/04;9.16;9.25;9.06;9.11;731602;20437556.00
2011/08/05;8.82;8.96;8.50;8.86;1055749;28514118.00
2011/08/08;8.76;8.79;8.13;8.26;1292248;33626956.00
2011/08/09;8.14;8.38;7.75;8.24;986138;24429434.00
2011/08/10;8.43;8.55;8.27;8.33;759241;19600980.00
2011/08/11;8.13;8.44;8.09;8.43;618169;15712705.00
2011/08/12;8.48;8.74;8.48;8.63;1049855;27675370.00
2011/08/15;8.82;9.15;8.81;9.05;2033653;55934164.00
2011/08/16;9.13;9.15;8.86;8.93;1252426;34478252.00
2011/08/17;8.92;9.83;8.85;9.62;3875228;111850784.00
2011/08/18;9.50;9.58;9.24;9.26;2352961;67561064.00
2011/08/19;9.05;9.25;8.95;9.23;1555815;43440032.00
2011/08/22;9.16;9.49;9.16;9.22;1457884;41594892.00
2011/08/23;9.26;9.45;9.17;9.35;1505882;42864392.00
2011/08/24;9.48;9.59;9.21;9.36;1891004;54359868.00
2011/08/26;9.48;9.59;9.34;9.44;1531764;44231428.00
2011/08/29;9.41;9.66;9.26;9.59;1746366;50695124.00
2011/08/30;9.59;9.66;9.26;9.26;1453210;42113132.00
2011/08/31;9.21;9.31;9.03;9.12;967832;27025198.00
2011/09/01;9.15;9.29;9.05;9.10;733585;20603480.00
2011/09/02;9.10;9.16;8.93;8.94;671214;18489100.00
2011/09/05;8.85;9.03;8.77;8.78;535595;14548138.00
2011/09/06;8.62;8.82;8.50;8.56;620072;16339279.00
2011/09/07;8.64;8.84;8.58;8.82;729602;19504806.00
2011/09/08;8.91;8.97;8.70;8.70;749370;20277894.00
2011/09/09;8.72;8.82;8.62;8.66;521314;13900739.00
2011/09/13;8.62;8.62;8.33;8.35;568919;14635774.00
2011/09/14;8.36;8.62;8.30;8.62;551463;14263571.00
2011/09/15;8.54;8.73;8.54;8.63;484499;12838569.00
2011/09/16;8.69;8.78;8.57;8.60;359315;9534879.00
2011/09/19;8.56;8.57;8.36;8.41;374647;9658550.00
2011/09/20;8.41;8.60;8.37;8.47;281220;7290550.50
2011/09/21;8.48;8.77;8.41;8.76;752144;19918228.00
2011/09/22;8.73;8.73;8.42;8.44;593788;15604701.00
2011/09/23;8.24;8.42;8.11;8.35;541940;13732385.00
2011/09/26;8.28;8.49;8.27;8.40;426789;10957949.00
2011/09/27;8.43;8.58;8.41;8.50;576339;14993999.00
2011/09/28;8.60;8.63;8.38;8.45;532651;13881394.00
2011/09/29;8.38;8.38;7.97;8.00;471943;11825360.00
2011/09/30;8.03;8.13;7.91;8.00;330587;8099110.00
2011/10/10;8.11;8.16;8.02;8.09;191775;4747693.50
2011/10/11;8.33;8.50;7.90;8.09;280801;7040169.50
2011/10/12;8.02;8.39;7.96;8.35;406682;10259924.00
2011/10/13;8.40;8.56;8.33;8.48;570320;14813992.00
2011/10/14;8.46;8.62;8.46;8.56;632593;16549194.00
2011/10/17;8.56;8.65;8.46;8.56;499705;13058456.00
2011/10/18;8.43;8.60;8.33;8.33;497568;12936694.00
2011/10/19;8.36;8.48;8.30;8.34;337270;8646367.00
2011/10/20;8.42;8.57;8.33;8.36;1100096;28472602.00
2011/10/21;8.36;8.39;7.77;7.80;1071134;26036320.00
2011/10/24;7.89;7.97;7.63;7.94;445525;10665951.00
2011/10/25;7.93;8.14;7.89;8.11;655017;16187959.00
2011/10/26;8.03;8.22;8.00;8.13;636218;15864518.00
2011/10/27;8.11;8.23;8.08;8.09;492377;12263524.00
2011/10/28;8.22;8.29;8.14;8.27;657361;16566495.00
2011/10/31;8.33;8.56;8.27;8.48;926035;24027986.00
2011/11/01;8.43;8.52;8.33;8.46;612226;15782204.00
2011/11/02;8.30;8.63;8.22;8.63;964903;24814838.00
2011/11/03;8.72;8.97;8.70;8.81;1419940;38306500.00
2011/11/04;8.83;8.89;8.72;8.77;923945;24869278.00
2011/11/07;8.73;8.86;8.62;8.63;634981;16960870.00
2011/11/08;8.59;8.95;8.58;8.77;870995;23427852.00
2011/11/09;8.75;9.05;8.75;9.03;1239794;33790428.00
2011/11/10;8.93;9.01;8.76;8.77;1077224;29236530.00
2011/11/11;8.78;8.92;8.76;8.80;425373;11475790.00
2011/11/14;8.85;9.46;8.85;9.35;1738167;48931920.00
2011/11/15;9.31;9.36;9.13;9.25;1162443;32716622.00
2011/11/16;9.17;9.25;8.86;8.91;1081192;29981848.00
2011/11/17;8.93;9.26;8.93;9.09;1050779;29295944.00
2011/11/18;9.01;9.01;8.66;8.72;1048989;28106288.00
2011/11/21;8.72;8.81;8.39;8.51;982215;25729322.00
2011/11/22;8.43;8.54;8.34;8.54;400542;10330315.00
2011/11/23;8.43;8.71;8.43;8.63;803229;21192396.00
2011/11/24;8.50;8.71;8.50;8.63;491877;12943330.00
2011/11/25;8.70;8.75;8.34;8.35;689313;17945338.00
2011/11/28;8.39;8.50;8.34;8.38;412791;10640675.00
2011/11/29;8.50;8.63;8.44;8.62;402055;10489035.00
2011/11/30;8.61;8.72;8.20;8.27;681695;17665356.00
2011/12/01;8.48;8.66;8.38;8.42;676484;17648458.00
2011/12/02;8.43;8.46;8.23;8.39;285377;7287181.00
2011/12/05;8.36;8.39;7.93;7.98;456700;11387951.00
2011/12/06;7.98;8.15;7.83;7.98;539310;13137636.00
2011/12/07;8.00;8.13;7.99;8.03;343814;8488873.00
2011/12/08;8.03;8.14;7.82;7.96;430487;10526416.00
2011/12/09;7.90;8.03;7.90;7.98;208203;5078068.50
2011/12/12;7.90;8.06;7.90;7.99;198325;4852513.50
2011/12/13;7.95;7.99;7.76;7.80;378741;9107748.00
2011/12/14;7.78;7.91;7.66;7.68;253500;6041605.00
2011/12/15;7.60;7.80;7.59;7.67;349944;8221741.50
2011/12/16;7.56;7.92;7.55;7.90;288909;6884871.50
2011/12/19;7.85;8.03;7.79;8.00;398477;9682427.00
2011/12/20;7.93;8.07;7.91;7.93;272358;6675722.00
2011/12/21;7.98;8.02;7.71;7.74;292750;7078989.50
2011/12/22;7.73;7.73;7.33;7.49;560633;12898810.00
2011/12/23;7.56;7.60;7.41;7.49;291286;6719532.50
2011/12/26;7.49;7.59;7.35;7.44;232230;5341322.50
2011/12/27;7.44;7.44;7.10;7.10;478965;10616326.00
2011/12/28;7.12;7.12;6.80;7.03;478211;10149504.00
2011/12/29;7.00;7.14;6.98;7.11;533838;11617293.00
2011/12/30;7.10;7.42;7.10;7.42;630080;14225185.00
2012/01/04;8.18;8.18;7.90;7.91;3529984;87731824.00
2012/01/05;7.83;7.90;7.43;7.46;1835474;42859208.00
2012/01/06;7.43;7.62;7.35;7.51;1592293;36624208.00
2012/01/09;7.50;8.16;7.40;8.03;1786335;42713568.00
2012/01/10;8.03;8.35;7.88;8.28;2084841;51852944.00
2012/01/11;8.20;8.43;8.12;8.16;1596234;40339792.00
2012/01/12;8.16;8.49;8.09;8.45;1792021;45843588.00
2012/01/13;8.50;8.50;7.85;7.95;1492407;37023892.00
2012/01/16;7.90;8.09;7.50;7.50;1045814;24818952.00
2012/01/17;7.54;7.86;6.87;7.76;1551295;35158000.00
2012/01/18;7.89;7.92;7.21;7.23;1797321;41920248.00
2012/01/19;7.16;7.53;7.16;7.44;949106;21503074.00
2012/01/20;7.44;7.84;7.43;7.79;962862;22748518.00
2012/01/30;7.93;8.04;7.76;7.76;1164291;28183622.00
2012/01/31;7.76;7.91;7.55;7.90;700855;16604695.00
2012/02/01;7.80;8.03;7.76;7.77;804709;19510460.00
2012/02/02;7.80;7.88;7.77;7.88;506609;12163681.00
2012/02/03;7.88;8.01;7.85;7.99;924834;22521210.00
2012/02/06;7.99;8.29;7.92;8.19;1508876;37439256.00
2012/02/07;8.09;8.16;7.88;7.89;994754;24448824.00
2012/02/08;7.90;8.10;7.86;8.06;1166245;28537556.00
2012/02/10;8.16;8.28;8.02;8.09;1495713;37369284.00
2012/02/13;8.03;8.49;7.96;8.46;2013281;50853328.00
2012/02/14;8.57;8.81;8.45;8.46;3319707;87672224.00
2012/02/15;8.46;8.55;8.34;8.54;1623818;42064920.00
2012/02/16;8.50;8.66;8.46;8.66;1772349;46542860.00
2012/02/17;8.66;9.00;8.63;8.81;2952399;79848352.00
2012/02/20;8.81;9.08;8.42;8.94;4363498;77615264.00
2012/02/21;8.84;8.95;8.55;8.79;4025501;71381920.00
2012/02/22;8.79;9.32;8.65;9.17;6704464;123012960.00
2012/02/23;9.09;9.30;8.91;9.08;4697914;86310608.00
2012/02/24;8.98;9.18;8.96;9.10;4182142;76402968.00
2012/02/27;9.28;9.28;9.02;9.02;4542909;83823144.00
2012/02/28;9.07;9.07;8.66;8.78;3741823;66822444.00
2012/02/29;8.80;8.98;8.64;8.90;2807058;50247656.00
2012/03/01;8.85;9.80;8.81;9.55;9799368;186873056.00
2012/03/02;9.55;9.62;9.25;9.60;6226617;119210112.00
2012/03/05;9.54;9.79;9.46;9.64;5841052;113839936.00
2012/03/06;9.60;10.02;9.55;9.94;6843070;136315632.00
2012/03/07;9.82;9.90;9.60;9.60;4861421;95526344.00
2012/03/08;9.63;9.73;9.49;9.73;3215584;62485088.00
2012/03/09;9.80;9.83;9.60;9.69;2876538;56232332.00
2012/03/12;9.72;9.92;9.65;9.86;3804218;75221328.00
2012/03/13;9.87;9.87;9.63;9.77;2753073;54094820.00
2012/03/14;9.80;10.00;9.05;9.08;5804848;112145080.00
2012/03/15;9.06;9.25;8.78;8.91;3356101;60865912.00
2012/03/16;8.92;9.24;8.90;9.20;2391072;43742440.00
2012/03/20;9.28;9.39;9.15;9.15;3017746;56547012.00
2012/03/21;9.15;9.23;8.91;9.17;2097577;38452408.00
2012/03/22;9.18;10.10;9.10;9.69;5588320;109107824.00
2012/03/23;9.70;9.99;9.57;9.82;4941903;97832816.00
2012/03/26;9.87;10.10;9.76;10.01;5729187;115347616.00
2012/03/27;10.05;10.13;9.71;9.73;3822352;76155352.00
2012/03/28;9.63;10.30;9.60;9.84;9145283;184431088.00
2012/03/29;9.40;9.47;8.85;9.05;6952397;126869712.00
2012/03/30;8.97;9.22;8.70;9.17;4916060;89081912.00
2012/04/05;9.12;9.38;8.94;9.29;3060983;57039264.00
2012/04/06;9.29;9.49;9.15;9.27;2779457;52368080.00
2012/04/09;9.27;9.39;8.99;9.34;2579334;47919968.00
2012/04/10;9.24;9.75;9.11;9.71;4234545;80738752.00
2012/04/11;9.59;9.80;9.53;9.72;3532972;69083432.00
2012/04/12;9.72;9.86;9.58;9.80;3529609;69323128.00
2012/04/13;9.89;9.94;9.60;9.60;3354833;65869920.00
2012/04/16;9.60;9.79;9.56;9.61;1914419;37363340.00
2012/04/17;9.61;9.70;9.13;9.17;3330594;62920640.00
2012/04/18;9.26;9.85;9.15;9.70;3943995;76279560.00
2012/04/19;9.67;9.80;9.56;9.74;3594234;70297432.00
2012/04/20;9.70;10.72;9.70;10.53;13800449;289943200.00
2012/04/23;10.45;11.02;10.35;10.71;10004803;216335216.00
2012/04/24;10.54;11.16;10.05;11.05;9134879;196059424.00
2012/04/25;10.90;10.99;10.64;10.86;5623042;123041472.00
2012/04/26;10.73;10.73;10.34;10.35;5507217;116427056.00
2012/04/27;10.31;10.31;9.65;9.70;7864112;157798208.00
2012/05/02;9.75;9.89;9.56;9.82;3915616;77279072.00
2012/05/03;9.83;10.15;9.76;9.79;3780423;75870552.00
2012/05/04;9.75;10.04;9.68;9.95;3518362;70127480.00
2012/05/07;9.90;10.32;9.83;10.31;4894026;100118608.00
2012/05/08;10.33;10.37;10.06;10.20;3097796;63933560.00
2012/05/09;10.07;10.49;10.02;10.24;3706883;77116576.00
2012/05/10;10.26;10.38;10.10;10.22;2638759;54417596.00
2012/05/11;10.22;10.31;9.90;9.90;2536022;51884724.00
2012/05/14;9.96;9.97;9.50;9.51;3765284;73834200.00
2012/05/15;9.40;9.40;9.21;9.36;2418340;45466312.00
2012/05/16;9.36;9.58;9.26;9.37;1625233;31052700.00
2012/05/17;9.45;9.55;9.38;9.48;1510268;28949242.00
2012/05/18;9.44;9.44;9.10;9.11;2555492;47536528.00
2012/05/21;9.15;9.39;8.96;9.27;1817099;33558584.00
2012/05/22;9.20;9.38;9.20;9.32;1329438;25018324.00
2012/05/23;9.25;9.37;9.10;9.20;1439651;26850682.00
2012/05/24;9.20;9.34;9.02;9.04;1484413;27580430.00
2012/05/25;9.04;9.10;8.70;8.78;1970412;35388128.00
2012/05/28;8.78;8.96;8.55;8.94;1540215;27403242.00
2012/05/29;8.95;9.14;8.95;9.02;1574963;28884496.00
2012/05/30;9.09;9.13;8.99;9.05;1073602;19645566.00
2012/05/31;9.05;9.29;9.01;9.19;1508648;28043870.00
2012/06/01;9.37;9.48;9.19;9.23;1440332;27114614.00
2012/06/04;9.00;9.14;8.85;8.90;1376762;25022014.00
2012/06/05;8.90;8.98;8.71;8.76;1005319;17898186.00
2012/06/06;8.77;8.86;8.69;8.73;737242;13079092.00
2012/06/07;8.82;8.89;8.69;8.75;798007;14157094.00
2012/06/08;8.88;8.96;8.70;8.72;1025142;18332780.00
2012/06/11;8.72;8.90;8.70;8.86;747745;13335201.00
2012/06/12;8.87;9.04;8.80;8.99;1084205;19616712.00
2012/06/13;9.04;9.12;8.93;9.11;1170775;21419676.00
2012/06/14;9.09;9.13;8.98;8.98;765468;14017575.00
2012/06/15;9.00;9.12;8.96;9.09;1058775;19371824.00
2012/06/18;9.20;9.28;9.09;9.12;1034305;19192114.00
2012/06/19;9.08;9.22;8.99;9.05;820866;15091774.00
2012/06/20;9.11;9.13;9.00;9.11;783324;14358101.00
2012/06/21;9.11;9.12;8.76;8.81;939655;16848754.00
2012/06/25;8.74;8.78;8.25;8.35;1441159;24764870.00
2012/06/26;8.20;8.38;8.18;8.24;765165;12808912.00
2012/06/27;8.25;8.45;8.23;8.24;694553;11734647.00
2012/06/28;8.24;8.36;8.05;8.09;864229;14273353.00
2012/06/29;8.08;8.28;8.05;8.25;877561;14534259.00
2012/07/02;8.28;8.40;8.23;8.26;706969;11903069.00
2012/07/03;8.27;8.45;8.24;8.37;732571;12417170.00
2012/07/04;8.46;8.46;8.30;8.34;485523;8216343.50
2012/07/05;8.31;8.31;7.84;7.98;867072;14139824.00
2012/07/06;8.08;8.15;7.86;8.11;852467;13768771.00
2012/07/09;8.05;8.10;7.65;7.66;757156;12147757.00
2012/07/10;7.65;7.82;7.65;7.73;594225;9314717.00
2012/07/11;7.72;7.83;7.72;7.80;437109;6905621.50
2012/07/12;7.75;8.03;7.68;7.93;758862;12056096.00
2012/07/13;7.93;8.10;7.85;7.88;462003;7425549.50
2012/07/16;7.90;7.95;7.34;7.37;899955;13828001.00
2012/07/17;7.44;7.44;7.35;7.41;375257;5630528.00
2012/07/18;7.37;7.44;7.05;7.35;1198166;17500578.00
2012/07/19;7.35;7.54;7.27;7.49;780046;11798056.00
2012/07/20;7.50;7.64;7.44;7.47;536647;8174569.00
2012/07/23;7.40;7.54;7.35;7.47;364832;5522245.00
2012/07/24;7.46;7.62;7.30;7.57;517621;7905923.00
2012/07/25;7.55;7.59;7.41;7.50;496241;7555224.00
2012/07/26;7.49;7.56;7.30;7.30;672888;10143456.00
2012/07/27;7.30;7.49;7.25;7.48;705783;10557195.00
2012/07/30;7.51;7.55;7.32;7.39;469624;7065518.00
2012/07/31;7.30;7.40;7.16;7.21;458843;6758019.50
2012/08/01;7.17;7.44;7.17;7.36;436511;6524379.50
2012/08/02;7.36;7.41;7.20;7.28;355607;5266259.00
2012/08/03;7.31;7.59;7.30;7.59;1070955;16244843.00
2012/08/06;7.58;7.74;7.50;7.72;986428;15313462.00
2012/08/07;7.73;7.75;7.65;7.71;754384;11777584.00
2012/08/08;7.72;7.78;7.65;7.65;728989;11367022.00
2012/08/09;7.65;7.77;7.55;7.76;896357;13960029.00
2012/08/10;7.76;7.86;7.71;7.83;973944;15391123.00
2012/08/13;7.60;7.69;7.28;7.34;1690574;25436428.00
2012/08/14;7.33;7.44;7.28;7.41;766358;11431019.00
2012/08/15;7.87;8.16;7.64;7.77;5871403;94973984.00
2012/08/16;7.51;7.63;7.41;7.45;2576584;39184020.00
2012/08/17;7.32;7.51;7.31;7.50;1157668;17328040.00
2012/08/20;7.44;7.51;7.30;7.44;646633;9704670.00
2012/08/21;8.18;8.18;7.76;7.99;5374615;87005344.00
2012/08/22;7.86;8.16;7.79;7.81;2931683;47174820.00
2012/08/23;7.68;8.60;7.55;8.60;6872681;115876016.00
2012/08/24;8.55;8.55;8.13;8.21;5563991;93874752.00
2012/08/27;8.12;8.17;7.91;8.07;2335498;37950196.00
2012/08/28;8.05;8.38;8.03;8.23;3107428;51720144.00
2012/08/29;8.15;8.21;7.91;7.92;2307306;37628204.00
2012/08/30;7.81;8.00;7.45;7.68;1975031;31006764.00
2012/08/31;7.61;7.70;7.44;7.59;1436346;21994222.00
2012/09/03;7.57;7.77;7.53;7.76;1414687;21996598.00
2012/09/04;7.79;7.86;7.61;7.64;1373852;21564920.00
2012/09/05;7.55;7.81;7.50;7.71;1245906;19284688.00
2012/09/06;7.77;8.13;7.70;8.11;2876300;46480892.00
2012/09/07;8.08;8.39;8.00;8.21;4032300;67061152.00
2012/09/10;8.22;8.32;8.10;8.19;2081405;34613392.00
2012/09/11;8.09;8.58;8.09;8.29;2810775;47571712.00
2012/09/12;8.30;8.39;8.16;8.30;1561477;26184320.00
2012/09/13;8.31;8.35;8.06;8.08;1447832;24014710.00
2012/09/14;8.09;8.19;7.99;8.03;1185930;19436590.00
2012/09/17;8.00;8.08;7.81;7.81;1084098;17480854.00
2012/09/18;7.65;7.87;7.64;7.68;922607;14461750.00
2012/09/19;7.67;7.82;7.67;7.78;579812;9113043.00
2012/09/20;7.79;7.79;7.47;7.49;1034341;15885563.00
2012/09/21;7.49;7.54;7.41;7.47;662516;10041074.00
2012/09/24;7.45;7.50;7.32;7.49;610084;9186037.00
2012/09/25;7.48;7.54;7.41;7.43;357119;5399685.50
2012/09/26;7.40;7.43;7.09;7.14;875104;12821538.00
2012/09/27;7.15;7.30;7.09;7.22;889718;13009670.00
2012/09/28;7.19;7.47;7.10;7.47;832382;12391163.00
2012/10/08;7.45;7.52;7.37;7.40;382389;5757546.50
2012/10/09;7.48;7.56;7.40;7.55;761524;11617977.00
2012/10/10;7.55;7.64;7.46;7.62;1097322;16804638.00
2012/10/11;7.58;7.58;7.36;7.36;940669;14214480.00
2012/10/12;7.36;7.47;7.26;7.47;773207;11560803.00
2012/10/15;7.47;7.49;7.23;7.30;653453;9690915.00
2012/10/16;7.29;7.39;7.23;7.31;503271;7467948.50
2012/10/17;7.31;7.37;7.25;7.35;453631;6745387.00
2012/10/18;7.38;7.51;7.32;7.49;956592;14433910.00
2012/10/19;7.49;7.55;7.37;7.47;923316;13898987.00
2012/10/22;7.43;7.58;7.41;7.54;837383;12753435.00
2012/10/23;7.54;7.54;7.39;7.39;679287;10282668.00
2012/10/24;7.32;7.35;7.24;7.28;829387;12249528.00
2012/10/25;7.27;7.37;7.23;7.23;654053;9669894.00
2012/10/26;7.24;7.31;7.08;7.11;565074;8189654.00
2012/10/29;7.11;7.18;7.10;7.10;334131;4840679.50
2012/10/30;7.17;7.22;7.07;7.08;340178;4915213.00
2012/10/31;7.17;7.17;7.05;7.14;337760;4874499.00
2012/11/01;7.19;7.28;7.15;7.27;503249;7381008.50
2012/11/02;7.27;7.30;7.20;7.29;628262;9220718.00
2012/11/05;7.24;7.28;7.11;7.12;622470;9057816.00
2012/11/06;7.07;7.17;6.93;6.98;766568;10909442.00
2012/11/07;6.98;7.01;6.93;6.99;460686;6512656.00
2012/11/08;6.96;6.96;6.68;6.72;603491;8374785.00
2012/11/09;6.70;6.77;6.54;6.55;597638;8048336.50
2012/11/12;6.60;6.61;6.34;6.38;1079465;14107821.00
2012/11/13;6.32;6.39;6.26;6.27;541370;6946323.50
2012/11/14;6.28;6.38;6.27;6.35;420589;5412530.50
2012/11/15;6.35;6.35;6.20;6.34;486402;6195744.50
2012/11/16;6.32;6.34;6.21;6.30;410243;5217796.00
2012/11/19;6.20;6.40;6.20;6.36;319468;4095091.00
2012/11/20;6.37;6.41;6.33;6.37;356868;4619983.00
2012/11/21;6.36;6.42;6.32;6.40;369658;4792179.50
2012/11/22;6.49;7.05;6.42;6.66;2215153;30323316.00
2012/11/23;6.57;6.76;6.50;6.75;1495896;20200884.00
2012/11/26;6.65;6.71;6.43;6.43;702172;9332911.00
2012/11/27;6.42;6.42;5.83;5.87;1018961;12571409.00
2012/11/28;5.75;5.83;5.65;5.65;469581;5470184.50
2012/11/29;5.68;5.80;5.65;5.69;364630;4248498.00
2012/11/30;5.69;5.78;5.69;5.76;359162;4201843.00
2012/12/03;5.76;5.76;5.40;5.40;693024;7797170.00
2012/12/04;5.43;5.53;5.28;5.44;718288;7922742.00
2012/12/05;5.42;5.82;5.28;5.69;1167628;13398541.00
2012/12/06;5.70;5.77;5.62;5.66;468895;5429451.50
2012/12/07;5.66;5.95;5.62;5.94;1254988;14833666.00
2012/12/10;5.94;6.05;5.79;6.03;1185072;14308568.00
2012/12/11;6.01;6.02;5.87;5.95;808472;9775634.00
2012/12/12;5.91;5.96;5.77;5.85;574793;6835536.00
2012/12/13;5.78;5.85;5.63;5.63;540462;6309964.50
2012/12/14;5.59;5.92;5.59;5.90;936336;11143975.00
2012/12/17;5.88;6.07;5.88;6.03;972679;11813905.00
2012/12/18;6.03;6.09;5.90;6.00;893699;10864576.00
2012/12/19;5.91;6.05;5.90;6.02;965434;11756714.00
2012/12/20;6.07;6.20;6.03;6.11;1456697;18127402.00
2012/12/21;6.13;6.15;6.00;6.03;991759;12201048.00
2012/12/24;6.00;6.06;5.95;6.03;587853;7206714.00
2012/12/25;6.03;6.29;6.03;6.22;1592898;19997504.00
2012/12/26;6.22;6.37;6.19;6.34;1471940;18755286.00
2012/12/27;6.31;6.37;6.16;6.18;1353843;17212194.00
2012/12/28;6.22;6.22;6.10;6.19;1238724;15501218.00
2012/12/31;6.19;6.29;6.14;6.22;1081658;13630624.00
2013/01/04;6.20;6.27;6.10;6.14;1254621;15780060.00
2013/01/07;6.15;6.24;6.11;6.24;1020188;12801751.00
2013/01/08;6.20;6.39;6.20;6.32;1985464;25463142.00
2013/01/09;6.36;6.46;6.29;6.40;1661943;21566252.00
2013/01/10;6.44;6.68;6.39;6.65;3113237;41524068.00
2013/01/11;6.60;6.71;6.40;6.41;1931648;25697134.00
2013/01/14;6.40;6.68;6.35;6.64;2015755;26821014.00
2013/01/15;6.63;6.88;6.60;6.79;2242337;30817780.00
2013/01/16;6.79;6.80;6.60;6.69;1793071;24319294.00
2013/01/17;6.69;6.75;6.52;6.59;1379269;18564006.00
2013/01/18;6.59;6.67;6.53;6.65;1289966;17344988.00
2013/01/21;6.70;6.70;6.57;6.68;1168461;15704056.00
2013/01/22;6.65;6.69;6.44;6.46;1083461;14412505.00
2013/01/23;6.46;6.50;6.33;6.42;1002438;13044648.00
2013/01/24;6.43;6.50;6.10;6.16;1486666;19043084.00
2013/01/25;6.16;6.22;6.09;6.14;619390;7726316.50
2013/01/28;6.15;6.32;6.15;6.31;834089;10589599.00
2013/01/29;6.32;6.42;6.27;6.38;1014737;13072733.00
2013/01/30;6.30;6.34;6.10;6.16;2195668;27573530.00
2013/01/31;6.17;6.19;6.02;6.05;1195599;14779327.00
2013/02/01;6.08;6.45;6.08;6.42;2478063;31696924.00
2013/02/04;6.52;6.59;6.34;6.34;1584084;20652502.00
2013/02/05;6.26;6.38;6.21;6.37;843108;10802266.00
2013/02/06;6.36;6.40;6.28;6.33;1149498;14788943.00
2013/02/07;6.30;6.42;6.30;6.40;916946;11855541.00
2013/02/08;6.45;6.52;6.42;6.48;955576;12575868.00
2013/02/18;6.46;6.58;6.46;6.55;1047457;13879486.00
2013/02/19;6.56;6.57;6.37;6.39;1040786;13597323.00
2013/02/20;6.38;6.65;6.30;6.62;1730405;22818970.00
2013/02/21;6.55;6.73;6.46;6.68;2595347;34780464.00
2013/02/22;6.73;6.75;6.58;6.65;1635926;22076936.00
2013/02/25;6.59;6.70;6.57;6.61;1193070;16081966.00
2013/02/26;6.60;6.87;6.57;6.57;2870038;39406236.00
2013/02/27;6.52;6.60;6.32;6.35;1702522;22202304.00
2013/02/28;6.35;6.54;6.35;6.51;1067865;14077190.00
2013/03/01;6.51;6.65;6.36;6.65;1373519;18187022.00
2013/03/04;6.64;6.64;6.33;6.40;1245572;16428435.00
2013/03/05;6.44;7.05;6.40;6.94;4567321;63639388.00
2013/03/06;6.93;7.13;6.81;7.02;4039050;57132232.00
2013/03/07;6.96;7.09;6.80;6.88;2674379;37751508.00
2013/03/08;6.86;7.09;6.79;7.07;2266367;32001256.00
2013/03/11;7.02;7.16;6.95;7.07;2226225;31863596.00
2013/03/12;7.05;7.33;6.92;7.12;5183890;74778944.00
2013/03/13;7.05;7.09;6.91;7.02;2253594;31881370.00
2013/03/14;7.15;7.29;6.94;6.94;5034803;72561592.00
2013/03/15;6.90;6.95;6.52;6.60;3486220;47137384.00
2013/03/18;6.55;6.64;6.49;6.61;1752094;23384418.00
2013/03/19;6.60;6.79;6.58;6.73;2741538;37197864.00
2013/03/20;6.61;6.86;6.46;6.80;3068856;41896332.00
2013/03/21;6.78;6.88;6.71;6.86;2187687;30194208.00
2013/03/22;6.81;7.06;6.78;6.97;2620396;37010552.00
2013/03/25;6.97;7.01;6.85;6.93;1454819;20422898.00
2013/03/26;6.87;6.94;6.70;6.80;1465944;20148502.00
2013/03/27;6.78;6.83;6.56;6.73;1473170;20043506.00
2013/03/28;6.92;7.24;6.88;7.08;7904088;113496504.00
2013/03/29;6.87;6.96;6.74;6.75;3064563;42468664.00
2013/04/01;6.70;6.96;6.60;6.87;1814740;25145844.00
2013/04/02;6.84;6.96;6.65;6.69;1533590;21198362.00
2013/04/03;6.74;6.79;6.60;6.67;1089895;14842850.00
2013/04/08;6.66;6.67;6.25;6.35;1869842;24276436.00
2013/04/09;6.36;6.52;6.36;6.41;817071;10685927.00
2013/04/10;6.70;6.70;6.45;6.49;1086280;14450638.00
2013/04/11;6.47;6.52;6.41;6.42;698252;9140587.00
2013/04/12;6.40;6.48;6.36;6.47;562606;7340173.50
2013/04/15;6.46;6.49;6.17;6.28;837496;10745666.00
2013/04/16;6.22;6.41;6.22;6.40;544618;6997650.00
2013/04/17;6.40;6.40;6.23;6.33;732090;9384913.00
2013/04/18;6.34;6.51;6.27;6.44;1016420;13281869.00
2013/04/22;6.49;6.77;6.49;6.57;2350109;31693922.00
2013/04/23;6.52;6.69;6.46;6.48;1238797;16566048.00
2013/04/24;6.54;6.77;6.49;6.75;1776479;23996348.00
2013/04/25;6.74;6.85;6.66;6.67;1740998;23940842.00
2013/04/26;6.72;6.82;6.61;6.63;817048;11093718.00
2013/05/02;6.60;6.79;6.58;6.72;808043;10986134.00
2013/05/03;6.75;6.98;6.72;6.87;1955290;27445192.00
2013/05/06;6.84;7.02;6.84;6.94;1504259;21256124.00
2013/05/07;7.08;7.45;7.00;7.23;4446833;65213144.00
2013/05/08;7.29;7.55;7.23;7.53;5384450;81021408.00
2013/05/09;7.77;8.29;7.77;8.29;11881368;196670080.00
2013/05/10;8.37;9.13;8.31;9.13;15760105;286421056.00
2013/05/13;9.31;9.31;8.40;8.61;13045002;228652816.00
2013/05/14;8.60;8.93;8.40;8.70;9250992;162610416.00
2013/05/15;8.60;8.60;8.05;8.56;14634693;122471248.00
2013/05/16;8.36;8.85;8.33;8.38;15366355;131965168.00
2013/05/17;8.33;8.44;8.04;8.32;14769000;122273464.00
2013/05/20;8.32;8.65;8.14;8.51;15147673;128723680.00
2013/05/21;8.60;8.72;8.31;8.58;16456734;140743056.00
2013/05/22;8.54;8.57;8.29;8.35;9333782;78890024.00
2013/05/23;8.19;8.19;7.51;7.78;55635082;431117120.00
2013/05/24;7.51;7.70;7.47;7.68;22935117;176320592.00
2013/05/27;7.67;7.79;7.64;7.78;19871416;154480944.00
2013/05/28;7.75;7.76;7.55;7.67;13929034;107211664.00
2013/05/29;7.66;7.77;7.56;7.71;15104973;116963880.00
2013/05/30;7.62;7.65;7.52;7.60;14609509;111761504.00
2013/05/31;7.61;7.71;7.57;7.62;11533546;88759136.00
2013/06/03;7.63;7.68;7.36;7.37;13182209;99693088.00
2013/06/04;7.37;7.44;7.15;7.21;14063107;103111856.00
2013/06/05;7.16;7.33;7.16;7.33;7802700;57012500.00
2013/06/06;7.32;7.32;7.17;7.17;6015253;43927796.00
2013/06/07;7.17;7.26;6.79;6.90;11034479;77900072.00
2013/06/13;6.79;6.81;6.25;6.54;8751240;57315880.00
2013/06/14;6.53;6.73;6.52;6.68;6269964;41967712.00
2013/06/17;6.70;6.79;6.58;6.69;6170530;41607072.00
2013/06/18;6.74;6.82;6.63;6.73;5822208;39525140.00
2013/06/19;6.69;6.70;6.54;6.65;6272319;41845256.00
2013/06/20;6.56;6.64;6.21;6.26;7384318;47983388.00
2013/06/21;6.12;6.28;5.98;6.20;5110129;31668962.00
2013/06/24;6.19;6.28;5.62;5.69;6982955;41638780.00
2013/06/25;5.68;5.76;5.14;5.50;8723043;48144660.00
2013/06/26;5.54;5.63;5.38;5.61;6110485;34196772.00
2013/06/27;5.61;5.69;5.28;5.28;8557153;47645572.00
2013/06/28;5.25;5.41;5.16;5.32;6009454;32181498.00
2013/07/01;5.33;5.47;5.26;5.44;6718667;36447148.00
2013/07/02;5.46;5.66;5.39;5.62;8946052;50045448.00
2013/07/03;5.57;5.59;5.37;5.51;8952290;49601196.00
2013/07/04;5.58;6.07;5.58;6.07;14921339;88281040.00
2013/07/10;5.88;6.41;5.76;6.29;22190560;139686816.00
2013/07/11;6.17;6.45;6.04;6.24;17626434;110857544.00
2013/07/12;6.25;6.34;6.09;6.12;11733388;73867104.00
2013/07/15;6.04;6.30;6.02;6.28;10706094;66512908.00
2013/07/16;6.25;6.35;6.09;6.23;9157794;57435676.00
2013/07/17;6.22;6.27;6.02;6.07;9090314;56339548.00
2013/07/18;6.04;6.42;5.96;6.34;19471243;122875112.00
2013/07/19;6.26;6.43;5.82;5.84;13149727;81607040.00
2013/07/22;5.74;5.83;5.58;5.80;7327161;42360356.00
2013/07/23;5.83;6.04;5.82;6.04;8629364;51749428.00
2013/07/24;6.03;6.18;5.88;6.11;8692625;52674196.00
2013/07/25;6.15;6.39;6.06;6.15;12577482;79092320.00
2013/07/26;6.16;6.63;6.06;6.45;19278293;123699936.00
2013/07/29;6.45;6.83;6.37;6.65;25068257;168159504.00
2013/07/30;6.65;6.71;6.28;6.44;13536752;88296592.00
2013/07/31;6.36;6.49;6.28;6.32;10032168;64661740.00
2013/08/01;6.32;6.54;6.31;6.50;11177904;72369936.00
2013/08/02;6.48;6.56;6.36;6.37;10537419;68380360.00
2013/08/05;6.37;6.68;6.33;6.60;11876604;77889360.00
2013/08/06;6.56;6.69;6.46;6.58;11000305;72974584.00
2013/08/07;6.59;6.60;6.39;6.41;9038848;58978188.00
2013/08/08;6.41;6.76;6.35;6.65;16838395;112381896.00
2013/08/09;6.59;6.90;6.58;6.81;18649086;127196112.00
2013/08/12;6.82;7.04;6.76;6.85;15904308;110360848.00
2013/08/13;6.83;7.54;6.71;7.42;28359591;204385568.00
2013/08/14;7.40;7.41;7.11;7.20;21401053;156244560.00
2013/08/15;7.14;7.26;7.02;7.09;12115169;87348784.00
2013/08/16;7.03;7.23;6.76;6.77;12158442;86260736.00
2013/08/19;6.65;6.97;6.64;6.94;7164685;49788308.00
2013/08/20;6.99;7.03;6.67;6.77;10819902;74618096.00
2013/08/21;6.74;6.84;6.60;6.83;8126657;54996052.00
2013/08/22;6.81;6.82;6.67;6.74;5726678;39042104.00
2013/08/23;6.77;6.84;6.54;6.69;7967451;53905636.00
2013/08/26;6.66;6.80;6.66;6.77;6703974;45608528.00
2013/08/27;6.79;6.82;6.70;6.77;5851570;39835800.00
2013/08/28;6.72;7.08;6.60;6.93;13553439;93154720.00
2013/08/29;6.93;7.01;6.75;6.78;8130996;56168084.00
2013/08/30;6.74;6.76;6.39;6.46;9465874;63088584.00
2013/09/02;6.44;6.59;6.40;6.54;3719030;24484996.00
2013/09/03;6.54;6.65;6.52;6.63;4091230;27196186.00
2013/09/04;6.64;6.67;6.55;6.57;4962066;33043926.00
2013/09/05;6.54;6.65;6.51;6.52;4890392;32473896.00
2013/09/06;6.52;6.59;6.46;6.57;4975268;32852352.00
2013/09/09;6.59;6.62;6.54;6.61;5352973;35584504.00
2013/09/10;6.58;6.66;6.55;6.65;5814960;38730156.00
2013/09/11;6.64;6.64;6.54;6.57;5887383;39097648.00
2013/09/12;6.58;6.65;6.54;6.61;5006439;33347384.00
2013/09/13;6.62;6.62;6.47;6.56;4716783;31138088.00
2013/09/16;6.58;6.60;6.49;6.50;3799763;25063406.00
2013/09/17;6.54;6.54;6.11;6.12;12400065;78263360.00
2013/09/18;6.12;6.17;6.07;6.15;3742198;23153116.00
2013/09/23;6.16;6.30;6.16;6.26;4121742;26030140.00
2013/09/24;6.33;6.46;6.27;6.28;7877687;50489368.00
2013/09/25;6.29;6.33;6.17;6.19;4763478;29981846.00
2013/09/26;6.19;6.20;6.07;6.09;4096799;25391148.00
2013/09/27;6.13;6.20;6.10;6.13;3020510;18763304.00
2013/09/30;6.13;6.19;6.12;6.18;2123830;13211058.00
2013/10/08;6.18;6.26;6.06;6.25;4541007;28308994.00
2013/10/09;6.22;6.31;6.18;6.29;4104927;25916618.00
2013/10/10;6.29;6.29;6.12;6.12;5411319;33778220.00
2013/10/11;6.16;6.24;6.12;6.22;5084202;31705034.00
2013/10/14;6.21;6.31;6.15;6.30;6810239;42987484.00
2013/10/15;6.29;6.37;6.25;6.37;6580594;42028000.00
2013/10/16;6.38;6.38;6.12;6.14;5537618;34673876.00
2013/10/17;6.13;6.37;6.13;6.28;5393262;34162636.00
2013/10/18;6.25;6.30;6.19;6.24;2698480;16982068.00
2013/10/21;6.24;6.37;6.16;6.33;5714790;36376680.00
2013/10/22;6.34;6.69;6.34;6.59;18794241;124919504.00
2013/10/23;6.59;6.61;6.33;6.36;8823904;57431100.00
2013/10/24;6.35;6.51;6.26;6.44;5815253;37599876.00
2013/10/25;6.42;6.45;6.17;6.21;6025160;38312736.00
2013/10/28;6.21;6.48;6.20;6.38;6794995;43759364.00
2013/10/29;6.34;6.43;5.75;6.01;8410919;51404060.00
2013/10/30;5.95;6.06;5.84;6.05;3811509;22989484.00
2013/10/31;6.04;6.20;5.93;6.07;3956174;24162058.00
2013/11/01;6.06;6.64;6.06;6.42;14474730;94064448.00
2013/11/04;6.26;6.49;6.25;6.40;6936430;44699048.00
2013/11/05;6.34;6.59;6.28;6.55;10220559;67050928.00
2013/11/06;6.49;6.60;6.41;6.47;8431986;55330328.00
2013/11/07;6.41;6.57;6.29;6.53;8404498;54605696.00
2013/11/08;6.48;6.59;6.38;6.49;6883225;45185516.00
2013/11/11;6.40;6.71;6.14;6.60;23898101;156964160.00
2013/11/12;6.54;6.57;6.43;6.54;12950695;84914800.00
2014/01/28;7.20;7.20;7.20;7.20;1954651;14190766.00
2014/01/29;7.90;7.90;6.84;7.11;32117305;235982320.00
2014/01/30;6.94;7.03;6.74;6.75;12671632;87473056.00
2014/02/07;6.71;7.02;6.55;7.02;14719544;101733960.00
2014/02/10;7.04;7.50;7.04;7.40;21928041;161403328.00
2014/02/11;7.48;7.71;7.24;7.42;22784370;172590560.00
2014/02/12;7.34;8.17;7.25;8.17;32668969;260142400.00
2014/02/13;8.49;8.99;8.28;8.95;81844406;727596416.00
2014/02/14;8.63;8.82;8.45;8.79;46664599;406792128.00
2014/02/17;8.78;9.58;8.53;9.32;52545207;477813696.00
2014/02/18;9.04;9.33;8.99;9.11;31303768;287799840.00
2014/02/19;9.09;9.18;8.60;8.70;31025576;273842848.00
2014/02/20;8.65;8.83;8.37;8.72;21186020;183300592.00
2014/02/21;8.66;8.66;8.27;8.41;14358741;122920552.00
2014/02/24;8.41;8.61;8.35;8.49;12743118;108973208.00
2014/02/25;8.51;8.52;7.73;7.82;21232684;174800896.00
2014/02/26;7.82;8.61;7.75;8.61;21524455;177508688.00
2014/02/27;9.06;9.48;8.74;9.02;53737124;495411328.00
2014/02/28;8.74;9.44;8.69;9.28;40961900;379808640.00
2014/03/03;9.30;9.71;9.09;9.21;38471246;360601280.00
2014/03/04;9.09;9.62;8.84;9.43;38006342;356564320.00
2014/03/05;9.34;9.42;8.90;9.05;24705862;228226016.00
2014/03/06;9.04;9.04;8.59;8.72;20209714;178331568.00
2014/03/07;8.77;9.20;8.77;9.03;20447822;185335648.00
2014/03/10;9.14;9.14;8.17;8.32;16487842;142919840.00
2014/03/11;8.34;8.62;8.10;8.20;12394022;104091752.00
2014/03/12;8.20;8.24;7.72;8.10;13613725;109259096.00
2014/03/13;8.12;8.16;7.95;8.06;9282948;75451744.00
2014/03/14;8.04;8.11;7.80;7.84;8778449;70195760.00
2014/03/17;7.87;8.62;7.72;8.40;15064166;125434064.00
2014/03/18;8.35;8.74;8.34;8.48;17106420;147488192.00
2014/03/19;8.42;8.66;8.23;8.32;17815968;151147088.00
2014/03/20;8.26;8.36;7.88;7.88;14406996;117796160.00
2014/03/21;7.88;8.23;7.82;8.14;14475957;117290768.00
2014/03/24;8.13;8.27;8.05;8.13;10237496;84146736.00
2014/03/25;8.09;8.23;8.04;8.15;6396729;52380632.00
2014/03/26;8.06;8.22;7.98;8.06;9358630;76396480.00
2014/03/27;8.04;8.08;7.74;7.81;11525032;91535240.00
2014/03/28;7.76;8.03;7.60;7.61;8318387;65255672.00
2014/03/31;7.46;8.13;7.35;8.02;14766588;116235040.00
2014/04/01;7.79;7.97;7.74;7.89;7121247;56385524.00
2014/04/02;7.89;7.94;7.62;7.64;7689400;60080208.00
2014/04/03;7.60;7.66;7.50;7.54;6347941;48379560.00
2014/04/04;7.54;7.61;7.49;7.60;3491498;26639932.00
2014/04/08;7.57;7.69;7.45;7.63;5413871;41414164.00
2014/04/09;7.67;7.81;7.67;7.74;6425461;50135408.00
2014/04/10;7.72;8.10;7.72;8.03;12041966;96385608.00
2014/04/11;7.95;8.02;7.84;7.91;6695455;53482900.00
2014/04/14;7.93;8.07;7.92;7.95;5386451;43264556.00
2014/04/15;7.94;8.08;7.88;7.89;7086813;56978520.00
2014/04/16;7.84;8.03;7.83;8.01;7040069;56673624.00
2014/04/17;8.06;8.11;7.94;7.95;4976287;40156580.00
2014/04/18;7.95;8.03;7.86;7.99;4194698;33714576.00
2014/04/21;7.94;7.95;7.61;7.63;7157426;56153636.00
2014/04/22;7.64;7.83;7.50;7.60;4711671;36246536.00
2014/04/23;7.55;7.65;7.53;7.55;3309931;25289204.00
2014/04/24;7.55;7.60;7.30;7.31;4813853;35948412.00
2014/04/25;7.28;7.32;7.12;7.12;5296990;38418756.00
2014/04/28;7.22;7.22;6.76;6.77;4899665;34259032.00
2014/04/29;6.74;6.93;6.74;6.90;3141668;21664880.00
2014/04/30;6.95;7.00;6.88;7.00;2366319;16575210.00
2014/05/05;7.00;7.02;6.85;7.01;2375902;16633247.00
2014/05/06;7.02;7.16;6.98;7.05;2728927;19464560.00
2014/05/07;7.02;7.02;6.80;6.86;3538089;24611726.00
2014/05/08;6.85;6.96;6.78;6.86;2677110;18615512.00
2014/05/09;6.84;6.88;6.55;6.68;4127474;27872566.00
2014/05/12;6.74;6.97;6.74;6.95;3836226;26620186.00
2014/05/13;6.98;7.06;6.90;6.92;2803112;19652476.00
2014/05/14;6.92;6.99;6.86;6.93;2008173;14012225.00
2014/05/15;6.94;6.98;6.75;6.77;2535101;17362336.00
2014/05/16;6.77;7.20;6.73;7.11;5323254;37180068.00
2014/05/19;7.07;7.22;6.86;6.90;9947835;70260200.00
2014/05/20;6.95;6.98;6.77;6.79;4105192;28337134.00
2014/05/21;6.86;6.89;6.74;6.83;2391551;16334558.00
2014/05/22;6.84;6.89;6.75;6.75;3186998;21872670.00
2014/05/23;6.72;6.84;6.66;6.80;2625940;17919844.00
2014/05/26;6.88;7.06;6.86;6.97;4408869;30839858.00
2014/05/27;6.95;7.00;6.72;6.77;16741865;114513752.00
2014/05/28;6.76;6.78;6.62;6.77;8548927;57583124.00
2014/05/29;6.77;6.81;6.65;6.65;5715921;38692696.00
2014/05/30;6.64;6.71;6.62;6.68;3086275;20698826.00
2014/06/03;6.68;6.72;6.62;6.64;3226539;21614044.00
2014/06/04;6.62;6.62;6.41;6.46;5500317;35907908.00
2014/06/05;6.48;6.58;6.47;6.56;3354148;22067176.00
2014/06/06;6.58;6.64;6.46;6.64;5179463;34216928.00
2014/06/09;6.63;6.72;6.60;6.66;4529065;30364766.00
2014/06/10;6.64;6.71;6.46;6.68;6266902;41543216.00
2014/06/11;6.66;6.99;6.61;6.92;12372913;85157656.00
2014/06/12;6.86;7.00;6.76;6.80;11832113;81547000.00
2014/06/13;6.80;7.10;6.67;7.03;13265771;93052560.00
2014/06/16;7.00;7.06;6.94;7.00;8200354;57735284.00
2014/06/17;7.01;7.10;7.00;7.02;7840948;55505824.00
2014/06/26;7.16;7.34;7.05;7.06;14017187;100929784.00
2014/06/27;7.00;7.77;6.92;7.53;20704002;153353184.00
2014/06/30;7.47;7.69;7.30;7.42;22130807;164954112.00
2014/07/01;7.44;7.49;7.29;7.43;9846127;73259328.00
2014/07/02;7.36;7.48;7.26;7.40;9958200;73738776.00
2014/07/03;7.35;7.63;7.32;7.54;15004471;113189680.00
2014/07/04;7.51;7.60;7.36;7.40;9055258;67740832.00
2014/07/07;7.39;7.45;7.32;7.42;6468190;48054840.00
2014/07/08;7.42;7.56;7.23;7.53;12076634;89988200.00
2014/07/09;7.50;7.80;7.43;7.48;15998716;122137376.00
2014/07/10;7.57;7.74;7.49;7.66;12849121;98683600.00
2014/07/11;7.65;7.84;7.61;7.77;12852358;100094936.00
2014/07/14;7.81;8.12;7.70;7.99;19026140;151244928.00
2014/07/15;7.99;8.32;7.83;8.28;24651944;199881984.00
2014/07/16;8.26;8.26;7.82;7.87;16549065;133262960.00
2014/07/17;7.90;8.26;7.76;8.11;15871362;127752064.00
2014/07/18;8.26;8.35;8.01;8.09;20426610;167464480.00
2014/07/21;8.01;8.01;7.79;7.87;9496403;75370032.00
2014/07/22;7.88;8.23;7.85;8.05;13588291;109831600.00
2014/07/23;8.08;8.08;7.74;7.76;14296108;113064352.00
2014/07/24;7.70;7.86;7.51;7.53;12974749;99607088.00
2014/07/25;7.53;7.65;7.47;7.62;6652093;50646172.00
2014/07/28;7.65;7.75;7.59;7.71;8495254;65612636.00
2014/07/29;7.73;8.04;7.73;7.89;12377604;98167944.00
2014/07/30;7.89;7.96;7.77;7.88;8210157;64830092.00
2014/07/31;7.87;7.95;7.81;7.94;7997261;63424704.00
2014/08/01;7.91;8.10;7.81;7.88;14452957;115638184.00
2014/08/04;7.91;8.07;7.82;8.02;11203625;89525872.00
2014/08/05;8.03;8.03;7.87;7.94;10563446;84025320.00
2014/08/06;7.92;8.10;7.86;8.03;11265629;90197752.00
2014/08/07;8.01;8.04;7.89;7.89;10957160;87586952.00
2014/08/08;7.85;7.92;7.80;7.85;7610342;60030548.00
2014/08/11;7.86;8.03;7.84;7.99;8775816;70123144.00
2014/08/12;8.00;8.19;7.96;8.14;14666325;119447392.00
2014/08/13;8.10;8.15;7.97;8.06;10063083;81336384.00
2014/08/14;8.06;8.34;8.03;8.11;18382840;151101456.00
2014/08/15;8.11;8.31;8.09;8.29;13911103;115050832.00
2014/08/18;8.38;8.44;8.21;8.33;14301779;119443088.00
2014/08/19;8.33;8.38;8.23;8.30;11832421;98760608.00
2014/08/20;8.36;8.60;8.30;8.46;19587733;166710000.00
2014/08/21;8.44;8.45;8.16;8.37;14741433;122775640.00
2014/08/22;8.34;8.46;8.25;8.42;12240130;102844328.00
2014/08/25;8.42;8.43;8.21;8.23;8289636;69023152.00
2014/08/26;8.19;8.27;7.86;7.94;10980055;89051392.00
2014/08/27;7.94;8.43;7.80;8.41;24642972;203782160.00
2014/08/28;8.34;8.42;8.22;8.35;14103504;117998248.00
2014/08/29;8.38;8.66;8.28;8.52;22850235;195252672.00
2014/09/01;8.47;8.70;8.42;8.66;19370304;166596368.00
2014/09/02;8.67;8.81;8.57;8.68;21868400;190847472.00
2014/09/03;8.66;8.78;8.59;8.68;16434110;143429936.00
2014/09/04;8.69;8.78;8.59;8.78;17376454;151422368.00
2014/09/05;8.77;9.18;8.75;8.98;25840444;232627360.00
2014/09/09;8.95;9.47;8.81;9.21;22361560;205701856.00
2014/09/10;9.15;10.14;9.06;10.14;42757606;417953888.00
2014/09/11;10.40;10.75;9.97;10.19;63175306;655771520.00
2014/09/12;10.11;10.18;9.86;10.05;31795280;318445376.00
2014/09/15;10.06;10.35;9.99;10.26;30492754;312119872.00
2014/09/16;10.19;10.51;9.76;9.86;31390061;321143552.00
2014/09/17;9.81;10.09;9.67;9.97;20750090;206228480.00
2014/09/18;9.94;10.31;9.79;10.21;20989430;213660432.00
2014/09/19;10.24;10.53;10.08;10.21;17195840;177017792.00
2014/09/22;10.19;10.19;9.73;9.82;18071902;179179872.00
2014/09/23;9.75;9.92;9.73;9.84;11398138;112288584.00
2014/09/24;9.84;10.41;9.76;10.41;21218004;216516688.00
2014/09/25;10.48;11.02;10.36;10.64;37168710;400929792.00
2014/09/26;10.76;10.76;10.41;10.65;16950065;180107040.00
2014/09/29;10.76;10.80;10.53;10.61;15192905;162104400.00
2014/09/30;10.66;11.07;10.56;10.87;18292865;199386848.00
2014/10/08;10.89;11.05;10.69;10.93;10684096;116378448.00
2014/10/09;10.96;11.03;10.60;10.73;15579169;168639088.00
2014/10/10;10.66;10.74;10.31;10.37;15648757;164879056.00
2014/10/13;10.26;10.76;9.99;10.65;15400724;160388048.00
2014/10/14;10.59;10.91;10.51;10.62;16259065;175186976.00
2014/10/15;10.76;11.13;10.59;11.12;19176653;208949360.00
2014/10/16;10.97;11.18;10.72;10.72;17530272;193574816.00
2014/10/17;10.61;10.79;10.17;10.66;17692428;186114224.00
2014/10/20;10.74;11.58;10.67;11.26;22647663;252651488.00
2014/10/21;11.22;11.76;11.21;11.31;19904586;229094816.00
2014/10/27;11.06;11.28;10.71;11.05;17019059;187342336.00
2014/10/28;10.92;12.16;10.92;12.01;31241725;370618176.00
2014/10/29;11.86;12.49;11.82;12.25;28268525;345488384.00
2014/10/30;12.21;12.43;11.98;12.17;17192201;210202704.00
2014/10/31;12.18;12.31;11.82;12.03;15242086;183336736.00
2014/11/03;11.92;12.45;11.73;12.36;19157103;233061920.00
2014/11/04;12.35;12.46;11.91;12.05;12620152;153820976.00
2014/11/05;11.95;11.99;11.51;11.82;14488470;171294464.00
2014/11/06;11.78;12.19;11.71;12.04;8991614;107708136.00
2014/11/07;12.04;12.14;11.68;11.71;9850371;117679104.00
2014/11/10;11.71;11.88;11.57;11.76;8303595;97468640.00
2014/11/11;11.76;12.06;11.19;11.28;12977672;151022832.00
2014/11/12;11.16;11.51;11.07;11.24;9161612;103766904.00
2014/11/13;11.16;11.23;10.75;10.90;13981483;153111616.00
2014/11/14;10.88;11.08;10.77;10.93;6151026;67444840.00
2014/11/17;11.31;11.35;11.01;11.18;10099565;113242960.00
2014/11/18;11.11;11.12;10.92;10.94;5456978;60158052.00
2014/11/19;10.84;11.48;10.83;11.34;10211582;115262960.00
2014/11/20;11.26;11.47;11.20;11.34;6006933;68385464.00
2014/11/21;11.41;12.08;11.34;11.94;14517520;171454208.00
2014/11/24;12.06;12.28;11.84;11.91;14853980;178936816.00
2014/11/25;12.03;12.14;11.77;11.86;11560848;137781696.00
2014/11/26;11.88;12.08;11.81;11.85;12863600;153658832.00
2014/11/27;11.86;11.94;11.51;11.83;17270260;202651024.00
2014/11/28;11.83;12.07;11.59;12.07;20177894;240660032.00
2014/12/01;12.03;12.15;11.06;11.17;25324225;294571424.00
2014/12/02;11.11;11.38;11.01;11.20;11433609;128934600.00
2014/12/03;11.22;11.44;11.01;11.31;11949363;134916912.00
2014/12/04;11.35;11.40;11.15;11.18;13808847;156092080.00
2014/12/05;11.18;11.18;10.36;10.49;18376046;197610640.00
2014/12/08;10.44;10.97;10.16;10.38;16060116;170500064.00
2014/12/09;10.27;10.41;9.87;9.93;15560146;158798240.00
2014/12/10;9.91;10.30;9.87;10.22;10229136;104063784.00
2014/12/11;10.21;10.49;10.16;10.29;9758861;100958712.00
2014/12/12;10.29;10.66;10.26;10.61;10852761;114485016.00
2014/12/15;10.59;11.00;10.52;10.96;12447117;135967936.00
2014/12/16;10.92;10.94;10.66;10.78;10198790;110426952.00
2014/12/17;10.76;10.77;10.25;10.36;10939168;114070288.00
2014/12/18;10.35;10.35;10.06;10.09;9834793;100173544.00
2014/12/19;10.09;10.34;9.88;10.33;11963052;120439920.00
2014/12/22;10.34;10.35;9.60;9.61;11353606;111599240.00
2014/12/23;9.61;9.76;9.32;9.33;6900952;66002984.00
2014/12/24;9.36;9.64;9.36;9.57;4448063;42623500.00
2014/12/25;9.62;10.06;9.62;9.80;6039919;59727508.00
2014/12/26;9.79;9.87;9.74;9.83;4572191;44999132.00
2014/12/29;9.78;9.79;9.14;9.23;9370045;87898520.00
2014/12/30;9.24;9.54;9.14;9.26;5146970;48157884.00
2014/12/31;9.14;9.39;8.96;9.18;6695721;61462888.00
2015/01/05;9.16;9.44;8.95;9.38;10530167;96909344.00
2015/01/06;9.32;9.78;9.22;9.73;9911345;95171480.00
2015/01/07;9.73;9.80;9.55;9.63;5747224;55645280.00
2015/01/08;9.62;9.76;9.59;9.60;4121275;39940560.00
2015/01/09;9.55;9.83;9.53;9.66;8473679;82690056.00
2015/01/12;9.71;9.75;9.23;9.24;7101528;67306992.00
2015/01/13;9.24;9.48;9.24;9.43;8620606;81025376.00
2015/01/14;9.51;10.37;9.31;10.27;20134339;200914256.00
2015/01/22;10.80;11.28;10.47;10.93;30777321;337965568.00
2015/01/23;10.87;10.90;10.47;10.71;18449480;196373792.00
2015/01/26;10.66;10.80;10.50;10.72;11396321;121632824.00
2015/01/27;10.73;11.01;10.66;10.87;17522425;191432736.00
2015/01/28;10.95;11.15;10.76;10.87;12541370;137792864.00
2015/01/29;10.71;10.84;10.52;10.63;7607984;81426624.00
2015/01/30;10.70;10.91;10.54;10.84;9737996;104806120.00
2015/02/02;10.69;11.67;10.64;11.31;23711264;269894848.00
2015/02/03;11.36;11.56;11.19;11.39;13696538;156441424.00
2015/02/04;11.42;11.46;11.18;11.19;9057281;102767552.00
2015/02/05;11.30;11.41;11.06;11.08;9554360;107278776.00
2015/02/06;10.92;10.92;10.59;10.76;11409357;122989600.00
2015/02/09;10.66;10.81;10.56;10.68;6661511;71315600.00
2015/02/10;10.70;10.78;10.47;10.65;5129609;54626892.00
2015/02/11;10.65;11.04;10.65;10.86;7767055;84908472.00
2015/02/12;10.87;11.01;10.77;10.86;5318241;58114848.00
2015/02/13;10.87;11.38;10.87;11.30;12503444;140548752.00
2015/02/16;11.34;11.56;11.28;11.51;12212291;140198064.00
2015/02/17;11.61;11.61;11.34;11.35;8677678;99468936.00
2015/02/25;11.25;11.53;11.25;11.38;7855049;89800112.00
2015/02/26;11.38;11.57;11.25;11.55;9029999;103446728.00
2015/02/27;11.59;11.95;11.54;11.76;10608328;125586776.00
2015/03/02;11.83;12.39;11.78;12.18;14428647;176191280.00
2015/03/03;12.15;12.39;11.93;11.95;15236990;185995520.00
2015/03/04;11.92;12.09;11.73;11.96;10667358;127753752.00
2015/03/05;12.00;12.35;11.94;12.31;12995622;159176416.00
2015/03/06;12.31;13.55;12.27;12.63;38211617;496096512.00
2015/03/09;12.56;13.31;12.55;13.06;23996276;311943392.00
2015/03/10;13.05;13.92;12.92;13.36;24889873;336166592.00
2015/03/11;13.35;13.36;12.89;13.26;21236172;278798528.00
2015/03/12;13.16;13.42;12.74;12.86;17476360;227907920.00
2015/03/13;12.96;13.21;12.77;13.11;12138471;158359552.00
2015/03/16;13.11;14.31;13.01;13.91;27069479;367142496.00
2015/03/17;13.95;14.09;13.55;13.90;22939526;319096384.00
2015/03/18;13.91;14.10;13.67;14.05;15845133;221519216.00
2015/03/19;14.01;14.72;13.86;14.07;19374935;276378496.00
2015/03/20;14.06;14.64;14.02;14.33;17317507;249454752.00
2015/03/23;14.36;14.50;14.09;14.50;18263878;261803056.00
2015/03/24;14.46;14.55;13.50;13.91;40422811;566751808.00
2015/03/25;13.87;13.90;13.29;13.59;25344903;345057472.00
2015/03/26;13.62;14.02;13.56;13.85;25748520;357112832.00
2015/03/27;13.71;13.93;13.59;13.75;13998508;192566656.00
2015/03/30;13.78;14.08;13.78;13.90;17260387;241094208.00
2015/03/31;13.82;13.92;13.51;13.69;17210083;237154896.00
2015/04/01;13.72;15.06;13.72;14.93;42360932;615677696.00
2015/04/02;14.93;16.04;14.78;15.75;42115850;653753536.00
2015/04/03;15.66;16.74;15.37;16.38;28209895;460255840.00
2015/04/07;16.46;16.95;16.09;16.56;28571558;473620160.00
2015/04/08;16.55;18.22;16.11;17.81;32804112;560444736.00
2015/04/09;17.76;18.66;16.97;18.31;32135317;579774464.00
2015/04/10;18.26;19.56;17.96;18.49;25345146;476217120.00
2015/04/13;18.54;19.24;17.77;18.36;27435709;509163616.00
2015/04/14;18.46;18.66;17.61;17.61;26305380;475571392.00
2015/04/15;17.61;17.95;16.39;16.46;25011594;427931712.00
2015/04/16;16.07;17.25;15.92;17.08;18034589;305329312.00
2015/04/17;17.09;17.74;16.76;16.88;17322153;296898080.00
2015/04/20;16.75;16.75;15.96;16.16;20762172;339507296.00
2015/04/21;16.11;17.18;16.06;17.11;16226312;272325344.00
2015/04/22;17.16;18.02;17.16;17.91;18597437;332328320.00
2015/04/23;17.94;18.44;17.52;17.68;16464886;293943936.00
2015/04/24;17.55;18.02;16.91;17.59;18399309;323433376.00
2015/04/27;17.66;17.90;17.10;17.28;16459461;287529792.00
2015/04/28;17.28;17.36;16.24;16.47;15406048;258692096.00
2015/04/29;16.37;17.05;16.16;16.80;10846539;181376560.00
2015/04/30;16.77;17.27;16.68;16.88;10199234;173166352.00
2015/05/04;16.84;17.90;16.70;17.83;20668121;363023936.00
2015/05/05;17.63;17.92;16.73;17.11;16293583;282241760.00
2015/05/06;17.04;17.53;16.64;16.69;11774040;201427936.00
2015/05/07;16.66;16.89;16.38;16.80;11096653;185092672.00
2015/05/08;17.13;17.64;16.98;17.64;18074263;313639136.00
2015/05/11;18.00;18.85;17.76;18.79;28815131;527537376.00
2015/05/12;18.98;19.85;18.90;19.10;26635174;513400224.00
2015/05/13;18.90;19.06;18.50;18.64;22154228;416272160.00
2015/05/14;18.64;19.18;18.41;18.68;16017235;302168224.00
2015/05/15;18.48;19.33;18.08;19.31;23207748;435136768.00
2015/05/18;19.65;20.86;19.64;20.13;30891696;623028672.00
2015/05/19;20.18;20.96;19.64;20.75;20573294;416621216.00
2015/05/20;20.88;22.16;20.48;20.81;24030433;517124800.00
2015/05/21;20.74;21.76;20.48;21.20;22852281;483366368.00
2015/05/22;21.47;21.63;20.26;20.60;26942255;559057920.00
2015/05/25;20.45;20.92;19.98;20.63;24670110;507228608.00
2015/05/26;20.79;22.70;20.79;22.70;31707743;690354624.00
2015/05/27;22.98;24.63;22.49;23.48;33424722;788638976.00
2015/05/28;23.38;24.18;21.19;21.24;30599810;705196544.00
2015/05/29;20.97;22.73;19.16;21.96;32655431;700654656.00
2015/06/01;22.78;24.16;22.38;24.16;29232624;688117312.00
2015/06/02;24.78;26.58;24.23;26.58;29852253;772030016.00
2015/06/03;27.21;29.13;25.49;28.23;39725042;1104097792.00
2015/06/04;28.24;28.81;25.66;27.78;29933713;818408448.00
2015/06/05;28.38;28.94;26.74;27.58;29775176;822767680.00
2015/06/08;27.58;27.73;25.48;25.75;27208326;710664000.00
2015/06/09;25.00;26.84;25.00;26.15;19357310;508279616.00
2015/06/10;26.14;27.98;25.75;27.26;22301633;605788224.00
2015/06/11;26.98;27.83;26.79;27.09;18008112;489529824.00
2015/06/12;27.30;28.46;26.83;28.06;25803142;712985792.00
2015/06/15;28.39;30.87;28.39;30.78;35515376;1068853952.00
2015/06/16;29.92;29.98;28.61;29.39;29846289;877831552.00
2015/06/17;29.37;29.50;26.86;28.78;22721087;641561408.00
2015/06/18;28.48;29.47;27.08;27.23;16360196;463055968.00
2015/06/19;26.28;26.98;24.51;24.51;17835705;454085344.00
2015/06/23;24.98;25.55;22.08;23.90;18494761;441053856.00
2015/06/24;23.98;25.01;23.68;24.17;18796929;456687104.00
2015/06/25;24.29;24.98;22.18;23.23;19022847;462901216.00
2015/06/26;22.47;22.47;20.91;20.91;15237753;325383680.00
2015/06/29;21.01;21.75;18.82;18.82;25084307;485868768.00
2015/06/30;17.74;19.57;16.94;19.38;27446632;498407168.00
2015/07/01;19.29;20.92;18.18;18.48;31899690;632166144.00
2015/07/02;18.48;18.73;16.63;16.63;20511660;353805472.00
2015/07/03;15.13;16.86;14.97;14.97;20479668;315688416.00
2015/07/06;16.46;16.46;13.47;13.47;24620989;353746400.00
2015/07/07;12.12;12.12;12.12;12.12;3103800;37680132.00
2015/07/08;10.91;12.00;10.91;11.34;67212158;756044928.00
2015/07/09;11.23;12.48;11.23;12.48;25826360;316806016.00
2015/07/10;13.73;13.73;13.19;13.73;5754518;78783024.00
2015/07/13;15.11;15.11;14.81;15.11;7419396;112162960.00
2015/07/14;16.48;16.62;15.16;16.62;44781146;738373696.00
2015/07/15;15.98;16.60;14.96;14.96;32142794;498938112.00
2015/07/16;14.88;16.13;13.69;15.23;38080051;582421376.00
2015/07/17;15.29;16.76;15.28;16.58;31700124;517084096.00
2015/07/20;16.77;17.38;15.86;16.52;45788135;760286656.00
2015/07/21;15.98;16.80;15.71;16.41;25580470;418219936.00
2015/07/22;16.42;17.06;15.91;16.80;29775971;495446208.00
2015/07/23;16.98;17.98;16.58;17.45;31104687;536498912.00
2015/07/24;17.58;18.18;16.75;17.16;33865568;596337408.00
2015/07/27;16.38;17.09;15.44;15.44;27436021;448954144.00
2015/07/28;13.90;15.43;13.89;13.96;33253790;473241792.00
2015/07/29;14.42;14.94;13.23;14.88;21719175;306262752.00
2015/07/30;14.78;15.06;13.85;13.88;20314968;298232736.00
2015/07/31;13.39;14.19;13.25;13.58;16421223;224604592.00
2015/08/03;13.34;13.56;12.22;12.23;18465095;233246400.00
2015/08/04;12.48;13.46;12.28;13.46;24296838;315817472.00
2015/08/05;13.77;14.48;13.58;13.93;29620312;413027648.00
2015/08/06;13.42;15.33;13.29;15.33;47628056;715149312.00
2015/08/07;15.80;16.77;15.28;16.56;55536835;884462016.00
2015/08/10;16.99;17.84;16.99;17.23;49082484;848112768.00
2015/08/11;17.02;17.87;16.78;16.98;41990829;725150464.00
2015/08/12;16.68;17.23;16.36;16.49;24282189;406878272.00
2015/08/13;16.48;17.57;16.24;17.48;31189513;526998304.00
2015/08/14;17.51;17.87;17.14;17.58;34587812;607455360.00
2015/08/17;17.49;18.63;17.28;18.29;32738675;588771904.00
2015/08/18;18.10;18.26;16.46;16.46;29473940;509623904.00
2015/08/19;15.46;17.09;14.81;16.63;26334257;418478976.00
2015/08/20;16.20;17.85;16.20;16.85;34855022;599746432.00
2015/08/21;16.03;16.54;15.18;15.23;24650873;391939296.00
2015/08/24;14.38;14.45;13.71;13.71;13779602;191431264.00
2015/08/25;12.34;12.92;12.34;12.34;15793482;196743712.00
2015/08/26;12.57;13.06;11.20;11.43;25011749;306185152.00
2015/08/27;11.63;12.58;11.21;12.48;23115154;276040224.00
2015/08/28;12.78;13.58;12.58;13.49;28118889;364414944.00
2015/08/31;13.75;13.75;12.27;12.27;22812212;295099712.00
2015/09/01;12.27;12.27;11.04;11.10;19550855;224097680.00
2015/09/02;10.88;11.73;10.18;10.38;17027971;184967120.00
2015/09/07;10.84;11.23;10.46;10.67;21869913;237754272.00
2015/09/08;10.53;11.74;10.53;11.74;19555105;217565152.00
2015/09/09;12.13;12.92;11.93;12.92;34225029;428407552.00
2015/09/10;12.93;13.66;12.54;12.66;37520951;493236544.00
2015/09/11;12.55;12.98;12.35;12.71;20470789;259712416.00
2015/09/14;12.83;12.96;11.44;11.44;23217195;277894688.00
2015/09/15;10.98;11.42;10.32;10.39;18909742;204597888.00
2015/09/16;10.68;11.43;10.51;11.43;19816163;216565312.00
2015/09/17;11.82;12.43;11.51;11.51;29668157;356637920.00
2015/09/18;11.67;12.03;11.48;11.89;19907957;233993088.00
2015/09/21;11.63;12.76;11.48;12.63;22798354;278128576.00
2015/09/22;12.58;12.85;12.10;12.47;23321714;292441408.00
2015/09/23;12.13;13.28;12.09;12.55;28969582;368971072.00
2015/09/24;12.76;12.88;12.43;12.68;18384359;232377696.00
2015/09/25;12.47;12.66;11.51;11.88;19365405;235159408.00
2015/09/28;11.98;13.07;11.58;13.07;24098241;300779904.00
2015/09/29;12.73;14.38;12.65;13.99;57806109;800952768.00
2015/09/30;13.99;14.27;13.60;13.72;27560101;383478720.00
2015/10/08;14.30;15.09;13.99;15.09;32036656;476298400.00
2015/10/09;15.23;16.60;15.23;16.15;59261321;960475200.00
2015/10/12;16.13;17.77;16.13;16.38;73986071;1264300416.00
2015/10/13;15.98;17.38;15.82;16.88;36522723;611553088.00
2015/10/14;16.52;16.87;15.96;16.38;27662275;452427552.00
2015/10/15;16.25;17.92;16.15;17.55;36309612;627586112.00
2015/10/16;17.55;17.78;16.83;17.28;29205967;503035296.00
2015/10/19;17.13;18.37;16.78;18.27;42971948;753019648.00
2015/10/20;17.99;18.43;17.53;17.98;27951812;501024192.00
2015/10/21;18.03;18.31;16.18;16.18;35146183;597609600.00
2015/10/22;15.79;17.80;15.79;17.80;44773826;763883264.00
2015/10/23;18.98;19.58;18.60;19.58;55348106;1066240768.00
2015/10/26;20.47;21.54;19.98;21.54;40213673;851697984.00
2015/10/27;22.19;22.19;19.53;21.23;44987861;950635456.00
2015/10/28;20.77;22.08;20.16;20.28;36534809;770239424.00
2015/10/29;20.18;20.99;19.48;20.30;31615240;637983360.00
2015/10/30;20.26;21.18;19.29;20.18;27329369;553187712.00
2015/11/02;18.16;19.77;18.16;18.25;65655184;1217773696.00
2015/11/03;18.08;18.57;17.28;18.03;42309402;760225280.00
2015/11/04;18.09;19.84;17.74;19.84;34537091;656678400.00
2015/11/05;20.48;21.83;19.73;20.30;52929975;1103650688.00
2015/11/06;19.88;21.95;19.86;21.38;35927802;756673024.00
2015/11/09;21.13;22.78;20.93;21.79;28226527;613539584.00
2015/11/10;21.39;23.18;21.19;22.27;27860112;620782144.00
2015/11/11;22.08;22.91;21.48;22.33;25439039;560864064.00
2015/11/12;22.18;22.86;21.88;21.95;19062381;424961216.00
2015/11/13;21.59;22.74;20.42;21.50;21754862;467076320.00
2015/11/16;20.88;22.08;20.54;21.92;13891937;299550528.00
2015/11/17;22.17;22.31;20.98;21.18;14630138;316948544.00
2015/11/18;21.18;21.43;19.06;19.38;18368851;371676160.00
2015/11/19;19.48;20.63;19.16;20.39;21576862;427275136.00
2015/11/20;20.19;21.58;20.10;21.12;19149589;400108480.00
2015/11/23;20.96;21.43;20.26;21.05;14991243;312142720.00
2015/11/24;20.78;20.95;20.11;20.51;10493897;215377952.00
2015/11/25;20.51;21.33;20.23;20.97;15848765;331085216.00
2015/11/26;20.94;21.86;20.86;21.07;18547183;395820768.00
2015/11/27;20.95;20.95;18.99;19.18;16420504;327916416.00
2015/11/30;19.09;19.42;17.48;18.96;17131911;318744832.00
2015/12/01;18.97;19.14;17.88;18.09;19257007;353315264.00
2015/12/02;18.12;18.22;16.83;17.77;13648265;239097568.00
2015/12/03;17.95;18.36;17.71;18.30;12379735;224397904.00
2015/12/04;18.41;18.50;17.64;17.88;14292008;259139184.00
2015/12/07;17.88;18.52;17.45;18.38;16253514;294487168.00
2015/12/08;18.28;18.28;17.78;17.88;9813832;176841616.00
2015/12/09;17.70;19.67;17.70;19.58;40713924;789759488.00
2015/12/10;19.12;19.20;18.59;18.74;25383670;478234240.00
2015/12/11;18.38;18.73;18.06;18.36;11013352;202757344.00
2015/12/14;17.98;19.13;17.88;18.90;12600371;231822656.00
2015/12/15;18.97;19.44;18.91;18.98;11402634;218513280.00
2015/12/16;18.98;19.58;18.98;19.16;13400904;259206832.00
2015/12/17;19.23;19.86;19.20;19.68;16884774;331069792.00
2015/12/18;19.62;19.64;19.03;19.26;11562015;223742256.00
2015/12/21;19.26;19.82;19.13;19.16;12135156;235359728.00
2015/12/22;19.24;19.48;18.78;19.28;11169239;213775456.00
2015/12/23;19.46;19.46;18.79;18.89;14395740;275190016.00
2015/12/24;18.72;18.79;18.06;18.43;10474404;192708224.00
2015/12/25;18.48;18.86;18.16;18.51;13069486;240692912.00
2015/12/28;18.59;19.20;18.59;18.70;15532605;293672736.00
2015/12/29;18.60;19.62;18.25;19.44;16631324;317344864.00
2015/12/30;19.67;21.39;19.67;21.39;41605184;859702208.00
2015/12/31;21.17;21.28;20.36;20.36;26637889;554438976.00
2016/01/04;20.37;20.93;18.34;18.44;16667422;332231712.00
2016/01/05;17.53;19.14;17.48;19.11;19914934;368362304.00
2016/01/06;19.08;19.71;18.40;19.31;16598434;318064896.00
2016/01/07;18.93;18.93;17.38;17.38;4044432;72720632.00
2016/01/08;17.98;18.17;16.06;17.86;22339068;385689792.00
2016/01/11;17.37;17.48;16.07;16.07;13780120;230868880.00
2016/01/12;16.07;16.48;15.18;15.58;12740593;201619408.00
2016/01/13;15.91;16.03;14.98;15.36;12374070;191762512.00
2016/01/14;14.79;15.96;14.36;15.63;23408220;359027104.00
2016/01/15;15.03;15.77;14.07;14.07;22072964;326657664.00
2016/01/18;13.48;14.41;13.28;13.97;13616080;190878352.00
2016/01/19;13.83;14.72;13.81;14.64;13666532;195321472.00
2016/01/20;14.46;14.77;14.13;14.20;12415632;178973536.00
2016/01/21;13.97;14.67;13.68;13.70;12342552;175472944.00
2016/01/22;13.93;13.98;13.08;13.54;13470994;182931136.00
2016/01/25;13.78;14.57;13.64;14.12;13224170;187458640.00
2016/01/26;13.84;14.07;12.71;12.71;13340180;178271536.00
2016/01/27;12.93;12.93;11.74;12.60;10488594;128701600.00
2016/01/28;12.34;12.47;11.34;11.35;15438773;183024928.00
2016/01/29;11.43;12.49;11.43;12.49;13392606;161243664.00
2016/02/01;12.71;12.74;12.33;12.62;14230310;179048336.00
2016/02/02;12.49;13.23;12.39;12.95;15157305;197414272.00
2016/11/17;12.95;12.95;12.95;12.95;0;0.00
数据来源:通达信
