002284 亚太股份 日线 前复权
      日期	    开盘	    最高	    最低	    收盘	    成交量	    成交额
2009/08/28;3.91;4.27;3.90;3.95;14417068;384694656.00
2009/08/31;3.80;3.80;3.54;3.59;6394470;154740272.00
2009/09/01;3.65;3.72;3.57;3.59;3914843;94062128.00
2009/09/02;3.54;3.86;3.48;3.74;5015167;122653224.00
2009/09/03;3.57;3.86;3.57;3.82;4724488;116500392.00
2009/09/04;3.80;4.00;3.75;3.86;4149345;105646696.00
2009/09/07;3.88;4.20;3.86;3.97;5448105;143806480.00
2009/09/08;3.92;4.21;3.92;4.16;4804481;128858392.00
2009/09/09;4.18;4.61;4.07;4.61;6454603;182607456.00
2009/09/10;4.55;4.79;4.40;4.41;6950007;206648736.00
2009/09/11;4.34;4.66;4.34;4.46;4087691;118929384.00
2009/09/14;4.47;4.66;4.46;4.55;3944676;116440552.00
2009/09/15;4.55;4.58;4.30;4.33;4679596;134849888.00
2009/09/16;4.30;4.43;4.25;4.36;2760646;78258720.00
2009/09/17;4.36;4.55;4.33;4.52;3071198;88668248.00
2009/09/18;4.52;4.73;4.40;4.42;3442203;102218432.00
2009/09/21;4.38;4.46;3.97;4.33;2872844;79986192.00
2009/09/22;4.27;4.36;4.11;4.12;1667842;45924872.00
2009/09/23;4.09;4.25;4.03;4.12;1598356;43143708.00
2009/09/24;4.13;4.31;4.08;4.23;2108623;57839424.00
2009/09/25;4.19;4.38;4.13;4.28;1617891;45061636.00
2009/09/28;4.29;4.42;4.02;4.10;1507581;41885124.00
2009/09/29;4.10;4.12;3.84;3.95;1423151;36887540.00
2009/09/30;3.98;4.13;3.97;3.99;1010514;26682292.00
2009/10/09;4.07;4.18;4.03;4.17;1372606;36968096.00
2009/10/13;4.30;4.62;4.30;4.62;3806302;110327784.00
2009/10/14;4.67;4.95;4.57;4.66;5196240;159184144.00
2009/10/15;4.65;4.88;4.65;4.78;2976909;91735232.00
2009/10/16;4.78;4.83;4.66;4.83;2194963;67364800.00
2009/10/19;4.88;5.30;4.83;5.17;3128563;103183000.00
2009/10/20;5.17;5.33;5.08;5.30;2726082;90660144.00
2009/10/21;5.24;5.30;5.07;5.07;2415736;80397032.00
2009/10/22;5.05;5.45;4.99;5.37;3052740;103581592.00
2009/10/23;5.52;5.60;5.30;5.44;2971428;103472312.00
2009/10/26;5.43;5.51;5.30;5.35;2041909;70405176.00
2009/10/27;5.33;5.34;5.10;5.10;2323426;77164816.00
2009/10/28;5.07;5.65;5.07;5.65;2537207;86570680.00
2009/10/29;5.55;6.05;5.49;5.67;5070159;186082352.00
2009/10/30;5.82;6.15;5.64;5.69;5242809;195759680.00
2009/11/02;5.45;6.03;5.39;5.90;3424338;126965720.00
2009/11/03;5.88;6.13;5.83;5.95;2657048;100768656.00
2009/11/04;5.86;6.02;5.80;5.84;2067695;77704568.00
2009/11/05;5.81;5.97;5.81;5.88;1538213;57766740.00
2009/11/06;5.93;6.03;5.77;6.00;2471207;92683136.00
2009/11/09;5.97;6.18;5.89;6.13;1782756;68667688.00
2009/11/10;6.07;6.25;6.02;6.03;1648056;64192784.00
2009/11/11;6.00;6.05;5.87;5.92;1597559;60432172.00
2009/11/12;5.89;6.07;5.81;5.83;1407790;53232544.00
2009/11/13;5.80;6.04;5.78;6.02;1538451;58074296.00
2009/11/16;6.03;6.20;5.99;6.03;1608964;62351284.00
2009/11/17;6.04;6.10;5.97;6.05;1083691;41605304.00
2009/11/18;6.01;6.22;6.01;6.20;1789551;69956160.00
2009/11/19;6.22;6.47;6.12;6.40;2096137;83683744.00
2009/11/20;6.38;6.48;6.27;6.34;1496262;60493476.00
2009/11/23;6.34;6.90;6.30;6.80;2018891;83828088.00
2009/11/24;6.80;6.94;6.34;6.38;2368851;99893520.00
2009/11/25;6.38;7.00;6.32;6.96;2695073;114564728.00
2009/11/26;6.88;6.98;6.50;6.57;2530086;107492368.00
2009/11/27;6.47;6.68;6.25;6.26;1801586;73612408.00
2009/11/30;6.30;6.57;6.24;6.51;3797189;154016928.00
2009/12/01;6.49;6.83;6.43;6.77;2514863;106172504.00
2009/12/02;6.83;6.98;6.77;6.82;2260829;98062184.00
2009/12/03;6.77;7.25;6.77;7.18;2307682;102727368.00
2009/12/04;7.11;7.13;6.51;6.59;3566616;152899664.00
2009/12/07;6.63;6.95;6.59;6.93;1718828;73723960.00
2009/12/08;6.93;7.11;6.86;6.91;1773667;77812016.00
2009/12/09;6.80;6.86;6.63;6.67;1647083;70081192.00
2009/12/10;6.75;6.86;6.65;6.68;1299485;55338852.00
2009/12/14;6.71;6.79;6.49;6.75;1415683;59344480.00
2009/12/15;6.74;6.95;6.64;6.85;1210832;52379620.00
2009/12/16;6.82;6.91;6.62;6.65;1061893;45334808.00
2009/12/17;6.67;6.79;6.27;6.27;2104934;85534360.00
2009/12/18;6.22;6.22;5.97;6.02;1263282;48894700.00
2009/12/21;6.05;6.21;6.02;6.18;1026669;40027836.00
2009/12/22;6.20;6.20;5.95;5.99;1033591;39784428.00
2009/12/23;6.00;6.18;6.00;6.12;768647;29795582.00
2009/12/24;6.13;6.56;6.13;6.49;1879901;76629968.00
2009/12/25;6.49;6.69;6.43;6.58;1316513;54682748.00
2009/12/28;6.56;6.72;6.53;6.68;1240363;51947524.00
2009/12/29;6.65;6.96;6.65;6.83;1718708;74446968.00
2009/12/30;6.82;6.93;6.74;6.84;1142725;49240212.00
2009/12/31;6.80;7.11;6.73;6.98;1626456;71867280.00
2010/01/04;7.07;7.30;6.94;6.95;2178716;97998528.00
2010/01/05;6.95;7.42;6.95;7.33;2447457;110412192.00
2010/01/06;7.33;7.40;7.13;7.14;1517421;69464944.00
2010/01/07;7.15;7.27;6.94;7.09;2044757;91301280.00
2010/01/08;7.13;7.56;6.98;7.45;2866960;133350704.00
2010/01/11;7.47;7.97;7.29;7.85;2625148;125687224.00
2010/01/12;7.90;8.21;7.72;7.78;2314070;114869496.00
2010/01/13;7.61;8.08;7.58;7.95;1713849;84854976.00
2010/01/14;8.01;8.11;7.85;8.00;1504047;75025080.00
2010/01/15;7.98;7.99;7.69;7.80;1600019;78264136.00
2010/01/18;7.80;7.97;7.66;7.88;1400293;68514104.00
2010/01/19;7.81;7.88;7.60;7.72;1501831;72700496.00
2010/01/20;7.63;7.72;6.99;7.08;2360481;109017928.00
2010/01/21;7.04;7.25;7.04;7.10;1106654;49947144.00
2010/01/22;7.00;7.00;6.58;6.84;1746143;75089456.00
2010/01/25;6.65;7.02;6.65;6.81;954394;41591124.00
2010/01/26;6.83;6.90;6.69;6.87;1249366;53722852.00
2010/01/27;6.82;6.92;6.71;6.72;828614;35682472.00
2010/01/28;6.72;6.73;6.10;6.23;2318984;93231200.00
2010/01/29;6.22;6.40;6.10;6.20;1267994;50512884.00
2010/02/01;6.20;6.27;5.89;6.14;1290046;49495864.00
2010/02/02;6.14;6.28;5.88;5.90;1068134;41398508.00
2010/02/03;5.89;6.09;5.57;6.07;1645865;61465332.00
2010/02/04;5.97;6.22;5.90;6.08;1130110;43684744.00
2010/02/05;5.95;6.13;5.85;5.97;1038729;39498128.00
2010/02/08;6.05;6.06;5.85;5.98;600000;22784560.00
2010/02/09;5.89;6.01;5.89;5.99;456826;17340766.00
2010/02/10;6.04;6.63;6.00;6.47;1897248;76112096.00
2010/02/11;6.37;6.61;6.36;6.43;828844;34049880.00
2010/02/12;6.44;6.67;6.43;6.57;863062;35867152.00
2010/02/22;6.47;6.51;6.27;6.28;1165603;47059276.00
2010/02/23;6.29;6.33;6.08;6.24;716640;28111798.00
2010/02/24;6.24;6.67;6.16;6.63;1571218;65186480.00
2010/02/25;6.80;7.20;6.80;6.91;2186661;96500224.00
2010/02/26;6.82;7.00;6.78;6.84;1204433;52331296.00
2010/03/01;6.92;7.00;6.78;7.00;1002772;43741848.00
2010/03/02;6.98;7.10;6.87;6.95;934142;41047616.00
2010/03/03;6.98;7.03;6.89;7.03;868522;38258988.00
2010/03/04;7.03;7.05;6.47;6.51;1592162;67801064.00
2010/03/05;6.63;6.65;6.50;6.53;835874;34812376.00
2010/03/08;6.56;6.67;6.44;6.62;719872;29968958.00
2010/03/09;6.61;6.88;6.57;6.78;1080995;46315992.00
2010/03/10;6.81;6.82;6.54;6.60;813968;34243772.00
2010/03/11;6.60;6.62;6.42;6.50;763684;31481864.00
2010/03/12;6.47;6.70;6.45;6.50;820261;34075860.00
2010/03/15;6.53;6.70;6.48;6.67;1146284;48185648.00
2010/03/16;6.69;6.83;6.67;6.81;1000339;42797864.00
2010/03/17;6.83;6.93;6.74;6.91;1099984;47615828.00
2010/03/18;6.91;6.96;6.82;6.87;766183;33287832.00
2010/03/19;6.84;7.07;6.84;6.93;824552;36247636.00
2010/03/22;6.94;6.94;6.78;6.83;800804;34605188.00
2010/03/23;6.83;6.83;6.65;6.68;926969;39376580.00
2010/03/24;6.72;7.03;6.72;7.01;1542405;67544000.00
2010/03/25;6.97;7.46;6.95;7.32;2849265;129469520.00
2010/03/26;7.27;7.61;7.10;7.59;2841281;133044208.00
2010/03/29;7.82;7.93;7.37;7.48;3028664;145115664.00
2010/03/30;7.44;7.70;7.44;7.58;1688596;80687424.00
2010/03/31;7.58;7.83;7.55;7.72;1758883;85079952.00
2010/04/01;7.67;7.85;7.64;7.65;1721469;83792032.00
2010/04/02;7.67;7.71;7.44;7.57;1835271;86974992.00
2010/04/06;7.59;8.00;7.58;7.97;2365564;116564344.00
2010/04/07;8.18;8.78;8.00;8.59;5746669;302521152.00
2010/04/08;8.42;8.63;8.38;8.45;2597355;138296704.00
2010/04/09;8.45;8.81;8.42;8.71;2424644;131343496.00
2010/04/12;8.78;8.88;8.56;8.82;2303942;125143424.00
2010/04/13;8.99;9.08;7.90;8.33;3750909;199619232.00
2010/04/14;8.28;8.52;8.22;8.35;1432353;75269848.00
2010/04/15;8.38;8.48;7.72;7.99;2107451;106639816.00
2010/04/16;7.94;8.20;7.81;8.04;1180715;59692480.00
2010/04/19;7.97;8.18;7.85;7.86;1415580;71029256.00
2010/04/20;7.90;8.00;7.70;7.99;1166051;57414344.00
2010/04/21;8.00;8.49;7.97;8.43;1652742;85906264.00
2010/04/22;8.40;8.73;8.33;8.49;1888003;100967832.00
2010/04/23;8.48;8.60;8.31;8.40;1274001;67404288.00
2010/04/26;8.37;8.44;8.13;8.29;833825;43255384.00
2010/04/27;8.29;8.30;7.81;7.96;1282028;64183464.00
2010/04/28;7.88;7.95;7.42;7.42;1508942;72367952.00
2010/04/29;7.42;7.57;7.22;7.22;964051;44816196.00
2010/04/30;7.23;7.25;6.80;6.98;1029468;45289488.00
2010/05/04;6.83;7.11;6.68;7.01;674561;29817332.00
2010/05/05;6.97;7.56;6.97;7.46;1144793;52645260.00
2010/05/06;7.45;7.50;7.05;7.08;940259;43063448.00
2010/05/07;6.81;7.09;6.64;6.85;834525;36399800.00
2010/05/10;6.83;7.00;6.52;6.73;940857;39940120.00
2010/05/11;6.92;7.01;6.51;6.52;790814;33529964.00
2010/05/12;6.45;6.69;6.36;6.63;694598;28750076.00
2010/05/13;6.57;6.95;6.46;6.95;945685;39900688.00
2010/05/14;6.87;6.87;6.69;6.80;773637;33203220.00
2010/05/17;6.72;6.79;6.36;6.36;754737;31413426.00
2010/05/18;6.36;6.56;6.14;6.56;881194;35729812.00
2010/05/20;6.48;6.65;6.38;6.65;848330;35304364.00
2010/05/21;6.48;6.83;6.47;6.80;1123597;47724612.00
2010/05/24;6.83;7.34;6.82;7.30;1287222;57997320.00
2010/05/25;7.22;7.30;7.08;7.23;1240622;56036284.00
2010/05/26;7.22;7.23;7.00;7.01;1073233;47913920.00
2010/05/27;7.05;7.09;6.80;6.96;1931703;84561768.00
2010/05/28;6.96;7.20;6.83;6.97;2853355;63057408.00
2010/05/31;6.97;7.03;6.30;6.35;2480224;52793560.00
2010/06/01;6.20;6.30;5.79;5.96;2710822;51649752.00
2010/06/02;5.93;6.12;5.88;6.12;1787846;34139756.00
2010/06/03;6.12;6.40;6.02;6.11;2836495;55736104.00
2010/06/04;6.10;6.39;6.00;6.39;2507972;49472856.00
2010/06/07;6.23;7.06;6.19;7.06;8198400;176831840.00
2010/06/08;7.22;7.40;7.03;7.18;7923000;179425456.00
2010/06/09;7.18;7.32;7.06;7.23;4490688;101368392.00
2010/06/10;7.20;7.29;7.08;7.25;3493268;78662232.00
2010/06/11;7.26;7.48;7.17;7.18;4412238;101584184.00
2010/06/17;7.18;7.18;6.74;6.85;3303292;72237432.00
2010/06/18;6.70;6.83;6.13;6.15;3724482;74531944.00
2010/06/21;6.10;6.43;5.84;6.43;2326611;45448880.00
2010/06/22;6.34;6.50;6.34;6.41;1343344;27171682.00
2010/06/23;6.37;6.49;6.21;6.32;1532005;30631890.00
2010/06/24;6.30;6.39;6.26;6.33;1184612;23653180.00
2010/06/25;6.37;6.37;5.97;6.01;1477280;28584072.00
2010/06/28;6.07;6.13;5.98;6.06;1194648;22915276.00
2010/06/29;6.03;6.12;5.47;5.57;2127385;38666464.00
2010/06/30;5.56;5.56;5.20;5.39;1498114;25476984.00
2010/07/01;5.34;5.47;5.16;5.32;1538130;25899792.00
2010/07/02;5.33;5.40;4.93;5.37;1583188;26121458.00
2010/07/05;5.33;5.33;5.12;5.30;957760;15973718.00
2010/07/06;5.29;5.46;5.23;5.45;1656897;28514226.00
2010/07/07;5.44;5.48;5.33;5.42;1272289;21837826.00
2010/07/08;5.43;5.58;5.38;5.41;1521681;26458284.00
2010/07/09;5.40;5.54;5.27;5.51;2752474;47728080.00
2010/07/12;5.51;5.65;5.46;5.64;2432686;43017252.00
2010/07/13;5.59;5.59;5.43;5.43;1644924;28678708.00
2010/07/14;5.43;5.53;5.39;5.47;1339039;23321428.00
2010/07/15;5.40;5.49;5.12;5.14;1899678;32136058.00
2010/07/16;5.12;5.12;4.93;5.09;1701326;27284170.00
2010/07/19;5.01;5.25;4.97;5.21;1168981;19219108.00
2010/07/20;5.27;5.66;5.27;5.58;3648901;64022716.00
2010/07/21;5.61;5.63;5.48;5.49;2816547;49698492.00
2010/07/22;5.49;5.59;5.44;5.59;2195449;38579964.00
2010/07/23;5.59;5.74;5.52;5.73;3597946;64295332.00
2010/07/26;5.73;5.80;5.62;5.72;2576064;46645512.00
2010/07/27;5.70;5.71;5.62;5.64;1898117;34056188.00
2010/07/28;5.63;5.75;5.58;5.73;3025611;54721552.00
2010/07/29;5.74;6.33;5.74;6.33;7863519;152351744.00
2010/07/30;6.40;6.49;6.16;6.27;8421167;168839168.00
2010/08/02;6.30;6.37;6.16;6.37;4652743;92060784.00
2010/08/03;6.37;6.39;6.21;6.21;3572532;71130608.00
2010/08/04;6.16;6.23;5.99;6.23;3517816;67922720.00
2010/08/05;6.23;6.34;6.19;6.34;3678730;72878752.00
2010/08/06;6.35;6.61;6.34;6.60;6111960;125837104.00
2010/08/09;6.63;6.66;6.51;6.64;4165438;86374560.00
2010/08/10;6.62;6.63;6.26;6.26;3815634;77401128.00
2010/08/11;6.12;6.41;6.12;6.39;2516380;50032732.00
2010/08/12;6.32;6.39;6.22;6.28;1804445;35780012.00
2010/08/13;6.25;6.37;6.16;6.33;1765726;35076312.00
2010/08/16;6.30;6.47;6.29;6.40;2651832;53587856.00
2010/08/17;6.45;6.59;6.36;6.59;3726087;76485024.00
2010/08/18;6.59;7.24;6.59;7.03;9248268;200735232.00
2010/08/19;6.97;7.03;6.77;6.85;4956017;107125760.00
2010/08/20;6.82;6.82;6.43;6.50;3500901;73004264.00
2010/08/23;6.50;6.80;6.49;6.73;2987499;62336720.00
2010/08/24;6.70;6.77;6.53;6.64;2488076;52248544.00
2010/08/25;6.67;6.81;6.56;6.57;3151881;66554560.00
2010/08/26;6.55;6.66;6.33;6.38;2699421;54649680.00
2010/08/27;6.38;6.40;6.27;6.38;1646896;32977580.00
2010/08/30;6.42;6.66;6.42;6.64;2363986;49151224.00
2010/08/31;6.66;6.69;6.54;6.61;2872126;59710036.00
2010/09/01;6.59;6.67;6.30;6.41;2955727;60451908.00
2010/09/02;6.50;6.64;6.40;6.61;2892754;59791172.00
2010/09/03;6.63;6.96;6.63;6.85;6336167;136206304.00
2010/09/06;6.88;6.93;6.49;6.63;3680960;77598784.00
2010/09/07;6.63;6.72;6.52;6.68;2489966;51812080.00
2010/09/08;6.82;6.99;6.79;6.83;7279588;158305456.00
2010/09/09;6.77;6.83;6.62;6.63;4045784;85421528.00
2010/09/10;6.64;6.66;6.40;6.60;2256818;46510228.00
2010/09/13;6.53;6.83;6.53;6.74;3071140;64848560.00
2010/09/14;6.75;6.79;6.63;6.66;2359268;49716484.00
2010/09/15;6.66;6.75;6.60;6.65;2902290;61075304.00
2010/09/16;6.64;6.64;6.20;6.26;3347395;67161928.00
2010/09/17;6.27;6.30;6.16;6.17;1602252;31453764.00
2010/09/20;6.01;6.15;6.01;6.02;1370356;26222534.00
2010/09/21;6.13;6.13;6.00;6.01;851069;16287778.00
2010/09/27;6.02;6.12;6.01;6.10;1016607;19544322.00
2010/09/28;6.10;6.32;6.05;6.07;1465422;28613044.00
2010/09/29;6.06;6.16;5.87;5.88;1496248;28394448.00
2010/09/30;5.83;6.00;5.76;5.98;1293348;24187400.00
2010/10/08;6.06;6.17;6.00;6.11;1520795;29399096.00
2010/10/11;6.11;6.22;6.10;6.15;2071349;40393212.00
2010/10/12;6.12;6.38;6.12;6.36;2893163;57859968.00
2010/10/13;6.36;6.36;6.20;6.31;1955553;38744696.00
2010/10/14;6.31;6.37;6.03;6.05;2316214;45311212.00
2010/10/15;6.04;6.04;5.84;5.93;2215834;41682868.00
2010/10/18;5.93;6.00;5.71;5.78;1956645;35814420.00
2010/10/19;5.83;6.07;5.72;6.07;2261672;42880036.00
2010/10/20;6.04;6.17;5.88;6.11;3114166;59484548.00
2010/10/21;6.11;6.26;6.08;6.18;2680341;52357676.00
2010/10/22;6.20;6.83;6.20;6.68;6942574;143735376.00
2010/10/25;6.77;6.95;6.67;6.73;7421993;158754512.00
2010/10/26;6.73;6.73;6.51;6.61;3983334;82849744.00
2010/10/27;6.63;6.93;6.63;6.83;5830537;125398664.00
2010/10/28;6.86;7.00;6.73;6.79;3928991;84530200.00
2010/10/29;6.77;6.80;6.54;6.63;3038516;63468392.00
2010/11/01;6.68;6.90;6.61;6.78;4129133;88339880.00
2010/11/02;6.79;7.27;6.79;7.07;7703821;170943888.00
2010/11/03;7.07;7.16;6.80;6.80;3590363;78167008.00
2010/11/04;6.81;6.86;6.69;6.85;2679763;57123800.00
2010/11/05;6.92;7.03;6.80;6.87;2936796;63448376.00
2010/11/08;6.87;7.29;6.84;7.26;7346586;164192544.00
2010/11/09;7.28;7.90;7.20;7.70;9281522;219390688.00
2010/11/10;7.80;7.80;7.55;7.71;5589345;134305200.00
2010/11/11;7.66;7.77;7.46;7.46;4986647;118988824.00
2010/11/12;7.36;7.42;6.71;6.76;5264089;116486816.00
2010/11/15;6.77;6.96;6.61;6.93;2881715;61639336.00
2010/11/16;6.94;7.13;6.76;6.77;3307728;71635344.00
2010/11/17;6.74;6.88;6.67;6.68;1984271;42280612.00
2010/11/18;6.68;6.87;6.68;6.84;1643105;35137148.00
2010/11/19;6.88;7.11;6.85;7.11;3316400;73062840.00
2010/11/22;7.03;7.39;6.95;7.37;4319078;98077712.00
2010/11/23;7.37;7.42;6.95;7.17;2987964;67248112.00
2010/11/24;7.15;7.33;7.04;7.31;2879689;65392728.00
2010/11/25;7.37;7.53;7.25;7.32;4433712;102402320.00
2010/11/26;7.24;7.33;7.17;7.18;2186724;49643276.00
2010/11/29;7.18;7.18;7.01;7.07;1986818;44197552.00
2010/11/30;7.07;7.26;6.72;6.89;2564363;56480164.00
2010/12/01;6.90;6.95;6.77;6.90;1058653;22851586.00
2010/12/03;7.13;7.58;7.00;7.50;7002872;160446544.00
2010/12/06;7.32;7.80;7.28;7.70;8636962;204335600.00
2010/12/07;7.59;7.77;7.41;7.63;5415702;129042232.00
2010/12/08;7.77;8.34;7.77;8.17;11122519;283333792.00
2010/12/09;8.06;8.48;7.80;7.91;10651232;273092320.00
2010/12/10;7.78;7.82;7.50;7.67;5147357;123475672.00
2010/12/13;7.69;8.19;7.68;7.90;6050903;149681808.00
2010/12/14;7.89;8.23;7.68;8.23;6387108;158206080.00
2010/12/15;8.18;8.66;8.10;8.33;9399769;247196864.00
2010/12/16;8.24;8.55;8.17;8.21;4487026;117036024.00
2010/12/17;8.21;8.58;8.17;8.50;3812536;99757792.00
2010/12/20;8.50;8.73;8.11;8.70;5905566;156685088.00
2010/12/21;8.68;8.80;8.50;8.66;3778094;101710160.00
2010/12/22;8.58;8.65;8.34;8.40;3542428;93269664.00
2010/12/23;8.37;8.40;7.96;8.00;3864287;97750160.00
2010/12/24;7.90;7.90;7.44;7.59;3906047;93746928.00
2010/12/27;7.67;7.89;7.43;7.49;2930197;70518080.00
2010/12/28;7.37;7.65;7.13;7.50;2556058;59264760.00
2010/12/29;7.50;7.64;7.43;7.57;1298594;30691434.00
2010/12/30;7.58;7.70;7.51;7.64;1578654;37716692.00
2010/12/31;7.65;7.82;7.61;7.77;1746729;42061020.00
2011/01/04;7.90;7.91;7.67;7.73;2658014;64621796.00
2011/01/24;6.94;7.27;6.92;6.92;2306640;50468800.00
2011/01/25;6.48;6.58;6.19;6.47;4416289;88305064.00
2011/01/26;6.35;6.60;6.28;6.48;2818295;57125456.00
2011/01/27;6.44;6.62;6.27;6.48;3809265;77488216.00
2011/01/28;6.47;6.55;6.37;6.39;2107072;42925512.00
2011/01/31;6.38;6.43;6.23;6.30;2634582;52316596.00
2011/02/01;6.28;6.55;6.27;6.53;1909859;38637908.00
2011/02/09;6.48;6.66;6.44;6.54;1939204;40099892.00
2011/02/10;6.62;6.78;6.53;6.75;2138949;44987620.00
2011/02/11;6.78;6.92;6.67;6.82;2091553;44549816.00
2011/02/14;6.82;7.07;6.77;7.00;2885515;62474152.00
2011/02/15;7.03;7.03;6.87;6.87;2108530;46060676.00
2011/02/16;6.87;6.98;6.83;6.96;1619158;35284044.00
2011/02/17;7.04;7.06;6.89;7.01;1761803;38678664.00
2011/02/18;6.95;7.04;6.87;6.87;1401781;30547878.00
2011/02/21;6.76;6.97;6.71;6.97;1673484;36033232.00
2011/02/22;6.99;7.00;6.60;6.61;2403944;50909884.00
2011/02/23;6.60;6.66;6.50;6.61;1116181;23214050.00
2011/02/24;6.60;6.74;6.56;6.70;1290673;27088266.00
2011/02/25;6.69;6.77;6.65;6.74;1006690;21330314.00
2011/02/28;6.83;7.45;6.78;7.45;5304794;119105816.00
2011/03/01;7.62;8.00;7.59;7.63;10100980;245255120.00
2011/03/02;7.71;7.83;7.41;7.60;5102702;121428536.00
2011/03/03;7.55;7.66;7.33;7.36;3064379;71887464.00
2011/03/04;7.39;8.06;7.31;7.97;6779146;165663552.00
2011/03/07;7.94;8.03;7.75;7.98;4277270;105744376.00
2011/03/08;7.97;7.97;7.79;7.84;2157862;52930720.00
2011/03/09;7.97;7.97;7.60;7.68;3445658;83088456.00
2011/03/10;7.69;7.92;7.48;7.70;3429749;82634232.00
2011/03/11;7.67;7.81;7.59;7.63;1814465;43805436.00
2011/03/14;7.61;7.73;7.50;7.59;1627630;38790548.00
2011/03/15;7.63;7.93;7.50;7.90;4312830;104281088.00
2011/03/16;7.91;7.94;7.69;7.87;4138680;101226440.00
2011/03/17;7.78;7.80;7.55;7.61;2420433;57842740.00
2011/03/18;7.61;7.69;7.55;7.63;1278554;30529760.00
2011/03/21;7.64;7.93;7.58;7.93;3530346;86285560.00
2011/03/22;7.91;8.03;7.78;7.83;3143501;77758816.00
2011/03/23;7.77;7.87;7.67;7.85;1964126;47859616.00
2011/03/24;7.96;8.20;7.93;7.99;4707171;118085936.00
2011/03/25;7.87;8.00;7.69;7.81;3964462;96943544.00
2011/03/28;7.80;7.90;7.60;7.73;2744468;66225672.00
2011/03/29;7.73;7.76;7.33;7.35;2869189;67494024.00
2011/03/30;7.33;7.35;7.03;7.16;2174164;48854180.00
2011/03/31;7.17;7.33;7.10;7.22;1808610;40954740.00
2011/04/01;7.23;7.31;7.18;7.31;693473;15787782.00
2011/04/06;7.26;7.37;7.17;7.20;1012576;23057754.00
2011/04/07;7.20;7.24;7.02;7.09;1273882;28273986.00
2011/04/08;7.09;7.20;7.09;7.16;782940;17578094.00
2011/04/11;7.16;7.16;6.84;6.86;2761905;60351480.00
2011/04/12;6.93;6.93;6.62;6.67;2661235;56291816.00
2011/04/13;6.68;6.82;6.67;6.82;1357697;28867550.00
2011/04/14;6.85;6.96;6.76;6.89;1416090;30485494.00
2011/04/15;6.89;6.90;6.77;6.83;889007;19086638.00
2011/04/19;6.87;6.89;6.67;6.68;1233863;26266650.00
2011/04/20;6.69;6.85;6.69;6.83;744454;15948735.00
2011/04/21;6.83;6.96;6.77;6.94;1362616;29514062.00
2011/04/22;7.00;7.01;6.87;6.92;1123689;24486504.00
2011/04/25;6.91;6.92;6.74;6.74;879039;18755688.00
2011/04/26;6.73;6.80;6.40;6.50;943519;19480096.00
2011/04/27;6.50;6.56;6.27;6.31;790698;15974101.00
2011/04/28;6.34;6.41;6.13;6.14;843802;16712560.00
2011/04/29;6.21;6.25;6.12;6.22;629040;12320700.00
2011/05/03;6.27;6.39;6.22;6.39;522740;10441787.00
2011/05/04;6.40;6.40;6.17;6.32;526111;10495745.00
2011/05/05;6.19;6.38;6.18;6.35;307969;6148670.50
2011/05/06;6.33;6.46;6.29;6.46;434331;8759571.00
2011/05/09;6.46;6.56;6.40;6.46;385642;7885695.00
2011/05/10;6.49;6.49;6.40;6.46;275650;5597602.00
2011/05/11;6.47;6.47;6.35;6.37;427532;8616715.00
2011/05/12;6.33;6.35;6.23;6.24;529581;10514355.00
2011/05/13;6.25;6.29;6.04;6.17;446361;8705452.00
2011/05/16;6.17;6.78;6.15;6.67;2062945;41811968.00
2011/05/17;6.67;6.67;6.43;6.50;1591778;32797692.00
2011/05/18;6.44;6.53;6.43;6.46;511149;10424055.00
2011/05/19;6.45;6.65;6.45;6.50;797142;16520043.00
2011/05/20;6.67;6.69;6.46;6.53;520978;10785546.00
2011/05/23;6.53;6.60;6.23;6.27;587952;11827920.00
2011/05/24;6.29;6.31;6.06;6.29;465617;9084773.00
2011/05/25;6.29;6.33;6.17;6.17;318540;6275200.00
2011/05/26;6.15;6.18;5.63;5.66;1517191;18579372.00
2011/05/27;5.63;5.63;5.36;5.39;883054;10170544.00
2011/05/30;5.39;5.47;5.24;5.29;538810;6089846.50
2011/05/31;5.29;5.44;5.27;5.43;427575;4846672.00
2011/06/01;5.43;5.55;5.40;5.49;502225;5818469.00
2011/06/02;5.45;5.45;5.25;5.36;614533;6932257.50
2011/06/03;5.37;5.49;5.33;5.45;352848;4038963.00
2011/06/07;5.45;5.50;5.41;5.47;516713;5943949.50
2011/06/08;5.47;5.47;5.35;5.45;530942;6063747.00
2011/06/09;5.45;5.57;5.37;5.40;634012;7302259.50
2011/06/10;5.37;5.40;5.27;5.33;808611;9066953.00
2011/06/13;5.33;5.35;5.01;5.07;1855786;20054314.00
2011/06/14;5.07;5.14;5.04;5.14;2646350;28481242.00
2011/06/15;5.12;5.12;5.02;5.03;1476702;15823955.00
2011/06/16;4.98;4.98;4.78;4.83;1200866;12393296.00
2011/06/17;4.83;4.88;4.70;4.70;1096527;11076970.00
2011/06/20;4.70;4.71;4.58;4.61;687153;6772491.50
2011/06/21;4.75;4.77;4.61;4.73;746951;7451608.50
2011/06/22;4.75;4.82;4.72;4.73;917865;9303208.00
2011/06/23;4.70;4.87;4.66;4.87;1479747;15108165.00
2011/06/24;4.85;5.05;4.84;4.99;2242948;23605180.00
2011/06/27;5.04;5.13;5.00;5.05;2263614;24276242.00
2011/06/28;5.06;5.10;5.02;5.10;1983452;21255218.00
2011/06/29;5.10;5.55;5.05;5.22;4384318;49217280.00
2011/06/30;5.13;5.28;5.05;5.24;2423995;26641938.00
2011/07/01;5.25;5.39;5.21;5.29;2558544;28702072.00
2011/07/04;5.30;5.45;5.30;5.41;2512666;28661294.00
2011/07/05;5.42;5.94;5.38;5.88;3776739;44458892.00
2011/07/06;5.75;6.14;5.63;6.03;5414297;66801876.00
2011/07/07;5.98;6.15;5.89;5.93;4272371;53855272.00
2011/07/08;5.93;5.93;5.75;5.81;2354259;28786356.00
2011/07/11;5.79;5.94;5.66;5.85;1759302;21456008.00
2011/07/12;5.80;5.80;5.68;5.68;1766715;21320456.00
2011/07/13;5.66;5.82;5.66;5.79;1364698;16576155.00
2011/07/14;5.79;5.97;5.78;5.88;1476920;18272436.00
2011/07/15;5.88;6.09;5.88;6.07;2513538;31696116.00
2011/07/18;6.12;6.13;5.91;5.94;1738781;21851242.00
2011/07/19;5.90;5.90;5.74;5.76;1604759;19517092.00
2011/07/20;5.77;5.83;5.63;5.78;1208734;14592508.00
2011/07/21;5.79;5.79;5.63;5.66;1048816;12544281.00
2011/07/22;5.67;5.74;5.66;5.67;702065;8398645.00
2011/07/25;5.66;5.67;5.11;5.15;2006063;22603142.00
2011/07/26;5.14;5.40;5.01;5.36;2273395;25109678.00
2011/07/27;5.35;5.40;5.18;5.36;1852962;20753494.00
2011/07/28;5.33;5.33;5.23;5.27;883514;9816495.00
2011/07/29;5.27;5.32;5.15;5.16;991828;10936317.00
2011/08/01;5.15;5.25;5.09;5.19;590749;6477826.50
2011/08/02;5.15;5.15;4.98;5.10;1055307;11274483.00
2011/08/03;5.00;5.20;4.95;5.15;821462;8881992.00
2011/08/04;5.13;5.27;5.13;5.21;837948;9251970.00
2011/08/05;5.14;5.14;4.97;5.05;981106;10507017.00
2011/08/08;4.94;4.98;4.57;4.67;1641211;16501382.00
2011/08/09;4.60;4.80;4.38;4.66;1335907;12990684.00
2011/08/10;4.76;4.82;4.68;4.69;1193907;12043349.00
2011/08/11;4.46;4.77;4.46;4.75;1298360;12952827.00
2011/08/12;4.78;4.90;4.78;4.82;1376717;14134898.00
2011/08/15;4.81;5.03;4.81;5.00;1453645;15129874.00
2011/08/16;5.01;5.11;4.98;5.05;1672990;17846576.00
2011/08/17;5.06;5.08;4.93;5.03;1030942;10937783.00
2011/08/18;5.01;5.01;4.82;4.82;1148649;11952921.00
2011/08/19;4.74;5.00;4.65;4.90;1168276;11879307.00
2011/08/22;4.80;4.91;4.76;4.76;1285662;13210511.00
2011/08/23;4.79;4.90;4.75;4.89;1127664;11553026.00
2011/08/24;4.93;5.00;4.90;4.95;1576455;16571931.00
2011/08/25;4.95;5.13;4.92;5.09;2335083;24884158.00
2011/08/26;5.08;5.22;4.99;5.14;2966711;32026542.00
2011/08/29;5.07;5.15;5.00;5.00;1718912;18397940.00
2011/08/30;5.04;5.12;4.92;4.92;1300518;13842097.00
2011/08/31;4.93;4.95;4.81;4.85;830096;8586758.00
2011/09/01;4.92;4.95;4.83;4.84;569163;5890521.50
2011/09/02;4.88;4.95;4.81;4.85;592371;6110634.00
2011/09/05;4.80;4.80;4.63;4.65;829113;8271564.50
2011/09/06;4.64;4.72;4.56;4.61;669102;6559120.00
2011/09/07;4.63;4.76;4.60;4.74;923471;9229177.00
2011/09/08;4.78;4.78;4.59;4.62;826308;8248285.50
2011/09/09;4.65;4.69;4.59;4.59;599057;5907313.50
2011/09/14;4.52;4.60;4.41;4.57;1027594;9870933.00
2011/09/15;4.60;4.63;4.55;4.56;705748;6901076.00
2011/09/16;4.57;4.62;4.55;4.55;443403;4326355.50
2011/09/19;4.55;4.55;4.39;4.39;582700;5514085.50
2011/09/20;4.39;4.46;4.38;4.43;433188;4087394.50
2011/09/21;4.41;4.68;4.41;4.65;953776;9294132.00
2011/09/22;4.61;4.61;4.48;4.48;657025;6360441.00
2011/09/23;4.47;4.53;4.39;4.51;656461;6259661.50
2011/09/26;4.51;4.57;4.43;4.49;586872;5629538.50
2011/09/27;4.52;4.57;4.46;4.53;536320;5177207.50
2011/09/28;4.60;4.60;4.43;4.44;466590;4470313.00
2011/09/29;4.35;4.38;4.20;4.20;859905;7836327.50
2011/09/30;4.21;4.25;4.08;4.16;460886;4110276.75
2011/10/10;4.23;4.24;4.12;4.13;267767;2389733.00
2011/10/11;4.28;4.30;4.06;4.14;358181;3193152.75
2011/10/12;4.10;4.30;4.08;4.27;692430;6254982.50
2011/10/13;4.27;4.43;4.24;4.42;1013583;9383341.00
2011/10/14;4.42;4.42;4.26;4.34;847859;7838194.50
2011/10/17;4.33;4.38;4.27;4.27;778570;7179126.00
2011/10/18;4.28;4.28;4.09;4.09;749564;6672169.00
2011/10/19;4.11;4.16;4.08;4.10;524098;4622591.50
2011/10/20;4.10;4.10;3.85;3.89;643525;5441685.50
2011/10/21;3.89;3.90;3.77;3.78;520774;4291235.50
2011/10/24;3.80;3.87;3.73;3.86;553540;4538840.00
2011/10/25;3.85;4.00;3.81;3.95;639994;5378760.00
2011/10/26;3.90;4.06;3.89;4.00;1230567;10578279.00
2011/10/27;4.00;4.06;3.98;4.05;1105148;9534834.00
2011/10/28;4.07;4.15;4.06;4.14;1123924;9878370.00
2011/10/31;4.16;4.16;4.05;4.08;773858;6804596.00
2011/11/01;4.07;4.10;4.02;4.04;816870;7109359.00
2011/11/02;4.00;4.15;3.91;4.15;1487295;12877217.00
2011/11/03;4.14;4.27;4.13;4.23;1943880;17575486.00
2011/11/04;4.24;4.28;4.19;4.26;1329807;12087301.00
2011/11/07;4.26;4.32;4.24;4.25;1153941;10558681.00
2011/11/08;4.25;4.27;4.15;4.15;1241498;11197559.00
2011/11/09;4.18;4.23;4.06;4.23;1365512;12127471.00
2011/11/10;4.16;4.20;4.10;4.11;1123643;9990248.00
2011/11/11;4.11;4.23;4.11;4.18;1248582;11185624.00
2011/11/14;4.22;4.33;4.22;4.29;1529439;14005148.00
2011/11/15;4.28;4.38;4.28;4.35;1643120;15228220.00
2011/11/16;4.36;4.38;4.20;4.21;1787491;16371554.00
2011/11/17;4.21;4.33;4.21;4.25;1161948;10614008.00
2011/11/18;4.23;4.24;4.08;4.09;1092937;9685282.00
2011/11/21;4.09;4.22;4.08;4.22;1277822;11342998.00
2011/11/22;4.17;4.28;4.11;4.23;1329288;11967771.00
2011/11/23;4.23;4.37;4.17;4.34;3219485;29614050.00
2011/11/24;4.29;4.68;4.27;4.55;7752483;73367680.00
2011/11/25;4.45;4.58;4.38;4.46;5173554;49244396.00
2011/11/28;4.47;4.54;4.27;4.33;2928627;27566108.00
2011/11/29;4.33;4.40;4.28;4.38;2141096;19923026.00
2011/11/30;4.35;4.36;3.91;3.92;5165782;45191092.00
2011/12/01;3.99;4.05;3.89;3.91;3387438;28916954.00
2011/12/02;3.89;3.89;3.70;3.73;2091693;16881610.00
2011/12/05;3.72;3.72;3.56;3.57;1240504;9684402.00
2011/12/06;3.57;3.63;3.54;3.62;900586;7006637.50
2011/12/07;3.63;3.67;3.61;3.64;676315;5333695.50
2011/12/08;3.62;3.71;3.55;3.67;1040896;8217479.00
2011/12/09;3.62;3.68;3.58;3.59;565602;4431155.00
2011/12/12;3.59;3.63;3.51;3.51;523780;4050847.00
2011/12/13;3.49;3.50;3.27;3.28;899164;6542747.00
2011/12/14;3.30;3.32;3.22;3.23;471299;3366985.75
2011/12/15;3.24;3.24;3.14;3.14;784821;5459935.00
2011/12/16;3.15;3.25;3.11;3.25;877303;6096393.00
2011/12/19;3.24;3.24;3.05;3.21;980517;6768095.00
2011/12/20;3.15;3.27;3.15;3.22;750533;5278137.50
2011/12/21;3.24;3.26;3.13;3.13;676400;4734186.00
2011/12/23;3.08;3.17;3.02;3.14;596582;4070037.25
2011/12/26;3.10;3.17;3.10;3.12;426049;2928843.25
2011/12/27;3.12;3.12;2.99;3.00;785831;5241661.50
2011/12/28;2.99;2.99;2.90;2.95;586337;3785661.25
2011/12/29;2.95;3.01;2.93;2.95;541384;3543808.75
2011/12/30;3.00;3.02;2.96;3.00;457258;3008865.50
2012/01/04;3.04;3.06;2.90;2.94;532768;3503433.75
2012/01/05;2.93;2.95;2.80;2.93;712024;4493457.50
2012/01/06;2.89;2.91;2.81;2.91;602734;3825673.00
2012/01/09;2.87;3.13;2.85;3.10;1297996;8602221.00
2012/01/10;3.10;3.25;3.06;3.21;1373488;9498884.00
2012/01/11;3.20;3.24;3.13;3.18;1309327;9113964.00
2012/01/12;3.19;3.28;3.15;3.19;956158;6711167.00
2012/01/13;3.18;3.19;2.99;3.01;919737;6199754.00
2012/01/16;3.02;3.02;2.86;2.86;542870;3505176.25
2012/01/17;2.86;3.04;2.86;3.02;720635;4716045.50
2012/01/18;3.06;3.09;2.95;2.97;662350;4413584.50
2012/01/19;2.97;3.05;2.95;2.98;550140;3629232.00
2012/01/20;2.98;3.05;2.98;3.04;485310;3223260.00
2012/01/30;3.06;3.07;3.01;3.05;612753;4091175.25
2012/01/31;3.03;3.04;2.95;3.00;440841;2897712.00
2012/02/01;2.98;3.03;2.94;2.96;596152;3902092.25
2012/02/02;2.96;3.02;2.94;3.01;587682;3861186.25
2012/02/03;3.01;3.13;2.98;3.13;1280049;8641116.00
2012/02/06;3.12;3.25;3.12;3.16;1882082;13139468.00
2012/02/07;3.10;3.20;3.10;3.14;1309242;9036559.00
2012/02/08;3.14;3.22;3.11;3.22;1544768;10763285.00
2012/02/09;3.25;3.34;3.22;3.30;2252629;16174494.00
2012/02/10;3.28;3.34;3.27;3.30;1272950;9153956.00
2012/02/13;3.28;3.34;3.25;3.31;1041407;7494631.50
2012/02/14;3.28;3.34;3.27;3.34;839283;6030833.00
2012/02/15;3.34;3.43;3.29;3.41;1656354;12120510.00
2012/02/16;3.41;3.44;3.37;3.44;2205857;16345631.00
2012/02/17;3.44;3.50;3.37;3.50;2045140;15342642.00
2012/02/20;3.52;3.88;3.52;3.65;8272254;67036316.00
2012/02/21;3.59;3.62;3.52;3.62;4100060;31703070.00
2012/02/22;3.62;3.76;3.59;3.73;3799861;30370532.00
2012/02/23;3.73;3.74;3.63;3.70;2335524;18606166.00
2012/02/27;3.75;3.77;3.67;3.69;3351950;26870110.00
2012/02/28;3.70;3.70;3.55;3.58;2556412;19899660.00
2012/02/29;3.58;3.58;3.46;3.50;1941857;14801661.00
2012/03/01;3.49;3.58;3.48;3.54;1104647;8470370.00
2012/03/02;3.53;3.60;3.52;3.60;1737567;13408855.00
2012/03/05;3.60;3.63;3.58;3.59;1416928;11047451.00
2012/03/06;3.58;3.58;3.48;3.50;1544962;11756526.00
2012/03/07;3.50;3.55;3.43;3.50;1193137;9058562.00
2012/03/08;3.50;3.60;3.50;3.58;1190174;9189786.00
2012/03/09;3.59;3.76;3.57;3.74;3024969;23942580.00
2012/03/12;3.73;3.73;3.64;3.70;2420490;19247260.00
2012/03/13;3.72;3.97;3.66;3.88;7094275;58925908.00
2012/03/14;3.93;3.96;3.64;3.64;6034063;49692796.00
2012/03/15;3.63;3.71;3.45;3.51;2521311;19445242.00
2012/03/16;3.51;3.62;3.50;3.59;1475163;11407708.00
2012/03/19;3.60;3.64;3.52;3.63;1720887;13364015.00
2012/03/20;3.63;3.63;3.49;3.49;1548464;11874827.00
2012/03/21;3.50;3.54;3.35;3.44;2472691;18447538.00
2012/03/22;3.43;3.46;3.39;3.45;1060835;7896847.00
2012/03/23;3.45;3.46;3.36;3.40;924034;6846132.50
2012/03/26;3.38;3.44;3.38;3.43;552824;4096261.25
2012/03/27;3.44;3.46;3.41;3.42;609810;4555876.00
2012/03/28;3.42;3.42;3.19;3.24;1424899;10174682.00
2012/03/29;3.23;3.24;3.05;3.12;856092;5875101.50
2012/03/30;3.14;3.15;3.06;3.13;775578;5273655.50
2012/04/05;3.12;3.22;3.12;3.20;880653;6130935.50
2012/04/06;3.20;3.26;3.20;3.24;649410;4583234.00
2012/04/09;3.23;3.23;3.16;3.17;614621;4295188.00
2012/04/10;3.17;3.19;3.06;3.19;574167;3937483.25
2012/04/11;3.17;3.27;3.15;3.25;1113755;7843750.50
2012/04/12;3.26;3.45;3.25;3.40;1601858;11617042.00
2012/04/13;3.41;3.47;3.35;3.40;1707174;12630493.00
2012/04/16;3.36;3.47;3.32;3.43;1520460;11232314.00
2012/04/17;3.40;3.45;3.35;3.35;908670;6694625.00
2012/04/18;3.35;3.45;3.34;3.42;1163782;8606901.00
2012/04/19;3.45;3.48;3.42;3.46;1484815;11141850.00
2012/04/20;3.49;3.49;3.42;3.48;1290308;9702519.00
2012/04/24;3.27;3.37;3.20;3.30;1675890;12019593.00
2012/04/25;3.30;3.31;3.23;3.29;1183447;8448835.00
2012/04/26;3.30;3.40;3.27;3.35;1330177;9645586.00
2012/04/27;3.34;3.35;3.27;3.30;807437;5812537.50
2012/05/02;3.33;3.37;3.32;3.35;870302;6338966.00
2012/05/03;3.35;3.38;3.33;3.36;787798;5759914.00
2012/05/04;3.37;3.48;3.36;3.45;1506641;11233261.00
2012/05/07;3.43;3.52;3.43;3.52;1614463;12164760.00
2012/05/08;3.53;3.53;3.43;3.46;1337215;9958287.00
2012/05/09;3.44;3.44;3.33;3.35;1083809;7826747.00
2012/05/10;3.34;3.39;3.34;3.37;630686;4563010.00
2012/05/11;3.39;3.39;3.34;3.34;558509;4032887.75
2012/05/14;3.37;3.37;3.31;3.32;582602;4181660.25
2012/05/15;3.29;3.32;3.24;3.30;712471;5006224.50
2012/05/16;3.30;3.32;3.26;3.27;508396;3590799.25
2012/05/17;3.26;3.33;3.25;3.31;531885;3767713.50
2012/05/18;3.29;3.32;3.25;3.25;626291;4429223.50
2012/05/21;3.23;3.29;3.23;3.25;489217;3423844.50
2012/05/22;3.25;3.32;3.25;3.31;505339;3586730.00
2012/05/23;3.30;3.31;3.26;3.29;377844;2670435.00
2012/05/24;3.28;3.29;3.26;3.26;485624;3418477.50
2012/05/25;3.26;3.29;3.15;3.17;586763;4058711.25
2012/05/28;3.15;3.25;3.08;3.25;717651;4906227.00
2012/05/29;3.24;3.31;3.22;3.31;956036;6741327.50
2012/05/30;3.29;3.31;3.26;3.28;593251;4198068.00
2012/05/31;3.28;3.30;3.23;3.26;522343;3654541.50
2012/06/01;3.29;3.29;3.25;3.27;335004;2353970.25
2012/06/04;3.18;3.23;3.11;3.11;791633;5399441.00
2012/06/05;3.16;3.16;3.09;3.10;373804;2511615.00
2012/06/06;3.10;3.17;3.08;3.10;337638;2261237.75
2012/06/07;3.13;3.14;3.08;3.08;567100;3798965.00
2012/06/08;3.09;3.12;3.01;3.04;561320;3723075.75
2012/06/11;3.06;3.09;3.00;3.09;400775;2639437.00
2012/06/12;3.08;3.13;3.04;3.11;762882;5109950.00
2012/06/13;3.12;3.24;3.09;3.21;963237;6601316.00
2012/06/14;3.23;3.24;3.18;3.20;710387;4906854.50
2012/06/15;3.21;3.24;3.18;3.21;592619;4085782.00
2012/06/18;3.12;3.23;3.12;3.21;625717;4333789.00
2012/06/19;3.24;3.24;3.17;3.18;501675;3464579.75
2012/06/20;3.18;3.24;3.18;3.23;625332;4334808.00
2012/06/21;3.23;3.23;3.12;3.14;589670;4018210.75
2012/06/25;3.14;3.14;3.05;3.07;321301;2145027.00
2012/06/26;3.05;3.09;3.00;3.06;385064;2540643.25
2012/06/27;3.07;3.12;3.06;3.07;310076;2074430.25
2012/06/28;3.10;3.12;3.04;3.06;221221;1469488.50
2012/06/29;3.05;3.12;3.03;3.12;410331;2724808.75
2012/07/02;3.15;3.20;3.11;3.12;483958;3273423.50
2012/07/03;3.11;3.15;3.09;3.13;785465;5291922.00
2012/07/04;3.12;3.12;3.07;3.09;301876;2014812.75
2012/07/05;3.06;3.09;2.85;2.95;856091;5512877.00
2012/07/06;2.95;2.99;2.85;2.98;873973;5509964.50
2012/07/09;2.96;2.96;2.80;2.82;745650;4651488.50
2012/07/10;2.81;2.89;2.76;2.82;381599;2334958.00
2012/07/11;2.87;2.90;2.79;2.89;642698;3982719.50
2012/07/12;2.89;2.94;2.86;2.93;740983;4678748.00
2012/07/13;2.93;2.93;2.90;2.93;409949;2600242.75
2012/07/16;2.90;2.90;2.79;2.79;502400;3097389.50
2012/07/17;2.90;3.03;2.76;2.94;1784770;11283598.00
2012/07/18;2.91;2.96;2.85;2.94;772205;4873230.50
2012/07/19;2.90;2.97;2.90;2.93;777287;4955586.50
2012/07/20;2.93;2.97;2.88;2.89;274065;1730745.13
2012/07/23;2.89;2.89;2.81;2.84;241317;1489227.38
2012/07/24;2.82;2.89;2.82;2.86;351086;2179769.00
2012/07/25;2.89;2.89;2.83;2.84;196521;1215986.75
2012/07/26;2.86;2.88;2.83;2.85;330627;2046040.63
2012/07/27;2.80;2.86;2.76;2.83;218710;1346286.75
2012/07/30;2.85;2.85;2.71;2.80;474489;2879294.50
2012/07/31;2.80;2.80;2.69;2.70;341732;2030568.50
2012/08/01;2.69;2.75;2.69;2.73;355005;2108957.25
2012/08/02;2.74;2.74;2.63;2.67;324870;1901819.25
2012/08/03;2.65;2.90;2.63;2.79;1304033;7847730.50
2012/08/06;2.75;2.82;2.73;2.82;1004581;6093523.00
2012/08/07;2.84;2.91;2.82;2.90;1921667;11965784.00
2012/08/08;2.88;2.92;2.83;2.85;1047022;6523919.50
2012/08/09;2.87;2.89;2.81;2.86;1511598;9361608.00
2012/08/10;2.87;2.87;2.82;2.82;874190;5391751.00
2012/08/13;2.82;2.85;2.75;2.75;596100;3648407.75
2012/08/14;2.75;2.80;2.72;2.80;514685;3083976.75
2012/08/15;2.77;2.79;2.73;2.75;381248;2295143.25
2012/08/16;2.77;2.78;2.73;2.73;228343;1364973.25
2012/08/17;2.74;2.74;2.69;2.74;327693;1943685.13
2012/08/20;2.70;2.74;2.68;2.73;332594;1966537.50
2012/08/21;2.73;2.80;2.70;2.79;740150;4454956.00
2012/08/22;2.78;2.83;2.78;2.80;1108078;6787901.00
2012/08/23;2.79;2.86;2.79;2.85;1244640;7663202.00
2012/08/24;2.85;2.85;2.77;2.77;702690;4300590.50
2012/08/27;2.76;2.77;2.60;2.60;947839;5528120.50
2012/08/28;2.60;2.69;2.60;2.66;434549;2523802.50
2012/08/29;2.67;2.69;2.63;2.64;353949;2051228.63
2012/08/30;2.68;2.68;2.57;2.64;441198;2547093.00
2012/08/31;2.59;2.70;2.59;2.67;325594;1894921.00
2012/09/03;2.66;2.72;2.66;2.71;558766;3289987.00
2012/09/04;2.71;2.71;2.61;2.61;619452;3588997.25
2012/09/05;2.59;2.65;2.59;2.63;334400;1923109.50
2012/09/06;2.63;2.69;2.63;2.67;563600;3277960.25
2012/09/07;2.70;2.81;2.67;2.78;1561400;9406935.00
2012/09/10;2.79;2.85;2.76;2.82;967265;5906044.00
2012/09/11;2.81;2.82;2.78;2.80;711247;4330099.50
2012/09/12;2.80;2.82;2.79;2.81;639498;3906784.25
2012/09/13;2.82;2.82;2.78;2.78;688767;4195896.00
2012/09/14;2.80;2.81;2.75;2.77;572996;3464799.00
2012/09/17;2.78;2.78;2.70;2.70;606241;3607841.50
2012/09/18;2.67;2.73;2.66;2.68;268506;1580019.38
2012/09/19;2.71;2.72;2.67;2.72;301483;1777286.25
2012/09/20;2.72;3.01;2.72;3.01;11562136;75157392.00
2012/09/21;3.00;3.00;2.85;2.90;7213024;45600532.00
2012/09/24;2.85;2.91;2.74;2.85;4290668;26262486.00
2012/09/25;2.82;2.90;2.77;2.84;3187152;19718756.00
2012/09/26;2.83;2.85;2.55;2.60;4136691;24160792.00
2012/09/27;2.58;2.67;2.55;2.65;2557037;14654902.00
2012/09/28;2.60;2.69;2.60;2.66;1466286;8497400.00
2012/10/08;2.65;2.69;2.62;2.64;1086080;6290153.00
2012/10/09;2.64;2.72;2.64;2.71;1467312;8635989.00
2012/10/10;2.71;2.83;2.69;2.82;2745289;16666332.00
2012/10/11;2.81;2.81;2.72;2.73;1880221;11318986.00
2012/10/12;2.73;2.81;2.73;2.75;1379285;8312313.50
2012/10/15;2.75;2.78;2.64;2.68;984834;5777289.50
2012/10/16;2.68;2.74;2.67;2.68;693114;4089819.50
2012/10/17;2.72;2.73;2.65;2.72;823442;4845574.00
2012/10/18;2.73;2.80;2.71;2.78;1389964;8361154.00
2012/10/19;2.76;2.79;2.76;2.76;1098422;6632594.50
2012/10/22;2.75;2.77;2.70;2.77;684477;4083175.50
2012/10/23;2.78;2.78;2.75;2.76;865401;5209400.00
2012/10/24;2.76;2.76;2.72;2.74;748962;4479561.00
2012/10/25;2.74;2.77;2.68;2.69;854469;5072463.50
2012/10/26;2.66;2.70;2.61;2.63;673810;3889920.25
2012/10/29;2.60;2.65;2.60;2.62;790987;4540463.00
2012/10/30;2.64;2.65;2.62;2.64;481068;2770762.25
2012/10/31;2.63;2.66;2.59;2.62;401431;2298857.50
2012/11/01;2.63;2.70;2.63;2.68;846973;4946348.50
2012/11/02;2.70;2.73;2.68;2.69;874201;5162190.50
2012/11/05;2.71;2.71;2.66;2.69;631575;3694442.25
2012/11/06;2.68;2.70;2.64;2.66;538978;3138033.75
2012/11/07;2.69;2.70;2.66;2.69;530809;3109936.50
2012/11/08;2.68;2.68;2.60;2.60;738080;4266713.50
2012/11/09;2.61;2.63;2.60;2.62;364798;2090092.38
2012/11/12;2.61;2.65;2.59;2.64;306638;1767040.63
2012/11/13;2.67;2.67;2.58;2.58;508038;2896293.25
2012/11/14;2.55;2.62;2.55;2.59;331199;1871497.38
2012/11/15;2.60;2.60;2.51;2.53;283401;1590770.25
2012/11/16;2.53;2.57;2.50;2.53;313311;1736637.63
2012/11/19;2.55;2.56;2.50;2.54;264879;1468999.63
2012/11/20;2.54;2.57;2.51;2.52;234743;1309298.38
2012/11/21;2.54;2.57;2.49;2.56;304572;1691151.75
2012/11/22;2.56;2.56;2.52;2.52;226289;1257452.88
2012/11/23;2.51;2.55;2.50;2.52;243650;1351879.50
2012/11/26;2.54;2.54;2.50;2.50;206000;1136197.00
2012/11/27;2.52;2.52;2.37;2.38;586701;3114651.75
2012/11/28;2.37;2.39;2.25;2.30;483579;2475772.00
2012/11/29;2.30;2.32;2.26;2.27;298790;1518307.00
2012/11/30;2.26;2.30;2.26;2.29;400991;2034293.75
2012/12/03;2.28;2.34;2.25;2.26;438849;2227044.50
2012/12/04;2.27;2.34;2.26;2.34;484413;2471030.75
2012/12/05;2.34;2.53;2.31;2.43;1069772;5757872.00
2012/12/06;2.42;2.44;2.38;2.40;533046;2830303.00
2012/12/07;2.35;2.46;2.35;2.45;604993;3236323.00
2012/12/10;2.45;2.49;2.42;2.47;822480;4436818.00
2012/12/11;2.45;2.46;2.43;2.44;630819;3396002.00
2012/12/12;2.43;2.46;2.42;2.43;445189;2382517.75
2012/12/13;2.45;2.45;2.40;2.42;357559;1909938.63
2012/12/14;2.42;2.52;2.38;2.50;1036623;5667574.50
2012/12/17;2.52;2.52;2.48;2.50;1067603;5872003.50
2012/12/18;2.50;2.54;2.48;2.49;1122100;6179598.00
2012/12/19;2.50;2.53;2.48;2.52;1302109;7176508.50
2012/12/20;2.50;2.51;2.45;2.48;1056352;5741323.00
2012/12/21;2.46;2.51;2.45;2.47;871200;4741335.00
2012/12/24;2.46;2.52;2.45;2.49;1616734;8843964.00
2012/12/25;2.49;2.56;2.46;2.53;2565597;14220079.00
2012/12/26;2.54;2.59;2.52;2.59;2680957;15024459.00
2012/12/27;2.60;2.63;2.55;2.55;2672374;15158460.00
2012/12/28;2.56;2.60;2.54;2.60;1591256;8963857.00
2012/12/31;2.60;2.61;2.58;2.61;1595631;9082091.00
2013/01/04;2.63;2.63;2.54;2.58;2100937;11845713.00
2013/01/07;2.57;2.59;2.54;2.58;1239936;6980939.00
2013/01/08;2.58;2.65;2.56;2.65;2917711;16660651.00
2013/01/09;2.64;2.68;2.60;2.63;2421338;13938952.00
2013/01/10;2.62;2.66;2.62;2.65;1566947;9048186.00
2013/01/11;2.65;2.67;2.57;2.58;1643800;9427096.00
2013/01/14;2.55;2.67;2.55;2.65;2447073;14064042.00
2013/01/15;2.65;2.74;2.64;2.72;2898633;17065748.00
2013/01/16;2.72;2.73;2.65;2.71;2230281;13121454.00
2013/01/17;2.68;2.72;2.66;2.69;1633804;9580375.00
2013/01/18;2.69;2.72;2.67;2.71;2092810;12326865.00
2013/01/21;2.71;2.74;2.69;2.74;2022956;12017194.00
2013/01/22;2.75;2.80;2.70;2.73;2827838;16978970.00
2013/01/23;2.71;2.74;2.65;2.72;1734629;10218179.00
2013/01/24;2.72;2.74;2.60;2.61;1951857;11398619.00
2013/01/25;2.63;2.66;2.61;2.62;830157;4777069.00
2013/01/28;2.62;2.70;2.61;2.70;1260921;7363041.50
2013/01/29;2.69;2.78;2.69;2.74;1816858;10873190.00
2013/01/30;2.75;2.78;2.71;2.75;1523339;9098279.00
2013/01/31;2.77;2.78;2.72;2.76;1179935;7051894.50
2013/02/01;2.76;2.80;2.71;2.77;2077419;12503619.00
2013/02/04;2.79;2.83;2.75;2.76;1668371;10091037.00
2013/02/05;2.75;2.75;2.67;2.74;1321460;7815980.00
2013/02/06;2.74;2.76;2.72;2.75;902342;5391115.50
2013/02/07;2.76;2.76;2.71;2.75;872814;5205585.50
2013/02/08;2.75;2.79;2.74;2.77;1367076;8254779.00
2013/02/18;2.78;2.81;2.77;2.81;1576846;9579263.00
2013/02/19;2.82;2.82;2.75;2.77;1505347;9103794.00
2013/02/20;2.77;2.82;2.76;2.81;1170675;7117073.00
2013/02/21;2.81;2.81;2.72;2.73;1615033;9713512.00
2013/02/22;2.75;2.78;2.73;2.78;1409464;8465389.00
2013/02/25;2.77;2.80;2.74;2.77;1155265;6958383.50
2013/02/26;2.75;2.77;2.68;2.68;1516045;9010356.00
2013/02/27;2.69;2.74;2.68;2.74;1301546;7705949.50
2013/02/28;2.75;2.79;2.73;2.79;1248432;7521645.00
2013/03/01;2.79;2.89;2.79;2.87;4087969;25383508.00
2013/03/04;2.87;2.88;2.75;2.81;2795032;17124350.00
2013/03/05;2.80;2.85;2.78;2.84;1385332;8523825.00
2013/03/06;2.85;2.89;2.83;2.88;1781196;11103037.00
2013/03/07;2.88;2.96;2.85;2.88;3544114;22442160.00
2013/03/08;2.89;2.90;2.83;2.84;1296813;8065205.00
2013/03/11;2.84;2.87;2.81;2.84;845810;5228518.50
2013/03/12;2.86;2.95;2.75;2.83;1827427;11218977.00
2013/03/13;2.79;2.80;2.71;2.74;1426516;8549133.00
2013/03/14;2.72;2.75;2.70;2.74;751489;4468112.00
2013/03/15;2.74;2.77;2.71;2.73;1115082;6665865.50
2013/03/18;2.71;2.74;2.70;2.71;732708;4339727.50
2013/03/19;2.71;2.73;2.67;2.71;800617;4704421.50
2013/03/20;2.71;2.77;2.69;2.77;1112695;6662716.00
2013/03/21;2.76;2.87;2.76;2.81;1690955;10312038.00
2013/03/22;2.79;2.82;2.77;2.80;1336068;8131903.00
2013/03/25;2.81;2.83;2.80;2.82;897539;5491283.00
2013/03/26;2.80;2.80;2.76;2.80;953945;5773106.00
2013/03/27;3.00;3.10;3.00;3.10;6056703;40505148.00
2013/03/28;3.23;3.44;3.13;3.44;23638893;167264384.00
2013/03/29;3.28;3.65;3.27;3.43;17555810;128983928.00
2013/04/01;3.41;3.44;3.28;3.29;10702288;76672984.00
2013/04/02;3.26;3.36;3.18;3.35;11682693;81942568.00
2013/04/03;3.28;3.32;3.18;3.23;6948936;48373496.00
2013/04/08;3.19;3.19;3.07;3.19;5988631;40461988.00
2013/04/09;3.17;3.27;3.17;3.23;5742219;39786836.00
2013/04/10;3.20;3.34;3.20;3.23;7851367;55246008.00
2013/04/11;3.25;3.26;3.11;3.20;5106455;34996952.00
2013/04/12;3.18;3.23;3.10;3.15;3530641;23939714.00
2013/04/15;3.14;3.25;3.09;3.23;4822361;33165712.00
2013/04/16;3.19;3.22;3.11;3.20;3706440;25336838.00
2013/04/17;3.20;3.31;3.18;3.30;5340312;37319768.00
2013/04/18;3.28;3.31;3.23;3.25;4432603;31143892.00
2013/04/19;3.24;3.33;3.24;3.32;6537936;46268840.00
2013/04/22;3.29;3.36;3.27;3.34;5504412;39180064.00
2013/04/23;3.34;3.57;3.32;3.37;11323469;83150464.00
2013/04/24;3.31;3.44;3.26;3.40;7285039;52636224.00
2013/04/25;3.37;3.60;3.36;3.55;9570273;71953152.00
2013/04/26;3.58;3.59;3.43;3.53;6754363;50763328.00
2013/05/02;3.51;3.51;3.30;3.40;5054152;36883880.00
2013/05/03;3.42;3.57;3.41;3.48;5222861;39238408.00
2013/05/06;3.48;3.75;3.44;3.73;10039678;78406496.00
2013/05/07;3.71;3.88;3.68;3.72;8921820;71883872.00
2013/05/08;3.72;3.90;3.61;3.85;8087166;64883116.00
2013/05/09;3.80;3.98;3.78;3.93;7165890;59502596.00
2013/05/10;3.93;4.02;3.79;3.88;6686386;55076924.00
2013/05/13;3.89;3.90;3.77;3.86;4054011;33114180.00
2013/05/14;3.83;3.87;3.77;3.87;3481399;28286360.00
2013/05/15;3.84;4.02;3.84;4.00;5139564;42867072.00
2013/05/16;3.98;4.15;3.92;4.02;5682092;48750328.00
2013/05/17;4.00;4.10;3.95;4.07;3798857;32450558.00
2013/05/20;4.08;4.19;4.03;4.11;3499820;30661444.00
2013/05/21;4.12;4.23;3.98;4.23;5629330;48930456.00
2013/05/22;4.21;4.24;4.12;4.18;3786342;33084342.00
2013/05/23;4.17;4.23;4.06;4.06;3078387;26629020.00
2013/05/24;4.07;4.19;3.96;4.10;3746142;31869878.00
2013/05/27;4.10;4.14;4.03;4.14;2933337;25121366.00
2013/05/28;4.14;4.16;4.00;4.12;3063103;26137762.00
2013/05/29;4.10;4.13;4.03;4.11;2835903;24282106.00
2013/05/30;4.09;4.14;4.04;4.14;2925714;25107922.00
2013/05/31;4.13;4.24;4.09;4.15;3291900;28735720.00
2013/06/03;4.21;4.55;4.21;4.52;8502470;78567920.00
2013/06/04;4.50;4.55;4.35;4.49;6553837;60924784.00
2013/06/05;4.47;4.49;4.20;4.45;5450984;49492496.00
2013/06/06;4.42;4.42;4.26;4.34;3435105;31071988.00
2013/06/07;4.35;4.37;4.02;4.03;5261176;45429188.00
2013/06/13;3.94;3.96;3.67;3.94;3917440;31461646.00
2013/06/14;3.93;4.03;3.88;3.97;2494662;20651868.00
2013/06/17;3.94;3.97;3.81;3.83;2934685;23923420.00
2013/06/18;3.83;3.89;3.78;3.84;1939278;15636734.00
2013/06/19;3.84;3.88;3.74;3.86;2173533;17423860.00
2013/06/20;3.87;3.88;3.70;3.70;1832235;14605865.00
2013/06/21;3.67;3.67;3.45;3.56;2044634;15417894.00
2013/06/24;3.59;3.60;3.33;3.48;2409374;17730248.00
2013/06/25;3.44;3.50;3.23;3.48;2162185;15483365.00
2013/06/26;3.47;3.59;3.45;3.59;2217859;16527395.00
2013/06/27;3.59;3.68;3.41;3.41;2321431;17451548.00
2013/06/28;3.43;3.59;3.38;3.55;2103524;15535204.00
2013/07/01;3.55;3.65;3.52;3.65;2275994;17334534.00
2013/07/02;3.66;3.77;3.65;3.75;2523456;19793768.00
2013/07/03;3.74;3.74;3.62;3.72;1775256;13754874.00
2013/07/04;3.70;3.88;3.68;3.84;2398608;19193096.00
2013/07/05;3.81;3.86;3.77;3.79;1904949;15261258.00
2013/07/08;3.72;3.72;3.53;3.55;2532828;19203744.00
2013/07/09;3.51;3.57;3.45;3.53;1262085;9358049.00
2013/07/10;3.48;3.63;3.48;3.63;1477971;11068407.00
2013/07/11;3.62;3.77;3.58;3.72;2470512;19141844.00
2013/07/12;3.69;3.79;3.64;3.71;2168544;17015872.00
2013/07/15;3.70;3.76;3.68;3.76;2463645;19341882.00
2013/07/16;3.75;3.82;3.70;3.80;2259614;17854148.00
2013/07/17;3.80;3.83;3.65;3.71;1875223;14764157.00
2013/07/18;3.63;3.70;3.56;3.64;2121355;16169656.00
2013/07/19;3.71;3.90;3.70;3.74;5410075;43238096.00
2013/07/22;3.74;3.93;3.66;3.93;4513037;36363360.00
2013/07/23;3.90;4.00;3.90;3.99;4434660;36827868.00
2013/07/24;3.97;4.02;3.90;3.95;2985778;24776216.00
2013/07/25;3.95;3.99;3.81;3.85;2349010;19160768.00
2013/07/26;3.85;3.88;3.76;3.84;1906696;15290470.00
2013/07/29;3.84;3.84;3.66;3.68;1811449;14138261.00
2013/07/30;3.67;3.71;3.54;3.59;1865136;14192712.00
2013/07/31;3.58;3.66;3.56;3.60;1280475;9740741.00
2013/08/01;3.60;3.72;3.59;3.71;1874380;14450966.00
2013/08/02;3.71;3.73;3.66;3.66;2123196;16539570.00
2013/08/05;3.65;3.76;3.65;3.76;2142122;16754352.00
2013/08/06;3.78;3.86;3.74;3.84;2950805;23606962.00
2013/08/07;3.90;4.01;3.89;3.92;4571070;37906032.00
2013/08/08;3.89;3.92;3.82;3.84;2712037;22023306.00
2013/08/09;3.84;3.88;3.79;3.86;2077223;16778258.00
2013/08/12;3.86;3.91;3.85;3.90;3161368;25769858.00
2013/08/13;3.89;3.90;3.83;3.88;2638696;21404794.00
2013/08/14;3.88;3.96;3.81;3.83;3153963;25721190.00
2013/08/15;3.81;3.88;3.75;3.76;2439091;19593382.00
2013/08/16;3.75;3.79;3.61;3.62;2906269;22572056.00
2013/08/19;3.62;3.71;3.57;3.70;1317752;10138287.00
2013/08/20;3.70;3.74;3.64;3.70;1496538;11634019.00
2013/08/21;3.68;3.73;3.46;3.70;1700596;13161147.00
2013/08/22;3.70;3.77;3.68;3.72;1838872;14447358.00
2013/08/23;3.76;3.81;3.68;3.77;2763024;21904672.00
2013/08/26;3.78;3.94;3.76;3.93;4189195;34054740.00
2013/08/27;3.93;3.99;3.91;3.91;4289764;35561976.00
2013/08/28;3.90;3.91;3.83;3.83;2920421;23718728.00
2013/08/29;3.82;3.98;3.82;3.98;3968801;32735844.00
2013/08/30;3.97;4.01;3.84;3.85;3276535;27061668.00
2013/09/02;3.87;3.95;3.82;3.95;2528021;20597966.00
2013/09/03;3.95;3.99;3.92;3.94;2759096;22845050.00
2013/09/04;3.97;3.97;3.83;3.86;3006034;24485542.00
2013/09/05;3.89;3.89;3.84;3.86;1811173;14695671.00
2013/09/06;3.86;3.92;3.85;3.90;2230487;18232780.00
2013/09/09;3.94;3.94;3.86;3.89;2359139;19312414.00
2013/09/10;3.90;3.95;3.87;3.94;3465076;28439582.00
2013/09/11;3.94;4.33;3.93;4.13;7833928;67370024.00
2013/09/12;4.12;4.14;4.01;4.11;4060555;34692536.00
2013/09/13;4.09;4.10;3.98;4.04;2497974;21197168.00
2013/09/16;4.04;4.12;4.00;4.02;2105949;17915918.00
2013/09/17;4.00;4.05;3.85;3.85;2668398;22004372.00
2013/09/18;3.83;3.91;3.83;3.89;1256418;10246864.00
2013/09/23;3.91;3.95;3.88;3.95;2299923;18943464.00
2013/09/24;3.95;3.99;3.89;3.91;1972614;16298286.00
2013/09/25;3.89;3.94;3.87;3.94;1676374;13769202.00
2013/09/26;3.94;4.00;3.87;3.88;2145065;17747896.00
2013/09/27;3.87;3.91;3.85;3.87;1177684;9594714.00
2013/09/30;3.94;3.94;3.88;3.90;864652;7079832.00
2013/10/08;3.90;3.99;3.88;3.99;1935091;16079928.00
2013/10/09;4.00;4.00;3.95;3.99;1804264;15042079.00
2013/10/10;4.00;4.00;3.92;3.93;2008251;16685365.00
2013/10/11;3.94;4.12;3.93;4.10;5617050;47879320.00
2013/10/14;4.12;4.20;4.04;4.18;4384299;38035212.00
2013/10/15;4.17;4.17;4.07;4.13;2433341;20977610.00
2013/10/16;4.12;4.12;3.93;3.95;2701276;22690984.00
2013/10/17;3.98;4.09;3.98;4.03;2355033;19912400.00
2013/10/18;4.02;4.13;4.00;4.09;1709690;14624922.00
2013/10/21;4.09;4.24;4.08;4.18;3240231;28251350.00
2013/10/22;4.19;4.29;4.14;4.17;3338554;29400172.00
2013/10/23;4.20;4.31;4.07;4.09;3466018;30448952.00
2013/10/24;4.04;4.19;4.03;4.17;2217836;19172700.00
2013/10/25;4.13;4.17;3.91;3.95;3987604;33450760.00
2013/10/28;3.98;3.98;3.86;3.91;1624864;13339997.00
2013/10/29;3.94;3.95;3.61;3.74;2513414;19951770.00
2013/10/30;3.74;3.77;3.65;3.77;1589829;12453105.00
2013/10/31;3.78;3.80;3.72;3.79;1441830;11403504.00
2013/11/01;3.79;3.89;3.78;3.85;1248121;10076460.00
2013/11/04;3.84;3.88;3.80;3.83;774818;6237489.00
2013/11/05;3.83;3.83;3.73;3.81;1288703;10261242.00
2013/11/06;3.81;3.84;3.75;3.75;1603281;12751535.00
2013/11/07;3.74;3.77;3.65;3.66;905190;7061916.00
2013/11/08;3.62;3.71;3.62;3.69;735263;5672228.00
2013/11/11;3.68;3.77;3.64;3.76;927370;7279398.00
2013/11/12;3.76;3.80;3.73;3.78;616672;4897570.50
2013/11/13;3.78;3.78;3.72;3.72;741243;5857800.00
2013/11/14;3.72;3.87;3.72;3.82;985612;7896095.50
2013/11/15;3.86;3.91;3.80;3.88;1269908;10351750.00
2013/11/18;3.94;3.97;3.88;3.95;2398929;19787924.00
2013/11/19;3.96;4.04;3.94;3.96;1499005;12526226.00
2013/11/20;3.93;3.97;3.90;3.95;1238806;10245854.00
2013/11/21;3.95;3.99;3.90;3.97;1804302;14992318.00
2013/11/22;3.95;3.99;3.92;3.92;949501;7856681.50
2013/11/25;3.94;3.96;3.91;3.94;1041975;8624413.00
2013/11/26;3.94;4.00;3.93;4.00;1109555;9265873.00
2013/11/27;4.02;4.08;4.00;4.00;1260209;10641628.00
2013/11/28;4.00;4.08;3.98;4.03;1974292;16714202.00
2013/11/29;4.01;4.11;4.01;4.07;1533097;13088462.00
2013/12/02;3.96;3.98;3.74;3.78;2883040;23452614.00
2013/12/03;3.76;3.87;3.76;3.85;1226997;9854658.00
2013/12/04;3.85;4.01;3.85;3.99;1882471;15657947.00
2013/12/05;4.05;4.08;3.98;4.04;1815795;15378232.00
2013/12/06;4.05;4.19;4.05;4.10;3196971;27674888.00
2013/12/09;4.01;4.30;3.93;4.15;12571015;106707312.00
2013/12/10;4.10;4.18;4.01;4.16;5997878;51553148.00
2013/12/11;4.13;4.18;4.08;4.10;3078061;26570644.00
2013/12/12;4.08;4.30;4.03;4.27;6413603;56200736.00
2013/12/13;4.27;4.45;4.22;4.38;6307682;57478060.00
2013/12/16;4.38;4.38;4.22;4.22;3911531;35212624.00
2013/12/17;4.22;4.25;4.09;4.11;3088684;26791768.00
2013/12/18;4.11;4.18;4.10;4.14;1382051;11982575.00
2013/12/19;4.17;4.19;4.03;4.03;1729266;14844797.00
2013/12/20;4.02;4.06;3.98;3.99;1106219;9334034.00
2013/12/23;3.97;4.03;3.86;3.97;1591897;13163822.00
2013/12/24;3.96;4.06;3.95;4.06;1496503;12667522.00
2013/12/25;4.09;4.14;4.03;4.14;1221534;10491644.00
2013/12/26;4.11;4.18;4.03;4.03;1276192;10930219.00
2013/12/27;4.01;4.13;4.00;4.11;1896519;16203555.00
2013/12/30;4.12;4.25;4.11;4.21;2562089;22450302.00
2013/12/31;4.16;4.23;4.14;4.20;1605347;14062855.00
2014/01/02;4.20;4.34;4.16;4.33;3228828;28938218.00
2014/01/03;4.30;4.33;4.26;4.29;2070351;18584672.00
2014/01/06;4.26;4.43;4.17;4.28;5284068;47671164.00
2014/01/07;4.23;4.48;4.18;4.47;5379251;49435220.00
2014/01/08;4.49;4.53;4.39;4.46;4589464;42747396.00
2014/01/09;4.45;4.45;4.10;4.15;3981417;35827016.00
2014/01/10;4.17;4.20;3.97;4.00;2930109;25076662.00
2014/01/13;4.00;4.10;3.92;4.02;3328591;27980788.00
2014/01/14;4.02;4.08;3.98;4.08;2440786;20730106.00
2014/01/15;4.08;4.14;4.01;4.11;2170618;18553730.00
2014/01/16;4.12;4.17;4.06;4.10;1625728;14026984.00
2014/01/17;4.09;4.11;4.01;4.03;1548925;13157753.00
2014/01/20;4.03;4.08;4.00;4.05;988830;8379105.00
2014/01/21;4.08;4.17;4.05;4.17;1485650;12890320.00
2014/01/22;4.18;4.27;4.17;4.22;2061644;18266210.00
2014/01/23;4.23;4.34;4.22;4.30;2152854;19329338.00
2014/01/24;4.29;4.43;4.29;4.33;3147427;28748694.00
2014/01/27;4.31;4.49;4.27;4.37;3339203;30815992.00
2014/01/28;4.37;4.41;4.24;4.31;2557598;23051732.00
2014/01/29;4.31;4.47;4.31;4.47;2547711;23558444.00
2014/01/30;4.46;4.47;4.37;4.38;1685261;15554432.00
2014/02/07;4.40;4.77;4.31;4.73;7180347;69551072.00
2014/02/10;4.76;5.08;4.76;4.93;8943718;92309328.00
2014/02/11;4.96;4.98;4.84;4.93;5004795;51027864.00
2014/02/12;4.95;5.29;4.89;5.08;6793150;72510072.00
2014/02/13;5.07;5.19;5.00;5.05;4313392;45696160.00
2014/02/14;5.05;5.09;4.81;5.04;4901133;50354400.00
2014/02/17;5.04;5.26;4.95;5.23;4966627;52730448.00
2014/02/18;5.23;5.74;5.14;5.48;8748329;99157472.00
2014/02/19;5.48;5.60;5.34;5.44;4124040;46523060.00
2014/02/20;5.43;5.52;5.12;5.15;5179152;56263200.00
2014/02/21;5.14;5.24;4.93;4.95;4337935;45613432.00
2014/02/24;4.94;5.47;4.91;5.47;7464491;82024344.00
2014/02/25;5.63;5.73;5.09;5.16;8997502;101231552.00
2014/02/26;5.06;5.44;4.99;5.44;7192364;78316080.00
2014/02/27;5.40;5.57;5.33;5.37;7212899;81233928.00
2014/02/28;5.37;5.37;5.02;5.23;4672961;50122088.00
2014/03/03;5.24;5.53;5.14;5.38;5651635;62879468.00
2014/03/04;5.32;5.36;5.15;5.25;3995913;43526124.00
2014/03/05;5.26;5.51;5.26;5.42;4833518;53867956.00
2014/03/06;5.38;5.66;5.26;5.65;7340997;83619208.00
2014/03/07;5.63;5.94;5.59;5.81;9685885;116627672.00
2014/03/10;5.79;6.06;5.56;5.63;7999946;96435528.00
2014/03/11;5.60;5.71;5.34;5.44;4519087;51449492.00
2014/03/12;5.37;5.44;4.88;5.04;6116616;65155528.00
2014/03/13;5.04;5.12;4.90;5.00;4388131;45495936.00
2014/03/14;4.98;5.02;4.87;4.96;2271558;23312904.00
2014/03/17;4.96;5.13;4.93;5.12;3231135;34002084.00
2014/03/18;5.12;5.29;5.08;5.20;3404909;36654496.00
2014/03/19;5.16;5.16;5.00;5.09;2511970;26429574.00
2014/03/20;5.06;5.13;4.85;4.85;2847511;29478424.00
2014/03/21;4.83;4.93;4.75;4.92;3397298;34383152.00
2014/03/24;4.95;4.97;4.88;4.92;2556447;26139052.00
2014/03/25;4.89;4.91;4.84;4.89;2101775;21274066.00
2014/03/26;4.89;4.89;4.76;4.79;3672628;36705044.00
2014/03/27;4.78;4.92;4.78;4.85;2800403;28237966.00
2014/03/28;4.84;4.87;4.56;4.63;2685938;26270724.00
2014/04/08;4.76;4.90;4.72;4.82;3791961;37746580.00
2014/04/09;4.82;4.91;4.79;4.91;2236998;22524380.00
2014/04/10;4.91;4.99;4.88;4.93;2455254;25246482.00
2014/04/11;4.92;4.92;4.83;4.88;1694223;17167294.00
2014/04/14;4.88;4.94;4.83;4.94;1653794;16820388.00
2014/04/15;4.94;4.94;4.83;4.84;1815095;18349810.00
2014/04/16;4.80;4.85;4.74;4.75;2103897;20986934.00
2014/04/17;4.74;4.79;4.67;4.72;1672144;16435859.00
2014/04/18;4.65;4.75;4.65;4.75;1066208;10467645.00
2014/04/21;4.69;4.76;4.66;4.70;1184261;11627077.00
2014/04/22;4.70;4.75;4.65;4.75;1298232;12699756.00
2014/04/23;4.75;4.86;4.70;4.85;2228247;22345018.00
2014/04/24;4.85;4.92;4.79;4.83;2048207;20671094.00
2014/04/25;4.83;4.83;4.64;4.64;1721880;16873872.00
2014/04/28;4.56;4.63;4.42;4.44;1407700;13206274.00
2014/04/29;4.44;4.51;4.40;4.48;962353;8977311.00
2014/04/30;4.53;4.64;4.46;4.56;1145068;10894588.00
2014/05/05;4.54;4.63;4.52;4.62;653062;6256770.00
2014/05/06;4.64;4.67;4.58;4.60;921371;8904833.00
2014/05/07;4.58;4.63;4.48;4.49;844198;8009539.00
2014/05/08;4.45;4.55;4.44;4.48;1240655;11618054.00
2014/05/09;4.50;4.55;4.41;4.55;1045232;9781448.00
2014/05/12;4.60;4.66;4.54;4.65;1553496;14904656.00
2014/05/13;4.65;4.69;4.60;4.61;1074624;10383342.00
2014/05/14;4.62;4.67;4.59;4.66;1040529;10063475.00
2014/05/15;4.65;4.66;4.53;4.55;819092;7833303.00
2014/05/16;4.58;4.58;4.35;4.52;1435316;13242617.00
2014/05/19;4.50;4.51;4.39;4.45;797845;7303790.50
2014/05/20;4.48;4.51;4.40;4.45;779538;7186756.50
2014/05/21;4.40;4.49;4.39;4.49;568225;5239425.00
2014/05/22;4.49;4.55;4.45;4.49;834351;7763836.00
2014/05/23;4.47;4.52;4.45;4.52;842998;7808688.50
2014/05/26;4.54;4.63;4.53;4.62;1430094;13565102.00
2014/05/27;4.62;4.62;4.56;4.57;900882;8514034.00
2014/05/28;4.57;4.63;4.53;4.62;1193719;11308752.00
2014/05/29;4.63;4.66;4.53;4.58;1026537;9719754.00
2014/05/30;4.59;4.62;4.53;4.59;563444;5319536.50
2014/06/03;4.59;4.62;4.55;4.55;534271;5052455.50
2014/06/04;4.54;4.54;4.46;4.47;767947;7113359.00
2014/06/05;4.49;4.56;4.45;4.55;562202;5233588.50
2014/06/06;4.54;4.59;4.48;4.51;636978;5959345.50
2014/06/09;4.48;4.55;4.46;4.49;730945;6792730.50
2014/06/10;4.50;4.62;4.47;4.62;1020352;9609836.00
2014/06/11;4.62;4.65;4.59;4.62;1031557;9832173.00
2014/06/12;4.62;4.64;4.58;4.61;600887;5716877.50
2014/06/13;4.61;4.71;4.59;4.69;1318365;12712035.00
2014/06/16;4.71;4.72;4.67;4.69;799890;7738843.50
2014/06/17;4.67;4.67;4.57;4.60;1350966;12850012.00
2014/06/18;4.58;4.59;4.51;4.56;799846;7513596.50
2014/06/19;4.57;4.63;4.43;4.44;1110388;10411630.00
2014/06/20;4.46;4.55;4.42;4.54;781338;7214735.00
2014/06/23;4.49;4.56;4.46;4.51;630366;5882002.50
2014/06/24;4.54;4.96;4.49;4.95;4361736;42550512.00
2014/06/25;4.93;4.93;4.79;4.87;3035109;30329198.00
2014/06/26;4.88;5.02;4.83;4.93;3302373;33632440.00
2014/06/27;4.93;4.98;4.89;4.95;2175625;22185976.00
2014/06/30;5.01;5.18;4.95;4.99;5557609;58124932.00
2014/07/01;5.03;5.03;4.91;4.95;2628535;26809296.00
2014/07/02;4.93;5.04;4.89;5.03;3284799;33747528.00
2014/07/03;5.01;5.07;4.98;5.00;1692054;17488304.00
2014/07/04;5.00;5.02;4.93;4.96;1873016;19123750.00
2014/07/07;4.93;5.01;4.93;4.97;1656507;16933870.00
2014/07/08;4.94;4.99;4.91;4.96;1763750;17966418.00
2014/07/09;4.94;5.40;4.94;5.10;6646119;71067848.00
2014/07/10;5.13;5.32;5.05;5.19;3687467;39446532.00
2014/07/11;5.20;5.27;5.14;5.26;2498637;26820510.00
2014/07/14;5.29;5.63;5.29;5.49;4957432;55914060.00
2014/07/15;5.48;5.55;5.34;5.42;2769410;30859028.00
2014/07/16;5.40;5.43;5.19;5.26;2358798;25702088.00
2014/07/17;5.27;5.34;5.20;5.29;1230167;13360213.00
2014/07/18;5.30;5.50;5.26;5.45;2721547;30298920.00
2014/07/21;5.45;5.48;5.31;5.36;1592568;17553224.00
2014/07/22;5.35;5.40;5.26;5.32;2809015;30743650.00
2014/07/23;5.29;5.31;5.08;5.09;3943964;41858916.00
2014/07/24;5.08;5.14;4.97;5.05;1664128;17300224.00
2014/07/25;5.06;5.15;5.05;5.14;1169014;12297343.00
2014/07/28;5.14;5.23;5.09;5.21;2953730;31582060.00
2014/07/29;5.21;5.33;5.17;5.28;1915245;20743062.00
2014/07/30;5.72;5.82;5.70;5.82;3419711;40745840.00
2014/07/31;6.35;6.42;6.25;6.42;6471828;84352712.00
2014/08/01;7.00;7.07;6.77;7.07;35850446;509050944.00
2014/08/04;6.86;7.10;6.80;7.01;18344231;259342864.00
2014/08/05;6.91;7.58;6.88;7.31;23504804;348872736.00
2014/08/06;7.19;7.26;7.08;7.23;12689388;185487280.00
2014/08/07;7.23;7.44;6.93;6.93;10870854;159185168.00
2014/08/08;6.93;7.04;6.73;7.01;11141499;156587840.00
2014/08/11;6.93;7.40;6.86;7.23;15937500;232786656.00
2014/08/12;7.31;7.97;7.19;7.97;19014339;292067104.00
2014/08/13;8.25;8.75;8.10;8.60;26141955;447444576.00
2014/08/14;8.47;8.94;8.36;8.44;19535278;341522368.00
2014/08/15;8.35;8.59;8.17;8.55;15898022;270895840.00
2014/08/18;8.51;8.84;8.30;8.78;16296953;285800640.00
2014/08/19;8.76;8.80;8.20;8.20;15277820;260811088.00
2014/08/20;8.21;8.35;8.12;8.23;8360515;139990720.00
2014/08/21;8.17;8.18;7.85;7.95;9241725;150356096.00
2014/08/22;7.90;8.04;7.76;8.02;7101006;114185416.00
2014/08/25;7.97;7.99;7.81;7.81;6065317;97487632.00
2014/08/26;7.79;8.04;7.76;7.95;6110444;98612504.00
2014/08/27;7.90;8.08;7.83;7.91;5604297;91053192.00
2014/08/28;7.85;8.06;7.80;8.00;5165994;83614680.00
2014/08/29;7.93;7.97;7.43;7.55;8044220;124621368.00
2014/09/01;7.46;7.75;7.46;7.71;4864370;75459120.00
2014/09/02;7.71;8.08;7.66;8.02;7573516;122292832.00
2014/09/03;8.00;8.09;7.88;7.95;5351489;86707296.00
2014/09/04;7.95;8.00;7.86;7.94;4187075;67504120.00
2014/09/05;7.94;8.05;7.87;8.05;5367895;87248888.00
2014/09/09;8.17;8.33;8.07;8.11;8532542;142762048.00
2014/09/10;8.03;8.03;7.81;7.91;5011871;80656896.00
2014/09/11;7.89;8.03;7.80;7.89;4761874;76768824.00
2014/09/12;7.87;7.95;7.82;7.89;3703497;59397888.00
2014/09/15;7.84;7.86;7.55;7.71;6844458;107032112.00
2014/09/16;7.70;7.70;7.29;7.30;5785749;88606888.00
2014/09/17;7.33;7.41;7.23;7.39;2769778;41495936.00
2014/09/18;7.41;7.56;7.30;7.56;3377356;51300800.00
2014/09/19;7.61;7.62;7.44;7.50;2647723;40551004.00
2014/09/22;7.45;7.45;7.27;7.32;2790317;41676716.00
2014/09/23;7.35;7.61;7.35;7.61;4176796;64056708.00
2014/09/24;7.59;7.65;7.53;7.57;3348482;51810816.00
2014/09/25;7.85;8.30;7.85;7.99;13247444;217818704.00
2014/09/26;7.88;8.05;7.87;7.92;4591415;74298624.00
2014/09/29;7.90;8.00;7.86;7.92;3869863;62491344.00
2014/09/30;7.92;8.10;7.85;8.10;4448053;72476360.00
2014/10/08;8.08;8.16;8.03;8.11;4012901;66105272.00
2014/10/09;8.16;8.16;7.83;7.98;5538543;89846184.00
2014/10/10;7.89;7.96;7.79;7.87;3343820;53576732.00
2014/10/13;7.84;7.85;7.53;7.64;3617321;56288828.00
2014/10/14;7.64;7.84;7.60;7.71;2865320;45090492.00
2014/10/15;7.67;7.76;7.53;7.71;2325629;36319664.00
2014/10/16;7.65;7.75;7.58;7.60;2202670;34377000.00
2014/10/17;7.57;7.63;7.35;7.47;2299628;35086192.00
2014/10/20;7.49;8.01;7.45;7.97;5633436;89785384.00
2014/10/21;8.01;8.05;7.82;7.84;2925631;47095840.00
2014/10/22;7.84;8.03;7.81;7.99;5377669;87224520.00
2014/10/23;8.09;8.24;7.74;7.87;6885189;112658128.00
2014/10/24;7.79;7.79;7.35;7.35;6083445;93333864.00
2014/10/27;7.34;7.51;6.99;7.50;3620206;53468252.00
2014/10/28;7.53;7.60;7.42;7.60;2503333;38549876.00
2014/10/29;7.61;7.78;7.61;7.70;3887051;61142148.00
2014/10/30;7.70;7.73;7.52;7.58;3790594;58558224.00
2014/10/31;7.55;7.65;7.52;7.61;1891009;29248316.00
2014/11/03;7.60;7.79;7.55;7.77;4397609;69104960.00
2014/11/04;7.79;8.09;7.77;7.95;6688844;108706512.00
2014/11/05;7.95;8.05;7.70;7.81;2835917;45115880.00
2014/11/06;7.74;7.92;7.62;7.69;2552391;40010136.00
2014/11/07;7.73;7.79;7.49;7.51;2873047;44672612.00
2014/11/10;7.55;7.67;7.55;7.56;1545981;23880806.00
2014/11/11;7.56;7.56;7.15;7.18;3824210;57092804.00
2014/11/12;7.18;7.31;7.16;7.28;1429090;21137154.00
2014/11/13;7.28;7.35;7.19;7.29;1270114;18765638.00
2014/11/14;7.28;7.28;7.05;7.11;1881778;27481550.00
2014/11/17;7.15;7.27;7.13;7.26;2591347;38186208.00
2014/11/18;7.34;7.37;7.18;7.23;1324590;19587866.00
2014/11/19;7.21;7.25;7.18;7.23;1869801;27577996.00
2014/11/20;7.43;7.63;7.35;7.37;4153427;63356604.00
2014/11/21;7.32;7.46;7.32;7.37;1989825;29984490.00
2014/11/24;7.39;7.54;7.38;7.40;2740325;41669436.00
2014/11/25;7.42;7.53;7.37;7.51;3050606;46503100.00
2014/11/26;7.50;7.60;7.46;7.52;2471438;37892480.00
2014/11/27;7.63;7.84;7.63;7.79;5460816;86356504.00
2014/11/28;7.75;7.89;7.67;7.68;4290238;68009864.00
2014/12/01;7.56;7.65;7.29;7.32;4771804;72230600.00
2014/12/02;7.35;7.48;7.31;7.42;2104142;31754662.00
2014/12/03;7.42;7.42;7.20;7.30;5261043;77896048.00
2014/12/04;7.31;7.40;7.30;7.31;4122759;61703900.00
2014/12/05;7.32;7.35;7.09;7.15;4784619;70120848.00
2014/12/08;7.15;7.25;7.10;7.16;3631744;53157836.00
2014/12/09;7.16;7.16;6.87;6.87;4849076;69138136.00
2014/12/10;6.86;7.15;6.86;7.08;2324140;33341138.00
2014/12/11;7.11;7.17;7.00;7.16;2331385;33816332.00
2014/12/12;7.16;7.30;6.95;7.30;4403487;64555548.00
2014/12/15;7.28;7.38;7.21;7.34;3196625;47802544.00
2014/12/16;7.34;7.37;7.16;7.21;3128763;46195308.00
2014/12/17;7.18;7.24;7.05;7.05;3081332;44743252.00
2014/12/18;7.05;7.10;7.00;7.01;1771826;25475310.00
2014/12/19;7.01;7.08;6.90;7.04;2539433;36191632.00
2014/12/22;7.03;7.03;6.32;6.38;6187878;82653504.00
2014/12/23;6.35;6.37;6.15;6.20;3380793;43207788.00
2014/12/24;6.24;6.59;6.24;6.55;3162012;41777240.00
2014/12/25;6.55;6.67;6.43;6.55;1655366;22278092.00
2014/12/26;6.55;6.55;6.45;6.50;1983233;26324038.00
2014/12/29;6.48;6.52;6.31;6.33;1855877;24277884.00
2014/12/30;6.33;6.48;6.32;6.34;1760510;23033396.00
2014/12/31;6.35;6.43;6.19;6.29;1792660;22936818.00
2015/01/05;6.29;6.39;6.15;6.31;3229086;41441368.00
2015/01/06;6.31;6.65;6.26;6.64;4409909;58863836.00
2015/01/07;6.62;6.67;6.48;6.56;1919209;25707678.00
2015/01/08;6.57;6.60;6.49;6.51;1470228;19661546.00
2015/01/09;6.51;6.65;6.51;6.52;1936333;26047274.00
2015/01/12;6.60;6.69;6.48;6.56;2056234;27656616.00
2015/01/13;6.56;6.69;6.47;6.68;2180147;29457054.00
2015/01/14;6.74;6.77;6.60;6.63;1972720;26918672.00
2015/01/15;6.63;6.67;6.54;6.59;1793821;24169026.00
2015/01/16;6.55;6.73;6.55;6.70;1905229;25899936.00
2015/01/19;6.61;6.78;6.45;6.54;2841863;38545264.00
2015/01/20;6.53;6.87;6.53;6.86;4042021;55887980.00
2015/01/21;6.89;7.14;6.89;7.07;4656335;67123512.00
2015/01/22;7.07;7.33;7.07;7.19;4774304;70179160.00
2015/01/23;7.18;7.23;7.10;7.17;2713479;39720596.00
2015/01/26;7.17;7.37;7.13;7.32;4086779;60701776.00
2015/01/27;7.28;7.36;7.24;7.31;2675090;39851592.00
2015/01/28;7.31;7.43;7.26;7.27;2340060;35082332.00
2015/01/29;7.26;7.26;7.08;7.14;1914524;27926724.00
2015/01/30;7.11;7.17;7.08;7.08;1264998;18396686.00
2015/02/02;7.08;7.17;7.00;7.09;1496391;21614988.00
2015/02/03;7.08;7.31;7.08;7.25;1982369;29305454.00
2015/02/04;7.25;7.34;7.15;7.15;1557824;22987546.00
2015/02/05;7.25;7.25;7.02;7.10;1561850;22689174.00
2015/02/06;7.08;7.12;6.88;6.92;1362060;19508142.00
2015/02/09;6.91;7.02;6.86;6.95;803118;11393281.00
2015/02/10;6.98;7.01;6.90;6.92;972991;13769808.00
2015/02/11;6.93;7.12;6.93;7.07;1079966;15555069.00
2015/02/12;7.14;7.21;7.07;7.19;1559205;22775916.00
2015/02/13;7.28;7.67;7.27;7.60;7119707;108183560.00
2015/02/16;7.60;7.78;7.51;7.67;4287718;67211632.00
2015/02/17;7.70;8.08;7.70;7.83;5730811;92222216.00
2015/02/25;7.90;7.95;7.56;7.58;2903838;45564824.00
2015/02/26;7.53;8.36;7.40;8.23;10427768;170476960.00
2015/02/27;8.20;8.40;8.11;8.32;6891784;116188024.00
2015/03/02;8.35;8.42;8.23;8.31;6768422;114532648.00
2015/03/03;8.28;8.34;8.16;8.26;5140533;86393896.00
2015/03/04;8.24;8.33;8.14;8.26;4563668;76486808.00
2015/03/05;8.28;8.40;8.22;8.30;4858002;81991304.00
2015/03/06;8.31;8.35;8.05;8.09;5219574;86970912.00
2015/03/09;8.16;8.16;7.87;8.00;4043905;65701260.00
2015/03/10;8.00;8.22;7.98;8.16;4342102;71886912.00
2015/03/11;8.18;8.32;8.11;8.22;3576295;59893932.00
2015/03/12;8.23;8.32;7.98;8.13;3489826;57888380.00
2015/03/13;8.35;8.35;8.18;8.26;3036929;51042128.00
2015/03/16;8.19;8.90;8.19;8.77;8406091;146886000.00
2015/03/17;8.78;9.10;8.75;8.96;8270288;149951040.00
2015/03/18;8.90;9.60;8.85;9.42;9151696;172292288.00
2015/03/19;9.45;9.75;9.27;9.65;7220909;138683056.00
2015/03/20;9.65;10.63;9.48;10.62;11046379;225707040.00
2015/03/23;10.52;11.18;10.24;11.08;11828874;256517408.00
2015/03/24;10.93;11.52;10.65;11.52;12336832;279669120.00
2015/03/25;11.35;12.58;11.27;12.04;11315995;273156352.00
2015/03/26;11.75;12.25;10.91;11.25;11041008;258040992.00
2015/03/27;11.19;11.32;10.79;11.11;6756303;150894160.00
2015/03/30;11.10;11.30;11.08;11.18;6414060;145139696.00
2015/03/31;11.13;11.74;11.04;11.39;6167675;142309248.00
2015/04/01;11.38;12.44;11.35;12.33;10346007;251990800.00
2015/04/02;12.43;12.63;11.85;12.56;8732348;218423264.00
2015/04/03;12.43;13.28;12.29;13.25;9755971;254801152.00
2015/04/07;13.25;13.56;13.15;13.40;8665790;233248064.00
2015/04/08;13.30;13.52;12.82;12.94;7945356;210824400.00
2015/04/09;12.87;12.94;11.71;12.45;7175385;178652912.00
2015/04/10;12.25;13.41;12.18;13.38;6958275;183062368.00
2015/04/13;13.38;14.42;13.38;14.42;8741419;249080864.00
2015/04/14;14.60;14.60;13.75;13.75;6760011;191925472.00
2015/04/15;13.56;13.56;12.36;12.44;7874135;204705888.00
2015/04/16;12.24;12.98;11.79;12.35;8011348;201948704.00
2015/04/17;12.75;13.18;12.26;12.48;7386804;187872944.00
2015/04/20;12.47;12.47;11.26;11.35;11178888;268864288.00
2015/04/21;11.38;12.21;11.38;12.20;6133554;148330528.00
2015/04/22;12.42;12.86;12.42;12.84;8871032;226901888.00
2015/04/23;12.91;13.07;12.44;12.53;10810332;276015712.00
2015/04/24;12.30;12.65;12.18;12.44;10146513;126682520.00
2015/04/27;12.53;12.65;12.03;12.13;13583165;167706736.00
2015/04/28;12.14;12.25;11.26;11.45;15146942;178026976.00
2015/04/29;11.35;12.02;11.12;11.91;10737608;125862256.00
2015/04/30;11.91;12.15;11.88;12.00;10147597;122746368.00
2015/05/04;12.18;12.21;11.88;12.10;9525473;115688104.00
2015/05/05;12.11;12.15;11.57;11.90;16127273;192109840.00
2015/05/06;12.02;12.90;12.02;12.60;32896741;419285120.00
2015/05/07;12.83;13.87;12.83;13.87;25388099;346292480.00
2015/05/08;15.00;15.27;15.00;15.27;6906169;105513520.00
2015/05/11;16.81;16.81;16.81;16.81;2698131;45625396.00
2015/05/12;17.57;18.50;15.79;18.50;81423580;1392091520.00
2015/05/13;17.70;19.78;17.20;18.30;50857067;954606208.00
2015/05/14;18.10;18.90;17.58;18.70;40905115;755699072.00
2015/05/15;18.55;18.60;17.67;17.86;23709182;430781920.00
2015/05/18;16.91;18.40;16.91;17.99;24189744;431105216.00
2015/05/19;17.98;18.68;17.63;18.11;23350336;426901440.00
2015/05/20;18.14;19.93;17.81;19.93;35588124;680617280.00
2015/05/21;21.20;21.68;19.71;19.82;45342082;930139776.00
2015/05/22;19.70;20.30;18.84;19.22;31504905;613421184.00
2015/05/25;18.80;19.39;18.48;19.07;23047323;440590400.00
2015/05/26;19.20;20.88;18.95;20.57;33772209;673907328.00
2015/05/27;20.50;20.50;19.28;19.80;26996553;538654720.00
2015/05/28;19.80;21.02;19.36;19.45;38727513;779674560.00
2015/05/29;19.36;19.76;17.50;18.80;24799326;469538752.00
2015/06/01;18.79;19.68;18.40;19.40;18633528;358868288.00
2015/06/02;19.51;20.51;19.20;20.50;30827842;621673216.00
2015/06/03;20.80;22.50;20.10;21.78;36479267;789695680.00
2015/06/04;21.71;23.97;20.20;23.97;46381832;1047636480.00
2015/06/05;23.90;26.10;23.90;25.85;42992763;1090611328.00
2015/06/08;26.90;27.45;24.91;25.02;41059903;1080652928.00
2015/06/09;24.34;26.49;24.01;25.96;27488481;708201024.00
2015/06/10;25.81;28.57;24.91;28.57;27247740;755497600.00
2015/06/11;28.70;30.40;26.99;27.30;37197275;1071145152.00
2015/06/12;27.36;28.15;26.09;27.70;26913162;731620224.00
2015/06/15;27.65;27.65;25.71;25.77;21232248;560678848.00
2015/06/16;25.50;25.50;23.20;24.40;16951131;415984768.00
2015/06/17;24.30;26.81;24.12;26.81;19953323;514400704.00
2015/06/18;26.60;27.86;25.95;26.26;18271789;498643104.00
2015/06/19;25.35;26.85;24.56;25.20;17188390;446208608.00
2015/06/23;26.30;26.58;22.67;24.62;18210847;445829024.00
2015/06/24;24.91;27.09;24.80;27.09;28647905;753429760.00
2015/06/25;27.20;28.75;26.26;27.70;33675997;938709376.00
2015/06/26;26.30;27.28;24.92;24.92;22812661;593958656.00
2015/06/29;25.88;26.20;22.50;24.93;34238983;856790912.00
2015/06/30;24.34;25.40;22.48;25.03;33966482;822112512.00
2015/07/01;24.02;27.30;23.78;25.17;32494049;845823488.00
2015/07/02;24.46;25.50;22.64;23.69;23792967;567790272.00
2015/07/03;22.50;23.13;21.31;21.31;16806111;365495712.00
2015/07/06;22.90;22.90;19.17;19.17;15175091;314428960.00
2015/07/07;17.24;17.24;17.24;17.24;801100;13891074.00
2015/07/13;18.97;18.97;18.15;18.97;17544096;332010176.00
2015/07/14;20.00;20.80;19.40;20.48;24401513;497663328.00
2015/07/15;19.70;20.00;18.42;18.42;10190117;193698816.00
2015/07/16;16.90;18.70;16.57;17.07;22668123;395486240.00
2015/07/17;17.14;18.40;16.62;17.87;19417126;341367296.00
2015/07/20;17.85;19.13;17.51;18.16;21143271;389473440.00
2015/07/21;18.00;19.07;17.55;18.86;19105239;352073472.00
2015/07/22;18.87;19.30;17.66;18.43;17864478;332986848.00
2015/07/23;18.39;19.40;18.11;19.01;20312431;382210176.00
2015/07/24;19.01;19.66;18.12;18.45;19268045;368587584.00
2015/07/27;17.76;18.11;16.60;16.60;17806382;310431776.00
2015/07/28;14.93;16.35;14.93;14.93;18583763;282103232.00
2015/07/29;14.93;15.68;13.49;15.25;24082723;349216256.00
2015/07/30;15.40;16.79;14.90;16.01;33697956;546988800.00
2015/07/31;16.20;16.65;15.15;15.61;24021889;390257984.00
2015/08/03;14.85;15.29;14.04;14.04;17387548;251023456.00
2015/08/04;14.00;15.10;13.52;15.10;18683389;271455008.00
2015/08/05;15.03;15.25;14.35;14.47;15531610;231220016.00
2015/08/06;14.01;15.60;13.91;15.05;20532984;311108704.00
2015/08/07;15.18;15.68;15.11;15.45;17195787;266227472.00
2015/08/10;15.50;16.55;15.50;16.39;16803395;271643264.00
2015/08/11;16.50;16.90;15.91;16.49;21665534;358962848.00
2015/08/12;16.00;16.47;15.59;15.61;14589912;235515568.00
2015/08/13;15.40;15.96;15.05;15.92;12318324;193041072.00
2015/08/14;15.90;16.90;15.81;16.46;18985604;313730816.00
2015/08/17;16.45;16.75;16.28;16.59;14027998;233043888.00
2015/08/18;16.65;16.67;14.92;14.92;15546315;246429760.00
2015/08/19;14.13;15.25;13.51;15.03;13613766;196500832.00
2015/08/20;14.76;15.15;14.30;14.31;10125819;149241456.00
2015/08/21;13.90;14.30;13.30;13.31;9553552;131949936.00
2015/08/24;12.50;12.90;11.97;11.97;5232270;63843948.00
2015/08/25;10.76;11.30;10.76;10.76;6932880;75673880.00
2015/08/26;10.75;10.94;9.67;9.67;13574489;139856880.00
2015/08/27;9.80;10.16;8.97;9.91;11355680;111747472.00
2015/08/28;10.21;10.91;9.90;10.91;14189775;148220640.00
2015/08/31;10.90;10.90;10.03;10.05;10654032;111418712.00
2015/09/01;9.90;9.90;9.04;9.04;8536771;80372560.00
2015/09/02;8.41;9.45;8.31;8.55;8158374;73038920.00
2015/09/07;8.79;9.26;8.75;8.90;7151517;64876316.00
2015/09/08;8.90;9.80;8.75;9.80;9584386;90413312.00
2015/09/09;10.01;10.78;9.95;10.59;15142349;159399200.00
2015/09/10;10.30;10.68;10.03;10.10;10427596;109698968.00
2015/09/11;10.27;10.50;10.12;10.38;7155601;74545960.00
2015/09/14;10.57;10.68;9.33;9.33;10677754;105823472.00
2015/09/15;8.80;9.13;8.40;8.44;8309625;73121136.00
2015/09/16;8.56;9.29;8.56;9.29;8593872;77481424.00
2015/09/17;9.39;10.00;9.18;9.25;11985124;116230400.00
2015/09/18;9.37;9.91;9.30;9.83;12983224;126703064.00
2015/09/21;9.89;10.82;9.73;10.82;17025140;180134736.00
2015/09/22;11.15;11.39;10.62;10.94;20617078;231239248.00
2015/09/23;10.50;11.58;10.43;11.23;16896862;189725152.00
2015/09/24;11.30;11.54;10.92;11.20;12307515;138631248.00
2015/09/25;11.09;11.20;10.25;10.41;11656524;125381904.00
2015/09/28;10.42;11.00;10.34;10.93;8741010;94761192.00
2015/09/29;10.69;10.88;10.40;10.57;7759910;83335056.00
2015/09/30;10.75;11.00;10.55;10.58;6825375;74169432.00
2015/10/08;11.11;11.65;11.00;11.65;15286557;175692672.00
2015/10/09;11.92;11.93;11.41;11.65;15977131;188331840.00
2015/10/12;11.91;12.83;11.91;12.70;18063513;227236096.00
2015/10/13;12.66;13.40;12.40;13.38;18750014;244843920.00
2015/10/14;13.15;13.32;12.61;12.90;15188413;198548240.00
2015/10/15;12.56;13.76;12.47;13.44;17388647;229020608.00
2015/10/16;13.40;13.65;13.00;13.29;14780218;197896720.00
2015/10/19;13.12;13.35;12.70;13.00;14834180;194222720.00
2015/10/20;13.10;13.68;12.86;13.48;14897328;199235680.00
2015/10/21;13.38;13.38;12.12;12.12;16156008;207203664.00
2015/10/22;11.94;12.48;11.80;12.38;10511866;129369832.00
2015/10/23;12.86;13.32;12.78;13.00;13804592;181028384.00
2015/10/26;13.21;13.39;13.00;13.24;13487474;179436640.00
2015/10/27;13.04;13.08;12.12;13.01;10826355;138727392.00
2015/10/28;13.00;14.10;12.96;13.20;17606627;240290336.00
2015/10/29;13.28;13.59;12.90;13.12;12602341;167117648.00
2015/10/30;13.13;13.13;12.56;12.77;9590737;124062568.00
2015/11/02;12.37;12.58;12.07;12.16;9621641;119547360.00
2015/11/03;12.05;12.41;11.85;12.16;8388440;102258208.00
2015/11/04;12.18;12.77;12.17;12.77;12523851;157867328.00
2015/11/05;12.78;13.20;12.40;13.06;18005303;231288128.00
2015/11/06;13.08;13.38;12.96;13.23;20455254;271248512.00
2015/11/09;13.04;13.57;12.86;13.43;18884954;252446928.00
2015/11/10;13.25;14.78;13.22;14.78;44823866;649892864.00
2015/11/11;14.62;15.10;14.36;14.66;32911386;485539776.00
2015/11/12;14.51;15.45;14.51;14.87;25921321;390533280.00
2015/11/13;14.60;14.70;13.87;13.99;18585793;266049040.00
2015/11/16;13.61;14.35;13.42;14.30;12376803;174125328.00
2015/11/17;14.50;14.59;13.90;13.94;18059516;257540688.00
2015/11/18;14.06;14.06;13.28;13.30;12026525;165719168.00
2015/11/19;13.32;13.88;13.32;13.81;8866467;121283312.00
2015/11/20;13.71;13.90;13.41;13.83;14849388;205050320.00
2015/11/23;13.89;14.46;13.64;14.40;28805030;409964544.00
2015/11/24;14.34;14.39;13.68;14.17;29646054;419230848.00
2015/11/25;14.08;14.49;13.97;14.32;22613443;324307392.00
2015/11/26;14.55;15.76;14.42;15.61;63054477;971692736.00
2015/11/27;15.28;15.34;14.04;14.04;28382037;421059872.00
2015/11/30;14.04;14.28;12.63;13.33;26663961;360126016.00
2015/12/01;13.55;13.88;12.78;13.05;19283337;257227344.00
2015/12/02;13.53;13.59;12.50;12.94;22652630;298738880.00
2015/12/03;12.90;13.25;12.81;13.23;17519470;230247424.00
2015/12/04;13.10;13.56;12.91;13.07;19114468;254761616.00
2015/12/07;13.12;13.23;12.83;13.21;11335146;149035760.00
2015/12/08;13.35;13.88;13.25;13.33;26613078;362874144.00
2015/12/09;13.08;13.28;12.91;13.03;12700419;167003168.00
2015/12/10;13.05;13.77;13.04;13.35;17640228;238126304.00
2015/12/11;13.47;14.25;13.23;13.90;30823102;430059104.00
2015/12/14;13.90;14.35;13.50;13.93;25041790;350270752.00
2015/12/15;14.10;15.33;14.10;15.33;61981555;938906304.00
2015/12/16;15.78;16.87;15.70;16.87;37001946;610420608.00
2015/12/17;17.92;18.05;17.03;17.92;71453212;1256219264.00
2015/12/18;17.80;19.72;17.61;19.29;73724660;1376106624.00
2015/12/21;18.56;18.76;18.02;18.55;44721546;825557376.00
2015/12/22;18.75;19.92;18.41;19.49;50016113;959557824.00
2015/12/23;19.00;19.35;18.01;18.55;38948287;729620416.00
2015/12/24;18.21;18.87;17.74;18.25;26146151;477199552.00
2015/12/25;18.29;20.09;18.03;19.23;57832484;1130411648.00
2015/12/28;19.85;21.16;19.85;21.16;43842801;917757312.00
2015/12/29;21.40;22.86;20.35;21.80;79337232;1706576256.00
2015/12/30;21.37;23.50;21.21;22.40;62501520;1411956480.00
2015/12/31;22.01;22.33;20.41;20.58;44931463;956700992.00
2016/01/20;18.51;18.51;18.51;18.51;1815600;33788316.00
2016/01/21;16.65;17.77;16.65;16.65;79168497;1345970432.00
2016/01/22;16.71;16.90;15.00;15.80;79056719;1261983360.00
2016/01/25;16.10;16.64;15.81;16.22;58864881;961661952.00
2016/01/26;15.78;15.87;14.59;14.59;49488606;757189248.00
2016/01/27;14.62;16.06;14.23;16.06;93612374;1465328512.00
2016/01/28;15.60;15.98;14.45;14.85;62141575;963774016.00
2016/01/29;15.18;16.35;15.02;15.57;72855739;1156439168.00
2016/02/01;15.05;15.17;14.04;14.52;54315458;806618816.00
2016/02/02;14.53;15.50;14.43;14.98;58159444;880745024.00
2016/02/03;14.50;14.83;13.50;14.37;57833085;829057152.00
2016/02/04;14.01;15.51;13.95;15.09;70412501;1042516288.00
2016/02/05;14.95;15.25;14.40;14.46;37825490;560568960.00
2016/02/15;14.40;15.92;14.21;15.92;64930250;1004728448.00
2016/02/16;16.10;17.52;15.96;17.35;113057266;1901485952.00
2016/02/17;17.05;17.78;16.91;17.58;78151107;1359370240.00
2016/02/18;17.72;18.30;17.23;17.41;69293960;1231346176.00
2016/02/19;17.88;18.36;17.56;17.82;70769037;1278147968.00
2016/02/22;17.90;18.18;17.50;18.05;51373653;922634432.00
2016/02/23;18.40;18.78;17.82;18.38;59888019;1102675968.00
2016/02/24;18.18;18.37;16.96;17.49;68399672;1207231616.00
2016/02/25;17.50;17.87;15.73;15.73;63729845;1066038912.00
2016/02/26;15.83;15.98;14.43;15.10;59725242;915468032.00
2016/02/29;14.57;14.86;13.58;13.58;41902465;580099264.00
2016/03/01;13.02;14.09;12.52;13.61;58299329;781189120.00
2016/03/02;13.64;14.75;13.31;14.58;69931706;994397632.00
2016/03/03;14.50;15.57;14.35;14.49;69047987;1036116160.00
2016/03/04;14.32;14.38;13.03;13.06;67103245;920788288.00
2016/03/07;13.15;13.70;13.06;13.28;38237491;515118912.00
2016/03/08;13.13;13.72;12.10;13.47;50835340;656510848.00
2016/03/09;12.90;13.46;12.70;12.89;33905632;445581824.00
2016/03/10;13.01;13.42;12.76;13.00;34712092;457685920.00
2016/03/11;13.00;14.29;12.80;13.93;63368498;867271296.00
2016/03/14;14.25;15.15;13.90;14.52;68640876;1002736256.00
2016/03/15;14.46;14.89;14.10;14.13;48398261;704921408.00
2016/03/16;14.36;14.41;13.41;13.68;44074659;614039104.00
2016/03/17;14.21;15.06;14.01;15.06;72068121;1062953664.00
2016/03/18;15.73;16.58;15.57;16.58;69395083;1121671040.00
2016/03/21;17.99;18.25;17.72;18.25;28482304;518038944.00
2016/03/22;18.41;19.48;18.06;18.41;145662429;2727560448.00
2016/03/23;18.20;19.64;18.02;19.06;121431995;2303614208.00
2016/03/24;18.64;20.98;18.35;19.40;137690883;2739152640.00
2016/03/25;19.20;19.80;18.45;19.59;87134657;1670897152.00
2016/03/28;19.80;20.41;19.40;19.95;89564966;1788347392.00
2016/03/29;19.56;19.85;18.76;19.39;74470995;1448953088.00
2016/03/30;19.89;20.47;19.24;20.15;97299804;1941029632.00
2016/03/31;20.02;21.00;19.72;19.76;96135043;1953568384.00
2016/04/01;19.45;19.98;19.15;19.44;58359187;1145749376.00
2016/04/05;19.62;20.77;18.98;20.22;75672497;1523641856.00
2016/04/06;20.87;22.19;20.30;20.31;99567418;2116973952.00
2016/04/07;20.31;22.12;20.00;21.22;108325978;2283429888.00
2016/04/08;20.55;21.04;20.03;20.41;68928994;1416495488.00
2016/04/11;20.90;22.46;20.71;21.77;117032425;2578122752.00
2016/04/12;21.30;21.54;20.61;21.53;74238684;1568871296.00
2016/04/13;21.58;22.04;21.23;21.33;78085160;1694804736.00
2016/04/14;21.53;22.34;21.31;21.72;66097305;1448542976.00
2016/04/15;22.00;23.32;21.80;22.58;101182069;2301576448.00
2016/04/18;22.01;24.60;21.65;23.19;105294904;2424856576.00
2016/04/19;23.19;23.62;22.62;23.00;60921107;1411091968.00
2016/04/20;23.40;23.80;21.20;22.88;92949371;2107782784.00
2016/04/21;22.33;22.76;21.20;21.51;57728926;1281167616.00
2016/04/22;20.90;21.18;20.13;21.05;52528856;1094893696.00
2016/04/25;21.05;21.05;19.90;20.63;40172841;829717760.00
2016/04/26;20.55;20.93;20.14;20.80;43514319;903151296.00
2016/04/27;20.83;21.11;20.33;20.38;43349176;898481344.00
2016/04/28;20.50;20.57;19.08;19.97;56194539;1107041664.00
2016/04/29;19.60;20.20;19.55;19.79;34930589;694311680.00
2016/05/03;19.85;21.04;19.62;20.86;57051176;1176228992.00
2016/05/04;20.83;21.67;20.70;21.26;63124460;1337665792.00
2016/05/05;21.21;21.22;20.70;20.98;38467964;805329792.00
2016/05/06;21.06;21.65;20.00;20.00;58876831;1231624704.00
2016/05/09;19.59;19.70;18.06;18.36;46724745;883253248.00
2016/05/10;18.33;18.77;18.01;18.24;37493001;690607936.00
2016/05/11;18.50;18.54;17.49;17.52;37566442;672536192.00
2016/05/12;17.20;18.10;16.73;17.97;43073092;762252352.00
2016/05/13;17.70;18.40;17.65;17.86;35775907;645112192.00
2016/05/16;17.95;19.35;17.79;19.26;49937133;924657856.00
2016/05/17;19.09;19.32;18.65;18.79;46094645;872563968.00
2016/05/18;18.88;19.69;18.03;18.56;52428045;996126592.00
2016/05/19;18.31;19.25;18.31;19.04;50068447;949299712.00
2016/05/20;18.76;19.48;18.50;19.07;44444985;846370624.00
2016/05/23;19.13;20.35;19.13;20.09;66755492;1328140800.00
2016/05/24;19.90;20.09;19.24;19.41;46565384;911610176.00
2016/05/25;19.67;19.92;19.00;19.19;37976303;740252864.00
2016/05/26;19.15;20.00;18.57;19.87;50010466;968295104.00
2016/05/27;19.80;19.96;19.34;19.46;32118901;630875008.00
2016/05/30;19.64;19.85;19.18;19.22;29996263;585731520.00
2016/05/31;19.16;20.45;19.16;20.45;56308675;1126863104.00
2016/06/01;20.35;21.20;20.35;20.43;55329275;1145631232.00
2016/06/02;20.30;20.84;20.25;20.55;39470147;809838400.00
2016/06/03;20.60;20.85;20.28;20.74;49820462;1029520576.00
2016/06/06;20.86;21.20;20.51;20.70;38357014;798353920.00
2016/06/07;20.60;20.67;20.13;20.51;34271479;698551360.00
2016/06/08;20.60;20.90;20.40;20.47;35818936;739572288.00
2016/06/13;19.77;20.08;18.42;18.42;44900273;868866304.00
2016/06/14;18.18;18.46;17.70;18.18;29302700;529867904.00
2016/06/15;17.79;19.37;17.79;18.94;35818794;673008384.00
2016/06/16;18.96;19.90;18.69;19.47;47515945;918060288.00
2016/06/17;19.40;20.10;19.37;19.55;36686970;721899200.00
2016/06/20;19.42;19.96;19.42;19.67;26151670;515607264.00
2016/06/21;19.93;20.15;19.01;19.27;42263440;836025216.00
2016/06/22;19.04;19.40;18.71;19.25;30822018;585613248.00
2016/06/23;19.55;19.70;18.67;18.92;25936228;495409312.00
2016/06/24;18.83;19.04;17.37;18.55;34089966;631732864.00
2016/06/27;18.60;19.00;18.45;18.95;22709405;427612064.00
2016/06/28;19.10;19.40;19.00;19.17;26813041;514789888.00
2016/06/29;19.41;19.73;19.20;19.28;27640949;536936192.00
2016/06/30;19.51;19.52;19.00;19.09;20234973;388821408.00
2016/07/01;19.30;20.49;19.26;19.74;53709652;1068699904.00
2016/07/04;19.47;19.88;19.12;19.78;34701041;677577408.00
2016/07/05;19.90;19.90;19.32;19.81;30662659;601986880.00
2016/07/06;19.79;19.79;19.39;19.48;22868555;446990368.00
2016/07/07;19.40;19.59;18.90;19.16;25197900;484012256.00
2016/07/08;19.30;19.56;19.17;19.18;20026277;387166336.00
2016/07/11;19.09;19.25;18.89;18.90;19410014;369137824.00
2016/07/12;18.80;19.05;18.51;19.00;19551264;367507296.00
2016/07/13;19.06;19.16;18.82;19.05;17921633;340504544.00
2016/07/14;19.10;19.50;19.05;19.36;28579243;551001152.00
2016/07/15;19.36;19.40;18.90;18.90;19583011;373430112.00
2016/07/18;18.80;19.71;18.80;19.39;37962111;736105920.00
2016/07/19;19.40;19.46;18.80;19.15;24092017;458760544.00
2016/07/20;19.15;19.35;18.94;19.16;16569687;317051904.00
2016/07/21;19.35;19.64;19.26;19.26;28085547;545956928.00
2016/07/22;19.20;20.90;19.20;20.22;78985241;1584506752.00
2016/07/25;20.35;21.16;20.20;20.44;59828835;1231673856.00
2016/07/26;20.48;20.48;20.05;20.27;32684806;660257728.00
2016/07/27;20.34;20.64;18.55;18.97;49459185;969187072.00
2016/07/28;18.78;18.88;18.00;18.19;36578703;671712192.00
2016/07/29;18.26;18.48;18.03;18.14;14335141;261259712.00
2016/08/01;18.20;18.20;17.20;17.43;19157325;334329856.00
2016/08/02;17.46;17.71;17.39;17.60;11159907;195672128.00
2016/08/03;17.53;17.73;17.41;17.55;10242196;179842976.00
2016/08/04;17.65;18.47;17.62;18.16;20962033;380412608.00
2016/08/05;18.08;18.15;17.71;17.78;14140855;252401136.00
2016/08/08;17.75;17.81;17.35;17.80;10816174;190103008.00
2016/08/09;17.81;17.94;17.70;17.91;13559288;241684880.00
2016/08/10;17.98;18.17;17.79;17.83;14780163;265319536.00
2016/08/11;17.75;17.76;17.38;17.38;14983236;262141616.00
2016/08/12;17.31;17.50;17.26;17.45;10087388;175360640.00
2016/08/15;17.51;17.91;17.35;17.79;16777679;296732512.00
2016/08/16;17.90;18.06;17.82;17.96;15162861;271814528.00
2016/08/17;17.96;17.96;17.68;17.85;13251308;235769424.00
2016/08/18;17.71;17.84;17.64;17.68;12449543;220429472.00
2016/08/19;17.68;18.15;17.68;17.89;17963428;322272640.00
2016/08/22;17.92;17.97;17.64;17.73;12648162;225079664.00
2016/08/23;17.78;17.85;17.47;17.58;10034178;176385872.00
2016/08/24;17.58;18.08;17.51;17.97;19705771;351485408.00
2016/08/25;17.87;18.29;17.52;18.20;30208932;544200896.00
2016/08/26;18.60;19.50;18.30;18.40;46320036;874805824.00
2016/08/29;18.20;18.35;17.90;18.02;20888499;377316256.00
2016/08/30;18.06;18.13;17.88;17.92;11781816;211745136.00
2016/08/31;17.91;18.14;17.67;18.04;13422937;240434464.00
2016/09/01;18.04;18.07;17.63;17.65;12593903;224399984.00
2016/09/02;17.73;17.92;17.60;17.74;9952294;176525152.00
2016/09/05;17.77;17.84;17.63;17.68;8297787;146939344.00
2016/09/06;17.61;17.84;17.35;17.80;13250962;233107088.00
2016/09/07;17.80;17.95;17.66;17.71;11730999;209070768.00
2016/09/08;17.67;17.91;17.63;17.79;8921738;158391648.00
2016/09/09;17.75;17.79;17.50;17.52;10550473;185568176.00
2016/09/12;17.14;17.14;16.60;16.61;16272474;274692256.00
2016/09/13;16.85;16.97;16.52;16.62;10015224;167314384.00
2016/09/14;16.57;16.57;16.34;16.42;6980795;114719496.00
2016/09/19;16.50;16.65;16.50;16.58;5546377;91902560.00
2016/09/20;16.61;16.67;16.38;16.42;5485640;90223968.00
2016/09/21;16.42;17.24;16.42;16.79;13538751;228745856.00
2016/09/22;16.90;16.97;16.71;16.76;7828238;131401152.00
2016/09/23;16.77;16.84;16.58;16.60;5331678;88827400.00
2016/09/26;16.73;16.91;16.42;16.43;10325117;172023504.00
2016/09/27;16.42;16.51;16.28;16.51;6689054;109770016.00
2016/09/28;16.58;16.58;16.41;16.46;4079918;67281000.00
2016/09/29;16.56;16.63;16.38;16.39;4351785;71659048.00
2016/09/30;16.40;16.42;16.31;16.36;4857558;79512960.00
2016/10/10;16.48;16.89;16.41;16.78;10581113;176699920.00
2016/10/11;16.83;16.88;16.71;16.84;7875350;132144808.00
2016/10/12;16.83;16.85;16.67;16.72;6094680;101957632.00
2016/10/13;16.76;16.86;16.69;16.75;6212354;104144552.00
2016/10/14;16.73;16.79;16.58;16.79;5954281;99280592.00
2016/10/17;16.85;17.15;16.62;16.84;14745196;249869872.00
2016/10/18;16.73;16.98;16.73;16.97;9757770;165121072.00
2016/10/19;16.97;17.05;16.74;16.86;8624263;145539456.00
2016/10/20;16.80;17.26;16.75;17.15;17044048;290893952.00
2016/10/21;17.04;17.29;16.99;17.24;16198191;278032992.00
2016/10/24;17.20;17.42;17.18;17.25;13463520;233080128.00
2016/10/25;17.25;17.28;16.96;17.10;11081210;189152160.00
2016/10/26;17.01;17.03;16.80;16.87;9083857;153215936.00
2016/10/27;16.88;17.00;16.85;16.98;7245465;122655672.00
2016/10/28;16.97;16.98;16.65;16.66;8676742;145561120.00
2016/10/31;16.53;16.62;16.41;16.50;5638071;93016400.00
2016/11/01;16.48;16.69;16.48;16.61;5083606;84324760.00
2016/11/02;16.65;16.65;16.41;16.44;6583610;108474264.00
2016/11/03;16.44;16.72;16.32;16.50;9844833;162461696.00
2016/11/04;16.55;16.70;16.46;16.50;8047638;133441496.00
2016/11/07;16.43;16.54;16.39;16.42;5045891;82961288.00
2016/11/08;16.49;16.54;16.45;16.52;5006678;82582664.00
2016/11/09;16.54;16.64;16.12;16.36;8226052;134989120.00
2016/11/10;16.46;16.58;16.39;16.46;7059306;116189728.00
2016/11/11;16.49;16.49;16.29;16.41;7769536;127022800.00
2016/11/14;16.32;16.48;16.31;16.38;7021630;115149128.00
2016/11/15;16.40;17.03;16.40;16.96;25340933;426049696.00
2016/11/16;16.99;17.03;16.77;16.86;13320690;224596160.00
2016/11/17;16.82;16.93;16.69;16.76;5056700;85005008.00
数据来源:通达信
