002756 永兴特钢 日线 前复权
      日期	    开盘	    最高	    最低	    收盘	    成交量	    成交额
2015/05/15;14.38;17.28;14.38;17.28;43271;1350500.00
2015/05/18;19.02;19.02;19.02;19.02;12300;423612.00
2015/05/19;20.93;20.93;20.93;20.93;18100;685628.00
2015/05/20;23.04;23.04;23.04;23.04;15700;654219.00
2015/05/21;25.36;25.36;25.36;25.36;25600;1173504.00
2015/05/22;27.90;27.90;27.90;27.90;36185;1824447.75
2015/05/25;30.70;30.70;30.70;30.70;36800;2040928.00
2015/05/26;33.78;33.78;33.78;33.78;29640;1808336.38
2015/05/27;37.17;37.17;37.17;37.17;30400;2040144.00
2015/05/28;40.90;40.90;40.90;40.90;155196;11456569.00
2015/05/29;45.00;45.00;45.00;45.00;689319;55972704.00
2015/06/01;49.51;49.51;49.51;49.51;89700;8012004.00
2015/06/02;54.47;54.47;54.47;54.47;127370;12514102.00
2015/06/03;59.93;59.93;57.59;59.93;9712872;1047496896.00
2015/06/04;62.67;62.67;53.93;53.93;15677780;1600429056.00
2015/06/05;50.44;53.21;48.52;49.62;16432095;1476295680.00
2015/06/08;48.22;49.33;45.64;46.06;11312466;965711232.00
2015/06/09;45.22;47.94;44.95;46.82;6862426;580344832.00
2015/06/10;45.93;49.09;45.33;47.98;8397645;726960832.00
2015/06/11;48.19;52.79;47.09;52.79;10559113;968901632.00
2015/06/12;54.89;57.28;47.56;47.73;15356495;1446434560.00
2015/06/15;44.40;45.37;42.95;42.95;7477740;586409344.00
2015/06/16;39.90;41.58;38.78;38.91;8079377;578692160.00
2015/06/17;39.38;40.98;38.11;40.64;5610114;402345824.00
2015/06/18;40.44;40.44;36.57;36.57;5215081;361694560.00
2015/06/19;35.17;40.17;33.78;35.98;5627228;371204992.00
2015/06/23;36.81;39.33;36.06;38.68;5282306;359237952.00
2015/06/24;39.33;39.61;36.88;37.50;5692117;390506848.00
2015/06/25;37.53;37.53;34.36;34.61;4406572;285429920.00
2015/06/26;33.18;33.78;31.13;31.13;4681919;270151712.00
2015/06/29;31.50;31.50;28.01;28.01;5798309;302300608.00
2015/06/30;25.70;30.02;25.20;29.38;7919470;388947008.00
2015/07/01;28.11;30.56;27.00;27.11;5959628;314198464.00
2015/07/02;27.00;27.55;24.60;24.72;4060983;191210736.00
2015/07/03;24.48;25.81;22.44;23.11;4208065;182414960.00
2015/07/06;25.43;25.43;22.28;23.29;5247024;228025072.00
2015/07/07;22.12;22.61;20.96;20.96;3606176;139234608.00
2015/07/14;23.06;23.06;23.06;23.06;22149;923834.81
2015/07/15;25.38;25.38;24.33;24.66;8897529;403086688.00
2015/07/16;24.65;26.53;23.23;25.49;6654378;302239776.00
2015/07/17;25.50;27.60;25.50;27.39;6065088;291607104.00
2015/07/20;27.60;28.67;26.56;28.36;8472389;424432448.00
2015/07/21;27.56;29.29;27.12;28.89;6890561;355830496.00
2015/07/22;28.50;29.47;27.82;28.33;5426723;281515168.00
2015/07/23;28.38;31.18;28.23;31.18;6592123;358229600.00
2015/07/24;32.06;33.25;30.72;31.29;9518890;556799680.00
2015/07/27;30.33;32.10;28.15;28.15;6359791;346594400.00
2015/07/28;26.00;28.71;25.32;26.67;5385157;259188896.00
2015/07/29;27.00;29.34;27.00;29.34;7867877;411902016.00
2015/07/30;31.00;32.29;29.33;30.73;10583191;590648960.00
2015/07/31;29.92;32.28;28.67;30.44;8556290;470559616.00
2015/08/03;29.42;30.34;27.39;27.39;7797098;399206304.00
2015/08/04;27.39;28.71;26.44;28.70;7421750;372965504.00
2015/08/05;28.28;30.16;27.94;29.34;7229351;380655968.00
2015/08/06;28.22;28.77;27.43;27.60;5195715;264575488.00
2015/08/07;27.67;28.76;27.67;28.40;3857479;197417840.00
2015/08/10;28.79;30.56;28.56;30.38;6302133;337576640.00
2015/08/11;30.61;32.49;30.38;31.67;7405793;424616032.00
2015/08/12;31.12;31.76;29.72;29.72;4985415;276294240.00
2015/08/13;29.50;30.56;28.84;30.43;4295262;232956112.00
2015/08/14;30.61;30.75;29.77;29.99;5930189;322503104.00
2015/08/17;29.06;29.12;27.01;27.93;8319894;419998240.00
2015/08/18;27.93;28.31;25.33;25.50;6336222;310037856.00
2015/08/19;25.44;27.12;25.06;26.82;5591492;264943984.00
2015/08/20;26.44;27.06;25.82;25.83;3502906;167844064.00
2015/08/21;25.45;25.77;23.51;23.78;3226691;143896384.00
2015/08/24;22.78;23.17;21.39;21.39;3433763;134918480.00
2015/08/25;19.36;20.72;19.24;19.24;4042568;144791760.00
2015/08/26;19.78;20.97;18.78;19.92;5086730;184637424.00
2015/08/27;20.28;20.94;19.34;20.67;3857298;141005440.00
2015/08/28;20.81;22.33;20.81;22.16;4244996;163647024.00
2015/08/31;21.56;21.77;20.06;20.06;3601147;136480832.00
2015/09/01;19.51;19.51;18.12;18.17;2971636;100803368.00
2015/09/02;17.51;19.27;17.11;17.96;2933319;97205232.00
2015/09/07;18.59;19.08;18.32;18.48;2030555;68809248.00
2015/09/08;18.62;20.15;17.77;20.06;3196399;110776880.00
2015/09/09;20.28;20.99;19.94;20.69;4493771;166640464.00
2015/09/10;20.11;20.33;19.83;19.87;3634584;132117480.00
2015/09/11;19.75;21.41;19.72;20.91;4626319;171550448.00
2015/09/14;20.98;20.98;18.81;18.81;3096731;110311440.00
2015/09/15;18.22;18.61;16.92;16.94;3232239;102697888.00
2015/09/16;17.22;18.65;17.22;18.63;2802889;90578576.00
2015/09/17;18.64;19.13;17.95;18.01;2960317;99731656.00
2015/09/18;18.22;18.50;17.97;18.22;1583970;52185660.00
2015/09/21;17.94;19.61;17.75;19.51;3356355;115716824.00
2015/09/22;19.72;20.72;19.39;20.34;4970078;181232720.00
2015/09/23;19.75;20.19;19.75;19.97;2905111;104782176.00
2015/09/24;19.95;20.43;19.89;20.14;2058232;75080760.00
2015/09/25;20.07;20.47;19.21;19.33;2727293;98338288.00
2015/09/28;19.39;20.47;19.39;20.38;2369758;85810296.00
2015/09/29;20.06;20.17;19.23;19.44;2205381;78473072.00
2015/09/30;19.61;20.93;19.38;20.44;3160174;115911224.00
2015/10/08;21.16;21.55;20.44;21.28;3427719;131189584.00
2015/10/09;21.16;22.46;21.01;22.33;4296817;170202480.00
2015/10/12;22.66;24.57;22.12;24.36;5942739;252743552.00
2015/10/13;23.88;25.32;23.71;24.33;4480711;198378592.00
2015/10/14;24.28;24.61;23.94;24.22;3984925;174791408.00
2015/10/15;23.94;24.79;23.92;24.68;3723288;165070768.00
2015/10/16;24.71;25.15;23.96;24.47;3552950;156872656.00
2015/10/19;24.57;26.93;24.33;26.50;7690743;364276128.00
2015/10/20;26.44;26.56;25.32;26.44;4113411;192370928.00
2015/10/21;26.56;27.67;23.79;23.79;8369256;387845728.00
2015/10/22;23.88;24.72;23.31;24.26;5051386;219163280.00
2015/10/23;24.39;24.67;23.99;24.56;3172650;139828928.00
2015/10/26;24.89;25.33;24.67;24.81;3133502;141482960.00
2015/10/27;24.71;25.22;23.03;25.11;3714988;162599248.00
2015/10/28;25.11;25.61;24.54;24.62;2473155;111661944.00
2015/10/29;24.89;25.17;24.56;24.78;1837776;82476072.00
2015/10/30;24.86;24.86;23.97;24.34;1887346;82998752.00
2015/11/02;23.73;25.55;23.50;24.33;2597250;115927096.00
2015/11/03;24.61;26.10;24.50;25.51;7100648;327209728.00
2015/11/04;26.15;26.56;25.23;26.53;8391790;393296736.00
2015/11/05;26.28;28.44;26.05;27.94;9065372;443929920.00
2015/11/06;27.67;28.94;27.39;28.64;6315172;324293312.00
2015/11/09;28.11;29.71;27.95;29.08;6967803;364859104.00
2015/11/10;28.72;28.89;27.60;28.24;6239612;319551008.00
2015/11/11;28.00;30.89;28.00;29.83;7979268;423067712.00
2015/11/12;29.83;32.43;29.57;31.75;9790786;544772544.00
2015/11/13;31.00;32.44;28.94;29.54;8894301;494540512.00
2015/11/16;28.25;29.56;28.22;29.33;4091119;214310816.00
2015/11/17;30.11;30.81;29.06;29.41;4808920;260152576.00
2015/11/18;29.34;29.65;28.08;28.16;3157103;164552464.00
2015/11/19;28.22;29.33;28.22;29.27;3343995;174778320.00
2015/11/20;29.28;30.06;29.13;29.81;3730245;199525248.00
2015/11/23;29.89;30.37;29.33;29.54;3333910;179642960.00
2015/11/24;29.34;31.64;29.33;31.36;5721191;317154976.00
2015/11/25;32.44;32.94;31.24;31.72;6378200;367710720.00
2015/11/26;31.45;32.78;31.37;31.77;5115079;296133504.00
2015/11/27;31.27;32.54;30.07;30.14;6168633;350936672.00
2015/11/30;29.89;31.64;28.31;31.64;5522280;300870528.00
2015/12/01;32.21;34.82;32.21;33.51;13092009;803564352.00
2015/12/02;32.69;32.70;30.14;31.35;7837149;440862912.00
2015/12/03;31.56;32.65;31.56;32.34;4652582;270296608.00
2015/12/04;32.40;34.04;32.39;33.67;6028288;361820128.00
2015/12/07;33.78;33.88;32.83;33.21;4237736;254206288.00
2015/12/08;33.19;33.19;31.38;32.07;4319399;250991088.00
2015/12/09;31.82;31.94;30.50;30.76;4059612;228846944.00
2015/12/10;30.75;30.94;29.94;30.23;2833605;156125520.00
2015/12/11;30.13;30.73;30.00;30.25;2166838;119081336.00
2015/12/14;29.90;30.83;29.33;30.82;2675147;144850848.00
2015/12/15;31.06;31.27;30.54;30.71;2156444;120364608.00
2015/12/16;30.98;31.92;30.72;31.43;3424455;194506608.00
2015/12/17;31.83;33.78;31.78;32.96;5385845;315194976.00
2015/12/18;33.21;33.21;31.83;31.94;4113090;239824192.00
2015/12/21;32.17;32.97;31.28;32.67;4135409;239578688.00
2015/12/22;32.58;32.94;32.31;32.67;2846531;167896544.00
2015/12/23;32.67;33.83;32.14;32.66;3880041;230139408.00
2015/12/24;32.51;33.32;32.38;33.06;3390112;201137888.00
2015/12/25;33.22;33.56;32.18;32.49;3134805;186625424.00
2015/12/28;32.44;32.67;30.89;30.91;4063363;233213520.00
2015/12/29;31.11;31.28;30.63;31.14;1829810;102481744.00
2015/12/30;31.28;31.56;29.89;30.84;1901400;106044320.00
2015/12/31;31.00;31.00;29.89;29.89;1965857;107960264.00
2016/01/04;29.87;30.26;26.89;26.90;2068514;106910128.00
2016/01/05;26.00;27.33;25.00;26.11;3383762;160292368.00
2016/01/06;26.39;27.56;26.28;27.39;3180051;154863440.00
2016/01/07;26.81;26.81;24.64;24.64;928330;42692544.00
2016/01/08;25.11;26.17;23.22;25.29;2979934;136170928.00
2016/01/11;24.61;24.95;22.75;22.75;2550692;109495800.00
2016/01/12;22.25;23.22;22.25;22.76;1773681;72965136.00
2016/01/13;22.87;23.56;22.12;22.14;1828030;75719680.00
2016/01/14;21.39;23.08;21.03;22.89;2231774;89519816.00
2016/01/15;22.67;22.89;21.50;21.62;1841060;74091472.00
2016/01/18;20.97;22.60;20.97;22.36;1914611;76059552.00
2016/01/19;22.11;23.14;21.98;23.03;1673575;68429696.00
2016/01/20;22.67;23.89;22.56;23.38;2290516;95644816.00
2016/01/21;22.89;23.48;22.11;22.11;1574006;65137284.00
2016/01/22;22.39;22.67;21.66;22.50;1514869;61103276.00
2016/01/25;22.89;23.10;22.51;22.94;1285528;52997624.00
2016/01/26;22.76;22.78;20.64;20.64;1703020;66581488.00
2016/01/27;21.18;21.24;18.78;20.22;1665728;60036788.00
2016/01/28;19.96;20.43;18.61;18.77;1116715;39557192.00
2016/01/29;18.72;19.75;18.71;19.54;1406323;49203856.00
2016/02/01;19.47;19.89;19.27;19.78;1188491;42183408.00
2016/02/02;19.78;20.43;19.67;20.33;1401250;51270972.00
2016/02/03;20.01;20.30;19.75;20.17;1018380;36812984.00
2016/02/04;20.17;20.74;20.17;20.62;1479420;54993528.00
2016/02/05;20.63;20.89;20.46;20.55;1176310;44065444.00
2016/02/15;19.28;20.21;19.06;19.98;982616;35134376.00
2016/02/16;20.17;21.17;20.17;21.04;1571673;59020372.00
2016/02/17;20.89;21.83;20.82;21.53;1960519;75809984.00
2016/02/18;21.62;22.08;21.46;21.47;2431631;95785232.00
2016/02/19;21.42;21.64;21.22;21.51;1313991;50940276.00
2016/02/22;21.72;23.59;21.68;22.70;3121924;127290568.00
2016/02/23;22.47;22.67;22.10;22.26;2122668;85727152.00
2016/02/24;22.01;22.43;21.70;22.28;1643211;65692484.00
2016/02/25;22.36;22.36;20.04;20.06;2467000;93684424.00
2016/02/26;20.83;20.83;19.89;20.34;1398060;51461832.00
2016/02/29;20.33;20.37;18.78;19.25;1443142;50559432.00
2016/03/01;19.33;20.03;18.81;19.89;1276378;45484108.00
2016/03/02;19.83;20.94;19.78;20.93;1758801;65478960.00
2016/03/03;20.97;21.67;20.89;21.04;1933256;74210152.00
2016/03/04;21.11;22.09;20.78;21.47;2967907;115745016.00
2016/03/07;22.04;22.86;21.56;22.19;2423841;97464088.00
2016/03/08;23.44;23.44;22.22;22.31;5885919;242739600.00
2016/03/09;21.00;21.48;20.59;20.89;3095446;117364984.00
2016/03/10;20.69;21.17;20.39;20.44;1544665;58079332.00
2016/03/11;20.22;20.53;20.00;20.31;1257682;46046516.00
2016/03/14;20.58;21.28;20.42;21.25;2198533;83591032.00
2016/03/15;21.26;21.27;20.72;21.01;1403458;53312188.00
2016/03/16;21.05;21.28;19.89;20.47;1349949;50460792.00
2016/03/17;20.51;21.33;20.46;21.21;1834035;69517256.00
2016/03/18;21.21;22.10;21.19;21.88;2750258;108145464.00
2016/03/21;22.11;22.33;21.91;22.27;2541130;101656688.00
2016/03/22;22.17;22.19;21.86;21.99;1988141;79159192.00
2016/03/23;21.87;22.60;21.83;22.50;2411754;97407776.00
2016/03/24;22.31;23.50;21.98;22.89;4148935;171095424.00
2016/03/25;22.67;23.02;22.47;22.90;2006576;82647816.00
2016/03/28;22.83;23.17;22.12;22.21;2216031;91096000.00
2016/03/29;22.11;22.30;21.49;21.61;1535385;60616312.00
2016/03/30;21.72;22.38;21.67;22.37;1991933;79467504.00
2016/03/31;22.40;22.89;22.39;22.46;1929607;78914848.00
2016/04/01;22.41;22.56;22.01;22.34;1452610;58518752.00
2016/04/05;22.20;23.12;22.20;23.02;2179297;89969840.00
2016/04/06;23.06;23.54;22.89;23.29;2313623;97199056.00
2016/04/07;24.67;25.63;24.67;25.63;3234575;149280112.00
2016/04/08;25.63;26.34;24.52;25.00;7436365;342870976.00
2016/04/11;25.17;25.83;24.47;25.15;4858502;222205984.00
2016/04/12;24.73;24.78;24.04;24.13;3518227;154777232.00
2016/04/13;24.29;25.98;24.29;25.60;4288269;193771920.00
2016/04/14;25.59;25.59;25.04;25.37;2599405;118802792.00
2016/04/15;25.32;25.33;24.71;24.86;1949590;88071672.00
2016/04/18;24.78;24.82;23.78;24.11;2153413;93675856.00
2016/04/19;23.96;24.81;23.96;24.59;1749863;76970032.00
2016/04/20;24.59;24.74;22.12;22.83;2900723;122555912.00
2016/04/21;22.78;23.82;22.78;23.00;2483473;105069264.00
2016/04/22;22.62;23.78;22.11;23.39;2149960;89023664.00
2016/04/25;23.18;23.21;22.50;23.05;1381456;57190848.00
2016/04/26;23.04;23.67;23.00;23.56;1479458;62641732.00
2016/04/27;23.67;23.84;23.32;23.33;1303365;55607652.00
2016/04/28;23.20;23.56;22.57;23.26;1298586;53929516.00
2016/04/29;23.12;23.36;22.79;22.94;860890;35850352.00
2016/05/03;22.94;24.06;22.78;23.88;1645597;70230144.00
2016/05/04;24.33;24.68;23.93;24.14;2223435;98023400.00
2016/05/05;23.89;24.89;23.78;24.31;1797397;78653592.00
2016/05/06;24.44;24.66;23.56;23.88;2323178;100973816.00
2016/05/09;23.55;23.69;22.59;22.69;1472900;61273248.00
2016/05/10;22.63;22.99;22.53;22.67;685176;28138936.00
2016/05/11;22.67;23.03;21.56;21.83;1304631;52757284.00
2016/05/12;21.56;21.56;20.89;21.41;1171930;44920116.00
2016/05/13;21.41;22.11;21.11;21.81;1309578;51701388.00
2016/05/16;21.67;22.17;21.46;22.03;776080;30679460.00
2016/05/17;22.20;24.25;21.93;23.59;2785426;117844800.00
2016/05/18;23.24;23.44;22.84;22.90;1155478;48298064.00
2016/05/19;23.24;23.97;23.22;23.54;1645726;70353600.00
2016/05/20;23.19;23.61;23.13;23.58;894115;37692728.00
2016/05/23;23.50;24.04;23.50;23.67;924961;39839724.00
2016/05/24;23.67;23.69;22.76;22.95;1006962;42199584.00
2016/05/25;23.07;23.26;22.68;22.73;841147;34921836.00
2016/05/26;22.41;22.91;22.11;22.73;768046;31216370.00
2016/05/27;22.43;23.39;22.36;23.10;1175540;48879008.00
2016/05/30;23.51;23.51;22.91;23.03;737903;30926838.00
2016/05/31;23.04;24.65;23.04;24.17;2502848;108572376.00
2016/06/01;24.33;24.66;24.00;24.24;2199642;96588736.00
2016/06/02;24.07;24.39;23.97;24.33;1768539;77525632.00
2016/06/03;24.48;24.82;24.26;24.62;2755354;122186776.00
2016/06/06;24.61;24.66;24.06;24.18;1555208;68211192.00
2016/06/07;24.17;24.36;23.95;24.33;1170660;51157516.00
2016/06/08;24.64;25.41;24.54;24.97;3991543;180897664.00
2016/06/13;24.66;25.38;24.44;24.45;3418549;154021424.00
2016/06/14;24.39;24.49;23.47;23.88;1856619;80025272.00
2016/06/15;23.72;26.06;23.52;25.14;3115930;140252784.00
2016/06/16;25.14;25.56;24.79;25.18;2796426;127467456.00
2016/06/17;25.39;25.87;24.83;24.88;3176785;144812432.00
2016/06/20;24.68;24.71;23.70;24.17;3647845;87857960.00
2016/06/21;24.37;24.45;23.25;23.34;3242641;77598272.00
2016/06/22;23.18;23.77;23.04;23.68;1966778;46097516.00
2016/06/23;23.70;23.74;22.66;22.75;4907127;112821696.00
2016/06/24;22.68;22.78;21.01;21.84;6712486;147954848.00
2016/06/27;21.55;22.79;21.50;22.49;3500963;78596312.00
2016/06/28;22.32;22.75;22.19;22.62;3176294;71339344.00
2016/06/29;22.69;23.10;22.58;22.72;3378870;77138560.00
2016/06/30;22.75;23.08;22.70;22.82;3234460;74037168.00
2016/07/01;22.82;23.55;22.82;23.06;5496381;127211640.00
2016/07/04;23.00;23.58;22.80;23.46;4560592;106703472.00
2016/07/05;23.50;24.99;23.34;24.00;7940733;191794176.00
2016/07/06;23.97;24.07;23.53;23.81;4870267;115815264.00
2016/07/07;23.89;24.50;23.73;23.93;4841136;116431168.00
2016/07/08;23.94;24.14;23.01;23.44;5456968;129004016.00
2016/07/11;23.43;24.17;23.39;23.83;6161533;147441088.00
2016/07/12;23.61;25.50;23.61;25.17;14084511;351128736.00
2016/07/13;25.13;25.14;24.66;24.80;9137678;226833824.00
2016/07/14;24.84;24.90;24.51;24.78;4313095;106410136.00
2016/07/15;24.91;25.49;24.63;24.81;6404354;160060512.00
2016/07/18;24.68;24.80;24.05;24.18;4707737;114249576.00
2016/07/19;24.11;24.28;23.81;24.15;3224088;77367472.00
2016/07/20;24.33;24.33;23.89;23.93;2430172;58435148.00
2016/07/21;23.96;24.44;23.94;24.11;3716497;90085064.00
2016/07/22;24.01;24.11;23.41;23.58;4972694;117404496.00
2016/07/25;23.49;23.66;23.22;23.58;2029593;47662444.00
2016/07/26;23.50;23.81;23.46;23.78;2405377;56970360.00
2016/07/27;23.80;23.92;22.15;22.46;5210810;119873128.00
2016/07/28;22.49;22.50;22.05;22.28;2409279;53650324.00
2016/07/29;22.28;22.45;22.13;22.30;1469262;32795816.00
2016/08/01;22.18;22.27;21.90;22.12;1591909;35064048.00
2016/08/02;22.41;22.48;22.12;22.34;1405940;31396000.00
2016/08/03;22.34;22.43;22.28;22.33;1258275;28138680.00
2016/08/04;22.42;22.46;22.10;22.46;1251554;27938312.00
2016/08/05;22.64;22.74;22.40;22.43;1438640;32430416.00
2016/08/08;22.50;22.70;22.17;22.66;1510482;33950100.00
2016/08/09;22.66;22.85;22.60;22.74;1697561;38563100.00
2016/08/10;22.74;23.22;22.70;22.91;2818811;64948068.00
2016/08/11;22.73;22.92;22.00;22.17;2357190;52858076.00
2016/08/12;22.12;22.34;21.97;22.33;1918072;42589012.00
2016/08/15;22.00;23.30;22.00;23.04;3750837;85893744.00
2016/08/16;23.11;23.67;23.00;23.34;3683883;86064776.00
2016/08/30;22.92;23.34;22.81;23.18;3055062;70493584.00
2016/08/31;23.10;23.78;23.10;23.23;2768750;64864252.00
2016/09/01;23.30;23.46;22.84;22.87;1826290;42219088.00
2016/09/02;22.80;23.09;22.60;22.69;2075375;47332788.00
2016/09/05;22.89;23.16;22.71;22.94;1696349;38979108.00
2016/09/06;23.01;23.10;22.55;23.03;1974936;45049124.00
2016/09/07;23.01;23.58;23.00;23.34;3312834;77227992.00
2016/09/08;23.33;23.50;23.16;23.40;1885279;43982204.00
2016/09/09;23.45;23.45;23.20;23.24;1581174;36897576.00
2016/09/12;22.82;23.00;22.26;22.30;2329123;52639076.00
2016/09/13;22.58;22.99;22.43;22.83;1668235;37982412.00
2016/09/14;22.90;25.00;22.70;24.18;8281778;199563216.00
2016/09/19;24.17;25.00;24.15;24.82;8082713;199448688.00
2016/09/20;24.69;24.75;24.30;24.42;4465079;109345216.00
2016/09/21;24.43;25.49;24.43;24.90;6730269;169071648.00
2016/09/22;24.99;25.13;24.71;24.96;4275331;106490928.00
2016/09/23;24.96;25.13;24.38;24.38;3032486;74808552.00
2016/09/26;24.39;25.37;24.38;24.97;7290242;182764000.00
2016/09/27;24.84;26.00;24.51;25.92;7424892;187767936.00
2016/09/28;25.67;27.55;25.67;26.55;11405947;302893216.00
2016/09/29;26.29;27.26;25.99;26.74;6000069;159234560.00
2016/09/30;26.41;27.18;26.30;26.50;3473140;92328536.00
2016/10/10;26.48;27.50;26.48;26.83;4688272;126625912.00
2016/10/11;26.83;27.18;26.61;26.72;3541112;95052176.00
2016/10/12;26.72;27.13;26.16;26.44;3690280;98411256.00
2016/10/13;26.45;27.39;26.25;27.17;4177131;111706640.00
2016/10/14;27.00;27.36;26.61;27.10;3587722;96950048.00
2016/10/17;27.18;27.91;26.96;27.61;6205000;170419360.00
2016/10/18;27.40;27.64;26.80;27.13;5713126;154646960.00
2016/10/19;27.13;27.26;26.41;26.52;3590161;95655416.00
2016/10/20;26.65;26.85;26.31;26.82;2404360;63892880.00
2016/10/21;26.70;26.81;26.00;26.19;3260489;85600560.00
2016/10/24;26.40;26.75;26.12;26.45;2203681;58317292.00
2016/10/25;26.50;26.96;26.35;26.76;2694833;72106504.00
2016/10/26;26.78;26.78;26.44;26.55;1755218;46549112.00
2016/10/27;26.46;26.63;26.02;26.19;2191252;57329876.00
2016/10/28;26.38;26.38;25.74;25.79;2241416;58132556.00
2016/10/31;25.40;25.99;25.09;25.98;1943447;49740380.00
2016/11/01;25.78;26.29;25.78;26.15;2141970;56014524.00
2016/11/02;26.26;26.29;25.90;25.95;2033976;53165008.00
2016/11/03;25.81;26.07;25.55;25.98;2124110;54849992.00
2016/11/04;25.82;26.01;25.57;25.70;1333900;34375152.00
2016/11/07;25.70;25.94;25.40;25.88;1837954;47298248.00
2016/11/08;25.96;27.10;25.72;26.72;4882035;129925696.00
2016/11/09;26.72;27.36;26.39;27.17;6670077;179975888.00
2016/11/10;27.33;27.58;27.03;27.48;3531097;96495080.00
2016/11/11;27.47;27.77;27.10;27.30;3128564;85620832.00
2016/11/14;27.43;27.43;26.55;26.88;3270361;87959656.00
2016/11/15;26.88;27.10;26.72;26.91;1396288;37553924.00
2016/11/16;26.87;27.23;26.72;27.04;1395721;37649712.00
2016/11/17;27.04;27.49;26.73;27.45;1602300;43528916.00
数据来源:通达信
