002531 天顺风能 日线 前复权
      日期	    开盘	    最高	    最低	    收盘	    成交量	    成交额
2010/12/31;3.38;3.54;3.30;3.32;22039361;569950720.00
2011/01/04;3.32;3.32;3.22;3.30;8378505;209343312.00
2011/01/05;3.27;3.37;3.27;3.33;5777554;146686192.00
2011/01/06;3.34;3.35;3.28;3.28;3516548;88598632.00
2011/01/07;3.29;3.34;3.27;3.33;4348144;109754976.00
2011/01/10;3.34;3.46;3.31;3.42;8848941;229129872.00
2011/01/11;3.38;3.39;3.26;3.27;4967526;124959360.00
2011/01/12;3.28;3.36;3.27;3.33;2424942;60835712.00
2011/01/13;3.30;3.30;3.22;3.23;3270104;81121944.00
2011/01/14;3.20;3.21;3.04;3.06;3545567;84568408.00
2011/01/17;3.05;3.05;2.93;2.96;1994008;45373676.00
2011/01/18;2.96;2.99;2.93;2.97;835661;19027264.00
2011/01/19;2.96;3.02;2.96;3.01;1216574;27877794.00
2011/01/20;2.99;3.02;2.85;2.85;1640178;36932988.00
2011/01/21;2.84;2.93;2.83;2.87;1033881;22849320.00
2011/01/24;2.89;2.90;2.85;2.89;808680;17887496.00
2011/01/25;2.90;2.94;2.83;2.93;1422453;31497530.00
2011/01/26;2.90;2.97;2.89;2.93;1024695;23134446.00
2011/01/27;2.90;2.98;2.88;2.96;1305528;29555924.00
2011/01/28;2.96;2.97;2.92;2.93;1154869;26062896.00
2011/01/31;2.93;2.96;2.89;2.95;1006001;22596324.00
2011/02/01;2.93;2.96;2.92;2.93;747332;16815230.00
2011/02/09;2.91;2.93;2.88;2.89;802296;17869402.00
2011/02/10;2.88;2.99;2.86;2.99;1572170;35451304.00
2011/02/11;2.97;3.05;2.97;3.04;1985380;45799884.00
2011/02/14;3.04;3.09;3.02;3.07;1777779;41555600.00
2011/02/15;3.06;3.08;3.03;3.04;1677208;39244308.00
2011/02/16;3.03;3.09;3.03;3.09;1559587;36608612.00
2011/02/17;3.10;3.10;3.04;3.07;1477450;34629444.00
2011/02/18;3.06;3.06;3.02;3.03;1037820;24101000.00
2011/02/21;3.03;3.11;3.03;3.11;1935227;45725760.00
2011/02/22;3.11;3.18;3.00;3.04;2550862;60674880.00
2011/02/23;3.04;3.08;3.03;3.05;1031076;24074062.00
2011/02/24;3.05;3.08;3.03;3.08;925616;21745296.00
2011/02/25;3.08;3.09;3.02;3.04;1069906;24907020.00
2011/02/28;3.04;3.08;3.03;3.08;936313;21906174.00
2011/03/01;3.08;3.11;3.06;3.09;1566624;36957136.00
2011/03/02;3.09;3.09;3.03;3.06;999540;23376334.00
2011/03/03;3.06;3.06;2.99;2.99;1198632;27797220.00
2011/03/04;3.00;3.09;3.00;3.09;1419978;33282328.00
2011/03/07;3.10;3.10;3.07;3.10;1483375;35055748.00
2011/03/08;3.11;3.11;3.07;3.08;843519;19885394.00
2011/03/09;3.08;3.12;3.08;3.08;881738;20849494.00
2011/03/10;3.07;3.11;3.07;3.08;1058059;25039434.00
2011/03/11;3.07;3.15;3.06;3.10;1720190;40987736.00
2011/03/14;3.11;3.20;3.11;3.20;3013951;73085336.00
2011/03/15;3.21;3.32;3.08;3.27;5610305;137821248.00
2011/03/16;3.23;3.26;3.18;3.21;2826212;69252752.00
2011/03/17;3.22;3.29;3.16;3.16;2899675;71602520.00
2011/03/18;3.19;3.26;3.16;3.22;2081325;51120560.00
2011/03/21;3.22;3.26;3.16;3.17;1592527;38832160.00
2011/03/22;3.17;3.19;3.11;3.14;1350056;32295388.00
2011/03/23;3.12;3.17;3.12;3.14;919281;22065632.00
2011/03/24;3.13;3.17;3.12;3.12;871798;20879684.00
2011/03/25;3.12;3.15;3.12;3.13;939979;22501584.00
2011/03/28;3.15;3.15;3.08;3.08;1449151;34413820.00
2011/03/29;3.08;3.26;3.02;3.22;4141427;99975200.00
2011/03/30;3.22;3.22;3.14;3.14;2853576;69196072.00
2011/03/31;3.08;3.10;2.96;2.97;2961599;68302688.00
2011/04/01;2.96;3.00;2.95;2.99;1306045;29790866.00
2011/04/06;2.99;2.99;2.94;2.95;863155;19595948.00
2011/04/07;2.95;2.97;2.92;2.97;793246;17921184.00
2011/04/08;2.97;2.98;2.95;2.98;693665;15815699.00
2011/04/11;2.98;2.99;2.93;2.94;922690;20930732.00
2011/04/12;2.94;2.96;2.93;2.93;623539;14058964.00
2011/04/13;2.93;2.95;2.92;2.95;590602;13321285.00
2011/04/14;2.97;2.97;2.93;2.93;671837;15133253.00
2011/04/15;2.93;2.94;2.89;2.90;928474;20740810.00
2011/04/18;2.91;2.91;2.86;2.88;974973;21532332.00
2011/04/19;2.88;2.91;2.87;2.89;727601;16152315.00
2011/04/20;2.88;2.91;2.87;2.90;623229;13837709.00
2011/04/21;2.90;2.92;2.90;2.91;679812;15181168.00
2011/04/22;2.91;2.91;2.84;2.84;1457300;32105160.00
2011/04/25;2.86;2.87;2.82;2.83;970214;21206736.00
2011/04/26;2.83;2.85;2.72;2.75;1070718;22850730.00
2011/04/27;2.75;2.78;2.67;2.68;987055;20603884.00
2011/04/28;2.68;2.70;2.54;2.55;1399812;28064362.00
2011/04/29;2.56;2.60;2.54;2.59;721099;14361459.00
2011/05/03;2.59;2.61;2.57;2.61;665957;13349240.00
2011/05/04;2.61;2.61;2.53;2.53;590352;11693713.00
2011/05/05;2.53;2.58;2.53;2.57;532971;10576117.00
2011/05/06;2.57;2.57;2.49;2.55;973144;19068042.00
2011/05/09;2.56;2.60;2.54;2.58;660849;13189418.00
2011/05/11;2.63;2.75;2.62;2.70;2400731;50112592.00
2011/05/12;2.64;2.68;2.62;2.62;1030704;21082182.00
2011/05/13;2.62;2.65;2.59;2.64;744622;15054977.00
2011/05/16;2.63;2.66;2.61;2.63;487611;9929962.00
2011/05/17;2.62;2.64;2.59;2.62;529070;10707867.00
2011/05/18;2.62;2.67;2.62;2.65;544734;11150170.00
2011/05/19;2.67;2.72;2.63;2.64;762628;15781092.00
2011/05/20;2.66;2.66;2.62;2.65;408288;8323313.50
2011/05/23;2.63;2.68;2.56;2.56;761800;15396781.00
2011/05/24;2.55;2.58;2.46;2.52;818521;15823777.00
2011/05/25;2.51;2.52;2.42;2.42;714400;13650534.00
2011/05/26;2.43;2.45;2.39;2.39;559356;10493802.00
2011/05/27;2.39;2.40;2.31;2.31;749809;13630453.00
2011/05/30;2.30;2.38;2.28;2.34;1077541;19482840.00
2011/05/31;2.34;2.42;2.33;2.41;837334;15538672.00
2011/06/01;2.40;2.42;2.37;2.41;620993;11565743.00
2011/06/02;2.36;2.39;2.31;2.37;654910;11976772.00
2011/06/03;2.36;2.51;2.36;2.50;1741328;33107220.00
2011/06/07;2.47;2.76;2.44;2.63;3565697;71231784.00
2011/06/08;2.57;2.61;2.51;2.57;1674036;33061772.00
2011/06/09;2.55;2.58;2.44;2.45;1177772;22811236.00
2011/06/10;2.45;2.46;2.36;2.41;835901;15650434.00
2011/06/13;2.39;2.47;2.33;2.45;500410;9398243.00
2011/06/14;2.45;2.47;2.44;2.46;524735;10027014.00
2011/06/15;2.43;2.47;2.41;2.42;376866;7109785.00
2011/06/16;2.41;2.42;2.38;2.38;334081;6227397.00
2011/06/17;2.39;2.40;2.33;2.34;304950;5569794.50
2011/06/20;2.34;2.35;2.29;2.32;382119;6840204.50
2011/06/21;2.32;2.37;2.32;2.37;296748;5376716.00
2011/06/22;2.37;2.41;2.36;2.38;401444;7362174.00
2011/06/23;2.38;2.50;2.38;2.47;1279692;24218514.00
2011/06/24;2.44;2.52;2.44;2.49;1331591;25362568.00
2011/06/27;2.48;2.52;2.46;2.50;710516;13627462.00
2011/06/28;2.50;2.50;2.46;2.48;575721;10952707.00
2011/06/29;2.49;2.51;2.45;2.45;630046;12016841.00
2011/06/30;2.43;2.49;2.43;2.48;479191;9113033.00
2011/07/01;2.48;2.51;2.48;2.49;605994;11623084.00
2011/07/04;2.49;2.55;2.49;2.54;836210;16236373.00
2011/07/05;2.55;2.62;2.51;2.58;1490624;29433436.00
2011/07/06;2.57;2.59;2.54;2.59;902312;17778022.00
2011/07/07;2.58;2.64;2.57;2.59;1302981;25969418.00
2011/07/08;2.58;2.59;2.55;2.57;691745;13631416.00
2011/07/11;2.57;2.59;2.54;2.59;634607;12529217.00
2011/07/12;2.57;2.58;2.50;2.51;822016;16025413.00
2011/07/13;2.51;2.57;2.51;2.57;577732;11308201.00
2011/07/14;2.57;2.64;2.57;2.63;1419243;28365610.00
2011/07/15;2.64;2.67;2.62;2.66;1155933;23491898.00
2011/07/18;2.68;2.70;2.61;2.63;1104876;22469952.00
2011/07/19;2.62;2.66;2.58;2.60;774157;15441681.00
2011/07/20;2.63;2.68;2.60;2.63;963833;19465682.00
2011/07/21;2.61;2.64;2.59;2.59;549534;10957864.00
2011/07/22;2.59;2.63;2.58;2.58;426591;8490746.00
2011/07/25;2.59;2.64;2.49;2.50;1054830;20730456.00
2011/07/26;2.49;2.53;2.49;2.51;332140;6375572.50
2011/07/27;2.50;2.54;2.48;2.54;535449;10336618.00
2011/07/28;2.53;2.54;2.50;2.53;383380;7406752.50
2011/07/29;2.51;2.55;2.50;2.51;446715;8657187.00
2011/08/01;2.50;2.55;2.50;2.54;420622;8176833.50
2011/08/02;2.50;2.54;2.46;2.50;603244;11536231.00
2011/08/03;2.47;2.55;2.44;2.55;1081960;20994596.00
2011/08/04;2.54;2.57;2.53;2.55;695711;13616663.00
2011/08/05;2.44;2.54;2.44;2.47;800265;15266840.00
2011/08/08;2.44;2.48;2.26;2.32;1048632;19084850.00
2011/08/09;2.26;2.29;2.19;2.27;914653;15867205.00
2011/08/10;2.31;2.34;2.28;2.29;941107;16812352.00
2011/08/11;2.25;2.33;2.22;2.32;898981;15906110.00
2011/08/12;2.33;2.37;2.33;2.35;591919;10734385.00
2011/08/15;2.38;2.43;2.35;2.42;829596;15283596.00
2011/08/16;2.41;2.43;2.38;2.39;590695;10906235.00
2011/08/17;2.39;2.42;2.38;2.39;453695;8384684.00
2011/08/18;2.39;2.40;2.31;2.31;715877;12915912.00
2011/08/19;2.25;2.31;2.24;2.29;366527;6455369.00
2011/08/22;2.30;2.33;2.29;2.30;322593;5751114.50
2011/08/23;2.30;2.53;2.30;2.45;1955128;36774980.00
2011/08/24;2.44;2.45;2.38;2.39;1402912;26045524.00
2011/08/25;2.38;2.44;2.38;2.43;827446;15392090.00
2011/08/26;2.43;2.54;2.41;2.49;1977874;38005500.00
2011/08/29;2.46;2.48;2.43;2.44;968253;18247522.00
2011/08/30;2.46;2.48;2.40;2.40;785189;14789618.00
2011/08/31;2.40;2.43;2.36;2.39;479724;8831148.00
2011/09/01;2.41;2.49;2.39;2.42;873499;16435576.00
2011/09/02;2.38;2.45;2.35;2.38;412444;7565941.50
2011/09/05;2.35;2.36;2.30;2.30;470890;8428625.00
2011/09/06;2.26;2.31;2.26;2.28;273342;4821029.50
2011/09/07;2.31;2.34;2.29;2.33;427584;7640148.50
2011/09/08;2.35;2.35;2.31;2.32;276835;4976342.00
2011/09/09;2.31;2.33;2.30;2.30;183100;3266435.00
2011/09/13;2.27;2.32;2.25;2.32;494666;8770616.00
2011/09/14;2.32;2.33;2.28;2.33;251850;4497341.50
2011/09/15;2.33;2.36;2.29;2.33;446268;8049374.50
2011/09/16;2.33;2.35;2.30;2.30;285008;5109663.50
2011/09/19;2.29;2.33;2.26;2.27;273101;4810780.50
2011/09/20;2.28;2.30;2.25;2.28;327350;5741485.50
2011/09/21;2.28;2.35;2.26;2.33;600787;10745661.00
2011/09/22;2.31;2.32;2.26;2.29;534433;9486711.00
2011/09/23;2.24;2.30;2.24;2.26;420073;7342902.50
2011/09/26;2.28;2.28;2.24;2.24;219600;3827975.50
2011/09/27;2.24;2.26;2.22;2.24;203550;3528283.50
2011/09/28;2.26;2.26;2.20;2.21;254025;4391091.00
2011/09/29;2.21;2.21;2.13;2.13;367380;6143513.50
2011/09/30;2.16;2.16;2.10;2.11;265700;4379728.00
2011/10/10;2.13;2.16;2.13;2.14;343989;5722508.50
2011/10/11;2.37;2.37;2.23;2.27;3980388;71908696.00
2011/10/12;2.21;2.33;2.14;2.31;2659062;45968464.00
2011/10/13;2.28;2.33;2.26;2.31;1541195;27370446.00
2011/10/14;2.31;2.31;2.23;2.25;967961;16923530.00
2011/10/17;2.28;2.30;2.25;2.28;911979;16034741.00
2011/10/18;2.26;2.26;2.17;2.17;1068244;18263846.00
2011/10/19;2.17;2.21;2.15;2.17;406666;6855331.50
2011/10/20;2.17;2.17;2.11;2.14;496467;8193376.00
2011/10/21;2.15;2.16;2.12;2.12;329485;5477468.50
2011/10/24;2.12;2.16;2.05;2.14;592579;9705143.00
2011/10/25;2.14;2.19;2.13;2.18;770490;12941152.00
2011/10/26;2.17;2.21;2.15;2.19;929266;15731365.00
2011/10/27;2.17;2.20;2.16;2.18;591245;9998042.00
2011/10/28;2.20;2.23;2.18;2.23;968527;16563066.00
2011/10/31;2.22;2.26;2.22;2.23;775473;13420988.00
2011/11/08;2.47;2.47;2.34;2.36;5936434;110348312.00
2011/11/09;2.37;2.37;2.29;2.34;3515339;63010840.00
2011/11/10;2.30;2.50;2.30;2.38;4345643;80428888.00
2011/11/11;2.39;2.40;2.34;2.36;1771883;32255470.00
2011/11/14;2.36;2.42;2.36;2.39;1713136;31499628.00
2011/11/15;2.39;2.41;2.36;2.37;1601712;29361588.00
2011/11/16;2.37;2.37;2.29;2.30;1480570;26593548.00
2011/11/17;2.30;2.33;2.29;2.30;804449;14317810.00
2011/11/18;2.28;2.30;2.23;2.23;755807;13222502.00
2011/11/21;2.23;2.25;2.21;2.24;516080;8897442.00
2011/11/22;2.22;2.24;2.20;2.23;535433;9213826.00
2011/11/23;2.23;2.27;2.23;2.23;639150;11090258.00
2011/11/24;2.22;2.22;2.18;2.21;538749;9184222.00
2011/11/25;2.22;2.23;2.17;2.18;409720;6968553.00
2011/11/28;2.19;2.21;2.18;2.19;360051;6110154.50
2011/11/29;2.21;2.25;2.21;2.24;636393;10982118.00
2011/11/30;2.24;2.24;2.06;2.11;1094391;18157402.00
2011/12/02;2.14;2.16;2.09;2.11;665031;10969390.00
2011/12/05;2.12;2.14;2.07;2.08;638500;10448074.00
2011/12/06;2.06;2.09;2.04;2.09;393930;6346020.50
2011/12/07;2.08;2.11;2.07;2.09;217878;3539992.50
2011/12/08;2.08;2.11;2.06;2.08;455297;7394866.00
2011/12/09;2.07;2.08;2.06;2.07;331859;5339331.50
2011/12/12;2.06;2.08;2.04;2.04;286400;4587417.00
2011/12/13;2.04;2.04;1.95;1.95;500949;7723080.00
2011/12/14;1.95;1.97;1.93;1.93;252346;3844494.00
2011/12/15;1.93;1.94;1.88;1.89;403588;6027400.00
2011/12/16;1.91;1.93;1.89;1.93;442288;6592947.00
2011/12/19;1.92;1.95;1.89;1.94;375921;5637719.50
2011/12/20;1.93;1.98;1.93;1.94;430045;6567904.50
2011/12/21;1.96;1.97;1.88;1.88;406100;6137067.00
2011/12/22;1.88;1.88;1.76;1.83;514517;7371791.50
2011/12/23;1.80;1.86;1.80;1.83;185653;2679471.25
2011/12/26;1.79;1.84;1.79;1.80;134556;1926966.25
2011/12/27;1.79;1.80;1.74;1.75;290069;4049464.00
2011/12/28;1.73;1.75;1.64;1.68;481760;6442638.50
2011/12/29;1.68;1.70;1.67;1.67;286148;3809665.50
2011/12/30;1.67;1.73;1.67;1.70;527909;7124953.50
2012/01/04;1.71;1.73;1.64;1.64;355850;4736934.00
2012/01/05;1.64;1.65;1.55;1.57;548491;6971850.00
2012/01/06;1.54;1.58;1.52;1.57;403942;4975778.00
2012/01/09;1.57;1.63;1.55;1.63;558206;7118012.50
2012/01/10;1.63;1.71;1.63;1.71;762510;10144995.00
2012/01/11;1.71;1.76;1.68;1.76;954513;12953627.00
2012/01/12;1.82;1.82;1.67;1.67;3692599;49567812.00
2012/01/13;1.67;1.67;1.58;1.58;1487698;19019050.00
2012/01/16;1.56;1.58;1.52;1.53;466898;5770411.00
2012/01/17;1.53;1.65;1.52;1.63;1171582;14809463.00
2012/01/18;1.61;1.66;1.59;1.59;649656;8368675.00
2012/01/19;1.58;1.63;1.58;1.60;802126;10219914.00
2012/01/20;1.63;1.64;1.60;1.63;652782;8405786.00
2012/01/31;1.61;1.64;1.58;1.63;883260;11301766.00
2012/02/01;1.64;1.65;1.60;1.61;524861;6764152.00
2012/02/02;1.61;1.64;1.61;1.64;537252;6948308.00
2012/02/03;1.66;1.68;1.65;1.67;1644194;21730614.00
2012/02/06;1.67;1.69;1.66;1.68;881421;11672420.00
2012/02/07;1.68;1.68;1.63;1.63;649293;8461823.00
2012/02/08;1.63;1.68;1.62;1.67;939871;12321837.00
2012/02/09;1.67;1.71;1.65;1.70;1475693;19773126.00
2012/02/10;1.69;1.71;1.68;1.69;1197919;16092834.00
2012/02/13;1.67;1.73;1.67;1.72;1140986;15429762.00
2012/02/14;1.71;1.73;1.70;1.71;743145;10050489.00
2012/02/15;1.71;1.75;1.71;1.74;1203397;16497160.00
2012/02/16;1.74;1.77;1.71;1.74;1108647;15218566.00
2012/02/17;1.74;1.76;1.72;1.73;807321;11058661.00
2012/02/20;1.75;1.77;1.74;1.75;1153764;15978246.00
2012/02/21;1.75;1.77;1.71;1.77;1188585;16368845.00
2012/02/22;1.77;1.81;1.76;1.81;1699928;23981316.00
2012/02/23;1.81;1.83;1.80;1.82;1616947;23098832.00
2012/02/24;1.84;1.84;1.81;1.84;1407523;20196064.00
2012/02/27;1.84;1.88;1.83;1.84;2239159;32564378.00
2012/02/28;1.85;1.91;1.82;1.91;3029662;44477584.00
2012/02/29;1.90;1.94;1.87;1.88;2476514;36926552.00
2012/03/01;1.87;1.91;1.87;1.89;1377186;20424810.00
2012/03/02;1.88;1.94;1.88;1.94;1541243;23183632.00
2012/03/05;1.94;1.98;1.92;1.92;1637867;24846670.00
2012/03/06;1.92;1.94;1.88;1.89;1329495;19767430.00
2012/03/07;1.88;1.91;1.86;1.86;1503943;22234626.00
2012/03/08;1.88;1.90;1.87;1.90;921434;13613610.00
2012/03/09;1.90;1.94;1.90;1.94;1377171;20704958.00
2012/03/12;1.94;1.94;1.91;1.93;1085276;16329103.00
2012/03/13;2.08;2.14;2.08;2.14;3737702;61975708.00
2012/03/14;2.26;2.30;2.14;2.17;13939276;240372896.00
2012/03/15;2.23;2.33;2.20;2.25;9118143;158912624.00
2012/03/16;2.20;2.23;2.15;2.22;5379966;91131688.00
2012/03/19;2.20;2.26;2.16;2.22;3959213;67935280.00
2012/03/20;2.22;2.22;2.09;2.09;4707604;77825976.00
2012/03/21;2.10;2.11;2.00;2.05;3086554;49140504.00
2012/03/22;2.05;2.10;2.04;2.06;1894236;30561242.00
2012/03/23;2.06;2.06;2.00;2.03;1254471;19800448.00
2012/03/26;2.02;2.08;1.99;2.07;1646584;26185904.00
2012/03/27;2.08;2.08;2.00;2.01;1349161;21485622.00
2012/03/28;1.99;1.99;1.89;1.90;1776387;26978194.00
2012/03/29;1.87;1.94;1.86;1.89;969810;14459276.00
2012/03/30;1.90;1.96;1.88;1.96;1372366;20624156.00
2012/04/05;1.97;2.06;1.97;2.05;1755454;27739686.00
2012/04/06;2.04;2.08;2.03;2.05;1150870;18360458.00
2012/04/09;2.04;2.09;2.03;2.05;1297374;20883332.00
2012/04/10;2.05;2.14;1.99;2.14;2054308;33137226.00
2012/04/11;2.03;2.08;1.99;2.05;2588546;41101584.00
2012/04/12;2.03;2.06;2.00;2.05;2036040;32216298.00
2012/04/13;2.05;2.06;2.02;2.03;1336620;21226864.00
2012/04/16;2.03;2.13;2.03;2.11;2618465;42520900.00
2012/04/17;2.07;2.11;2.07;2.08;1452483;23535308.00
2012/04/18;2.08;2.14;2.08;2.13;2515774;41388448.00
2012/04/19;2.15;2.17;2.12;2.13;2583843;43023184.00
2012/04/20;2.11;2.21;2.11;2.18;3040079;51360896.00
2012/04/23;2.18;2.19;2.15;2.15;1935661;32560156.00
2012/04/24;2.14;2.15;2.01;2.10;2291139;37114780.00
2012/04/25;2.09;2.15;2.09;2.12;1814691;29909718.00
2012/04/26;2.14;2.19;2.14;2.14;1661932;27863994.00
2012/04/27;2.14;2.16;2.09;2.09;1233815;20176014.00
2012/05/02;2.13;2.17;2.09;2.15;1653779;27504838.00
2012/05/03;2.15;2.21;2.13;2.20;2063259;34694148.00
2012/05/04;2.19;2.21;2.17;2.19;1580813;26766936.00
2012/05/07;2.18;2.26;2.17;2.25;3328183;57011524.00
2012/05/08;2.25;2.28;2.23;2.24;3231705;56426312.00
2012/05/09;2.23;2.23;2.17;2.17;2301133;39158192.00
2012/05/10;2.17;2.20;2.16;2.17;1301634;21998182.00
2012/05/11;2.17;2.22;2.16;2.16;1139368;19312896.00
2012/05/14;2.18;2.19;2.14;2.14;1010799;16949420.00
2012/05/15;2.14;2.14;2.07;2.10;1522477;24840184.00
2012/05/17;2.07;2.13;2.06;2.11;1149454;18690282.00
2012/05/18;2.09;2.09;2.04;2.04;1131394;18110274.00
2012/05/21;2.04;2.07;2.03;2.05;750805;11964823.00
2012/05/22;2.07;2.07;2.04;2.07;917172;14705645.00
2012/05/23;2.12;2.12;2.03;2.05;1239023;19905740.00
2012/05/24;2.04;2.09;2.04;2.05;1062577;17092144.00
2012/05/25;2.05;2.07;2.00;2.01;813567;12823819.00
2012/05/28;2.00;2.03;1.95;2.02;1064175;16408185.00
2012/05/29;2.02;2.07;2.01;2.06;1016596;16166054.00
2012/05/30;2.06;2.17;2.05;2.10;2632579;43290744.00
2012/05/31;2.08;2.10;2.06;2.09;1640887;26506836.00
2012/06/01;2.08;2.10;2.07;2.08;1125785;18231730.00
2012/06/04;2.02;2.03;1.97;1.97;1489210;23259382.00
2012/06/05;1.98;2.00;1.97;1.97;691651;10680030.00
2012/06/06;1.99;1.99;1.96;1.97;527912;8035292.50
2012/06/07;2.01;2.02;1.96;1.96;600763;9163872.00
2012/06/08;1.98;2.03;1.96;1.99;824059;12666580.00
2012/06/14;2.08;2.16;2.07;2.07;3234082;52269504.00
2012/06/15;2.06;2.11;2.06;2.10;1700159;27235004.00
2012/06/18;2.14;2.15;2.11;2.13;2097155;34286684.00
2012/06/19;2.13;2.14;2.10;2.11;1142614;18476258.00
2012/06/20;2.11;2.12;2.09;2.11;719841;11632945.00
2012/06/21;2.09;2.10;2.06;2.07;782546;12469933.00
2012/06/25;2.06;2.09;2.04;2.04;693697;11027011.00
2012/06/26;2.03;2.08;2.03;2.06;547479;8646315.00
2012/06/27;2.06;2.09;2.05;2.05;707663;11259981.00
2012/06/28;2.06;2.06;1.98;1.99;936448;14633619.00
2012/06/29;1.98;2.03;1.97;2.03;557707;8605334.00
2012/07/02;2.04;2.08;2.03;2.07;1141051;18018854.00
2012/07/03;2.07;2.09;2.05;2.07;1065847;16943230.00
2012/07/04;2.06;2.14;2.06;2.14;2437332;39522108.00
2012/07/05;2.13;2.13;2.08;2.12;1609174;26074234.00
2012/07/06;2.17;2.17;2.10;2.15;1942717;31840676.00
2012/07/09;2.13;2.16;2.09;2.10;1688117;27517018.00
2012/07/10;2.08;2.13;2.08;2.12;1650613;26753098.00
2012/07/11;2.12;2.15;2.05;2.07;2532338;40705424.00
2012/07/12;2.06;2.08;2.00;2.07;1565966;24636364.00
2012/07/13;2.07;2.15;2.05;2.14;3250095;53029036.00
2012/07/16;2.12;2.19;2.11;2.13;3967073;65623852.00
2012/07/17;2.11;2.18;2.10;2.17;2826262;46633600.00
2012/07/18;2.16;2.24;2.13;2.24;4709102;79199008.00
2012/07/19;2.22;2.24;2.19;2.21;2949410;49994648.00
2012/07/20;2.21;2.29;2.18;2.19;3300350;56510812.00
2012/07/23;2.17;2.18;2.12;2.15;1780929;29265732.00
2012/07/24;2.14;2.19;2.13;2.19;1662058;27606656.00
2012/07/25;2.18;2.19;2.11;2.11;1713753;28267370.00
2012/07/26;2.10;2.15;2.08;2.08;1540376;24999972.00
2012/07/27;2.08;2.11;2.06;2.08;1493567;23844406.00
2012/07/30;2.08;2.10;2.04;2.05;1043162;16591867.00
2012/07/31;2.04;2.04;1.83;1.83;3434357;49244968.00
2012/08/01;1.81;1.85;1.75;1.83;1419751;19939308.00
2012/08/02;1.83;1.83;1.73;1.75;1362792;18722232.00
2012/08/03;1.77;1.80;1.75;1.80;861539;11860432.00
2012/08/06;1.79;1.88;1.78;1.87;1599060;22870728.00
2012/08/07;1.88;1.90;1.87;1.89;1215239;17696404.00
2012/08/08;1.89;1.91;1.87;1.91;1064599;15586498.00
2012/08/09;1.90;1.97;1.89;1.97;1597765;23904990.00
2012/08/10;1.97;1.97;1.91;1.91;2172301;32330362.00
2012/08/13;1.91;1.92;1.85;1.85;1149302;16696824.00
2012/08/14;1.84;1.89;1.83;1.89;871971;12557505.00
2012/08/15;1.90;1.90;1.85;1.85;603933;8728038.00
2012/08/16;1.85;1.91;1.84;1.87;917286;13324604.00
2012/08/17;1.87;1.90;1.86;1.88;684580;9932242.00
2012/08/20;1.87;1.89;1.82;1.88;555350;7973595.00
2012/08/21;1.88;1.91;1.86;1.91;1005062;14760522.00
2012/08/22;1.92;1.94;1.89;1.89;887553;13103883.00
2012/08/23;1.91;1.91;1.87;1.91;643920;9430354.00
2012/08/24;1.89;1.91;1.86;1.87;609713;8860747.00
2012/08/27;1.86;1.86;1.80;1.81;710164;9994483.00
2012/08/28;1.81;1.84;1.81;1.82;458226;6468121.50
2012/08/29;1.81;1.84;1.81;1.82;428704;6062965.50
2012/08/30;1.83;1.86;1.78;1.83;998788;14168359.00
2012/08/31;1.85;1.85;1.82;1.84;555190;7887864.00
2012/09/03;1.82;1.87;1.82;1.87;816411;11745425.00
2012/09/04;1.87;1.88;1.85;1.86;677957;9791966.00
2012/09/05;1.84;1.89;1.83;1.88;947911;13676010.00
2012/09/06;1.87;1.90;1.86;1.90;851300;12373533.00
2012/09/07;1.90;2.07;1.90;2.00;4198400;64880136.00
2012/09/10;2.00;2.01;1.97;1.99;2143203;32748186.00
2012/09/11;1.98;2.17;1.97;2.03;2545618;39852072.00
2012/09/12;2.02;2.05;1.99;2.02;1269690;19715546.00
2012/09/13;2.01;2.04;1.97;1.97;951457;14667302.00
2012/09/14;2.00;2.01;1.96;1.98;744740;11376389.00
2012/09/17;1.99;2.00;1.92;1.92;722232;10850830.00
2012/09/18;1.92;1.94;1.90;1.92;451636;6712960.00
2012/09/19;1.92;1.95;1.92;1.94;378156;5643584.00
2012/09/20;1.94;1.94;1.84;1.84;948507;13823440.00
2012/09/21;1.85;1.87;1.83;1.84;296796;4245922.50
2012/09/24;1.82;1.86;1.81;1.85;328867;4685727.00
2012/09/25;1.85;1.86;1.82;1.82;336284;4787991.00
2012/09/26;1.85;1.85;1.77;1.77;422393;5894045.00
2012/09/27;1.78;1.85;1.78;1.82;562618;7897745.00
2012/09/28;1.82;1.85;1.81;1.85;524506;7456196.50
2012/10/08;1.88;1.88;1.83;1.83;469410;6697571.00
2012/10/09;1.84;1.89;1.84;1.88;819357;11881380.00
2012/10/10;1.88;1.90;1.87;1.90;569834;8297241.50
2012/10/11;1.90;1.90;1.85;1.85;810430;11710900.00
2012/10/12;1.86;1.88;1.83;1.86;388896;5573935.50
2012/10/15;1.87;1.88;1.84;1.88;580460;8392280.00
2012/10/16;1.87;1.90;1.86;1.87;745883;10858840.00
2012/10/17;1.88;1.89;1.87;1.88;638213;9276660.00
2012/10/18;1.88;1.92;1.88;1.92;1026255;15143596.00
2012/10/19;1.93;1.96;1.90;1.93;1224588;18245948.00
2012/10/22;1.92;1.93;1.90;1.92;604150;8919725.00
2012/10/23;1.93;1.93;1.89;1.91;686653;10107674.00
2012/10/24;1.89;1.94;1.89;1.93;820368;12160622.00
2012/10/25;1.97;1.97;1.90;1.91;1312392;19627574.00
2012/10/26;1.90;1.91;1.86;1.86;681750;9910097.00
2012/10/29;1.86;1.87;1.84;1.85;340601;4897195.00
2012/10/30;1.85;1.89;1.84;1.89;488129;7055760.50
2012/10/31;1.89;1.90;1.88;1.90;397379;5801040.00
2012/11/01;1.90;1.94;1.89;1.92;1091157;16173305.00
2012/11/02;1.92;1.93;1.91;1.93;532063;7890009.50
2012/11/05;1.93;1.97;1.93;1.96;1481366;22332580.00
2012/11/06;1.96;1.96;1.92;1.95;731832;10943244.00
2012/11/07;1.95;1.96;1.93;1.94;583694;8729863.00
2012/11/08;1.90;1.93;1.89;1.89;675424;9946867.00
2012/11/09;1.89;1.91;1.89;1.90;446966;6544600.50
2012/11/12;1.90;1.92;1.88;1.92;294749;4344967.00
2012/11/13;1.92;1.92;1.87;1.88;357251;5222380.00
2012/11/14;1.88;1.91;1.88;1.91;379199;5561004.00
2012/11/15;1.90;1.90;1.83;1.85;630923;9108527.00
2012/11/16;1.84;1.86;1.81;1.86;412517;5855728.00
2012/11/19;1.84;1.88;1.84;1.87;281779;4048894.25
2012/11/20;1.88;1.88;1.86;1.86;229814;3321596.25
2012/11/21;1.86;1.88;1.83;1.88;475748;6860741.00
2012/11/22;1.88;1.88;1.85;1.86;291011;4197675.00
2012/11/23;1.87;1.88;1.86;1.86;373012;5380708.50
2012/11/26;1.86;1.86;1.83;1.83;328255;4677388.00
2012/11/27;1.82;1.82;1.73;1.74;629967;8677864.00
2012/11/28;1.74;1.74;1.69;1.70;345565;4599344.00
2012/11/29;1.70;1.72;1.67;1.68;352931;4666045.00
2012/11/30;1.68;1.71;1.68;1.69;245796;3239294.50
2012/12/03;1.69;1.69;1.64;1.64;327444;4257264.00
2012/12/04;1.65;1.66;1.60;1.65;516891;6572816.50
2012/12/05;1.65;1.73;1.62;1.70;940940;12380558.00
2012/12/06;1.70;1.74;1.69;1.71;717463;9571323.00
2012/12/07;1.71;1.75;1.70;1.75;642512;8692790.00
2012/12/10;1.75;1.78;1.74;1.77;639319;8746578.00
2012/12/11;1.77;1.77;1.75;1.76;659668;8997364.00
2012/12/12;1.76;1.76;1.72;1.75;507660;6872146.00
2012/12/13;1.73;1.75;1.72;1.73;285141;3845566.50
2012/12/14;1.74;1.80;1.73;1.80;1141051;15762216.00
2012/12/17;1.81;1.83;1.79;1.81;882752;12374224.00
2012/12/18;1.81;1.83;1.79;1.79;816110;11435791.00
2012/12/19;1.83;1.88;1.81;1.81;1202146;17100956.00
2012/12/20;1.78;1.86;1.77;1.85;1440891;20297590.00
2012/12/21;1.86;1.90;1.83;1.89;2180339;31532436.00
2012/12/24;1.89;1.93;1.88;1.90;1548427;22762236.00
2012/12/25;1.90;2.06;1.89;2.03;5185885;79844816.00
2012/12/26;2.01;2.05;2.01;2.04;3411462;53465276.00
2012/12/27;2.05;2.10;2.00;2.03;3731140;59008648.00
2012/12/28;2.01;2.10;1.99;2.09;3540081;55733368.00
2012/12/31;2.10;2.13;2.04;2.05;2607401;41316044.00
2013/01/04;2.04;2.06;2.01;2.04;1734406;27211278.00
2013/01/07;2.05;2.10;2.05;2.09;2563302;40920636.00
2013/01/08;2.09;2.15;2.09;2.10;2592170;42171168.00
2013/01/09;2.10;2.12;2.05;2.07;2406861;38543244.00
2013/01/10;2.08;2.12;2.06;2.09;2313479;37150664.00
2013/01/11;2.09;2.20;2.07;2.10;4214264;68993496.00
2013/01/14;2.10;2.20;2.10;2.19;3721140;61802208.00
2013/01/15;2.19;2.24;2.18;2.20;3431891;57782372.00
2013/01/16;2.22;2.22;2.15;2.22;2931976;49139800.00
2013/01/17;2.20;2.22;2.15;2.16;1833894;30623168.00
2013/01/18;2.16;2.19;2.14;2.18;1635330;27111114.00
2013/01/21;2.17;2.19;2.12;2.17;1974637;32624014.00
2013/01/22;2.17;2.17;2.08;2.08;2648442;43009680.00
2013/01/23;2.06;2.08;2.01;2.06;2476979;38961792.00
2013/01/24;2.06;2.10;1.99;2.01;2064519;32592086.00
2013/01/25;2.01;2.05;2.01;2.04;825046;12927424.00
2013/01/28;2.04;2.09;2.04;2.09;1185298;18949568.00
2013/01/29;2.09;2.15;2.09;2.14;1475809;24043498.00
2013/01/30;2.14;2.15;2.09;2.10;1415890;22890820.00
2013/01/31;2.11;2.17;2.10;2.11;1335647;21754132.00
2013/02/01;2.11;2.13;2.10;2.12;1240733;20132620.00
2013/02/04;2.12;2.14;2.08;2.09;1150188;18529954.00
2013/02/05;1.99;2.08;1.99;2.07;1797436;28334762.00
2013/02/06;2.07;2.16;2.05;2.15;2202722;35826972.00
2013/02/07;2.14;2.24;2.14;2.22;4427794;75116192.00
2013/02/08;2.33;2.46;2.26;2.46;7187955;131844520.00
2013/02/18;2.62;2.71;2.59;2.60;13988231;280727552.00
2013/02/19;2.57;2.67;2.55;2.59;7872832;156374784.00
2013/02/20;2.57;2.63;2.53;2.59;5552285;108233888.00
2013/02/21;2.57;2.58;2.47;2.48;4868763;93366632.00
2013/02/22;2.46;2.50;2.44;2.46;2862495;53807444.00
2013/02/25;2.44;2.52;2.43;2.49;2544056;48132956.00
2013/02/26;2.48;2.52;2.44;2.44;2161934;40796364.00
2013/02/27;2.45;2.48;2.32;2.36;3224490;58657312.00
2013/02/28;2.40;2.53;2.38;2.51;3967352;74827320.00
2013/03/01;2.51;2.54;2.47;2.53;3108381;59148400.00
2013/03/04;2.49;2.50;2.39;2.42;2625852;48959812.00
2013/03/05;2.42;2.49;2.42;2.48;1646791;30760128.00
2013/03/06;2.48;2.58;2.48;2.56;3057300;59030020.00
2013/03/07;2.56;2.66;2.52;2.60;4554528;89342456.00
2013/03/08;2.57;2.68;2.54;2.55;4192486;83308104.00
2013/03/11;2.56;2.62;2.53;2.54;2120091;41177284.00
2013/03/12;2.54;2.55;2.39;2.42;2505074;46747224.00
2013/03/13;2.43;2.44;2.39;2.41;1215319;22309012.00
2013/03/14;2.41;2.47;2.41;2.41;1039181;19266170.00
2013/03/15;2.41;2.47;2.41;2.41;1376631;25527478.00
2013/03/18;2.41;2.47;2.39;2.43;1210337;22411246.00
2013/03/19;2.44;2.46;2.38;2.41;1220417;22454304.00
2013/03/20;2.43;2.55;2.43;2.54;2813204;53298000.00
2013/03/21;2.55;2.58;2.51;2.54;2207956;42625648.00
2013/03/22;2.53;2.57;2.52;2.55;1525315;29526906.00
2013/03/25;2.55;2.60;2.54;2.58;2210869;43223868.00
2013/03/26;2.59;2.63;2.54;2.60;3014963;59302872.00
2013/03/27;2.60;2.66;2.60;2.62;2698160;53767112.00
2013/03/28;2.60;2.60;2.50;2.51;2325640;44818200.00
2013/03/29;2.52;2.54;2.51;2.53;1146007;22019608.00
2013/04/01;2.50;2.53;2.48;2.51;1215180;23149042.00
2013/04/02;2.51;2.54;2.42;2.42;1479773;27891792.00
2013/04/03;2.42;2.44;2.35;2.38;1286253;23362400.00
2013/04/08;2.38;2.45;2.35;2.45;1068477;19601274.00
2013/04/09;2.44;2.49;2.44;2.46;767716;14373534.00
2013/04/10;2.46;2.48;2.40;2.43;950689;17647188.00
2013/04/11;2.43;2.46;2.42;2.43;529669;9823353.00
2013/04/12;2.43;2.45;2.40;2.40;459666;8463437.00
2013/04/15;2.44;2.44;2.35;2.35;584280;10569574.00
2013/04/16;2.37;2.41;2.33;2.40;563395;10158601.00
2013/04/17;2.41;2.42;2.38;2.41;656344;12021301.00
2013/04/18;2.41;2.47;2.38;2.47;1139559;21265424.00
2013/04/19;2.47;2.53;2.46;2.51;1601911;30571672.00
2013/04/22;2.49;2.57;2.49;2.57;1806302;34914768.00
2013/04/23;2.58;2.60;2.47;2.48;1890498;36208284.00
2013/04/24;2.47;2.59;2.47;2.59;2673077;52046448.00
2013/04/25;2.59;2.62;2.54;2.55;2625806;51494648.00
2013/04/26;2.55;2.58;2.48;2.52;1692762;32403458.00
2013/05/02;2.51;2.54;2.49;2.53;828270;15870050.00
2013/05/03;2.53;2.61;2.52;2.53;2638922;51297376.00
2013/05/06;2.52;2.61;2.52;2.61;2666064;51938428.00
2013/05/07;2.60;2.67;2.58;2.66;3707620;74179688.00
2013/05/08;2.67;2.67;2.63;2.66;2740646;55083912.00
2013/05/09;2.66;2.66;2.58;2.63;2326966;46151916.00
2013/05/10;2.69;2.91;2.69;2.91;11534404;248543696.00
2013/05/13;2.98;3.00;2.83;2.86;9538866;209226080.00
2013/05/14;2.82;2.82;2.68;2.73;6214877;128380784.00
2013/05/15;2.74;2.83;2.71;2.82;4228302;88434400.00
2013/05/16;2.79;2.85;2.75;2.76;4585453;96859680.00
2013/05/17;2.74;2.77;2.69;2.76;4709273;97618280.00
2013/05/20;2.76;2.98;2.75;2.91;14409478;152456240.00
2013/05/21;2.88;2.92;2.83;2.89;11134169;118892120.00
2013/05/22;2.88;2.98;2.87;2.88;11009809;119560456.00
2013/05/23;2.92;3.01;2.90;2.98;15719643;172842736.00
2013/05/24;2.95;2.98;2.90;2.96;8532607;93449000.00
2013/05/27;2.97;3.00;2.88;2.93;9071027;98778216.00
2013/05/28;2.90;2.92;2.78;2.81;9224631;97543200.00
2013/05/29;2.82;2.86;2.79;2.86;4572146;48253584.00
2013/05/30;2.83;2.88;2.82;2.84;4376580;46351020.00
2013/05/31;2.83;2.85;2.78;2.78;6134293;64097668.00
2013/06/03;2.76;2.81;2.72;2.73;5087132;52446968.00
2013/06/04;2.74;2.76;2.66;2.68;4247798;42763272.00
2013/06/05;2.67;2.69;2.64;2.68;2316599;23083856.00
2013/06/06;2.67;2.68;2.54;2.55;4293836;41738296.00
2013/06/07;2.54;2.63;2.54;2.57;2873337;27745652.00
2013/06/13;2.53;2.53;2.39;2.44;2769254;25223188.00
2013/06/14;2.44;2.51;2.44;2.48;2320279;21425776.00
2013/06/17;2.51;2.51;2.46;2.46;2119443;19632396.00
2013/06/18;2.48;2.51;2.45;2.49;1667142;15457929.00
2013/06/19;2.48;2.48;2.38;2.44;2258869;20459022.00
2013/06/20;2.43;2.43;2.29;2.31;2327902;20644974.00
2013/06/21;2.26;2.28;2.16;2.25;2074320;17406140.00
2013/06/24;2.25;2.27;2.07;2.08;3372041;27227720.00
2013/06/25;2.05;2.11;1.86;2.11;3895702;29486244.00
2013/06/26;2.10;2.17;2.07;2.16;3016285;24227850.00
2013/06/27;2.17;2.19;2.10;2.10;2409579;19404530.00
2013/06/28;2.10;2.15;2.06;2.08;1649105;13079946.00
2013/07/01;2.12;2.14;2.08;2.13;1501225;11932838.00
2013/07/02;2.15;2.15;2.10;2.13;1968949;15773680.00
2013/07/03;2.15;2.15;2.08;2.12;2314879;18363136.00
2013/07/04;2.09;2.16;2.06;2.12;2845672;22668600.00
2013/07/05;2.13;2.23;2.11;2.16;3914677;31951182.00
2013/07/08;2.12;2.12;1.98;1.99;3286504;25182936.00
2013/07/09;1.99;2.02;1.92;1.96;1432611;10615886.00
2013/07/10;1.94;2.03;1.94;2.02;1540538;11616956.00
2013/07/11;2.02;2.11;2.02;2.10;2852638;22346844.00
2013/07/12;2.10;2.18;2.09;2.10;3264738;26176198.00
2013/07/15;2.08;2.14;2.08;2.13;2630532;21006568.00
2013/07/16;2.14;2.20;2.13;2.20;3701183;30335390.00
2013/07/17;2.21;2.21;2.13;2.14;2516776;20548262.00
2013/07/18;2.13;2.16;2.11;2.14;1888563;15245840.00
2013/07/19;2.14;2.17;2.06;2.06;2223026;17774194.00
2013/07/22;2.04;2.08;2.00;2.08;2550398;19610288.00
2013/07/23;2.08;2.29;2.08;2.29;8646712;73885560.00
2013/07/24;2.31;2.43;2.28;2.40;14563508;128814616.00
2013/07/25;2.38;2.38;2.29;2.31;5521326;48278708.00
2013/07/26;2.30;2.36;2.27;2.33;4438914;38602324.00
2013/07/29;2.32;2.32;2.24;2.24;3038410;25952564.00
2013/07/30;2.25;2.30;2.21;2.27;2499313;21186288.00
2013/07/31;2.29;2.40;2.28;2.39;5296288;46460248.00
2013/08/01;2.36;2.50;2.36;2.48;8343471;76387136.00
2013/08/02;2.48;2.49;2.43;2.43;5873160;53895988.00
2013/08/05;2.43;2.49;2.41;2.46;3459118;31716210.00
2013/08/06;2.45;2.47;2.43;2.45;3489330;32002628.00
2013/08/07;2.46;2.49;2.41;2.42;4111561;37746312.00
2013/08/08;2.41;2.43;2.35;2.36;3670348;32859982.00
2013/08/09;2.36;2.39;2.33;2.38;2659475;23525422.00
2013/08/12;2.39;2.46;2.39;2.44;3901408;35539256.00
2013/08/13;2.46;2.61;2.44;2.58;8815392;82844656.00
2013/08/14;2.58;2.58;2.50;2.52;7608732;72121128.00
2013/08/15;2.45;2.56;2.45;2.51;4716353;44501664.00
2013/08/16;2.48;2.53;2.41;2.41;4736011;43714036.00
2013/08/19;2.38;2.45;2.38;2.44;2370449;21517018.00
2013/08/20;2.48;2.48;2.41;2.42;2417164;22058620.00
2013/08/21;2.43;2.45;2.41;2.45;1905955;17380628.00
2013/08/22;2.44;2.46;2.42;2.43;1705044;15546635.00
2013/08/23;2.43;2.45;2.34;2.40;2495731;22499424.00
2013/08/26;2.40;2.45;2.40;2.45;2540406;23173470.00
2013/08/27;2.44;2.46;2.43;2.46;2781550;25509450.00
2013/08/28;2.45;2.45;2.40;2.40;2753999;25016198.00
2013/08/29;2.40;2.42;2.37;2.37;2478572;22159282.00
2013/08/30;2.38;2.39;2.24;2.26;4683791;40616168.00
2013/09/02;2.28;2.30;2.25;2.28;1966690;16773705.00
2013/09/03;2.28;2.34;2.25;2.34;2031427;17604270.00
2013/09/04;2.33;2.34;2.31;2.33;1502277;13053443.00
2013/09/05;2.33;2.35;2.31;2.31;2037003;17742508.00
2013/09/06;2.30;2.35;2.30;2.34;2169750;19006230.00
2013/09/09;2.35;2.37;2.33;2.35;2585156;22737244.00
2013/09/10;2.36;2.36;2.33;2.35;2308480;20278888.00
2013/09/11;2.35;2.37;2.33;2.33;2478758;21732028.00
2013/09/12;2.33;2.39;2.33;2.37;2640202;23408960.00
2013/09/13;2.36;2.37;2.34;2.35;2239332;19725196.00
2013/09/16;2.35;2.39;2.35;2.36;2147232;19079602.00
2013/09/17;2.36;2.37;2.29;2.31;1736040;15164784.00
2013/09/18;2.31;2.36;2.29;2.36;1341798;11718021.00
2013/09/23;2.38;2.61;2.38;2.61;10025058;95204112.00
2013/09/24;2.81;2.88;2.69;2.84;35424350;365121056.00
2013/09/25;2.71;2.80;2.68;2.78;18865254;193290448.00
2013/09/26;2.71;2.94;2.70;2.77;21191958;224619552.00
2013/09/27;2.78;2.83;2.63;2.70;11471499;116330896.00
2013/09/30;2.71;2.74;2.64;2.73;7424239;74671072.00
2013/10/08;2.74;2.84;2.68;2.84;10345536;106641584.00
2013/10/09;2.83;2.83;2.75;2.80;8221677;85479480.00
2013/10/10;2.78;2.94;2.77;2.83;12884649;137586960.00
2013/10/11;2.81;3.10;2.80;3.02;19048731;211610384.00
2013/10/14;3.01;3.06;2.93;3.01;12081975;134419952.00
2013/10/15;3.01;3.07;2.88;2.92;11115554;122913728.00
2013/10/16;2.89;2.89;2.68;2.73;8709109;89963552.00
2013/10/17;2.80;3.02;2.80;2.91;13362232;146201728.00
2013/10/18;2.93;2.94;2.76;2.84;7201093;75649680.00
2013/10/21;2.82;2.98;2.78;2.98;10649312;115535968.00
2013/10/22;2.98;3.23;2.96;3.06;17338443;199660112.00
2013/10/23;3.08;3.20;2.98;3.15;18069438;209247904.00
2013/10/24;3.17;3.19;3.06;3.12;10563052;122627888.00
2013/10/25;3.10;3.14;2.99;3.02;8024727;90814928.00
2013/10/28;3.03;3.08;2.93;3.03;5672089;63435320.00
2013/10/29;2.99;3.07;2.72;2.72;13362795;140027616.00
2013/10/30;2.66;2.75;2.62;2.73;7186353;71781656.00
2013/10/31;2.71;2.71;2.60;2.62;5722765;56310620.00
2013/11/01;2.60;2.66;2.59;2.65;3827809;37634764.00
2013/11/04;2.66;2.75;2.65;2.73;3575805;36224176.00
2013/11/05;2.72;2.73;2.66;2.73;3867607;38881632.00
2013/11/06;2.73;2.76;2.67;2.68;4289887;43500476.00
2013/11/07;2.66;2.67;2.58;2.58;3667201;36012852.00
2013/11/08;2.54;2.56;2.42;2.45;5487858;50711240.00
2013/11/11;2.45;2.50;2.42;2.49;2204924;20325312.00
2013/11/12;2.46;2.51;2.46;2.49;2182358;20315458.00
2013/11/13;2.49;2.49;2.36;2.36;2705058;24604886.00
2013/11/14;2.36;2.44;2.32;2.43;3450697;30772968.00
2013/11/15;2.46;2.56;2.45;2.50;4076191;38378912.00
2013/11/18;2.51;2.58;2.50;2.57;3977469;37936048.00
2013/11/19;2.57;2.67;2.55;2.65;5175810;50724664.00
2013/11/20;2.66;2.66;2.59;2.65;3292900;32213944.00
2013/11/21;2.63;2.73;2.61;2.67;3961804;39518388.00
2013/11/22;2.67;2.69;2.59;2.61;2999712;29404092.00
2013/11/25;2.59;2.63;2.57;2.58;2098201;20364342.00
2013/11/26;2.61;2.61;2.56;2.59;1608810;15528593.00
2013/11/27;2.57;2.66;2.57;2.65;3407301;33371556.00
2013/11/28;2.65;2.70;2.64;2.66;4610767;45975872.00
2013/11/29;2.68;2.71;2.65;2.71;4343630;43568952.00
2013/12/02;2.53;2.65;2.45;2.47;5294961;50338180.00
2013/12/03;2.47;2.56;2.46;2.55;2470616;23229066.00
2013/12/04;2.54;2.63;2.53;2.59;2756601;26718248.00
2013/12/05;2.59;2.62;2.57;2.60;2155578;20920428.00
2013/12/06;2.60;2.63;2.57;2.58;1689549;16343465.00
2013/12/09;2.58;2.65;2.58;2.65;2537369;24730580.00
2013/12/10;2.66;2.73;2.65;2.71;5204378;52277468.00
2013/12/11;2.73;2.73;2.61;2.64;3267087;32299936.00
2013/12/12;2.64;2.68;2.63;2.63;2249635;22254114.00
2013/12/13;2.61;2.68;2.60;2.66;2203796;21775520.00
2013/12/16;2.67;2.68;2.56;2.56;2789718;27061452.00
2013/12/17;2.56;2.62;2.56;2.57;1944097;18800916.00
2013/12/18;2.59;2.59;2.52;2.56;1412071;13516431.00
2013/12/19;2.61;2.83;2.60;2.83;11299288;118267376.00
2013/12/20;2.92;2.92;2.67;2.71;16228153;168140544.00
2013/12/23;2.67;2.69;2.52;2.62;6744618;65730148.00
2013/12/24;2.62;2.69;2.58;2.61;4642578;45598792.00
2013/12/25;2.61;2.70;2.61;2.70;5956424;58959740.00
2013/12/26;2.70;2.70;2.60;2.60;4612085;45551200.00
2013/12/27;2.57;2.62;2.55;2.59;5130204;49709820.00
2013/12/30;2.61;2.62;2.54;2.56;4444681;42689040.00
2013/12/31;2.56;2.62;2.56;2.59;3328975;32291932.00
2014/01/02;2.58;2.61;2.56;2.59;8485213;81843928.00
2014/01/03;2.58;2.67;2.56;2.66;8099124;79108328.00
2014/01/06;2.63;2.63;2.48;2.49;5577709;53165104.00
2014/01/07;2.50;2.54;2.48;2.54;3203915;30137918.00
2014/01/08;2.54;2.57;2.50;2.52;3018026;28510858.00
2014/01/09;2.51;2.65;2.49;2.54;6812741;65881668.00
2014/01/10;2.53;2.54;2.44;2.47;3786426;35167548.00
2014/01/13;2.48;2.49;2.36;2.38;3313658;29912392.00
2014/01/14;2.38;2.44;2.37;2.44;1856603;16739912.00
2014/01/15;2.44;2.63;2.43;2.60;7381905;70543280.00
2014/01/16;2.57;2.60;2.54;2.56;5042015;48373176.00
2014/01/17;2.57;2.73;2.54;2.66;9485493;93964856.00
2014/01/20;2.66;2.82;2.66;2.72;10391741;106665216.00
2014/01/21;2.72;2.84;2.71;2.80;8125339;84517104.00
2014/01/22;2.82;2.91;2.76;2.88;10589898;111630208.00
2014/01/23;2.85;3.13;2.83;3.04;15132269;170661120.00
2014/01/24;3.04;3.09;3.00;3.03;8469621;95665584.00
2014/01/27;3.00;3.07;2.96;2.97;5323502;59677388.00
2014/01/28;2.96;3.04;2.92;2.99;4463187;49336032.00
2014/01/29;2.98;3.05;2.95;3.01;5908503;66096876.00
2014/01/30;3.00;3.04;2.95;2.95;3935102;43453840.00
2014/02/07;2.90;2.92;2.82;2.91;4722312;50566256.00
2014/02/10;2.92;3.21;2.91;3.21;8250174;95767648.00
2014/02/11;3.34;3.48;3.25;3.39;19918077;248393520.00
2014/02/12;3.38;3.56;3.35;3.42;17380462;222860208.00
2014/02/13;3.49;3.77;3.49;3.72;29244520;402557504.00
2014/02/14;3.65;4.10;3.64;4.10;23588780;335815744.00
2014/02/17;4.31;4.52;4.31;4.52;19274374;312688928.00
2014/02/18;4.51;4.52;4.26;4.35;20533100;329665344.00
2014/02/19;4.31;4.49;4.24;4.29;14757183;237109408.00
2014/02/20;4.26;4.26;4.04;4.07;14190388;216128208.00
2014/02/21;4.07;4.21;4.00;4.09;9296626;139693456.00
2014/02/24;4.08;4.18;4.01;4.14;8200627;124290176.00
2014/02/25;4.16;4.39;3.82;3.88;14522957;222106496.00
2014/02/26;3.80;4.11;3.76;4.07;11013798;161307168.00
2014/02/27;4.05;4.24;3.96;3.99;10266594;155998112.00
2014/02/28;3.93;3.93;3.70;3.91;9245396;130351296.00
2014/03/03;3.88;4.12;3.87;3.98;7808699;115708848.00
2014/03/04;3.97;4.17;3.89;4.17;9680605;145655728.00
2014/03/05;4.15;4.24;4.06;4.09;5863479;89473496.00
2014/03/06;4.05;4.26;3.94;4.20;7743370;117707712.00
2014/03/07;4.24;4.31;4.06;4.09;7952517;122754000.00
2014/03/10;4.03;4.03;3.68;3.68;8714342;123574664.00
2014/03/11;3.68;3.69;3.40;3.69;6173329;81816000.00
2014/03/12;3.69;3.87;3.63;3.69;6729672;92806464.00
2014/03/13;3.72;3.86;3.71;3.79;7746351;108679184.00
2014/03/14;3.78;3.78;3.59;3.62;3991183;54075356.00
2014/03/17;3.61;3.76;3.56;3.73;4896580;66637764.00
2014/03/18;3.73;4.12;3.71;4.09;10556209;156868288.00
2014/03/19;4.06;4.06;3.94;4.02;6487249;95929872.00
2014/03/20;3.96;4.06;3.73;3.73;6184463;88559216.00
2014/03/21;3.71;3.88;3.65;3.83;3906218;54105812.00
2014/03/24;3.91;4.13;3.90;3.97;8016720;118790584.00
2014/03/25;3.90;3.98;3.84;3.89;3385526;48820352.00
2014/03/26;3.89;3.99;3.85;3.99;3428148;49915992.00
2014/03/27;3.98;4.06;3.85;3.87;4550593;66903552.00
2014/03/28;3.80;3.88;3.54;3.59;6007541;81234072.00
2014/03/31;3.59;3.66;3.46;3.58;3465427;45538224.00
2014/04/01;3.57;3.80;3.54;3.72;3207768;43786088.00
2014/04/02;3.79;3.87;3.63;3.68;2232656;30614550.00
2014/04/03;3.65;3.73;3.56;3.59;3797739;50773216.00
2014/04/04;3.59;3.70;3.58;3.68;2472060;33384106.00
2014/04/08;3.62;3.67;3.49;3.58;6717293;88528328.00
2014/04/09;3.59;3.67;3.54;3.61;6943820;92835872.00
2014/04/10;3.61;3.68;3.56;3.65;9602169;128844008.00
2014/04/11;3.62;3.69;3.58;3.64;4383038;58927136.00
2014/04/14;3.66;3.79;3.63;3.66;6216900;84796136.00
2014/04/15;3.69;3.74;3.66;3.72;5376035;73543352.00
2014/04/16;3.72;3.72;3.60;3.63;4496114;60714036.00
2014/04/17;3.63;3.66;3.51;3.56;3387886;44769452.00
2014/04/18;3.55;3.62;3.52;3.54;3111170;40954900.00
2014/04/21;3.52;3.59;3.33;3.35;9125815;116912760.00
2014/04/22;3.33;3.37;3.15;3.21;9020594;107965584.00
2014/04/23;3.24;3.30;3.19;3.28;4503630;54126476.00
2014/04/24;3.26;3.39;3.19;3.27;4203540;50888952.00
2014/04/25;3.27;3.29;3.12;3.13;4021418;47484344.00
2014/04/28;3.10;3.16;2.98;3.12;4561055;52114288.00
2014/04/29;3.08;3.19;3.07;3.17;2281243;26574094.00
2014/04/30;3.19;3.19;3.13;3.17;1973122;23122022.00
2014/05/05;3.17;3.20;3.12;3.19;2126275;24907708.00
2014/05/06;3.23;3.29;3.18;3.25;2755803;33264554.00
2014/05/07;3.22;3.23;3.10;3.11;2560975;29984146.00
2014/05/08;3.09;3.18;3.07;3.10;2549402;29617502.00
2014/05/09;3.13;3.16;3.04;3.07;1848623;21269266.00
2014/05/12;3.10;3.17;3.09;3.16;2729561;31806122.00
2014/05/13;3.19;3.26;3.18;3.24;3482578;41546884.00
2014/05/14;3.24;3.26;3.14;3.18;2155824;25473618.00
2014/05/15;3.19;3.24;3.11;3.14;2995264;35221600.00
2014/05/16;3.14;3.14;2.99;3.01;3052973;34374704.00
2014/05/19;3.01;3.04;2.98;3.02;1265273;14158788.00
2014/05/20;3.04;3.12;3.01;3.03;2097860;23791954.00
2014/05/21;3.02;3.11;2.98;3.10;2159598;24553500.00
2014/05/22;3.17;3.28;3.17;3.21;6269216;74997024.00
2014/05/23;3.15;3.28;3.15;3.28;3972714;47703588.00
2014/05/26;3.30;3.37;3.26;3.34;4652383;57226580.00
2014/05/27;3.31;3.37;3.28;3.32;3186583;39130840.00
2014/05/28;3.32;3.66;3.28;3.61;15613351;204699136.00
2014/05/29;3.59;3.68;3.53;3.61;6680933;88778976.00
2014/05/30;3.61;3.76;3.58;3.71;9314009;126478824.00
2014/06/03;3.73;3.76;3.61;3.69;5279711;71497192.00
2014/06/04;3.66;3.67;3.53;3.61;3581976;47505856.00
2014/06/05;3.61;3.69;3.58;3.65;3373370;44942936.00
2014/06/06;3.65;3.72;3.58;3.63;2986466;39686896.00
2014/06/09;3.60;3.66;3.56;3.62;1797640;23739832.00
2014/06/10;3.63;3.64;3.51;3.62;2018941;26438944.00
2014/06/11;3.59;3.79;3.56;3.77;4707802;63550148.00
2014/06/12;3.74;3.76;3.64;3.67;2540280;34276644.00
2014/06/13;3.67;3.70;3.65;3.66;2320153;31136658.00
2014/06/16;3.66;3.79;3.64;3.77;5143453;70200384.00
2014/06/17;3.78;3.82;3.70;3.73;4873171;66925072.00
2014/06/18;3.74;3.78;3.48;3.54;7518168;98901240.00
2014/06/19;3.54;3.58;3.32;3.41;4178094;52753904.00
2014/06/20;3.41;3.44;3.35;3.39;2491079;30854066.00
2014/06/23;3.41;3.50;3.36;3.38;4224073;52912580.00
2014/06/24;3.39;3.51;3.37;3.51;5214057;65922452.00
2014/06/25;3.50;3.56;3.47;3.54;4347829;56039040.00
2014/06/26;3.57;3.63;3.50;3.51;4315140;55985356.00
2014/06/27;3.51;3.52;3.44;3.47;3741205;47545980.00
2014/06/30;3.47;3.54;3.43;3.54;3452836;44006716.00
2014/07/01;3.53;3.67;3.52;3.65;6277908;82912952.00
2014/07/02;3.61;3.63;3.56;3.59;5356244;70192416.00
2014/07/03;3.61;3.78;3.61;3.63;8786353;118086040.00
2014/07/04;3.63;3.68;3.58;3.64;4252223;56383320.00
2014/07/07;3.67;3.67;3.54;3.59;3599040;47246228.00
2014/07/08;3.57;3.64;3.57;3.62;2779644;36640596.00
2014/07/09;3.61;3.63;3.49;3.49;4162045;54379640.00
2014/07/10;3.49;3.56;3.42;3.51;2827500;36319448.00
2014/07/11;3.49;3.55;3.48;3.54;2064050;26621752.00
2014/07/14;3.64;3.64;3.56;3.61;3026139;39741952.00
2014/07/15;3.59;3.63;3.55;3.58;2118171;27758346.00
2014/07/16;3.57;3.59;3.46;3.50;2651774;34050756.00
2014/07/17;3.56;3.56;3.43;3.44;2592863;32792914.00
2014/07/18;3.44;3.48;3.42;3.46;1793381;22652580.00
2014/07/21;3.46;3.46;3.14;3.14;9381934;110835224.00
2014/07/22;3.11;3.19;3.11;3.18;5796102;67082044.00
2014/07/23;3.18;3.18;3.10;3.10;3663307;41921804.00
2014/07/24;3.10;3.11;3.03;3.05;5775192;64612992.00
2014/07/25;3.06;3.08;3.04;3.07;4659682;52172552.00
2014/07/28;3.07;3.16;3.06;3.15;6206535;70801416.00
2014/07/29;3.16;3.26;3.14;3.23;6536943;76945496.00
2014/07/30;3.23;3.28;3.19;3.27;4546676;53854588.00
2014/07/31;3.27;3.27;3.23;3.25;2724992;32405904.00
2014/08/01;3.24;3.25;3.17;3.17;3865044;45490788.00
2014/08/04;3.17;3.25;3.16;3.23;4372863;51295836.00
2014/08/05;3.25;3.29;3.20;3.26;4762760;56715456.00
2014/08/06;3.26;3.29;3.24;3.29;3476584;41693276.00
2014/08/07;3.29;3.31;3.25;3.25;3647154;43847392.00
2014/08/08;3.25;3.34;3.24;3.34;4683078;56689296.00
2014/08/11;3.34;3.46;3.34;3.43;7319811;91728944.00
2014/08/12;3.43;3.44;3.38;3.43;2826880;35271412.00
2014/08/13;3.43;3.44;3.33;3.39;4584610;56611684.00
2014/08/14;3.37;3.45;3.34;3.38;3815909;47607288.00
2014/08/15;3.38;3.43;3.36;3.41;2572240;32093936.00
2014/08/18;3.43;3.46;3.41;3.45;3377357;42464260.00
2014/08/19;3.44;3.47;3.41;3.44;3548600;44619960.00
2014/08/20;3.44;3.52;3.42;3.44;6987509;88799504.00
2014/08/21;3.44;3.44;3.37;3.41;3510024;43760036.00
2014/08/22;3.42;3.43;3.38;3.41;3314098;41315216.00
2014/08/25;3.57;3.69;3.52;3.61;17640852;231568432.00
2014/08/26;3.58;3.63;3.47;3.48;8508154;110119248.00
2014/08/27;3.48;3.50;3.42;3.43;4498764;56807868.00
2014/08/28;3.47;3.54;3.45;3.48;4841180;61816312.00
2014/08/29;3.45;3.56;3.42;3.54;4193238;53742256.00
2014/09/01;3.55;3.58;3.52;3.56;4692026;60904300.00
2014/09/02;3.59;3.60;3.53;3.59;6080471;79496624.00
2014/09/03;3.61;3.69;3.60;3.61;7612603;101092856.00
2014/09/04;3.61;3.80;3.61;3.76;15755565;214929760.00
2014/09/05;3.74;3.80;3.70;3.78;8776940;119959112.00
2014/09/09;3.75;3.87;3.75;3.83;7273153;101299096.00
2014/09/10;3.83;3.84;3.76;3.78;4427508;61168288.00
2014/09/11;3.75;3.93;3.75;3.81;7767956;109383360.00
2014/09/12;3.81;3.87;3.76;3.86;3997656;55672388.00
2014/09/15;3.85;3.90;3.79;3.85;4206734;59000476.00
2014/09/16;3.85;3.88;3.63;3.64;5928351;81413848.00
2014/09/17;3.65;3.70;3.56;3.64;3380728;44917328.00
2014/09/18;3.65;3.71;3.59;3.69;3092785;41252456.00
2014/09/19;3.69;3.72;3.65;3.70;2481551;33412038.00
2014/09/22;3.66;3.68;3.58;3.58;3272695;43184780.00
2014/09/23;3.57;3.62;3.53;3.62;3853554;50478708.00
2014/09/24;3.60;3.68;3.58;3.67;3970413;52791348.00
2014/09/25;3.70;3.85;3.70;3.75;6530251;90229512.00
2014/09/26;3.82;3.90;3.82;3.84;8570104;120912176.00
2014/09/29;3.86;3.88;3.79;3.85;4192714;58590860.00
2014/09/30;3.84;3.87;3.83;3.85;3128033;43973292.00
2014/10/08;3.88;3.92;3.83;3.89;3986685;56343372.00
2014/10/09;3.90;4.07;3.90;4.04;9087511;132948632.00
2014/10/10;4.01;4.25;3.96;4.16;9001579;136685456.00
2014/10/13;4.17;4.17;4.00;4.08;9091295;134270976.00
2014/10/14;4.05;4.09;3.99;4.01;5829458;86031240.00
2014/10/15;4.01;4.02;3.85;3.97;7767736;111278176.00
2014/10/16;3.92;4.10;3.86;3.87;4973992;72550184.00
2014/10/17;3.84;3.94;3.68;3.87;5656174;78945080.00
2014/10/20;3.90;3.97;3.86;3.93;4046479;57910732.00
2014/10/21;3.93;3.93;3.85;3.86;1989695;28210572.00
2014/10/22;3.89;3.91;3.81;3.81;2295330;32324722.00
2014/10/23;3.81;3.83;3.62;3.67;3779532;51211780.00
2014/10/24;3.66;3.72;3.63;3.66;1671781;22360942.00
2014/10/27;3.66;3.79;3.65;3.75;2312482;31486126.00
2014/10/28;3.75;3.86;3.75;3.85;2871427;40109144.00
2014/10/29;3.85;3.89;3.81;3.86;4332727;60919732.00
2014/10/30;3.87;3.87;3.81;3.82;2665343;37285720.00
2014/10/31;3.83;3.84;3.73;3.76;2005301;27658216.00
2014/11/03;3.76;3.85;3.75;3.84;2291439;31950284.00
2014/11/04;3.83;3.89;3.81;3.88;3134555;44095784.00
2014/11/05;3.88;3.90;3.87;3.89;2607349;37043368.00
2014/11/06;3.90;4.07;3.87;4.06;6510183;94899288.00
2014/11/07;4.05;4.16;3.95;3.98;5919452;87741000.00
2014/11/10;4.00;4.09;3.88;4.03;2934031;43194456.00
2014/11/11;4.04;4.11;3.83;3.88;4135596;59628252.00
2014/11/12;3.84;3.92;3.84;3.92;1665309;23590342.00
2014/11/13;3.94;3.94;3.75;3.78;2177297;30384304.00
2014/11/14;3.78;3.85;3.75;3.81;1598839;22254212.00
2014/11/17;3.79;3.87;3.77;3.83;1888084;26371398.00
2014/11/18;3.83;4.22;3.83;4.12;12560050;188221648.00
2014/11/19;4.11;4.33;4.06;4.27;12187724;187667088.00
2014/11/20;4.25;4.38;4.06;4.25;6830600;105351464.00
2014/11/21;4.22;4.43;4.20;4.35;6689515;106068936.00
2014/11/24;4.35;4.38;4.21;4.31;3856873;60281368.00
2014/11/25;4.32;4.44;4.28;4.35;4705165;74795784.00
2014/11/26;4.35;4.58;4.35;4.37;4031923;65387228.00
2014/11/27;4.40;4.56;4.36;4.40;3604755;58328932.00
2014/11/28;4.40;4.43;4.20;4.27;3688512;57760180.00
2014/12/01;4.33;4.34;3.91;4.00;8079551;119287424.00
2014/12/02;3.97;4.08;3.94;4.05;3310137;48695412.00
2014/12/03;4.07;4.09;3.97;4.03;4400798;64418840.00
2014/12/04;4.03;4.20;4.03;4.16;4677702;70894392.00
2014/12/05;4.15;4.16;3.93;3.95;6495884;94523848.00
2014/12/08;3.96;4.05;3.92;4.01;4913923;71592912.00
2014/12/09;4.00;4.10;3.83;3.87;5419295;79603312.00
2014/12/10;3.88;4.14;3.88;4.13;4868743;71783488.00
2014/12/11;4.08;4.19;4.02;4.06;4462745;66520928.00
2014/12/12;4.11;4.17;4.04;4.16;4685650;70168744.00
2014/12/15;4.16;4.36;4.10;4.33;7385212;115214400.00
2014/12/16;4.33;4.44;4.27;4.34;5430678;85998480.00
2014/12/17;4.36;4.36;4.13;4.19;4209961;64814404.00
2015/01/26;4.24;4.61;4.19;4.58;13561702;222072272.00
2015/01/27;4.47;4.51;4.31;4.44;8443394;135722720.00
2015/01/28;4.40;4.42;4.31;4.34;4398138;70069184.00
2015/01/29;4.28;4.32;4.22;4.28;3632385;56614124.00
2015/01/30;4.26;4.40;4.26;4.34;3329152;52851664.00
2015/02/02;4.33;4.33;4.10;4.13;3836306;58992608.00
2015/02/03;4.12;4.18;4.06;4.15;4891233;73267560.00
2015/02/04;4.15;4.18;4.10;4.13;2607286;39316740.00
2015/02/05;4.16;4.17;4.08;4.10;1920001;28857044.00
2015/02/06;4.13;4.13;3.96;4.01;2497141;36685464.00
2015/02/09;4.03;4.16;4.01;4.09;2032738;30339910.00
2015/02/10;4.11;4.15;4.06;4.08;2258467;33726128.00
2015/02/11;4.08;4.14;4.06;4.08;2440774;36502892.00
2015/02/12;4.13;4.37;4.09;4.34;8548157;133838768.00
2015/02/13;4.31;4.48;4.28;4.40;6965574;111714464.00
2015/02/16;4.38;4.44;4.30;4.41;3160567;50401640.00
2015/02/17;4.41;4.44;4.28;4.32;3769644;59429008.00
2015/02/25;4.32;4.38;4.26;4.38;3049332;47938460.00
2015/02/26;4.35;4.38;4.30;4.37;2516900;39829336.00
2015/02/27;4.34;4.44;4.34;4.37;3150840;50444220.00
2015/03/02;4.41;4.79;4.41;4.70;11628902;196931104.00
2015/03/03;4.65;5.01;4.62;4.74;8339779;146150048.00
2015/03/04;4.74;4.94;4.69;4.90;5984955;105672320.00
2015/03/05;4.89;4.89;4.73;4.84;4978062;86850712.00
2015/03/06;4.86;4.89;4.53;4.63;3606913;61379200.00
2015/03/09;4.63;5.08;4.61;4.97;6591009;117558552.00
2015/03/10;4.93;5.06;4.87;4.91;4297328;77447832.00
2015/03/11;4.90;4.99;4.82;4.89;3225040;57757428.00
2015/03/12;4.89;5.02;4.68;4.71;4264894;74458408.00
2015/03/13;4.72;4.79;4.64;4.74;3519464;60198640.00
2015/03/16;4.78;4.91;4.71;4.90;5197534;90968776.00
2015/03/17;4.90;5.02;4.80;4.89;5926035;105908864.00
2015/03/18;4.89;4.96;4.84;4.95;5595642;99803264.00
2015/03/19;4.95;5.19;4.90;5.14;9305860;171100880.00
2015/03/20;5.11;5.29;5.03;5.13;5676891;105998536.00
2015/03/23;5.13;5.20;5.08;5.15;6160311;115135800.00
2015/03/24;5.15;5.21;4.87;5.02;6768268;123808704.00
2015/03/25;5.04;5.19;4.99;5.05;4161574;76932160.00
2015/03/26;5.01;5.12;4.88;4.93;5843833;105706888.00
2015/03/27;4.92;5.06;4.89;5.06;4588145;83353528.00
2015/03/30;5.06;5.13;4.93;5.00;8052697;146540480.00
2015/03/31;5.00;5.05;4.94;4.98;5556302;101036512.00
2015/04/01;4.98;5.28;4.94;5.22;9737878;182361552.00
2015/04/02;5.22;5.44;5.17;5.28;7916943;152249312.00
2015/04/03;5.36;5.63;5.36;5.51;9356187;186860736.00
2015/04/07;5.49;5.61;5.36;5.55;10545623;209294272.00
2015/04/08;5.62;5.90;5.61;5.80;13276516;278620704.00
2015/04/09;5.68;5.69;5.27;5.64;7855157;157710400.00
2015/04/10;5.61;5.81;5.45;5.75;7462976;154432352.00
2015/04/13;5.75;6.07;5.69;6.05;8127554;174429936.00
2015/04/14;6.01;6.01;5.77;5.81;7152324;152701632.00
2015/04/15;5.81;5.81;5.43;5.49;4354560;88156232.00
2015/04/16;5.38;5.74;5.36;5.60;4145363;84178480.00
2015/04/17;5.60;5.69;5.45;5.53;5057222;101892120.00
2015/04/20;5.53;5.67;5.36;5.39;8103780;162326608.00
2015/04/21;5.48;5.94;5.45;5.94;11859239;246937520.00
2015/04/22;6.33;6.49;6.06;6.36;17362464;401298464.00
2015/04/23;6.42;6.98;6.24;6.74;13882799;330201536.00
2015/04/24;6.61;6.72;6.43;6.63;7353154;175987104.00
2015/04/27;6.63;6.79;6.46;6.52;6801566;162665408.00
2015/04/28;6.52;6.52;6.00;6.17;6342757;144028288.00
2015/04/29;6.13;6.39;6.06;6.33;4723120;108117952.00
2015/04/30;6.34;6.39;6.11;6.24;6448017;146743136.00
2015/05/04;6.24;6.39;6.17;6.33;5270665;120991376.00
2015/05/05;6.31;6.33;6.05;6.08;4554398;101824936.00
2015/05/06;6.10;6.20;5.81;5.92;3471197;76543824.00
2015/05/07;5.92;6.27;5.77;6.11;4485699;97905112.00
2015/05/08;6.18;6.42;6.11;6.41;5576654;126990880.00
2015/05/11;6.45;6.59;6.28;6.53;7741952;181324272.00
2015/05/12;6.49;6.61;6.37;6.48;7027107;164872320.00
2015/05/13;6.48;6.49;6.31;6.39;6726312;155548208.00
2015/05/14;6.38;6.69;6.36;6.66;8944372;212147632.00
2015/05/15;6.63;6.63;6.24;6.35;9923089;229440624.00
2015/05/18;6.25;6.51;6.20;6.41;5834843;135182736.00
2015/05/19;6.42;6.77;6.41;6.74;9408158;227655936.00
2015/05/20;6.74;7.19;6.70;6.85;11549543;292311328.00
2015/05/21;7.13;7.54;7.08;7.54;12453339;333827712.00
2015/05/22;7.92;8.29;7.81;8.29;22502230;658179072.00
2015/05/25;8.36;9.01;7.89;8.89;20635759;633306240.00
2015/05/26;8.94;9.63;8.52;9.31;44060709;728016640.00
2015/05/27;9.63;10.24;9.32;10.05;50628833;898458624.00
2015/05/28;10.08;10.79;9.41;9.42;51515852;947971136.00
2015/05/29;9.38;9.67;8.54;9.16;31307959;522481408.00
2015/06/01;9.25;9.97;9.25;9.69;30394148;529487776.00
2015/06/02;9.92;10.24;9.77;10.24;34213410;619033088.00
2015/06/03;10.27;10.39;9.74;9.92;28037191;506620448.00
2015/06/04;9.93;10.03;8.97;9.75;21578146;374435136.00
2015/06/05;9.86;10.13;9.75;9.98;27062048;486613088.00
2015/06/08;9.98;10.07;9.64;9.67;23554130;414361824.00
2015/06/09;9.67;9.94;9.64;9.77;15518283;272981920.00
2015/06/10;9.74;9.88;9.42;9.76;16769222;293443648.00
2015/06/11;9.77;10.14;9.63;10.11;25628022;455564928.00
2015/06/25;10.31;11.06;9.55;10.32;67956212;1279113984.00
2015/06/26;9.71;9.97;9.28;9.28;17350724;296279424.00
2015/06/29;9.29;9.51;8.35;8.35;16062180;247224640.00
2015/06/30;7.51;8.31;7.51;8.08;33887377;481180640.00
2015/07/01;7.74;7.91;7.27;7.27;27892365;383371680.00
2015/07/02;6.76;7.08;6.54;6.54;25707141;307907872.00
2015/07/03;6.17;6.42;5.88;5.88;16009378;173513664.00
2015/07/06;6.47;6.47;5.29;5.33;22655009;234018048.00
2015/07/07;5.03;5.03;4.80;4.80;9863940;87165088.00
2015/07/08;4.32;4.90;4.32;4.66;39931603;323759104.00
2015/07/09;4.58;5.12;4.48;5.12;23982747;215582512.00
2015/07/10;5.48;5.64;5.28;5.64;8935808;89880488.00
2015/07/13;6.21;6.21;5.92;6.21;17949189;199685936.00
2015/07/14;6.42;6.83;6.26;6.53;24563974;291324704.00
2015/07/15;6.36;6.36;5.88;5.88;12495090;136764960.00
2015/07/16;5.88;6.13;5.29;5.91;18460916;194118128.00
2015/07/17;5.91;6.51;5.91;6.38;16904251;190141296.00
2015/07/20;6.38;6.73;6.30;6.47;14935331;175658080.00
2015/07/21;6.36;6.67;6.14;6.56;12104597;143191904.00
2015/07/22;6.64;6.96;6.58;6.77;16930650;207222176.00
2015/07/23;6.81;6.92;6.69;6.88;15050537;185386096.00
2015/07/24;6.87;7.27;6.59;6.76;17788098;225843104.00
2015/07/27;6.63;6.75;6.08;6.08;11965324;139105616.00
2015/07/28;5.54;6.05;5.47;5.54;12660133;129623456.00
2015/07/29;5.64;5.83;5.19;5.83;10726499;108293392.00
2015/07/30;5.79;6.19;5.69;5.84;12928178;139471312.00
2015/07/31;5.73;6.02;5.54;5.69;8080709;85051784.00
2015/08/03;5.66;5.66;5.14;5.23;8101615;78701896.00
2015/08/04;5.26;5.71;5.26;5.71;8048218;80041616.00
2015/08/05;5.79;5.79;5.45;5.54;9776144;99789232.00
2015/08/06;5.35;5.72;5.32;5.67;8226455;83546880.00
2015/08/07;5.86;6.24;5.84;6.24;13477876;149351584.00
2015/08/10;6.74;6.87;6.53;6.87;10381574;126557360.00
2015/08/11;7.56;7.56;7.22;7.56;50068568;674555840.00
2015/08/12;7.58;7.62;7.25;7.29;26936153;359365504.00
2015/08/13;7.17;7.53;7.00;7.49;24522734;323138944.00
2015/08/14;7.51;7.93;7.43;7.64;29055245;401436736.00
2015/08/17;7.49;7.50;7.19;7.46;24030914;319579360.00
2015/08/18;7.46;7.57;6.71;6.71;21006900;273053312.00
2015/08/19;6.44;7.13;6.08;6.96;16910551;201499520.00
2015/08/20;6.82;7.51;6.76;7.11;23768044;310193088.00
2015/08/21;6.96;7.02;6.53;6.57;12477735;152608880.00
2015/08/24;6.23;6.23;5.91;5.91;14244395;153166176.00
2015/08/25;5.46;6.09;5.40;5.41;17523100;180977152.00
2015/08/26;5.69;5.95;5.47;5.76;21854253;227762720.00
2015/08/27;5.94;6.18;5.59;5.99;16730519;178380656.00
2015/08/28;6.12;6.56;5.87;6.39;19255287;214321200.00
2015/08/31;6.33;6.33;5.95;5.97;11633709;128103176.00
2015/09/01;5.97;6.03;5.37;5.38;9657229;97363768.00
2015/09/02;5.07;5.74;4.97;5.18;7516864;72393536.00
2015/09/07;5.36;5.61;4.81;5.11;23702062;220842352.00
2015/09/08;5.02;5.41;4.92;5.35;11913384;110672552.00
2015/09/09;5.43;5.68;5.32;5.57;21649919;215861184.00
2015/09/10;5.46;5.79;5.41;5.63;15526272;158163824.00
2015/09/11;5.64;5.77;5.48;5.61;10281908;104589616.00
2015/09/14;5.69;5.71;5.04;5.04;12030010;116627592.00
2015/09/15;4.91;5.04;4.54;4.54;10748912;93043152.00
2015/09/16;4.53;4.99;4.53;4.99;9954347;86064152.00
2015/09/17;4.99;5.23;4.93;4.98;13864628;127548488.00
2015/09/18;5.06;5.16;4.92;5.11;8650880;78936984.00
2015/09/21;5.00;5.28;4.97;5.25;10114129;94481472.00
2015/09/22;5.34;5.51;5.25;5.32;9368302;90687888.00
2015/09/23;5.24;5.33;5.17;5.22;6608042;62555768.00
2015/09/24;5.24;5.40;5.24;5.38;7475038;72113744.00
2015/09/25;5.39;5.43;5.07;5.12;6987360;66044084.00
2015/09/28;5.18;5.22;5.08;5.19;3896142;36454440.00
2015/09/29;5.09;5.42;5.06;5.31;10125662;97418776.00
2015/09/30;5.30;5.49;5.28;5.39;8425686;82358096.00
2015/10/08;5.65;5.94;5.57;5.94;15317849;161695248.00
2015/10/09;6.03;6.53;5.77;6.36;17380106;189427968.00
2015/10/12;6.26;6.75;6.19;6.48;23677641;278398528.00
2015/10/13;6.37;6.56;6.26;6.51;13378515;155379936.00
2015/10/14;6.43;6.94;6.32;6.68;18672473;223992048.00
2015/10/15;6.68;6.84;6.57;6.82;19513119;236881104.00
2015/10/16;6.84;6.96;6.64;6.77;16152658;198372960.00
2015/10/19;6.73;6.86;6.57;6.64;12569453;151588464.00
2015/10/20;6.64;6.72;6.58;6.68;9839781;118462208.00
2015/10/21;6.69;6.91;6.09;6.12;17883638;212560096.00
2015/10/22;6.17;6.38;6.03;6.33;12949229;145321680.00
2015/10/23;6.39;6.52;6.23;6.47;13294389;152904880.00
2015/10/26;6.69;6.81;6.52;6.74;19578561;236180608.00
2015/10/27;6.75;7.32;6.65;7.25;39445683;503337440.00
2015/10/28;7.19;7.26;6.92;6.96;19809279;252848400.00
2015/10/29;6.98;7.27;6.64;6.91;15220899;192651200.00
2015/10/30;6.91;7.23;6.58;7.17;25826482;324113920.00
2015/11/02;6.99;7.34;6.94;7.02;16872531;217789808.00
2015/11/03;7.06;7.38;7.02;7.31;20545512;268444224.00
2015/11/04;7.36;7.64;7.25;7.60;19347120;260724384.00
2015/11/05;7.64;7.87;7.48;7.54;20381699;281057888.00
2015/11/06;7.54;7.75;7.48;7.75;18975718;259015904.00
2015/11/09;7.59;7.82;7.54;7.76;15688041;218266832.00
2015/11/10;7.64;7.72;7.41;7.57;17330115;236679808.00
2015/11/11;7.63;7.74;7.44;7.64;19323964;265061728.00
2015/11/12;7.63;7.63;7.34;7.46;14642378;197649600.00
2015/11/13;7.33;7.49;7.26;7.28;9753064;129371456.00
2015/11/16;7.12;7.30;7.06;7.29;10604568;137802864.00
2015/11/17;7.37;7.49;7.25;7.31;13602974;181782384.00
2015/11/18;7.38;7.41;7.14;7.16;7438719;97387720.00
2015/11/19;7.18;7.43;7.18;7.43;8242798;108885968.00
2015/11/20;7.37;7.88;7.37;7.74;21853683;305495872.00
2015/11/23;7.74;8.03;7.64;7.67;18848599;268519328.00
2015/11/24;7.58;7.73;7.41;7.63;9378085;127775672.00
2015/11/25;7.63;7.76;7.53;7.68;9952832;137478016.00
2015/11/26;7.74;7.79;7.42;7.46;10742777;146743424.00
2015/11/27;7.42;7.66;6.86;7.03;14350797;191796608.00
2015/11/30;7.07;7.38;6.82;7.37;12802517;165251664.00
2015/12/01;7.37;7.64;7.25;7.58;11435871;154882336.00
2015/12/02;7.54;7.77;7.19;7.37;10318774;139720704.00
2015/12/03;7.46;7.78;7.36;7.78;14120873;195175536.00
2015/12/04;7.73;7.96;7.54;7.64;15357529;215153088.00
2015/12/07;7.73;8.14;7.64;8.07;21971549;313776256.00
2015/12/08;7.92;7.97;7.62;7.62;14626907;204898640.00
2015/12/09;7.49;7.68;7.49;7.51;7310081;99899728.00
2015/12/10;7.58;7.58;7.29;7.30;8553632;115217824.00
2015/12/11;7.31;7.33;7.14;7.21;6720760;87753184.00
2015/12/14;7.19;7.56;7.17;7.49;7564837;100564688.00
2015/12/15;7.50;7.58;7.39;7.48;5101884;69063368.00
2015/12/16;7.56;7.58;7.37;7.40;6448524;86669488.00
2015/12/17;7.44;7.85;7.43;7.80;15658218;216618528.00
2015/12/18;7.74;7.86;7.56;7.81;10854649;150928464.00
2015/12/21;7.77;8.20;7.70;7.96;14427017;207502976.00
2015/12/22;8.04;8.34;7.97;8.25;20488527;303187744.00
2015/12/23;8.14;8.27;7.87;7.87;14207725;206161168.00
2015/12/24;7.76;7.93;7.76;7.89;6696939;94715536.00
2015/12/25;7.92;8.02;7.86;7.98;6271114;90072760.00
2015/12/28;8.05;8.08;7.74;7.75;8357858;119015608.00
2015/12/29;7.81;7.81;7.58;7.75;5906878;82196704.00
2015/12/30;7.78;7.82;7.66;7.76;5466190;76468160.00
2015/12/31;7.83;7.84;7.58;7.61;5702892;79197696.00
2016/01/04;7.62;7.63;6.85;6.86;6925525;90060456.00
2016/01/05;6.41;6.93;6.27;6.58;9830231;117236312.00
2016/01/06;6.69;6.91;6.65;6.84;8821421;108358552.00
2016/01/07;6.64;6.71;6.18;6.20;1465000;17152676.00
2016/01/08;6.44;6.52;5.88;6.37;7901056;90351664.00
2016/01/11;6.24;6.24;5.73;5.73;6115419;66382672.00
2016/01/12;5.74;5.94;5.67;5.91;5417609;56918984.00
2016/01/13;5.97;5.99;5.81;5.81;4380481;46837796.00
2016/01/14;5.53;6.08;5.31;6.03;6762163;70488528.00
2016/01/15;5.96;6.07;5.56;5.69;6155507;64968852.00
2016/01/18;5.55;5.88;5.53;5.88;5037220;52361532.00
2016/01/19;5.88;6.06;5.78;6.02;7326338;78636440.00
2016/01/20;5.96;6.13;5.91;6.09;7881042;86084368.00
2016/01/21;6.03;6.07;5.59;5.61;8299332;88483528.00
2016/01/22;5.68;5.77;5.43;5.66;6154293;62202932.00
2016/01/25;5.79;5.93;5.69;5.91;6059939;63907356.00
2016/01/26;5.81;5.88;5.37;5.38;5978682;60774088.00
2016/01/27;5.59;5.59;4.95;5.16;7576606;70959832.00
2016/01/28;5.08;5.23;4.97;5.00;3800630;35072228.00
2016/01/29;5.00;5.28;5.00;5.20;4490647;41999076.00
2016/02/01;5.21;5.26;4.97;5.07;4033193;37468132.00
2016/02/02;5.08;5.29;5.08;5.23;5366271;50908252.00
2016/02/03;5.17;5.41;5.15;5.37;6007366;57354172.00
2016/02/04;5.36;5.56;5.31;5.48;4861754;48103316.00
2016/02/05;5.51;6.02;5.48;5.79;9468819;98252488.00
2016/02/15;5.59;5.86;5.54;5.76;5163342;53240664.00
2016/02/16;5.81;5.96;5.78;5.92;5053257;53858452.00
2016/02/17;5.91;6.01;5.82;5.89;4786515;51206960.00
2016/02/18;5.95;6.09;5.89;5.96;6195830;67281768.00
2016/02/19;5.91;6.03;5.87;5.94;3471650;37306592.00
2016/02/22;6.03;6.08;5.95;6.06;5178550;56489180.00
2016/02/23;6.04;6.07;5.80;5.91;5974973;63958964.00
2016/02/24;5.91;5.94;5.71;5.89;4864963;51246808.00
2016/02/25;5.89;5.91;5.30;5.41;6853139;68986368.00
2016/02/26;5.44;5.52;5.29;5.40;3208591;31472406.00
2016/02/29;5.38;5.44;4.93;5.07;5086419;46939456.00
2016/03/01;5.08;5.40;5.08;5.39;6430133;60871320.00
2016/03/02;5.33;5.68;5.33;5.65;5887686;58780512.00
2016/03/03;5.65;5.73;5.59;5.69;4989064;51177908.00
2016/03/04;5.69;5.69;5.39;5.67;5100762;51322020.00
2016/03/07;5.69;5.85;5.64;5.83;5081535;52793160.00
2016/03/08;5.79;5.83;5.52;5.83;4273496;43857848.00
2016/03/09;5.70;5.73;5.58;5.73;3261909;33400616.00
2016/03/10;5.67;5.72;5.44;5.44;4727691;47378128.00
2016/03/11;5.37;5.53;5.29;5.53;3282839;32033028.00
2016/03/14;5.58;5.93;5.54;5.90;8101047;84990048.00
2016/03/15;5.90;5.90;5.64;5.73;6325277;66000820.00
2016/03/16;5.74;5.79;5.52;5.69;5107640;51985716.00
2016/03/17;5.65;5.84;5.62;5.82;6177165;64432400.00
2016/03/18;5.86;6.01;5.81;5.96;7592905;81425288.00
2016/03/21;6.03;6.06;5.92;6.03;7552987;82015544.00
2016/03/22;6.03;6.16;5.96;6.01;6636235;72666768.00
2016/03/23;5.99;6.02;5.89;6.00;5215219;56142672.00
2016/03/24;5.92;5.97;5.87;5.87;3696887;39517008.00
2016/03/25;5.83;5.96;5.82;5.91;3601805;38413528.00
2016/03/28;5.92;6.07;5.82;5.85;5748777;62142900.00
2016/03/29;5.88;5.90;5.72;5.76;3742764;39292452.00
2016/03/30;5.82;6.01;5.81;6.00;5762674;61651076.00
2016/03/31;6.02;6.08;5.98;6.06;6465442;70499608.00
2016/04/01;6.03;6.06;5.88;6.01;4333545;46679144.00
2016/04/05;6.02;6.26;5.92;6.22;7602190;84555200.00
2016/04/06;6.13;6.26;6.11;6.21;5603516;62588444.00
2016/04/07;6.25;6.36;6.15;6.18;8858196;99707248.00
2016/04/08;6.21;6.32;6.12;6.26;11497150;129988936.00
2016/04/11;6.43;6.84;6.43;6.73;15300602;185494176.00
2016/04/12;6.81;6.86;6.56;6.62;14039944;168923488.00
2016/04/13;6.74;6.74;6.57;6.60;12765925;153550528.00
2016/04/14;6.67;6.72;6.63;6.69;7247859;87369680.00
2016/04/15;6.69;6.72;6.56;6.61;6811192;81518960.00
2016/04/18;6.58;6.58;6.37;6.47;7665291;89089904.00
2016/04/19;6.47;6.53;6.42;6.50;4537804;53100744.00
2016/04/20;6.51;6.56;6.09;6.19;7972996;90260632.00
2016/04/21;6.19;6.24;6.09;6.11;4329689;48381736.00
2016/04/22;6.09;6.25;6.06;6.23;4856881;54230684.00
2016/04/25;6.24;6.25;6.03;6.15;3887694;43080748.00
2016/04/26;6.16;6.43;6.11;6.41;6204014;70395208.00
2016/04/27;6.36;6.43;6.23;6.27;5114613;58681636.00
2016/04/28;6.28;6.33;6.11;6.25;4765640;53589940.00
2016/04/29;6.25;6.36;6.23;6.28;5410282;61711960.00
2016/05/03;6.39;6.52;6.31;6.52;7073647;82557816.00
2016/05/04;6.47;6.72;6.44;6.57;8640664;102769472.00
2016/05/05;6.63;6.63;6.51;6.58;5071870;60208208.00
2016/05/06;6.61;6.63;6.36;6.38;6522973;76198368.00
2016/05/09;6.28;6.32;6.09;6.15;4890665;54636000.00
2016/05/10;6.16;6.20;6.10;6.17;2331137;25971512.00
2016/05/11;6.22;6.24;6.11;6.11;2914745;32490024.00
2016/05/12;6.06;6.10;5.87;6.03;4135799;44782076.00
2016/05/13;6.05;6.12;6.01;6.08;2199583;24117902.00
2016/05/16;6.01;6.18;5.98;6.17;2924437;32349548.00
2016/05/17;6.15;6.22;6.06;6.10;4620721;51115276.00
2016/05/18;6.03;6.04;5.81;5.88;4204252;44884200.00
2016/05/19;5.88;5.99;5.83;5.84;2859993;30533662.00
2016/05/20;5.83;5.93;5.81;5.93;2576385;27440246.00
2016/05/23;5.95;6.09;5.95;6.01;3899256;42438752.00
2016/05/24;6.01;6.01;5.89;5.92;1911626;20500214.00
2016/05/25;5.97;6.00;5.87;5.91;1764902;18981772.00
2016/05/26;5.87;5.93;5.75;5.89;2787781;29388402.00
2016/05/27;5.88;5.89;5.82;5.86;2010004;21282214.00
2016/05/30;5.81;5.92;5.77;5.88;2690243;28513492.00
2016/05/31;5.89;6.09;5.87;6.08;6438009;70177416.00
2016/06/01;6.17;6.52;6.14;6.27;17368026;199974848.00
2016/06/02;6.24;6.31;6.19;6.31;6463237;73127104.00
2016/06/03;6.42;6.45;6.24;6.28;8130584;92657568.00
2016/06/06;6.33;6.38;6.27;6.32;4361704;49639724.00
2016/06/07;6.34;6.36;6.22;6.29;3962063;44938652.00
2016/06/08;6.29;6.35;6.22;6.33;4101192;46541552.00
2016/06/13;6.26;6.32;6.14;6.14;4925836;55526848.00
2016/06/14;6.15;6.24;6.13;6.18;3927876;43954996.00
2016/06/15;6.10;6.35;6.00;6.28;9265831;58083204.00
2016/06/16;6.32;6.53;6.29;6.40;14944423;96154720.00
2016/06/17;6.40;6.53;6.29;6.34;10118682;64713236.00
2016/06/20;6.32;6.39;6.20;6.34;7017586;44189024.00
2016/06/21;6.39;6.42;6.17;6.20;8248878;51949804.00
2016/06/22;6.20;6.32;6.19;6.27;6170677;38482160.00
2016/06/23;6.26;6.28;6.14;6.19;6968749;43187392.00
2016/06/24;6.22;6.25;5.89;6.04;8963415;54496420.00
2016/06/27;5.99;6.16;5.92;6.16;5084689;31008464.00
2016/06/28;6.16;6.39;6.06;6.39;10314734;63913608.00
2016/06/29;6.39;6.47;6.30;6.37;9348166;59467624.00
2016/06/30;6.37;6.45;6.18;6.41;16732393;105231208.00
2016/07/01;6.34;6.41;6.28;6.35;7301906;46251036.00
2016/07/04;6.28;6.50;6.26;6.42;13315776;85507360.00
2016/07/05;6.44;6.47;6.39;6.42;8344975;53576556.00
2016/07/06;6.42;6.47;6.36;6.39;8610596;55268616.00
2016/07/07;6.43;6.46;6.34;6.44;7534890;48254084.00
2016/07/08;6.43;6.47;6.37;6.40;6528767;41820832.00
2016/07/11;6.41;6.41;6.20;6.29;10962230;69116904.00
2016/07/12;6.26;6.35;6.21;6.28;9179484;57636456.00
2016/07/13;6.32;6.46;6.31;6.46;12847082;82267264.00
2016/07/14;6.47;6.48;6.40;6.43;9144968;58766552.00
2016/07/15;6.43;6.79;6.42;6.69;32969950;219282144.00
2016/07/18;6.69;6.71;6.56;6.65;11346936;75302480.00
2016/07/19;6.61;6.65;6.53;6.61;7752284;51035876.00
2016/07/20;6.61;6.68;6.56;6.57;6813594;45024236.00
2016/07/21;6.58;6.59;6.42;6.47;17441218;113076992.00
2016/07/22;6.46;6.48;6.38;6.40;6994632;44919280.00
2016/07/25;6.40;6.58;6.37;6.55;12256220;79905896.00
2016/07/26;6.55;6.63;6.53;6.57;7698569;50638096.00
2016/07/27;6.57;6.60;6.10;6.23;12988050;82481008.00
2016/07/28;6.23;6.31;6.18;6.26;6738166;42027928.00
2016/07/29;6.24;6.27;6.15;6.22;6679177;41398072.00
2016/08/01;6.22;6.22;6.06;6.11;4628388;28323002.00
2016/08/02;6.11;6.19;6.10;6.15;4041703;24802080.00
2016/08/03;6.14;6.28;6.12;6.27;6863579;42658624.00
2016/08/04;6.26;6.38;6.21;6.38;6076758;38247916.00
2016/08/05;6.36;6.52;6.27;6.42;11347932;73176776.00
2016/08/08;6.41;6.45;6.30;6.42;8961142;57416624.00
2016/08/09;6.50;6.62;6.45;6.59;16399063;107709992.00
2016/08/10;6.60;6.63;6.51;6.52;7952070;52180652.00
2016/08/11;6.51;6.52;6.43;6.44;5257925;33982220.00
2016/08/12;6.43;6.56;6.42;6.53;5971750;38938036.00
2016/08/15;6.52;6.62;6.46;6.60;11060825;72696384.00
2016/08/16;6.59;7.26;6.56;7.11;47488907;333650656.00
2016/08/17;7.11;7.12;6.96;6.98;15562049;109125800.00
2016/08/18;6.98;7.21;6.98;7.09;16761500;119229432.00
2016/08/19;7.12;7.49;7.10;7.45;25654042;186993424.00
2016/08/22;7.24;7.44;7.08;7.10;21190018;153480384.00
2016/08/23;7.19;7.20;6.96;7.14;11908198;84242808.00
2016/08/24;7.13;7.37;7.06;7.23;12698776;91980752.00
2016/08/25;7.26;7.26;7.02;7.18;13218062;94051696.00
2016/08/26;7.17;7.28;7.14;7.17;8579548;61915856.00
2016/08/29;7.15;7.23;7.10;7.14;7951794;57054672.00
2016/08/30;7.13;7.25;7.10;7.14;6224721;44736016.00
2016/08/31;7.14;7.19;7.02;7.12;6315391;44694704.00
2016/09/01;7.12;7.15;6.96;6.97;8957448;62880096.00
2016/09/02;6.97;7.01;6.74;6.81;12004296;82931688.00
2016/09/05;6.83;6.97;6.82;6.92;7688450;53085440.00
2016/09/06;6.90;7.08;6.90;7.06;9154864;64190048.00
2016/09/07;7.08;7.18;6.98;7.03;9817809;69630600.00
2016/09/08;7.05;7.07;6.96;7.04;6201572;43495784.00
2016/09/09;7.10;7.14;7.04;7.10;8363992;59319416.00
2016/09/12;6.99;7.22;6.91;6.97;11088155;78399640.00
2016/09/13;7.02;7.07;6.91;7.00;6926105;48359080.00
2016/09/14;6.98;7.22;6.95;7.12;11233956;80163120.00
2016/09/19;7.10;7.28;7.10;7.19;8911403;64222172.00
2016/09/20;7.18;7.19;7.06;7.10;8362742;59303520.00
2016/09/21;7.13;7.17;7.06;7.12;8657595;61672944.00
2016/09/22;7.16;7.19;6.98;7.07;15676844;110894192.00
2016/09/23;7.06;7.09;6.91;6.93;12312393;85622488.00
2016/09/26;6.90;6.90;6.75;6.76;8571247;58529496.00
2016/09/27;6.78;6.93;6.50;6.64;15898677;105145160.00
2016/09/28;6.63;6.68;6.49;6.66;9020639;59693168.00
2016/09/29;6.66;6.80;6.63;6.67;7046279;47275744.00
2016/09/30;6.65;6.75;6.60;6.73;5098688;34148044.00
2016/10/10;6.75;6.87;6.72;6.85;5441716;37019012.00
2016/10/11;6.85;6.94;6.83;6.88;6378205;43933056.00
2016/10/12;6.86;6.92;6.83;6.88;5991443;41176976.00
2016/10/13;6.89;6.90;6.80;6.84;6427009;43952180.00
2016/10/14;6.87;6.87;6.70;6.78;6686554;45170284.00
2016/10/17;6.78;6.84;6.70;6.72;6827514;46154500.00
2016/10/18;6.72;6.89;6.69;6.89;11357970;77677248.00
2016/10/19;6.91;6.95;6.81;6.85;7777030;53473232.00
2016/10/20;6.83;7.15;6.81;7.08;21391448;150282032.00
2016/10/21;7.08;7.14;6.98;7.05;10648886;75020592.00
2016/10/24;7.05;7.15;6.99;7.11;10922613;77237312.00
2016/10/25;7.12;7.12;7.04;7.07;9974975;70569248.00
2016/10/26;7.07;7.08;6.89;6.93;9404448;65416768.00
2016/10/27;6.95;6.98;6.88;6.92;6754563;46835084.00
2016/10/28;6.94;6.96;6.86;6.90;5312351;36644496.00
2016/10/31;6.76;6.85;6.62;6.65;16586211;111333752.00
2016/11/01;6.67;7.08;6.66;7.08;28521163;197722544.00
2016/11/02;7.12;7.18;7.02;7.12;24257461;172698640.00
2016/11/03;7.10;7.37;7.02;7.19;26140778;189372864.00
2016/11/04;7.18;7.47;7.15;7.34;27242169;201029936.00
2016/11/07;7.35;7.74;7.35;7.51;25263943;191281152.00
2016/11/08;7.57;7.59;7.31;7.42;22804548;169035072.00
2016/11/09;7.46;7.50;7.27;7.39;19059150;140353696.00
2016/11/10;7.50;7.55;7.31;7.34;25939498;191166144.00
2016/11/11;7.35;7.49;7.31;7.41;15094554;111899080.00
2016/11/14;7.40;7.61;7.35;7.50;13234867;99286080.00
2016/11/15;7.55;7.56;7.32;7.43;11008866;81408888.00
2016/11/16;7.43;7.44;7.32;7.34;10630406;78048344.00
2016/11/17;7.34;7.34;7.21;7.22;5877500;42606272.00
数据来源:通达信
