002805 丰元股份 日线 前复权
      日期	    开盘	    最高	    最低	    收盘	    成交量	    成交额
2016/07/07;6.96;8.35;6.96;8.35;14615;121530.40
2016/07/08;9.19;9.19;9.19;9.19;2000;18380.00
2016/07/11;10.11;10.11;10.11;10.11;2300;23253.00
2016/07/12;11.12;11.12;11.12;11.12;4771;53053.52
2016/07/13;12.23;12.23;12.23;12.23;5971;73025.33
2016/07/14;13.45;13.45;13.45;13.45;2900;39005.00
2016/07/15;14.80;14.80;14.80;14.80;4100;60680.00
2016/07/18;16.28;16.28;16.28;16.28;9900;161172.00
2016/07/19;17.91;17.91;17.91;17.91;14200;254322.00
2016/07/20;19.70;19.70;19.70;19.70;25478;501916.59
2016/07/21;21.67;21.67;21.67;21.67;14600;316382.00
2016/07/22;23.84;23.84;23.84;23.84;43200;1029888.00
2016/07/25;26.22;26.22;26.22;26.22;69718;1828006.00
2016/07/26;28.84;28.84;28.84;28.84;48183;1389597.75
2016/07/27;31.72;31.72;31.72;31.72;85400;2708888.00
2016/07/28;34.89;34.89;34.89;34.89;76357;2664095.75
2016/07/29;38.38;38.38;38.38;38.38;72840;2795599.25
2016/08/01;42.22;42.22;42.22;42.22;406977;17182568.00
2016/08/02;46.44;46.44;46.44;46.44;913270;42412260.00
2016/08/03;51.08;51.08;51.08;51.08;3483844;177954752.00
2016/08/04;56.19;56.19;56.19;56.19;621181;34904160.00
2016/08/05;61.35;61.81;59.50;61.81;17339730;1052146176.00
2016/08/08;60.11;60.99;55.88;58.10;11204555;651161024.00
2016/08/09;58.09;60.18;56.50;59.30;11025475;645675456.00
2016/08/10;57.78;62.86;57.31;59.30;11123946;667148160.00
2016/08/11;57.59;61.80;57.03;59.83;9657364;576210048.00
2016/08/12;59.20;65.81;59.20;65.81;8626100;550245248.00
2016/08/15;68.49;70.59;66.10;68.50;14906252;1017485696.00
2016/08/16;69.60;71.99;67.40;67.70;14211695;991162752.00
2016/08/17;66.00;70.50;66.00;69.81;10581609;726446592.00
2016/08/18;69.82;71.20;68.18;68.84;9655076;669689984.00
2016/08/19;68.88;68.88;63.11;63.73;8724354;570199168.00
2016/08/22;63.15;63.51;61.17;61.40;4661675;289778016.00
2016/08/23;61.37;62.99;61.00;61.91;3799817;235127552.00
2016/08/24;61.79;61.80;59.58;60.28;4362972;263471056.00
2016/08/25;59.74;62.35;57.44;61.95;6324096;379520416.00
2016/08/26;61.60;64.49;60.58;62.68;6899696;429682560.00
2016/08/29;59.99;61.50;59.17;59.60;3717112;224194704.00
2016/08/30;59.95;60.95;59.08;59.59;2699402;161973472.00
2016/08/31;59.30;64.00;59.30;62.90;7153800;445067072.00
2016/09/01;62.90;65.87;62.00;65.20;9369794;597481216.00
2016/09/02;63.88;64.88;61.50;62.16;5674635;358471520.00
2016/09/05;62.26;62.79;58.55;60.65;5760054;344836576.00
2016/09/06;60.39;63.74;60.00;63.45;6249391;387608928.00
2016/09/07;63.40;63.60;61.29;61.70;4557134;284022944.00
2016/09/08;61.01;61.42;59.20;60.03;3344384;200749520.00
2016/09/09;59.78;60.01;58.03;58.04;2534540;148910352.00
2016/09/12;56.50;56.50;53.50;54.10;2570719;142110560.00
2016/09/13;54.77;55.19;53.02;53.93;2236931;121004264.00
2016/09/14;53.40;54.97;53.11;54.12;2206584;119619928.00
2016/09/19;53.81;54.80;53.80;54.34;1526198;82966080.00
2016/09/20;54.07;54.50;53.24;53.26;1645505;88273712.00
2016/09/21;53.13;53.73;52.46;52.87;1636769;86595456.00
2016/09/22;53.10;53.50;52.40;52.54;1719077;90817096.00
2016/09/23;52.64;53.28;52.30;52.68;2224889;117593960.00
2016/09/26;52.37;52.37;48.01;48.35;3020427;149468112.00
2016/09/27;47.98;49.49;47.70;49.28;1947138;95105488.00
2016/09/28;49.04;50.90;49.04;49.86;1756627;87825192.00
2016/09/29;49.60;54.85;49.60;54.85;4718660;249542448.00
2016/09/30;55.50;55.88;52.25;54.50;5268253;285188288.00
2016/10/10;53.88;56.45;51.90;55.82;5362235;291872512.00
2016/10/11;55.08;55.08;53.90;54.35;3462314;188579600.00
2016/10/12;53.70;54.92;52.85;53.82;2351625;126535760.00
2016/10/13;53.82;54.20;52.86;53.02;1839489;98110920.00
2016/10/14;52.66;54.90;52.52;54.56;3114593;168677424.00
2016/10/17;54.59;54.60;53.28;53.40;1963047;105672024.00
2016/10/18;52.90;54.93;52.76;54.93;2091367;113068552.00
2016/10/19;55.30;55.49;53.78;53.93;2005524;109074392.00
2016/10/20;53.51;54.25;52.38;53.05;2188668;116636840.00
2016/10/21;53.05;53.67;52.30;53.10;1617222;85641984.00
2016/10/24;53.10;53.71;52.02;53.31;2137965;113236864.00
2016/10/25;53.30;55.50;53.08;55.10;3978464;217693600.00
2016/10/26;54.91;55.83;54.18;54.83;2591086;142371024.00
2016/10/27;54.36;56.48;54.32;56.19;3798528;211793952.00
2016/10/28;55.80;56.33;53.02;53.93;3288228;180249552.00
2016/10/31;53.00;53.89;52.50;53.67;1701949;90359512.00
2016/11/01;53.00;56.00;53.00;55.70;3111393;171430864.00
2016/11/02;55.18;60.15;55.18;56.74;6846434;392304576.00
2016/11/03;55.90;59.63;55.51;58.51;6013394;349408320.00
2016/11/04;58.00;61.95;57.77;60.18;5911825;356903264.00
2016/11/07;59.55;61.19;58.37;58.91;4166941;249082448.00
2016/11/08;59.58;61.84;59.00;60.60;4400767;266454848.00
2016/11/09;60.30;63.57;58.60;62.30;5928415;362416800.00
2016/11/10;62.88;64.90;61.52;63.89;5354813;339299520.00
2016/11/11;64.00;64.18;62.10;62.27;3699586;232689296.00
2016/11/14;61.80;62.30;60.30;60.99;3302459;200996576.00
2016/11/15;60.95;62.40;60.50;61.02;2502362;153264608.00
2016/11/16;61.20;61.48;57.92;58.38;3270973;193078576.00
2016/11/17;58.70;58.78;57.61;58.37;1035600;60246468.00
数据来源:通达信
