002287 奇正藏药 日线 前复权
      日期	    开盘	    最高	    最低	    收盘	    成交量	    成交额
2009/08/28;19.67;24.02;19.17;21.88;28339633;664229952.00
2009/08/31;20.52;20.97;19.46;19.46;2869368;64015200.00
2009/09/01;17.28;18.57;17.28;17.37;17146237;340773920.00
2009/09/02;16.55;17.87;16.16;17.05;9752449;189019712.00
2009/09/03;16.46;17.85;16.25;17.57;8919727;173684448.00
2009/09/04;17.26;18.21;16.97;17.63;8643249;172166544.00
2009/09/07;17.73;19.57;17.67;18.92;12067157;256015968.00
2009/09/08;18.55;19.32;18.33;18.82;6534180;138659888.00
2009/09/09;18.86;20.94;18.17;20.94;10525907;230823872.00
2009/09/10;20.58;23.27;20.17;22.82;15881158;391788256.00
2009/09/11;22.27;23.87;22.19;23.28;12594854;319719872.00
2009/09/14;22.87;25.79;22.47;24.67;11174964;294936128.00
2009/09/15;24.27;25.14;23.27;23.63;10363641;276833152.00
2009/09/16;23.30;24.60;23.28;23.82;6991610;183022352.00
2009/09/17;23.55;24.32;23.00;23.67;5759970;149280560.00
2009/09/18;23.78;25.17;23.48;23.88;7721834;205900992.00
2009/09/21;23.18;23.65;21.71;23.17;6230541;156489296.00
2009/09/22;22.87;23.15;21.77;21.85;4837635;119434024.00
2009/09/23;21.67;22.66;21.60;21.95;4024383;98411624.00
2009/09/24;21.83;22.10;20.17;20.87;3581452;84462704.00
2009/09/25;20.97;21.63;20.70;21.06;2345705;55242172.00
2009/09/28;21.27;22.09;20.47;20.70;2887486;68815712.00
2009/09/29;20.57;20.98;18.67;19.57;2897361;63600464.00
2009/09/30;20.00;20.17;19.42;19.60;2192844;48371364.00
2009/10/09;19.87;21.10;19.61;20.95;3099756;71237824.00
2009/10/12;21.07;21.18;20.48;20.69;2118822;49118648.00
2009/10/13;20.48;22.57;20.48;22.32;4003680;95067088.00
2009/10/14;21.87;23.05;21.87;22.29;4722591;117527480.00
2009/10/15;22.17;22.72;21.99;22.12;2533617;62355892.00
2009/10/16;22.37;22.96;22.13;22.59;2875829;71492624.00
2009/10/19;22.42;23.34;22.37;22.88;3888833;98838016.00
2009/10/20;22.87;24.15;22.41;23.68;5734377;146145152.00
2009/10/21;23.63;23.85;22.78;22.82;3900549;99761992.00
2009/10/22;22.54;23.67;22.32;23.38;5023923;128079928.00
2009/10/23;23.40;23.95;22.86;23.39;4684145;121046752.00
2009/10/26;23.44;24.77;23.09;24.22;5815307;153451344.00
2009/10/27;23.69;23.88;22.62;22.62;3907007;99784904.00
2009/10/28;22.46;23.41;22.17;23.29;2608881;65460736.00
2009/10/29;22.87;23.62;22.49;22.77;2802442;71347192.00
2009/10/30;22.87;23.64;22.57;22.78;3633503;92278400.00
2009/11/02;22.15;23.56;21.67;23.18;4245185;107334720.00
2009/11/03;23.22;23.37;22.77;22.97;3216040;81437368.00
2009/11/04;22.94;23.17;22.79;23.15;2862600;72593648.00
2009/11/05;23.16;24.03;23.08;23.64;4413267;114737696.00
2009/11/06;23.80;23.89;23.20;23.24;2813071;72403096.00
2009/11/09;23.27;23.39;22.68;23.39;2776531;70168768.00
2009/11/10;23.45;23.85;23.08;23.26;3785593;97873304.00
2009/11/11;23.07;23.17;22.67;22.74;2415933;60785768.00
2009/11/12;22.73;22.99;22.55;22.60;2047851;51376280.00
2009/11/13;22.57;23.05;22.45;22.95;1845636;46225296.00
2009/11/16;22.96;23.56;22.95;23.33;2727070;69844920.00
2009/11/17;23.33;25.67;23.18;24.93;8426292;224508912.00
2009/11/18;24.86;26.12;24.19;25.37;7378367;202205856.00
2009/11/19;25.37;25.61;24.88;25.03;4309727;118710680.00
2009/11/20;25.07;25.57;24.80;25.17;3296606;90798832.00
2009/11/23;24.98;25.17;24.60;25.07;3670365;99649776.00
2009/11/24;25.07;26.07;23.67;23.97;6804154;187749776.00
2009/11/25;23.98;24.62;23.19;24.32;4014316;105890624.00
2009/11/26;24.17;24.42;22.25;22.48;4551628;117163520.00
2009/11/27;22.27;23.07;21.58;21.83;2872440;70399896.00
2009/11/30;21.77;22.46;21.37;22.42;6102673;148209600.00
2009/12/01;22.31;22.97;22.18;22.94;4511050;112091536.00
2009/12/02;23.06;23.36;22.75;23.15;4076177;103381912.00
2009/12/03;23.15;23.37;22.82;23.27;3403788;86432464.00
2009/12/04;23.22;23.93;22.27;22.64;5287208;134909328.00
2009/12/07;22.40;22.85;22.40;22.79;1949226;48668652.00
2009/12/08;22.79;22.79;22.12;22.41;2248791;55613448.00
2009/12/09;22.12;22.34;21.82;21.88;2016467;49138404.00
2009/12/10;22.07;22.38;21.92;22.31;1302402;31903902.00
2009/12/11;22.36;22.47;21.97;22.03;1408646;34582692.00
2009/12/14;22.01;22.03;21.17;21.74;2138951;50971896.00
2009/12/15;21.75;21.96;21.55;21.83;1303835;31472218.00
2009/12/16;21.85;22.92;21.77;22.77;3953465;97540200.00
2009/12/17;22.77;22.97;21.97;22.09;2469063;61126048.00
2009/12/18;22.23;22.47;20.77;22.25;2468398;59175840.00
2009/12/21;22.37;22.81;22.12;22.76;4577915;113379568.00
2009/12/22;22.80;22.80;21.17;21.27;2124580;51700028.00
2009/12/23;20.93;21.35;20.82;21.12;1494745;34958140.00
2009/12/24;21.18;21.64;21.05;21.48;1456328;34563196.00
2009/12/25;21.50;21.76;21.30;21.48;1072802;25644392.00
2009/12/28;21.44;21.82;21.44;21.57;1291593;30943486.00
2009/12/29;21.72;21.72;21.27;21.51;1287578;30646908.00
2009/12/30;21.51;21.67;21.27;21.54;1512768;36030576.00
2009/12/31;21.52;21.96;21.47;21.82;1693000;40693124.00
2010/01/04;21.87;22.26;21.77;21.89;1881136;45821108.00
2010/01/05;22.05;22.05;21.52;21.94;1463205;35245204.00
2010/01/06;21.90;22.17;21.78;21.90;1694841;41200596.00
2010/01/07;21.87;21.90;20.87;21.05;1979536;46793304.00
2010/01/08;21.03;21.07;20.68;21.00;1428803;33113410.00
2010/01/11;21.32;23.17;21.32;22.65;6513577;162141888.00
2010/01/12;22.90;23.17;22.35;22.75;5474056;137365280.00
2010/01/13;22.32;22.67;22.18;22.44;2727687;67641848.00
2010/01/14;22.47;23.31;22.28;23.26;4379000;111121616.00
2010/01/15;23.17;23.26;22.84;22.95;2679528;67796328.00
2010/01/18;22.98;23.28;22.76;23.20;2943937;74676776.00
2010/01/19;23.38;23.38;22.45;22.59;2531097;63496644.00
2010/01/20;23.27;23.27;21.53;21.59;2511976;62121152.00
2010/01/21;21.67;22.33;21.47;21.79;1538225;37229008.00
2010/01/22;21.58;21.58;20.72;21.02;1850424;43203344.00
2010/01/25;20.72;21.54;20.72;20.83;1078117;25296782.00
2010/01/26;20.84;21.17;19.94;20.09;1363112;31157698.00
2010/01/27;20.09;20.36;19.68;19.71;998219;22161956.00
2010/01/28;19.74;19.92;19.47;19.79;933965;20561338.00
2010/01/29;19.77;20.20;19.67;20.05;932077;20826730.00
2010/02/01;20.04;20.05;18.98;19.21;1046468;22626602.00
2010/02/02;19.30;19.50;18.99;18.99;747250;16125193.00
2010/02/03;19.02;21.04;19.02;20.87;4143302;92942184.00
2010/02/04;20.92;23.12;20.39;23.08;9196145;228841216.00
2010/02/05;22.67;24.17;21.39;21.84;6516646;163242896.00
2010/02/08;21.49;21.49;20.47;20.74;2588328;59758108.00
2010/02/09;20.67;21.10;20.20;20.30;1749628;40122840.00
2010/02/10;20.38;20.62;20.01;20.52;1300763;29451728.00
2010/02/11;20.52;20.61;19.97;19.98;1302707;29338208.00
2010/02/12;20.22;20.37;20.03;20.30;940116;21221708.00
2010/02/22;20.27;21.71;20.27;21.11;2871553;67517536.00
2010/02/23;21.06;21.55;20.51;20.98;2051433;47781656.00
2010/02/24;20.80;21.42;20.62;21.36;1970362;46253184.00
2010/02/25;21.47;22.27;21.32;22.03;3142361;76379176.00
2010/02/26;21.87;22.03;21.59;21.59;2168396;52270884.00
2010/03/01;21.60;21.92;21.47;21.78;1874783;45196396.00
2010/03/02;21.79;21.97;21.20;21.32;1853750;44162700.00
2010/03/03;21.27;21.72;21.27;21.57;1309693;31314324.00
2010/03/04;21.68;22.14;20.71;20.82;2137879;51139920.00
2010/03/05;20.77;21.17;20.73;20.83;1209026;28097762.00
2010/03/08;20.85;21.55;20.85;21.10;1022262;24128572.00
2010/03/09;21.10;21.40;20.92;21.40;1245288;29238836.00
2010/03/10;21.58;22.37;21.48;22.12;4744768;115188464.00
2010/03/11;22.02;22.12;21.42;22.05;2302430;55485680.00
2010/03/12;21.95;22.08;21.17;21.24;1662944;39845288.00
2010/03/15;21.17;21.23;20.50;20.53;1427606;32791298.00
2010/03/16;20.52;20.85;20.38;20.80;1114091;25614326.00
2010/03/17;20.80;21.16;20.58;21.08;1361567;31677548.00
2010/03/18;21.19;21.42;21.05;21.16;1151200;27072832.00
2010/03/19;21.35;21.87;21.08;21.31;1981796;47180024.00
2010/03/22;21.55;21.55;21.05;21.36;1249502;29525682.00
2010/03/23;21.44;21.57;20.97;21.03;1292295;30306008.00
2010/03/24;21.45;21.66;21.07;21.57;2126518;50452620.00
2010/03/25;21.63;22.06;21.27;21.80;3513176;84696184.00
2010/03/26;21.66;22.06;21.55;21.96;2550265;61882936.00
2010/03/29;22.00;22.06;21.43;21.67;2045718;49059276.00
2010/03/30;21.69;21.82;21.45;21.76;1678092;40140604.00
2010/03/31;21.76;22.23;21.76;21.97;2485356;60423660.00
2010/04/01;21.96;22.47;21.84;22.27;3167994;77785200.00
2010/04/02;22.33;22.33;21.85;21.86;2377008;57866800.00
2010/04/06;21.92;22.34;21.77;22.25;2110968;51519892.00
2010/04/07;22.23;24.25;22.09;23.40;7567985;193884880.00
2010/04/08;23.38;24.17;23.10;23.41;6037644;156874256.00
2010/04/09;23.47;23.55;22.72;23.12;3157328;80409640.00
2010/04/12;22.99;23.86;22.97;23.35;2738960;70594936.00
2010/04/13;23.42;24.25;22.62;23.77;6121811;158707152.00
2010/04/14;23.66;23.72;22.98;23.54;2554977;65854036.00
2010/04/15;23.54;23.66;22.29;22.41;2830931;71381360.00
2010/04/16;22.12;22.91;22.12;22.47;1544949;38589144.00
2010/04/19;22.33;22.85;21.52;21.57;1965523;48459092.00
2010/04/20;21.66;21.96;20.87;21.90;2081513;49491744.00
2010/04/21;21.90;22.59;21.67;22.47;2160940;53129296.00
2010/04/22;22.19;22.98;21.65;22.62;3722565;91780752.00
2010/04/23;22.37;22.64;21.86;21.90;2090312;51324028.00
2010/04/26;21.90;22.32;21.77;22.19;1614164;39518112.00
2010/04/27;22.22;22.25;20.67;21.57;2257913;53410172.00
2010/04/28;21.02;21.54;20.97;21.15;1422957;33511144.00
2010/04/29;21.23;21.46;20.20;20.22;1688550;39072192.00
2010/04/30;20.28;20.46;19.13;19.66;1301872;28449490.00
2010/05/04;19.37;20.14;19.08;19.87;953034;21087384.00
2010/05/05;19.80;20.29;19.52;20.25;1012522;22709602.00
2010/05/06;20.25;20.70;19.82;19.93;1429012;32451386.00
2010/05/07;19.62;20.24;19.12;19.68;899717;19928420.00
2010/05/10;19.70;20.09;18.85;19.29;994125;21595634.00
2010/05/11;19.58;19.87;18.69;18.69;1002934;21653572.00
2010/05/13;18.56;18.66;17.31;18.50;1617706;32706284.00
2010/05/14;18.36;18.87;18.00;18.70;1151832;24001836.00
2010/05/17;17.78;18.46;16.68;16.97;1192635;23892250.00
2010/05/18;16.97;17.33;16.24;16.91;1066056;20272538.00
2010/05/19;16.77;17.17;16.52;16.77;801438;15413316.00
2010/05/20;16.57;17.10;16.36;16.49;681474;12982164.00
2010/05/21;16.08;17.77;15.81;17.57;2242428;43764320.00
2010/05/24;17.57;18.65;17.57;18.47;1944762;40162372.00
2010/05/25;18.39;18.54;17.97;18.09;1392285;28522910.00
2010/05/26;17.87;18.26;17.87;18.07;748427;15258921.00
2010/05/27;17.98;18.46;17.89;18.37;1008024;20738688.00
2010/05/28;18.48;18.62;18.25;18.46;1287072;26694138.00
2010/05/31;18.40;19.07;18.26;18.34;2234182;46961956.00
2010/06/01;18.04;18.13;16.99;17.26;1130232;22373900.00
2010/06/02;17.22;17.42;16.98;17.42;525057;10259477.00
2010/06/03;17.42;17.77;17.23;17.28;852711;16929726.00
2010/06/04;17.20;17.60;17.20;17.54;586176;11558560.00
2010/06/07;17.12;17.52;16.97;17.34;935400;18262530.00
2010/06/08;17.62;18.16;17.58;17.92;1753100;35430336.00
2010/06/09;17.98;18.26;17.77;18.22;1333431;27132788.00
2010/06/10;18.23;18.67;17.98;18.42;1677493;34905980.00
2010/06/11;18.57;18.67;18.17;18.32;1153501;23846536.00
2010/06/17;18.57;18.62;17.78;17.83;942442;19233362.00
2010/06/18;17.96;17.96;16.70;16.78;1075555;21081704.00
2010/06/21;16.78;17.26;16.67;17.20;842447;16223570.00
2010/06/22;17.23;17.45;17.07;17.32;723622;14208234.00
2010/06/23;17.29;18.04;17.07;17.79;990022;19812712.00
2010/06/24;17.88;17.88;17.28;17.48;587601;11465762.00
2010/06/25;17.38;17.48;17.09;17.29;466463;9003481.00
2010/06/28;17.29;17.53;17.12;17.18;376760;7249306.00
2010/06/29;17.18;17.28;16.22;16.22;950290;17757374.00
2010/06/30;16.23;16.51;15.99;16.38;726604;13328242.00
2010/07/01;16.30;16.48;16.09;16.15;277877;5079056.50
2010/07/02;16.15;16.33;15.54;16.18;929617;16677363.00
2010/07/05;16.06;16.33;15.78;16.08;334308;6069696.50
2010/07/06;16.10;16.77;16.10;16.46;870479;16058921.00
2010/07/07;16.59;17.25;16.37;16.79;958899;18095742.00
2010/07/08;16.80;16.90;16.57;16.69;649628;12145836.00
2010/07/09;16.64;17.05;16.64;16.99;1070282;20267778.00
2010/07/12;17.00;17.18;16.79;17.11;943917;18005370.00
2010/07/13;17.00;17.00;16.60;16.61;794612;14863893.00
2010/07/14;16.61;16.97;16.61;16.68;598762;11251601.00
2010/07/15;16.68;17.57;16.60;16.78;1677382;32205662.00
2010/07/16;16.58;16.77;16.13;16.65;851556;15755186.00
2010/07/19;16.56;16.98;16.31;16.95;825653;15492871.00
2010/07/20;16.99;17.46;16.99;17.36;1325500;25590920.00
2010/07/21;17.37;17.77;17.21;17.42;1309001;25529848.00
2010/07/22;17.38;17.63;17.20;17.63;1014044;19741964.00
2010/07/23;17.65;17.84;17.46;17.59;1212630;23830298.00
2010/07/26;17.59;17.75;17.33;17.66;1062696;20801922.00
2010/07/27;17.64;17.93;17.58;17.67;1114212;22028952.00
2010/07/28;17.63;18.03;17.48;18.02;1610425;32055610.00
2010/07/29;18.01;18.15;17.78;17.93;1311679;26169806.00
2010/07/30;17.98;18.09;17.66;17.79;1131047;22492886.00
2010/08/02;17.91;18.18;17.73;18.15;1727966;34588804.00
2010/08/03;18.18;18.24;17.78;17.78;1536825;30728016.00
2010/08/04;17.79;18.03;17.58;17.99;1082234;21423404.00
2010/08/05;17.98;18.51;17.98;18.18;2404817;48763496.00
2010/08/06;18.25;18.85;18.06;18.71;2239997;46054928.00
2010/08/09;18.76;18.94;18.53;18.78;1790010;37117760.00
2010/08/10;18.79;19.51;18.58;19.15;4446189;93961240.00
2010/08/11;19.20;20.66;18.78;20.17;5168293;112233536.00
2010/08/12;19.74;20.54;19.38;19.96;4334548;95161856.00
2010/08/13;19.87;20.44;19.77;20.16;2955816;65458304.00
2010/08/16;20.16;20.57;19.89;20.41;3608117;80650328.00
2010/08/17;20.49;20.63;19.82;20.09;2765981;61364244.00
2010/08/18;19.98;20.09;19.69;19.91;1861016;40720128.00
2010/08/19;19.92;20.18;19.70;19.88;1925943;42253752.00
2010/08/20;19.78;19.78;18.89;19.06;1952461;41547868.00
2010/08/23;18.96;19.42;18.81;19.03;1155993;24458638.00
2010/08/24;19.06;19.41;18.88;19.36;1354755;28771090.00
2010/08/25;19.26;19.57;18.78;18.78;1044185;22126688.00
2010/08/26;18.83;19.23;18.55;18.98;1104041;23066950.00
2010/08/27;18.98;19.37;18.79;19.34;1141390;24261950.00
2010/08/30;19.43;19.84;19.43;19.72;1555621;33769972.00
2010/08/31;19.71;20.28;19.48;20.13;2469664;54380324.00
2010/09/01;20.26;20.30;19.25;19.40;2177550;47423712.00
2010/09/02;19.44;21.43;19.31;20.85;4684044;105225128.00
2010/09/03;20.88;22.03;20.66;21.28;5699146;133421368.00
2010/09/06;21.27;21.31;20.49;20.86;2980617;68215368.00
2010/09/07;20.68;21.71;20.68;21.56;3854990;90287992.00
2010/09/08;21.26;21.70;21.01;21.46;2438451;57083312.00
2010/09/09;21.39;21.63;20.64;21.37;2657109;61875904.00
2010/09/10;21.35;22.64;20.79;22.10;3488206;83079744.00
2010/09/13;22.08;22.60;21.78;22.58;3590245;87629912.00
2010/09/14;22.58;23.48;22.45;23.23;3810723;95198528.00
2010/09/15;23.23;24.28;23.08;23.19;5563515;143219648.00
2010/09/16;23.19;24.95;22.74;24.68;7268693;189674512.00
2010/09/17;24.36;25.32;23.98;24.73;4398606;117636360.00
2010/09/20;24.15;25.86;22.91;24.73;5877629;155619168.00
2010/09/21;24.50;24.95;23.72;24.08;3028417;79931752.00
2010/09/27;24.18;24.45;23.34;24.05;3509252;91357824.00
2010/09/28;23.83;26.38;23.60;25.80;7995241;217720384.00
2010/09/29;26.08;27.94;25.26;27.25;13326133;381213024.00
2010/09/30;27.43;28.96;26.51;28.11;14168442;424425312.00
2010/10/08;28.71;28.88;27.48;28.09;12958422;388768160.00
2010/10/11;27.86;28.85;26.99;28.16;13674154;408573152.00
2010/10/12;28.16;29.78;27.88;28.21;12790766;388625408.00
2010/10/13;28.56;28.97;26.06;28.95;14963975;447195040.00
2010/10/14;29.48;29.51;25.85;25.85;12446866;367752000.00
2010/10/15;24.98;25.35;23.58;24.93;6410238;169552272.00
2010/10/18;24.61;25.33;22.41;23.28;8723673;223294048.00
2010/10/19;24.08;24.43;23.23;24.36;10944124;281187392.00
2010/10/20;23.96;24.33;23.35;23.77;6879541;177943920.00
2010/10/21;23.74;24.36;23.38;24.24;5149102;134204440.00
2010/10/22;24.33;24.36;23.87;23.99;4027495;104997072.00
2010/10/25;23.98;24.23;23.59;24.16;5319188;138316992.00
2010/10/27;25.20;26.66;25.20;25.38;9661912;269306720.00
2010/10/28;25.36;25.37;24.58;24.77;4113592;110413352.00
2010/10/29;24.48;24.98;24.23;24.40;2752764;72982248.00
2010/11/01;24.48;24.96;24.27;24.93;4086747;108895992.00
2010/11/02;24.93;26.43;24.54;25.69;6818547;188880016.00
2010/11/03;25.89;25.89;25.01;25.09;3240980;89201136.00
2010/11/04;24.98;25.34;24.83;25.20;2805466;76031376.00
2010/11/05;25.23;25.95;24.85;25.88;5250820;144087680.00
2010/11/08;26.04;26.38;25.69;26.31;5189368;146114192.00
2010/11/09;26.37;26.63;26.10;26.53;4715775;134108776.00
2010/11/10;26.70;27.84;26.60;26.74;5448210;159077616.00
2010/11/11;26.68;26.68;25.95;25.95;4262844;120510976.00
2010/11/12;25.91;25.91;23.49;23.51;3721273;99073432.00
2010/11/15;24.36;24.53;23.78;24.53;2892342;75794760.00
2010/11/16;24.55;25.48;24.00;24.53;3637775;97983520.00
2010/11/17;23.98;24.52;22.51;22.57;2407080;61428980.00
2010/11/18;22.10;23.11;22.10;22.78;1497884;37015620.00
2010/11/19;22.98;23.42;22.74;23.34;1529402;38375140.00
2010/11/22;23.48;24.34;23.35;23.99;1986667;51516544.00
2010/11/23;24.00;24.08;22.85;23.25;1289828;32721910.00
2010/11/24;23.08;24.08;22.89;23.98;1958773;50381460.00
2010/11/25;24.26;24.62;24.08;24.28;2123891;55921300.00
2010/11/26;24.28;25.76;23.88;25.36;4804156;130273688.00
2010/11/29;25.23;26.86;24.86;26.35;6428557;181127040.00
2010/11/30;26.01;26.33;23.53;24.55;4182860;112691192.00
2010/12/01;24.28;24.28;23.58;23.82;1956176;50639700.00
2010/12/02;23.95;24.66;23.89;24.08;1726102;45310820.00
2010/12/03;23.90;23.98;23.01;23.49;1840008;46768564.00
2010/12/06;23.58;23.74;22.68;22.79;1401820;35069576.00
2010/12/07;22.58;23.23;22.58;23.19;871175;21782034.00
2010/12/08;23.10;24.47;22.99;23.84;2241676;58146788.00
2010/12/09;23.48;23.58;22.89;22.95;1277763;32195712.00
2010/12/10;22.78;23.33;22.68;23.17;753344;18858790.00
2010/12/13;23.56;23.77;23.26;23.68;1376815;35178408.00
2010/12/14;23.78;23.86;23.51;23.83;1259179;32413482.00
2010/12/15;23.78;24.24;23.72;23.81;1266303;32903434.00
2010/12/16;23.78;24.48;23.68;24.07;2090476;54761088.00
2010/12/20;23.98;24.43;22.68;23.35;1762198;44932108.00
2010/12/21;23.27;25.23;23.27;24.97;5438475;145566016.00
2010/12/22;24.92;25.57;24.28;24.57;3525980;95033416.00
2010/12/23;24.38;24.48;23.36;23.53;2048670;52985676.00
2010/12/24;23.53;23.78;22.81;22.89;1230526;30877480.00
2010/12/27;22.81;23.27;22.27;22.63;1005099;25067856.00
2010/12/28;22.68;22.68;21.98;22.06;882838;21351172.00
2010/12/29;22.06;22.42;22.06;22.20;532461;12906327.00
2010/12/30;22.39;22.81;22.24;22.58;599509;14735368.00
2010/12/31;22.39;22.88;22.39;22.85;681649;16888530.00
2011/01/04;22.98;23.18;22.68;23.10;905092;22613686.00
2011/01/05;23.01;23.46;22.88;22.90;1091203;27479222.00
2011/01/06;22.88;23.20;22.58;22.96;771667;19158192.00
2011/01/07;22.97;23.16;22.70;22.84;829440;20719880.00
2011/01/10;22.74;22.84;21.58;21.58;1401544;33786852.00
2011/01/11;21.63;21.78;20.80;20.97;1032716;23874410.00
2011/01/12;21.10;21.58;20.99;21.35;508753;11822777.00
2011/01/13;21.35;21.53;21.12;21.13;343690;7992003.00
2011/01/14;21.13;21.13;20.33;20.51;777891;17566496.00
2011/01/17;20.09;20.46;19.31;19.33;838033;18146080.00
2011/01/18;19.32;19.51;19.06;19.23;411643;8773307.00
2011/01/19;20.01;21.36;20.01;20.80;2205576;50015844.00
2011/01/20;20.44;20.48;19.44;19.58;1100258;24213848.00
2011/01/21;19.38;20.36;19.37;19.86;690777;15118853.00
2011/01/24;19.79;19.97;19.28;19.29;464787;10017888.00
2011/01/25;19.30;19.64;18.68;18.73;426849;9002634.00
2011/01/26;18.74;19.08;18.73;18.97;516376;10815536.00
2011/01/27;18.93;19.45;18.88;19.34;493430;10502148.00
2011/01/28;19.38;19.71;19.36;19.65;513774;11087848.00
2011/01/31;19.76;19.81;19.38;19.80;582875;12641757.00
2011/02/01;19.98;19.98;19.64;19.83;516595;11296137.00
2011/02/09;19.74;19.96;19.46;19.53;495606;10774900.00
2011/02/10;19.14;20.69;19.08;20.64;1438273;32161958.00
2011/02/11;20.71;20.90;20.38;20.73;1125720;25481908.00
2011/02/14;20.82;22.28;20.81;21.20;1829516;43163996.00
2011/02/15;21.18;21.75;20.98;21.29;1255841;29351750.00
2011/02/16;21.23;21.66;21.18;21.54;857488;20118394.00
2011/02/17;22.06;22.06;21.36;21.66;863003;20364726.00
2011/02/18;21.61;21.65;21.11;21.22;892849;20782642.00
2011/02/21;21.12;21.85;21.12;21.70;1212285;28733498.00
2011/02/22;21.68;22.08;21.26;21.54;2082222;49635052.00
2011/02/23;21.48;22.45;21.17;22.37;2630148;63401372.00
2011/02/24;22.16;22.37;21.94;22.13;1439207;34715740.00
2011/02/25;21.98;22.18;21.48;21.89;1014455;24160726.00
2011/02/28;21.98;22.27;21.46;22.18;1240901;29780944.00
2011/03/01;22.17;22.73;22.07;22.37;1845501;45084624.00
2011/03/02;22.38;22.70;22.14;22.53;1606092;39301480.00
2011/03/03;22.53;22.64;21.59;21.71;1355224;32852174.00
2011/03/04;21.59;22.26;21.58;22.00;999658;23973048.00
2011/03/07;22.18;22.48;21.98;22.18;1011464;24411974.00
2011/03/08;22.08;22.86;21.74;22.68;2518300;61377604.00
2011/03/09;22.66;22.73;22.36;22.37;1080606;26468860.00
2011/03/10;22.33;22.77;22.03;22.44;1586297;38861924.00
2011/03/11;22.45;22.64;22.08;22.12;1334426;32475436.00
2011/03/14;22.02;22.71;21.96;22.68;2051420;50341336.00
2011/03/15;22.68;23.08;22.18;22.59;2172279;53473868.00
2011/03/16;22.53;23.47;22.38;23.42;3604755;90686192.00
2011/03/17;23.23;23.65;22.88;23.18;2277339;57489992.00
2011/03/18;23.42;24.25;23.18;24.13;3991026;103712416.00
2011/03/21;24.08;24.42;23.64;24.27;2925379;76227968.00
2011/03/22;24.30;24.30;23.65;23.88;1912423;49701272.00
2011/03/23;23.80;23.93;23.28;23.54;2329692;59327096.00
2011/03/24;23.55;23.93;23.43;23.55;1825958;46913408.00
2011/03/25;23.47;23.47;23.08;23.16;1824121;45983636.00
2011/03/28;23.13;24.16;22.90;23.58;3314321;84837728.00
2011/03/29;23.56;23.56;22.11;22.15;2416165;59661688.00
2011/03/30;22.14;22.15;21.78;21.78;935431;22384458.00
2011/03/31;21.78;22.33;21.71;21.96;622616;14998696.00
2011/04/01;22.00;22.18;21.05;21.54;1311261;30874026.00
2011/04/06;21.31;21.54;20.60;20.89;1149574;26457754.00
2011/04/07;20.78;21.21;20.73;21.03;715414;16448872.00
2011/04/08;21.03;21.50;20.78;21.48;832740;19363096.00
2011/04/11;21.55;21.55;20.88;20.92;1131911;26173544.00
2011/04/12;20.92;21.07;20.78;20.93;643286;14748015.00
2011/04/13;20.78;21.33;20.73;21.27;801785;18578164.00
2011/04/14;21.27;21.40;21.08;21.12;576795;13384829.00
2011/04/15;21.12;21.21;20.54;20.70;1071202;24411614.00
2011/04/18;20.66;20.96;20.58;20.63;873471;19887924.00
2011/04/19;20.63;20.63;19.48;20.01;1292360;28433046.00
2011/04/20;20.01;22.21;19.88;22.04;3204795;75266128.00
2011/04/21;21.89;21.96;21.22;21.26;1808312;42558948.00
2011/04/25;21.19;21.19;20.00;20.16;1091493;24341494.00
2011/04/26;20.15;20.45;19.99;20.31;544349;12107573.00
2011/04/27;20.64;22.22;20.64;21.06;2147989;50201036.00
2011/04/28;20.49;21.28;20.19;20.24;1052093;23853994.00
2011/04/29;20.23;20.41;19.58;20.37;598106;13212353.00
2011/05/03;20.43;21.10;20.10;20.91;720365;16421048.00
2011/05/04;20.91;21.14;20.58;20.68;851462;19500476.00
2011/05/05;20.68;21.05;20.68;20.92;635165;14546721.00
2011/05/06;20.90;21.12;20.48;20.98;687046;15753239.00
2011/05/09;21.04;21.46;20.92;21.14;893849;20748970.00
2011/05/10;21.07;21.37;20.91;21.03;571391;13177310.00
2011/05/11;21.18;21.18;20.69;20.95;706128;16257422.00
2011/05/12;20.79;21.18;20.57;20.58;851717;19473170.00
2011/05/13;20.58;20.85;20.12;20.53;823120;18496952.00
2011/05/16;20.50;20.65;20.42;20.48;524278;11803362.00
2011/05/17;20.28;20.46;19.98;20.36;467017;10380757.00
2011/05/18;20.21;20.96;20.21;20.79;796119;18121972.00
2011/05/19;20.73;21.06;20.39;20.66;745133;16947622.00
2011/05/20;20.72;20.91;20.53;20.59;421685;9429888.00
2011/05/23;20.47;20.65;19.54;19.67;809599;17604176.00
2011/05/24;19.60;19.66;18.67;19.24;615361;12853918.00
2011/05/25;19.25;19.35;18.91;18.93;335249;6989969.00
2011/05/26;18.96;19.22;18.76;18.86;352921;7327591.50
2011/05/27;18.98;19.13;18.19;18.26;571299;11498919.00
2011/05/30;18.26;18.51;17.79;18.26;380143;7582859.50
2011/05/31;18.41;18.64;18.21;18.63;300389;6067139.00
2011/06/01;18.57;18.78;18.37;18.65;488249;9923560.00
2011/06/02;18.56;18.56;17.98;18.31;398913;7985223.50
2011/06/03;18.31;18.70;18.31;18.52;355475;7211383.50
2011/06/07;18.37;19.04;18.37;18.73;391083;8035839.00
2011/06/08;18.64;18.97;18.58;18.72;308704;6325096.50
2011/06/09;18.64;18.87;18.29;18.29;299430;6099612.00
2011/06/10;17.97;18.50;17.96;18.36;310488;6178667.00
2011/06/13;18.26;18.36;17.96;18.23;204751;4084847.00
2011/06/14;18.40;18.46;18.18;18.43;262389;5275269.50
2011/06/15;18.66;20.45;18.66;19.82;3337920;72911120.00
2011/06/16;19.12;19.20;18.61;18.76;1912272;39382232.00
2011/06/17;18.70;19.45;18.41;18.68;1053145;21729842.00
2011/06/20;18.44;18.63;17.86;18.03;692603;13766507.00
2011/06/21;18.16;18.26;17.86;18.19;609742;12070999.00
2011/06/22;18.31;18.44;17.97;18.30;588527;11727693.00
2011/06/23;18.16;18.46;17.84;18.41;739882;14784952.00
2011/06/24;18.41;18.91;18.26;18.61;1011291;20619474.00
2011/06/27;18.63;19.25;18.63;18.76;1011399;20881768.00
2011/06/28;18.78;19.50;18.78;19.34;1575001;32925316.00
2011/06/29;19.36;19.39;19.01;19.02;886336;18497406.00
2011/06/30;19.02;19.60;19.02;19.41;1046593;22099630.00
2011/07/01;19.35;19.56;19.24;19.27;637653;13445876.00
2011/07/04;19.48;19.70;19.31;19.56;779201;16530967.00
2011/07/05;19.65;19.96;19.41;19.72;973264;20819136.00
2011/07/06;19.64;19.64;19.36;19.51;651308;13825077.00
2011/07/07;19.81;20.15;19.56;19.62;1050302;22672724.00
2011/07/08;19.62;19.71;19.26;19.36;616204;13057239.00
2011/07/11;19.26;19.47;19.19;19.42;493868;10432866.00
2011/07/12;19.36;19.36;18.91;18.92;599375;12477442.00
2011/07/13;19.00;19.31;18.96;19.21;462063;9664099.00
2011/07/14;19.23;19.79;19.17;19.79;1203364;25729512.00
2011/07/15;19.82;20.86;19.68;20.42;2638616;58318672.00
2011/07/18;20.91;22.46;20.81;21.07;3791972;88132536.00
2011/07/19;21.08;21.08;20.26;20.82;1611886;36054080.00
2011/07/20;20.96;21.06;20.13;20.44;1632716;36269572.00
2011/07/21;20.48;20.65;20.08;20.10;814430;17928402.00
2011/07/22;20.10;20.41;20.02;20.16;562063;12320388.00
2011/07/25;20.20;20.44;19.11;19.32;1014511;21792414.00
2011/07/26;19.26;19.47;18.76;19.20;536391;11188728.00
2011/07/27;19.21;19.65;19.01;19.56;608081;12873687.00
2011/07/28;19.29;19.48;19.16;19.32;577831;12148365.00
2011/07/29;19.32;19.50;18.94;19.30;440125;9209758.00
2011/08/01;19.60;19.72;19.12;19.64;707634;15015855.00
2011/08/02;19.64;19.65;19.16;19.58;470660;9935496.00
2011/08/03;19.39;19.74;19.26;19.60;550974;11746317.00
2011/08/04;19.60;19.75;19.38;19.56;650804;13876618.00
2011/08/05;19.05;19.22;18.38;18.68;849910;17503908.00
2011/08/09;16.66;18.11;16.64;17.69;1629220;30728228.00
2011/08/10;17.76;18.36;17.71;17.71;844838;16629323.00
2011/08/11;17.27;18.09;17.06;17.96;699200;13530414.00
2011/08/12;18.02;18.24;17.97;18.06;614151;12191832.00
2011/08/15;18.06;18.56;18.06;18.37;549536;11028742.00
2011/08/16;18.40;18.49;18.07;18.14;385697;7697470.00
2011/08/17;18.14;18.25;17.96;17.98;376754;7461032.50
2011/08/18;18.00;18.11;17.56;17.59;385151;7519742.50
2011/08/19;17.52;17.52;17.16;17.42;391466;7461528.50
2011/08/22;17.41;17.72;17.41;17.43;315813;6081602.50
2011/08/23;17.56;17.86;17.44;17.84;386623;7522020.00
2011/08/24;18.06;18.14;17.86;17.88;453481;8938138.00
2011/08/25;17.97;18.39;17.89;18.36;910575;18198996.00
2011/08/26;18.63;18.63;18.23;18.38;564913;11369893.00
2011/08/29;18.21;18.26;17.94;17.94;541493;10742764.00
2011/08/30;18.26;19.28;18.26;18.40;1591739;32698556.00
2011/08/31;18.27;18.52;17.94;18.20;569361;11346056.00
2011/09/01;18.25;18.54;17.97;18.07;427059;8539921.00
2011/09/02;18.07;18.15;17.46;17.66;418371;8152889.50
2011/09/05;17.46;17.63;17.22;17.31;358609;6846152.50
2011/09/06;17.06;17.31;17.06;17.16;240857;4551840.00
2011/09/07;17.36;18.14;17.22;17.79;426314;8246303.50
2011/09/08;17.80;18.12;17.61;17.62;308592;6013216.00
2011/09/09;17.73;17.75;17.35;17.35;224800;4329207.00
2011/09/13;17.33;17.33;16.93;17.05;288619;5413516.00
2011/09/14;17.41;17.43;16.95;17.35;211972;4011867.50
2011/09/15;17.27;17.46;17.27;17.38;255178;4882433.00
2011/09/16;17.40;17.71;17.39;17.39;276091;5314468.50
2011/09/19;17.17;17.42;16.97;17.11;190759;3606761.00
2011/09/20;17.07;17.35;17.06;17.23;182698;3454317.00
2011/09/21;17.19;17.88;17.15;17.86;597556;11555422.00
2011/09/22;17.74;17.74;17.17;17.18;439973;8445051.00
2011/09/23;17.12;17.21;16.84;17.05;369823;6933102.50
2011/09/26;17.06;17.41;16.91;17.00;190672;3602366.25
2011/09/27;17.16;17.16;16.91;17.12;188821;3545931.00
2011/09/28;17.46;17.55;16.88;16.88;330891;6248217.00
2011/09/29;16.98;16.98;16.23;16.24;390919;7095463.00
2011/09/30;16.19;16.41;16.01;16.33;246161;4414731.00
2011/10/10;16.70;16.74;16.06;16.16;145977;2626925.00
2011/10/11;16.49;16.71;16.29;16.33;343530;6238047.50
2011/10/12;16.43;16.77;16.09;16.68;437112;8022993.50
2011/10/13;16.66;17.05;16.66;16.85;352765;6573467.00
2011/10/14;16.71;17.66;16.65;17.50;639562;12036148.00
2011/10/17;17.51;17.66;17.27;17.36;706422;13564051.00
2011/10/18;17.36;17.36;16.78;16.78;346513;6513583.50
2011/10/19;16.76;17.04;16.50;16.76;249565;4597938.00
2011/10/20;16.87;16.90;16.10;16.37;240445;4341826.50
2011/10/21;16.46;16.46;16.16;16.19;122322;2206364.50
2011/10/24;16.19;16.45;15.94;16.42;251950;4527060.00
2011/10/25;16.61;16.74;16.33;16.72;322965;5923848.50
2011/10/26;16.59;17.13;16.52;16.84;349744;6501607.00
2011/10/27;17.01;17.06;16.66;16.72;290346;5405531.50
2011/10/28;16.96;17.12;16.81;16.99;522486;9760559.00
2011/10/31;16.99;17.54;16.91;17.20;725986;13798404.00
2011/11/01;17.02;17.25;16.78;17.13;438390;8239787.50
2011/11/02;16.99;17.34;16.78;17.31;663150;12508139.00
2011/11/03;17.43;17.74;17.32;17.34;934983;17982748.00
2011/11/04;17.26;17.89;17.18;17.74;1064988;20603684.00
2011/11/07;19.36;19.69;19.26;19.69;2931640;62705268.00
2011/11/08;20.06;20.15;18.56;18.56;5192023;109300560.00
2011/11/09;18.26;19.12;18.25;18.83;2319655;47524552.00
2011/11/10;18.78;18.78;18.14;18.56;1785354;36095516.00
2011/11/11;18.46;19.46;18.32;18.81;2117757;44017836.00
2011/11/14;18.88;19.24;18.66;19.05;1732905;35883576.00
2011/11/15;18.96;19.08;18.66;19.00;1418422;29199680.00
2011/11/16;18.96;19.02;18.28;18.39;994196;20239790.00
2011/11/17;18.36;18.66;18.25;18.37;810805;16324195.00
2011/11/18;18.27;18.27;17.51;17.53;895304;17520078.00
2011/11/21;17.53;17.91;17.53;17.84;748527;14587354.00
2011/11/22;17.58;17.61;17.17;17.51;597257;11447048.00
2011/11/23;17.61;17.84;17.38;17.54;413316;7988974.50
2011/11/24;17.26;17.62;16.99;17.50;441772;8436616.00
2011/11/25;17.50;17.58;17.14;17.18;351200;6708068.00
2011/11/28;17.18;17.58;17.16;17.29;404586;7725179.50
2011/11/29;17.38;18.84;17.38;18.28;2201081;44144884.00
2011/11/30;17.86;18.55;17.25;17.92;1774308;35202896.00
2011/12/01;18.22;18.80;18.22;18.58;2031429;41223228.00
2011/12/02;18.33;18.76;18.27;18.46;1164057;23582456.00
2011/12/05;18.30;18.62;17.06;17.17;1113536;21579278.00
2011/12/06;16.96;17.05;16.33;16.61;902526;16591592.00
2011/12/07;16.64;17.06;16.56;16.79;454956;8446133.00
2011/12/08;16.71;17.04;16.36;16.81;515014;9547163.00
2011/12/09;16.54;16.87;16.51;16.61;357569;6575192.00
2011/12/12;16.64;16.83;16.30;16.37;316057;5782947.50
2011/12/13;16.39;16.47;14.56;15.50;879113;15200840.00
2011/12/14;15.26;15.65;14.86;15.10;495425;8414618.00
2011/12/15;14.88;15.15;14.81;14.82;421836;7039784.50
2011/12/16;15.07;15.32;14.76;15.32;422121;7063174.00
2011/12/19;15.36;15.55;14.96;15.50;373592;6358877.00
2011/12/20;15.52;16.14;15.34;15.50;559779;9812034.00
2011/12/21;15.44;15.76;14.98;15.00;386177;6620603.00
2011/12/22;14.80;14.98;14.56;14.89;548933;9036139.00
2011/12/23;14.66;15.14;14.66;15.05;348138;5820420.50
2011/12/26;15.06;15.36;14.77;14.86;173915;2915163.75
2011/12/27;14.86;15.01;14.62;14.64;216629;3569341.00
2011/12/28;14.37;14.77;14.19;14.44;255286;4109083.00
2011/12/29;14.42;14.77;14.41;14.47;192095;3130459.25
2011/12/30;14.46;14.81;14.46;14.66;204697;3359459.00
2012/01/04;15.00;15.00;13.92;13.96;588572;9474358.00
2012/01/05;13.96;13.98;12.91;13.06;486595;7421714.50
2012/01/06;13.10;13.16;12.41;12.79;416224;6001336.00
2012/01/09;12.79;13.32;12.56;13.26;437548;6496800.50
2012/01/10;13.18;14.01;13.18;13.92;605483;9402632.00
2012/01/11;13.92;15.26;13.84;14.85;1442214;23527542.00
2012/01/12;14.52;15.76;14.39;14.59;960112;16049136.00
2012/01/13;14.56;14.56;13.56;13.66;748799;11811420.00
2012/01/16;13.46;13.84;13.26;13.27;305490;4659514.00
2012/01/17;13.64;14.18;13.28;14.14;472049;7359149.50
2012/01/18;14.14;14.45;13.45;13.49;652145;10190166.00
2012/01/19;13.56;13.73;13.28;13.55;507258;7726209.00
2012/01/20;13.61;13.85;13.46;13.72;344735;5311185.50
2012/01/30;13.85;13.93;13.61;13.70;345934;5353531.50
2012/01/31;13.74;13.86;13.55;13.74;213522;3296765.75
2012/02/01;13.84;13.84;13.66;13.70;222572;3448988.75
2012/02/02;13.72;14.53;13.66;14.18;662685;10537537.00
2012/02/03;14.06;14.44;13.91;14.34;651234;10423523.00
2012/02/06;14.32;14.45;14.17;14.34;495879;7959306.00
2012/02/07;14.36;14.36;13.91;14.01;498069;7860582.00
2012/02/08;14.14;14.36;13.96;14.35;599241;9576406.00
2012/02/09;14.45;14.66;14.32;14.54;929460;15114644.00
2012/02/10;14.54;14.61;14.33;14.42;761119;12360638.00
2012/02/13;14.47;14.80;14.26;14.61;779227;12737676.00
2012/02/14;14.61;14.81;14.47;14.75;639639;10487932.00
2012/02/15;14.80;14.94;14.54;14.89;842598;13931905.00
2012/02/16;14.92;15.16;14.61;14.72;671338;11134957.00
2012/02/17;14.98;15.01;14.59;14.79;550253;9093449.00
2012/02/20;14.88;15.00;14.74;14.79;662354;11019821.00
2012/02/21;14.82;15.01;14.57;14.99;703208;11648350.00
2012/02/22;14.98;15.25;14.88;15.24;1084399;18276250.00
2012/02/23;15.26;15.54;15.16;15.35;866167;14786871.00
2012/02/24;15.42;17.04;15.26;17.04;3167308;56498504.00
2012/02/27;16.90;18.26;16.51;17.19;4994503;94521536.00
2012/02/28;16.79;16.96;16.51;16.59;1996686;36734316.00
2012/02/29;16.56;16.74;16.08;16.09;1084808;19612370.00
2012/03/01;16.01;16.24;16.01;16.08;947220;16922746.00
2012/03/02;16.11;16.45;16.08;16.16;1440299;25902312.00
2012/03/05;16.35;16.74;16.35;16.37;1515973;27667834.00
2012/03/06;16.31;16.37;15.77;15.95;1122560;19898102.00
2012/03/07;15.77;16.17;15.74;15.79;751667;13321099.00
2012/03/08;15.94;16.13;15.80;15.97;783291;13870408.00
2012/03/09;16.02;16.39;16.02;16.35;909815;16331995.00
2012/03/12;16.35;16.70;16.28;16.65;1433718;26221692.00
2012/03/13;16.69;16.73;16.40;16.60;801215;14634276.00
2012/03/14;16.60;16.67;15.52;15.57;1747990;31374758.00
2012/03/15;15.58;15.78;14.96;15.28;1093310;18648916.00
2012/03/16;15.34;15.83;15.34;15.77;766757;13258967.00
2012/03/19;15.86;16.21;15.78;16.19;977916;17367232.00
2012/03/20;16.16;16.24;15.64;15.67;1000208;17639030.00
2012/03/21;15.63;15.96;15.35;15.81;926900;16117724.00
2012/03/22;15.84;15.84;15.46;15.61;435980;7579227.50
2012/03/23;15.61;16.63;15.46;16.11;2675796;48201400.00
2012/03/26;16.06;16.15;15.57;15.72;1065499;18676664.00
2012/03/27;15.67;15.94;15.47;15.55;628928;10957864.00
2012/03/28;15.46;15.57;14.56;14.58;820517;13765425.00
2012/03/29;14.39;14.56;13.74;14.05;685207;10862016.00
2012/03/30;14.05;14.30;13.93;14.15;413435;6549844.00
2012/04/05;14.12;14.62;13.93;14.55;443798;7153848.00
2012/04/06;14.55;14.96;14.43;14.64;441193;7267595.50
2012/04/09;14.56;14.82;14.48;14.53;335914;5509704.00
2012/04/10;14.48;14.69;14.12;14.67;356406;5747324.00
2012/04/11;14.45;14.86;14.36;14.67;280815;4594891.50
2012/04/12;14.72;15.25;14.60;15.08;717460;11959753.00
2012/04/13;15.03;15.31;14.98;15.08;517977;8742565.00
2012/04/16;15.08;15.45;14.90;15.19;579857;9828349.00
2012/04/17;15.18;15.41;15.06;15.18;442874;7525575.00
2012/04/18;15.18;15.58;14.91;15.53;861710;14667816.00
2012/04/19;15.37;15.58;15.32;15.36;673959;11553516.00
2012/04/23;15.50;15.50;14.68;14.76;547203;9195519.00
2012/04/24;14.58;14.81;14.22;14.50;607047;9829648.00
2012/04/25;14.46;14.72;14.36;14.61;343263;5590833.00
2012/04/26;14.61;14.71;14.50;14.62;348210;5690269.50
2012/04/27;14.62;14.76;14.61;14.65;236944;3890283.00
2012/05/02;14.76;15.14;14.76;14.91;438987;7314752.50
2012/05/03;15.01;15.23;14.99;15.21;642203;10833920.00
2012/05/04;15.26;15.26;15.01;15.19;469355;7924342.00
2012/05/07;15.21;15.34;15.09;15.32;544952;9238157.00
2012/05/08;15.36;15.36;15.14;15.21;467692;7923085.00
2012/05/09;15.06;15.72;14.91;15.17;952579;16253566.00
2012/05/10;14.98;16.02;14.98;15.81;2009860;35188188.00
2012/05/11;15.68;15.95;15.46;15.76;1330401;23279274.00
2012/05/14;15.81;16.41;15.50;15.72;1558901;27517532.00
2012/05/15;15.49;15.51;14.94;15.08;959897;16156021.00
2012/05/16;15.08;15.20;14.91;14.92;289448;4850507.00
2012/05/17;14.83;15.12;14.83;15.04;363363;6076250.50
2012/05/18;14.95;15.11;14.59;14.74;496816;8224183.00
2012/05/21;14.72;14.90;14.58;14.73;235330;3875768.50
2012/05/22;14.82;15.12;14.76;15.12;357510;5960164.00
2012/05/23;15.10;15.10;14.71;14.96;334823;5588632.00
2012/05/24;14.86;14.96;14.64;14.64;299918;4943293.00
2012/05/25;14.64;14.71;14.34;14.38;274805;4463787.00
2012/05/28;14.38;14.49;14.08;14.47;416899;6672389.50
2012/05/29;14.35;14.74;14.35;14.62;271781;4435437.50
2012/05/30;14.62;15.00;14.61;14.73;374200;6186200.00
2012/05/31;14.76;14.91;14.71;14.85;420025;6960837.50
2012/06/01;14.89;14.89;14.67;14.72;243522;4025652.25
2012/06/04;14.46;14.66;14.14;14.14;489743;7869284.00
2012/06/05;14.29;14.44;14.08;14.24;308368;4931763.50
2012/06/06;14.32;14.36;14.08;14.26;422301;6753054.50
2012/06/07;14.34;14.53;14.14;14.15;244966;3925318.75
2012/06/08;14.38;14.38;14.14;14.15;193382;3084347.75
2012/06/11;14.35;14.48;14.14;14.48;300788;4833581.00
2012/06/12;14.41;14.41;14.23;14.36;181172;2914846.00
2012/06/13;14.44;14.94;14.36;14.83;742846;12227881.00
2012/06/14;14.84;14.96;14.68;14.71;542935;9002341.00
2012/06/15;15.15;16.33;15.14;15.78;4053767;70196352.00
2012/06/18;15.54;16.50;15.49;16.26;3919126;69091624.00
2012/06/19;16.14;17.50;15.91;16.80;4884606;88816448.00
2012/06/20;16.59;16.70;15.94;16.06;2875716;50845076.00
2012/06/21;16.12;16.44;15.86;16.08;2130116;37704264.00
2012/06/25;16.08;16.50;15.85;15.86;1519278;26852916.00
2012/06/26;15.54;17.03;15.42;16.72;4039826;72343992.00
2012/06/27;16.49;16.92;16.30;16.35;2551845;46050912.00
2012/06/28;16.11;16.63;16.01;16.14;1632596;29136946.00
2012/06/29;16.03;17.04;15.75;16.91;2999590;54341684.00
2012/07/02;16.92;17.50;16.82;16.88;3417437;63609468.00
2012/07/03;17.14;18.34;17.14;17.37;4531149;86811000.00
2012/07/04;16.97;17.14;16.64;16.73;2481066;45385540.00
2012/07/05;16.72;16.73;16.24;16.25;1493661;26635238.00
2012/07/06;16.25;17.13;16.14;17.12;2705787;49253816.00
2012/07/09;17.12;17.64;16.79;16.92;3163621;59425996.00
2012/07/10;16.70;16.70;16.27;16.37;1814591;32509564.00
2012/07/11;16.04;17.04;15.87;16.98;2077845;37344844.00
2012/07/12;16.88;17.49;16.74;17.00;2526567;46938780.00
2012/07/13;16.90;17.32;16.74;17.28;2158111;40044816.00
2012/07/16;17.19;17.67;16.34;16.50;2412332;44908924.00
2012/07/17;16.28;16.44;15.72;16.10;1397102;24424184.00
2012/07/18;16.04;16.29;15.75;16.26;969372;16963538.00
2012/07/19;16.05;16.35;15.89;16.14;1143605;20131204.00
2012/07/20;16.04;16.47;16.04;16.12;1052710;18670154.00
2012/07/23;16.14;16.53;15.87;16.33;973438;17278044.00
2012/07/24;16.25;16.42;15.89;16.21;960125;16902810.00
2012/07/25;16.04;16.25;15.76;15.80;734446;12804516.00
2012/07/26;15.75;15.98;15.24;15.30;966481;16537777.00
2012/07/27;15.27;15.42;14.65;14.74;1015363;16648226.00
2012/07/30;14.74;14.82;14.35;14.39;719289;11477818.00
2012/07/31;14.42;14.73;14.35;14.48;369366;5889542.50
2012/08/01;14.44;14.88;14.44;14.77;499376;8090654.50
2012/08/02;15.31;15.77;15.14;15.24;1359387;22882952.00
2012/08/03;15.04;15.36;15.02;15.34;889909;14833703.00
2012/08/06;15.34;15.53;15.27;15.51;934783;15778245.00
2012/08/07;15.51;15.52;15.29;15.39;678143;11417646.00
2012/08/08;15.39;15.46;15.09;15.15;522202;8745518.00
2012/08/09;15.20;15.64;15.10;15.59;984628;16605169.00
2012/08/10;15.59;15.59;15.29;15.49;775713;13097031.00
2012/08/13;15.48;15.57;15.09;15.10;688890;11599009.00
2012/08/14;15.20;15.25;14.74;15.14;641108;10540331.00
2012/08/15;15.12;15.20;14.87;14.99;433812;7140809.50
2012/08/16;15.09;15.09;14.69;14.70;563950;9179830.00
2012/08/17;14.70;14.83;14.64;14.79;366241;5919762.50
2012/08/20;14.57;14.89;14.57;14.76;273319;4427708.50
2012/08/21;14.96;16.21;14.87;15.73;2327080;39741360.00
2012/08/22;15.55;15.73;15.30;15.36;1110348;18847518.00
2012/08/23;15.36;15.49;15.21;15.45;695437;11689137.00
2012/08/24;15.42;15.79;15.14;15.15;783767;13197067.00
2012/08/27;15.24;15.24;13.57;14.20;1083041;16989522.00
2012/08/28;13.67;14.42;13.64;14.21;591669;9170188.00
2012/08/29;14.24;14.27;13.89;14.07;382133;5939320.50
2012/08/30;13.91;14.17;13.80;14.06;689735;10638720.00
2012/08/31;13.94;14.17;13.90;14.10;239134;3713004.00
2012/09/03;14.02;14.49;13.84;14.39;519583;8153057.00
2012/09/04;14.44;14.44;14.11;14.17;323163;5071713.50
2012/09/05;14.14;14.38;14.14;14.15;295993;4644433.50
2012/09/06;14.34;14.35;14.17;14.32;341800;5384016.50
2012/09/07;14.45;15.03;14.35;14.69;1068200;17231962.00
2012/09/10;14.70;14.99;14.67;14.91;902383;14706932.00
2012/09/11;14.91;14.91;14.52;14.68;809118;13050200.00
2012/09/12;14.72;14.91;14.69;14.90;716179;11655827.00
2012/09/13;14.87;15.03;14.52;14.52;601337;9802518.00
2012/09/14;14.67;14.88;14.61;14.72;648407;10503998.00
2012/09/17;14.72;14.88;14.24;14.52;519702;8309796.00
2012/09/18;14.50;14.64;14.24;14.52;266699;4222593.50
2012/09/19;14.52;14.54;14.34;14.47;274680;4365236.50
2012/09/20;14.42;14.42;13.92;13.97;399693;6204132.00
2012/09/21;14.04;14.14;13.92;13.94;298499;4622245.50
2012/09/24;13.94;14.18;13.81;14.04;277957;4309432.50
2012/09/25;13.94;14.36;13.94;14.10;375075;5871012.50
2012/09/26;13.99;14.10;13.65;13.67;329178;5035410.00
2012/09/27;13.65;14.04;13.65;13.96;306549;4699953.50
2012/09/28;13.80;14.13;13.80;14.11;298704;4623776.50
2012/10/08;14.21;14.24;14.02;14.05;161019;2506316.75
2012/10/09;14.05;14.46;14.04;14.44;471348;7440265.50
2012/10/10;14.29;14.72;14.29;14.58;490281;7847972.50
2012/10/11;14.54;14.63;14.30;14.32;312415;4962466.00
2012/10/12;14.48;14.63;14.22;14.25;293688;4651871.50
2012/10/15;14.34;14.61;14.18;14.52;520504;8290554.00
2012/10/16;14.36;14.91;14.36;14.64;989802;16047924.00
2012/10/17;14.59;14.73;14.53;14.64;334586;5371446.00
2012/10/18;14.62;14.81;14.58;14.74;488978;7901965.00
2012/10/19;14.65;14.89;14.65;14.79;482133;7814317.00
2012/10/22;14.74;14.74;14.49;14.71;376970;6067869.50
2012/10/23;14.59;14.74;14.40;14.43;645532;10318749.00
2012/10/24;14.41;14.50;14.35;14.46;303794;4825971.50
2012/10/25;14.36;14.51;14.21;14.21;361800;5738202.50
2012/10/26;14.16;14.31;13.69;13.69;436742;6741097.00
2012/10/29;13.73;13.86;13.73;13.74;404430;6164998.50
2012/10/30;13.84;14.04;13.75;13.86;192855;2959825.00
2012/10/31;14.06;14.06;13.87;14.01;242253;3737402.00
2012/11/01;14.03;14.28;14.03;14.17;326131;5101380.50
2012/11/02;14.26;14.26;14.10;14.23;270599;4233599.50
2012/11/05;14.18;14.26;14.10;14.22;249792;3910175.00
2012/11/06;14.24;14.24;13.85;14.00;269720;4164679.25
2012/11/07;13.97;14.08;13.85;13.96;246688;3808772.50
2012/11/08;13.79;13.97;13.77;13.82;225255;3448706.75
2012/11/09;13.88;14.04;13.79;13.94;236623;3629817.50
2012/11/12;13.89;13.96;13.77;13.93;263389;4034406.75
2012/11/13;13.92;13.96;13.60;13.60;320200;4856969.00
2012/11/14;13.61;13.78;13.55;13.72;319439;4834391.00
2012/11/15;13.69;13.69;13.42;13.42;291669;4383467.50
2012/11/16;13.51;13.51;12.99;13.10;357496;5220275.00
2012/11/19;13.10;13.24;12.82;13.15;203730;2958815.75
2012/11/20;13.15;13.31;12.92;12.92;239652;3485783.50
2012/11/21;12.92;13.18;12.80;13.13;176223;2543181.75
2012/11/22;13.13;13.24;13.00;13.12;186411;2721863.25
2012/11/23;13.01;13.19;13.01;13.19;134273;1961497.63
2012/11/26;13.01;13.19;13.01;13.05;79200;1152357.50
2012/11/27;13.04;13.08;12.46;12.73;504321;7163505.50
2012/11/28;12.48;12.48;12.14;12.24;435497;5974813.00
2012/11/29;12.26;12.49;12.19;12.22;411023;5674585.50
2012/11/30;12.22;12.44;12.04;12.26;193152;2641606.00
2012/12/03;12.26;12.26;11.53;11.56;515800;6842497.00
2012/12/04;11.65;11.65;10.76;11.13;866170;10800541.00
2012/12/05;11.13;11.65;10.97;11.53;571649;7362569.00
2012/12/06;11.38;11.67;11.35;11.50;262643;3413787.75
2012/12/07;11.40;11.83;11.35;11.82;606724;7957227.00
2012/12/10;11.84;12.33;11.69;12.28;1019365;13892206.00
2012/12/11;12.15;12.27;12.00;12.16;442968;6008024.50
2012/12/12;12.16;12.24;11.97;12.02;384517;5215759.50
2012/12/13;12.07;12.16;11.66;11.69;288598;3857303.25
2012/12/14;11.63;12.22;11.60;12.18;764069;10336176.00
2012/12/17;12.24;12.43;12.19;12.27;688453;9470777.00
2012/12/18;12.29;12.51;12.28;12.30;529362;7320962.50
2012/12/19;12.32;12.41;12.15;12.35;495172;6799226.50
2012/12/20;12.35;12.39;12.07;12.23;381390;5234864.50
2012/12/21;12.35;12.46;12.10;12.44;643879;8854390.00
2012/12/24;12.45;12.98;12.38;12.74;751112;10643638.00
2012/12/25;12.92;12.94;12.59;12.87;775346;11087689.00
2012/12/26;12.88;13.02;12.68;13.00;744310;10674347.00
2012/12/27;12.94;13.06;12.80;12.82;580075;8330464.00
2012/12/28;12.81;12.93;12.62;12.86;476341;6790041.50
2012/12/31;12.92;13.03;12.71;12.98;550837;7910441.50
2013/01/04;13.00;13.10;12.72;12.75;646934;9238325.00
2013/01/07;12.84;13.19;12.83;13.09;787503;11423606.00
2013/01/08;13.09;13.81;13.09;13.47;1557089;23294638.00
2013/01/09;13.52;13.57;13.22;13.30;673256;9984744.00
2013/01/10;13.25;13.51;13.24;13.33;590106;8754762.00
2013/01/11;13.46;13.52;12.95;13.00;696363;10264259.00
2013/01/14;13.01;13.51;13.00;13.48;1124729;16690996.00
2013/01/15;13.64;14.10;13.64;13.90;1384442;21257504.00
2013/01/16;13.88;14.10;13.61;13.88;1102763;16948776.00
2013/01/17;13.87;14.22;13.75;13.80;961554;14853596.00
2013/01/18;13.81;14.01;13.75;13.98;806491;12377072.00
2013/01/21;14.00;14.08;13.79;13.94;962300;14795271.00
2013/01/22;13.90;13.96;13.61;13.79;820437;12525488.00
2013/01/23;13.81;13.93;13.61;13.79;717846;10905286.00
2013/01/24;13.77;14.04;13.34;13.41;946994;14384988.00
2013/01/25;13.42;13.52;13.24;13.40;507723;7526417.50
2013/01/28;13.50;13.74;13.30;13.74;525401;7922017.00
2013/01/29;13.76;13.93;13.74;13.89;537755;8221856.50
2013/01/30;13.89;14.08;13.65;13.94;749656;11505178.00
2013/01/31;13.84;15.09;13.74;14.49;2583939;41272112.00
2013/02/01;14.25;14.45;14.14;14.37;1292552;20364736.00
2013/02/04;14.34;14.44;13.92;14.04;969375;15139708.00
2013/02/05;13.86;14.13;13.79;14.13;589483;9108442.00
2013/02/06;14.13;14.46;13.97;14.39;824259;12977275.00
2013/02/07;14.38;14.42;14.14;14.21;534792;8409129.00
2013/02/08;14.21;14.62;14.18;14.50;658393;10470662.00
2013/02/18;14.50;14.89;14.50;14.69;808350;13082192.00
2013/02/19;14.71;14.81;13.92;14.34;805811;12851585.00
2013/02/20;14.34;14.84;14.21;14.84;1095419;17664506.00
2013/02/21;14.95;15.14;14.55;14.77;1743858;28493610.00
2013/02/22;14.78;14.93;14.56;14.64;693784;11219097.00
2013/02/25;14.64;15.09;14.54;15.08;968489;15755588.00
2013/02/26;15.04;15.49;14.66;14.76;1516221;25230128.00
2013/02/27;14.76;14.99;14.34;14.52;834043;13401315.00
2013/02/28;14.50;14.74;14.44;14.71;715712;11501506.00
2013/03/01;14.66;15.15;14.66;15.14;1213789;19996160.00
2013/03/04;15.14;15.14;14.59;14.71;867149;14135628.00
2013/03/05;14.73;15.24;14.71;15.21;1064299;17520940.00
2013/03/06;15.33;15.74;15.23;15.29;1503071;25421290.00
2013/03/07;15.29;16.44;15.20;16.12;3354368;58091224.00
2013/03/08;16.22;16.84;15.80;16.54;3143450;56026952.00
2013/03/11;16.40;16.83;16.24;16.64;1938897;34874092.00
2013/03/12;16.64;16.70;15.81;15.89;2231100;39724916.00
2013/03/13;15.89;15.92;15.29;15.34;1188188;20113422.00
2013/03/14;15.27;15.74;15.26;15.74;693552;11799388.00
2013/03/15;15.70;16.66;15.64;16.41;1903503;33842508.00
2013/03/18;17.05;18.20;16.76;17.16;4448637;83734744.00
2013/03/19;16.99;17.35;16.35;17.04;3109101;56817424.00
2013/03/20;16.84;17.43;16.65;17.09;2073462;38347908.00
2013/03/21;17.06;17.34;16.79;17.12;1859362;34476488.00
2013/03/22;16.99;18.01;16.66;17.93;3924303;74608184.00
2013/03/25;17.90;18.03;17.44;17.62;2514056;48024792.00
2013/03/26;17.59;17.79;17.16;17.60;1566449;29567560.00
2013/03/27;17.60;18.00;17.32;17.65;1724647;33007832.00
2013/03/28;17.65;17.65;16.79;16.83;1620619;30139930.00
2013/03/29;16.80;17.26;16.74;17.01;1415012;26177846.00
2013/04/01;17.05;17.32;16.85;17.14;1037149;19240854.00
2013/04/02;17.16;17.27;15.44;15.47;2451157;43211632.00
2013/04/03;15.74;15.94;15.34;15.58;1414820;24208472.00
2013/04/08;15.53;15.89;15.06;15.82;1139055;19495452.00
2013/04/09;15.70;15.93;15.52;15.64;1070536;18411630.00
2013/04/10;15.61;15.82;14.84;15.22;1077535;18063620.00
2013/04/11;15.04;15.34;15.04;15.19;565444;9409977.00
2013/04/12;15.15;15.37;15.09;15.14;563201;9404665.00
2013/04/15;14.96;15.14;14.84;14.86;429571;7047949.00
2013/04/16;14.66;15.33;14.66;15.24;576911;9536850.00
2013/04/17;15.19;15.66;15.19;15.64;696275;11787744.00
2013/04/18;15.63;15.73;15.40;15.58;642185;10941702.00
2013/04/19;15.73;16.18;15.64;16.10;1379204;24110818.00
2013/04/22;16.04;16.34;16.04;16.18;1016363;17926664.00
2013/04/23;16.33;16.33;15.48;15.54;1046590;18081434.00
2013/04/24;15.71;16.04;15.04;15.97;1022562;17648768.00
2013/04/25;16.01;16.31;15.66;15.96;1329139;23336962.00
2013/04/26;15.94;16.24;15.25;15.43;821500;14125077.00
2013/05/02;15.27;15.99;15.14;15.84;696725;11852215.00
2013/05/03;15.84;16.83;15.84;16.57;1826496;32656728.00
2013/05/06;16.84;17.32;16.51;17.01;2273796;42023724.00
2013/05/07;16.92;16.98;16.50;16.78;1595178;28952180.00
2013/05/08;16.87;17.43;16.84;17.22;1869971;34851996.00
2013/05/09;17.04;17.22;16.43;16.97;1035609;18984174.00
2013/05/10;16.99;17.17;16.78;16.89;775130;14252020.00
2013/05/13;16.94;17.13;16.64;17.07;761583;13991344.00
2013/05/14;17.19;17.32;16.60;16.69;779995;14242497.00
2013/05/15;16.72;16.90;16.50;16.70;821346;14963538.00
2013/05/16;16.81;17.03;16.65;16.80;1158230;21241554.00
2013/05/17;16.84;17.09;16.64;16.92;1107586;20290896.00
2013/05/20;16.94;17.14;16.50;16.89;1621461;29485568.00
2013/05/21;16.66;17.19;16.64;17.19;1584426;29058462.00
2013/05/22;17.19;17.61;16.99;17.21;1958726;36847928.00
2013/05/23;17.14;17.53;17.03;17.20;1222318;22971718.00
2013/05/24;17.20;17.79;17.16;17.74;1597354;30332220.00
2013/05/27;17.80;17.90;17.57;17.81;1399558;26819574.00
2013/05/28;17.81;17.81;17.14;17.37;1255367;23755842.00
2013/05/29;17.39;17.79;17.30;17.70;862995;16414154.00
2013/05/30;17.70;17.94;17.44;17.93;1200488;23082272.00
2013/05/31;17.97;18.73;17.87;18.29;2690945;52576524.00
2013/06/03;18.30;19.53;18.11;19.20;3329011;67387672.00
2013/06/04;19.05;19.35;18.35;18.73;2381529;47457312.00
2013/06/05;18.66;18.68;18.04;18.46;1478116;28691476.00
2013/06/06;18.40;18.67;17.75;17.90;1292042;24937406.00
2013/06/07;18.03;18.12;17.05;17.23;1259746;23499216.00
2013/06/13;17.10;17.10;15.93;16.31;1038929;18209632.00
2013/06/14;16.37;16.70;16.17;16.61;1058514;18676472.00
2013/06/17;16.74;17.05;16.41;16.70;850778;15258311.00
2013/06/18;16.67;16.91;16.67;16.74;682851;12240704.00
2013/06/19;16.63;16.70;16.13;16.47;786737;13758477.00
2013/06/20;16.47;16.80;16.16;16.36;961768;17028982.00
2013/06/21;16.33;16.83;15.95;16.59;805035;14210832.00
2013/06/24;16.64;16.64;14.98;15.17;1028460;17325742.00
2013/06/25;15.00;15.81;14.15;15.62;1244451;20527084.00
2013/06/26;15.70;15.93;15.40;15.89;987173;16646490.00
2013/06/27;15.96;16.55;15.73;15.84;1095653;18872240.00
2013/06/28;15.41;15.98;15.41;15.65;688991;11635807.00
2013/07/01;15.65;16.31;15.35;16.29;761678;13105839.00
2013/07/02;16.30;18.03;16.13;17.70;2741462;50604072.00
2013/07/03;17.31;17.70;17.16;17.48;1946516;36134556.00
2013/07/04;17.32;17.83;17.15;17.35;1418207;26567948.00
2013/07/05;17.34;17.73;17.25;17.40;1146760;21340870.00
2013/07/08;17.25;17.25;16.50;16.55;1108663;19865090.00
2013/07/09;16.51;16.82;16.33;16.57;600200;10629577.00
2013/07/10;16.57;17.35;16.57;17.25;1225197;22310432.00
2013/07/11;17.25;17.77;17.25;17.56;1370395;25676706.00
2013/07/12;17.57;17.90;17.45;17.57;1154619;21759714.00
2013/07/15;17.57;18.15;17.45;18.00;1185593;22585152.00
2013/07/16;18.02;18.21;17.83;17.98;1078393;20652172.00
2013/07/17;17.90;18.04;17.35;17.37;943558;17766224.00
2013/07/18;17.31;17.60;17.25;17.41;678981;12626483.00
2013/07/19;17.41;17.64;16.86;16.88;1033681;19073086.00
2013/07/22;16.78;17.83;16.37;17.78;966651;17659296.00
2013/07/23;17.88;18.05;17.70;18.00;1515300;28912294.00
2013/07/24;18.04;18.80;17.90;18.60;2282895;44869636.00
2013/07/25;18.90;18.93;17.95;18.15;1778133;34854632.00
2013/07/26;18.04;18.30;17.75;18.19;1015906;19481236.00
2013/07/29;18.18;18.34;17.52;17.53;947194;18040556.00
2013/07/30;17.51;18.10;17.24;18.00;1005660;19049488.00
2013/07/31;17.95;18.25;17.87;17.90;599040;11506346.00
2013/08/01;17.90;18.44;17.68;18.40;1041764;20131684.00
2013/08/02;18.42;18.89;18.25;18.36;1389892;27402140.00
2013/08/05;18.80;18.95;18.45;18.95;1561426;31130908.00
2013/08/06;19.15;19.25;18.56;18.90;1567595;31325630.00
2013/08/07;18.92;19.17;18.26;18.31;1403938;27735588.00
2013/08/08;18.35;18.92;18.25;18.85;1121669;22217102.00
2013/08/09;18.82;18.98;18.52;18.73;896850;17848254.00
2013/08/12;18.65;18.90;18.38;18.59;1054926;20841762.00
2013/08/13;18.60;18.68;18.37;18.55;1048731;20612844.00
2013/08/14;18.60;18.63;18.30;18.36;875399;17139714.00
2013/08/15;18.33;18.51;17.91;17.99;1052550;20387458.00
2013/08/16;18.02;18.02;17.24;17.28;1216371;22890458.00
2013/08/19;17.29;17.64;17.24;17.58;772065;14327032.00
2013/08/20;17.56;17.74;17.51;17.66;446887;8385502.00
2013/08/21;17.67;18.02;17.65;17.75;405600;7680574.00
2013/08/22;17.57;17.79;17.39;17.45;863562;16135410.00
2013/08/23;17.53;17.71;17.35;17.57;840627;15724342.00
2013/08/26;17.56;17.95;17.45;17.85;1094904;20728622.00
2013/08/27;17.98;17.98;17.43;17.60;1383766;25969894.00
2013/08/28;17.60;17.60;17.23;17.30;831303;15381009.00
2013/08/29;17.30;17.47;17.25;17.36;479301;8862069.00
2013/08/30;17.36;17.48;16.94;16.94;886045;16275741.00
2013/09/02;16.92;17.45;16.91;17.44;695611;12824719.00
2013/09/03;17.44;18.13;17.36;17.91;1326125;25134338.00
2013/09/04;17.70;18.05;17.52;18.05;1123354;21282432.00
2013/09/05;18.01;18.05;17.71;17.91;869550;16519056.00
2013/09/06;17.85;17.92;17.61;17.65;711003;13396183.00
2013/09/09;17.65;17.84;17.61;17.70;608128;11463314.00
2013/09/10;17.69;17.78;17.51;17.56;740386;13891584.00
2013/09/11;17.60;17.60;17.00;17.03;1088006;19904650.00
2013/09/12;17.05;17.24;17.04;17.19;445153;8151515.00
2013/09/13;17.03;17.25;16.93;17.13;550300;10034811.00
2013/09/16;17.13;17.30;17.01;17.25;636322;11640657.00
2013/09/17;17.28;17.28;16.97;17.02;454319;8278964.50
2013/09/18;17.02;17.13;16.95;17.06;334814;6091241.50
2013/09/23;17.06;17.37;17.05;17.36;713465;13122948.00
2013/09/24;17.37;17.48;17.23;17.48;785261;14558917.00
2013/09/25;17.48;17.65;17.00;17.15;735609;13615067.00
2013/09/26;17.09;17.61;17.06;17.35;1124262;20894388.00
2013/09/27;17.45;18.00;17.35;17.99;2078807;39481908.00
2013/09/30;18.15;18.15;17.68;17.88;1092110;20750652.00
2013/10/08;17.68;18.03;17.66;17.93;1086139;20611398.00
2013/10/09;17.92;18.51;17.76;18.38;1869120;36220240.00
2013/10/10;18.40;18.73;18.33;18.64;2265142;44660412.00
2013/10/11;18.51;18.71;18.51;18.57;1501826;29647788.00
2013/10/14;18.58;18.65;18.50;18.65;1262252;24904216.00
2013/10/15;18.48;19.21;18.48;18.85;1291805;25845278.00
2013/10/16;18.96;20.75;18.96;20.18;4571868;95966368.00
2013/10/17;20.10;21.85;19.75;21.29;3377364;74849736.00
2013/10/18;20.96;21.43;20.45;21.21;2007324;44323744.00
2013/10/21;21.20;21.81;20.76;21.74;2140679;48256032.00
2013/10/22;21.64;22.25;20.73;20.90;1710822;38349052.00
2013/10/23;20.97;21.13;20.15;20.75;1450234;31660448.00
2013/10/24;20.51;21.05;20.35;20.50;859988;18788890.00
2013/10/25;20.80;21.82;20.55;21.19;2095335;46735064.00
2013/10/28;21.05;21.05;19.45;20.55;1814486;38571544.00
2013/10/29;20.55;20.55;18.65;19.30;1610628;33268148.00
2013/10/30;19.32;19.68;18.97;19.58;778786;16044114.00
2013/10/31;19.26;19.85;19.05;19.66;524677;10883825.00
2013/11/01;19.81;20.36;19.36;19.49;577447;12134444.00
2013/11/04;19.50;19.64;19.06;19.60;460353;9418822.00
2013/11/05;19.61;19.75;19.13;19.72;523198;10785493.00
2013/11/06;19.48;19.79;19.05;19.06;708448;14551348.00
2013/11/07;18.88;18.88;18.21;18.25;900160;17712036.00
2013/11/08;18.25;18.70;18.08;18.54;625192;12238236.00
2013/11/11;18.26;18.58;18.11;18.54;529583;10325920.00
2013/11/12;18.53;18.73;18.20;18.70;720562;14127358.00
2013/11/13;18.70;18.70;18.00;18.05;603825;11734421.00
2013/11/14;18.07;18.24;17.43;18.12;866228;16445327.00
2013/11/15;18.16;19.00;17.95;18.47;913862;17956412.00
2013/11/18;18.50;18.91;18.44;18.79;808988;16065014.00
2013/11/19;18.85;19.24;18.66;19.03;706080;14223375.00
2013/11/20;19.04;19.23;18.70;19.02;497517;9951808.00
2013/11/21;19.00;19.00;18.65;18.79;503483;10012654.00
2013/11/22;18.82;18.95;18.46;18.50;554801;11004850.00
2013/11/25;18.40;18.75;18.25;18.57;411639;8107437.50
2013/11/26;18.45;18.85;18.45;18.85;461455;9162744.00
2013/11/27;18.90;19.25;18.90;19.21;628505;12740165.00
2013/11/28;19.39;19.73;19.20;19.37;1168155;24050996.00
2013/11/29;19.35;21.42;19.16;21.42;3853294;84963928.00
2013/12/02;20.44;21.74;19.95;21.54;4394690;96602832.00
2013/12/03;21.05;21.68;20.69;21.53;2661865;59635516.00
2013/12/04;21.33;21.85;21.05;21.38;2985320;67811016.00
2013/12/05;21.25;21.53;20.42;20.52;2210217;48551324.00
2013/12/06;20.51;20.87;20.30;20.76;1443387;31437484.00
2013/12/09;20.80;21.35;20.47;20.83;1167372;25572602.00
2013/12/10;20.72;20.83;19.86;20.37;1327341;28517404.00
2013/12/11;20.37;20.39;20.05;20.15;716819;15318430.00
2013/12/12;20.17;20.51;19.98;20.27;639451;13664015.00
2013/12/13;20.27;20.44;20.01;20.34;766731;16440444.00
2013/12/16;20.40;20.44;19.74;19.90;971609;20511194.00
2013/12/17;19.75;19.95;19.56;19.59;562611;11706991.00
2013/12/18;19.64;20.28;19.60;20.23;854084;18004726.00
2013/12/19;20.33;20.79;20.15;20.15;827751;17878812.00
2013/12/20;20.15;20.40;19.68;19.74;589110;12390803.00
2013/12/23;19.83;21.83;19.76;21.83;3511469;79573488.00
2013/12/24;22.19;22.45;20.81;21.21;4099004;92765912.00
2013/12/25;20.95;21.14;20.56;20.84;2384438;52192488.00
2013/12/26;20.92;21.43;20.72;21.03;2208200;48960540.00
2013/12/27;21.00;21.00;19.88;20.50;1823488;39301984.00
2013/12/30;20.47;20.69;20.15;20.45;1130114;24434262.00
2013/12/31;20.35;20.61;20.16;20.59;954801;20603590.00
2014/01/02;20.50;21.15;20.50;21.04;1716768;37881280.00
2014/01/03;21.05;21.05;20.46;20.60;1053576;22993146.00
2014/01/06;20.60;20.71;19.98;20.11;873257;18697942.00
2014/01/07;19.88;19.95;19.41;19.53;1017718;21139094.00
2014/01/08;19.50;19.83;19.50;19.60;701980;14605772.00
2014/01/09;19.65;20.14;19.51;19.61;731954;15392909.00
2014/01/10;19.61;19.63;18.96;19.33;759476;15454602.00
2014/01/13;19.45;19.85;19.07;19.82;539117;11094591.00
2014/01/14;19.63;19.94;19.36;19.91;602828;12559074.00
2014/01/15;19.75;20.05;19.73;20.01;541812;11421034.00
2014/01/16;20.21;20.21;19.89;19.98;429280;9103222.00
2014/01/17;19.93;20.17;19.75;19.75;341857;7220240.50
2014/01/20;19.61;19.95;19.30;19.95;382500;7957995.50
2014/01/21;19.68;20.31;19.68;20.00;540064;11427924.00
2014/01/22;19.86;20.46;19.86;20.44;820195;17609652.00
2014/01/23;20.45;20.60;20.15;20.48;956868;20563884.00
2014/01/24;20.49;21.05;20.40;20.76;1192077;26121176.00
2014/01/27;20.77;21.08;20.46;20.47;884199;19282714.00
2014/01/28;20.32;20.94;20.32;20.93;938326;20540154.00
2014/01/29;20.87;20.93;20.65;20.87;615352;13487491.00
2014/01/30;20.79;20.79;20.40;20.41;555551;12062196.00
2014/02/07;20.13;20.39;19.77;20.27;574742;12197537.00
2014/02/10;20.21;21.40;20.21;21.37;1576448;35165812.00
2014/02/11;21.35;21.75;20.97;21.30;1410022;31641066.00
2014/02/12;21.27;22.13;21.07;21.95;1927034;44064472.00
2014/02/13;21.75;22.35;21.45;22.06;2070232;47884544.00
2014/02/14;22.00;23.95;21.78;23.69;4286146;104691168.00
2014/02/17;23.68;23.75;23.23;23.46;2551842;62634268.00
2014/02/18;23.46;23.54;22.66;23.14;2496932;60239372.00
2014/02/19;22.90;23.53;22.47;22.75;1913470;46098632.00
2014/02/20;22.78;23.00;21.86;22.19;1455554;34199664.00
2014/02/21;22.20;22.73;21.90;22.66;1371007;32242348.00
2014/02/24;22.66;22.96;22.00;22.89;1490002;35225104.00
2014/02/25;22.88;23.01;20.70;20.87;1820250;41930524.00
2014/02/26;20.87;21.27;20.35;21.13;1315548;29055364.00
2014/02/27;21.13;21.52;20.57;20.62;923165;20525684.00
2014/02/28;20.56;21.24;20.56;21.20;653920;14385486.00
2014/03/03;21.10;21.70;21.05;21.39;644582;14502828.00
2014/03/04;21.30;21.56;20.86;21.21;773833;17255738.00
2014/03/05;21.15;21.43;21.05;21.07;540755;12062672.00
2014/03/06;21.07;21.23;20.65;21.23;486390;10783103.00
2014/03/07;21.20;21.65;21.13;21.65;1031576;23332492.00
2014/03/10;21.65;21.84;20.93;20.97;833120;18810478.00
2014/03/11;20.74;21.12;20.60;20.63;581145;12784082.00
2014/03/12;20.59;20.99;20.15;20.71;448057;9730161.00
2014/03/13;20.88;21.07;20.72;21.07;624757;13800410.00
2014/03/14;21.05;21.30;20.94;21.05;452702;10079648.00
2014/03/17;20.89;21.42;20.89;21.41;605343;13534222.00
2014/03/18;21.41;21.80;21.31;21.67;801732;18269244.00
2014/03/19;21.63;21.99;21.29;21.99;822461;18755968.00
2014/03/20;22.05;22.10;21.50;21.60;799807;18335774.00
2014/03/21;21.54;21.75;20.76;21.69;821663;18374354.00
2014/03/24;21.70;22.04;21.57;21.62;854693;19641176.00
2014/03/25;21.66;21.67;20.92;21.30;565636;12763824.00
2014/03/26;21.35;21.95;21.34;21.95;711130;16282055.00
2014/03/27;22.00;22.00;21.13;21.17;686713;15630407.00
2014/03/28;21.17;21.32;20.52;20.68;716084;15737567.00
2014/03/31;20.50;21.05;20.50;20.71;352464;7728890.50
2014/04/01;20.83;21.04;20.68;20.98;268008;5920902.50
2014/04/02;21.02;21.15;20.45;20.45;498609;10904519.00
2014/04/03;20.45;20.64;20.14;20.37;492033;10584160.00
2014/04/04;20.21;20.46;20.00;20.35;403550;8620349.00
2014/04/08;20.23;20.78;20.18;20.70;599475;12994407.00
2014/04/09;20.68;21.00;20.61;20.88;426920;9384736.00
2014/04/10;20.84;20.94;20.65;20.70;546482;11965494.00
2014/04/11;20.50;20.96;20.47;20.75;399921;8762597.00
2014/04/14;20.84;20.84;20.53;20.81;409930;8955376.00
2014/04/15;20.81;22.66;20.67;21.53;1817982;41577488.00
2014/04/16;21.18;21.45;20.95;21.45;870469;19487530.00
2014/04/17;21.58;21.75;21.27;21.31;619234;13991228.00
2014/04/18;21.11;21.33;21.07;21.32;360544;8064740.00
2014/04/21;21.23;21.53;20.95;21.24;626259;14105965.00
2014/04/22;20.99;21.33;20.65;20.86;449599;9912287.00
2014/04/23;20.95;21.43;20.87;21.17;318695;7102961.50
2014/04/24;21.17;22.17;20.87;21.70;1100178;25045418.00
2014/04/25;21.40;21.62;20.81;20.87;721322;16113270.00
2014/04/28;20.56;21.05;19.95;20.11;690488;14867926.00
2014/04/29;20.35;20.58;19.82;19.94;468898;9927789.00
2014/04/30;19.88;20.29;19.88;20.12;296108;6270840.00
2014/05/05;20.12;20.57;20.12;20.46;300707;6482240.50
2014/05/06;20.61;20.73;20.28;20.50;238898;5174007.50
2014/05/07;20.37;20.48;19.91;19.92;260741;5572237.00
2014/05/08;19.88;20.17;19.88;20.00;243342;5163262.50
2014/05/09;19.95;20.11;19.53;19.62;342404;7172343.00
2014/05/12;19.65;19.99;19.65;19.97;455358;9549146.00
2014/05/13;19.95;20.12;19.85;19.87;324597;6858680.00
2014/05/14;19.76;20.10;19.76;19.85;142583;2995649.50
2014/05/15;19.76;19.99;19.51;19.62;311683;6508931.00
2014/05/16;19.75;19.84;19.15;19.25;370789;7583744.50
2014/05/19;19.15;19.57;18.84;19.53;433368;8808503.00
2014/05/20;19.53;19.65;19.06;19.11;267994;5477151.50
2014/05/21;19.15;19.15;18.31;18.50;1228307;24230832.00
2014/05/22;18.45;18.71;18.35;18.36;743586;14588104.00
2014/05/23;18.37;18.54;18.35;18.51;552222;10821361.00
2014/05/26;18.51;18.72;18.50;18.72;686208;13580344.00
2014/05/27;18.75;19.03;18.60;18.80;629775;12563429.00
2014/05/28;18.80;18.82;18.38;18.65;865287;17136174.00
2014/05/29;18.69;18.94;18.54;18.61;873876;17356588.00
2014/05/30;18.70;18.99;18.56;18.85;960987;19234980.00
2014/06/03;18.95;18.98;18.75;18.80;579120;11574901.00
2014/06/04;18.70;18.80;18.35;18.71;530029;10419651.00
2014/06/05;18.65;18.74;18.46;18.74;399702;7896613.00
2014/06/06;18.75;18.80;18.50;18.61;463875;9201583.00
2014/06/09;18.49;18.64;18.06;18.14;710845;13881638.00
2014/06/10;18.16;18.40;18.07;18.39;483768;9390191.00
2014/06/11;18.38;18.54;18.23;18.53;376428;7378893.50
2014/06/12;18.51;19.39;18.41;19.13;1097589;22076246.00
2014/06/13;19.03;19.11;18.85;19.03;785653;15818342.00
2014/06/16;19.03;19.09;18.73;18.88;642765;12866992.00
2014/06/17;18.90;18.95;18.76;18.80;386759;7736598.50
2014/06/18;18.79;18.90;18.45;18.46;559417;11089313.00
2014/06/19;18.45;18.60;17.86;18.05;411030;8019251.00
2014/06/20;18.21;18.24;18.03;18.21;325948;6282203.50
2014/06/23;18.22;18.56;18.22;18.32;282381;5535541.50
2014/06/24;18.35;18.82;18.35;18.73;644248;12772893.00
2014/06/25;18.72;18.79;18.45;18.76;433900;8591295.00
2014/06/26;18.91;19.34;18.55;18.94;718218;14243460.00
2014/06/27;19.05;20.85;19.04;19.70;2665465;55266192.00
2014/06/30;19.48;20.57;19.41;19.65;1161538;23795816.00
2014/07/01;19.75;19.76;19.43;19.45;788586;16022209.00
2014/07/02;19.49;19.70;19.42;19.61;659856;13430456.00
2014/07/03;19.63;20.88;19.50;20.50;3284135;69674064.00
2014/07/04;20.25;20.47;20.05;20.05;1460352;30694708.00
2014/07/07;20.02;20.27;20.00;20.18;666327;13933348.00
2014/07/08;20.17;20.18;19.75;20.10;638335;13280779.00
2014/07/09;20.12;20.12;19.60;19.60;918700;18981256.00
2014/07/10;19.64;19.92;19.60;19.72;563046;11566890.00
2014/07/11;19.61;20.09;19.61;19.91;549542;11370999.00
2014/07/14;19.95;20.30;19.91;20.10;712931;14915055.00
2014/07/15;20.10;20.11;19.81;19.94;753173;15609026.00
2014/07/16;19.82;20.14;19.82;19.94;598570;12442980.00
2014/07/17;19.97;20.00;19.56;19.59;652502;13399115.00
2014/07/18;19.59;20.00;19.59;19.82;1062076;21850554.00
2014/07/21;19.82;20.03;19.60;20.03;1496413;30875244.00
2014/07/22;20.40;20.69;20.11;20.47;2364892;50024460.00
2014/07/23;20.21;20.53;20.20;20.44;1579325;33420082.00
2014/07/24;20.42;20.49;20.05;20.44;1263750;26716326.00
2014/07/25;20.59;21.00;20.44;21.00;2290869;49454984.00
2014/07/28;21.73;23.17;21.30;22.18;7735665;177274112.00
2014/07/29;21.84;22.37;21.79;22.08;3491933;79930176.00
2014/07/30;21.89;22.38;21.88;22.12;2320025;53273304.00
2014/07/31;22.26;22.55;22.10;22.26;2020089;46647364.00
2014/08/01;22.06;22.39;21.75;21.84;2398926;55026076.00
2014/08/04;21.75;22.07;21.70;21.93;1722221;39114664.00
2014/08/05;22.04;22.30;21.93;22.25;1585877;36420072.00
2014/08/06;22.10;22.26;22.00;22.20;1114565;25574118.00
2014/08/07;22.28;23.14;21.93;21.97;2523866;58743812.00
2014/08/08;21.97;22.03;21.44;21.80;1792930;40442260.00
2014/08/11;21.85;21.96;21.63;21.86;1449620;32803052.00
2014/08/12;21.88;21.95;21.68;21.88;1217494;27556152.00
2014/08/13;21.86;22.11;21.71;22.08;1627529;37047944.00
2014/08/14;22.06;22.17;21.81;21.93;1243179;28312310.00
2014/08/15;22.00;22.22;21.74;22.12;1416513;32322248.00
2014/08/18;22.12;22.43;22.12;22.37;1210203;27929364.00
2014/08/19;22.42;22.52;22.02;22.24;1264958;29096230.00
2014/08/20;22.18;22.18;21.98;22.06;876516;20050136.00
2014/08/21;22.06;22.22;21.76;21.86;1227905;27987398.00
2014/08/22;21.90;22.04;21.58;21.68;1979099;44581900.00
2014/08/25;21.71;21.79;21.44;21.54;1213993;27130686.00
2014/08/26;21.44;21.64;21.14;21.18;1056658;23451404.00
2014/08/27;21.10;21.34;21.07;21.12;727453;16000140.00
2014/08/28;21.20;21.30;20.83;20.87;788607;17210542.00
2014/08/29;20.80;21.07;20.80;21.06;632968;13786439.00
2014/09/01;21.06;21.49;20.94;21.43;732820;16177009.00
2014/09/02;21.43;21.70;21.35;21.68;1075329;24079324.00
2014/09/03;21.60;21.85;21.52;21.72;1418030;31879500.00
2014/09/04;21.66;21.80;21.66;21.72;1196282;26949192.00
2014/09/05;21.72;21.78;21.55;21.74;1139679;25580210.00
2014/09/09;21.73;22.08;21.59;21.97;1484089;33561900.00
2014/09/10;21.90;21.90;21.63;21.70;1132937;25508962.00
2014/09/11;21.68;21.88;21.46;21.57;1198088;26940450.00
2014/09/12;21.57;21.90;21.40;21.89;1468567;33158816.00
2014/09/15;21.96;22.18;21.85;22.18;1791897;40951156.00
2014/09/16;22.29;22.29;21.20;21.31;1331399;30135274.00
2014/09/17;21.32;21.61;21.20;21.52;838361;18651958.00
2014/09/18;21.60;22.20;21.52;22.20;1906398;43563616.00
2014/09/19;22.26;22.33;21.86;22.15;1514989;34759624.00
2014/09/22;22.35;22.76;22.12;22.29;2838225;66029984.00
2014/09/23;22.29;22.79;22.25;22.70;2368621;55640752.00
2014/09/24;22.70;22.71;22.35;22.61;1825017;42641588.00
2014/09/25;22.60;22.66;22.21;22.32;1900763;44127956.00
2014/09/26;22.26;22.58;22.16;22.46;1139530;26437134.00
2014/09/29;22.50;22.88;22.36;22.87;2091264;49072428.00
2014/09/30;22.88;22.94;22.60;22.62;1292861;30417854.00
2014/10/08;22.59;23.31;22.48;23.22;2369244;56415460.00
2014/10/09;23.60;23.60;22.85;23.25;2215501;53227580.00
2014/10/10;23.16;23.55;22.90;23.05;3033301;72883272.00
2014/10/13;22.91;23.00;22.32;22.61;2276769;53115336.00
2014/10/14;22.51;22.77;22.37;22.50;1319102;30847502.00
2014/10/15;22.50;23.31;22.45;23.18;2239433;53202692.00
2014/10/16;23.01;23.58;22.59;22.63;2553670;61224904.00
2014/10/17;22.64;22.64;21.95;22.20;1664373;38374608.00
2014/10/20;22.18;22.49;22.18;22.33;999474;23126562.00
2014/10/21;22.40;22.46;22.18;22.18;832398;19243054.00
2014/10/22;22.31;22.31;21.47;21.52;1103927;25057314.00
2014/10/23;21.52;21.75;21.19;21.20;1114029;24663408.00
2014/10/24;21.21;21.45;21.20;21.26;544405;12033517.00
2014/10/27;21.27;22.20;21.25;21.93;1178487;26668466.00
2014/10/28;21.79;22.23;21.79;22.16;1052765;24065586.00
2014/10/29;22.16;22.22;21.93;22.16;967658;22168706.00
2014/10/30;22.20;22.98;22.20;22.60;2183082;51420676.00
2014/10/31;22.65;22.83;22.39;22.59;1486907;34772228.00
2014/11/03;22.67;23.16;22.38;23.10;2387488;56441208.00
2014/11/04;23.39;23.44;22.56;22.58;3046898;72698024.00
2014/11/05;22.48;22.58;22.10;22.39;1270490;29369712.00
2014/11/06;22.37;22.54;22.05;22.54;1046044;24176848.00
2014/11/07;22.54;22.70;22.11;22.16;931192;21697446.00
2014/11/10;22.18;22.62;22.18;22.50;820524;19011342.00
2014/11/11;22.50;22.59;21.46;21.57;1426327;32286046.00
2014/11/12;21.52;21.93;21.52;21.93;535713;12107478.00
2014/11/13;21.95;22.05;21.61;21.63;606610;13654953.00
2014/11/14;21.71;21.89;21.30;21.69;520810;11688407.00
2014/11/17;21.88;22.28;21.70;22.10;632042;14409491.00
2014/11/18;21.95;22.38;21.93;22.21;812366;18661368.00
2014/11/19;22.20;22.51;22.08;22.36;922600;21390998.00
2014/11/20;22.45;22.45;22.08;22.37;588701;13586413.00
2014/11/21;22.25;22.42;22.20;22.32;707237;16351271.00
2014/11/24;22.36;22.70;22.20;22.40;1169828;27187394.00
2014/11/25;22.40;22.64;22.36;22.58;1031412;24033250.00
2014/11/26;22.59;23.05;22.58;22.93;2089361;49383412.00
2014/11/27;22.95;23.19;22.57;22.72;1512171;35631804.00
2014/11/28;22.72;22.75;22.22;22.44;1640879;38110072.00
2014/12/01;22.40;22.53;22.00;22.35;1427471;32908494.00
2014/12/02;22.40;22.87;22.30;22.68;1705843;39955356.00
2014/12/03;22.68;23.30;22.39;23.25;2897020;68697152.00
2014/12/04;23.35;23.51;23.10;23.27;2870267;69187112.00
2014/12/05;23.25;23.25;21.90;22.53;2438719;57096680.00
2014/12/08;22.48;22.80;22.30;22.50;1818001;42384972.00
2014/12/09;22.50;22.57;21.64;21.64;2287713;52192936.00
2014/12/10;21.72;22.33;21.61;22.18;1098723;25100978.00
2014/12/11;22.10;23.70;21.86;23.70;4183030;99877672.00
2014/12/12;23.80;24.50;23.22;24.01;5377749;132463736.00
2014/12/15;23.94;24.48;23.58;24.13;3635871;90134672.00
2014/12/16;24.11;24.19;23.70;23.97;1723057;42607200.00
2014/12/17;23.96;23.96;23.15;23.38;1965528;47581904.00
2014/12/18;23.38;23.90;23.20;23.48;1761117;42872156.00
2014/12/19;23.60;23.60;22.35;22.48;2526119;59547836.00
2014/12/22;22.47;22.55;21.42;21.56;1919174;43436864.00
2014/12/23;21.47;22.00;21.47;21.79;1307597;29512222.00
2014/12/24;21.78;22.29;21.70;22.12;996354;22729966.00
2014/12/25;22.12;22.29;22.00;22.16;878325;20129904.00
2014/12/26;22.11;22.29;22.03;22.11;671804;15404641.00
2014/12/29;22.12;22.25;21.40;21.75;1092700;24612008.00
2014/12/30;21.70;22.05;21.36;21.40;1040376;23439136.00
2014/12/31;21.46;21.74;21.43;21.64;672112;15053033.00
2015/01/05;21.64;22.06;21.36;21.94;1104399;24836238.00
2015/01/06;21.89;22.79;21.70;22.60;1727540;40092856.00
2015/01/07;22.61;22.78;22.22;22.44;1102432;25710244.00
2015/01/08;22.50;22.85;22.43;22.50;1006346;23580786.00
2015/01/09;22.35;22.63;21.80;21.97;1073961;24869270.00
2015/01/12;21.82;22.02;21.41;21.73;771634;17293236.00
2015/01/13;21.41;22.07;21.41;22.06;807951;18310228.00
2015/01/14;22.08;22.45;21.75;21.76;616220;14114621.00
2015/01/15;21.88;22.20;21.55;22.10;564366;12853744.00
2015/01/16;22.19;22.30;22.01;22.19;796782;18277064.00
2015/01/19;22.01;22.64;21.50;21.90;1619968;37461532.00
2015/01/20;21.97;22.57;21.80;22.56;1561210;36170724.00
2015/01/21;22.60;23.08;22.60;22.98;1894933;44964648.00
2015/01/22;22.92;23.25;22.78;23.16;1856381;44467884.00
2015/01/23;23.10;23.31;22.66;22.72;1499586;35483208.00
2015/01/26;22.71;23.40;22.66;23.40;1654988;39634844.00
2015/01/27;23.44;23.50;22.81;23.10;1413211;33829468.00
2015/01/28;22.96;23.24;22.36;22.87;1125793;26793812.00
2015/01/29;22.63;23.06;22.63;22.96;981224;23254464.00
2015/01/30;23.08;23.08;22.64;22.84;1061176;25072334.00
2015/02/02;22.76;23.50;22.61;23.19;1414097;33942620.00
2015/02/03;23.23;23.48;23.05;23.40;1769007;42716484.00
2015/02/04;23.48;23.48;22.81;22.85;1482258;35379256.00
2015/02/05;23.00;23.02;22.66;22.66;1041027;24587104.00
2015/02/06;22.66;22.80;21.88;22.06;1151460;26584248.00
2015/02/09;21.90;22.14;21.80;21.86;651759;14835834.00
2015/02/10;21.84;22.09;21.84;22.01;789107;17977670.00
2015/02/11;21.95;22.28;21.95;22.20;489641;11233997.00
2015/02/12;22.20;22.34;22.13;22.31;544096;12556253.00
2015/02/13;22.36;22.69;22.21;22.52;837333;19550216.00
2015/02/16;22.52;23.08;22.52;23.05;1280821;30305030.00
2015/02/17;23.08;23.43;22.83;22.91;913493;21764782.00
2015/02/25;23.07;23.70;22.93;23.49;2306794;55801836.00
2015/02/26;23.33;23.55;23.10;23.42;1452101;34953244.00
2015/02/27;23.42;23.48;23.18;23.21;1371615;33056962.00
2015/03/02;23.36;24.00;23.06;24.00;2939116;71702208.00
2015/03/03;23.87;24.05;23.51;23.53;2052779;50479016.00
2015/03/04;23.55;25.96;23.55;25.96;6925125;180303840.00
2015/03/05;26.55;28.20;26.24;27.02;7940824;220600832.00
2015/03/06;26.88;26.95;25.94;25.96;4342605;117914192.00
2015/03/09;25.96;26.79;25.80;26.13;3220504;87271376.00
2015/03/10;26.50;26.93;26.20;26.64;2687315;73611528.00
2015/03/11;26.79;27.55;26.22;27.26;3744256;104029240.00
2015/03/12;27.50;27.50;26.05;26.23;3090302;84398336.00
2015/03/13;26.30;26.75;26.18;26.63;1850696;50446324.00
2015/03/16;26.90;27.97;26.45;27.49;3812627;106771752.00
2015/03/17;29.23;30.17;28.20;28.88;7827629;234214000.00
2015/03/18;28.90;28.91;28.21;28.73;2963867;87092616.00
2015/03/19;28.76;29.16;28.38;28.88;2649733;78360672.00
2015/03/20;28.75;29.13;28.63;28.71;2694078;79856904.00
2015/03/23;28.80;28.83;28.25;28.69;3155339;92370952.00
2015/03/24;28.71;28.71;27.22;28.30;3414580;98677408.00
2015/03/25;28.03;28.68;27.85;28.40;2703109;78743248.00
2015/03/26;28.35;28.77;28.01;28.37;2253393;65792916.00
2015/03/27;28.40;28.81;28.21;28.70;2558433;75132288.00
2015/03/30;28.80;29.16;28.65;28.99;2980819;88617504.00
2015/03/31;28.94;29.14;28.10;28.37;2704052;79636528.00
2015/04/01;28.30;28.81;28.20;28.72;2170378;63865024.00
2015/04/02;28.71;29.74;28.71;29.63;3730496;112688016.00
2015/04/03;29.63;32.08;29.20;31.40;5006250;157207072.00
2015/04/07;31.20;31.20;30.70;31.01;3332781;105809336.00
2015/04/08;31.01;31.28;30.33;30.78;2535099;80119376.00
2015/04/09;30.78;31.60;29.23;30.08;3045449;94808392.00
2015/04/10;30.17;33.17;29.50;33.17;5370601;174570384.00
2015/04/13;33.20;35.07;32.16;34.40;6811348;235973312.00
2015/04/14;34.02;34.19;33.14;33.20;3934199;135529088.00
2015/04/15;33.40;33.47;31.70;32.00;2783221;92735008.00
2015/04/16;31.70;33.04;30.75;32.37;2896302;95086424.00
2015/04/17;32.89;32.89;31.56;31.95;2532794;83448376.00
2015/04/20;31.31;31.68;29.76;29.90;3721265;117440880.00
2015/04/21;30.01;30.98;29.89;30.98;2465606;77219112.00
2015/04/22;31.15;31.93;30.88;31.52;2931160;94657624.00
2015/04/23;31.55;32.36;31.30;31.89;3247381;105863896.00
2015/04/24;31.50;31.65;30.82;31.17;2664215;85236736.00
2015/04/27;33.38;33.89;31.20;32.18;5508665;184342176.00
2015/04/28;31.92;32.50;30.50;30.60;3165880;101802152.00
2015/04/29;30.53;31.18;30.50;31.00;1698630;54014852.00
2015/04/30;31.07;31.38;30.54;30.57;2278030;72381792.00
2015/05/04;30.90;31.08;29.88;30.25;1896874;58771116.00
2015/05/05;30.18;30.20;29.25;29.30;1904836;58046092.00
2015/05/06;29.30;29.88;29.21;29.39;1847429;56154740.00
2015/05/07;29.39;29.78;28.98;29.29;1553209;46811712.00
2015/05/08;29.60;30.50;29.60;30.50;2458198;76106392.00
2015/05/11;30.56;31.86;30.56;31.81;3042181;97985760.00
2015/05/12;32.09;32.14;31.41;31.67;2531096;82341184.00
2015/05/13;31.65;33.68;31.37;32.82;6221143;210323184.00
2015/05/14;32.65;32.82;31.70;32.17;3404495;112187400.00
2015/05/15;32.32;32.33;30.87;31.30;2335507;75186600.00
2015/05/18;30.71;31.75;30.71;31.53;2197193;70742392.00
2015/05/19;31.53;32.55;31.30;32.50;2873345;94194880.00
2015/05/20;32.55;34.38;32.53;33.04;4669281;159987280.00
2015/05/21;33.11;34.75;33.05;34.46;4488178;156449488.00
2015/05/22;35.21;35.90;33.42;34.41;4874721;171582368.00
2015/05/25;34.37;35.35;33.73;34.97;3910129;138452384.00
2015/05/26;35.20;36.89;34.68;36.47;4712678;172642784.00
2015/05/27;36.35;36.62;35.25;36.46;3874688;142452144.00
2015/05/28;36.15;38.20;34.76;34.78;5102399;190537504.00
2015/05/29;34.65;36.47;33.06;35.20;3819178;136910128.00
2015/06/01;35.60;38.80;35.60;38.80;4599586;176334912.00
2015/06/02;39.48;42.75;38.81;42.22;6706087;278929984.00
2015/06/03;42.24;42.76;39.80;41.45;4505236;190172880.00
2015/06/04;41.00;45.64;37.23;44.68;6042529;255271472.00
2015/06/05;44.99;46.19;44.21;45.23;7064528;326115328.00
2015/06/08;44.37;44.80;42.15;42.89;4282752;189759472.00
2015/06/09;42.88;45.76;41.80;44.61;5319442;239957920.00
2015/06/10;44.57;46.17;43.51;46.00;3623977;168057040.00
2015/06/11;46.00;50.09;45.70;49.75;4300972;210085344.00
2015/06/12;50.20;50.20;47.80;48.20;3768380;185771616.00
2015/06/15;48.07;48.20;45.20;45.58;3161035;149827600.00
2015/06/16;44.32;45.50;42.40;43.68;2764797;124519984.00
2015/06/17;44.07;44.59;41.30;44.00;3292229;141214176.00
2015/06/18;43.79;48.04;42.77;43.09;5297029;244300704.00
2015/06/19;43.07;44.59;39.54;39.99;3417031;145239456.00
2015/06/23;39.99;41.25;37.49;41.15;3308757;132578760.00
2015/06/24;41.16;42.09;40.25;41.50;2694326;112408456.00
2015/06/25;41.75;43.59;40.41;42.47;5172795;219200464.00
2015/06/26;41.09;41.19;38.18;38.18;4755735;189557440.00
2015/06/29;39.40;39.40;34.32;35.58;5013577;185571968.00
2015/06/30;34.59;38.99;31.98;38.30;4394453;158174160.00
2015/07/01;38.30;40.07;36.84;37.89;3748774;147110592.00
2015/07/02;37.70;39.48;36.04;36.43;4255291;162281600.00
2015/07/03;36.30;37.49;32.75;32.75;3024262;105205704.00
2015/07/06;36.04;36.06;29.43;29.43;4117370;131503080.00
2015/07/07;27.70;27.71;26.45;26.45;968424;26226640.00
2015/07/08;23.76;29.14;23.76;28.59;11415771;302446976.00
2015/07/09;27.11;31.49;27.11;31.49;2476175;76418160.00
2015/07/10;33.71;34.68;32.59;34.68;2966418;103381488.00
2015/07/13;35.37;38.19;34.79;38.19;4934297;183384416.00
2015/07/14;37.56;40.04;35.19;35.89;4828481;182802000.00
2015/07/15;35.29;36.79;32.47;32.49;3329132;116114384.00
2015/07/16;32.49;35.47;30.62;34.75;3158175;108386704.00
2015/07/17;34.81;37.58;34.81;37.13;2149677;79162320.00
2015/07/20;37.29;38.29;36.49;36.92;2437064;91759120.00
2015/07/21;36.13;37.31;35.50;36.77;2240177;82674800.00
2015/07/22;36.29;36.94;35.12;35.70;3022396;109885448.00
2015/07/23;35.70;37.75;35.09;37.44;3804567;140761952.00
2015/07/24;36.98;37.73;35.20;35.49;3956184;147066704.00
2015/07/27;34.59;36.18;31.90;31.90;2977923;103334448.00
2015/07/28;29.05;33.57;29.00;31.99;3225817;101781344.00
2015/07/29;32.40;34.44;30.59;34.39;1988042;65782016.00
2015/07/30;34.08;35.77;33.39;33.43;2443059;85577576.00
2015/07/31;34.89;36.81;34.89;36.81;6452513;236316656.00
2015/08/03;37.19;39.08;34.99;38.01;6986896;263596784.00
2015/08/04;37.09;40.08;35.89;39.76;6650782;258441904.00
2015/08/05;40.28;43.76;38.62;40.79;7405757;302657952.00
2015/08/06;39.57;42.49;38.60;39.29;4523684;185242048.00
2015/08/07;38.79;40.15;38.27;39.69;3896682;154692368.00
2015/08/10;39.79;41.95;39.46;41.24;3729671;153695888.00
2015/08/11;41.24;42.24;39.79;40.24;3437885;143330688.00
2015/08/12;40.24;41.56;39.79;39.99;2292624;93890440.00
2015/08/13;39.69;40.31;38.74;40.30;1894117;76117976.00
2015/08/14;40.35;42.61;40.00;42.29;3836187;160762336.00
2015/08/17;42.59;44.56;41.59;44.21;4496015;197179792.00
2015/08/18;44.26;44.26;39.75;39.75;3602170;153290176.00
2015/08/19;38.24;43.59;35.89;42.74;4634293;185121584.00
2015/08/20;41.59;44.59;41.39;42.59;4871002;212229536.00
2015/08/21;40.59;43.87;38.59;39.34;3674100;152158768.00
2015/08/24;37.09;37.62;35.37;35.37;2656480;96092544.00
2015/08/25;31.79;32.59;31.79;31.79;1657890;53584228.00
2015/08/26;32.09;32.96;28.57;28.59;4030116;123547016.00
2015/08/27;29.59;29.99;26.61;29.32;2902692;84931456.00
2015/08/28;29.48;32.23;29.29;32.23;3246721;100634208.00
2015/08/31;32.18;32.18;29.09;29.24;2637230;81919904.00
2015/09/01;28.48;28.49;26.28;26.28;2643895;72265056.00
2015/09/02;24.89;27.89;24.14;25.44;2857388;76609576.00
2015/09/07;26.58;27.65;26.00;26.77;1923309;52555316.00
2015/09/08;26.89;28.69;26.19;28.61;1777771;49176332.00
2015/09/09;28.61;29.78;28.14;29.13;3442222;101590160.00
2015/09/10;28.60;29.17;27.65;27.71;1773645;50956960.00
2015/09/11;27.70;28.19;26.99;27.53;1589871;44454552.00
2015/09/14;27.79;27.94;24.74;24.75;2166577;57533100.00
2015/09/15;24.60;25.33;22.59;22.79;2185758;53070072.00
2015/09/16;23.07;25.11;23.04;25.11;1938861;47152560.00
2015/09/17;25.38;26.89;24.61;24.99;2576476;67851784.00
2015/09/18;25.34;25.68;24.60;25.31;1536424;39287564.00
2015/09/21;24.99;26.16;24.79;26.09;1602229;41868752.00
2015/09/22;26.10;26.82;25.96;26.29;2277776;61051436.00
2015/09/23;26.07;26.44;25.31;25.41;1474559;38615396.00
2015/09/24;25.79;26.04;25.39;25.75;1058488;27673236.00
2015/09/25;25.60;26.09;24.59;24.84;1204400;30980476.00
2015/09/28;25.07;25.91;24.60;25.80;935337;24222576.00
2015/09/29;25.60;26.73;25.24;26.24;1846645;48883432.00
2015/09/30;26.20;26.28;25.60;25.79;1031368;27182808.00
2015/10/08;27.40;27.54;26.59;26.97;1695789;46576580.00
2015/10/09;27.09;27.83;26.87;27.24;1572539;43719848.00
2015/10/12;27.23;28.57;27.22;28.09;2332923;66580564.00
2015/10/13;28.10;28.89;27.79;28.60;1442656;41586172.00
2015/10/14;28.39;28.67;27.54;27.91;1638115;46675552.00
2015/10/15;27.91;28.78;27.64;28.68;1990743;57513936.00
2015/10/16;28.87;29.04;28.35;28.96;1913672;55758100.00
2015/10/19;28.81;29.09;28.31;28.59;1907368;55403676.00
2015/10/20;28.59;30.23;28.47;29.84;2368942;70853328.00
2015/10/21;29.84;30.50;27.71;28.03;2272689;67467840.00
2015/10/22;28.03;29.18;28.03;29.12;1874655;54618848.00
2015/10/23;29.56;31.58;29.38;30.88;3150481;97108672.00
2015/10/26;31.46;31.46;30.20;30.59;2317151;72000632.00
2015/10/27;30.84;30.84;28.90;30.34;1753309;53080208.00
2015/10/28;30.10;30.79;29.74;29.96;1475696;45386332.00
2015/10/29;29.96;30.33;29.34;30.09;1514401;46059704.00
2015/10/30;29.85;30.19;29.47;29.77;977109;29565302.00
2015/11/02;29.47;29.88;28.59;29.57;914907;27394120.00
2015/11/03;29.54;30.25;28.94;30.19;1491907;45327724.00
2015/11/04;30.29;31.22;30.04;31.21;2403213;75004840.00
2015/11/05;31.58;32.44;30.65;30.85;3363625;106896448.00
2015/11/06;30.61;31.36;30.59;31.04;2294459;72103608.00
2015/11/09;30.69;31.66;30.39;31.55;2815390;88922536.00
2015/11/10;31.67;33.08;31.64;32.27;2671785;87561592.00
2015/11/11;31.89;32.44;31.67;32.10;1948148;63133780.00
2015/11/12;32.12;32.55;31.59;32.25;1949105;63200052.00
2015/11/13;31.87;31.94;30.59;30.99;1651624;52402680.00
2015/11/16;30.68;31.97;30.41;31.92;1477786;47128904.00
2015/11/17;32.15;33.55;31.92;31.97;3982884;131428696.00
2015/11/18;32.24;32.49;31.12;31.20;1438946;46411472.00
2015/11/19;31.17;31.68;30.95;31.68;1277053;40491064.00
2015/11/20;31.98;32.07;31.49;31.67;1513058;48638744.00
2015/11/23;31.67;31.67;30.79;30.86;2072632;65628252.00
2015/11/24;30.87;31.39;30.70;31.23;1082142;33941280.00
2015/11/25;31.20;31.64;31.01;31.64;1635202;51843168.00
2015/11/26;31.89;32.00;31.29;31.35;1437449;46000008.00
2015/11/27;31.09;31.58;29.29;29.64;2304852;71653512.00
2015/11/30;29.74;29.92;28.31;29.38;1480622;43725112.00
2015/12/01;29.39;29.95;29.20;29.76;1018432;30634432.00
2015/12/02;29.86;29.97;29.29;29.80;720041;21661850.00
2015/12/03;29.84;30.95;29.84;30.57;928331;28685112.00
2015/12/04;30.40;30.59;30.00;30.47;938668;28827908.00
2015/12/07;30.38;33.56;30.25;33.56;6621196;221918080.00
2015/12/08;34.59;36.56;33.78;34.39;10240404;362669120.00
2015/12/09;34.56;36.38;33.23;35.39;5753938;200050928.00
2015/12/10;34.59;38.97;34.41;38.97;8583759;325619136.00
2015/12/11;39.36;40.39;37.59;38.05;5713136;223765328.00
2015/12/14;37.24;38.59;37.05;38.45;3034729;116861072.00
2015/12/15;38.47;39.53;37.93;39.41;3018996;119053832.00
2015/12/16;39.47;42.89;38.99;41.37;4077443;167909680.00
2015/12/17;41.09;42.06;40.59;41.57;2541264;106196752.00
2015/12/18;40.60;45.77;40.60;45.77;5064560;227053808.00
2015/12/21;50.39;50.39;45.80;50.39;8485884;429596992.00
2015/12/22;50.90;55.47;49.09;52.16;7021510;363044352.00
2015/12/23;50.59;51.09;46.90;46.90;17174051;824363264.00
2015/12/24;44.59;45.57;44.10;44.92;7767437;350450176.00
2015/12/25;44.89;44.89;43.14;43.60;5786379;256262496.00
2015/12/28;43.59;44.01;42.05;42.15;5948364;257088144.00
2015/12/29;42.39;42.96;41.80;42.58;3726596;159357168.00
2015/12/30;42.60;42.88;41.31;42.19;4774967;202406944.00
2015/12/31;42.44;42.79;41.17;41.17;3980809;169192624.00
2016/01/04;41.19;41.54;37.01;37.01;4444017;173886512.00
2016/01/12;33.27;33.27;33.27;33.27;288100;9703208.00
2016/01/13;30.70;31.96;29.90;29.90;5645311;176008528.00
2016/01/14;28.71;30.80;27.77;30.29;5573726;164790224.00
2016/01/15;30.20;30.77;27.57;27.57;3942973;116754496.00
2016/01/18;27.14;29.09;26.60;28.53;3268132;93710840.00
2016/01/19;28.96;30.37;28.59;29.97;4314752;129658544.00
2016/01/20;29.95;30.58;29.20;30.24;4495074;136703952.00
2016/01/21;29.62;30.49;28.11;28.35;3486933;104710024.00
2016/01/22;28.62;29.09;27.65;28.61;2398438;69081704.00
2016/01/25;28.82;29.42;28.51;28.82;2168214;63697556.00
2016/01/26;28.48;28.57;25.90;25.90;2999330;82925656.00
2016/01/27;25.88;26.29;24.12;25.89;3288840;84126536.00
2016/01/28;25.60;26.02;25.23;25.47;2409780;62733028.00
2016/01/29;25.52;27.10;25.39;26.58;2710831;72592992.00
2016/02/01;26.59;27.57;26.09;26.75;2604270;71061344.00
2016/02/02;26.76;27.92;26.53;27.77;2962833;82825552.00
2016/02/03;27.39;27.77;26.62;27.56;2038846;56180096.00
2016/02/04;27.34;28.18;27.34;27.95;2612827;73931064.00
2016/02/05;27.72;28.58;27.72;27.90;3155977;90218584.00
2016/02/15;27.14;27.84;26.57;27.47;1894909;52314856.00
2016/02/16;27.96;28.96;27.59;28.95;3067998;88681072.00
2016/02/17;28.74;29.48;28.64;29.34;3117896;92037136.00
2016/02/18;29.54;29.71;28.69;28.75;2875469;84592344.00
2016/02/19;28.47;29.39;28.39;29.01;2492748;73142376.00
2016/02/22;29.54;29.79;29.01;29.43;3418810;101602304.00
2016/02/23;29.42;31.52;29.29;31.02;6737681;208498480.00
2016/02/24;30.54;34.16;30.52;34.16;9125344;298650560.00
2016/02/25;34.44;34.44;30.70;30.70;7665887;250169520.00
2016/02/26;30.55;31.09;28.79;29.71;3913981;118934952.00
2016/02/29;29.59;29.60;26.70;26.70;3326671;91823112.00
2016/03/01;26.74;27.29;25.40;26.82;2884019;77490440.00
2016/03/02;26.79;28.75;26.62;28.46;3550750;100476384.00
2016/03/03;28.44;29.20;27.99;28.05;3608306;104428352.00
2016/03/04;27.96;28.09;25.72;26.11;3013908;82499288.00
2016/03/07;26.39;27.44;26.39;26.94;2453671;67197616.00
2016/03/08;27.12;29.68;27.08;29.68;5577788;159898640.00
2016/03/09;29.59;31.69;28.60;29.91;8350570;258460800.00
2016/03/10;29.19;29.95;28.25;28.25;4371050;128334944.00
2016/03/11;28.09;28.09;26.65;27.05;3517910;96933176.00
2016/03/14;27.55;29.29;27.49;28.65;3993463;115427704.00
2016/03/15;28.59;28.97;28.09;28.29;2520198;72849680.00
2016/03/16;28.44;28.88;27.44;27.59;2520162;71814048.00
2016/03/17;27.69;29.04;27.69;28.95;3787805;110035200.00
2016/03/18;29.10;30.34;28.97;30.18;4707498;141725760.00
2016/03/21;30.60;31.59;30.29;30.94;5626432;175651088.00
2016/03/22;30.80;30.80;30.11;30.36;3325965;102494064.00
2016/03/23;30.30;30.68;30.03;30.60;2728729;84119264.00
2016/03/24;30.58;30.58;29.31;29.39;3742240;113251248.00
2016/03/25;29.35;30.18;29.10;30.18;2837116;86097120.00
2016/03/28;30.35;30.94;29.61;29.94;3500214;108142176.00
2016/03/29;29.97;30.16;29.01;29.31;1963980;58666284.00
2016/03/30;29.57;30.54;29.51;30.51;2671563;81324800.00
2016/03/31;30.62;33.60;30.49;33.60;8135524;268049808.00
2016/04/01;33.29;36.97;33.29;35.95;11118377;396453152.00
2016/04/05;35.95;39.59;35.29;39.59;8403756;320246080.00
2016/04/06;39.48;42.59;39.19;40.09;9884187;407760032.00
2016/04/07;39.70;42.25;38.67;41.09;7152529;291183232.00
2016/04/08;40.46;41.51;39.31;41.14;6249734;256155008.00
2016/04/11;41.23;45.30;38.39;39.49;14826246;608168320.00
2016/04/12;38.47;39.62;37.36;37.98;8344894;321605952.00
2016/04/13;37.77;38.94;37.77;37.99;5789501;224551520.00
2016/04/14;38.64;38.64;36.97;37.94;3944832;150778448.00
2016/04/15;38.39;38.54;37.83;38.38;3984253;153787520.00
2016/04/18;37.62;38.94;37.39;38.30;2901092;112289536.00
2016/04/19;38.30;38.63;37.68;37.99;2323560;89292408.00
2016/04/20;37.97;38.07;34.15;36.16;3722530;137565072.00
2016/04/21;36.06;37.24;34.69;36.79;3557540;128532576.00
2016/04/22;36.55;36.94;35.77;36.59;2289772;84328528.00
2016/04/25;36.58;37.33;35.03;37.21;2543880;93007272.00
2016/04/26;37.10;37.35;36.17;36.68;2317229;85872568.00
2016/04/27;36.68;36.84;35.71;35.79;1745832;64209048.00
2016/04/28;36.19;36.40;34.62;35.84;2149239;76995872.00
2016/04/29;35.49;36.09;35.44;36.09;1478466;53473432.00
2016/05/03;36.20;39.57;35.89;39.57;4774849;183607888.00
2016/05/04;39.60;39.87;38.50;39.07;4438577;175802832.00
2016/05/05;38.89;39.54;38.37;39.04;2882576;113606616.00
2016/05/06;39.05;39.36;35.12;35.59;3725004;140568640.00
2016/05/09;35.37;35.37;33.71;34.09;2684050;93174448.00
2016/05/10;34.27;34.57;32.88;33.19;2443303;83567744.00
2016/05/11;33.54;34.27;29.83;33.99;4983253;166948640.00
2016/05/12;33.19;34.87;31.59;34.56;3786959;130630232.00
2016/05/13;34.30;35.03;33.24;33.57;2744381;94904464.00
2016/05/16;33.09;33.87;32.90;33.87;2063914;69874272.00
2016/05/17;33.95;35.22;33.94;34.37;3191793;111467136.00
2016/05/18;33.59;33.89;31.99;32.87;2790277;92604344.00
2016/05/19;32.77;33.39;32.39;32.50;1997136;66567720.00
2016/05/20;32.47;33.09;31.77;32.74;1912260;62763892.00
2016/05/23;32.79;33.27;32.59;32.96;1907859;63621720.00
2016/05/24;32.67;33.24;32.59;32.89;1784313;59453260.00
2016/05/25;33.29;33.35;32.30;32.30;1808900;60039096.00
2016/05/26;32.39;32.39;30.59;31.78;2126864;67508944.00
2016/05/27;31.69;31.86;31.29;31.50;1164952;37309256.00
2016/05/30;31.15;31.59;30.80;31.26;945083;29937420.00
2016/05/31;31.29;33.08;30.99;32.84;2445194;80677848.00
2016/06/01;32.87;36.17;32.87;36.17;5046375;181825872.00
2016/06/02;36.57;37.79;36.19;37.39;6224558;234066016.00
2016/06/03;37.49;37.56;36.42;36.57;4019400;149629296.00
2016/06/06;36.87;37.07;35.89;36.54;2887335;106555648.00
2016/06/07;36.54;36.79;35.90;36.12;2366319;86568816.00
2016/06/08;36.13;36.77;35.99;36.18;2379940;87648472.00
2016/06/13;35.47;35.97;32.87;32.89;2862788;100580224.00
2016/06/14;32.84;33.19;32.59;33.03;1688472;56245276.00
2016/06/15;32.59;34.95;32.59;34.80;2487923;86117336.00
2016/06/16;35.08;35.08;34.28;34.39;2058920;72079328.00
2016/06/17;34.57;35.74;34.39;34.87;2200378;78268440.00
2016/06/20;34.79;35.64;33.99;35.56;2390908;84214944.00
2016/06/21;35.71;36.14;34.31;34.44;2701941;96571536.00
2016/06/22;34.37;35.80;34.04;35.79;2557143;91187952.00
2016/06/23;35.79;37.10;35.70;36.00;3609635;132770248.00
2016/06/24;35.79;36.16;33.91;35.16;3241517;115623096.00
2016/06/27;34.60;36.36;34.60;36.24;2350010;85171048.00
2016/06/28;35.86;38.59;35.74;38.52;5343532;202426096.00
2016/06/29;38.14;38.46;37.36;37.52;3171039;120821984.00
2016/06/30;37.80;37.95;37.10;37.47;2125194;80544520.00
2016/07/01;37.32;37.79;36.89;36.99;1846531;69576400.00
2016/07/04;36.89;38.46;36.70;38.14;3106657;119101040.00
2016/07/05;38.39;38.39;37.45;37.62;2273747;86594312.00
2016/07/06;37.59;38.78;37.45;38.64;3463194;134099984.00
2016/07/07;38.61;39.56;37.97;38.05;4002086;156904240.00
2016/07/08;37.80;38.34;37.47;37.47;2488030;94999840.00
2016/07/11;37.66;38.49;36.70;37.49;2736854;105060992.00
2016/07/12;37.38;38.77;37.31;38.76;3639647;140811488.00
2016/07/13;38.98;39.27;38.37;38.80;3287407;129022672.00
2016/07/14;38.73;39.05;38.39;38.79;1863130;72776424.00
2016/07/15;38.95;38.95;38.00;38.24;1867991;71633696.00
2016/07/18;37.99;38.24;37.40;37.63;1487803;56051400.00
2016/07/19;37.63;37.98;37.22;37.96;1236595;46406800.00
2016/07/20;37.98;38.26;37.80;38.00;1339924;50981072.00
2016/07/21;37.99;38.50;37.80;37.81;1512034;57688940.00
2016/07/22;37.81;38.00;36.84;36.88;1834712;68345848.00
2016/07/25;36.61;37.24;36.45;37.18;1394094;51317152.00
2016/07/26;37.17;37.75;36.92;37.62;1364725;51098012.00
2016/07/27;37.65;37.76;35.12;35.59;2452886;89356176.00
2016/07/28;35.31;35.96;34.80;35.64;1523140;53961088.00
2016/07/29;35.60;36.35;35.35;35.83;1278190;45999272.00
2016/08/01;35.46;35.46;34.50;35.24;1233938;43164060.00
2016/08/02;35.18;35.45;35.01;35.28;868459;30555384.00
2016/08/03;35.10;35.90;35.05;35.69;969856;34427332.00
2016/08/04;35.60;35.85;35.30;35.76;954069;33993688.00
2016/08/05;35.76;35.94;35.34;35.35;1206660;42892680.00
2016/08/08;35.02;35.76;34.88;35.70;895864;31849714.00
2016/08/09;35.50;36.75;35.48;36.64;1652964;59840440.00
2016/08/10;36.68;36.82;36.01;36.05;1291077;47046200.00
2016/08/11;36.07;36.24;35.57;35.60;922918;33167260.00
2016/08/12;35.66;35.88;35.51;35.78;821284;29323868.00
2016/08/15;35.78;36.77;35.35;36.47;1681163;60833248.00
2016/08/16;36.47;39.00;36.40;38.25;3530111;133490624.00
2016/08/17;38.01;38.66;37.65;37.76;2364225;90032944.00
2016/08/18;37.68;38.50;37.45;37.89;2040564;77686112.00
2016/08/19;38.10;38.10;37.25;37.30;2157308;80776320.00
2016/08/22;37.35;37.62;36.15;36.25;3012500;110445056.00
2016/08/23;36.03;37.65;36.03;37.04;2063018;76324376.00
2016/08/24;37.04;37.21;36.50;36.65;1500207;55119768.00
2016/08/25;36.52;37.88;36.30;37.79;2610299;97157672.00
2016/08/26;37.76;39.60;37.48;37.90;4515837;173486400.00
2016/08/29;37.51;39.00;37.51;38.65;3209991;123215856.00
2016/08/30;38.50;38.97;38.15;38.22;1926717;74029032.00
2016/08/31;38.25;38.42;37.60;37.92;1497084;56761644.00
2016/09/01;37.71;38.68;37.71;38.04;2020660;77374416.00
2016/09/02;38.02;38.02;37.20;37.46;1730051;65052760.00
2016/09/05;37.52;38.00;37.31;37.43;1161727;43702232.00
2016/09/06;37.30;37.67;36.73;37.63;1714702;63725040.00
2016/09/07;37.79;37.96;37.42;37.83;1517134;57179096.00
2016/09/08;37.90;38.39;37.61;38.08;1679187;63951696.00
2016/09/09;38.10;38.60;37.31;37.40;1838484;69950936.00
2016/09/12;36.65;36.71;35.33;35.33;2862849;102787136.00
2016/09/13;35.30;35.70;35.30;35.60;1063644;37776672.00
2016/09/14;35.45;35.50;34.70;34.99;1085232;38072668.00
2016/09/19;35.20;35.64;35.12;35.58;922826;32677196.00
2016/09/20;35.43;35.79;35.36;35.55;745915;26548524.00
2016/09/21;35.55;35.78;35.42;35.60;510492;18167316.00
2016/09/22;35.71;36.05;35.60;35.62;849307;30404660.00
2016/09/23;35.65;35.69;35.21;35.31;798792;28286648.00
2016/09/26;35.45;35.45;34.50;34.50;1008289;35192248.00
2016/09/27;34.41;34.78;34.17;34.78;685400;23705022.00
2016/09/28;35.07;35.07;34.66;34.66;596300;20750704.00
2016/09/29;34.65;34.90;34.55;34.85;669243;23266118.00
2016/09/30;34.85;34.98;34.74;34.91;579546;20209442.00
2016/10/10;35.10;35.89;35.10;35.75;1022294;36363012.00
2016/10/11;35.77;35.90;35.50;35.78;753487;26901616.00
2016/10/12;35.60;35.81;35.46;35.54;694195;24695858.00
2016/10/13;35.54;35.75;35.50;35.63;762205;27159782.00
2016/10/14;35.62;35.62;35.04;35.36;847956;29936500.00
2016/10/17;35.49;35.75;35.20;35.40;833690;29617910.00
2016/10/18;35.39;35.81;35.23;35.72;1313863;46630304.00
2016/10/19;35.72;36.87;35.58;36.62;2296991;83298936.00
2016/10/20;36.60;36.64;35.95;36.23;1343699;48702456.00
2016/10/21;36.24;36.51;36.03;36.48;1454577;52826364.00
2016/10/24;36.48;37.45;36.30;37.05;2383247;88238784.00
2016/10/25;36.98;37.14;36.43;36.62;1404656;51618620.00
2016/10/26;36.50;36.59;35.97;36.10;1312298;47450244.00
2016/10/27;36.16;36.50;35.92;36.35;1033082;37457372.00
2016/10/28;36.50;37.29;35.80;37.10;2469691;90579800.00
2016/10/31;36.91;38.00;36.70;37.48;3169911;118874496.00
2016/11/01;37.49;37.74;37.18;37.58;1997774;74742616.00
2016/11/02;37.28;38.22;37.28;37.69;2325173;87629912.00
2016/11/03;37.51;37.76;37.27;37.38;1867133;70027816.00
2016/11/04;37.53;37.78;37.06;37.10;1442686;53956980.00
2016/11/07;36.97;37.96;36.97;37.50;1496448;56184320.00
2016/11/08;37.60;41.25;37.51;41.25;9083602;361982304.00
2016/11/09;41.99;43.64;40.15;40.76;13875815;586261952.00
2016/11/10;40.19;43.50;40.19;42.61;9716043;405924064.00
2016/11/11;42.25;44.79;41.74;42.59;8408139;363590592.00
2016/11/14;42.70;43.31;41.86;42.22;4048018;171278416.00
2016/11/15;42.13;46.44;42.13;46.44;14153091;642032960.00
2016/11/16;46.25;48.30;45.21;45.86;12563591;590322560.00
2016/11/17;45.21;47.00;44.63;46.91;3550100;163029232.00
数据来源:通达信
